1,0,1712,120,388,768,1,-1,-1,-1
1,1,324,508,800,804,1,-1,-1,-1
1,2,1328,176,520,980,1,-1,-1,-1
1,3,900,120,416,860,1,-1,-1,-1
1,4,1204,104,244,500,1,-1,-1,-1
2,0,1711,121,388,768,1,-1,-1,-1
2,1,329,517,800,804,1,-1,-1,-1
2,2,1327,177,520,980,1,-1,-1,-1
2,3,900,120,416,860,1,-1,-1,-1
2,4,1203,102,244,500,1,-1,-1,-1
3,0,1710,116,388,768,1,-1,-1,-1
3,1,344,529,800,804,1,-1,-1,-1
3,2,1324,173,520,980,1,-1,-1,-1
3,3,900,122,416,860,1,-1,-1,-1
3,4,1201,99,244,500,1,-1,-1,-1
4,0,1708,114,388,768,1,-1,-1,-1
4,1,370,555,800,804,1,-1,-1,-1
4,2,1322,173,520,980,1,-1,-1,-1
4,3,908,122,416,860,1,-1,-1,-1
4,4,1199,98,244,500,1,-1,-1,-1
5,0,1707,115,388,768,1,-1,-1,-1
5,1,386,571,800,804,1,-1,-1,-1
5,2,1323,173,520,980,1,-1,-1,-1
5,3,909,129,416,860,1,-1,-1,-1
5,4,1197,98,244,500,1,-1,-1,-1
6,0,1706,117,388,768,1,-1,-1,-1
6,1,407,589,800,804,1,-1,-1,-1
6,2,1322,174,520,980,1,-1,-1,-1
6,3,905,124,416,860,1,-1,-1,-1
6,4,1195,96,244,500,1,-1,-1,-1
7,0,1702,120,388,768,1,-1,-1,-1
7,1,487,621,762,766,1,-1,-1,-1
7,2,1318,175,520,980,1,-1,-1,-1
7,3,894,108,437,903,1,-1,-1,-1
7,4,1189,93,244,500,1,-1,-1,-1
8,0,1700,119,388,768,1,-1,-1,-1
8,1,567,629,762,766,1,-1,-1,-1
8,2,1315,175,520,980,1,-1,-1,-1
8,3,876,90,459,948,1,-1,-1,-1
8,4,1189,89,244,500,1,-1,-1,-1
9,0,1700,116,384,772,1,-1,-1,-1
9,1,516,568,1048,800,1,-1,-1,-1
9,2,1324,192,512,972,1,-1,-1,-1
9,4,1200,60,280,548,1,-1,-1,-1
9,5,692,132,532,516,1,-1,-1,-1
10,0,1696,119,384,772,1,-1,-1,-1
10,1,525,579,1048,800,1,-1,-1,-1
10,2,1332,215,488,926,1,-1,-1,-1
10,4,1196,63,280,548,1,-1,-1,-1
10,5,675,123,559,542,1,-1,-1,-1
11,0,1679,104,403,811,1,-1,-1,-1
11,1,523,588,1048,800,1,-1,-1,-1
11,2,1325,219,488,926,1,-1,-1,-1
11,4,1192,68,280,548,1,-1,-1,-1
11,5,669,128,559,542,1,-1,-1,-1
12,0,1674,102,403,811,1,-1,-1,-1
12,1,527,595,1048,800,1,-1,-1,-1
12,2,1320,224,488,926,1,-1,-1,-1
12,4,1189,70,280,548,1,-1,-1,-1
12,5,665,133,559,542,1,-1,-1,-1
13,0,1668,97,403,811,1,-1,-1,-1
13,1,535,596,1048,800,1,-1,-1,-1
13,2,1309,204,512,972,1,-1,-1,-1
13,4,1187,71,280,548,1,-1,-1,-1
13,5,662,136,559,542,1,-1,-1,-1
14,0,1675,116,384,772,1,-1,-1,-1
14,1,546,601,1048,800,1,-1,-1,-1
14,2,1308,205,512,972,1,-1,-1,-1
14,4,1183,70,280,548,1,-1,-1,-1
14,5,659,139,559,542,1,-1,-1,-1
15,0,1672,118,384,772,1,-1,-1,-1
15,1,553,607,1048,800,1,-1,-1,-1
15,2,1310,202,512,972,1,-1,-1,-1
15,4,1180,71,280,548,1,-1,-1,-1
15,5,656,141,559,542,1,-1,-1,-1
16,0,1670,123,384,772,1,-1,-1,-1
16,1,570,620,1048,800,1,-1,-1,-1
16,2,1308,198,512,972,1,-1,-1,-1
16,4,1174,69,280,548,1,-1,-1,-1
16,5,649,140,559,542,1,-1,-1,-1
17,0,1704,128,336,756,1,-1,-1,-1
17,1,596,600,1176,816,1,-1,-1,-1
17,2,1284,204,504,956,1,-1,-1,-1
17,4,1168,64,284,552,1,-1,-1,-1
17,5,672,140,520,624,1,-1,-1,-1
17,6,100,268,164,116,1,-1,-1,-1
18,0,1701,127,336,756,1,-1,-1,-1
18,1,629,620,1120,777,1,-1,-1,-1
18,2,1290,196,504,956,1,-1,-1,-1
18,4,1165,60,284,552,1,-1,-1,-1
18,5,666,141,520,624,1,-1,-1,-1
18,6,100,265,164,116,1,-1,-1,-1
19,0,1698,127,336,756,1,-1,-1,-1
19,1,635,622,1120,777,1,-1,-1,-1
19,2,1294,191,504,956,1,-1,-1,-1
19,4,1162,57,284,552,1,-1,-1,-1
19,5,660,144,520,624,1,-1,-1,-1
19,6,100,261,164,116,1,-1,-1,-1
20,0,1690,124,336,756,1,-1,-1,-1
20,1,607,612,1176,816,1,-1,-1,-1
20,2,1294,190,504,956,1,-1,-1,-1
20,4,1157,56,284,552,1,-1,-1,-1
20,5,657,145,520,624,1,-1,-1,-1
20,6,101,260,164,116,1,-1,-1,-1
21,0,1684,124,336,756,1,-1,-1,-1
21,1,604,619,1176,816,1,-1,-1,-1
21,2,1302,214,480,910,1,-1,-1,-1
21,4,1153,56,284,552,1,-1,-1,-1
21,5,651,143,520,624,1,-1,-1,-1
21,6,107,257,164,116,1,-1,-1,-1
22,0,1677,126,336,756,1,-1,-1,-1
22,1,601,625,1176,815,1,-1,-1,-1
22,2,1295,218,480,910,1,-1,-1,-1
22,4,1150,60,284,552,1,-1,-1,-1
22,5,645,146,520,624,1,-1,-1,-1
22,6,111,259,164,116,1,-1,-1,-1
23,0,1671,136,336,756,1,-1,-1,-1
23,1,584,631,1176,809,1,-1,-1,-1
23,2,1281,222,480,910,1,-1,-1,-1
23,4,1143,67,284,552,1,-1,-1,-1
23,5,635,150,520,624,1,-1,-1,-1
23,6,115,263,164,116,1,-1,-1,-1
24,0,1661,135,336,756,1,-1,-1,-1
24,1,574,639,1176,801,1,-1,-1,-1
24,2,1269,228,480,910,1,-1,-1,-1
24,4,1133,72,284,552,1,-1,-1,-1
24,5,621,155,520,624,1,-1,-1,-1
24,6,113,268,164,116,1,-1,-1,-1
25,0,1624,148,336,748,1,-1,-1,-1
25,1,536,572,1188,852,1,-1,-1,-1
25,4,1112,84,264,532,1,-1,-1,-1
25,5,640,156,492,704,1,-1,-1,-1
25,6,104,276,152,108,1,-1,-1,-1
26,0,1624,148,336,748,1,-1,-1,-1
26,1,536,572,1188,852,1,-1,-1,-1
26,4,1112,84,264,532,1,-1,-1,-1
26,5,640,156,492,704,1,-1,-1,-1
26,6,104,276,152,108,1,-1,-1,-1
27,0,1615,152,336,748,1,-1,-1,-1
27,1,525,579,1188,852,1,-1,-1,-1
27,4,1105,90,264,532,1,-1,-1,-1
27,5,627,164,492,704,1,-1,-1,-1
27,6,89,278,152,108,1,-1,-1,-1
28,0,1603,180,336,748,1,-1,-1,-1
28,1,505,602,1188,838,1,-1,-1,-1
28,4,1095,105,264,532,1,-1,-1,-1
28,5,609,181,492,704,1,-1,-1,-1
28,6,74,286,152,108,1,-1,-1,-1
29,0,1598,179,336,748,1,-1,-1,-1
29,1,499,610,1188,830,1,-1,-1,-1
29,4,1091,109,264,532,1,-1,-1,-1
29,5,606,184,492,704,1,-1,-1,-1
29,6,74,286,152,108,1,-1,-1,-1
30,0,1598,188,336,748,1,-1,-1,-1
30,1,489,622,1188,818,1,-1,-1,-1
30,4,1090,116,264,532,1,-1,-1,-1
30,5,604,193,492,704,1,-1,-1,-1
30,6,79,287,152,108,1,-1,-1,-1
31,0,1598,198,336,748,1,-1,-1,-1
31,1,489,632,1188,808,1,-1,-1,-1
31,4,1093,123,264,532,1,-1,-1,-1
31,5,609,198,492,704,1,-1,-1,-1
31,6,94,288,152,108,1,-1,-1,-1
32,0,1602,199,336,748,1,-1,-1,-1
32,1,494,631,1188,809,1,-1,-1,-1
32,4,1097,124,264,532,1,-1,-1,-1
32,5,616,198,492,704,1,-1,-1,-1
32,6,103,288,152,108,1,-1,-1,-1
33,0,1624,156,384,772,1,-1,-1,-1
33,1,532,632,1176,792,1,-1,-1,-1
33,5,648,188,488,688,1,-1,-1,-1
33,6,128,280,152,112,1,-1,-1,-1
33,7,1148,260,572,668,1,-1,-1,-1
34,0,1624,156,384,772,1,-1,-1,-1
34,1,532,632,1176,792,1,-1,-1,-1
34,5,648,188,488,688,1,-1,-1,-1
34,6,128,280,152,112,1,-1,-1,-1
34,7,1148,260,572,668,1,-1,-1,-1
35,0,1628,151,384,772,1,-1,-1,-1
35,1,540,620,1176,792,1,-1,-1,-1
35,5,658,178,488,688,1,-1,-1,-1
35,6,143,276,152,112,1,-1,-1,-1
35,7,1159,244,572,668,1,-1,-1,-1
36,0,1643,133,384,772,1,-1,-1,-1
36,1,551,600,1176,792,1,-1,-1,-1
36,5,668,166,488,688,1,-1,-1,-1
36,6,159,265,152,112,1,-1,-1,-1
36,7,1173,223,572,668,1,-1,-1,-1
37,0,1656,131,384,772,1,-1,-1,-1
37,1,563,577,1176,792,1,-1,-1,-1
37,5,682,154,488,688,1,-1,-1,-1
37,6,178,256,152,112,1,-1,-1,-1
37,7,1189,209,572,668,1,-1,-1,-1
38,0,1669,129,384,772,1,-1,-1,-1
38,1,576,557,1176,792,1,-1,-1,-1
38,5,692,145,488,688,1,-1,-1,-1
38,6,195,247,152,112,1,-1,-1,-1
38,7,1201,196,572,668,1,-1,-1,-1
39,0,1681,128,384,772,1,-1,-1,-1
39,1,585,551,1176,792,1,-1,-1,-1
39,5,700,140,488,688,1,-1,-1,-1
39,6,214,249,145,107,1,-1,-1,-1
39,7,1208,187,572,668,1,-1,-1,-1
40,0,1694,127,384,772,1,-1,-1,-1
40,1,599,549,1176,792,1,-1,-1,-1
40,5,706,137,488,688,1,-1,-1,-1
40,6,229,244,145,107,1,-1,-1,-1
40,7,1228,192,545,636,1,-1,-1,-1
41,0,1708,132,404,796,1,-1,-1,-1
41,1,692,472,1108,948,1,-1,-1,-1
41,5,732,140,448,724,1,-1,-1,-1
41,7,1228,216,568,948,1,-1,-1,-1
42,0,1712,128,404,796,1,-1,-1,-1
42,1,693,473,1108,948,1,-1,-1,-1
42,5,732,140,448,724,1,-1,-1,-1
42,7,1229,214,568,948,1,-1,-1,-1
43,0,1719,126,404,796,1,-1,-1,-1
43,1,697,468,1108,948,1,-1,-1,-1
43,5,731,138,448,724,1,-1,-1,-1
43,7,1232,211,568,948,1,-1,-1,-1
44,0,1721,128,404,796,1,-1,-1,-1
44,1,700,467,1108,948,1,-1,-1,-1
44,5,730,135,448,724,1,-1,-1,-1
44,7,1236,208,568,948,1,-1,-1,-1
45,0,1722,126,404,796,1,-1,-1,-1
45,1,699,461,1108,948,1,-1,-1,-1
45,5,732,132,448,724,1,-1,-1,-1
45,7,1236,208,568,948,1,-1,-1,-1
46,0,1725,126,404,796,1,-1,-1,-1
46,1,700,463,1108,948,1,-1,-1,-1
46,5,737,127,448,724,1,-1,-1,-1
46,7,1238,209,568,948,1,-1,-1,-1
47,0,1723,129,404,796,1,-1,-1,-1
47,1,698,465,1108,948,1,-1,-1,-1
47,5,743,125,448,724,1,-1,-1,-1
47,7,1238,210,568,948,1,-1,-1,-1
48,0,1722,127,404,796,1,-1,-1,-1
48,1,695,467,1108,948,1,-1,-1,-1
48,5,744,125,448,724,1,-1,-1,-1
48,7,1239,211,568,948,1,-1,-1,-1
49,0,1712,124,432,804,1,-1,-1,-1
49,1,684,432,1132,988,1,-1,-1,-1
49,5,744,132,468,688,1,-1,-1,-1
49,8,252,216,136,112,1,-1,-1,-1
50,0,1711,124,432,804,1,-1,-1,-1
50,1,685,431,1132,988,1,-1,-1,-1
50,5,748,130,468,688,1,-1,-1,-1
50,8,250,216,136,112,1,-1,-1,-1
51,0,1708,124,432,804,1,-1,-1,-1
51,1,685,431,1132,988,1,-1,-1,-1
51,5,753,126,468,688,1,-1,-1,-1
51,8,249,216,136,112,1,-1,-1,-1
52,0,1707,125,432,804,1,-1,-1,-1
52,1,682,427,1132,988,1,-1,-1,-1
52,5,756,125,468,688,1,-1,-1,-1
52,8,250,216,136,112,1,-1,-1,-1
53,0,1708,125,432,804,1,-1,-1,-1
53,1,685,423,1132,988,1,-1,-1,-1
53,5,763,126,468,688,1,-1,-1,-1
53,8,253,216,136,112,1,-1,-1,-1
54,0,1710,124,432,804,1,-1,-1,-1
54,1,686,426,1132,988,1,-1,-1,-1
54,5,765,126,468,688,1,-1,-1,-1
54,8,256,216,136,112,1,-1,-1,-1
55,0,1711,123,432,804,1,-1,-1,-1
55,1,691,420,1132,988,1,-1,-1,-1
55,5,766,125,468,688,1,-1,-1,-1
55,8,262,216,136,112,1,-1,-1,-1
56,0,1712,123,432,804,1,-1,-1,-1
56,1,694,417,1132,988,1,-1,-1,-1
56,5,767,124,468,688,1,-1,-1,-1
56,8,265,215,136,112,1,-1,-1,-1
57,0,1712,116,448,808,1,-1,-1,-1
57,1,704,456,1108,968,1,-1,-1,-1
57,5,748,140,464,676,1,-1,-1,-1
57,8,264,216,136,112,1,-1,-1,-1
57,9,1244,132,556,1036,1,-1,-1,-1
58,0,1710,114,448,808,1,-1,-1,-1
58,1,702,459,1108,968,1,-1,-1,-1
58,5,748,140,464,676,1,-1,-1,-1
58,8,262,217,136,112,1,-1,-1,-1
58,9,1241,137,556,1036,1,-1,-1,-1
59,0,1710,112,448,808,1,-1,-1,-1
59,1,701,459,1108,968,1,-1,-1,-1
59,5,747,139,464,676,1,-1,-1,-1
59,8,259,217,136,112,1,-1,-1,-1
59,9,1241,138,556,1036,1,-1,-1,-1
60,0,1709,113,448,808,1,-1,-1,-1
60,1,700,463,1108,968,1,-1,-1,-1
60,5,749,138,464,676,1,-1,-1,-1
60,8,260,216,136,112,1,-1,-1,-1
60,9,1239,139,556,1036,1,-1,-1,-1
61,0,1709,115,448,808,1,-1,-1,-1
61,1,699,465,1108,968,1,-1,-1,-1
61,5,750,141,464,676,1,-1,-1,-1
61,8,259,217,136,112,1,-1,-1,-1
61,9,1236,146,556,1036,1,-1,-1,-1
62,0,1710,117,448,808,1,-1,-1,-1
62,1,700,466,1108,968,1,-1,-1,-1
62,5,748,140,464,676,1,-1,-1,-1
62,8,260,216,136,112,1,-1,-1,-1
62,9,1237,145,556,1036,1,-1,-1,-1
63,0,1708,116,448,808,1,-1,-1,-1
63,1,699,464,1108,968,1,-1,-1,-1
63,5,749,137,464,676,1,-1,-1,-1
63,8,264,213,136,112,1,-1,-1,-1
63,9,1241,142,556,1036,1,-1,-1,-1
64,0,1709,119,448,808,1,-1,-1,-1
64,1,701,461,1108,968,1,-1,-1,-1
64,5,752,138,464,676,1,-1,-1,-1
64,8,266,213,136,112,1,-1,-1,-1
64,9,1237,142,556,1036,1,-1,-1,-1
65,0,1692,124,472,804,1,-1,-1,-1
65,1,692,436,1104,988,1,-1,-1,-1
65,5,752,132,440,640,1,-1,-1,-1
66,0,1692,121,472,804,1,-1,-1,-1
66,1,691,428,1104,988,1,-1,-1,-1
66,5,752,128,440,640,1,-1,-1,-1
67,0,1691,117,472,804,1,-1,-1,-1
67,1,687,421,1104,988,1,-1,-1,-1
67,5,749,122,440,640,1,-1,-1,-1
68,0,1691,114,472,804,1,-1,-1,-1
68,1,678,417,1104,988,1,-1,-1,-1
68,5,746,119,440,640,1,-1,-1,-1
69,0,1687,117,472,804,1,-1,-1,-1
69,1,668,417,1104,988,1,-1,-1,-1
69,5,744,120,440,640,1,-1,-1,-1
70,0,1681,116,472,804,1,-1,-1,-1
70,1,660,417,1104,988,1,-1,-1,-1
70,5,738,121,440,640,1,-1,-1,-1
71,0,1674,113,472,804,1,-1,-1,-1
71,1,654,411,1104,988,1,-1,-1,-1
71,5,733,120,440,640,1,-1,-1,-1
72,0,1673,110,472,804,1,-1,-1,-1
72,1,645,407,1104,988,1,-1,-1,-1
72,5,731,114,440,640,1,-1,-1,-1
73,0,1644,104,496,804,1,-1,-1,-1
73,1,656,192,1096,1232,1,-1,-1,-1
73,5,728,152,452,604,1,-1,-1,-1
73,10,1168,168,612,980,1,-1,-1,-1
73,11,260,208,140,112,1,-1,-1,-1
74,0,1642,107,496,804,1,-1,-1,-1
74,1,652,195,1096,1232,1,-1,-1,-1
74,5,725,152,452,604,1,-1,-1,-1
74,10,1169,171,612,980,1,-1,-1,-1
74,11,256,209,140,112,1,-1,-1,-1
75,0,1635,115,496,804,1,-1,-1,-1
75,1,641,199,1096,1232,1,-1,-1,-1
75,5,718,157,452,604,1,-1,-1,-1
75,10,1162,177,612,980,1,-1,-1,-1
75,11,252,213,140,112,1,-1,-1,-1
76,0,1632,119,496,804,1,-1,-1,-1
76,1,639,204,1096,1232,1,-1,-1,-1
76,5,713,163,452,604,1,-1,-1,-1
76,10,1154,183,612,980,1,-1,-1,-1
76,11,251,215,140,112,1,-1,-1,-1
77,0,1633,125,496,804,1,-1,-1,-1
77,1,628,214,1096,1226,1,-1,-1,-1
77,5,702,168,452,604,1,-1,-1,-1
77,10,1134,166,643,1029,1,-1,-1,-1
77,11,252,218,140,112,1,-1,-1,-1
78,0,1614,117,521,844,1,-1,-1,-1
78,1,615,223,1096,1217,1,-1,-1,-1
78,5,694,174,452,604,1,-1,-1,-1
78,10,1126,176,643,1029,1,-1,-1,-1
78,11,253,222,140,112,1,-1,-1,-1
79,0,1598,104,547,886,1,-1,-1,-1
79,1,604,228,1096,1212,1,-1,-1,-1
79,5,684,178,452,604,1,-1,-1,-1
79,10,1109,188,643,1029,1,-1,-1,-1
79,11,251,227,140,112,1,-1,-1,-1
80,0,1605,132,521,844,1,-1,-1,-1
80,1,583,246,1096,1194,1,-1,-1,-1
80,5,674,186,452,604,1,-1,-1,-1
80,10,1084,198,643,1029,1,-1,-1,-1
80,11,243,231,147,118,1,-1,-1,-1
81,0,1604,164,500,812,1,-1,-1,-1
81,1,592,424,904,996,1,-1,-1,-1
81,5,688,172,472,668,1,-1,-1,-1
81,10,1272,300,408,924,1,-1,-1,-1
81,12,1112,108,336,408,1,-1,-1,-1
82,0,1603,169,500,812,1,-1,-1,-1
82,1,578,429,904,996,1,-1,-1,-1
82,5,683,174,472,668,1,-1,-1,-1
82,10,1264,305,408,924,1,-1,-1,-1
82,12,1109,108,336,408,1,-1,-1,-1
83,0,1596,172,500,812,1,-1,-1,-1
83,1,563,436,904,996,1,-1,-1,-1
83,5,674,182,472,668,1,-1,-1,-1
83,10,1256,309,408,924,1,-1,-1,-1
83,12,1106,107,336,408,1,-1,-1,-1
84,0,1594,178,500,812,1,-1,-1,-1
84,1,548,434,904,996,1,-1,-1,-1
84,5,668,183,472,668,1,-1,-1,-1
84,10,1251,318,408,924,1,-1,-1,-1
84,12,1103,103,336,408,1,-1,-1,-1
85,0,1588,180,500,812,1,-1,-1,-1
85,1,532,430,904,996,1,-1,-1,-1
85,5,663,183,472,668,1,-1,-1,-1
85,10,1248,315,408,924,1,-1,-1,-1
85,12,1099,99,336,408,1,-1,-1,-1
86,0,1584,176,500,812,1,-1,-1,-1
86,1,518,434,904,996,1,-1,-1,-1
86,5,660,184,472,668,1,-1,-1,-1
86,10,1243,315,408,924,1,-1,-1,-1
86,12,1101,98,336,408,1,-1,-1,-1
87,0,1581,171,500,812,1,-1,-1,-1
87,1,517,427,904,996,1,-1,-1,-1
87,5,657,186,472,668,1,-1,-1,-1
87,10,1237,314,408,924,1,-1,-1,-1
87,12,1097,96,336,408,1,-1,-1,-1
88,0,1575,165,500,812,1,-1,-1,-1
88,1,508,428,904,996,1,-1,-1,-1
88,5,654,179,472,668,1,-1,-1,-1
88,10,1219,286,428,970,1,-1,-1,-1
88,12,1094,94,336,408,1,-1,-1,-1
89,0,1560,156,508,816,1,-1,-1,-1
89,1,564,460,732,964,1,-1,-1,-1
89,5,644,192,480,684,1,-1,-1,-1
89,10,1232,304,456,928,1,-1,-1,-1
89,12,1100,80,344,440,1,-1,-1,-1
90,0,1561,154,508,816,1,-1,-1,-1
90,1,560,449,732,964,1,-1,-1,-1
90,5,638,184,480,684,1,-1,-1,-1
90,10,1227,301,456,928,1,-1,-1,-1
90,12,1097,77,344,440,1,-1,-1,-1
91,0,1558,147,508,816,1,-1,-1,-1
91,1,552,440,732,964,1,-1,-1,-1
91,5,634,174,480,684,1,-1,-1,-1
91,10,1224,293,456,928,1,-1,-1,-1
91,12,1095,67,344,440,1,-1,-1,-1
92,0,1559,142,508,816,1,-1,-1,-1
92,1,550,433,732,964,1,-1,-1,-1
92,5,627,165,480,684,1,-1,-1,-1
92,10,1225,287,456,928,1,-1,-1,-1
92,12,1093,63,344,440,1,-1,-1,-1
93,0,1559,134,508,816,1,-1,-1,-1
93,1,550,423,732,964,1,-1,-1,-1
93,5,625,159,480,684,1,-1,-1,-1
93,10,1213,256,479,974,1,-1,-1,-1
93,12,1090,55,344,440,1,-1,-1,-1
94,0,1560,125,508,816,1,-1,-1,-1
94,1,553,414,732,964,1,-1,-1,-1
94,5,625,148,480,684,1,-1,-1,-1
94,10,1213,248,479,974,1,-1,-1,-1
94,12,1089,46,344,440,1,-1,-1,-1
95,0,1560,117,508,816,1,-1,-1,-1
95,1,551,406,732,964,1,-1,-1,-1
95,5,626,139,480,684,1,-1,-1,-1
95,10,1212,239,479,974,1,-1,-1,-1
95,12,1089,37,344,440,1,-1,-1,-1
96,0,1561,112,508,816,1,-1,-1,-1
96,1,550,402,732,964,1,-1,-1,-1
96,5,625,135,480,684,1,-1,-1,-1
96,10,1214,231,479,974,1,-1,-1,-1
96,12,1088,30,344,440,1,-1,-1,-1
97,0,1552,92,516,824,1,-1,-1,-1
97,1,564,192,716,1228,1,-1,-1,-1
97,10,1180,228,460,944,1,-1,-1,-1
98,0,1550,90,516,824,1,-1,-1,-1
98,1,559,195,716,1228,1,-1,-1,-1
98,10,1178,227,460,944,1,-1,-1,-1
99,0,1549,90,516,824,1,-1,-1,-1
99,1,554,195,716,1228,1,-1,-1,-1
99,10,1176,224,460,944,1,-1,-1,-1
100,0,1547,87,516,824,1,-1,-1,-1
100,1,549,192,716,1228,1,-1,-1,-1
100,10,1173,218,460,944,1,-1,-1,-1
101,0,1542,83,516,824,1,-1,-1,-1
101,1,543,193,716,1228,1,-1,-1,-1
101,10,1170,216,460,944,1,-1,-1,-1
102,0,1537,85,516,824,1,-1,-1,-1
102,1,536,191,716,1228,1,-1,-1,-1
102,10,1166,213,460,944,1,-1,-1,-1
103,0,1535,83,516,824,1,-1,-1,-1
103,1,534,185,716,1228,1,-1,-1,-1
103,10,1163,213,460,944,1,-1,-1,-1
104,0,1534,80,516,824,1,-1,-1,-1
104,1,535,179,716,1228,1,-1,-1,-1
104,10,1160,208,460,944,1,-1,-1,-1
105,0,1524,80,528,824,1,-1,-1,-1
105,1,524,196,720,1232,1,-1,-1,-1
105,10,1140,220,464,928,1,-1,-1,-1
106,0,1518,80,528,824,1,-1,-1,-1
106,1,521,199,720,1232,1,-1,-1,-1
106,10,1136,222,464,928,1,-1,-1,-1
107,0,1513,81,528,824,1,-1,-1,-1
107,1,514,201,720,1232,1,-1,-1,-1
107,10,1131,221,464,928,1,-1,-1,-1
108,0,1508,84,528,824,1,-1,-1,-1
108,1,506,206,720,1232,1,-1,-1,-1
108,10,1120,227,464,928,1,-1,-1,-1
109,0,1503,88,528,824,1,-1,-1,-1
109,1,507,204,720,1232,1,-1,-1,-1
109,10,1117,226,464,928,1,-1,-1,-1
110,0,1500,86,528,824,1,-1,-1,-1
110,1,502,202,720,1232,1,-1,-1,-1
110,10,1111,226,464,928,1,-1,-1,-1
111,0,1496,85,528,824,1,-1,-1,-1
111,1,503,203,720,1232,1,-1,-1,-1
111,10,1103,228,464,928,1,-1,-1,-1
112,0,1495,82,528,824,1,-1,-1,-1
112,1,502,202,720,1232,1,-1,-1,-1
112,10,1112,249,442,884,1,-1,-1,-1
113,0,1488,92,540,824,1,-1,-1,-1
113,1,480,156,732,1268,1,-1,-1,-1
113,10,1092,132,456,1024,1,-1,-1,-1
114,0,1483,93,540,824,1,-1,-1,-1
114,1,480,162,732,1268,1,-1,-1,-1
114,10,1091,136,456,1024,1,-1,-1,-1
115,0,1481,96,540,824,1,-1,-1,-1
115,1,476,164,732,1268,1,-1,-1,-1
115,10,1095,142,456,1024,1,-1,-1,-1
116,0,1479,95,540,824,1,-1,-1,-1
116,1,473,165,732,1268,1,-1,-1,-1
116,10,1094,139,456,1024,1,-1,-1,-1
117,0,1474,96,540,824,1,-1,-1,-1
117,1,466,175,732,1265,1,-1,-1,-1
117,10,1083,117,479,1075,1,-1,-1,-1
118,0,1473,99,540,824,1,-1,-1,-1
118,1,465,186,732,1254,1,-1,-1,-1
118,10,1081,126,479,1075,1,-1,-1,-1
119,0,1469,100,540,824,1,-1,-1,-1
119,1,465,194,732,1246,1,-1,-1,-1
119,10,1079,127,479,1075,1,-1,-1,-1
120,0,1467,102,540,824,1,-1,-1,-1
120,1,466,202,732,1238,1,-1,-1,-1
120,10,1080,139,479,1075,1,-1,-1,-1
121,0,1468,112,532,832,1,-1,-1,-1
121,1,456,528,764,904,1,-1,-1,-1
121,10,1072,140,464,1052,1,-1,-1,-1
122,0,1470,113,532,832,1,-1,-1,-1
122,1,464,525,764,904,1,-1,-1,-1
122,10,1076,142,464,1052,1,-1,-1,-1
123,0,1477,112,532,832,1,-1,-1,-1
123,1,478,523,764,904,1,-1,-1,-1
123,10,1085,145,464,1052,1,-1,-1,-1
124,0,1491,111,532,832,1,-1,-1,-1
124,1,492,515,764,904,1,-1,-1,-1
124,10,1095,140,464,1052,1,-1,-1,-1
125,0,1494,111,532,832,1,-1,-1,-1
125,1,504,514,764,904,1,-1,-1,-1
125,10,1100,138,464,1052,1,-1,-1,-1
126,0,1487,92,559,874,1,-1,-1,-1
126,1,516,509,764,904,1,-1,-1,-1
126,10,1106,138,464,1052,1,-1,-1,-1
127,0,1504,109,532,832,1,-1,-1,-1
127,1,522,505,764,904,1,-1,-1,-1
127,10,1111,133,464,1052,1,-1,-1,-1
128,0,1506,108,532,832,1,-1,-1,-1
128,1,531,505,764,904,1,-1,-1,-1
128,10,1113,131,464,1052,1,-1,-1,-1
129,0,1516,116,524,820,1,-1,-1,-1
129,1,528,568,780,864,1,-1,-1,-1
129,10,1112,200,456,972,1,-1,-1,-1
129,13,660,196,432,540,1,-1,-1,-1
130,0,1514,115,524,820,1,-1,-1,-1
130,1,539,579,780,861,1,-1,-1,-1
130,10,1114,212,456,972,1,-1,-1,-1
130,13,658,206,432,540,1,-1,-1,-1
131,0,1510,115,524,820,1,-1,-1,-1
131,1,541,582,780,858,1,-1,-1,-1
131,10,1115,222,456,972,1,-1,-1,-1
131,13,662,226,411,514,1,-1,-1,-1
132,0,1505,113,524,820,1,-1,-1,-1
132,1,534,578,780,862,1,-1,-1,-1
132,10,1109,222,456,972,1,-1,-1,-1
132,13,648,216,432,540,1,-1,-1,-1
133,0,1500,109,524,820,1,-1,-1,-1
133,1,535,578,780,862,1,-1,-1,-1
133,10,1096,221,456,972,1,-1,-1,-1
133,13,635,213,432,540,1,-1,-1,-1
134,0,1492,109,524,820,1,-1,-1,-1
134,1,531,577,780,863,1,-1,-1,-1
134,10,1087,209,456,972,1,-1,-1,-1
134,13,623,214,432,540,1,-1,-1,-1
135,0,1484,109,524,820,1,-1,-1,-1
135,1,513,576,780,864,1,-1,-1,-1
135,10,1073,210,456,972,1,-1,-1,-1
135,13,618,215,432,540,1,-1,-1,-1
136,0,1476,112,524,820,1,-1,-1,-1
136,1,507,576,780,864,1,-1,-1,-1
136,10,1063,207,456,972,1,-1,-1,-1
136,13,622,227,411,514,1,-1,-1,-1
137,0,1460,128,520,808,1,-1,-1,-1
137,1,468,624,1008,804,1,-1,-1,-1
137,10,1028,208,484,772,1,-1,-1,-1
137,13,628,228,416,520,1,-1,-1,-1
137,14,268,260,120,104,1,-1,-1,-1
138,0,1458,133,520,808,1,-1,-1,-1
138,1,463,626,1008,804,1,-1,-1,-1
138,10,1025,209,484,772,1,-1,-1,-1
138,13,627,230,416,520,1,-1,-1,-1
138,14,265,262,120,104,1,-1,-1,-1
139,0,1464,153,495,770,1,-1,-1,-1
139,1,460,626,1008,804,1,-1,-1,-1
139,10,1019,212,484,772,1,-1,-1,-1
139,13,626,233,416,520,1,-1,-1,-1
139,14,264,264,120,104,1,-1,-1,-1
140,0,1461,155,495,770,1,-1,-1,-1
140,1,457,635,1008,804,1,-1,-1,-1
140,10,1015,217,484,772,1,-1,-1,-1
140,13,623,234,416,520,1,-1,-1,-1
140,14,263,267,120,104,1,-1,-1,-1
141,0,1457,161,495,770,1,-1,-1,-1
141,1,451,641,1008,799,1,-1,-1,-1
141,10,1010,224,484,772,1,-1,-1,-1
141,13,619,238,416,520,1,-1,-1,-1
141,14,260,271,120,104,1,-1,-1,-1
142,0,1454,167,495,770,1,-1,-1,-1
142,1,444,648,1008,792,1,-1,-1,-1
142,10,1003,232,484,772,1,-1,-1,-1
142,13,616,245,416,520,1,-1,-1,-1
142,14,255,274,120,104,1,-1,-1,-1
143,0,1451,172,495,770,1,-1,-1,-1
143,1,438,653,1008,787,1,-1,-1,-1
143,10,1001,236,484,772,1,-1,-1,-1
143,13,612,248,416,520,1,-1,-1,-1
143,14,249,276,120,104,1,-1,-1,-1
144,0,1451,177,495,770,1,-1,-1,-1
144,1,433,659,1008,781,1,-1,-1,-1
144,10,1000,240,484,772,1,-1,-1,-1
144,13,609,252,416,520,1,-1,-1,-1
144,14,247,278,120,104,1,-1,-1,-1
145,0,1432,168,520,796,1,-1,-1,-1
145,1,420,676,1032,752,1,-1,-1,-1
145,10,1016,228,464,796,1,-1,-1,-1
145,13,612,272,456,508,1,-1,-1,-1
145,14,244,272,124,112,1,-1,-1,-1
146,0,1431,168,520,796,1,-1,-1,-1
146,1,416,679,1032,752,1,-1,-1,-1
146,10,1016,225,464,796,1,-1,-1,-1
146,13,610,274,456,508,1,-1,-1,-1
146,14,243,274,124,112,1,-1,-1,-1
147,0,1432,168,520,796,1,-1,-1,-1
147,1,413,679,1032,752,1,-1,-1,-1
147,10,1018,218,464,796,1,-1,-1,-1
147,13,607,276,456,508,1,-1,-1,-1
147,14,243,276,124,112,1,-1,-1,-1
148,0,1431,168,520,796,1,-1,-1,-1
148,1,406,676,1032,752,1,-1,-1,-1
148,10,1017,209,464,796,1,-1,-1,-1
148,13,605,279,456,508,1,-1,-1,-1
148,14,241,279,124,112,1,-1,-1,-1
149,0,1431,166,520,796,1,-1,-1,-1
149,1,398,676,1032,752,1,-1,-1,-1
149,10,1014,206,464,796,1,-1,-1,-1
149,13,603,279,456,508,1,-1,-1,-1
149,14,237,281,124,112,1,-1,-1,-1
150,0,1430,165,520,796,1,-1,-1,-1
150,1,400,679,1032,752,1,-1,-1,-1
150,10,1013,207,464,796,1,-1,-1,-1
150,13,600,282,456,508,1,-1,-1,-1
150,14,230,281,130,118,1,-1,-1,-1
151,0,1425,167,520,796,1,-1,-1,-1
151,1,403,682,1032,752,1,-1,-1,-1
151,10,1015,211,464,796,1,-1,-1,-1
151,13,597,286,456,508,1,-1,-1,-1
151,14,225,283,130,118,1,-1,-1,-1
152,0,1423,165,520,796,1,-1,-1,-1
152,1,404,681,1032,752,1,-1,-1,-1
152,10,1014,210,464,796,1,-1,-1,-1
152,13,595,286,456,508,1,-1,-1,-1
152,14,218,285,130,118,1,-1,-1,-1
153,0,1416,164,512,796,1,-1,-1,-1
153,1,396,536,952,888,1,-1,-1,-1
153,10,1000,188,476,1036,1,-1,-1,-1
153,13,592,288,468,504,1,-1,-1,-1
154,0,1415,162,512,796,1,-1,-1,-1
154,1,392,533,952,888,1,-1,-1,-1
154,10,997,186,476,1036,1,-1,-1,-1
154,13,590,284,468,504,1,-1,-1,-1
155,0,1414,162,512,796,1,-1,-1,-1
155,1,387,527,952,888,1,-1,-1,-1
155,10,994,185,476,1036,1,-1,-1,-1
155,13,588,278,468,504,1,-1,-1,-1
156,0,1412,163,512,796,1,-1,-1,-1
156,1,377,530,952,888,1,-1,-1,-1
156,10,990,181,476,1036,1,-1,-1,-1
156,13,584,275,468,504,1,-1,-1,-1
157,0,1412,160,512,796,1,-1,-1,-1
157,1,368,520,952,888,1,-1,-1,-1
157,10,990,178,476,1036,1,-1,-1,-1
157,13,582,268,468,504,1,-1,-1,-1
158,0,1409,157,512,796,1,-1,-1,-1
158,1,365,512,952,888,1,-1,-1,-1
158,10,990,167,476,1036,1,-1,-1,-1
158,13,579,260,468,504,1,-1,-1,-1
159,0,1406,157,512,796,1,-1,-1,-1
159,1,359,510,952,888,1,-1,-1,-1
159,10,983,167,476,1036,1,-1,-1,-1
159,13,575,258,468,504,1,-1,-1,-1
160,0,1401,159,512,796,1,-1,-1,-1
160,1,352,511,952,888,1,-1,-1,-1
160,10,976,165,476,1036,1,-1,-1,-1
160,13,570,258,468,504,1,-1,-1,-1
161,0,1400,164,516,792,1,-1,-1,-1
161,1,348,296,948,1136,1,-1,-1,-1
161,10,984,132,472,1084,1,-1,-1,-1
162,0,1398,167,516,792,1,-1,-1,-1
162,1,343,301,948,1136,1,-1,-1,-1
162,10,983,135,472,1084,1,-1,-1,-1
163,0,1399,169,516,792,1,-1,-1,-1
163,1,336,304,948,1136,1,-1,-1,-1
163,10,981,137,472,1084,1,-1,-1,-1
164,0,1396,171,516,792,1,-1,-1,-1
164,1,332,309,948,1131,1,-1,-1,-1
164,10,976,137,472,1084,1,-1,-1,-1
165,0,1394,175,516,792,1,-1,-1,-1
165,1,332,309,948,1131,1,-1,-1,-1
165,10,974,142,472,1084,1,-1,-1,-1
166,0,1393,179,516,792,1,-1,-1,-1
166,1,328,313,948,1127,1,-1,-1,-1
166,10,975,144,472,1084,1,-1,-1,-1
167,0,1394,182,516,792,1,-1,-1,-1
167,1,327,312,948,1128,1,-1,-1,-1
167,10,974,149,472,1084,1,-1,-1,-1
168,0,1393,183,516,792,1,-1,-1,-1
168,1,329,310,948,1130,1,-1,-1,-1
168,10,975,147,472,1084,1,-1,-1,-1
169,0,1392,188,480,788,1,-1,-1,-1
169,1,332,328,956,1100,1,-1,-1,-1
169,10,972,156,480,1076,1,-1,-1,-1
170,0,1393,194,480,788,1,-1,-1,-1
170,1,330,328,956,1100,1,-1,-1,-1
170,10,973,158,480,1076,1,-1,-1,-1
171,0,1394,195,480,788,1,-1,-1,-1
171,1,332,327,956,1100,1,-1,-1,-1
171,10,975,158,480,1076,1,-1,-1,-1
172,0,1399,189,480,788,1,-1,-1,-1
172,1,336,323,956,1100,1,-1,-1,-1
172,10,978,154,480,1076,1,-1,-1,-1
173,0,1406,190,480,788,1,-1,-1,-1
173,1,340,322,956,1100,1,-1,-1,-1
173,10,985,149,480,1076,1,-1,-1,-1
174,0,1408,193,480,788,1,-1,-1,-1
174,1,346,327,956,1100,1,-1,-1,-1
174,10,987,151,480,1076,1,-1,-1,-1
175,0,1411,193,480,788,1,-1,-1,-1
175,1,349,327,956,1100,1,-1,-1,-1
175,10,992,151,480,1076,1,-1,-1,-1
176,0,1416,190,480,788,1,-1,-1,-1
176,1,353,327,956,1100,1,-1,-1,-1
176,10,994,153,480,1076,1,-1,-1,-1
177,0,1412,192,508,788,1,-1,-1,-1
177,1,372,448,948,980,1,-1,-1,-1
177,10,996,144,476,1096,1,-1,-1,-1
177,15,592,280,392,388,1,-1,-1,-1
178,0,1413,195,508,788,1,-1,-1,-1
178,1,374,448,948,980,1,-1,-1,-1
178,10,997,143,476,1096,1,-1,-1,-1
178,15,593,280,392,388,1,-1,-1,-1
179,0,1416,197,508,788,1,-1,-1,-1
179,1,375,445,948,980,1,-1,-1,-1
179,10,1001,142,476,1096,1,-1,-1,-1
179,15,594,280,392,388,1,-1,-1,-1
180,0,1417,195,508,788,1,-1,-1,-1
180,1,376,448,948,980,1,-1,-1,-1
180,10,1005,143,476,1096,1,-1,-1,-1
180,15,596,280,392,388,1,-1,-1,-1
181,0,1419,195,508,788,1,-1,-1,-1
181,1,384,444,948,980,1,-1,-1,-1
181,10,1007,144,476,1096,1,-1,-1,-1
181,15,598,281,392,388,1,-1,-1,-1
182,0,1421,196,508,788,1,-1,-1,-1
182,1,388,446,948,980,1,-1,-1,-1
182,10,1012,147,476,1096,1,-1,-1,-1
182,15,601,282,392,388,1,-1,-1,-1
183,0,1429,196,508,788,1,-1,-1,-1
183,1,397,443,948,980,1,-1,-1,-1
183,10,1021,149,476,1096,1,-1,-1,-1
183,15,605,284,392,388,1,-1,-1,-1
184,0,1436,195,508,788,1,-1,-1,-1
184,1,408,451,948,980,1,-1,-1,-1
184,10,1031,154,476,1096,1,-1,-1,-1
184,15,600,275,412,407,1,-1,-1,-1
185,0,1440,196,456,776,1,-1,-1,-1
185,1,420,464,952,964,1,-1,-1,-1
185,10,1040,300,480,944,1,-1,-1,-1
185,15,604,280,388,376,1,-1,-1,-1
185,16,996,124,316,384,1,-1,-1,-1
186,0,1443,195,456,776,1,-1,-1,-1
186,1,422,466,952,964,1,-1,-1,-1
186,10,1043,297,480,944,1,-1,-1,-1
186,15,604,279,388,376,1,-1,-1,-1
186,16,997,124,316,384,1,-1,-1,-1
187,0,1443,191,456,776,1,-1,-1,-1
187,1,426,466,952,964,1,-1,-1,-1
187,10,1046,296,480,944,1,-1,-1,-1
187,15,603,278,388,376,1,-1,-1,-1
187,16,995,124,316,384,1,-1,-1,-1
188,0,1444,190,456,776,1,-1,-1,-1
188,1,429,469,952,964,1,-1,-1,-1
188,10,1049,294,480,944,1,-1,-1,-1
188,15,599,277,388,376,1,-1,-1,-1
188,16,992,120,316,384,1,-1,-1,-1
189,0,1442,188,456,776,1,-1,-1,-1
189,1,427,469,952,964,1,-1,-1,-1
189,10,1061,318,457,899,1,-1,-1,-1
189,15,593,276,388,376,1,-1,-1,-1
189,16,987,121,316,384,1,-1,-1,-1
190,0,1438,187,456,776,1,-1,-1,-1
190,1,432,478,952,962,1,-1,-1,-1
190,10,1062,324,457,899,1,-1,-1,-1
190,15,581,278,388,376,1,-1,-1,-1
190,16,980,121,316,384,1,-1,-1,-1
191,0,1435,188,456,776,1,-1,-1,-1
191,1,430,485,952,955,1,-1,-1,-1
191,10,1061,330,457,899,1,-1,-1,-1
191,15,572,278,388,376,1,-1,-1,-1
191,16,973,123,316,384,1,-1,-1,-1
192,0,1432,189,456,776,1,-1,-1,-1
192,1,431,486,952,954,1,-1,-1,-1
192,10,1061,327,457,899,1,-1,-1,-1
192,15,563,275,388,376,1,-1,-1,-1
192,16,971,122,316,384,1,-1,-1,-1
193,0,1420,188,468,784,1,-1,-1,-1
193,1,416,532,1012,896,1,-1,-1,-1
193,10,1004,316,516,936,1,-1,-1,-1
193,15,544,268,500,580,1,-1,-1,-1
194,0,1421,186,468,784,1,-1,-1,-1
194,1,420,534,1012,896,1,-1,-1,-1
194,10,1009,314,516,936,1,-1,-1,-1
194,15,544,265,500,580,1,-1,-1,-1
195,0,1424,182,468,784,1,-1,-1,-1
195,1,432,532,1012,896,1,-1,-1,-1
195,10,1016,312,516,936,1,-1,-1,-1
195,15,550,261,500,580,1,-1,-1,-1
196,0,1432,174,468,784,1,-1,-1,-1
196,1,447,526,1012,896,1,-1,-1,-1
196,10,1030,305,516,936,1,-1,-1,-1
196,15,557,255,500,580,1,-1,-1,-1
197,0,1443,173,468,784,1,-1,-1,-1
197,1,464,527,1012,896,1,-1,-1,-1
197,10,1046,300,516,936,1,-1,-1,-1
197,15,566,251,500,580,1,-1,-1,-1
198,0,1446,169,468,784,1,-1,-1,-1
198,1,478,524,1012,896,1,-1,-1,-1
198,10,1061,305,516,936,1,-1,-1,-1
198,15,575,245,500,580,1,-1,-1,-1
199,0,1452,164,468,784,1,-1,-1,-1
199,1,492,527,1012,896,1,-1,-1,-1
199,10,1078,311,516,936,1,-1,-1,-1
199,15,581,241,500,580,1,-1,-1,-1
200,0,1453,160,468,784,1,-1,-1,-1
200,1,503,535,1012,896,1,-1,-1,-1
200,10,1087,305,516,936,1,-1,-1,-1
200,15,585,241,500,580,1,-1,-1,-1
201,0,1460,148,464,788,1,-1,-1,-1
201,1,520,480,1048,944,1,-1,-1,-1
201,15,548,248,408,568,1,-1,-1,-1
202,0,1460,146,464,788,1,-1,-1,-1
202,1,529,485,1048,944,1,-1,-1,-1
202,15,548,244,408,568,1,-1,-1,-1
203,0,1458,138,464,788,1,-1,-1,-1
203,1,539,479,1048,944,1,-1,-1,-1
203,15,547,240,408,568,1,-1,-1,-1
204,0,1458,138,464,788,1,-1,-1,-1
204,1,548,484,1048,944,1,-1,-1,-1
204,15,544,234,408,568,1,-1,-1,-1
205,0,1457,137,464,788,1,-1,-1,-1
205,1,559,480,1048,944,1,-1,-1,-1
205,15,540,232,408,568,1,-1,-1,-1
206,0,1456,135,464,788,1,-1,-1,-1
206,1,574,487,1048,944,1,-1,-1,-1
206,15,526,219,428,596,1,-1,-1,-1
207,0,1457,135,464,788,1,-1,-1,-1
207,1,587,497,1048,943,1,-1,-1,-1
207,15,524,223,428,596,1,-1,-1,-1
208,0,1457,136,464,788,1,-1,-1,-1
208,1,605,510,1048,930,1,-1,-1,-1
208,15,522,235,428,596,1,-1,-1,-1
209,0,1488,136,432,800,1,-1,-1,-1
209,1,588,548,1100,876,1,-1,-1,-1
209,15,484,256,428,524,1,-1,-1,-1
209,17,484,344,632,600,1,-1,-1,-1
210,0,1492,133,432,800,1,-1,-1,-1
210,1,606,557,1100,876,1,-1,-1,-1
210,15,487,262,428,524,1,-1,-1,-1
210,17,488,350,632,600,1,-1,-1,-1
211,0,1499,135,432,800,1,-1,-1,-1
211,1,622,567,1100,873,1,-1,-1,-1
211,15,481,253,449,550,1,-1,-1,-1
211,17,495,358,632,600,1,-1,-1,-1
212,0,1507,144,432,800,1,-1,-1,-1
212,1,638,582,1100,858,1,-1,-1,-1
212,15,481,267,449,550,1,-1,-1,-1
212,17,499,372,632,600,1,-1,-1,-1
213,0,1517,149,432,800,1,-1,-1,-1
213,1,659,598,1100,842,1,-1,-1,-1
213,15,484,278,449,550,1,-1,-1,-1
213,17,505,382,632,600,1,-1,-1,-1
214,0,1536,166,411,762,1,-1,-1,-1
214,1,684,604,1100,836,1,-1,-1,-1
214,15,486,280,449,550,1,-1,-1,-1
214,17,512,385,632,600,1,-1,-1,-1
215,0,1543,156,411,762,1,-1,-1,-1
215,1,711,608,1100,832,1,-1,-1,-1
215,15,491,282,449,550,1,-1,-1,-1
215,17,506,370,664,630,1,-1,-1,-1
216,0,1564,153,392,726,1,-1,-1,-1
216,1,740,609,1100,831,1,-1,-1,-1
216,15,499,277,449,550,1,-1,-1,-1
216,17,515,368,664,630,1,-1,-1,-1
217,0,1568,152,472,520,1,-1,-1,-1
217,1,748,588,1164,836,1,-1,-1,-1
217,15,472,276,464,556,1,-1,-1,-1
218,0,1578,155,472,520,1,-1,-1,-1
218,1,768,592,1164,836,1,-1,-1,-1
218,15,478,279,464,556,1,-1,-1,-1
219,0,1592,146,472,520,1,-1,-1,-1
219,1,794,590,1164,836,1,-1,-1,-1
219,15,483,275,464,556,1,-1,-1,-1
220,0,1603,138,472,520,1,-1,-1,-1
220,1,816,592,1164,836,1,-1,-1,-1
220,15,492,269,464,556,1,-1,-1,-1
221,0,1614,132,472,520,1,-1,-1,-1
221,1,845,592,1164,836,1,-1,-1,-1
221,15,497,267,464,556,1,-1,-1,-1
222,0,1615,124,472,520,1,-1,-1,-1
222,1,870,589,1164,836,1,-1,-1,-1
222,15,499,264,464,556,1,-1,-1,-1
223,0,1612,125,472,520,1,-1,-1,-1
223,1,886,594,1164,836,1,-1,-1,-1
223,15,493,271,464,556,1,-1,-1,-1
224,0,1605,126,472,520,1,-1,-1,-1
224,1,903,595,1164,836,1,-1,-1,-1
224,15,489,278,464,556,1,-1,-1,-1
225,0,1652,120,404,488,1,-1,-1,-1
225,1,916,560,1212,868,1,-1,-1,-1
225,15,452,256,496,580,1,-1,-1,-1
225,18,1256,244,444,680,1,-1,-1,-1
225,19,724,356,576,852,1,-1,-1,-1
226,0,1662,110,404,488,1,-1,-1,-1
226,1,929,554,1212,868,1,-1,-1,-1
226,15,461,245,496,580,1,-1,-1,-1
226,18,1269,231,444,680,1,-1,-1,-1
226,19,732,346,576,852,1,-1,-1,-1
227,0,1679,83,404,488,1,-1,-1,-1
227,1,949,532,1212,868,1,-1,-1,-1
227,15,478,230,496,580,1,-1,-1,-1
227,18,1292,210,444,680,1,-1,-1,-1
227,19,748,329,576,852,1,-1,-1,-1
228,0,1701,69,404,488,1,-1,-1,-1
228,1,975,523,1212,868,1,-1,-1,-1
228,15,501,214,496,580,1,-1,-1,-1
228,18,1322,192,444,680,1,-1,-1,-1
228,19,773,317,576,852,1,-1,-1,-1
229,0,1722,72,404,488,1,-1,-1,-1
229,1,997,517,1212,868,1,-1,-1,-1
229,15,519,211,496,580,1,-1,-1,-1
229,18,1345,189,444,680,1,-1,-1,-1
229,19,788,312,576,852,1,-1,-1,-1
230,0,1742,76,404,488,1,-1,-1,-1
230,1,1018,515,1212,868,1,-1,-1,-1
230,15,540,208,496,580,1,-1,-1,-1
230,18,1368,188,444,680,1,-1,-1,-1
230,19,809,312,576,852,1,-1,-1,-1
231,0,1769,82,404,488,1,-1,-1,-1
231,1,1044,520,1212,868,1,-1,-1,-1
231,15,567,214,496,580,1,-1,-1,-1
231,18,1391,195,444,680,1,-1,-1,-1
231,19,834,320,576,852,1,-1,-1,-1
232,0,1787,108,404,488,1,-1,-1,-1
232,1,1068,534,1212,868,1,-1,-1,-1
232,15,583,226,496,580,1,-1,-1,-1
232,18,1412,213,444,680,1,-1,-1,-1
232,19,852,333,576,852,1,-1,-1,-1
233,0,1816,120,392,464,1,-1,-1,-1
233,1,1080,536,1260,892,1,-1,-1,-1
233,15,580,232,552,588,1,-1,-1,-1
233,18,1428,228,460,648,1,-1,-1,-1
233,19,864,332,576,868,1,-1,-1,-1
233,20,1124,32,384,720,1,-1,-1,-1
234,0,1832,115,392,464,1,-1,-1,-1
234,1,1092,534,1260,892,1,-1,-1,-1
234,15,590,226,552,588,1,-1,-1,-1
234,18,1443,226,460,648,1,-1,-1,-1
234,19,870,328,576,868,1,-1,-1,-1
234,20,1140,27,384,720,1,-1,-1,-1
235,0,1841,109,392,464,1,-1,-1,-1
235,1,1100,533,1260,892,1,-1,-1,-1
235,15,597,225,552,588,1,-1,-1,-1
235,18,1451,226,460,648,1,-1,-1,-1
235,19,878,324,576,868,1,-1,-1,-1
235,20,1160,39,366,686,1,-1,-1,-1
236,0,1837,115,392,464,1,-1,-1,-1
236,1,1105,536,1260,892,1,-1,-1,-1
236,15,594,229,552,588,1,-1,-1,-1
236,18,1450,238,460,648,1,-1,-1,-1
236,19,881,329,576,868,1,-1,-1,-1
236,20,1166,41,366,686,1,-1,-1,-1
237,0,1824,126,392,464,1,-1,-1,-1
237,1,1099,552,1260,888,1,-1,-1,-1
237,15,581,236,552,588,1,-1,-1,-1
237,18,1442,254,460,648,1,-1,-1,-1
237,19,876,338,576,868,1,-1,-1,-1
237,20,1162,51,366,686,1,-1,-1,-1
238,0,1803,129,392,464,1,-1,-1,-1
238,1,1087,554,1260,886,1,-1,-1,-1
238,15,567,241,552,588,1,-1,-1,-1
238,18,1427,263,460,648,1,-1,-1,-1
238,19,863,342,576,868,1,-1,-1,-1
238,20,1163,71,348,653,1,-1,-1,-1
239,0,1789,117,392,464,1,-1,-1,-1
239,1,1070,556,1260,884,1,-1,-1,-1
239,15,549,232,552,588,1,-1,-1,-1
239,18,1418,258,460,648,1,-1,-1,-1
239,19,848,338,576,868,1,-1,-1,-1
239,20,1149,67,348,653,1,-1,-1,-1
240,0,1768,106,392,464,1,-1,-1,-1
240,1,1056,555,1260,885,1,-1,-1,-1
240,15,527,223,552,588,1,-1,-1,-1
240,18,1393,249,460,648,1,-1,-1,-1
240,19,814,305,605,911,1,-1,-1,-1
240,20,1123,41,366,686,1,-1,-1,-1
241,1,1084,492,1256,932,1,-1,-1,-1
241,15,492,208,564,580,1,-1,-1,-1
241,19,784,296,592,884,1,-1,-1,-1
241,20,1056,32,440,712,1,-1,-1,-1
242,1,1067,486,1256,932,1,-1,-1,-1
242,15,471,206,564,580,1,-1,-1,-1
242,19,765,294,592,884,1,-1,-1,-1
242,20,1037,30,440,712,1,-1,-1,-1
243,1,1046,477,1256,932,1,-1,-1,-1
243,15,443,201,564,580,1,-1,-1,-1
243,19,738,286,592,884,1,-1,-1,-1
243,20,1012,23,440,712,1,-1,-1,-1
244,1,1027,459,1256,932,1,-1,-1,-1
244,15,424,187,564,580,1,-1,-1,-1
244,19,719,273,592,884,1,-1,-1,-1
244,20,992,15,440,712,1,-1,-1,-1
245,1,979,430,1319,979,1,-1,-1,-1
245,15,399,178,564,580,1,-1,-1,-1
245,19,693,264,592,884,1,-1,-1,-1
245,20,966,8,440,712,1,-1,-1,-1
246,1,945,434,1319,979,1,-1,-1,-1
246,15,363,178,564,580,1,-1,-1,-1
246,19,668,261,592,884,1,-1,-1,-1
246,20,934,10,440,712,1,-1,-1,-1
247,1,916,433,1319,979,1,-1,-1,-1
247,15,340,179,564,580,1,-1,-1,-1
247,19,638,261,592,884,1,-1,-1,-1
247,20,911,10,440,712,1,-1,-1,-1
248,1,888,432,1319,979,1,-1,-1,-1
248,15,306,178,564,580,1,-1,-1,-1
248,19,609,263,592,884,1,-1,-1,-1
248,20,885,9,440,712,1,-1,-1,-1
249,1,840,476,1368,948,1,-1,-1,-1
249,15,256,164,584,612,1,-1,-1,-1
249,19,580,252,604,924,1,-1,-1,-1
249,20,980,92,316,632,1,-1,-1,-1
249,21,1160,208,496,668,1,-1,-1,-1
249,22,1536,80,388,440,1,-1,-1,-1
250,1,825,479,1368,948,1,-1,-1,-1
250,15,225,165,584,612,1,-1,-1,-1
250,19,558,251,604,924,1,-1,-1,-1
250,20,958,89,316,632,1,-1,-1,-1
250,21,1141,209,496,668,1,-1,-1,-1
250,22,1510,79,388,440,1,-1,-1,-1
251,1,806,481,1368,948,1,-1,-1,-1
251,15,193,168,584,612,1,-1,-1,-1
251,19,530,256,604,924,1,-1,-1,-1
251,20,930,89,316,632,1,-1,-1,-1
251,21,1121,214,496,668,1,-1,-1,-1
251,22,1486,83,388,440,1,-1,-1,-1
252,1,790,492,1368,948,1,-1,-1,-1
252,15,164,178,584,612,1,-1,-1,-1
252,19,502,262,604,924,1,-1,-1,-1
252,20,905,92,316,632,1,-1,-1,-1
252,21,1102,222,496,668,1,-1,-1,-1
252,22,1462,89,388,440,1,-1,-1,-1
253,1,777,499,1368,941,1,-1,-1,-1
253,15,138,184,584,612,1,-1,-1,-1
253,19,481,264,604,924,1,-1,-1,-1
253,20,876,93,316,632,1,-1,-1,-1
253,21,1084,225,496,668,1,-1,-1,-1
253,22,1444,88,388,440,1,-1,-1,-1
254,1,765,502,1368,938,1,-1,-1,-1
254,15,118,187,584,612,1,-1,-1,-1
254,19,467,262,604,924,1,-1,-1,-1
254,20,862,93,316,632,1,-1,-1,-1
254,21,1073,226,496,668,1,-1,-1,-1
254,22,1428,87,388,440,1,-1,-1,-1
255,1,758,505,1368,935,1,-1,-1,-1
255,15,106,191,584,612,1,-1,-1,-1
255,19,454,261,604,924,1,-1,-1,-1
255,20,856,91,316,632,1,-1,-1,-1
255,21,1059,230,496,668,1,-1,-1,-1
255,22,1410,76,407,462,1,-1,-1,-1
256,1,751,502,1368,938,1,-1,-1,-1
256,15,97,194,584,612,1,-1,-1,-1
256,19,445,265,604,924,1,-1,-1,-1
256,20,852,88,316,632,1,-1,-1,-1
256,21,1055,229,496,668,1,-1,-1,-1
256,22,1403,76,407,462,1,-1,-1,-1
257,1,692,512,1452,916,1,-1,-1,-1
257,15,68,188,612,636,1,-1,-1,-1
257,19,412,236,644,1004,1,-1,-1,-1
257,21,1016,72,692,824,1,-1,-1,-1
258,1,688,510,1452,916,1,-1,-1,-1
258,15,65,186,612,636,1,-1,-1,-1
258,19,411,239,644,1004,1,-1,-1,-1
258,21,1013,67,692,824,1,-1,-1,-1
259,1,682,507,1452,916,1,-1,-1,-1
259,15,59,187,612,636,1,-1,-1,-1
259,19,408,239,644,1004,1,-1,-1,-1
259,21,1012,63,692,824,1,-1,-1,-1
260,1,679,505,1452,916,1,-1,-1,-1
260,15,56,189,612,636,1,-1,-1,-1
260,19,404,241,644,1004,1,-1,-1,-1
260,21,1012,62,692,824,1,-1,-1,-1
261,1,680,505,1452,916,1,-1,-1,-1
261,15,54,192,612,636,1,-1,-1,-1
261,19,404,245,644,1004,1,-1,-1,-1
261,21,1010,60,692,824,1,-1,-1,-1
262,1,685,507,1452,916,1,-1,-1,-1
262,15,59,196,612,636,1,-1,-1,-1
262,19,405,242,644,1004,1,-1,-1,-1
262,21,1013,59,692,824,1,-1,-1,-1
263,1,678,512,1452,916,1,-1,-1,-1
263,15,65,190,612,636,1,-1,-1,-1
263,19,408,239,644,1004,1,-1,-1,-1
263,21,1012,59,692,824,1,-1,-1,-1
264,1,669,519,1452,916,1,-1,-1,-1
264,15,69,189,612,636,1,-1,-1,-1
264,19,413,233,644,1004,1,-1,-1,-1
264,21,1014,62,692,824,1,-1,-1,-1
265,15,80,188,596,656,1,-1,-1,-1
265,19,428,240,680,996,1,-1,-1,-1
266,15,80,187,596,656,1,-1,-1,-1
266,19,429,238,680,996,1,-1,-1,-1
267,15,85,192,596,656,1,-1,-1,-1
267,19,433,248,680,996,1,-1,-1,-1
268,15,101,202,596,656,1,-1,-1,-1
268,19,449,254,680,996,1,-1,-1,-1
269,15,115,209,596,656,1,-1,-1,-1
269,19,461,262,680,996,1,-1,-1,-1
270,15,126,215,596,656,1,-1,-1,-1
270,19,476,267,680,996,1,-1,-1,-1
271,15,141,220,596,656,1,-1,-1,-1
271,19,480,267,680,996,1,-1,-1,-1
272,15,153,220,596,656,1,-1,-1,-1
272,19,480,264,680,996,1,-1,-1,-1
273,15,176,232,536,608,1,-1,-1,-1
273,19,516,212,724,1016,1,-1,-1,-1
273,23,788,652,1380,772,1,-1,-1,-1
273,24,1464,84,300,484,1,-1,-1,-1
273,25,1176,276,512,608,1,-1,-1,-1
274,15,179,231,536,608,1,-1,-1,-1
274,19,518,212,724,1016,1,-1,-1,-1
274,23,790,652,1380,772,1,-1,-1,-1
274,24,1464,83,300,484,1,-1,-1,-1
274,25,1180,276,512,608,1,-1,-1,-1
275,15,181,235,536,608,1,-1,-1,-1
275,19,517,220,724,1016,1,-1,-1,-1
275,23,789,658,1380,772,1,-1,-1,-1
275,24,1467,86,300,484,1,-1,-1,-1
275,25,1183,288,512,608,1,-1,-1,-1
276,15,183,238,536,608,1,-1,-1,-1
276,19,512,232,724,1016,1,-1,-1,-1
276,23,795,662,1380,772,1,-1,-1,-1
276,24,1468,92,300,484,1,-1,-1,-1
276,25,1192,301,512,608,1,-1,-1,-1
277,15,186,239,536,608,1,-1,-1,-1
277,19,514,234,724,1016,1,-1,-1,-1
277,23,795,667,1380,772,1,-1,-1,-1
277,24,1470,93,300,484,1,-1,-1,-1
277,25,1195,307,512,608,1,-1,-1,-1
278,15,186,239,536,608,1,-1,-1,-1
278,19,517,236,724,1016,1,-1,-1,-1
278,23,791,668,1380,772,1,-1,-1,-1
278,24,1471,91,300,484,1,-1,-1,-1
278,25,1192,314,512,608,1,-1,-1,-1
279,15,186,244,536,608,1,-1,-1,-1
279,19,518,242,724,1016,1,-1,-1,-1
279,23,786,668,1380,772,1,-1,-1,-1
279,24,1467,95,300,484,1,-1,-1,-1
279,25,1187,321,512,608,1,-1,-1,-1
280,15,183,250,536,608,1,-1,-1,-1
280,19,516,247,724,1016,1,-1,-1,-1
280,23,777,675,1380,765,1,-1,-1,-1
280,24,1464,106,300,484,1,-1,-1,-1
280,25,1180,328,512,608,1,-1,-1,-1
281,15,180,252,564,620,1,-1,-1,-1
281,19,528,272,568,980,1,-1,-1,-1
281,23,780,708,1368,712,1,-1,-1,-1
281,26,908,356,672,632,1,-1,-1,-1
282,15,178,249,564,620,1,-1,-1,-1
282,19,525,270,568,980,1,-1,-1,-1
282,23,775,709,1368,712,1,-1,-1,-1
282,26,910,352,672,632,1,-1,-1,-1
283,15,174,248,564,620,1,-1,-1,-1
283,19,524,267,568,980,1,-1,-1,-1
283,23,764,716,1368,712,1,-1,-1,-1
283,26,905,355,672,632,1,-1,-1,-1
284,15,172,253,564,620,1,-1,-1,-1
284,19,525,266,568,980,1,-1,-1,-1
284,23,761,723,1368,712,1,-1,-1,-1
284,26,898,354,672,632,1,-1,-1,-1
285,15,173,254,564,620,1,-1,-1,-1
285,19,527,263,568,980,1,-1,-1,-1
285,23,757,726,1368,712,1,-1,-1,-1
285,26,898,354,672,632,1,-1,-1,-1
286,15,172,255,564,620,1,-1,-1,-1
286,19,533,255,568,980,1,-1,-1,-1
286,23,756,726,1368,712,1,-1,-1,-1
286,26,893,350,672,632,1,-1,-1,-1
287,15,173,251,564,620,1,-1,-1,-1
287,19,519,222,596,1029,1,-1,-1,-1
287,23,754,721,1368,712,1,-1,-1,-1
287,26,889,343,672,632,1,-1,-1,-1
288,15,174,247,564,620,1,-1,-1,-1
288,19,519,218,596,1029,1,-1,-1,-1
288,23,744,714,1368,712,1,-1,-1,-1
288,26,881,340,672,632,1,-1,-1,-1
289,15,172,268,592,608,1,-1,-1,-1
289,19,528,212,572,1024,1,-1,-1,-1
289,23,752,684,1348,740,1,-1,-1,-1
289,27,1056,108,684,756,1,-1,-1,-1
290,15,177,259,592,608,1,-1,-1,-1
290,19,524,207,572,1024,1,-1,-1,-1
290,23,750,672,1348,740,1,-1,-1,-1
290,27,1056,102,684,756,1,-1,-1,-1
291,15,181,247,592,608,1,-1,-1,-1
291,19,526,195,572,1024,1,-1,-1,-1
291,23,736,658,1348,740,1,-1,-1,-1
291,27,1056,92,684,756,1,-1,-1,-1
292,15,186,233,592,608,1,-1,-1,-1
292,19,523,183,572,1024,1,-1,-1,-1
292,23,724,639,1348,740,1,-1,-1,-1
292,27,1054,77,684,756,1,-1,-1,-1
293,15,189,221,592,608,1,-1,-1,-1
293,19,520,166,572,1024,1,-1,-1,-1
293,23,706,621,1348,740,1,-1,-1,-1
293,27,1044,62,684,756,1,-1,-1,-1
294,15,206,219,564,579,1,-1,-1,-1
294,19,516,150,572,1024,1,-1,-1,-1
294,23,681,598,1348,740,1,-1,-1,-1
294,27,1038,45,684,756,1,-1,-1,-1
295,15,207,196,564,579,1,-1,-1,-1
295,19,509,127,572,1024,1,-1,-1,-1
295,23,661,572,1348,740,1,-1,-1,-1
295,27,1050,45,651,720,1,-1,-1,-1
296,15,216,191,537,551,1,-1,-1,-1
296,19,498,101,572,1024,1,-1,-1,-1
296,23,639,527,1348,740,1,-1,-1,-1
296,27,1032,17,651,720,1,-1,-1,-1
297,15,220,168,496,548,1,-1,-1,-1
297,19,504,64,636,1004,1,-1,-1,-1
297,23,672,488,1180,940,1,-1,-1,-1
297,28,1032,188,456,512,1,-1,-1,-1
297,29,1276,808,984,596,1,-1,-1,-1
298,15,221,158,496,548,1,-1,-1,-1
298,19,501,56,636,1004,1,-1,-1,-1
298,23,656,476,1180,940,1,-1,-1,-1
298,28,1021,178,456,512,1,-1,-1,-1
298,29,1261,812,984,596,1,-1,-1,-1
299,15,216,150,496,548,1,-1,-1,-1
299,19,495,44,636,1004,1,-1,-1,-1
299,23,637,460,1180,940,1,-1,-1,-1
299,28,1006,167,456,512,1,-1,-1,-1
299,29,1244,808,984,596,1,-1,-1,-1
300,15,207,137,496,548,1,-1,-1,-1
300,19,477,31,636,1004,1,-1,-1,-1
300,23,613,439,1180,940,1,-1,-1,-1
300,28,986,148,456,512,1,-1,-1,-1
300,29,1219,804,984,596,1,-1,-1,-1
301,15,198,126,496,548,1,-1,-1,-1
301,19,465,18,636,1004,1,-1,-1,-1
301,23,584,419,1180,940,1,-1,-1,-1
301,28,964,131,456,512,1,-1,-1,-1
301,29,1190,800,984,596,1,-1,-1,-1
302,15,193,114,496,548,1,-1,-1,-1
302,19,453,6,636,1004,1,-1,-1,-1
302,23,564,411,1180,940,1,-1,-1,-1
302,28,952,131,456,512,1,-1,-1,-1
302,29,1166,796,984,596,1,-1,-1,-1
303,15,189,101,496,548,1,-1,-1,-1
303,19,437,0,636,999,1,-1,-1,-1
303,23,539,405,1180,940,1,-1,-1,-1
303,28,928,115,456,512,1,-1,-1,-1
303,29,1148,789,984,596,1,-1,-1,-1
304,15,197,104,472,522,1,-1,-1,-1
304,19,425,0,636,993,1,-1,-1,-1
304,23,520,395,1180,940,1,-1,-1,-1
304,28,922,108,456,512,1,-1,-1,-1
304,29,1122,781,984,596,1,-1,-1,-1
305,19,216,4,828,736,1,-1,-1,-1
305,23,532,112,884,1304,1,-1,-1,-1
305,29,1232,784,840,588,1,-1,-1,-1
305,30,1324,4,424,720,1,-1,-1,-1
306,19,207,0,828,725,1,-1,-1,-1
306,23,518,93,884,1304,1,-1,-1,-1
306,29,1217,769,840,588,1,-1,-1,-1
306,30,1317,0,424,708,1,-1,-1,-1
307,19,220,0,789,699,1,-1,-1,-1
307,23,498,81,884,1304,1,-1,-1,-1
307,29,1204,758,840,588,1,-1,-1,-1
307,30,1312,0,424,704,1,-1,-1,-1
308,19,212,0,789,691,1,-1,-1,-1
308,23,483,69,884,1304,1,-1,-1,-1
308,29,1197,743,840,588,1,-1,-1,-1
308,30,1311,0,404,683,1,-1,-1,-1
309,19,208,0,789,685,1,-1,-1,-1
309,23,473,66,884,1304,1,-1,-1,-1
309,29,1195,740,840,588,1,-1,-1,-1
309,30,1305,0,404,681,1,-1,-1,-1
310,19,205,0,789,683,1,-1,-1,-1
310,23,456,65,884,1304,1,-1,-1,-1
310,29,1198,740,840,588,1,-1,-1,-1
310,30,1298,0,404,679,1,-1,-1,-1
311,19,203,0,789,683,1,-1,-1,-1
311,23,446,63,884,1304,1,-1,-1,-1
311,29,1189,732,882,617,1,-1,-1,-1
311,30,1295,0,404,683,1,-1,-1,-1
312,19,202,0,789,686,1,-1,-1,-1
312,23,434,69,884,1304,1,-1,-1,-1
312,29,1209,752,882,617,1,-1,-1,-1
312,30,1290,0,404,686,1,-1,-1,-1
313,19,208,4,764,732,1,-1,-1,-1
313,23,496,152,844,1272,1,-1,-1,-1
313,29,1196,784,1000,636,1,-1,-1,-1
313,30,1272,4,432,692,1,-1,-1,-1
314,19,204,10,764,732,1,-1,-1,-1
314,23,496,158,844,1272,1,-1,-1,-1
314,29,1218,798,1000,636,1,-1,-1,-1
314,30,1268,9,432,692,1,-1,-1,-1
315,19,200,23,764,732,1,-1,-1,-1
315,23,493,168,844,1272,1,-1,-1,-1
315,29,1225,804,1050,636,1,-1,-1,-1
315,30,1265,17,432,692,1,-1,-1,-1
316,19,201,34,764,732,1,-1,-1,-1
316,23,489,178,844,1262,1,-1,-1,-1
316,29,1245,821,1050,619,1,-1,-1,-1
316,30,1265,27,432,692,1,-1,-1,-1
317,19,208,37,764,732,1,-1,-1,-1
317,23,488,178,844,1262,1,-1,-1,-1
317,29,1263,831,1050,609,1,-1,-1,-1
317,30,1268,30,432,692,1,-1,-1,-1
318,19,211,45,764,732,1,-1,-1,-1
318,23,495,195,844,1245,1,-1,-1,-1
318,29,1275,840,1050,600,1,-1,-1,-1
318,30,1272,37,432,692,1,-1,-1,-1
