1,0,1556,468,108,172,1,-1,-1,-1
1,1,1456,560,76,156,1,-1,-1,-1
1,2,848,544,84,160,1,-1,-1,-1
1,3,292,500,160,208,1,-1,-1,-1
1,4,1088,544,48,140,1,-1,-1,-1
1,5,1924,536,72,184,1,-1,-1,-1
2,0,1552,466,108,172,1,-1,-1,-1
2,1,1452,557,76,156,1,-1,-1,-1
2,2,853,543,84,160,1,-1,-1,-1
2,3,288,499,160,208,1,-1,-1,-1
2,4,1084,540,50,147,1,-1,-1,-1
2,5,1921,535,72,184,1,-1,-1,-1
3,0,1549,464,108,172,1,-1,-1,-1
3,1,1443,553,76,156,1,-1,-1,-1
3,3,284,498,160,208,1,-1,-1,-1
3,4,1080,539,50,147,1,-1,-1,-1
4,0,1546,466,108,172,1,-1,-1,-1
4,1,1440,548,76,156,1,-1,-1,-1
4,3,279,496,160,208,1,-1,-1,-1
4,4,1076,538,50,147,1,-1,-1,-1
5,0,1537,462,108,172,1,-1,-1,-1
5,3,275,495,160,208,1,-1,-1,-1
5,4,1071,536,50,147,1,-1,-1,-1
6,0,1534,460,108,172,1,-1,-1,-1
6,3,271,494,160,208,1,-1,-1,-1
6,4,1066,535,50,147,1,-1,-1,-1
7,0,1530,458,108,172,1,-1,-1,-1
7,3,266,492,160,208,1,-1,-1,-1
7,4,1062,533,50,147,1,-1,-1,-1
8,0,1522,454,113,181,1,-1,-1,-1
8,3,260,492,160,208,1,-1,-1,-1
8,4,1057,533,50,147,1,-1,-1,-1
9,0,1520,456,108,176,1,-1,-1,-1
9,3,256,492,156,204,1,-1,-1,-1
9,4,1052,528,52,148,1,-1,-1,-1
9,6,1404,520,68,184,1,-1,-1,-1
9,7,1784,500,136,196,1,-1,-1,-1
9,8,888,520,76,160,1,-1,-1,-1
10,0,1518,457,108,176,1,-1,-1,-1
10,3,253,491,156,204,1,-1,-1,-1
10,4,1050,527,52,148,1,-1,-1,-1
10,6,1400,518,68,184,1,-1,-1,-1
10,7,1781,499,136,196,1,-1,-1,-1
10,8,889,519,76,160,1,-1,-1,-1
11,0,1513,456,108,176,1,-1,-1,-1
11,3,249,491,156,204,1,-1,-1,-1
11,4,1047,526,52,148,1,-1,-1,-1
11,7,1776,499,136,196,1,-1,-1,-1
12,0,1507,456,108,176,1,-1,-1,-1
12,3,245,490,156,204,1,-1,-1,-1
12,4,1042,526,52,148,1,-1,-1,-1
12,7,1772,498,136,196,1,-1,-1,-1
13,0,1503,454,108,176,1,-1,-1,-1
13,3,242,490,156,204,1,-1,-1,-1
13,4,1037,525,52,148,1,-1,-1,-1
13,7,1769,498,136,196,1,-1,-1,-1
14,0,1500,454,108,176,1,-1,-1,-1
14,3,237,491,156,204,1,-1,-1,-1
14,4,1034,529,50,141,1,-1,-1,-1
14,7,1764,497,136,196,1,-1,-1,-1
15,0,1495,453,108,176,1,-1,-1,-1
15,3,234,490,156,204,1,-1,-1,-1
15,4,1028,525,52,148,1,-1,-1,-1
15,7,1760,496,136,196,1,-1,-1,-1
16,0,1492,453,108,176,1,-1,-1,-1
16,3,229,490,156,204,1,-1,-1,-1
16,7,1756,497,136,196,1,-1,-1,-1
17,0,1492,453,108,176,1,-1,-1,-1
17,3,229,490,156,204,1,-1,-1,-1
17,7,1756,497,136,196,1,-1,-1,-1
18,0,1485,452,108,176,1,-1,-1,-1
18,3,222,490,156,204,1,-1,-1,-1
18,7,1748,496,136,196,1,-1,-1,-1
19,0,1482,451,108,176,1,-1,-1,-1
19,3,219,490,156,204,1,-1,-1,-1
19,7,1746,495,136,196,1,-1,-1,-1
20,0,1479,451,108,176,1,-1,-1,-1
20,3,217,490,156,204,1,-1,-1,-1
20,7,1743,492,136,196,1,-1,-1,-1
21,0,1475,450,108,176,1,-1,-1,-1
21,3,214,489,156,204,1,-1,-1,-1
21,7,1738,491,136,196,1,-1,-1,-1
22,0,1472,450,108,176,1,-1,-1,-1
22,3,211,489,156,204,1,-1,-1,-1
22,7,1736,490,136,196,1,-1,-1,-1
23,0,1470,449,108,176,1,-1,-1,-1
23,3,209,488,156,204,1,-1,-1,-1
24,0,1469,448,108,176,1,-1,-1,-1
24,3,204,484,164,214,1,-1,-1,-1
25,0,1460,440,108,168,1,-1,-1,-1
25,3,204,484,164,214,1,-1,-1,-1
25,9,1728,500,128,176,1,-1,-1,-1
25,10,1320,528,80,148,1,-1,-1,-1
26,0,1459,440,108,168,1,-1,-1,-1
26,3,200,482,164,214,1,-1,-1,-1
26,9,1726,500,128,176,1,-1,-1,-1
26,10,1318,526,80,148,1,-1,-1,-1
27,0,1457,440,108,168,1,-1,-1,-1
27,3,202,486,156,204,1,-1,-1,-1
27,9,1723,503,128,176,1,-1,-1,-1
27,10,1313,522,84,155,1,-1,-1,-1
28,0,1459,443,103,160,1,-1,-1,-1
28,3,199,486,156,204,1,-1,-1,-1
28,9,1721,505,128,176,1,-1,-1,-1
29,0,1457,443,103,160,1,-1,-1,-1
29,3,197,486,156,204,1,-1,-1,-1
29,9,1717,506,128,176,1,-1,-1,-1
30,0,1455,442,103,160,1,-1,-1,-1
30,3,194,487,156,204,1,-1,-1,-1
30,9,1714,506,128,176,1,-1,-1,-1
31,0,1453,442,103,160,1,-1,-1,-1
31,3,192,487,156,204,1,-1,-1,-1
32,0,1447,437,108,168,1,-1,-1,-1
32,3,190,486,156,204,1,-1,-1,-1
33,0,1448,436,108,180,1,-1,-1,-1
33,3,184,488,160,200,1,-1,-1,-1
33,11,940,524,116,132,1,-1,-1,-1
33,12,1260,524,76,140,1,-1,-1,-1
33,13,1712,492,112,176,1,-1,-1,-1
33,14,880,504,56,152,1,-1,-1,-1
34,0,1447,436,108,180,1,-1,-1,-1
34,3,182,488,160,200,1,-1,-1,-1
34,11,937,522,116,132,1,-1,-1,-1
34,13,1710,491,112,176,1,-1,-1,-1
34,14,879,505,56,152,1,-1,-1,-1
35,0,1446,435,108,180,1,-1,-1,-1
35,3,182,489,160,200,1,-1,-1,-1
35,11,932,520,116,132,1,-1,-1,-1
35,13,1704,492,112,176,1,-1,-1,-1
35,14,878,506,56,152,1,-1,-1,-1
36,0,1444,434,108,180,1,-1,-1,-1
36,3,180,489,160,200,1,-1,-1,-1
36,11,934,522,110,126,1,-1,-1,-1
36,13,1698,491,112,176,1,-1,-1,-1
36,14,877,506,56,152,1,-1,-1,-1
37,0,1442,435,108,180,1,-1,-1,-1
37,3,178,490,160,200,1,-1,-1,-1
37,11,929,522,110,126,1,-1,-1,-1
37,13,1689,488,118,185,1,-1,-1,-1
38,0,1438,432,113,189,1,-1,-1,-1
38,3,178,491,160,200,1,-1,-1,-1
39,0,1442,437,108,180,1,-1,-1,-1
39,3,179,492,160,200,1,-1,-1,-1
40,0,1442,437,108,180,1,-1,-1,-1
40,3,180,492,160,200,1,-1,-1,-1
41,0,1444,436,108,172,1,-1,-1,-1
41,3,188,488,160,212,1,-1,-1,-1
41,15,1216,520,68,148,1,-1,-1,-1
41,16,1636,528,100,140,1,-1,-1,-1
41,17,932,536,72,128,1,-1,-1,-1
41,18,1716,488,60,160,1,-1,-1,-1
42,0,1448,440,103,164,1,-1,-1,-1
42,3,189,489,160,212,1,-1,-1,-1
42,15,1215,521,68,148,1,-1,-1,-1
42,16,1633,528,100,140,1,-1,-1,-1
42,17,930,536,72,128,1,-1,-1,-1
42,18,1716,488,60,160,1,-1,-1,-1
43,0,1451,439,103,164,1,-1,-1,-1
43,3,195,490,160,212,1,-1,-1,-1
43,15,1214,523,68,148,1,-1,-1,-1
43,16,1633,527,100,140,1,-1,-1,-1
43,18,1718,488,60,160,1,-1,-1,-1
44,0,1455,440,103,164,1,-1,-1,-1
44,3,202,496,152,202,1,-1,-1,-1
44,16,1631,525,100,140,1,-1,-1,-1
44,18,1722,488,60,160,1,-1,-1,-1
45,0,1458,438,103,164,1,-1,-1,-1
45,3,205,496,152,202,1,-1,-1,-1
45,18,1726,487,60,160,1,-1,-1,-1
46,0,1461,438,103,164,1,-1,-1,-1
46,3,210,496,152,202,1,-1,-1,-1
46,18,1728,482,63,168,1,-1,-1,-1
47,0,1466,437,103,164,1,-1,-1,-1
47,3,213,496,152,202,1,-1,-1,-1
47,18,1732,482,63,168,1,-1,-1,-1
48,0,1467,437,103,164,1,-1,-1,-1
48,3,216,497,152,202,1,-1,-1,-1
48,18,1735,481,63,168,1,-1,-1,-1
49,0,1472,432,104,176,1,-1,-1,-1
49,3,216,497,152,202,1,-1,-1,-1
49,18,1735,481,63,168,1,-1,-1,-1
49,19,1624,520,92,140,1,-1,-1,-1
49,20,1192,520,84,144,1,-1,-1,-1
50,0,1475,436,99,168,1,-1,-1,-1
50,3,221,497,152,202,1,-1,-1,-1
50,18,1739,479,63,168,1,-1,-1,-1
50,19,1623,517,92,140,1,-1,-1,-1
50,20,1190,518,84,144,1,-1,-1,-1
51,0,1476,431,104,176,1,-1,-1,-1
51,3,225,497,152,202,1,-1,-1,-1
51,18,1741,478,63,168,1,-1,-1,-1
51,19,1621,514,92,140,1,-1,-1,-1
52,0,1480,431,104,176,1,-1,-1,-1
52,3,228,498,152,202,1,-1,-1,-1
52,18,1745,478,63,168,1,-1,-1,-1
52,19,1618,511,92,140,1,-1,-1,-1
53,0,1484,432,104,176,1,-1,-1,-1
53,3,230,496,152,202,1,-1,-1,-1
53,18,1749,478,63,168,1,-1,-1,-1
54,0,1487,432,104,176,1,-1,-1,-1
54,3,234,496,152,202,1,-1,-1,-1
54,18,1752,478,63,168,1,-1,-1,-1
55,0,1490,433,104,176,1,-1,-1,-1
55,3,237,497,152,202,1,-1,-1,-1
55,18,1756,478,63,168,1,-1,-1,-1
56,0,1493,433,104,176,1,-1,-1,-1
56,3,239,497,152,202,1,-1,-1,-1
56,18,1758,478,63,168,1,-1,-1,-1
57,0,1496,436,124,172,1,-1,-1,-1
57,3,239,497,152,202,1,-1,-1,-1
57,18,1758,478,63,168,1,-1,-1,-1
57,21,1144,500,96,164,1,-1,-1,-1
57,22,948,536,60,120,1,-1,-1,-1
57,23,1612,524,84,136,1,-1,-1,-1
57,24,1764,484,132,172,1,-1,-1,-1
58,0,1497,437,124,172,1,-1,-1,-1
58,3,245,499,152,202,1,-1,-1,-1
58,18,1763,479,63,168,1,-1,-1,-1
58,21,1140,501,96,164,1,-1,-1,-1
58,22,948,539,60,120,1,-1,-1,-1
58,23,1608,524,84,136,1,-1,-1,-1
58,24,1766,484,132,172,1,-1,-1,-1
59,0,1500,439,124,172,1,-1,-1,-1
59,3,247,499,152,202,1,-1,-1,-1
59,18,1768,482,60,160,1,-1,-1,-1
59,21,1139,505,96,164,1,-1,-1,-1
59,22,949,544,60,120,1,-1,-1,-1
59,24,1769,484,132,172,1,-1,-1,-1
60,0,1502,440,124,172,1,-1,-1,-1
60,3,251,502,152,202,1,-1,-1,-1
60,18,1771,484,60,160,1,-1,-1,-1
60,22,948,548,63,126,1,-1,-1,-1
60,24,1772,486,132,172,1,-1,-1,-1
61,0,1504,442,124,172,1,-1,-1,-1
61,3,252,502,152,202,1,-1,-1,-1
61,18,1775,488,57,152,1,-1,-1,-1
61,22,949,547,63,126,1,-1,-1,-1
61,24,1774,488,132,172,1,-1,-1,-1
62,0,1506,444,124,172,1,-1,-1,-1
62,3,254,505,152,202,1,-1,-1,-1
62,18,1776,491,57,152,1,-1,-1,-1
62,24,1776,490,132,172,1,-1,-1,-1
63,0,1507,446,124,172,1,-1,-1,-1
63,3,257,508,152,202,1,-1,-1,-1
63,18,1779,493,57,152,1,-1,-1,-1
63,24,1781,498,126,164,1,-1,-1,-1
64,0,1509,448,124,172,1,-1,-1,-1
64,3,259,513,152,202,1,-1,-1,-1
64,18,1782,500,54,145,1,-1,-1,-1
64,24,1783,502,126,164,1,-1,-1,-1
65,0,1509,448,124,172,1,-1,-1,-1
65,3,256,512,164,208,1,-1,-1,-1
65,18,1782,500,54,145,1,-1,-1,-1
65,24,1783,502,126,164,1,-1,-1,-1
65,25,1572,536,92,152,1,-1,-1,-1
65,26,1068,540,92,132,1,-1,-1,-1
65,27,952,544,60,116,1,-1,-1,-1
65,28,872,476,52,168,1,-1,-1,-1
66,3,257,517,164,208,1,-1,-1,-1
66,18,1786,512,54,145,1,-1,-1,-1
66,24,1787,515,126,164,1,-1,-1,-1
66,25,1572,544,92,152,1,-1,-1,-1
66,26,1062,547,92,132,1,-1,-1,-1
66,27,952,547,60,116,1,-1,-1,-1
66,28,872,482,50,160,1,-1,-1,-1
67,3,258,522,164,208,1,-1,-1,-1
67,18,1788,517,54,145,1,-1,-1,-1
67,24,1789,519,126,164,1,-1,-1,-1
67,25,1572,551,92,152,1,-1,-1,-1
67,27,951,554,60,116,1,-1,-1,-1
68,3,261,527,164,208,1,-1,-1,-1
68,18,1790,523,54,145,1,-1,-1,-1
68,24,1790,525,126,164,1,-1,-1,-1
68,25,1571,557,92,152,1,-1,-1,-1
68,27,949,560,60,116,1,-1,-1,-1
69,3,262,534,164,208,1,-1,-1,-1
69,18,1792,529,54,145,1,-1,-1,-1
69,24,1792,530,126,164,1,-1,-1,-1
69,25,1573,561,92,152,1,-1,-1,-1
70,3,264,539,164,208,1,-1,-1,-1
70,18,1794,531,54,145,1,-1,-1,-1
70,24,1795,536,126,164,1,-1,-1,-1
71,3,266,543,164,208,1,-1,-1,-1
71,18,1795,539,57,152,1,-1,-1,-1
71,24,1798,541,126,164,1,-1,-1,-1
72,3,269,547,164,208,1,-1,-1,-1
72,18,1797,542,57,152,1,-1,-1,-1
72,24,1800,546,126,164,1,-1,-1,-1
73,3,280,560,152,200,1,-1,-1,-1
73,18,1797,542,57,152,1,-1,-1,-1
73,24,1812,556,120,168,1,-1,-1,-1
73,29,1524,496,128,228,1,-1,-1,-1
73,30,1028,556,72,168,1,-1,-1,-1
74,3,282,563,152,200,1,-1,-1,-1
74,24,1815,559,120,168,1,-1,-1,-1
74,29,1524,498,128,228,1,-1,-1,-1
74,30,1025,562,72,168,1,-1,-1,-1
75,3,287,573,145,190,1,-1,-1,-1
75,24,1819,565,120,168,1,-1,-1,-1
75,29,1524,508,128,228,1,-1,-1,-1
75,30,1020,567,72,168,1,-1,-1,-1
76,3,286,572,152,200,1,-1,-1,-1
76,24,1821,569,120,168,1,-1,-1,-1
76,29,1522,512,128,228,1,-1,-1,-1
77,3,290,576,152,200,1,-1,-1,-1
77,24,1823,573,120,168,1,-1,-1,-1
77,29,1519,516,128,228,1,-1,-1,-1
78,3,293,580,152,200,1,-1,-1,-1
78,24,1826,578,120,168,1,-1,-1,-1
79,3,295,585,152,200,1,-1,-1,-1
79,24,1829,581,120,168,1,-1,-1,-1
80,3,298,590,152,200,1,-1,-1,-1
80,24,1831,585,120,168,1,-1,-1,-1
81,3,296,588,160,204,1,-1,-1,-1
81,24,1832,588,116,160,1,-1,-1,-1
81,31,1488,524,112,232,1,-1,-1,-1
82,3,297,590,160,204,1,-1,-1,-1
82,24,1834,590,116,160,1,-1,-1,-1
82,31,1488,527,112,232,1,-1,-1,-1
83,3,300,592,160,204,1,-1,-1,-1
83,24,1836,593,116,160,1,-1,-1,-1
83,31,1488,532,112,232,1,-1,-1,-1
84,3,302,594,160,204,1,-1,-1,-1
84,24,1838,595,116,160,1,-1,-1,-1
84,31,1487,537,112,232,1,-1,-1,-1
85,3,300,593,168,214,1,-1,-1,-1
85,24,1840,598,116,160,1,-1,-1,-1
85,31,1487,542,112,232,1,-1,-1,-1
86,3,305,599,160,204,1,-1,-1,-1
86,24,1841,601,116,160,1,-1,-1,-1
86,31,1487,545,112,232,1,-1,-1,-1
87,3,307,601,160,204,1,-1,-1,-1
87,24,1843,603,116,160,1,-1,-1,-1
87,31,1487,547,112,232,1,-1,-1,-1
88,3,308,603,160,204,1,-1,-1,-1
88,24,1845,605,116,160,1,-1,-1,-1
89,3,308,596,160,216,1,-1,-1,-1
89,24,1845,605,116,160,1,-1,-1,-1
89,32,1484,640,76,136,1,-1,-1,-1
89,33,1564,544,120,176,1,-1,-1,-1
90,3,309,597,160,216,1,-1,-1,-1
90,24,1847,608,116,160,1,-1,-1,-1
90,32,1484,639,76,136,1,-1,-1,-1
90,33,1565,545,120,176,1,-1,-1,-1
91,3,310,599,160,216,1,-1,-1,-1
91,24,1846,610,116,160,1,-1,-1,-1
91,32,1484,639,76,136,1,-1,-1,-1
91,33,1566,547,120,176,1,-1,-1,-1
92,3,311,600,160,216,1,-1,-1,-1
92,24,1847,611,116,160,1,-1,-1,-1
92,32,1483,639,76,136,1,-1,-1,-1
92,33,1569,553,114,168,1,-1,-1,-1
93,3,311,601,160,216,1,-1,-1,-1
93,24,1847,613,116,160,1,-1,-1,-1
93,32,1483,640,76,136,1,-1,-1,-1
93,33,1570,553,114,168,1,-1,-1,-1
94,3,311,602,160,216,1,-1,-1,-1
94,24,1846,614,116,160,1,-1,-1,-1
94,32,1480,641,76,136,1,-1,-1,-1
94,33,1571,555,114,168,1,-1,-1,-1
95,3,310,602,160,216,1,-1,-1,-1
95,24,1846,615,116,160,1,-1,-1,-1
95,33,1571,556,114,168,1,-1,-1,-1
96,3,310,603,160,216,1,-1,-1,-1
96,24,1846,616,116,160,1,-1,-1,-1
96,33,1567,553,120,176,1,-1,-1,-1
97,3,312,616,156,212,1,-1,-1,-1
97,24,1846,616,116,160,1,-1,-1,-1
97,33,1572,560,120,180,1,-1,-1,-1
97,34,1468,640,68,148,1,-1,-1,-1
98,3,312,616,156,212,1,-1,-1,-1
98,24,1842,614,122,168,1,-1,-1,-1
98,33,1573,560,120,180,1,-1,-1,-1
98,34,1466,640,68,148,1,-1,-1,-1
99,3,313,616,156,212,1,-1,-1,-1
99,24,1841,615,122,168,1,-1,-1,-1
99,33,1572,561,120,180,1,-1,-1,-1
99,34,1464,640,68,148,1,-1,-1,-1
100,3,313,617,156,212,1,-1,-1,-1
100,24,1839,617,122,168,1,-1,-1,-1
100,33,1573,562,120,180,1,-1,-1,-1
100,34,1462,639,68,148,1,-1,-1,-1
101,3,313,618,156,212,1,-1,-1,-1
101,24,1841,621,116,160,1,-1,-1,-1
101,33,1574,562,120,180,1,-1,-1,-1
102,3,313,618,156,212,1,-1,-1,-1
102,24,1840,621,116,160,1,-1,-1,-1
102,33,1573,562,120,180,1,-1,-1,-1
103,3,312,618,156,212,1,-1,-1,-1
103,24,1839,623,116,160,1,-1,-1,-1
103,33,1572,563,120,180,1,-1,-1,-1
104,3,311,618,156,212,1,-1,-1,-1
104,24,1838,624,116,160,1,-1,-1,-1
104,33,1572,564,120,180,1,-1,-1,-1
105,3,312,620,160,208,1,-1,-1,-1
105,24,1832,628,128,176,1,-1,-1,-1
105,33,1568,560,116,180,1,-1,-1,-1
105,35,1452,632,68,156,1,-1,-1,-1
105,36,876,592,64,156,1,-1,-1,-1
105,37,1004,552,56,132,1,-1,-1,-1
106,3,312,620,160,208,1,-1,-1,-1
106,24,1831,628,128,176,1,-1,-1,-1
106,33,1567,560,116,180,1,-1,-1,-1
106,35,1451,631,68,156,1,-1,-1,-1
106,36,874,595,64,156,1,-1,-1,-1
106,37,1006,553,56,132,1,-1,-1,-1
107,3,313,621,160,208,1,-1,-1,-1
107,24,1829,628,128,176,1,-1,-1,-1
107,33,1567,560,116,180,1,-1,-1,-1
107,35,1450,632,68,156,1,-1,-1,-1
107,36,872,599,64,156,1,-1,-1,-1
108,3,313,622,160,208,1,-1,-1,-1
108,24,1828,628,128,176,1,-1,-1,-1
108,33,1567,561,116,180,1,-1,-1,-1
108,35,1449,632,68,156,1,-1,-1,-1
108,36,870,597,64,156,1,-1,-1,-1
109,3,312,623,160,208,1,-1,-1,-1
109,24,1827,630,128,176,1,-1,-1,-1
109,33,1566,561,116,180,1,-1,-1,-1
110,3,312,622,160,208,1,-1,-1,-1
110,24,1827,630,128,176,1,-1,-1,-1
110,33,1566,561,116,180,1,-1,-1,-1
111,3,310,622,160,208,1,-1,-1,-1
111,24,1825,631,128,176,1,-1,-1,-1
111,33,1566,562,116,180,1,-1,-1,-1
112,3,310,622,160,208,1,-1,-1,-1
112,24,1823,632,128,176,1,-1,-1,-1
112,33,1566,562,116,180,1,-1,-1,-1
113,3,312,620,160,208,1,-1,-1,-1
113,24,1816,632,108,168,1,-1,-1,-1
113,33,1564,564,112,176,1,-1,-1,-1
113,38,1424,628,92,160,1,-1,-1,-1
113,39,1036,540,56,120,1,-1,-1,-1
113,40,868,584,52,156,1,-1,-1,-1
114,3,311,620,160,208,1,-1,-1,-1
114,24,1814,632,108,168,1,-1,-1,-1
114,33,1563,564,112,176,1,-1,-1,-1
114,38,1422,630,92,160,1,-1,-1,-1
114,39,1038,539,56,120,1,-1,-1,-1
114,40,867,584,52,156,1,-1,-1,-1
115,3,310,620,160,208,1,-1,-1,-1
115,24,1813,632,108,168,1,-1,-1,-1
115,33,1563,565,112,176,1,-1,-1,-1
115,38,1418,632,92,160,1,-1,-1,-1
115,40,865,584,52,156,1,-1,-1,-1
116,3,311,620,160,208,1,-1,-1,-1
116,24,1811,631,108,168,1,-1,-1,-1
116,33,1564,565,112,176,1,-1,-1,-1
116,38,1413,630,92,160,1,-1,-1,-1
116,40,864,578,55,164,1,-1,-1,-1
117,3,311,620,160,208,1,-1,-1,-1
117,24,1807,628,113,176,1,-1,-1,-1
117,33,1564,565,112,176,1,-1,-1,-1
118,3,310,620,160,208,1,-1,-1,-1
118,24,1803,628,113,176,1,-1,-1,-1
118,33,1562,565,112,176,1,-1,-1,-1
119,3,309,620,160,208,1,-1,-1,-1
119,24,1802,628,113,176,1,-1,-1,-1
119,33,1562,565,112,176,1,-1,-1,-1
120,3,308,620,160,208,1,-1,-1,-1
120,24,1800,629,113,176,1,-1,-1,-1
120,33,1561,566,112,176,1,-1,-1,-1
121,3,304,620,160,208,1,-1,-1,-1
121,24,1800,628,108,176,1,-1,-1,-1
121,33,1560,564,108,180,1,-1,-1,-1
121,41,1380,636,84,148,1,-1,-1,-1
121,42,876,572,72,168,1,-1,-1,-1
122,3,303,622,160,208,1,-1,-1,-1
122,24,1796,624,113,185,1,-1,-1,-1
122,33,1560,563,108,180,1,-1,-1,-1
122,41,1378,637,84,148,1,-1,-1,-1
122,42,877,573,72,168,1,-1,-1,-1
123,3,305,627,152,198,1,-1,-1,-1
123,24,1795,624,113,185,1,-1,-1,-1
123,33,1559,564,108,180,1,-1,-1,-1
123,41,1374,637,84,148,1,-1,-1,-1
123,42,878,575,72,168,1,-1,-1,-1
124,3,308,631,145,189,1,-1,-1,-1
124,24,1793,625,113,185,1,-1,-1,-1
124,33,1557,564,108,180,1,-1,-1,-1
124,41,1371,640,84,148,1,-1,-1,-1
125,3,307,633,145,189,1,-1,-1,-1
125,24,1791,625,113,185,1,-1,-1,-1
125,33,1555,565,108,180,1,-1,-1,-1
125,41,1367,643,84,148,1,-1,-1,-1
126,3,306,634,145,189,1,-1,-1,-1
126,24,1792,629,108,176,1,-1,-1,-1
126,33,1555,566,108,180,1,-1,-1,-1
126,41,1363,646,84,148,1,-1,-1,-1
127,3,303,634,145,189,1,-1,-1,-1
127,24,1790,629,108,176,1,-1,-1,-1
127,33,1553,566,108,180,1,-1,-1,-1
127,41,1362,646,84,148,1,-1,-1,-1
128,3,303,633,145,189,1,-1,-1,-1
128,24,1792,634,103,168,1,-1,-1,-1
128,33,1553,567,108,180,1,-1,-1,-1
128,41,1361,646,84,148,1,-1,-1,-1
129,3,292,620,164,212,1,-1,-1,-1
129,24,1780,632,116,192,1,-1,-1,-1
129,33,1548,568,108,180,1,-1,-1,-1
129,41,1356,628,76,148,1,-1,-1,-1
129,43,924,552,64,132,1,-1,-1,-1
130,3,291,620,164,212,1,-1,-1,-1
130,24,1780,632,116,192,1,-1,-1,-1
130,33,1547,567,108,180,1,-1,-1,-1
130,41,1355,627,76,148,1,-1,-1,-1
130,43,925,553,64,132,1,-1,-1,-1
131,3,289,620,164,212,1,-1,-1,-1
131,24,1779,632,116,192,1,-1,-1,-1
131,33,1546,566,108,180,1,-1,-1,-1
131,41,1353,627,76,148,1,-1,-1,-1
131,43,927,553,64,132,1,-1,-1,-1
132,3,288,621,164,212,1,-1,-1,-1
132,24,1776,633,116,192,1,-1,-1,-1
132,33,1544,568,108,180,1,-1,-1,-1
132,41,1348,623,80,155,1,-1,-1,-1
132,43,928,550,64,132,1,-1,-1,-1
133,3,287,621,164,212,1,-1,-1,-1
133,24,1776,632,116,192,1,-1,-1,-1
133,33,1543,569,108,180,1,-1,-1,-1
133,41,1346,622,80,155,1,-1,-1,-1
134,3,285,621,164,212,1,-1,-1,-1
134,24,1775,632,116,192,1,-1,-1,-1
134,33,1543,569,108,180,1,-1,-1,-1
134,41,1342,622,80,155,1,-1,-1,-1
135,3,284,622,164,212,1,-1,-1,-1
135,24,1776,637,110,183,1,-1,-1,-1
135,33,1541,570,108,180,1,-1,-1,-1
135,41,1338,621,80,155,1,-1,-1,-1
136,3,283,622,164,212,1,-1,-1,-1
136,24,1775,637,110,183,1,-1,-1,-1
136,33,1541,570,108,180,1,-1,-1,-1
136,41,1336,620,80,155,1,-1,-1,-1
137,3,280,632,160,200,1,-1,-1,-1
137,24,1764,640,124,160,1,-1,-1,-1
137,33,1540,580,112,172,1,-1,-1,-1
137,41,1324,648,88,140,1,-1,-1,-1
138,3,262,627,160,200,1,-1,-1,-1
138,24,1761,635,124,160,1,-1,-1,-1
138,33,1535,576,112,172,1,-1,-1,-1
138,41,1314,643,88,140,1,-1,-1,-1
139,3,255,628,160,200,1,-1,-1,-1
139,24,1770,635,124,160,1,-1,-1,-1
139,33,1540,574,112,172,1,-1,-1,-1
139,41,1315,642,88,140,1,-1,-1,-1
140,3,248,630,160,200,1,-1,-1,-1
140,24,1783,636,124,160,1,-1,-1,-1
140,33,1551,576,112,172,1,-1,-1,-1
140,41,1317,642,88,140,1,-1,-1,-1
141,3,230,633,160,200,1,-1,-1,-1
141,24,1798,639,124,160,1,-1,-1,-1
141,33,1561,578,112,172,1,-1,-1,-1
141,41,1323,646,84,133,1,-1,-1,-1
142,3,213,635,160,200,1,-1,-1,-1
142,24,1812,641,124,160,1,-1,-1,-1
142,33,1568,578,112,172,1,-1,-1,-1
142,41,1324,646,84,133,1,-1,-1,-1
143,3,201,639,160,200,1,-1,-1,-1
143,24,1825,643,124,160,1,-1,-1,-1
143,33,1580,580,112,172,1,-1,-1,-1
143,41,1328,652,80,127,1,-1,-1,-1
144,3,183,643,160,200,1,-1,-1,-1
144,24,1836,645,124,160,1,-1,-1,-1
144,33,1586,583,112,172,1,-1,-1,-1
144,41,1330,655,80,127,1,-1,-1,-1
145,3,164,624,180,236,1,-1,-1,-1
145,24,1856,636,128,192,1,-1,-1,-1
145,33,1596,564,120,200,1,-1,-1,-1
145,41,1332,632,88,172,1,-1,-1,-1
145,44,884,540,88,172,1,-1,-1,-1
146,3,144,627,180,236,1,-1,-1,-1
146,24,1868,636,128,192,1,-1,-1,-1
146,33,1601,564,120,200,1,-1,-1,-1
146,41,1333,633,88,172,1,-1,-1,-1
146,44,883,536,88,172,1,-1,-1,-1
147,3,125,628,180,236,1,-1,-1,-1
147,24,1880,637,128,192,1,-1,-1,-1
147,33,1609,565,120,200,1,-1,-1,-1
147,41,1333,634,88,172,1,-1,-1,-1
147,44,883,534,88,172,1,-1,-1,-1
148,3,104,627,180,236,1,-1,-1,-1
148,24,1893,636,128,192,1,-1,-1,-1
148,33,1615,563,120,200,1,-1,-1,-1
148,41,1333,633,88,172,1,-1,-1,-1
149,3,88,626,180,236,1,-1,-1,-1
149,24,1904,637,128,192,1,-1,-1,-1
149,33,1622,561,120,200,1,-1,-1,-1
149,41,1334,632,88,172,1,-1,-1,-1
150,3,66,626,180,236,1,-1,-1,-1
150,24,1911,633,134,202,1,-1,-1,-1
150,33,1625,555,126,210,1,-1,-1,-1
150,41,1333,631,88,172,1,-1,-1,-1
151,3,43,626,180,236,1,-1,-1,-1
151,24,1922,631,134,202,1,-1,-1,-1
151,33,1629,554,126,210,1,-1,-1,-1
151,41,1331,631,88,172,1,-1,-1,-1
152,3,18,619,189,248,1,-1,-1,-1
152,24,1934,625,141,212,1,-1,-1,-1
152,33,1637,553,126,210,1,-1,-1,-1
152,41,1331,628,88,172,1,-1,-1,-1
153,3,18,619,189,248,1,-1,-1,-1
153,24,1928,608,156,224,1,-1,-1,-1
153,33,1632,532,144,244,1,-1,-1,-1
153,41,1308,612,100,196,1,-1,-1,-1
154,3,-27,616,189,248,1,-1,-1,-1
154,24,1938,606,156,224,1,-1,-1,-1
154,33,1637,529,144,244,1,-1,-1,-1
154,41,1308,609,100,196,1,-1,-1,-1
155,24,1956,606,156,224,1,-1,-1,-1
155,33,1648,528,144,244,1,-1,-1,-1
155,41,1311,608,100,196,1,-1,-1,-1
156,24,1961,602,156,224,1,-1,-1,-1
156,33,1649,523,144,244,1,-1,-1,-1
156,41,1309,602,100,196,1,-1,-1,-1
157,24,1977,601,156,224,1,-1,-1,-1
157,33,1659,522,144,244,1,-1,-1,-1
157,41,1309,599,100,196,1,-1,-1,-1
158,24,1989,595,164,235,1,-1,-1,-1
158,33,1663,514,151,256,1,-1,-1,-1
158,41,1308,594,105,206,1,-1,-1,-1
159,24,1997,589,172,247,1,-1,-1,-1
159,33,1671,510,151,256,1,-1,-1,-1
159,41,1309,591,105,206,1,-1,-1,-1
160,24,2016,589,172,247,1,-1,-1,-1
160,33,1681,504,159,269,1,-1,-1,-1
160,41,1308,587,110,216,1,-1,-1,-1
161,24,2020,584,184,264,1,-1,-1,-1
161,33,1688,492,160,272,1,-1,-1,-1
161,41,1296,584,124,236,1,-1,-1,-1
162,24,2023,580,184,264,1,-1,-1,-1
162,33,1688,488,160,272,1,-1,-1,-1
162,41,1291,581,124,236,1,-1,-1,-1
163,24,2025,577,184,264,1,-1,-1,-1
163,33,1687,484,160,272,1,-1,-1,-1
163,41,1287,578,124,236,1,-1,-1,-1
164,24,2023,574,184,264,1,-1,-1,-1
164,33,1683,482,160,272,1,-1,-1,-1
164,41,1277,572,130,248,1,-1,-1,-1
165,24,2021,572,184,264,1,-1,-1,-1
165,33,1678,480,160,272,1,-1,-1,-1
165,41,1273,570,130,248,1,-1,-1,-1
166,24,2016,570,184,264,1,-1,-1,-1
166,33,1675,478,160,272,1,-1,-1,-1
166,41,1269,568,130,248,1,-1,-1,-1
167,24,2013,567,184,264,1,-1,-1,-1
167,33,1672,477,160,272,1,-1,-1,-1
167,41,1265,564,130,248,1,-1,-1,-1
168,24,2010,565,184,264,1,-1,-1,-1
168,33,1669,475,160,272,1,-1,-1,-1
168,41,1265,570,124,236,1,-1,-1,-1
169,24,2008,568,176,268,1,-1,-1,-1
169,33,1664,468,168,268,1,-1,-1,-1
169,41,1252,568,128,240,1,-1,-1,-1
169,45,792,320,140,312,1,-1,-1,-1
170,24,2007,568,176,268,1,-1,-1,-1
170,33,1663,466,168,268,1,-1,-1,-1
170,41,1249,567,128,240,1,-1,-1,-1
170,45,789,318,140,312,1,-1,-1,-1
171,24,2004,567,176,268,1,-1,-1,-1
171,33,1661,466,168,268,1,-1,-1,-1
171,41,1247,567,128,240,1,-1,-1,-1
171,45,788,320,140,312,1,-1,-1,-1
172,24,2002,566,176,268,1,-1,-1,-1
172,33,1659,466,168,268,1,-1,-1,-1
172,41,1245,566,128,240,1,-1,-1,-1
172,45,789,316,140,312,1,-1,-1,-1
173,24,2000,567,176,268,1,-1,-1,-1
173,33,1656,466,168,268,1,-1,-1,-1
173,41,1237,559,134,252,1,-1,-1,-1
174,24,1996,566,176,268,1,-1,-1,-1
174,33,1651,459,176,281,1,-1,-1,-1
174,41,1234,560,134,252,1,-1,-1,-1
175,24,1993,566,176,268,1,-1,-1,-1
175,33,1651,467,168,268,1,-1,-1,-1
175,41,1229,561,134,252,1,-1,-1,-1
176,24,1990,567,176,268,1,-1,-1,-1
176,33,1647,467,168,268,1,-1,-1,-1
176,41,1226,561,134,252,1,-1,-1,-1
177,24,1980,564,188,268,1,-1,-1,-1
177,33,1640,468,184,264,1,-1,-1,-1
177,41,1216,552,144,252,1,-1,-1,-1
178,24,1977,565,188,268,1,-1,-1,-1
178,33,1637,468,184,264,1,-1,-1,-1
178,41,1213,551,144,252,1,-1,-1,-1
179,24,1974,566,188,268,1,-1,-1,-1
179,33,1632,470,184,264,1,-1,-1,-1
179,41,1209,552,144,252,1,-1,-1,-1
180,24,1968,566,188,268,1,-1,-1,-1
180,33,1628,471,184,264,1,-1,-1,-1
180,41,1203,551,144,252,1,-1,-1,-1
181,24,1954,563,197,281,1,-1,-1,-1
181,33,1616,472,184,264,1,-1,-1,-1
181,41,1192,552,144,252,1,-1,-1,-1
182,24,1943,566,197,281,1,-1,-1,-1
182,33,1606,474,184,264,1,-1,-1,-1
182,41,1180,553,144,252,1,-1,-1,-1
183,24,1933,566,197,281,1,-1,-1,-1
183,33,1596,477,184,264,1,-1,-1,-1
183,41,1168,554,144,252,1,-1,-1,-1
184,24,1919,568,197,281,1,-1,-1,-1
184,33,1583,478,184,264,1,-1,-1,-1
184,41,1156,553,144,252,1,-1,-1,-1
185,24,1916,576,180,268,1,-1,-1,-1
185,33,1576,472,172,292,1,-1,-1,-1
185,41,1144,560,136,252,1,-1,-1,-1
185,46,624,336,64,204,1,-1,-1,-1
186,24,1903,571,189,281,1,-1,-1,-1
186,33,1563,468,181,307,1,-1,-1,-1
186,41,1138,565,130,240,1,-1,-1,-1
187,24,1893,573,189,281,1,-1,-1,-1
187,33,1555,471,181,307,1,-1,-1,-1
187,41,1128,568,130,240,1,-1,-1,-1
188,24,1886,573,189,281,1,-1,-1,-1
188,33,1544,471,181,307,1,-1,-1,-1
188,41,1118,568,130,240,1,-1,-1,-1
189,24,1877,575,189,281,1,-1,-1,-1
189,33,1536,471,181,307,1,-1,-1,-1
189,41,1110,568,130,240,1,-1,-1,-1
190,24,1870,575,189,281,1,-1,-1,-1
190,33,1529,469,181,307,1,-1,-1,-1
190,41,1101,569,130,240,1,-1,-1,-1
191,24,1863,576,189,281,1,-1,-1,-1
191,33,1523,469,181,307,1,-1,-1,-1
191,41,1092,570,130,240,1,-1,-1,-1
192,24,1856,576,189,281,1,-1,-1,-1
192,33,1515,471,181,307,1,-1,-1,-1
192,41,1084,569,130,240,1,-1,-1,-1
193,24,1852,580,180,280,1,-1,-1,-1
193,33,1512,484,168,296,1,-1,-1,-1
193,41,1072,580,136,232,1,-1,-1,-1
193,47,664,356,132,256,1,-1,-1,-1
193,48,520,344,80,196,1,-1,-1,-1
194,24,1848,580,180,280,1,-1,-1,-1
194,33,1507,485,168,296,1,-1,-1,-1
194,41,1068,580,136,232,1,-1,-1,-1
194,47,659,356,132,256,1,-1,-1,-1
194,48,515,349,80,196,1,-1,-1,-1
195,24,1843,580,180,280,1,-1,-1,-1
195,33,1502,485,168,296,1,-1,-1,-1
195,41,1061,581,136,232,1,-1,-1,-1
195,47,653,362,132,256,1,-1,-1,-1
196,24,1838,581,180,280,1,-1,-1,-1
196,33,1497,486,168,296,1,-1,-1,-1
196,41,1053,581,136,232,1,-1,-1,-1
197,24,1831,583,180,280,1,-1,-1,-1
197,33,1492,488,168,296,1,-1,-1,-1
197,41,1044,583,136,232,1,-1,-1,-1
198,24,1825,582,180,280,1,-1,-1,-1
198,33,1483,478,176,311,1,-1,-1,-1
198,41,1037,584,136,232,1,-1,-1,-1
199,24,1819,582,180,280,1,-1,-1,-1
199,33,1477,478,176,311,1,-1,-1,-1
199,41,1033,585,136,232,1,-1,-1,-1
200,24,1812,583,180,280,1,-1,-1,-1
200,33,1470,478,176,311,1,-1,-1,-1
200,41,1029,593,130,221,1,-1,-1,-1
201,24,1804,584,184,276,1,-1,-1,-1
201,33,1460,492,164,284,1,-1,-1,-1
201,41,1024,576,112,244,1,-1,-1,-1
201,49,428,348,80,176,1,-1,-1,-1
201,50,608,368,48,188,1,-1,-1,-1
202,24,1799,584,184,276,1,-1,-1,-1
202,33,1455,492,164,284,1,-1,-1,-1
202,41,1018,576,112,244,1,-1,-1,-1
202,49,422,350,80,176,1,-1,-1,-1
202,50,602,361,50,197,1,-1,-1,-1
203,24,1789,576,193,290,1,-1,-1,-1
203,33,1449,493,164,284,1,-1,-1,-1
203,41,1012,576,112,244,1,-1,-1,-1
203,49,417,348,80,176,1,-1,-1,-1
204,24,1782,578,193,290,1,-1,-1,-1
204,33,1442,493,164,284,1,-1,-1,-1
204,41,1005,577,112,244,1,-1,-1,-1
205,24,1775,578,193,290,1,-1,-1,-1
205,33,1436,492,164,284,1,-1,-1,-1
205,41,995,571,118,256,1,-1,-1,-1
206,24,1768,578,193,290,1,-1,-1,-1
206,33,1430,491,164,284,1,-1,-1,-1
206,41,987,571,118,256,1,-1,-1,-1
207,24,1767,585,184,276,1,-1,-1,-1
207,33,1424,491,164,284,1,-1,-1,-1
207,41,980,569,118,256,1,-1,-1,-1
208,24,1763,584,184,276,1,-1,-1,-1
208,33,1417,491,164,284,1,-1,-1,-1
208,41,976,567,118,256,1,-1,-1,-1
209,24,1752,584,180,280,1,-1,-1,-1
209,33,1412,488,160,288,1,-1,-1,-1
209,41,972,560,100,252,1,-1,-1,-1
209,51,360,336,108,180,1,-1,-1,-1
210,24,1749,583,180,280,1,-1,-1,-1
210,33,1408,486,160,288,1,-1,-1,-1
210,41,969,559,100,252,1,-1,-1,-1
210,51,355,336,108,180,1,-1,-1,-1
211,24,1746,583,180,280,1,-1,-1,-1
211,33,1404,486,160,288,1,-1,-1,-1
211,41,965,557,100,252,1,-1,-1,-1
211,51,346,334,108,180,1,-1,-1,-1
212,24,1745,589,171,267,1,-1,-1,-1
212,33,1399,484,160,288,1,-1,-1,-1
212,41,961,556,100,252,1,-1,-1,-1
212,51,338,337,103,171,1,-1,-1,-1
213,24,1736,579,180,280,1,-1,-1,-1
213,33,1395,484,160,288,1,-1,-1,-1
213,41,957,553,100,252,1,-1,-1,-1
214,24,1733,578,180,280,1,-1,-1,-1
214,33,1389,473,168,302,1,-1,-1,-1
214,41,952,549,100,252,1,-1,-1,-1
215,24,1727,575,180,280,1,-1,-1,-1
215,33,1387,474,168,302,1,-1,-1,-1
215,41,947,546,100,252,1,-1,-1,-1
216,24,1722,572,180,280,1,-1,-1,-1
216,33,1384,473,168,302,1,-1,-1,-1
216,41,943,542,100,252,1,-1,-1,-1
217,24,1716,560,184,272,1,-1,-1,-1
217,33,1372,468,176,276,1,-1,-1,-1
217,41,932,536,108,256,1,-1,-1,-1
217,52,260,320,112,156,1,-1,-1,-1
217,53,540,340,88,220,1,-1,-1,-1
217,54,472,320,64,200,1,-1,-1,-1
218,24,1717,564,175,259,1,-1,-1,-1
218,33,1374,472,168,263,1,-1,-1,-1
218,41,930,533,108,256,1,-1,-1,-1
218,52,256,318,112,156,1,-1,-1,-1
218,53,534,338,92,231,1,-1,-1,-1
218,54,470,319,64,200,1,-1,-1,-1
219,24,1715,560,175,259,1,-1,-1,-1
219,33,1370,470,168,263,1,-1,-1,-1
219,41,925,527,108,256,1,-1,-1,-1
219,52,250,317,112,156,1,-1,-1,-1
219,53,530,338,92,231,1,-1,-1,-1
220,24,1710,557,175,259,1,-1,-1,-1
220,33,1366,467,168,263,1,-1,-1,-1
220,41,921,524,108,256,1,-1,-1,-1
220,53,527,333,97,243,1,-1,-1,-1
221,24,1708,554,175,259,1,-1,-1,-1
221,33,1362,463,168,263,1,-1,-1,-1
221,41,917,521,108,256,1,-1,-1,-1
222,24,1705,550,175,259,1,-1,-1,-1
222,33,1360,461,168,263,1,-1,-1,-1
222,41,913,518,108,256,1,-1,-1,-1
223,24,1701,546,175,259,1,-1,-1,-1
223,33,1357,457,168,263,1,-1,-1,-1
223,41,910,516,108,256,1,-1,-1,-1
224,24,1705,541,175,259,1,-1,-1,-1
224,33,1359,451,168,263,1,-1,-1,-1
224,41,911,513,108,256,1,-1,-1,-1
225,24,1700,536,184,264,1,-1,-1,-1
225,33,1356,440,168,268,1,-1,-1,-1
225,41,920,500,88,264,1,-1,-1,-1
225,55,184,288,184,172,1,-1,-1,-1
225,56,524,320,100,220,1,-1,-1,-1
226,24,1699,534,184,264,1,-1,-1,-1
226,33,1358,446,160,255,1,-1,-1,-1
226,41,918,499,88,264,1,-1,-1,-1
226,55,180,285,184,172,1,-1,-1,-1
226,56,522,317,100,220,1,-1,-1,-1
227,24,1696,532,184,264,1,-1,-1,-1
227,33,1356,443,160,255,1,-1,-1,-1
227,41,916,498,88,264,1,-1,-1,-1
227,55,176,281,184,172,1,-1,-1,-1
227,56,519,313,100,220,1,-1,-1,-1
228,24,1694,530,184,264,1,-1,-1,-1
228,33,1353,441,160,255,1,-1,-1,-1
228,41,913,497,88,264,1,-1,-1,-1
228,55,173,277,184,172,1,-1,-1,-1
228,56,515,307,100,220,1,-1,-1,-1
229,24,1693,528,184,264,1,-1,-1,-1
229,33,1351,440,160,255,1,-1,-1,-1
229,41,911,495,88,264,1,-1,-1,-1
229,55,169,274,184,172,1,-1,-1,-1
229,56,512,305,100,220,1,-1,-1,-1
230,24,1691,526,184,264,1,-1,-1,-1
230,33,1347,432,168,268,1,-1,-1,-1
230,41,909,494,88,264,1,-1,-1,-1
230,55,165,271,184,172,1,-1,-1,-1
230,56,509,307,100,220,1,-1,-1,-1
231,24,1690,524,184,264,1,-1,-1,-1
231,33,1346,429,168,268,1,-1,-1,-1
231,41,906,492,88,264,1,-1,-1,-1
231,55,162,270,184,172,1,-1,-1,-1
231,56,508,309,100,220,1,-1,-1,-1
232,24,1688,524,184,264,1,-1,-1,-1
232,33,1346,428,168,268,1,-1,-1,-1
232,41,905,490,88,264,1,-1,-1,-1
232,55,163,270,184,172,1,-1,-1,-1
232,56,507,311,100,220,1,-1,-1,-1
233,24,1688,524,188,264,1,-1,-1,-1
233,33,1352,424,160,280,1,-1,-1,-1
233,41,896,488,96,268,1,-1,-1,-1
233,55,132,268,204,184,1,-1,-1,-1
233,56,460,308,148,208,1,-1,-1,-1
233,57,384,304,88,164,1,-1,-1,-1
234,24,1688,523,188,264,1,-1,-1,-1
234,33,1352,422,160,280,1,-1,-1,-1
234,41,896,487,96,268,1,-1,-1,-1
234,55,131,267,204,184,1,-1,-1,-1
234,56,458,306,148,208,1,-1,-1,-1
234,57,382,301,88,164,1,-1,-1,-1
235,24,1686,523,188,264,1,-1,-1,-1
235,33,1352,422,160,280,1,-1,-1,-1
235,41,895,487,96,268,1,-1,-1,-1
235,55,130,266,204,184,1,-1,-1,-1
235,56,456,303,148,208,1,-1,-1,-1
235,57,381,297,88,164,1,-1,-1,-1
236,24,1684,522,188,264,1,-1,-1,-1
236,33,1353,421,160,280,1,-1,-1,-1
236,41,895,487,96,268,1,-1,-1,-1
236,55,130,263,204,184,1,-1,-1,-1
236,56,454,301,148,208,1,-1,-1,-1
236,57,378,291,88,164,1,-1,-1,-1
237,24,1687,520,188,264,1,-1,-1,-1
237,33,1359,425,152,267,1,-1,-1,-1
237,41,897,486,96,268,1,-1,-1,-1
237,55,133,262,204,184,1,-1,-1,-1
237,56,453,298,148,208,1,-1,-1,-1
237,57,377,288,88,164,1,-1,-1,-1
238,24,1693,519,188,264,1,-1,-1,-1
238,33,1364,424,152,267,1,-1,-1,-1
238,41,904,483,96,268,1,-1,-1,-1
238,55,140,261,204,184,1,-1,-1,-1
238,56,457,295,148,208,1,-1,-1,-1
238,57,381,286,88,164,1,-1,-1,-1
239,24,1702,518,188,264,1,-1,-1,-1
239,33,1373,423,152,267,1,-1,-1,-1
239,41,910,484,96,268,1,-1,-1,-1
239,55,148,259,204,184,1,-1,-1,-1
239,56,462,292,148,208,1,-1,-1,-1
239,57,384,286,88,164,1,-1,-1,-1
240,24,1710,517,188,264,1,-1,-1,-1
240,33,1384,423,152,267,1,-1,-1,-1
240,41,921,484,96,268,1,-1,-1,-1
240,55,158,258,204,184,1,-1,-1,-1
240,56,468,290,148,208,1,-1,-1,-1
241,24,1712,512,208,256,1,-1,-1,-1
241,33,1388,408,168,272,1,-1,-1,-1
241,41,928,500,108,248,1,-1,-1,-1
241,55,188,248,180,188,1,-1,-1,-1
241,56,484,276,140,232,1,-1,-1,-1
242,24,1721,511,208,256,1,-1,-1,-1
242,33,1400,414,160,259,1,-1,-1,-1
242,41,937,499,108,248,1,-1,-1,-1
242,55,198,247,180,188,1,-1,-1,-1
242,56,490,275,140,232,1,-1,-1,-1
243,24,1731,511,208,256,1,-1,-1,-1
243,33,1413,412,160,259,1,-1,-1,-1
243,41,949,499,108,248,1,-1,-1,-1
243,55,209,245,180,188,1,-1,-1,-1
243,56,502,281,133,221,1,-1,-1,-1
244,24,1741,511,208,256,1,-1,-1,-1
244,33,1422,413,160,259,1,-1,-1,-1
244,41,961,499,108,248,1,-1,-1,-1
244,55,219,245,180,188,1,-1,-1,-1
244,56,511,281,133,221,1,-1,-1,-1
245,24,1754,517,198,244,1,-1,-1,-1
245,33,1433,413,160,259,1,-1,-1,-1
245,41,970,497,108,248,1,-1,-1,-1
245,55,230,245,180,188,1,-1,-1,-1
245,56,520,280,133,221,1,-1,-1,-1
246,24,1769,522,189,232,1,-1,-1,-1
246,33,1446,411,160,259,1,-1,-1,-1
246,41,982,497,108,248,1,-1,-1,-1
246,55,242,244,180,188,1,-1,-1,-1
246,56,531,281,133,221,1,-1,-1,-1
247,24,1780,523,189,232,1,-1,-1,-1
247,33,1455,410,160,259,1,-1,-1,-1
247,41,990,493,108,248,1,-1,-1,-1
247,55,252,242,180,188,1,-1,-1,-1
247,56,541,279,133,221,1,-1,-1,-1
248,24,1791,522,189,232,1,-1,-1,-1
248,33,1465,411,160,259,1,-1,-1,-1
248,41,997,488,113,260,1,-1,-1,-1
248,55,262,242,180,188,1,-1,-1,-1
248,56,556,278,133,221,1,-1,-1,-1
249,24,1784,512,204,252,1,-1,-1,-1
249,33,1480,400,168,276,1,-1,-1,-1
249,41,997,488,113,260,1,-1,-1,-1
249,55,272,240,184,192,1,-1,-1,-1
249,56,556,278,133,221,1,-1,-1,-1
250,24,1802,511,204,252,1,-1,-1,-1
250,33,1493,399,168,276,1,-1,-1,-1
250,41,1019,484,113,260,1,-1,-1,-1
250,55,275,232,184,192,1,-1,-1,-1
250,56,569,270,133,221,1,-1,-1,-1
251,24,1821,508,204,252,1,-1,-1,-1
251,33,1511,393,168,276,1,-1,-1,-1
251,41,1027,479,113,260,1,-1,-1,-1
251,55,279,230,184,192,1,-1,-1,-1
251,56,575,266,133,221,1,-1,-1,-1
252,24,1839,508,204,252,1,-1,-1,-1
252,33,1518,385,176,290,1,-1,-1,-1
252,41,1035,473,119,273,1,-1,-1,-1
252,55,281,224,184,192,1,-1,-1,-1
253,24,1860,507,204,252,1,-1,-1,-1
253,33,1541,382,176,290,1,-1,-1,-1
253,41,1045,472,119,273,1,-1,-1,-1
253,55,283,217,184,192,1,-1,-1,-1
254,24,1884,508,204,252,1,-1,-1,-1
254,33,1564,386,168,276,1,-1,-1,-1
254,55,287,213,184,192,1,-1,-1,-1
255,24,1913,506,204,252,1,-1,-1,-1
255,33,1588,383,168,276,1,-1,-1,-1
255,55,287,206,184,192,1,-1,-1,-1
256,24,1938,505,204,252,1,-1,-1,-1
256,33,1607,382,168,276,1,-1,-1,-1
256,55,282,202,184,192,1,-1,-1,-1
257,24,1964,500,216,260,1,-1,-1,-1
257,33,1616,368,208,304,1,-1,-1,-1
257,55,268,180,200,220,1,-1,-1,-1
257,58,1084,456,144,276,1,-1,-1,-1
257,59,484,228,264,244,1,-1,-1,-1
258,24,1987,502,216,260,1,-1,-1,-1
258,33,1638,367,208,304,1,-1,-1,-1
258,55,264,176,200,220,1,-1,-1,-1
258,58,1090,458,144,276,1,-1,-1,-1
258,59,484,225,264,244,1,-1,-1,-1
259,24,2006,495,227,273,1,-1,-1,-1
259,33,1656,364,208,304,1,-1,-1,-1
259,55,258,171,200,220,1,-1,-1,-1
259,58,1098,458,144,276,1,-1,-1,-1
259,59,481,223,264,244,1,-1,-1,-1
260,24,2032,494,227,273,1,-1,-1,-1
260,33,1676,365,208,304,1,-1,-1,-1
260,55,254,164,200,220,1,-1,-1,-1
260,58,1107,458,144,276,1,-1,-1,-1
260,59,479,220,264,244,1,-1,-1,-1
261,24,2057,496,227,273,1,-1,-1,-1
261,33,1693,365,208,304,1,-1,-1,-1
261,55,246,158,200,220,1,-1,-1,-1
261,58,1115,459,144,276,1,-1,-1,-1
261,59,473,212,264,244,1,-1,-1,-1
262,24,2077,494,227,273,1,-1,-1,-1
262,33,1706,356,218,319,1,-1,-1,-1
262,55,235,147,200,220,1,-1,-1,-1
262,58,1121,457,144,276,1,-1,-1,-1
262,59,469,207,264,244,1,-1,-1,-1
263,24,2093,487,238,287,1,-1,-1,-1
263,33,1723,353,218,319,1,-1,-1,-1
263,55,227,138,200,220,1,-1,-1,-1
263,58,1125,456,144,276,1,-1,-1,-1
263,59,457,191,277,256,1,-1,-1,-1
264,24,2116,489,238,287,1,-1,-1,-1
264,33,1742,362,208,304,1,-1,-1,-1
264,55,214,133,200,220,1,-1,-1,-1
264,58,1129,456,144,276,1,-1,-1,-1
264,59,451,184,277,256,1,-1,-1,-1
265,24,2116,489,238,287,1,-1,-1,-1
265,33,1756,328,248,352,1,-1,-1,-1
265,55,196,120,220,224,1,-1,-1,-1
265,58,1128,436,168,320,1,-1,-1,-1
265,59,451,184,277,256,1,-1,-1,-1
266,24,2158,488,238,287,1,-1,-1,-1
266,33,1772,326,248,352,1,-1,-1,-1
266,55,187,116,220,224,1,-1,-1,-1
266,58,1130,437,168,320,1,-1,-1,-1
266,59,434,167,291,269,1,-1,-1,-1
267,24,2180,484,250,301,1,-1,-1,-1
267,33,1786,317,260,370,1,-1,-1,-1
267,55,176,107,220,224,1,-1,-1,-1
267,58,1130,427,176,336,1,-1,-1,-1
267,59,428,160,291,269,1,-1,-1,-1
268,24,2203,489,250,301,1,-1,-1,-1
268,33,1800,316,260,370,1,-1,-1,-1
268,55,162,101,220,224,1,-1,-1,-1
268,58,1132,430,176,336,1,-1,-1,-1
268,59,420,154,291,269,1,-1,-1,-1
269,24,2227,490,250,301,1,-1,-1,-1
269,33,1823,316,260,370,1,-1,-1,-1
269,55,149,97,220,224,1,-1,-1,-1
269,58,1136,431,176,336,1,-1,-1,-1
269,59,418,151,291,269,1,-1,-1,-1
