1,0,2192,204,256,452,1,-1,-1,-1
1,1,896,0,200,76,1,-1,-1,-1
1,2,436,364,644,732,1,-1,-1,-1
1,3,628,72,180,164,1,-1,-1,-1
2,0,2188,201,256,452,1,-1,-1,-1
2,1,886,0,200,76,1,-1,-1,-1
2,2,431,358,644,732,1,-1,-1,-1
2,3,623,71,180,164,1,-1,-1,-1
3,0,2187,209,256,452,1,-1,-1,-1
3,1,881,-2,200,76,1,-1,-1,-1
3,2,425,359,644,732,1,-1,-1,-1
3,3,619,71,180,164,1,-1,-1,-1
4,0,2175,203,256,452,1,-1,-1,-1
4,1,862,-1,200,76,1,-1,-1,-1
4,2,422,361,644,732,1,-1,-1,-1
4,3,605,72,180,164,1,-1,-1,-1
5,0,2169,202,256,452,1,-1,-1,-1
5,1,855,-1,200,76,1,-1,-1,-1
5,3,601,70,180,164,1,-1,-1,-1
6,0,2163,201,256,452,1,-1,-1,-1
6,1,851,-1,200,76,1,-1,-1,-1
6,3,599,69,180,164,1,-1,-1,-1
7,0,2160,199,256,452,1,-1,-1,-1
7,3,596,70,180,164,1,-1,-1,-1
8,0,2155,203,256,452,1,-1,-1,-1
8,3,589,73,180,164,1,-1,-1,-1
9,0,2152,208,260,452,1,-1,-1,-1
9,3,580,80,224,160,1,-1,-1,-1
9,4,416,368,644,728,1,-1,-1,-1
9,5,1000,116,396,320,1,-1,-1,-1
9,6,2404,104,152,188,1,-1,-1,-1
9,7,1492,160,340,216,1,-1,-1,-1
10,0,2152,210,260,452,1,-1,-1,-1
10,3,579,81,224,160,1,-1,-1,-1
10,4,419,371,644,728,1,-1,-1,-1
10,5,994,117,396,320,1,-1,-1,-1
10,6,2400,104,152,188,1,-1,-1,-1
10,7,1489,163,340,216,1,-1,-1,-1
11,0,2152,211,260,452,1,-1,-1,-1
11,3,577,83,224,160,1,-1,-1,-1
11,4,433,385,613,693,1,-1,-1,-1
11,5,990,123,396,320,1,-1,-1,-1
11,6,2397,107,152,188,1,-1,-1,-1
11,7,1486,168,340,216,1,-1,-1,-1
12,0,2152,214,260,452,1,-1,-1,-1
12,3,577,86,224,160,1,-1,-1,-1
12,4,434,388,613,693,1,-1,-1,-1
12,5,985,126,396,320,1,-1,-1,-1
12,6,2394,109,152,188,1,-1,-1,-1
12,7,1482,170,340,216,1,-1,-1,-1
13,0,2144,207,273,475,1,-1,-1,-1
13,3,577,89,224,160,1,-1,-1,-1
13,4,431,391,613,693,1,-1,-1,-1
13,6,2389,112,152,188,1,-1,-1,-1
13,7,1479,174,340,216,1,-1,-1,-1
14,0,2144,211,273,475,1,-1,-1,-1
14,3,575,93,224,160,1,-1,-1,-1
14,4,433,396,613,693,1,-1,-1,-1
14,6,2385,114,152,188,1,-1,-1,-1
14,7,1477,177,340,216,1,-1,-1,-1
15,0,2141,213,273,475,1,-1,-1,-1
15,3,575,94,224,160,1,-1,-1,-1
15,4,435,393,613,693,1,-1,-1,-1
15,6,2382,117,152,188,1,-1,-1,-1
15,7,1474,180,340,216,1,-1,-1,-1
16,0,2140,215,273,475,1,-1,-1,-1
16,3,575,97,224,160,1,-1,-1,-1
17,0,2144,232,268,452,1,-1,-1,-1
17,3,575,97,224,160,1,-1,-1,-1
17,8,420,388,644,728,1,-1,-1,-1
17,9,4,504,388,484,1,-1,-1,-1
17,10,1784,364,256,424,1,-1,-1,-1
17,11,1424,376,388,412,1,-1,-1,-1
18,0,2144,233,268,452,1,-1,-1,-1
18,3,573,106,224,160,1,-1,-1,-1
18,8,420,388,644,728,1,-1,-1,-1
18,9,6,507,388,484,1,-1,-1,-1
18,10,1784,367,256,424,1,-1,-1,-1
18,11,1423,378,388,412,1,-1,-1,-1
19,0,2144,240,268,452,1,-1,-1,-1
19,3,575,110,224,160,1,-1,-1,-1
19,8,424,395,644,728,1,-1,-1,-1
19,9,5,510,388,484,1,-1,-1,-1
19,10,1785,371,256,424,1,-1,-1,-1
19,11,1420,384,388,412,1,-1,-1,-1
20,0,2153,254,255,430,1,-1,-1,-1
20,3,578,115,224,160,1,-1,-1,-1
20,8,424,397,644,728,1,-1,-1,-1
20,9,5,517,388,484,1,-1,-1,-1
20,10,1786,376,256,424,1,-1,-1,-1
20,11,1418,385,388,412,1,-1,-1,-1
21,0,2152,256,255,430,1,-1,-1,-1
21,3,578,119,224,160,1,-1,-1,-1
21,8,425,398,644,728,1,-1,-1,-1
21,9,7,520,388,484,1,-1,-1,-1
21,10,1785,378,256,424,1,-1,-1,-1
21,11,1417,391,388,412,1,-1,-1,-1
22,0,2153,262,255,430,1,-1,-1,-1
22,8,428,407,644,728,1,-1,-1,-1
22,9,6,525,388,484,1,-1,-1,-1
22,10,1791,392,244,404,1,-1,-1,-1
22,11,1427,403,370,392,1,-1,-1,-1
23,0,2157,266,255,430,1,-1,-1,-1
23,8,431,414,644,728,1,-1,-1,-1
23,9,0,520,407,508,1,-1,-1,-1
23,10,1796,397,244,404,1,-1,-1,-1
24,0,2158,269,255,430,1,-1,-1,-1
24,8,432,417,644,728,1,-1,-1,-1
24,9,4,525,407,508,1,-1,-1,-1
24,10,1797,399,244,404,1,-1,-1,-1
25,0,2156,264,256,452,1,-1,-1,-1
25,8,436,424,680,724,1,-1,-1,-1
25,9,4,536,384,488,1,-1,-1,-1
25,10,1808,396,252,408,1,-1,-1,-1
25,12,1432,412,380,412,1,-1,-1,-1
25,13,0,368,464,504,1,-1,-1,-1
25,14,1612,276,344,228,1,-1,-1,-1
25,15,1404,224,348,240,1,-1,-1,-1
25,16,936,180,404,324,1,-1,-1,-1
25,17,592,140,204,160,1,-1,-1,-1
26,0,2165,278,244,430,1,-1,-1,-1
26,8,438,427,680,724,1,-1,-1,-1
26,9,-1,528,403,512,1,-1,-1,-1
26,10,1817,410,240,389,1,-1,-1,-1
26,12,1431,419,380,412,1,-1,-1,-1
26,13,3,373,464,504,1,-1,-1,-1
26,14,1615,280,344,228,1,-1,-1,-1
26,15,1405,228,348,240,1,-1,-1,-1
26,16,938,183,404,324,1,-1,-1,-1
26,17,597,145,204,160,1,-1,-1,-1
27,0,2169,278,244,430,1,-1,-1,-1
27,8,441,429,680,724,1,-1,-1,-1
27,9,4,530,403,512,1,-1,-1,-1
27,10,1823,410,240,389,1,-1,-1,-1
27,12,1437,421,380,412,1,-1,-1,-1
27,13,4,378,464,504,1,-1,-1,-1
27,14,1619,282,344,228,1,-1,-1,-1
27,15,1407,230,348,240,1,-1,-1,-1
27,16,943,184,404,324,1,-1,-1,-1
27,17,600,148,204,160,1,-1,-1,-1
28,0,2179,282,244,430,1,-1,-1,-1
28,8,453,430,680,724,1,-1,-1,-1
28,9,11,536,403,512,1,-1,-1,-1
28,10,1832,415,240,389,1,-1,-1,-1
28,12,1446,426,380,412,1,-1,-1,-1
28,13,15,384,464,504,1,-1,-1,-1
28,14,1630,286,344,228,1,-1,-1,-1
28,15,1412,235,348,240,1,-1,-1,-1
28,16,945,187,404,324,1,-1,-1,-1
28,17,612,151,204,160,1,-1,-1,-1
29,0,2192,276,256,452,1,-1,-1,-1
29,8,453,418,714,760,1,-1,-1,-1
29,9,30,542,403,512,1,-1,-1,-1
29,13,32,388,464,504,1,-1,-1,-1
29,14,1649,293,344,228,1,-1,-1,-1
29,15,1428,243,348,240,1,-1,-1,-1
29,16,959,193,404,324,1,-1,-1,-1
29,17,630,158,204,160,1,-1,-1,-1
30,0,2209,291,244,430,1,-1,-1,-1
30,8,465,423,714,760,1,-1,-1,-1
30,9,40,545,403,512,1,-1,-1,-1
30,13,46,391,464,504,1,-1,-1,-1
30,14,1661,295,344,228,1,-1,-1,-1
30,15,1439,248,348,240,1,-1,-1,-1
30,16,979,200,385,309,1,-1,-1,-1
30,17,645,160,204,160,1,-1,-1,-1
31,0,2243,299,244,430,1,-1,-1,-1
31,8,502,426,714,760,1,-1,-1,-1
31,13,78,399,464,504,1,-1,-1,-1
31,14,1693,301,344,228,1,-1,-1,-1
31,15,1469,255,348,240,1,-1,-1,-1
32,0,2284,307,244,430,1,-1,-1,-1
32,8,545,436,714,760,1,-1,-1,-1
32,13,125,405,464,504,1,-1,-1,-1
32,14,1734,309,344,228,1,-1,-1,-1
32,15,1506,263,348,240,1,-1,-1,-1
33,0,2316,308,244,452,1,-1,-1,-1
33,8,596,464,696,728,1,-1,-1,-1
33,13,125,405,464,504,1,-1,-1,-1
33,14,1734,309,344,228,1,-1,-1,-1
33,15,1506,263,348,240,1,-1,-1,-1
33,18,200,580,336,476,1,-1,-1,-1
33,19,1576,448,436,404,1,-1,-1,-1
34,8,651,471,696,728,1,-1,-1,-1
34,18,247,587,336,476,1,-1,-1,-1
34,19,1626,457,436,404,1,-1,-1,-1
35,8,709,484,696,728,1,-1,-1,-1
35,18,299,599,336,476,1,-1,-1,-1
35,19,1677,468,436,404,1,-1,-1,-1
36,8,734,485,696,728,1,-1,-1,-1
36,19,1715,473,436,404,1,-1,-1,-1
37,8,790,494,696,728,1,-1,-1,-1
37,19,1762,480,436,404,1,-1,-1,-1
38,8,840,501,696,728,1,-1,-1,-1
38,19,1808,488,436,404,1,-1,-1,-1
39,8,864,507,696,728,1,-1,-1,-1
39,19,1834,489,436,404,1,-1,-1,-1
40,8,913,511,696,728,1,-1,-1,-1
41,8,956,520,688,728,1,-1,-1,-1
41,20,0,516,484,572,1,-1,-1,-1
41,21,1356,272,392,320,1,-1,-1,-1
41,22,1920,504,396,404,1,-1,-1,-1
41,23,1816,312,376,260,1,-1,-1,-1
41,24,2340,492,220,408,1,-1,-1,-1
41,25,448,464,544,508,1,-1,-1,-1
41,26,492,636,400,484,1,-1,-1,-1
41,27,1108,232,224,168,1,-1,-1,-1
41,28,2112,368,384,268,1,-1,-1,-1
41,29,600,232,164,188,1,-1,-1,-1
41,30,240,264,276,200,1,-1,-1,-1
41,31,92,268,212,220,1,-1,-1,-1
42,8,970,521,688,728,1,-1,-1,-1
42,20,1,507,508,601,1,-1,-1,-1
42,21,1377,279,373,305,1,-1,-1,-1
42,22,1943,511,377,385,1,-1,-1,-1
42,23,1831,313,376,260,1,-1,-1,-1
42,24,2353,495,220,408,1,-1,-1,-1
42,25,477,477,518,484,1,-1,-1,-1
42,26,503,640,400,484,1,-1,-1,-1
42,27,1127,234,224,168,1,-1,-1,-1
42,28,2128,371,384,268,1,-1,-1,-1
42,29,619,234,164,188,1,-1,-1,-1
42,30,260,265,276,200,1,-1,-1,-1
42,31,111,270,212,220,1,-1,-1,-1
43,8,1011,520,688,728,1,-1,-1,-1
43,20,27,510,508,601,1,-1,-1,-1
43,21,1410,281,373,305,1,-1,-1,-1
43,22,1972,504,396,404,1,-1,-1,-1
43,23,1864,317,376,260,1,-1,-1,-1
43,24,2389,496,220,408,1,-1,-1,-1
43,25,515,478,518,484,1,-1,-1,-1
43,27,1161,237,224,168,1,-1,-1,-1
43,28,2163,375,384,268,1,-1,-1,-1
43,29,654,238,164,188,1,-1,-1,-1
43,30,293,267,276,200,1,-1,-1,-1
43,31,144,273,212,220,1,-1,-1,-1
44,8,1038,523,688,728,1,-1,-1,-1
44,20,76,525,484,572,1,-1,-1,-1
44,21,1437,285,373,305,1,-1,-1,-1
44,23,1890,320,376,260,1,-1,-1,-1
44,25,547,482,518,484,1,-1,-1,-1
44,27,1185,237,235,176,1,-1,-1,-1
44,28,2191,379,384,268,1,-1,-1,-1
44,29,685,241,164,188,1,-1,-1,-1
44,30,324,272,276,200,1,-1,-1,-1
44,31,175,276,212,220,1,-1,-1,-1
45,8,1049,523,688,728,1,-1,-1,-1
45,20,73,512,508,601,1,-1,-1,-1
45,21,1447,288,373,305,1,-1,-1,-1
45,23,1907,330,358,248,1,-1,-1,-1
45,25,558,482,518,484,1,-1,-1,-1
45,27,1207,241,224,168,1,-1,-1,-1
45,28,2203,380,384,268,1,-1,-1,-1
45,29,700,243,164,188,1,-1,-1,-1
45,30,339,274,276,200,1,-1,-1,-1
45,31,192,279,212,220,1,-1,-1,-1
46,8,1072,527,688,728,1,-1,-1,-1
46,23,1930,333,358,248,1,-1,-1,-1
46,25,583,489,518,484,1,-1,-1,-1
46,27,1236,249,213,160,1,-1,-1,-1
46,28,2231,383,384,268,1,-1,-1,-1
46,29,722,246,164,188,1,-1,-1,-1
46,30,365,277,276,200,1,-1,-1,-1
46,31,215,281,212,220,1,-1,-1,-1
47,8,1098,534,688,728,1,-1,-1,-1
47,25,605,489,518,484,1,-1,-1,-1
47,27,1258,254,213,160,1,-1,-1,-1
47,29,744,251,164,188,1,-1,-1,-1
47,30,387,281,276,200,1,-1,-1,-1
47,31,238,285,212,220,1,-1,-1,-1
48,8,1117,536,688,728,1,-1,-1,-1
48,25,602,480,544,508,1,-1,-1,-1
48,27,1271,256,213,160,1,-1,-1,-1
48,29,758,253,164,188,1,-1,-1,-1
48,30,396,284,276,200,1,-1,-1,-1
48,31,250,288,212,220,1,-1,-1,-1
49,8,1136,544,696,728,1,-1,-1,-1
49,25,620,492,532,492,1,-1,-1,-1
49,27,1288,256,208,168,1,-1,-1,-1
49,29,758,253,164,188,1,-1,-1,-1
49,30,416,288,276,204,1,-1,-1,-1
49,31,272,292,180,220,1,-1,-1,-1
49,32,1488,300,400,312,1,-1,-1,-1
49,33,60,544,488,564,1,-1,-1,-1
49,34,1968,340,372,264,1,-1,-1,-1
49,35,2088,528,356,412,1,-1,-1,-1
49,36,2316,396,244,484,1,-1,-1,-1
49,37,688,660,448,468,1,-1,-1,-1
49,38,1760,224,336,244,1,-1,-1,-1
50,8,1153,541,696,728,1,-1,-1,-1
50,25,639,498,532,492,1,-1,-1,-1
50,27,1311,260,208,168,1,-1,-1,-1
50,30,441,290,276,204,1,-1,-1,-1
50,31,295,296,180,220,1,-1,-1,-1
50,32,1508,303,400,312,1,-1,-1,-1
50,33,68,533,512,592,1,-1,-1,-1
50,34,1984,342,372,264,1,-1,-1,-1
50,35,2110,528,356,412,1,-1,-1,-1
50,36,2332,397,244,484,1,-1,-1,-1
50,37,710,665,448,468,1,-1,-1,-1
50,38,1789,233,320,232,1,-1,-1,-1
51,8,1168,547,696,728,1,-1,-1,-1
51,25,652,500,532,492,1,-1,-1,-1
51,27,1322,263,208,168,1,-1,-1,-1
51,30,450,294,276,204,1,-1,-1,-1
51,31,307,299,180,220,1,-1,-1,-1
51,32,1517,306,400,312,1,-1,-1,-1
51,33,90,552,488,564,1,-1,-1,-1
51,34,1992,346,372,264,1,-1,-1,-1
51,35,2116,536,356,412,1,-1,-1,-1
51,36,2348,408,232,461,1,-1,-1,-1
51,37,720,666,448,468,1,-1,-1,-1
51,38,1797,236,320,232,1,-1,-1,-1
52,8,1202,565,663,693,1,-1,-1,-1
52,25,676,505,532,492,1,-1,-1,-1
52,27,1346,267,208,168,1,-1,-1,-1
52,30,475,298,276,204,1,-1,-1,-1
52,31,329,303,180,220,1,-1,-1,-1
52,32,1534,308,400,312,1,-1,-1,-1
52,33,111,557,488,564,1,-1,-1,-1
52,34,2013,350,372,264,1,-1,-1,-1
52,35,2139,535,356,412,1,-1,-1,-1
52,37,744,670,448,468,1,-1,-1,-1
52,38,1819,240,320,232,1,-1,-1,-1
53,8,1224,574,663,693,1,-1,-1,-1
53,25,697,510,532,492,1,-1,-1,-1
53,27,1369,270,208,168,1,-1,-1,-1
53,30,499,301,276,204,1,-1,-1,-1
53,31,352,307,180,220,1,-1,-1,-1
53,32,1556,310,400,312,1,-1,-1,-1
53,33,116,550,512,592,1,-1,-1,-1
53,34,2032,353,372,264,1,-1,-1,-1
53,35,2159,540,356,412,1,-1,-1,-1
53,38,1839,244,320,232,1,-1,-1,-1
54,8,1240,570,663,693,1,-1,-1,-1
54,25,707,513,532,492,1,-1,-1,-1
54,27,1378,271,208,168,1,-1,-1,-1
54,30,506,302,276,204,1,-1,-1,-1
54,31,366,308,180,220,1,-1,-1,-1
54,32,1563,309,400,312,1,-1,-1,-1
54,34,2046,359,354,251,1,-1,-1,-1
54,35,2174,550,339,392,1,-1,-1,-1
54,38,1848,245,320,232,1,-1,-1,-1
55,8,1253,575,663,693,1,-1,-1,-1
55,25,727,515,532,492,1,-1,-1,-1
55,27,1404,278,198,160,1,-1,-1,-1
55,30,530,306,276,204,1,-1,-1,-1
55,31,386,311,180,220,1,-1,-1,-1
55,32,1580,312,400,312,1,-1,-1,-1
55,38,1871,248,320,232,1,-1,-1,-1
56,8,1278,575,663,693,1,-1,-1,-1
56,25,753,518,532,492,1,-1,-1,-1
56,27,1427,280,198,160,1,-1,-1,-1
56,30,553,309,276,204,1,-1,-1,-1
56,31,409,313,180,220,1,-1,-1,-1
56,38,1890,249,320,232,1,-1,-1,-1
57,8,1284,568,684,728,1,-1,-1,-1
57,25,764,512,524,496,1,-1,-1,-1
57,27,1440,280,180,160,1,-1,-1,-1
57,30,560,308,264,212,1,-1,-1,-1
57,31,428,316,180,220,1,-1,-1,-1
57,38,1900,248,348,200,1,-1,-1,-1
57,39,2224,548,332,412,1,-1,-1,-1
57,40,1588,316,452,320,1,-1,-1,-1
57,41,192,568,528,564,1,-1,-1,-1
57,42,856,680,364,488,1,-1,-1,-1
57,43,2076,364,376,292,1,-1,-1,-1
57,44,2268,192,80,76,1,-1,-1,-1
57,45,928,276,152,196,1,-1,-1,-1
57,46,2484,192,76,148,1,-1,-1,-1
58,8,1303,572,684,728,1,-1,-1,-1
58,25,770,501,550,521,1,-1,-1,-1
58,27,1459,280,180,160,1,-1,-1,-1
58,30,582,309,264,212,1,-1,-1,-1
58,31,449,317,180,220,1,-1,-1,-1
58,38,1918,248,348,200,1,-1,-1,-1
58,39,2239,549,332,412,1,-1,-1,-1
58,40,1602,316,452,320,1,-1,-1,-1
58,41,208,564,528,564,1,-1,-1,-1
58,43,2091,365,376,292,1,-1,-1,-1
58,44,2289,192,80,76,1,-1,-1,-1
58,45,948,277,152,196,1,-1,-1,-1
59,8,1340,587,651,693,1,-1,-1,-1
59,25,808,513,524,496,1,-1,-1,-1
59,27,1479,280,180,160,1,-1,-1,-1
59,30,605,309,264,212,1,-1,-1,-1
59,31,471,317,180,220,1,-1,-1,-1
59,38,1948,254,331,190,1,-1,-1,-1
59,39,2255,550,332,412,1,-1,-1,-1
59,41,228,568,528,564,1,-1,-1,-1
59,43,2110,367,376,292,1,-1,-1,-1
59,44,2311,193,80,76,1,-1,-1,-1
59,45,969,277,152,196,1,-1,-1,-1
60,8,1351,583,651,693,1,-1,-1,-1
60,25,819,515,524,496,1,-1,-1,-1
60,27,1491,281,180,160,1,-1,-1,-1
60,30,613,309,264,212,1,-1,-1,-1
60,31,482,318,180,220,1,-1,-1,-1
60,38,1953,255,331,190,1,-1,-1,-1
60,39,2262,553,332,412,1,-1,-1,-1
60,41,239,574,528,564,1,-1,-1,-1
60,43,2115,368,376,292,1,-1,-1,-1
60,44,2322,193,80,76,1,-1,-1,-1
60,45,982,278,152,196,1,-1,-1,-1
61,8,1372,586,651,693,1,-1,-1,-1
61,25,822,503,550,521,1,-1,-1,-1
61,27,1508,282,180,160,1,-1,-1,-1
61,30,635,310,264,212,1,-1,-1,-1
61,31,500,318,180,220,1,-1,-1,-1
61,38,1974,255,331,190,1,-1,-1,-1
61,41,257,569,528,564,1,-1,-1,-1
61,43,2130,368,376,292,1,-1,-1,-1
61,44,2341,193,80,76,1,-1,-1,-1
61,45,1001,278,152,196,1,-1,-1,-1
62,8,1371,564,684,728,1,-1,-1,-1
62,25,841,500,550,521,1,-1,-1,-1
62,27,1525,280,180,160,1,-1,-1,-1
62,30,651,309,264,212,1,-1,-1,-1
62,31,518,316,180,220,1,-1,-1,-1
62,38,1978,248,348,200,1,-1,-1,-1
62,41,266,569,528,564,1,-1,-1,-1
62,43,2151,372,358,278,1,-1,-1,-1
62,44,2359,191,80,76,1,-1,-1,-1
62,45,1019,276,152,196,1,-1,-1,-1
63,8,1379,565,684,728,1,-1,-1,-1
63,25,847,502,550,521,1,-1,-1,-1
63,30,658,308,264,212,1,-1,-1,-1
63,31,527,316,180,220,1,-1,-1,-1
63,38,1988,246,348,200,1,-1,-1,-1
63,41,278,572,528,564,1,-1,-1,-1
63,43,2158,372,358,278,1,-1,-1,-1
63,44,2369,191,80,76,1,-1,-1,-1
63,45,1028,275,152,196,1,-1,-1,-1
64,8,1397,565,684,728,1,-1,-1,-1
64,25,862,500,550,521,1,-1,-1,-1
64,30,675,308,264,212,1,-1,-1,-1
64,31,543,316,180,220,1,-1,-1,-1
64,38,2001,247,348,200,1,-1,-1,-1
64,43,2161,366,376,292,1,-1,-1,-1
64,44,2384,191,80,76,1,-1,-1,-1
64,45,1045,276,152,196,1,-1,-1,-1
65,8,1420,564,676,728,1,-1,-1,-1
65,25,892,500,900,532,1,-1,-1,-1
65,30,692,308,256,208,1,-1,-1,-1
65,31,556,312,196,220,1,-1,-1,-1
65,38,2000,240,360,288,1,-1,-1,-1
65,43,2160,360,352,284,1,-1,-1,-1
65,44,2404,192,76,80,1,-1,-1,-1
65,45,1072,276,144,200,1,-1,-1,-1
65,47,316,564,504,564,1,-1,-1,-1
65,48,2356,540,204,408,1,-1,-1,-1
65,49,1656,320,416,300,1,-1,-1,-1
65,50,996,672,352,484,1,-1,-1,-1
65,51,1564,276,176,168,1,-1,-1,-1
65,52,920,304,156,160,1,-1,-1,-1
66,8,1428,563,676,728,1,-1,-1,-1
66,25,891,499,900,532,1,-1,-1,-1
66,30,696,309,256,208,1,-1,-1,-1
66,31,561,313,196,220,1,-1,-1,-1
66,38,2002,240,360,288,1,-1,-1,-1
66,43,2161,360,352,284,1,-1,-1,-1
66,44,2411,192,76,80,1,-1,-1,-1
66,45,1077,277,144,200,1,-1,-1,-1
66,47,318,566,504,564,1,-1,-1,-1
66,48,2358,540,204,408,1,-1,-1,-1
66,49,1658,320,416,300,1,-1,-1,-1
66,50,1008,687,335,461,1,-1,-1,-1
66,51,1567,276,176,168,1,-1,-1,-1
66,52,925,305,156,160,1,-1,-1,-1
67,8,1451,583,644,693,1,-1,-1,-1
67,25,904,502,900,532,1,-1,-1,-1
67,30,709,309,256,208,1,-1,-1,-1
67,31,573,315,196,220,1,-1,-1,-1
67,38,2014,241,360,288,1,-1,-1,-1
67,43,2169,361,352,284,1,-1,-1,-1
67,44,2422,193,76,80,1,-1,-1,-1
67,45,1091,277,144,200,1,-1,-1,-1
67,47,323,567,504,564,1,-1,-1,-1
67,48,2365,542,204,408,1,-1,-1,-1
67,49,1666,321,416,300,1,-1,-1,-1
67,50,1007,677,352,484,1,-1,-1,-1
67,51,1580,278,176,168,1,-1,-1,-1
67,52,936,306,156,160,1,-1,-1,-1
68,8,1464,582,644,693,1,-1,-1,-1
68,25,913,500,900,532,1,-1,-1,-1
68,30,718,309,256,208,1,-1,-1,-1
68,31,585,314,196,220,1,-1,-1,-1
68,38,2031,246,343,274,1,-1,-1,-1
68,43,2175,362,352,284,1,-1,-1,-1
68,44,2433,194,76,80,1,-1,-1,-1
68,45,1100,278,144,200,1,-1,-1,-1
68,47,333,568,504,564,1,-1,-1,-1
68,48,2371,541,204,408,1,-1,-1,-1
68,49,1669,322,416,300,1,-1,-1,-1
68,51,1587,279,176,168,1,-1,-1,-1
68,52,944,306,156,160,1,-1,-1,-1
69,8,1452,567,676,728,1,-1,-1,-1
69,25,938,511,857,507,1,-1,-1,-1
69,30,722,310,256,208,1,-1,-1,-1
69,31,588,314,196,220,1,-1,-1,-1
69,38,2034,246,343,274,1,-1,-1,-1
69,43,2177,362,352,284,1,-1,-1,-1
69,44,2439,194,76,80,1,-1,-1,-1
69,45,1104,277,144,200,1,-1,-1,-1
69,47,337,570,504,564,1,-1,-1,-1
69,48,2374,541,204,408,1,-1,-1,-1
69,49,1668,322,416,300,1,-1,-1,-1
69,51,1590,281,176,168,1,-1,-1,-1
69,52,946,306,156,160,1,-1,-1,-1
70,8,1461,570,676,728,1,-1,-1,-1
70,25,949,506,857,507,1,-1,-1,-1
70,30,729,310,256,208,1,-1,-1,-1
70,31,594,315,196,220,1,-1,-1,-1
70,38,2042,249,343,274,1,-1,-1,-1
70,43,2180,364,352,284,1,-1,-1,-1
70,44,2446,196,76,80,1,-1,-1,-1
70,45,1112,279,144,200,1,-1,-1,-1
70,47,344,574,504,564,1,-1,-1,-1
70,52,951,307,156,160,1,-1,-1,-1
71,8,1467,569,676,728,1,-1,-1,-1
71,25,955,514,857,507,1,-1,-1,-1
71,30,737,312,256,208,1,-1,-1,-1
71,31,604,318,196,220,1,-1,-1,-1
71,38,2048,251,343,274,1,-1,-1,-1
71,43,2185,365,352,284,1,-1,-1,-1
71,44,2453,197,76,80,1,-1,-1,-1
71,45,1120,281,144,200,1,-1,-1,-1
71,52,957,309,156,160,1,-1,-1,-1
72,8,1470,569,676,728,1,-1,-1,-1
72,25,962,512,857,507,1,-1,-1,-1
72,30,741,314,256,208,1,-1,-1,-1
72,31,608,320,196,220,1,-1,-1,-1
72,38,2051,252,343,274,1,-1,-1,-1
72,43,2188,367,352,284,1,-1,-1,-1
72,44,2459,199,76,80,1,-1,-1,-1
72,45,1125,283,144,200,1,-1,-1,-1
72,52,959,310,156,160,1,-1,-1,-1
73,8,1476,572,660,732,1,-1,-1,-1
73,25,948,516,532,488,1,-1,-1,-1
73,30,756,320,252,204,1,-1,-1,-1
73,31,616,324,192,220,1,-1,-1,-1
73,38,2044,252,372,272,1,-1,-1,-1
73,43,2200,372,344,288,1,-1,-1,-1
73,44,2459,199,76,80,1,-1,-1,-1
73,45,1136,288,164,196,1,-1,-1,-1
73,52,959,310,156,160,1,-1,-1,-1
73,53,376,572,504,568,1,-1,-1,-1
73,54,2416,552,140,376,1,-1,-1,-1
73,55,1680,328,380,300,1,-1,-1,-1
73,56,992,684,440,480,1,-1,-1,-1
74,8,1478,568,660,732,1,-1,-1,-1
74,25,967,529,507,465,1,-1,-1,-1
74,30,762,322,252,204,1,-1,-1,-1
74,31,621,326,192,220,1,-1,-1,-1
74,38,2048,252,372,272,1,-1,-1,-1
74,43,2202,374,344,288,1,-1,-1,-1
74,44,2474,203,76,80,1,-1,-1,-1
74,45,1141,290,164,196,1,-1,-1,-1
74,53,364,564,529,596,1,-1,-1,-1
74,54,2417,552,140,376,1,-1,-1,-1
74,55,1684,331,380,300,1,-1,-1,-1
74,56,996,685,440,480,1,-1,-1,-1
75,8,1486,574,660,732,1,-1,-1,-1
75,25,973,532,507,465,1,-1,-1,-1
75,30,767,324,252,204,1,-1,-1,-1
75,31,626,328,192,220,1,-1,-1,-1
75,38,2051,254,372,272,1,-1,-1,-1
75,43,2204,376,344,288,1,-1,-1,-1
75,44,2475,202,80,84,1,-1,-1,-1
75,45,1146,291,164,196,1,-1,-1,-1
75,53,371,567,529,596,1,-1,-1,-1
75,54,2419,554,140,376,1,-1,-1,-1
75,55,1686,333,380,300,1,-1,-1,-1
75,56,1000,689,440,480,1,-1,-1,-1
76,8,1495,572,660,732,1,-1,-1,-1
76,25,980,532,507,465,1,-1,-1,-1
76,30,775,326,252,204,1,-1,-1,-1
76,31,635,331,192,220,1,-1,-1,-1
76,38,2055,257,372,272,1,-1,-1,-1
76,43,2209,380,344,288,1,-1,-1,-1
76,44,2485,205,80,84,1,-1,-1,-1
76,45,1154,294,164,196,1,-1,-1,-1
76,53,378,569,529,596,1,-1,-1,-1
76,54,2425,562,133,358,1,-1,-1,-1
76,55,1690,334,380,300,1,-1,-1,-1
76,56,1009,692,440,480,1,-1,-1,-1
77,8,1504,575,660,732,1,-1,-1,-1
77,25,991,534,507,465,1,-1,-1,-1
77,30,788,332,240,194,1,-1,-1,-1
77,31,644,333,192,220,1,-1,-1,-1
77,38,2063,260,372,272,1,-1,-1,-1
77,43,2214,383,344,288,1,-1,-1,-1
77,44,2494,206,80,84,1,-1,-1,-1
77,45,1165,295,164,196,1,-1,-1,-1
77,53,406,579,504,568,1,-1,-1,-1
77,55,1693,334,380,300,1,-1,-1,-1
77,56,1020,693,440,480,1,-1,-1,-1
78,8,1512,571,660,732,1,-1,-1,-1
78,25,996,534,507,465,1,-1,-1,-1
78,30,795,333,240,194,1,-1,-1,-1
78,31,649,333,192,220,1,-1,-1,-1
78,38,2079,267,354,259,1,-1,-1,-1
78,43,2217,385,344,288,1,-1,-1,-1
78,45,1167,295,164,196,1,-1,-1,-1
78,55,1696,335,380,300,1,-1,-1,-1
78,56,1036,705,419,457,1,-1,-1,-1
79,8,1519,570,660,732,1,-1,-1,-1
79,25,1003,537,507,465,1,-1,-1,-1
79,30,803,335,240,194,1,-1,-1,-1
79,31,659,335,192,220,1,-1,-1,-1
79,38,2085,268,354,259,1,-1,-1,-1
79,43,2230,393,328,274,1,-1,-1,-1
79,45,1177,297,164,196,1,-1,-1,-1
79,55,1702,333,380,300,1,-1,-1,-1
79,56,1036,697,440,480,1,-1,-1,-1
80,8,1529,583,660,732,1,-1,-1,-1
80,25,998,533,532,488,1,-1,-1,-1
80,30,814,337,240,194,1,-1,-1,-1
80,31,670,337,192,220,1,-1,-1,-1
80,38,2096,270,354,259,1,-1,-1,-1
80,43,2237,396,328,274,1,-1,-1,-1
80,45,1188,300,164,196,1,-1,-1,-1
80,56,1046,699,440,480,1,-1,-1,-1
81,8,1548,588,672,728,1,-1,-1,-1
81,25,996,520,816,504,1,-1,-1,-1
81,30,816,332,216,200,1,-1,-1,-1
81,31,676,336,176,212,1,-1,-1,-1
81,38,2096,264,368,268,1,-1,-1,-1
81,43,2252,380,308,284,1,-1,-1,-1
81,45,1188,292,144,200,1,-1,-1,-1
81,56,1072,700,452,484,1,-1,-1,-1
81,57,428,588,508,564,1,-1,-1,-1
81,58,1688,340,396,300,1,-1,-1,-1
81,59,2424,584,136,376,1,-1,-1,-1
81,60,1028,336,164,156,1,-1,-1,-1
81,61,0,336,124,128,1,-1,-1,-1
81,62,1476,224,160,124,1,-1,-1,-1
82,8,1562,588,672,728,1,-1,-1,-1
82,25,997,519,816,504,1,-1,-1,-1
82,30,826,332,216,200,1,-1,-1,-1
82,31,686,336,176,212,1,-1,-1,-1
82,38,2104,263,368,268,1,-1,-1,-1
82,43,2257,380,308,284,1,-1,-1,-1
82,45,1197,292,144,200,1,-1,-1,-1
82,56,1080,701,452,484,1,-1,-1,-1
82,57,436,590,508,564,1,-1,-1,-1
82,58,1693,339,396,300,1,-1,-1,-1
82,59,2428,585,136,376,1,-1,-1,-1
82,60,1038,337,164,156,1,-1,-1,-1
82,61,11,337,124,128,1,-1,-1,-1
82,62,1486,224,160,124,1,-1,-1,-1
83,8,1567,583,672,728,1,-1,-1,-1
83,25,1008,519,816,504,1,-1,-1,-1
83,30,838,334,216,200,1,-1,-1,-1
83,31,697,338,176,212,1,-1,-1,-1
83,38,2112,263,368,268,1,-1,-1,-1
83,43,2264,382,308,284,1,-1,-1,-1
83,45,1207,294,144,200,1,-1,-1,-1
83,56,1090,700,452,484,1,-1,-1,-1
83,57,453,591,508,564,1,-1,-1,-1
83,58,1700,343,396,300,1,-1,-1,-1
83,59,2434,586,136,376,1,-1,-1,-1
83,60,1045,337,164,156,1,-1,-1,-1
83,61,21,339,124,128,1,-1,-1,-1
83,62,1496,226,160,124,1,-1,-1,-1
84,8,1576,583,672,728,1,-1,-1,-1
84,25,993,508,857,529,1,-1,-1,-1
84,30,841,334,216,200,1,-1,-1,-1
84,31,702,338,176,212,1,-1,-1,-1
84,38,2117,264,368,268,1,-1,-1,-1
84,43,2267,383,308,284,1,-1,-1,-1
84,45,1212,294,144,200,1,-1,-1,-1
84,56,1106,713,430,461,1,-1,-1,-1
84,57,453,592,508,564,1,-1,-1,-1
84,58,1704,342,396,300,1,-1,-1,-1
84,59,2437,588,136,376,1,-1,-1,-1
84,60,1049,338,164,156,1,-1,-1,-1
84,61,25,340,124,128,1,-1,-1,-1
84,62,1499,227,160,124,1,-1,-1,-1
85,8,1585,583,672,728,1,-1,-1,-1
85,25,1000,511,857,529,1,-1,-1,-1
85,30,850,337,216,200,1,-1,-1,-1
85,31,712,340,176,212,1,-1,-1,-1
85,38,2124,266,368,268,1,-1,-1,-1
85,43,2271,386,308,284,1,-1,-1,-1
85,45,1219,297,144,200,1,-1,-1,-1
85,58,1708,344,396,300,1,-1,-1,-1
85,60,1057,341,164,156,1,-1,-1,-1
85,61,36,343,124,128,1,-1,-1,-1
85,62,1507,229,160,124,1,-1,-1,-1
86,8,1601,585,672,728,1,-1,-1,-1
86,25,1030,529,816,504,1,-1,-1,-1
86,30,862,338,216,200,1,-1,-1,-1
86,31,723,341,176,212,1,-1,-1,-1
86,38,2133,267,368,268,1,-1,-1,-1
86,43,2278,387,308,284,1,-1,-1,-1
86,45,1231,298,144,200,1,-1,-1,-1
86,58,1718,351,377,286,1,-1,-1,-1
86,60,1064,342,164,156,1,-1,-1,-1
86,61,47,343,124,128,1,-1,-1,-1
86,62,1517,229,160,124,1,-1,-1,-1
87,8,1605,587,672,728,1,-1,-1,-1
87,25,1037,525,816,504,1,-1,-1,-1
87,30,868,338,216,200,1,-1,-1,-1
87,31,728,341,176,212,1,-1,-1,-1
87,38,2138,267,368,268,1,-1,-1,-1
87,43,2284,385,308,284,1,-1,-1,-1
87,45,1238,298,144,200,1,-1,-1,-1
87,58,1725,351,377,286,1,-1,-1,-1
87,60,1072,342,164,156,1,-1,-1,-1
87,61,52,343,124,128,1,-1,-1,-1
87,62,1521,230,160,124,1,-1,-1,-1
88,8,1613,587,672,728,1,-1,-1,-1
88,25,1039,526,816,504,1,-1,-1,-1
88,30,878,340,216,200,1,-1,-1,-1
88,31,740,343,176,212,1,-1,-1,-1
88,38,2149,269,368,268,1,-1,-1,-1
88,43,2290,385,308,284,1,-1,-1,-1
88,60,1079,342,164,156,1,-1,-1,-1
88,61,63,344,124,128,1,-1,-1,-1
88,62,1531,230,160,124,1,-1,-1,-1
89,8,1620,596,696,728,1,-1,-1,-1
89,25,1116,528,776,504,1,-1,-1,-1
89,30,884,336,240,208,1,-1,-1,-1
89,31,748,344,192,220,1,-1,-1,-1
89,38,2160,276,368,268,1,-1,-1,-1
89,43,2304,384,256,280,1,-1,-1,-1
89,60,1104,340,152,156,1,-1,-1,-1
89,61,0,340,192,128,1,-1,-1,-1
89,62,1531,230,160,124,1,-1,-1,-1
89,63,496,596,660,560,1,-1,-1,-1
89,64,1712,352,412,264,1,-1,-1,-1
89,65,1112,712,420,476,1,-1,-1,-1
89,66,1252,284,156,220,1,-1,-1,-1
89,67,2512,608,48,356,1,-1,-1,-1
90,8,1608,580,731,764,1,-1,-1,-1
90,25,1121,529,776,504,1,-1,-1,-1
90,30,889,336,240,208,1,-1,-1,-1
90,31,752,344,192,220,1,-1,-1,-1
90,38,2162,277,368,268,1,-1,-1,-1
90,43,2308,384,256,280,1,-1,-1,-1
90,60,1107,341,152,156,1,-1,-1,-1
90,61,4,341,192,128,1,-1,-1,-1
90,62,1542,233,160,124,1,-1,-1,-1
90,63,500,596,660,560,1,-1,-1,-1
90,64,1716,353,412,264,1,-1,-1,-1
90,65,1117,714,420,476,1,-1,-1,-1
90,66,1256,284,156,220,1,-1,-1,-1
91,8,1619,583,731,764,1,-1,-1,-1
91,25,1127,530,776,504,1,-1,-1,-1
91,30,901,337,240,208,1,-1,-1,-1
91,31,766,344,192,220,1,-1,-1,-1
91,38,2172,276,368,268,1,-1,-1,-1
91,43,2316,385,256,280,1,-1,-1,-1
91,60,1119,341,152,156,1,-1,-1,-1
91,61,17,342,192,128,1,-1,-1,-1
91,62,1553,234,160,124,1,-1,-1,-1
91,63,512,593,660,560,1,-1,-1,-1
91,64,1722,352,412,264,1,-1,-1,-1
91,65,1128,714,420,476,1,-1,-1,-1
91,66,1268,285,156,220,1,-1,-1,-1
92,8,1626,577,731,764,1,-1,-1,-1
92,25,1138,531,776,504,1,-1,-1,-1
92,30,909,337,240,208,1,-1,-1,-1
92,31,774,345,192,220,1,-1,-1,-1
92,38,2179,276,368,268,1,-1,-1,-1
92,43,2321,384,256,280,1,-1,-1,-1
92,60,1124,341,152,156,1,-1,-1,-1
92,61,23,343,192,128,1,-1,-1,-1
92,62,1558,235,160,124,1,-1,-1,-1
92,64,1726,350,412,264,1,-1,-1,-1
92,65,1134,714,420,476,1,-1,-1,-1
92,66,1274,285,156,220,1,-1,-1,-1
93,8,1636,578,731,764,1,-1,-1,-1
93,25,1146,529,776,504,1,-1,-1,-1
93,30,913,338,240,208,1,-1,-1,-1
93,31,777,346,192,220,1,-1,-1,-1
93,38,2183,277,368,268,1,-1,-1,-1
93,43,2323,386,256,280,1,-1,-1,-1
93,60,1126,341,152,156,1,-1,-1,-1
93,61,27,344,192,128,1,-1,-1,-1
93,62,1560,235,160,124,1,-1,-1,-1
93,64,1731,351,412,264,1,-1,-1,-1
93,65,1138,716,420,476,1,-1,-1,-1
93,66,1280,286,156,220,1,-1,-1,-1
94,8,1645,578,731,764,1,-1,-1,-1
94,25,1149,525,776,504,1,-1,-1,-1
94,30,924,337,240,208,1,-1,-1,-1
94,31,788,346,192,220,1,-1,-1,-1
94,38,2191,277,368,268,1,-1,-1,-1
94,43,2329,385,256,280,1,-1,-1,-1
94,60,1136,342,152,156,1,-1,-1,-1
94,61,41,343,192,128,1,-1,-1,-1
94,64,1735,350,412,264,1,-1,-1,-1
94,66,1290,284,156,220,1,-1,-1,-1
95,8,1655,578,731,764,1,-1,-1,-1
95,25,1159,532,776,504,1,-1,-1,-1
95,30,933,338,240,208,1,-1,-1,-1
95,31,798,346,192,220,1,-1,-1,-1
95,38,2199,278,368,268,1,-1,-1,-1
95,61,49,344,192,128,1,-1,-1,-1
95,64,1741,349,412,264,1,-1,-1,-1
95,66,1296,280,164,231,1,-1,-1,-1
96,8,1664,577,731,764,1,-1,-1,-1
96,25,1162,532,776,504,1,-1,-1,-1
96,30,938,337,240,208,1,-1,-1,-1
96,31,803,345,192,220,1,-1,-1,-1
96,38,2205,277,368,268,1,-1,-1,-1
96,61,47,341,202,134,1,-1,-1,-1
96,64,1743,345,412,264,1,-1,-1,-1
96,66,1304,282,156,220,1,-1,-1,-1
97,8,1680,596,708,728,1,-1,-1,-1
97,25,1076,528,876,492,1,-1,-1,-1
97,30,936,344,256,204,1,-1,-1,-1
97,31,816,340,180,220,1,-1,-1,-1
97,38,2236,272,324,272,1,-1,-1,-1
97,61,56,344,196,128,1,-1,-1,-1
97,64,1736,348,472,268,1,-1,-1,-1
97,66,1316,304,160,200,1,-1,-1,-1
97,68,564,596,628,564,1,-1,-1,-1
97,69,2364,384,196,304,1,-1,-1,-1
97,70,1180,712,436,480,1,-1,-1,-1
97,71,1160,344,148,144,1,-1,-1,-1
97,72,1552,240,212,116,1,-1,-1,-1
97,73,256,336,68,84,1,-1,-1,-1
97,74,1768,228,228,96,1,-1,-1,-1
98,8,1667,577,743,764,1,-1,-1,-1
98,25,1080,524,876,492,1,-1,-1,-1
98,30,942,344,256,204,1,-1,-1,-1
98,31,823,339,180,220,1,-1,-1,-1
98,38,2242,273,324,272,1,-1,-1,-1
98,61,64,344,196,128,1,-1,-1,-1
98,64,1738,347,472,268,1,-1,-1,-1
98,66,1325,304,160,200,1,-1,-1,-1
98,68,571,597,628,564,1,-1,-1,-1
98,69,2367,383,196,304,1,-1,-1,-1
98,70,1186,712,436,480,1,-1,-1,-1
98,71,1168,345,148,144,1,-1,-1,-1
98,72,1557,240,212,116,1,-1,-1,-1
98,73,264,336,68,84,1,-1,-1,-1
98,74,1774,228,228,96,1,-1,-1,-1
99,8,1672,579,743,764,1,-1,-1,-1
99,25,1084,525,876,492,1,-1,-1,-1
99,30,949,343,256,204,1,-1,-1,-1
99,31,828,338,180,220,1,-1,-1,-1
99,38,2247,273,324,272,1,-1,-1,-1
99,61,69,342,196,128,1,-1,-1,-1
99,64,1742,347,472,268,1,-1,-1,-1
99,66,1331,302,160,200,1,-1,-1,-1
99,68,578,594,628,564,1,-1,-1,-1
99,69,2372,381,196,304,1,-1,-1,-1
99,70,1191,714,436,480,1,-1,-1,-1
99,71,1172,343,148,144,1,-1,-1,-1
99,72,1561,240,212,116,1,-1,-1,-1
99,73,271,335,68,84,1,-1,-1,-1
99,74,1778,228,228,96,1,-1,-1,-1
100,8,1701,597,708,728,1,-1,-1,-1
100,30,958,343,256,204,1,-1,-1,-1
100,31,841,339,180,220,1,-1,-1,-1
100,38,2254,273,324,272,1,-1,-1,-1
100,61,79,342,196,128,1,-1,-1,-1
100,64,1748,345,472,268,1,-1,-1,-1
100,66,1339,303,160,200,1,-1,-1,-1
100,68,568,582,659,592,1,-1,-1,-1
100,70,1199,712,436,480,1,-1,-1,-1
100,71,1181,344,148,144,1,-1,-1,-1
100,72,1567,241,212,116,1,-1,-1,-1
100,73,281,335,68,84,1,-1,-1,-1
100,74,1788,228,228,96,1,-1,-1,-1
101,8,1709,595,708,728,1,-1,-1,-1
101,30,967,343,256,204,1,-1,-1,-1
101,31,848,339,180,220,1,-1,-1,-1
101,38,2262,273,324,272,1,-1,-1,-1
101,61,90,343,196,128,1,-1,-1,-1
101,64,1754,345,472,268,1,-1,-1,-1
101,66,1347,303,160,200,1,-1,-1,-1
101,68,572,586,659,592,1,-1,-1,-1
101,70,1208,712,436,480,1,-1,-1,-1
101,72,1574,242,212,116,1,-1,-1,-1
101,73,290,336,68,84,1,-1,-1,-1
101,74,1794,228,228,96,1,-1,-1,-1
102,8,1716,594,708,728,1,-1,-1,-1
102,30,970,342,256,204,1,-1,-1,-1
102,31,853,338,180,220,1,-1,-1,-1
102,38,2274,278,309,259,1,-1,-1,-1
102,61,92,342,196,128,1,-1,-1,-1
102,66,1350,303,160,200,1,-1,-1,-1
102,68,598,593,628,564,1,-1,-1,-1
102,70,1199,701,458,504,1,-1,-1,-1
102,72,1577,241,212,116,1,-1,-1,-1
102,73,294,335,68,84,1,-1,-1,-1
102,74,1798,228,228,96,1,-1,-1,-1
103,8,1739,610,674,693,1,-1,-1,-1
103,30,978,341,256,204,1,-1,-1,-1
103,31,861,338,180,220,1,-1,-1,-1
103,38,2280,275,309,259,1,-1,-1,-1
103,61,100,340,196,128,1,-1,-1,-1
103,68,590,588,659,592,1,-1,-1,-1
103,70,1214,714,436,480,1,-1,-1,-1
103,72,1582,240,212,116,1,-1,-1,-1
103,73,302,333,68,84,1,-1,-1,-1
104,8,1750,610,674,693,1,-1,-1,-1
104,30,988,340,256,204,1,-1,-1,-1
104,31,870,335,180,220,1,-1,-1,-1
104,38,2289,275,309,259,1,-1,-1,-1
104,61,112,339,196,128,1,-1,-1,-1
104,72,1589,240,212,116,1,-1,-1,-1
104,73,312,333,68,84,1,-1,-1,-1
105,8,1740,592,748,728,1,-1,-1,-1
105,30,988,340,256,204,1,-1,-1,-1
105,31,868,340,192,216,1,-1,-1,-1
105,38,2292,272,268,268,1,-1,-1,-1
105,61,120,340,196,128,1,-1,-1,-1
105,72,1589,240,212,116,1,-1,-1,-1
105,73,312,333,68,84,1,-1,-1,-1
105,75,1764,352,456,264,1,-1,-1,-1
105,76,1232,704,396,484,1,-1,-1,-1
105,77,2408,384,152,288,1,-1,-1,-1
105,78,616,588,524,564,1,-1,-1,-1
105,79,1364,304,140,196,1,-1,-1,-1
105,80,1132,532,528,484,1,-1,-1,-1
106,8,1720,566,785,764,1,-1,-1,-1
106,30,1002,338,256,204,1,-1,-1,-1
106,31,874,338,192,216,1,-1,-1,-1
106,38,2299,271,268,268,1,-1,-1,-1
106,61,126,338,196,128,1,-1,-1,-1
106,73,326,330,68,84,1,-1,-1,-1
106,75,1767,352,456,264,1,-1,-1,-1
106,76,1240,703,396,484,1,-1,-1,-1
106,77,2412,383,152,288,1,-1,-1,-1
106,78,619,587,524,564,1,-1,-1,-1
106,79,1368,302,140,196,1,-1,-1,-1
106,80,1136,530,528,484,1,-1,-1,-1
107,8,1740,567,785,764,1,-1,-1,-1
107,30,1010,336,256,204,1,-1,-1,-1
107,31,886,336,192,216,1,-1,-1,-1
107,38,2306,268,268,268,1,-1,-1,-1
107,61,137,336,196,128,1,-1,-1,-1
107,73,334,327,68,84,1,-1,-1,-1
107,75,1772,352,456,264,1,-1,-1,-1
107,76,1246,701,396,484,1,-1,-1,-1
107,77,2419,381,152,288,1,-1,-1,-1
107,78,632,586,524,564,1,-1,-1,-1
107,79,1379,301,140,196,1,-1,-1,-1
107,80,1146,530,528,484,1,-1,-1,-1
108,8,1742,564,785,764,1,-1,-1,-1
108,30,1008,329,269,214,1,-1,-1,-1
108,31,890,334,192,216,1,-1,-1,-1
108,38,2310,267,268,268,1,-1,-1,-1
108,61,140,335,196,128,1,-1,-1,-1
108,73,341,326,68,84,1,-1,-1,-1
108,75,1788,357,434,251,1,-1,-1,-1
108,76,1252,698,396,484,1,-1,-1,-1
108,77,2425,381,152,288,1,-1,-1,-1
108,79,1384,300,140,196,1,-1,-1,-1
108,80,1153,526,528,484,1,-1,-1,-1
109,8,1748,562,785,764,1,-1,-1,-1
109,30,1017,326,269,214,1,-1,-1,-1
109,31,899,332,192,216,1,-1,-1,-1
109,38,2317,264,268,268,1,-1,-1,-1
109,61,150,333,196,128,1,-1,-1,-1
109,73,349,323,68,84,1,-1,-1,-1
109,75,1791,355,434,251,1,-1,-1,-1
109,76,1257,695,396,484,1,-1,-1,-1
109,77,2428,377,152,288,1,-1,-1,-1
109,79,1391,300,140,196,1,-1,-1,-1
109,80,1159,524,528,484,1,-1,-1,-1
110,8,1757,563,785,764,1,-1,-1,-1
110,30,1027,324,269,214,1,-1,-1,-1
110,31,908,329,192,216,1,-1,-1,-1
110,38,2327,262,268,268,1,-1,-1,-1
110,61,159,330,196,128,1,-1,-1,-1
110,73,358,321,68,84,1,-1,-1,-1
110,75,1797,352,434,251,1,-1,-1,-1
110,80,1166,522,528,484,1,-1,-1,-1
111,8,1756,557,785,764,1,-1,-1,-1
111,30,1036,328,256,204,1,-1,-1,-1
111,31,911,328,192,216,1,-1,-1,-1
111,38,2329,260,268,268,1,-1,-1,-1
111,61,161,329,196,128,1,-1,-1,-1
111,73,362,320,68,84,1,-1,-1,-1
111,75,1799,351,434,251,1,-1,-1,-1
111,80,1167,521,528,484,1,-1,-1,-1
112,8,1786,576,748,728,1,-1,-1,-1
112,30,1044,324,256,204,1,-1,-1,-1
112,31,919,325,192,216,1,-1,-1,-1
112,38,2337,255,268,268,1,-1,-1,-1
112,61,173,325,196,128,1,-1,-1,-1
112,73,369,315,68,84,1,-1,-1,-1
112,75,1802,344,434,251,1,-1,-1,-1
112,80,1176,519,528,484,1,-1,-1,-1
113,8,1812,572,748,724,1,-1,-1,-1
113,30,1084,320,208,204,1,-1,-1,-1
113,31,924,320,196,212,1,-1,-1,-1
113,38,2348,256,212,260,1,-1,-1,-1
113,61,180,320,204,128,1,-1,-1,-1
113,73,369,315,68,84,1,-1,-1,-1
113,75,1804,328,380,260,1,-1,-1,-1
113,80,1176,519,528,484,1,-1,-1,-1
113,81,664,572,524,560,1,-1,-1,-1
113,82,1296,684,488,484,1,-1,-1,-1
113,83,2456,356,104,304,1,-1,-1,-1
113,84,1440,280,124,200,1,-1,-1,-1
114,8,1812,570,748,724,1,-1,-1,-1
114,30,1087,318,208,204,1,-1,-1,-1
114,31,927,319,196,212,1,-1,-1,-1
114,38,2351,254,212,260,1,-1,-1,-1
114,61,183,319,204,128,1,-1,-1,-1
114,75,1805,328,380,260,1,-1,-1,-1
114,80,1167,500,554,508,1,-1,-1,-1
114,81,662,569,524,560,1,-1,-1,-1
114,82,1295,684,488,484,1,-1,-1,-1
114,83,2459,358,104,304,1,-1,-1,-1
114,84,1444,279,124,200,1,-1,-1,-1
115,8,1824,564,748,724,1,-1,-1,-1
115,30,1099,316,208,204,1,-1,-1,-1
115,31,938,317,196,212,1,-1,-1,-1
115,38,2361,252,212,260,1,-1,-1,-1
115,61,195,317,204,128,1,-1,-1,-1
115,75,1812,324,380,260,1,-1,-1,-1
115,81,671,571,524,560,1,-1,-1,-1
115,82,1318,692,465,461,1,-1,-1,-1
115,84,1455,277,124,200,1,-1,-1,-1
116,8,1828,561,748,724,1,-1,-1,-1
116,30,1104,312,208,204,1,-1,-1,-1
116,31,946,312,196,212,1,-1,-1,-1
116,38,2366,248,212,260,1,-1,-1,-1
116,61,200,312,204,128,1,-1,-1,-1
116,75,1816,321,380,260,1,-1,-1,-1
116,81,676,569,524,560,1,-1,-1,-1
116,82,1325,685,465,461,1,-1,-1,-1
116,84,1463,273,124,200,1,-1,-1,-1
117,8,1831,559,748,724,1,-1,-1,-1
117,30,1107,310,208,204,1,-1,-1,-1
117,31,948,310,196,212,1,-1,-1,-1
117,38,2370,246,212,260,1,-1,-1,-1
117,61,203,312,204,128,1,-1,-1,-1
117,75,1817,318,380,260,1,-1,-1,-1
117,82,1330,683,465,461,1,-1,-1,-1
117,84,1466,271,124,200,1,-1,-1,-1
118,8,1840,557,748,724,1,-1,-1,-1
118,30,1116,307,208,204,1,-1,-1,-1
118,31,955,309,196,212,1,-1,-1,-1
118,38,2378,244,212,260,1,-1,-1,-1
118,61,213,309,204,128,1,-1,-1,-1
118,75,1821,317,380,260,1,-1,-1,-1
118,82,1327,670,488,484,1,-1,-1,-1
119,8,1847,553,748,724,1,-1,-1,-1
119,30,1127,304,208,204,1,-1,-1,-1
119,31,968,304,196,212,1,-1,-1,-1
119,38,2386,240,212,260,1,-1,-1,-1
119,61,224,306,204,128,1,-1,-1,-1
119,75,1828,312,380,260,1,-1,-1,-1
119,82,1336,668,488,484,1,-1,-1,-1
120,8,1873,571,712,690,1,-1,-1,-1
120,30,1131,300,208,204,1,-1,-1,-1
120,31,971,301,196,212,1,-1,-1,-1
120,38,2391,237,212,260,1,-1,-1,-1
120,61,227,303,204,128,1,-1,-1,-1
120,75,1832,311,380,260,1,-1,-1,-1
120,82,1340,666,488,484,1,-1,-1,-1
121,8,1860,548,696,732,1,-1,-1,-1
121,30,1136,296,292,192,1,-1,-1,-1
121,31,980,304,200,208,1,-1,-1,-1
121,38,2408,236,152,256,1,-1,-1,-1
121,61,236,300,212,128,1,-1,-1,-1
121,75,1824,300,372,264,1,-1,-1,-1
121,82,1372,664,420,472,1,-1,-1,-1
121,85,720,548,620,560,1,-1,-1,-1
121,86,1488,260,132,208,1,-1,-1,-1
122,8,1867,543,696,732,1,-1,-1,-1
122,30,1144,292,292,192,1,-1,-1,-1
122,31,981,297,210,218,1,-1,-1,-1
122,38,2413,234,152,256,1,-1,-1,-1
122,61,243,299,212,128,1,-1,-1,-1
122,75,1828,299,372,264,1,-1,-1,-1
122,82,1380,662,420,472,1,-1,-1,-1
122,85,726,546,620,560,1,-1,-1,-1
122,86,1495,258,132,208,1,-1,-1,-1
123,8,1868,541,696,732,1,-1,-1,-1
123,30,1149,292,292,192,1,-1,-1,-1
123,31,987,296,210,218,1,-1,-1,-1
123,38,2418,233,152,256,1,-1,-1,-1
123,61,247,297,212,128,1,-1,-1,-1
123,75,1831,299,372,264,1,-1,-1,-1
123,82,1380,659,420,472,1,-1,-1,-1
123,85,729,542,620,560,1,-1,-1,-1
123,86,1499,256,132,208,1,-1,-1,-1
124,8,1880,539,696,732,1,-1,-1,-1
124,30,1157,290,292,192,1,-1,-1,-1
124,31,996,293,210,218,1,-1,-1,-1
124,38,2421,225,160,269,1,-1,-1,-1
124,61,258,296,212,128,1,-1,-1,-1
124,75,1837,296,372,264,1,-1,-1,-1
124,82,1397,667,400,450,1,-1,-1,-1
124,85,734,540,620,560,1,-1,-1,-1
125,8,1887,535,696,732,1,-1,-1,-1
125,30,1170,290,278,183,1,-1,-1,-1
125,31,1004,289,210,218,1,-1,-1,-1
125,38,2427,223,160,269,1,-1,-1,-1
125,61,267,292,212,128,1,-1,-1,-1
125,75,1846,295,372,264,1,-1,-1,-1
125,82,1407,664,400,450,1,-1,-1,-1
126,8,1888,535,696,732,1,-1,-1,-1
126,30,1177,287,278,183,1,-1,-1,-1
126,31,1009,286,210,218,1,-1,-1,-1
126,61,273,290,212,128,1,-1,-1,-1
126,75,1850,294,372,264,1,-1,-1,-1
126,82,1414,662,400,450,1,-1,-1,-1
127,8,1894,537,696,732,1,-1,-1,-1
127,30,1185,285,278,183,1,-1,-1,-1
127,31,1018,286,210,218,1,-1,-1,-1
127,61,281,289,212,128,1,-1,-1,-1
127,75,1860,300,354,251,1,-1,-1,-1
127,82,1420,662,400,450,1,-1,-1,-1
128,8,1902,532,696,732,1,-1,-1,-1
128,30,1192,283,278,183,1,-1,-1,-1
128,31,1027,283,210,218,1,-1,-1,-1
128,61,292,287,212,128,1,-1,-1,-1
128,82,1428,661,400,450,1,-1,-1,-1
129,8,1916,528,644,736,1,-1,-1,-1
129,30,1192,283,278,183,1,-1,-1,-1
129,31,1027,283,210,218,1,-1,-1,-1
129,61,292,287,212,128,1,-1,-1,-1
129,82,1456,648,384,472,1,-1,-1,-1
129,87,780,516,488,572,1,-1,-1,-1
129,88,1852,288,420,244,1,-1,-1,-1
129,89,1556,244,160,204,1,-1,-1,-1
129,90,1248,468,500,504,1,-1,-1,-1
129,91,2460,268,96,204,1,-1,-1,-1
130,8,1936,542,613,701,1,-1,-1,-1
130,30,1207,284,278,183,1,-1,-1,-1
130,31,1042,282,210,218,1,-1,-1,-1
130,61,308,285,212,128,1,-1,-1,-1
130,82,1463,648,384,472,1,-1,-1,-1
130,87,784,515,488,572,1,-1,-1,-1
130,88,1856,287,420,244,1,-1,-1,-1
130,89,1564,243,160,204,1,-1,-1,-1
130,90,1251,469,500,504,1,-1,-1,-1
130,91,2467,267,96,204,1,-1,-1,-1
131,8,1942,542,613,701,1,-1,-1,-1
131,30,1212,281,278,183,1,-1,-1,-1
131,31,1049,280,210,218,1,-1,-1,-1
131,61,314,283,212,128,1,-1,-1,-1
131,82,1474,648,384,472,1,-1,-1,-1
131,88,1860,287,420,244,1,-1,-1,-1
131,89,1574,242,160,204,1,-1,-1,-1
131,90,1262,468,500,504,1,-1,-1,-1
132,8,1944,540,613,701,1,-1,-1,-1
132,30,1215,279,278,183,1,-1,-1,-1
132,31,1054,279,210,218,1,-1,-1,-1
132,61,318,282,212,128,1,-1,-1,-1
132,82,1478,648,384,472,1,-1,-1,-1
132,88,1860,285,420,244,1,-1,-1,-1
132,89,1577,242,160,204,1,-1,-1,-1
132,90,1277,476,476,480,1,-1,-1,-1
133,8,1936,519,644,736,1,-1,-1,-1
133,30,1225,279,278,183,1,-1,-1,-1
133,31,1064,277,210,218,1,-1,-1,-1
133,61,327,281,212,128,1,-1,-1,-1
133,82,1483,647,384,472,1,-1,-1,-1
133,89,1584,240,160,204,1,-1,-1,-1
133,90,1283,478,476,480,1,-1,-1,-1
134,8,1943,516,644,736,1,-1,-1,-1
134,30,1231,279,278,183,1,-1,-1,-1
134,31,1071,277,210,218,1,-1,-1,-1
134,61,335,278,212,128,1,-1,-1,-1
134,82,1490,641,384,472,1,-1,-1,-1
134,89,1590,237,160,204,1,-1,-1,-1
134,90,1290,474,476,480,1,-1,-1,-1
135,8,1942,516,644,736,1,-1,-1,-1
135,30,1236,278,278,183,1,-1,-1,-1
135,31,1074,276,210,218,1,-1,-1,-1
135,61,338,277,212,128,1,-1,-1,-1
135,82,1494,643,384,472,1,-1,-1,-1
135,89,1596,236,160,204,1,-1,-1,-1
135,90,1279,462,500,504,1,-1,-1,-1
136,8,1950,513,644,736,1,-1,-1,-1
136,30,1242,276,278,183,1,-1,-1,-1
136,31,1079,273,210,218,1,-1,-1,-1
136,61,346,275,212,128,1,-1,-1,-1
136,82,1500,639,384,472,1,-1,-1,-1
136,89,1602,234,160,204,1,-1,-1,-1
136,90,1283,459,500,504,1,-1,-1,-1
137,8,1964,516,596,736,1,-1,-1,-1
137,30,1248,268,264,192,1,-1,-1,-1
137,31,1072,268,216,216,1,-1,-1,-1
137,61,352,268,196,128,1,-1,-1,-1
137,82,1520,636,392,476,1,-1,-1,-1
137,89,1620,232,144,192,1,-1,-1,-1
137,90,1312,460,464,492,1,-1,-1,-1
137,92,812,512,508,568,1,-1,-1,-1
137,93,1872,272,328,240,1,-1,-1,-1
137,94,0,952,144,308,1,-1,-1,-1
138,8,1966,515,596,736,1,-1,-1,-1
138,30,1248,267,264,192,1,-1,-1,-1
138,31,1072,267,216,216,1,-1,-1,-1
138,61,353,268,196,128,1,-1,-1,-1
138,82,1519,635,392,476,1,-1,-1,-1
138,89,1621,231,144,192,1,-1,-1,-1
138,90,1313,457,464,492,1,-1,-1,-1
138,92,812,513,508,568,1,-1,-1,-1
138,93,1871,272,328,240,1,-1,-1,-1
138,94,-1,955,144,308,1,-1,-1,-1
139,8,1969,511,596,736,1,-1,-1,-1
139,30,1252,266,264,192,1,-1,-1,-1
139,31,1077,266,216,216,1,-1,-1,-1
139,61,353,263,206,134,1,-1,-1,-1
139,82,1534,644,373,453,1,-1,-1,-1
139,89,1622,225,151,202,1,-1,-1,-1
139,90,1303,442,487,517,1,-1,-1,-1
139,92,827,521,484,541,1,-1,-1,-1
139,93,1869,272,328,240,1,-1,-1,-1
140,8,1976,510,596,736,1,-1,-1,-1
140,30,1257,263,264,192,1,-1,-1,-1
140,31,1081,263,216,216,1,-1,-1,-1
140,61,357,260,206,134,1,-1,-1,-1
140,82,1540,640,373,453,1,-1,-1,-1
140,89,1626,222,151,202,1,-1,-1,-1
140,90,1306,444,487,517,1,-1,-1,-1
140,92,830,520,484,541,1,-1,-1,-1
140,93,1870,271,328,240,1,-1,-1,-1
141,8,1979,506,596,736,1,-1,-1,-1
141,30,1261,259,264,192,1,-1,-1,-1
141,31,1085,260,216,216,1,-1,-1,-1
141,61,361,258,206,134,1,-1,-1,-1
141,82,1541,639,373,453,1,-1,-1,-1
141,89,1630,221,151,202,1,-1,-1,-1
141,90,1311,439,487,517,1,-1,-1,-1
141,93,1873,269,328,240,1,-1,-1,-1
142,8,1987,506,596,736,1,-1,-1,-1
142,30,1268,257,264,192,1,-1,-1,-1
142,31,1091,259,216,216,1,-1,-1,-1
142,61,376,258,196,128,1,-1,-1,-1
142,82,1541,628,392,476,1,-1,-1,-1
142,89,1639,219,151,202,1,-1,-1,-1
142,90,1316,436,487,517,1,-1,-1,-1
142,93,1875,268,328,240,1,-1,-1,-1
143,8,1994,502,596,736,1,-1,-1,-1
143,30,1274,255,264,192,1,-1,-1,-1
143,31,1098,257,216,216,1,-1,-1,-1
143,61,378,253,206,134,1,-1,-1,-1
143,82,1547,625,392,476,1,-1,-1,-1
143,89,1646,218,151,202,1,-1,-1,-1
143,90,1324,433,487,517,1,-1,-1,-1
144,8,1996,501,596,736,1,-1,-1,-1
144,30,1277,252,264,192,1,-1,-1,-1
144,31,1102,253,216,216,1,-1,-1,-1
144,61,387,254,196,128,1,-1,-1,-1
144,82,1540,613,412,500,1,-1,-1,-1
144,89,1650,217,151,202,1,-1,-1,-1
144,90,1329,433,487,517,1,-1,-1,-1
145,8,1992,496,564,736,1,-1,-1,-1
145,30,1277,252,264,192,1,-1,-1,-1
145,31,1140,252,192,208,1,-1,-1,-1
145,61,388,252,200,128,1,-1,-1,-1
145,82,1544,612,404,476,1,-1,-1,-1
145,89,1664,212,132,200,1,-1,-1,-1
145,90,1329,433,487,517,1,-1,-1,-1
145,95,852,492,584,564,1,-1,-1,-1
145,96,1876,260,328,204,1,-1,-1,-1
146,8,1992,496,564,736,1,-1,-1,-1
146,31,1144,250,192,208,1,-1,-1,-1
146,61,393,249,200,128,1,-1,-1,-1
146,82,1545,610,404,476,1,-1,-1,-1
146,89,1667,211,132,200,1,-1,-1,-1
146,90,1334,426,487,517,1,-1,-1,-1
146,95,871,498,556,537,1,-1,-1,-1
146,96,1878,259,328,204,1,-1,-1,-1
147,8,2012,509,537,701,1,-1,-1,-1
147,31,1150,247,192,208,1,-1,-1,-1
147,61,398,247,200,128,1,-1,-1,-1
147,82,1553,605,404,476,1,-1,-1,-1
147,89,1672,209,132,200,1,-1,-1,-1
147,90,1338,422,487,517,1,-1,-1,-1
147,95,877,498,556,537,1,-1,-1,-1
147,96,1882,257,328,204,1,-1,-1,-1
148,8,2017,506,537,701,1,-1,-1,-1
148,31,1157,247,192,208,1,-1,-1,-1
148,61,407,246,200,128,1,-1,-1,-1
148,82,1558,604,404,476,1,-1,-1,-1
148,90,1352,432,464,492,1,-1,-1,-1
148,95,883,497,556,537,1,-1,-1,-1
148,96,1886,255,328,204,1,-1,-1,-1
149,8,2022,502,537,701,1,-1,-1,-1
149,31,1164,243,192,208,1,-1,-1,-1
149,61,413,243,200,128,1,-1,-1,-1
149,82,1566,600,404,476,1,-1,-1,-1
149,90,1358,429,464,492,1,-1,-1,-1
149,95,888,496,556,537,1,-1,-1,-1
149,96,1889,253,328,204,1,-1,-1,-1
150,8,2027,501,537,701,1,-1,-1,-1
150,31,1166,240,192,208,1,-1,-1,-1
150,61,416,241,200,128,1,-1,-1,-1
150,82,1564,598,404,476,1,-1,-1,-1
150,90,1362,425,464,492,1,-1,-1,-1
150,95,887,495,556,537,1,-1,-1,-1
151,8,2028,497,537,701,1,-1,-1,-1
151,31,1173,237,192,208,1,-1,-1,-1
151,61,424,236,200,128,1,-1,-1,-1
151,82,1569,597,404,476,1,-1,-1,-1
151,90,1365,424,464,492,1,-1,-1,-1
151,95,893,494,556,537,1,-1,-1,-1
152,8,2040,494,537,701,1,-1,-1,-1
152,31,1179,234,192,208,1,-1,-1,-1
152,61,430,234,200,128,1,-1,-1,-1
152,82,1586,600,385,453,1,-1,-1,-1
152,90,1369,421,464,492,1,-1,-1,-1
152,95,896,491,556,537,1,-1,-1,-1
153,8,2036,468,520,736,1,-1,-1,-1
153,31,1180,228,196,208,1,-1,-1,-1
153,61,432,228,200,124,1,-1,-1,-1
153,82,1568,592,400,464,1,-1,-1,-1
153,90,1369,421,464,492,1,-1,-1,-1
153,95,924,472,576,560,1,-1,-1,-1
153,97,1896,236,344,204,1,-1,-1,-1
153,98,0,840,216,360,1,-1,-1,-1
153,99,1708,192,124,188,1,-1,-1,-1
153,100,2228,188,132,148,1,-1,-1,-1
153,101,1340,228,216,176,1,-1,-1,-1
154,8,2039,466,520,736,1,-1,-1,-1
154,31,1188,225,196,208,1,-1,-1,-1
154,61,442,226,200,124,1,-1,-1,-1
154,82,1578,586,400,464,1,-1,-1,-1
154,90,1383,413,464,492,1,-1,-1,-1
154,95,944,481,549,533,1,-1,-1,-1
154,97,1901,233,344,204,1,-1,-1,-1
154,98,6,831,216,360,1,-1,-1,-1
154,99,1717,190,124,188,1,-1,-1,-1
154,100,2237,185,132,148,1,-1,-1,-1
154,101,1348,225,216,176,1,-1,-1,-1
155,8,2045,457,520,736,1,-1,-1,-1
155,31,1195,221,196,208,1,-1,-1,-1
155,61,451,223,200,124,1,-1,-1,-1
155,82,1585,585,400,464,1,-1,-1,-1
155,90,1389,407,464,492,1,-1,-1,-1
155,95,951,476,549,533,1,-1,-1,-1
155,97,1907,230,344,204,1,-1,-1,-1
155,98,15,823,216,360,1,-1,-1,-1
155,99,1723,186,124,188,1,-1,-1,-1
155,100,2246,181,132,148,1,-1,-1,-1
155,101,1356,221,216,176,1,-1,-1,-1
156,8,2063,474,495,701,1,-1,-1,-1
156,31,1199,220,196,208,1,-1,-1,-1
156,61,453,221,200,124,1,-1,-1,-1
156,82,1588,583,400,464,1,-1,-1,-1
156,90,1394,407,464,492,1,-1,-1,-1
156,95,954,475,549,533,1,-1,-1,-1
156,97,1908,228,344,204,1,-1,-1,-1
156,98,18,819,216,360,1,-1,-1,-1
156,99,1725,184,124,188,1,-1,-1,-1
156,100,2249,179,132,148,1,-1,-1,-1
156,101,1359,220,216,176,1,-1,-1,-1
157,8,2068,471,495,701,1,-1,-1,-1
157,31,1204,217,196,208,1,-1,-1,-1
157,61,457,220,200,124,1,-1,-1,-1
157,82,1594,582,400,464,1,-1,-1,-1
157,90,1398,404,464,492,1,-1,-1,-1
157,95,958,472,549,533,1,-1,-1,-1
157,97,1910,225,344,204,1,-1,-1,-1
157,98,22,814,216,360,1,-1,-1,-1
157,99,1731,183,124,188,1,-1,-1,-1
157,101,1362,216,216,176,1,-1,-1,-1
158,8,2068,468,495,701,1,-1,-1,-1
158,31,1210,214,196,208,1,-1,-1,-1
158,61,466,216,200,124,1,-1,-1,-1
158,82,1597,577,400,464,1,-1,-1,-1
158,90,1405,402,464,492,1,-1,-1,-1
158,95,969,472,549,533,1,-1,-1,-1
158,97,1912,222,344,204,1,-1,-1,-1
158,98,30,810,216,360,1,-1,-1,-1
158,99,1737,179,124,188,1,-1,-1,-1
158,101,1369,214,216,176,1,-1,-1,-1
159,8,2072,466,495,701,1,-1,-1,-1
159,31,1213,212,196,208,1,-1,-1,-1
159,61,469,215,200,124,1,-1,-1,-1
159,82,1601,576,400,464,1,-1,-1,-1
159,90,1411,401,464,492,1,-1,-1,-1
159,95,969,469,549,533,1,-1,-1,-1
159,97,1913,221,344,204,1,-1,-1,-1
159,99,1741,178,124,188,1,-1,-1,-1
159,101,1372,212,216,176,1,-1,-1,-1
160,8,2082,468,495,701,1,-1,-1,-1
160,31,1223,210,196,208,1,-1,-1,-1
160,61,477,212,200,124,1,-1,-1,-1
160,82,1611,572,400,464,1,-1,-1,-1
160,90,1416,398,464,492,1,-1,-1,-1
160,95,980,466,549,533,1,-1,-1,-1
160,99,1750,175,124,188,1,-1,-1,-1
160,101,1380,210,216,176,1,-1,-1,-1
161,8,2080,448,476,732,1,-1,-1,-1
161,31,1240,204,188,216,1,-1,-1,-1
161,61,477,212,200,124,1,-1,-1,-1
161,82,1644,568,392,472,1,-1,-1,-1
161,90,1416,398,464,492,1,-1,-1,-1
161,95,992,448,536,564,1,-1,-1,-1
161,99,1756,172,136,188,1,-1,-1,-1
161,101,1380,210,216,176,1,-1,-1,-1
161,102,1916,212,340,204,1,-1,-1,-1
161,103,0,792,272,332,1,-1,-1,-1
162,8,2085,445,476,732,1,-1,-1,-1
162,31,1243,204,188,216,1,-1,-1,-1
162,61,492,209,200,124,1,-1,-1,-1
162,82,1649,567,392,472,1,-1,-1,-1
162,90,1426,392,464,492,1,-1,-1,-1
162,95,1010,463,510,537,1,-1,-1,-1
162,99,1759,171,136,188,1,-1,-1,-1
162,101,1394,206,216,176,1,-1,-1,-1
162,102,1918,211,340,204,1,-1,-1,-1
162,103,3,790,272,332,1,-1,-1,-1
163,8,2088,445,476,732,1,-1,-1,-1
163,31,1250,203,188,216,1,-1,-1,-1
163,61,499,207,200,124,1,-1,-1,-1
163,82,1655,570,392,472,1,-1,-1,-1
163,90,1433,392,464,492,1,-1,-1,-1
163,95,1016,460,510,537,1,-1,-1,-1
163,99,1766,171,136,188,1,-1,-1,-1
163,101,1398,204,216,176,1,-1,-1,-1
163,102,1922,211,340,204,1,-1,-1,-1
163,103,7,787,272,332,1,-1,-1,-1
164,8,2107,458,453,697,1,-1,-1,-1
164,31,1258,200,188,216,1,-1,-1,-1
164,61,507,203,200,124,1,-1,-1,-1
164,82,1661,564,392,472,1,-1,-1,-1
164,90,1451,401,442,469,1,-1,-1,-1
164,95,1027,456,510,537,1,-1,-1,-1
164,99,1772,168,136,188,1,-1,-1,-1
164,101,1405,201,216,176,1,-1,-1,-1
164,102,1926,210,340,204,1,-1,-1,-1
164,103,15,774,272,332,1,-1,-1,-1
165,8,2112,455,453,697,1,-1,-1,-1
165,31,1264,198,188,216,1,-1,-1,-1
165,61,511,202,200,124,1,-1,-1,-1
165,82,1666,564,392,472,1,-1,-1,-1
165,90,1457,400,442,469,1,-1,-1,-1
165,95,1016,439,536,564,1,-1,-1,-1
165,99,1778,167,136,188,1,-1,-1,-1
165,101,1409,200,216,176,1,-1,-1,-1
165,102,1927,210,340,204,1,-1,-1,-1
165,103,14,764,286,349,1,-1,-1,-1
166,8,2119,455,453,697,1,-1,-1,-1
166,31,1272,196,188,216,1,-1,-1,-1
166,61,524,201,200,124,1,-1,-1,-1
166,82,1676,559,392,472,1,-1,-1,-1
166,90,1463,397,442,469,1,-1,-1,-1
166,95,1020,441,536,564,1,-1,-1,-1
166,99,1785,165,136,188,1,-1,-1,-1
166,101,1419,198,216,176,1,-1,-1,-1
166,102,1932,209,340,204,1,-1,-1,-1
167,8,2127,455,453,697,1,-1,-1,-1
167,31,1281,193,188,216,1,-1,-1,-1
167,61,532,198,200,124,1,-1,-1,-1
167,82,1686,558,392,472,1,-1,-1,-1
167,90,1470,393,442,469,1,-1,-1,-1
167,95,1032,436,536,564,1,-1,-1,-1
167,99,1795,162,136,188,1,-1,-1,-1
167,101,1425,195,216,176,1,-1,-1,-1
167,102,1937,206,340,204,1,-1,-1,-1
168,8,2130,451,453,697,1,-1,-1,-1
168,31,1286,192,188,216,1,-1,-1,-1
168,61,534,197,200,124,1,-1,-1,-1
168,82,1691,559,392,472,1,-1,-1,-1
168,90,1464,380,464,492,1,-1,-1,-1
168,99,1799,161,136,188,1,-1,-1,-1
168,101,1430,194,216,176,1,-1,-1,-1
169,8,2132,440,428,728,1,-1,-1,-1
169,31,1296,192,188,212,1,-1,-1,-1
169,61,564,192,188,128,1,-1,-1,-1
169,82,1716,556,384,480,1,-1,-1,-1
169,90,1464,380,464,492,1,-1,-1,-1
169,99,1812,152,132,196,1,-1,-1,-1
169,101,1430,194,216,176,1,-1,-1,-1
169,104,0,776,344,476,1,-1,-1,-1
169,105,1088,440,604,556,1,-1,-1,-1
169,106,1944,196,408,208,1,-1,-1,-1
169,107,1516,380,824,472,1,-1,-1,-1
170,8,2143,439,428,728,1,-1,-1,-1
170,31,1306,190,188,212,1,-1,-1,-1
170,61,575,191,188,128,1,-1,-1,-1
170,82,1723,554,384,480,1,-1,-1,-1
170,90,1481,379,464,492,1,-1,-1,-1
170,99,1820,150,132,196,1,-1,-1,-1
170,101,1451,189,216,176,1,-1,-1,-1
170,104,9,773,344,476,1,-1,-1,-1
170,105,1117,446,575,530,1,-1,-1,-1
170,106,1952,195,408,208,1,-1,-1,-1
170,107,1550,390,785,450,1,-1,-1,-1
171,8,2150,430,428,728,1,-1,-1,-1
171,31,1310,189,188,212,1,-1,-1,-1
171,61,580,190,188,128,1,-1,-1,-1
171,82,1729,555,384,480,1,-1,-1,-1
171,90,1497,386,442,469,1,-1,-1,-1
171,99,1826,148,132,196,1,-1,-1,-1
171,101,1456,188,216,176,1,-1,-1,-1
171,104,18,769,344,476,1,-1,-1,-1
171,105,1101,435,604,556,1,-1,-1,-1
171,106,1956,194,408,208,1,-1,-1,-1
171,107,1533,379,824,472,1,-1,-1,-1
172,8,2158,431,428,728,1,-1,-1,-1
172,31,1324,187,188,212,1,-1,-1,-1
172,61,594,188,188,128,1,-1,-1,-1
172,82,1738,555,384,480,1,-1,-1,-1
172,90,1509,386,442,469,1,-1,-1,-1
172,99,1839,145,132,196,1,-1,-1,-1
172,101,1468,186,216,176,1,-1,-1,-1
172,104,26,771,344,476,1,-1,-1,-1
172,105,1116,432,604,556,1,-1,-1,-1
172,106,1963,193,408,208,1,-1,-1,-1
172,107,1539,376,824,472,1,-1,-1,-1
173,8,2170,434,428,728,1,-1,-1,-1
173,31,1335,184,188,212,1,-1,-1,-1
173,61,605,185,188,128,1,-1,-1,-1
173,82,1751,553,384,480,1,-1,-1,-1
173,99,1849,143,132,196,1,-1,-1,-1
173,101,1479,183,216,176,1,-1,-1,-1
173,104,33,764,344,476,1,-1,-1,-1
173,105,1131,430,604,556,1,-1,-1,-1
173,107,1552,375,824,472,1,-1,-1,-1
174,8,2179,432,428,728,1,-1,-1,-1
174,31,1341,183,188,212,1,-1,-1,-1
174,61,611,184,188,128,1,-1,-1,-1
174,99,1855,141,132,196,1,-1,-1,-1
174,101,1484,181,216,176,1,-1,-1,-1
174,104,44,762,344,476,1,-1,-1,-1
174,105,1140,428,604,556,1,-1,-1,-1
174,107,1557,370,824,472,1,-1,-1,-1
175,8,2189,424,428,728,1,-1,-1,-1
175,31,1354,180,188,212,1,-1,-1,-1
175,61,626,182,188,128,1,-1,-1,-1
175,99,1869,138,132,196,1,-1,-1,-1
175,101,1497,179,216,176,1,-1,-1,-1
175,104,49,748,361,500,1,-1,-1,-1
175,105,1134,413,634,584,1,-1,-1,-1
175,107,1594,377,785,450,1,-1,-1,-1
176,8,2203,418,428,728,1,-1,-1,-1
176,31,1368,178,188,212,1,-1,-1,-1
176,61,641,180,188,128,1,-1,-1,-1
176,99,1882,136,132,196,1,-1,-1,-1
176,101,1511,176,216,176,1,-1,-1,-1
176,105,1149,417,634,584,1,-1,-1,-1
177,8,2208,420,352,728,1,-1,-1,-1
177,31,1376,172,184,224,1,-1,-1,-1
177,61,648,176,196,132,1,-1,-1,-1
177,99,1888,136,124,192,1,-1,-1,-1
177,101,1511,176,216,176,1,-1,-1,-1
177,105,1180,420,584,560,1,-1,-1,-1
177,108,1988,180,356,212,1,-1,-1,-1
177,109,2404,132,152,160,1,-1,-1,-1
177,110,1800,536,336,484,1,-1,-1,-1
177,111,1580,368,408,472,1,-1,-1,-1
177,112,0,368,68,232,1,-1,-1,-1
177,113,0,760,404,476,1,-1,-1,-1
178,8,2213,413,352,728,1,-1,-1,-1
178,31,1391,168,184,224,1,-1,-1,-1
178,61,664,173,196,132,1,-1,-1,-1
178,99,1902,132,124,192,1,-1,-1,-1
178,101,1531,171,216,176,1,-1,-1,-1
178,105,1195,415,584,560,1,-1,-1,-1
178,108,2004,183,339,202,1,-1,-1,-1
178,109,2419,128,152,160,1,-1,-1,-1
178,110,1806,531,336,484,1,-1,-1,-1
178,111,1589,365,408,472,1,-1,-1,-1
178,113,17,765,385,453,1,-1,-1,-1
179,31,1407,166,184,224,1,-1,-1,-1
179,61,680,171,196,132,1,-1,-1,-1
179,99,1917,129,124,192,1,-1,-1,-1
179,101,1546,170,216,176,1,-1,-1,-1
179,105,1207,413,584,560,1,-1,-1,-1
179,108,2017,180,339,202,1,-1,-1,-1
179,109,2437,131,145,152,1,-1,-1,-1
179,110,1824,533,336,484,1,-1,-1,-1
179,111,1603,365,408,472,1,-1,-1,-1
179,113,27,755,404,476,1,-1,-1,-1
180,31,1412,165,184,224,1,-1,-1,-1
180,61,684,170,196,132,1,-1,-1,-1
180,99,1922,128,124,192,1,-1,-1,-1
180,101,1551,168,216,176,1,-1,-1,-1
180,105,1215,414,584,560,1,-1,-1,-1
180,108,2022,176,339,202,1,-1,-1,-1
180,109,2443,129,145,152,1,-1,-1,-1
180,110,1834,530,336,484,1,-1,-1,-1
180,111,1610,362,408,472,1,-1,-1,-1
180,113,32,755,404,476,1,-1,-1,-1
181,31,1430,163,184,224,1,-1,-1,-1
181,61,702,168,196,132,1,-1,-1,-1
181,99,1938,124,124,192,1,-1,-1,-1
181,101,1568,166,216,176,1,-1,-1,-1
181,105,1231,416,584,560,1,-1,-1,-1
181,111,1627,360,408,472,1,-1,-1,-1
181,113,44,752,404,476,1,-1,-1,-1
182,31,1445,159,184,224,1,-1,-1,-1
182,61,718,165,196,132,1,-1,-1,-1
182,99,1954,120,124,192,1,-1,-1,-1
182,101,1583,161,216,176,1,-1,-1,-1
182,105,1263,420,556,533,1,-1,-1,-1
182,111,1639,357,408,472,1,-1,-1,-1
182,113,59,747,404,476,1,-1,-1,-1
183,31,1452,157,184,224,1,-1,-1,-1
183,61,725,163,196,132,1,-1,-1,-1
183,101,1589,159,216,176,1,-1,-1,-1
183,105,1268,414,556,533,1,-1,-1,-1
183,111,1647,355,408,472,1,-1,-1,-1
183,113,72,743,404,476,1,-1,-1,-1
184,31,1470,154,184,224,1,-1,-1,-1
184,61,744,160,196,132,1,-1,-1,-1
184,101,1609,157,216,176,1,-1,-1,-1
184,105,1270,402,584,560,1,-1,-1,-1
184,113,90,743,404,476,1,-1,-1,-1
185,31,1488,156,184,212,1,-1,-1,-1
185,61,744,160,196,132,1,-1,-1,-1
185,101,1609,157,216,176,1,-1,-1,-1
185,105,1296,400,512,556,1,-1,-1,-1
185,113,0,728,520,484,1,-1,-1,-1
185,114,2384,384,176,740,1,-1,-1,-1
185,115,2032,152,448,216,1,-1,-1,-1
185,116,1924,512,324,484,1,-1,-1,-1
185,117,2028,336,492,496,1,-1,-1,-1
185,118,0,344,236,236,1,-1,-1,-1
185,119,1676,344,408,488,1,-1,-1,-1
185,120,1984,116,124,184,1,-1,-1,-1
185,121,64,192,132,92,1,-1,-1,-1
186,31,1496,155,184,212,1,-1,-1,-1
186,61,769,155,196,132,1,-1,-1,-1
186,101,1633,152,216,176,1,-1,-1,-1
186,105,1302,398,512,556,1,-1,-1,-1
186,113,11,724,520,484,1,-1,-1,-1
186,114,2384,382,176,740,1,-1,-1,-1
186,115,2039,150,448,216,1,-1,-1,-1
186,116,1932,512,324,484,1,-1,-1,-1
186,117,2035,339,492,496,1,-1,-1,-1
186,118,8,342,236,236,1,-1,-1,-1
186,119,1682,344,408,488,1,-1,-1,-1
186,120,1991,114,124,184,1,-1,-1,-1
186,121,74,190,132,92,1,-1,-1,-1
187,31,1516,151,184,212,1,-1,-1,-1
187,61,789,152,196,132,1,-1,-1,-1
187,101,1653,149,216,176,1,-1,-1,-1
187,105,1319,395,512,556,1,-1,-1,-1
187,113,23,724,520,484,1,-1,-1,-1
187,115,2050,150,448,216,1,-1,-1,-1
187,116,1946,508,324,484,1,-1,-1,-1
187,117,2051,334,492,496,1,-1,-1,-1
187,118,26,341,236,236,1,-1,-1,-1
187,119,1698,340,408,488,1,-1,-1,-1
187,120,2008,111,124,184,1,-1,-1,-1
187,121,90,188,132,92,1,-1,-1,-1
188,31,1534,148,184,212,1,-1,-1,-1
188,61,809,148,196,132,1,-1,-1,-1
188,101,1672,146,216,176,1,-1,-1,-1
188,105,1337,392,512,556,1,-1,-1,-1
188,113,47,719,520,484,1,-1,-1,-1
188,116,1965,507,324,484,1,-1,-1,-1
188,117,2079,340,469,472,1,-1,-1,-1
188,118,44,336,236,236,1,-1,-1,-1
188,119,1703,325,428,512,1,-1,-1,-1
188,120,2026,106,124,184,1,-1,-1,-1
188,121,109,185,132,92,1,-1,-1,-1
189,31,1544,146,184,212,1,-1,-1,-1
189,61,818,145,196,132,1,-1,-1,-1
189,101,1680,142,216,176,1,-1,-1,-1
189,105,1343,390,512,556,1,-1,-1,-1
189,113,54,717,520,484,1,-1,-1,-1
189,116,1971,502,324,484,1,-1,-1,-1
189,117,2089,340,469,472,1,-1,-1,-1
189,118,53,334,236,236,1,-1,-1,-1
189,119,1715,325,428,512,1,-1,-1,-1
189,120,2038,105,124,184,1,-1,-1,-1
189,121,121,183,132,92,1,-1,-1,-1
190,31,1564,142,184,212,1,-1,-1,-1
190,61,839,143,196,132,1,-1,-1,-1
190,101,1701,140,216,176,1,-1,-1,-1
190,105,1382,399,488,530,1,-1,-1,-1
190,113,74,714,520,484,1,-1,-1,-1
190,117,2103,335,469,472,1,-1,-1,-1
190,118,76,331,236,236,1,-1,-1,-1
190,119,1731,325,428,512,1,-1,-1,-1
190,120,2057,102,124,184,1,-1,-1,-1
190,121,142,180,132,92,1,-1,-1,-1
191,31,1583,139,184,212,1,-1,-1,-1
191,61,859,140,196,132,1,-1,-1,-1
191,101,1720,138,216,176,1,-1,-1,-1
191,105,1401,401,488,530,1,-1,-1,-1
191,113,81,699,546,508,1,-1,-1,-1
191,117,2120,331,469,472,1,-1,-1,-1
191,118,96,329,236,236,1,-1,-1,-1
191,119,1762,331,408,488,1,-1,-1,-1
191,120,2076,99,124,184,1,-1,-1,-1
191,121,161,177,132,92,1,-1,-1,-1
192,31,1593,138,184,212,1,-1,-1,-1
192,61,870,139,196,132,1,-1,-1,-1
192,105,1410,396,488,530,1,-1,-1,-1
192,113,94,697,546,508,1,-1,-1,-1
192,117,2125,331,469,472,1,-1,-1,-1
192,118,106,328,236,236,1,-1,-1,-1
192,119,1767,330,408,488,1,-1,-1,-1
192,121,173,176,132,92,1,-1,-1,-1
193,31,1608,132,188,216,1,-1,-1,-1
193,61,892,136,168,132,1,-1,-1,-1
193,105,1444,376,492,560,1,-1,-1,-1
193,113,0,708,652,492,1,-1,-1,-1
193,117,2136,324,424,484,1,-1,-1,-1
193,118,48,324,312,244,1,-1,-1,-1
193,119,1784,324,440,488,1,-1,-1,-1
193,121,192,172,132,92,1,-1,-1,-1
193,122,2136,136,420,208,1,-1,-1,-1
193,123,2064,492,300,480,1,-1,-1,-1
193,124,1416,112,212,144,1,-1,-1,-1
193,125,1856,48,228,88,1,-1,-1,-1
193,126,2108,96,132,176,1,-1,-1,-1
194,31,1626,130,188,216,1,-1,-1,-1
194,61,911,135,168,132,1,-1,-1,-1
194,105,1460,371,492,560,1,-1,-1,-1
194,113,12,708,652,492,1,-1,-1,-1
194,117,2149,323,424,484,1,-1,-1,-1
194,118,74,327,297,232,1,-1,-1,-1
194,119,1795,322,440,488,1,-1,-1,-1
194,121,210,171,132,92,1,-1,-1,-1
194,122,2150,134,420,208,1,-1,-1,-1
194,123,2077,491,300,480,1,-1,-1,-1
194,124,1433,110,212,144,1,-1,-1,-1
194,125,1874,47,228,88,1,-1,-1,-1
194,126,2127,96,132,176,1,-1,-1,-1
195,31,1634,128,188,216,1,-1,-1,-1
195,61,923,133,168,132,1,-1,-1,-1
195,105,1469,371,492,560,1,-1,-1,-1
195,113,24,709,652,492,1,-1,-1,-1
195,117,2157,323,424,484,1,-1,-1,-1
195,118,83,325,297,232,1,-1,-1,-1
195,119,1805,321,440,488,1,-1,-1,-1
195,121,222,169,132,92,1,-1,-1,-1
195,122,2159,130,420,208,1,-1,-1,-1
195,123,2085,492,300,480,1,-1,-1,-1
195,124,1439,109,212,144,1,-1,-1,-1
195,125,1873,43,239,92,1,-1,-1,-1
195,126,2137,92,132,176,1,-1,-1,-1
196,31,1657,126,188,216,1,-1,-1,-1
196,61,943,130,168,132,1,-1,-1,-1
196,105,1486,368,492,560,1,-1,-1,-1
196,113,25,700,685,517,1,-1,-1,-1
196,117,2176,320,424,484,1,-1,-1,-1
196,118,97,318,312,244,1,-1,-1,-1
196,119,1826,319,440,488,1,-1,-1,-1
196,121,244,166,132,92,1,-1,-1,-1
196,124,1460,106,212,144,1,-1,-1,-1
196,125,1899,42,228,88,1,-1,-1,-1
196,126,2157,89,132,176,1,-1,-1,-1
197,31,1679,123,188,216,1,-1,-1,-1
197,61,965,126,168,132,1,-1,-1,-1
197,113,64,702,652,492,1,-1,-1,-1
197,117,2202,326,404,461,1,-1,-1,-1
197,118,122,315,312,244,1,-1,-1,-1
197,119,1843,315,440,488,1,-1,-1,-1
197,121,266,162,132,92,1,-1,-1,-1
197,124,1479,101,212,144,1,-1,-1,-1
197,125,1918,38,228,88,1,-1,-1,-1
197,126,2177,84,132,176,1,-1,-1,-1
198,31,1689,122,188,216,1,-1,-1,-1
198,61,978,126,168,132,1,-1,-1,-1
198,113,74,706,652,492,1,-1,-1,-1
198,117,2212,326,404,461,1,-1,-1,-1
198,118,138,320,297,232,1,-1,-1,-1
198,119,1850,312,440,488,1,-1,-1,-1
198,121,278,162,132,92,1,-1,-1,-1
198,124,1488,101,212,144,1,-1,-1,-1
198,125,1924,37,228,88,1,-1,-1,-1
199,31,1710,121,188,216,1,-1,-1,-1
199,61,999,125,168,132,1,-1,-1,-1
199,113,89,704,652,492,1,-1,-1,-1
199,118,162,318,297,232,1,-1,-1,-1
199,119,1872,311,440,488,1,-1,-1,-1
199,121,300,161,132,92,1,-1,-1,-1
199,124,1506,101,212,144,1,-1,-1,-1
199,125,1945,35,228,88,1,-1,-1,-1
200,31,1731,119,188,216,1,-1,-1,-1
200,61,1021,121,168,132,1,-1,-1,-1
200,118,179,311,312,244,1,-1,-1,-1
200,119,1899,318,419,465,1,-1,-1,-1
200,121,323,158,132,92,1,-1,-1,-1
200,124,1526,98,212,144,1,-1,-1,-1
201,31,1748,116,188,212,1,-1,-1,-1
201,61,1032,116,172,132,1,-1,-1,-1
201,118,188,304,272,244,1,-1,-1,-1
201,119,1896,308,484,484,1,-1,-1,-1
201,121,336,152,132,92,1,-1,-1,-1
201,124,1526,98,212,144,1,-1,-1,-1
201,127,80,692,712,500,1,-1,-1,-1
201,128,1580,360,448,556,1,-1,-1,-1
201,129,2184,312,376,648,1,-1,-1,-1
201,130,48,156,124,100,1,-1,-1,-1
202,31,1770,114,188,212,1,-1,-1,-1
202,61,1054,115,172,132,1,-1,-1,-1
202,118,212,302,272,244,1,-1,-1,-1
202,119,1915,306,484,484,1,-1,-1,-1
202,121,360,151,132,92,1,-1,-1,-1
202,127,102,691,712,500,1,-1,-1,-1
202,128,1598,359,448,556,1,-1,-1,-1
202,129,2195,306,376,648,1,-1,-1,-1
202,130,72,155,124,100,1,-1,-1,-1
203,31,1794,112,188,212,1,-1,-1,-1
203,61,1081,114,172,132,1,-1,-1,-1
203,118,237,301,272,244,1,-1,-1,-1
203,119,1939,305,484,484,1,-1,-1,-1
203,121,385,150,132,92,1,-1,-1,-1
203,127,124,684,712,500,1,-1,-1,-1
203,129,2219,308,376,648,1,-1,-1,-1
203,130,97,154,124,100,1,-1,-1,-1
204,31,1808,113,188,212,1,-1,-1,-1
204,61,1094,114,172,132,1,-1,-1,-1
204,118,249,302,272,244,1,-1,-1,-1
204,119,1947,304,484,484,1,-1,-1,-1
204,121,397,150,132,92,1,-1,-1,-1
204,127,136,686,712,500,1,-1,-1,-1
204,129,2230,308,376,648,1,-1,-1,-1
204,130,109,153,124,100,1,-1,-1,-1
205,31,1830,112,188,212,1,-1,-1,-1
205,61,1115,113,172,132,1,-1,-1,-1
205,118,274,300,272,244,1,-1,-1,-1
205,119,1972,303,484,484,1,-1,-1,-1
205,121,420,149,132,92,1,-1,-1,-1
205,127,163,687,712,500,1,-1,-1,-1
205,130,133,152,124,100,1,-1,-1,-1
206,31,1854,111,188,212,1,-1,-1,-1
206,61,1140,112,172,132,1,-1,-1,-1
206,118,304,302,259,232,1,-1,-1,-1
206,119,1990,303,484,484,1,-1,-1,-1
206,121,445,148,132,92,1,-1,-1,-1
206,127,168,676,748,525,1,-1,-1,-1
206,130,158,152,124,100,1,-1,-1,-1
207,31,1870,111,188,212,1,-1,-1,-1
207,61,1155,110,172,132,1,-1,-1,-1
207,118,319,301,259,232,1,-1,-1,-1
207,119,2004,303,484,484,1,-1,-1,-1
207,121,458,147,132,92,1,-1,-1,-1
207,127,203,690,712,500,1,-1,-1,-1
207,130,171,151,124,100,1,-1,-1,-1
208,31,1894,109,188,212,1,-1,-1,-1
208,61,1180,108,172,132,1,-1,-1,-1
208,118,344,299,259,232,1,-1,-1,-1
208,119,2023,301,484,484,1,-1,-1,-1
208,121,483,146,132,92,1,-1,-1,-1
208,127,206,678,748,525,1,-1,-1,-1
208,130,197,150,124,100,1,-1,-1,-1
209,31,1924,104,188,212,1,-1,-1,-1
209,61,1204,112,176,128,1,-1,-1,-1
209,118,360,296,296,244,1,-1,-1,-1
209,119,2008,296,512,492,1,-1,-1,-1
209,121,483,146,132,92,1,-1,-1,-1
209,127,292,684,660,500,1,-1,-1,-1
209,130,197,150,124,100,1,-1,-1,-1
209,131,1728,356,532,556,1,-1,-1,-1
209,132,2332,460,224,484,1,-1,-1,-1
209,133,0,460,208,620,1,-1,-1,-1
209,134,328,204,152,96,1,-1,-1,-1
209,135,1672,88,228,144,1,-1,-1,-1
209,136,1388,92,64,88,1,-1,-1,-1
210,31,1937,104,188,212,1,-1,-1,-1
210,61,1219,112,176,128,1,-1,-1,-1
210,118,375,296,296,244,1,-1,-1,-1
210,119,2016,295,512,492,1,-1,-1,-1
210,121,522,145,132,92,1,-1,-1,-1
210,127,306,690,660,500,1,-1,-1,-1
210,130,234,148,124,100,1,-1,-1,-1
210,131,1737,357,532,556,1,-1,-1,-1
210,132,2338,462,224,484,1,-1,-1,-1
210,133,7,460,208,620,1,-1,-1,-1
210,134,341,204,152,96,1,-1,-1,-1
210,135,1684,87,228,144,1,-1,-1,-1
210,136,1400,91,64,88,1,-1,-1,-1
211,31,1961,103,188,212,1,-1,-1,-1
211,61,1241,112,176,128,1,-1,-1,-1
211,118,402,294,296,244,1,-1,-1,-1
211,119,2037,295,512,492,1,-1,-1,-1
211,121,548,144,132,92,1,-1,-1,-1
211,127,328,692,660,500,1,-1,-1,-1
211,130,261,148,124,100,1,-1,-1,-1
211,131,1760,357,532,556,1,-1,-1,-1
211,134,363,204,152,96,1,-1,-1,-1
211,135,1707,86,228,144,1,-1,-1,-1
212,31,1985,102,188,212,1,-1,-1,-1
212,61,1267,111,176,128,1,-1,-1,-1
212,118,428,294,296,244,1,-1,-1,-1
212,119,2057,296,512,492,1,-1,-1,-1
212,121,574,143,132,92,1,-1,-1,-1
212,127,350,688,660,500,1,-1,-1,-1
212,130,286,147,124,100,1,-1,-1,-1
212,131,1777,361,532,556,1,-1,-1,-1
212,134,384,205,152,96,1,-1,-1,-1
212,135,1729,86,228,144,1,-1,-1,-1
213,31,1997,102,188,212,1,-1,-1,-1
213,61,1280,112,176,128,1,-1,-1,-1
213,118,435,295,296,244,1,-1,-1,-1
213,119,2064,298,512,492,1,-1,-1,-1
213,121,584,143,132,92,1,-1,-1,-1
213,127,362,692,660,500,1,-1,-1,-1
213,130,298,147,124,100,1,-1,-1,-1
213,131,1807,373,507,530,1,-1,-1,-1
213,134,396,204,152,96,1,-1,-1,-1
213,135,1739,85,228,144,1,-1,-1,-1
214,31,2019,100,188,212,1,-1,-1,-1
214,61,1301,110,176,128,1,-1,-1,-1
214,118,460,292,296,244,1,-1,-1,-1
214,121,606,142,132,92,1,-1,-1,-1
214,130,321,145,124,100,1,-1,-1,-1
214,135,1761,85,228,144,1,-1,-1,-1
215,31,2039,101,188,212,1,-1,-1,-1
215,61,1322,111,176,128,1,-1,-1,-1
215,118,484,292,296,244,1,-1,-1,-1
215,121,627,143,132,92,1,-1,-1,-1
215,130,343,147,124,100,1,-1,-1,-1
215,135,1778,86,228,144,1,-1,-1,-1
216,31,2051,100,188,212,1,-1,-1,-1
216,61,1336,110,176,128,1,-1,-1,-1
216,118,490,292,296,244,1,-1,-1,-1
216,121,639,142,132,92,1,-1,-1,-1
216,130,354,146,124,100,1,-1,-1,-1
216,135,1787,85,228,144,1,-1,-1,-1
217,31,2068,96,204,220,1,-1,-1,-1
217,61,1336,110,176,128,1,-1,-1,-1
217,118,508,292,312,244,1,-1,-1,-1
217,121,656,144,136,92,1,-1,-1,-1
217,130,354,146,124,100,1,-1,-1,-1
217,135,1787,85,228,144,1,-1,-1,-1
217,137,372,680,720,500,1,-1,-1,-1
217,138,8,456,352,660,1,-1,-1,-1
217,139,1884,348,428,556,1,-1,-1,-1
217,140,460,200,148,100,1,-1,-1,-1
218,31,2087,97,204,220,1,-1,-1,-1
218,61,1375,109,176,128,1,-1,-1,-1
218,118,526,290,312,244,1,-1,-1,-1
218,121,674,143,136,92,1,-1,-1,-1
218,137,384,679,720,500,1,-1,-1,-1
218,138,20,458,352,660,1,-1,-1,-1
218,139,1900,353,428,556,1,-1,-1,-1
218,140,475,200,148,100,1,-1,-1,-1
219,31,2094,96,204,220,1,-1,-1,-1
219,61,1386,108,176,128,1,-1,-1,-1
219,118,528,286,328,256,1,-1,-1,-1
219,121,686,143,136,92,1,-1,-1,-1
219,137,396,676,720,500,1,-1,-1,-1
219,138,32,457,352,660,1,-1,-1,-1
219,139,1907,350,428,556,1,-1,-1,-1
219,140,485,200,148,100,1,-1,-1,-1
220,31,2112,93,204,220,1,-1,-1,-1
220,61,1402,106,176,128,1,-1,-1,-1
220,118,544,286,328,256,1,-1,-1,-1
220,121,702,142,136,92,1,-1,-1,-1
220,137,412,682,720,500,1,-1,-1,-1
220,138,44,455,352,660,1,-1,-1,-1
220,140,498,199,148,100,1,-1,-1,-1
221,31,2127,92,204,220,1,-1,-1,-1
221,61,1418,105,176,128,1,-1,-1,-1
221,118,557,285,328,256,1,-1,-1,-1
221,121,717,141,136,92,1,-1,-1,-1
221,137,427,682,720,500,1,-1,-1,-1
221,138,60,449,352,660,1,-1,-1,-1
222,31,2134,91,204,220,1,-1,-1,-1
222,61,1424,104,176,128,1,-1,-1,-1
222,118,565,282,328,256,1,-1,-1,-1
222,121,726,139,136,92,1,-1,-1,-1
222,138,73,445,352,660,1,-1,-1,-1
223,31,2149,88,204,220,1,-1,-1,-1
223,61,1441,102,176,128,1,-1,-1,-1
223,121,741,138,136,92,1,-1,-1,-1
223,138,86,444,352,660,1,-1,-1,-1
224,31,2162,88,204,220,1,-1,-1,-1
224,61,1454,101,176,128,1,-1,-1,-1
224,121,754,137,136,92,1,-1,-1,-1
225,31,2162,88,204,220,1,-1,-1,-1
225,61,1454,101,176,128,1,-1,-1,-1
225,121,754,137,136,92,1,-1,-1,-1
225,141,544,668,640,496,1,-1,-1,-1
225,142,112,440,352,664,1,-1,-1,-1
225,143,1980,340,432,564,1,-1,-1,-1
225,144,1880,68,220,152,1,-1,-1,-1
225,145,608,284,272,240,1,-1,-1,-1
226,31,2182,85,204,220,1,-1,-1,-1
226,61,1473,97,176,128,1,-1,-1,-1
226,121,774,133,136,92,1,-1,-1,-1
226,141,559,665,640,496,1,-1,-1,-1
226,142,122,438,352,664,1,-1,-1,-1
226,143,1995,334,432,564,1,-1,-1,-1
226,144,1892,66,220,152,1,-1,-1,-1
226,145,612,276,286,252,1,-1,-1,-1
227,31,2198,83,204,220,1,-1,-1,-1
227,61,1489,94,176,128,1,-1,-1,-1
227,121,789,130,136,92,1,-1,-1,-1
227,141,577,663,640,496,1,-1,-1,-1
227,143,2012,331,432,564,1,-1,-1,-1
227,144,1904,63,220,152,1,-1,-1,-1
227,145,632,274,286,252,1,-1,-1,-1
228,31,2205,82,204,220,1,-1,-1,-1
228,61,1496,93,176,128,1,-1,-1,-1
228,121,800,129,136,92,1,-1,-1,-1
228,141,580,664,640,496,1,-1,-1,-1
228,144,1910,62,220,152,1,-1,-1,-1
228,145,643,279,272,240,1,-1,-1,-1
229,31,2217,79,204,220,1,-1,-1,-1
229,61,1510,91,176,128,1,-1,-1,-1
229,121,813,127,136,92,1,-1,-1,-1
229,141,594,662,640,496,1,-1,-1,-1
229,145,655,277,272,240,1,-1,-1,-1
230,31,2233,77,204,220,1,-1,-1,-1
230,61,1524,89,176,128,1,-1,-1,-1
230,121,826,125,136,92,1,-1,-1,-1
230,141,602,661,640,496,1,-1,-1,-1
230,145,673,273,272,240,1,-1,-1,-1
231,31,2239,75,204,220,1,-1,-1,-1
231,61,1528,87,176,128,1,-1,-1,-1
231,121,833,124,136,92,1,-1,-1,-1
231,141,613,659,640,496,1,-1,-1,-1
231,145,677,272,272,240,1,-1,-1,-1
232,31,2255,74,204,220,1,-1,-1,-1
232,61,1543,84,176,128,1,-1,-1,-1
232,121,847,121,136,92,1,-1,-1,-1
232,141,630,652,640,496,1,-1,-1,-1
232,145,694,269,272,240,1,-1,-1,-1
233,31,2268,72,200,216,1,-1,-1,-1
233,61,1556,80,168,128,1,-1,-1,-1
233,121,864,112,128,96,1,-1,-1,-1
233,141,588,648,704,496,1,-1,-1,-1
233,145,708,264,276,244,1,-1,-1,-1
233,146,220,420,356,652,1,-1,-1,-1
233,147,2068,300,488,584,1,-1,-1,-1
233,148,0,148,168,144,1,-1,-1,-1
233,149,1952,60,232,140,1,-1,-1,-1
233,150,1744,56,72,88,1,-1,-1,-1
233,151,2432,68,124,200,1,-1,-1,-1
233,152,624,172,152,100,1,-1,-1,-1
234,31,2276,71,200,216,1,-1,-1,-1
234,61,1564,80,168,128,1,-1,-1,-1
234,121,873,111,128,96,1,-1,-1,-1
234,141,597,646,704,496,1,-1,-1,-1
234,145,714,263,276,244,1,-1,-1,-1
234,146,227,414,356,652,1,-1,-1,-1
234,147,2086,311,465,556,1,-1,-1,-1
234,148,7,147,168,144,1,-1,-1,-1
234,149,1957,60,232,140,1,-1,-1,-1
234,150,1753,55,72,88,1,-1,-1,-1
234,151,2438,68,124,200,1,-1,-1,-1
234,152,630,171,152,100,1,-1,-1,-1
235,31,2294,67,200,216,1,-1,-1,-1
235,61,1582,77,168,128,1,-1,-1,-1
235,121,889,109,128,96,1,-1,-1,-1
235,141,596,634,739,521,1,-1,-1,-1
235,145,737,260,276,244,1,-1,-1,-1
235,146,240,414,356,652,1,-1,-1,-1
235,147,2098,309,465,556,1,-1,-1,-1
235,148,23,145,168,144,1,-1,-1,-1
235,149,1975,56,232,140,1,-1,-1,-1
235,150,1770,52,72,88,1,-1,-1,-1
235,151,2455,66,124,200,1,-1,-1,-1
235,152,645,171,152,100,1,-1,-1,-1
236,31,2310,64,200,216,1,-1,-1,-1
236,61,1598,73,168,128,1,-1,-1,-1
236,121,906,105,128,96,1,-1,-1,-1
236,141,614,629,739,521,1,-1,-1,-1
236,145,748,257,276,244,1,-1,-1,-1
236,146,252,410,356,652,1,-1,-1,-1
236,147,2113,310,465,556,1,-1,-1,-1
236,148,39,142,168,144,1,-1,-1,-1
236,149,1986,53,232,140,1,-1,-1,-1
236,150,1786,47,72,88,1,-1,-1,-1
237,31,2316,61,200,216,1,-1,-1,-1
237,61,1605,70,168,128,1,-1,-1,-1
237,121,914,103,128,96,1,-1,-1,-1
237,141,619,629,739,521,1,-1,-1,-1
237,145,755,255,276,244,1,-1,-1,-1
237,146,271,422,339,621,1,-1,-1,-1
237,147,2101,292,488,584,1,-1,-1,-1
237,148,48,140,168,144,1,-1,-1,-1
237,149,1990,51,232,140,1,-1,-1,-1
237,150,1794,45,72,88,1,-1,-1,-1
238,31,2332,60,200,216,1,-1,-1,-1
238,61,1620,68,168,128,1,-1,-1,-1
238,121,928,101,128,96,1,-1,-1,-1
238,141,635,626,739,521,1,-1,-1,-1
238,145,773,252,276,244,1,-1,-1,-1
238,146,279,406,356,652,1,-1,-1,-1
238,148,62,138,168,144,1,-1,-1,-1
238,149,2001,48,232,140,1,-1,-1,-1
238,150,1807,43,72,88,1,-1,-1,-1
239,31,2350,53,200,216,1,-1,-1,-1
239,61,1638,63,168,128,1,-1,-1,-1
239,121,950,97,122,91,1,-1,-1,-1
239,141,673,631,704,496,1,-1,-1,-1
239,145,792,247,276,244,1,-1,-1,-1
239,146,300,400,356,652,1,-1,-1,-1
239,148,81,131,168,144,1,-1,-1,-1
239,149,2018,43,232,140,1,-1,-1,-1
239,150,1827,37,72,88,1,-1,-1,-1
240,31,2359,52,200,216,1,-1,-1,-1
240,61,1648,60,168,128,1,-1,-1,-1
240,121,960,94,122,91,1,-1,-1,-1
240,141,680,628,704,496,1,-1,-1,-1
240,145,799,244,276,244,1,-1,-1,-1
240,146,320,412,339,621,1,-1,-1,-1
240,148,92,129,168,144,1,-1,-1,-1
240,149,2022,40,232,140,1,-1,-1,-1
240,150,1838,35,72,88,1,-1,-1,-1
241,31,2376,44,184,220,1,-1,-1,-1
241,61,1668,52,164,128,1,-1,-1,-1
241,121,976,88,132,96,1,-1,-1,-1
241,141,768,624,656,492,1,-1,-1,-1
241,145,816,240,344,240,1,-1,-1,-1
241,146,328,388,356,652,1,-1,-1,-1
241,148,72,124,192,148,1,-1,-1,-1
241,149,2032,36,244,140,1,-1,-1,-1
241,150,1860,32,64,92,1,-1,-1,-1
241,153,2228,288,332,580,1,-1,-1,-1
241,154,712,148,156,100,1,-1,-1,-1
241,155,2228,0,164,80,1,-1,-1,-1
242,31,2388,40,184,220,1,-1,-1,-1
242,61,1679,46,172,134,1,-1,-1,-1
242,121,990,85,132,96,1,-1,-1,-1
242,141,782,616,656,492,1,-1,-1,-1
242,145,818,234,361,252,1,-1,-1,-1
242,146,337,385,356,652,1,-1,-1,-1
242,148,87,121,192,148,1,-1,-1,-1
242,149,2045,34,244,140,1,-1,-1,-1
242,150,1875,29,64,92,1,-1,-1,-1
242,153,2236,282,332,580,1,-1,-1,-1
242,154,726,145,156,100,1,-1,-1,-1
242,155,2240,-2,164,80,1,-1,-1,-1
243,31,2394,37,184,220,1,-1,-1,-1
243,61,1684,44,172,134,1,-1,-1,-1
243,121,998,83,132,96,1,-1,-1,-1
243,145,827,232,361,252,1,-1,-1,-1
243,146,337,372,374,685,1,-1,-1,-1
243,148,93,119,192,148,1,-1,-1,-1
243,149,2046,31,244,140,1,-1,-1,-1
243,150,1883,25,64,92,1,-1,-1,-1
243,153,2244,276,332,580,1,-1,-1,-1
243,154,729,143,156,100,1,-1,-1,-1
243,155,2243,-4,164,80,1,-1,-1,-1
244,31,2406,33,184,220,1,-1,-1,-1
244,61,1701,40,172,134,1,-1,-1,-1
244,121,1012,80,132,96,1,-1,-1,-1
244,146,356,382,356,652,1,-1,-1,-1
244,148,110,115,192,148,1,-1,-1,-1
244,153,2252,277,332,580,1,-1,-1,-1
244,155,2257,-6,164,80,1,-1,-1,-1
245,61,1718,36,172,134,1,-1,-1,-1
245,121,1029,75,132,96,1,-1,-1,-1
245,148,127,111,192,148,1,-1,-1,-1
246,61,1724,35,172,134,1,-1,-1,-1
246,121,1039,73,132,96,1,-1,-1,-1
246,148,137,112,183,141,1,-1,-1,-1
247,61,1740,31,172,134,1,-1,-1,-1
247,121,1053,70,132,96,1,-1,-1,-1
247,148,153,108,183,141,1,-1,-1,-1
248,61,1754,27,172,134,1,-1,-1,-1
248,121,1067,66,132,96,1,-1,-1,-1
248,148,168,104,183,141,1,-1,-1,-1
249,61,1764,28,164,128,1,-1,-1,-1
249,121,1067,66,132,96,1,-1,-1,-1
249,148,184,96,184,148,1,-1,-1,-1
249,156,816,596,684,492,1,-1,-1,-1
249,157,428,360,352,660,1,-1,-1,-1
249,158,912,216,316,240,1,-1,-1,-1
249,159,2472,20,88,220,1,-1,-1,-1
249,160,2176,232,380,496,1,-1,-1,-1
249,161,2096,12,240,144,1,-1,-1,-1
250,61,1777,26,164,128,1,-1,-1,-1
250,121,1086,61,132,96,1,-1,-1,-1
250,148,197,94,184,148,1,-1,-1,-1
250,156,827,594,684,492,1,-1,-1,-1
250,157,428,345,370,693,1,-1,-1,-1
250,158,923,215,316,240,1,-1,-1,-1
250,159,2478,19,88,220,1,-1,-1,-1
250,160,2184,230,380,496,1,-1,-1,-1
250,161,2104,11,240,144,1,-1,-1,-1
251,61,1790,23,164,128,1,-1,-1,-1
251,121,1100,58,132,96,1,-1,-1,-1
251,148,211,91,184,148,1,-1,-1,-1
251,156,841,590,684,492,1,-1,-1,-1
251,157,449,357,352,660,1,-1,-1,-1
251,158,937,212,316,240,1,-1,-1,-1
251,161,2115,9,240,144,1,-1,-1,-1
252,61,1795,21,164,128,1,-1,-1,-1
252,121,1105,56,132,96,1,-1,-1,-1
252,148,215,88,184,148,1,-1,-1,-1
252,156,835,580,718,517,1,-1,-1,-1
252,157,457,357,352,660,1,-1,-1,-1
252,158,941,208,316,240,1,-1,-1,-1
252,161,2119,7,240,144,1,-1,-1,-1
253,61,1808,18,164,128,1,-1,-1,-1
253,121,1118,53,132,96,1,-1,-1,-1
253,148,230,86,184,148,1,-1,-1,-1
253,156,842,577,718,517,1,-1,-1,-1
253,157,467,352,352,660,1,-1,-1,-1
253,158,955,206,316,240,1,-1,-1,-1
253,161,2128,5,240,144,1,-1,-1,-1
254,61,1820,15,164,128,1,-1,-1,-1
254,121,1131,51,132,96,1,-1,-1,-1
254,148,242,83,184,148,1,-1,-1,-1
254,156,856,578,718,517,1,-1,-1,-1
254,157,476,348,352,660,1,-1,-1,-1
254,158,966,204,316,240,1,-1,-1,-1
254,161,2139,3,240,144,1,-1,-1,-1
255,61,1825,13,164,128,1,-1,-1,-1
255,121,1137,49,132,96,1,-1,-1,-1
255,148,248,81,184,148,1,-1,-1,-1
255,156,864,571,718,517,1,-1,-1,-1
255,157,485,346,352,660,1,-1,-1,-1
255,158,972,203,316,240,1,-1,-1,-1
255,161,2143,2,240,144,1,-1,-1,-1
256,61,1838,12,164,128,1,-1,-1,-1
256,121,1150,47,132,96,1,-1,-1,-1
256,148,261,80,184,148,1,-1,-1,-1
256,156,869,574,718,517,1,-1,-1,-1
256,157,495,343,352,660,1,-1,-1,-1
256,158,984,201,316,240,1,-1,-1,-1
257,61,1852,12,172,124,1,-1,-1,-1
257,121,1156,48,140,92,1,-1,-1,-1
257,148,268,76,188,148,1,-1,-1,-1
257,156,944,580,640,496,1,-1,-1,-1
257,157,512,336,348,660,1,-1,-1,-1
257,158,1000,196,292,240,1,-1,-1,-1
257,162,2236,220,324,488,1,-1,-1,-1
257,163,2168,4,224,132,1,-1,-1,-1
257,164,2056,0,60,80,1,-1,-1,-1
258,61,1857,11,172,124,1,-1,-1,-1
258,121,1162,48,140,92,1,-1,-1,-1
258,148,274,75,188,148,1,-1,-1,-1
258,156,946,578,640,496,1,-1,-1,-1
258,157,515,341,348,660,1,-1,-1,-1
258,158,1005,196,292,240,1,-1,-1,-1
258,162,2228,210,340,512,1,-1,-1,-1
258,163,2171,3,224,132,1,-1,-1,-1
258,164,2062,-1,60,80,1,-1,-1,-1
259,61,1872,10,172,124,1,-1,-1,-1
259,121,1175,46,140,92,1,-1,-1,-1
259,148,289,74,188,148,1,-1,-1,-1
259,156,961,583,640,496,1,-1,-1,-1
259,157,525,335,348,660,1,-1,-1,-1
259,158,1020,195,292,240,1,-1,-1,-1
259,162,2236,211,340,512,1,-1,-1,-1
259,163,2181,1,224,132,1,-1,-1,-1
259,164,2074,-2,60,80,1,-1,-1,-1
260,61,1881,10,172,124,1,-1,-1,-1
260,121,1186,45,140,92,1,-1,-1,-1
260,148,298,73,188,148,1,-1,-1,-1
260,156,969,582,640,496,1,-1,-1,-1
260,157,537,335,348,660,1,-1,-1,-1
260,158,1029,196,292,240,1,-1,-1,-1
260,162,2243,213,340,512,1,-1,-1,-1
260,163,2190,0,224,132,1,-1,-1,-1
260,164,2086,-4,60,80,1,-1,-1,-1
261,61,1885,10,172,124,1,-1,-1,-1
261,121,1191,45,140,92,1,-1,-1,-1
261,148,303,73,188,148,1,-1,-1,-1
261,156,975,581,640,496,1,-1,-1,-1
261,157,544,338,348,660,1,-1,-1,-1
261,158,1037,194,292,240,1,-1,-1,-1
261,163,2194,1,224,132,1,-1,-1,-1
261,164,2092,-4,60,80,1,-1,-1,-1
262,61,1896,9,172,124,1,-1,-1,-1
262,121,1202,45,140,92,1,-1,-1,-1
262,148,315,73,188,148,1,-1,-1,-1
262,156,988,579,640,496,1,-1,-1,-1
262,157,554,334,348,660,1,-1,-1,-1
262,158,1044,194,292,240,1,-1,-1,-1
262,163,2201,1,224,132,1,-1,-1,-1
262,164,2102,-4,60,80,1,-1,-1,-1
263,61,1907,9,172,124,1,-1,-1,-1
263,121,1211,45,140,92,1,-1,-1,-1
263,148,323,74,188,148,1,-1,-1,-1
263,156,996,580,640,496,1,-1,-1,-1
263,157,563,331,348,660,1,-1,-1,-1
263,158,1053,195,292,240,1,-1,-1,-1
263,163,2208,1,224,132,1,-1,-1,-1
263,164,2112,-3,60,80,1,-1,-1,-1
264,61,1915,11,164,118,1,-1,-1,-1
264,121,1215,46,140,92,1,-1,-1,-1
264,148,327,75,188,148,1,-1,-1,-1
264,156,1005,581,640,496,1,-1,-1,-1
264,157,557,323,365,693,1,-1,-1,-1
264,158,1059,195,292,240,1,-1,-1,-1
264,163,2211,2,224,132,1,-1,-1,-1
264,164,2118,-2,60,80,1,-1,-1,-1
265,61,1920,12,180,128,1,-1,-1,-1
265,121,1220,48,148,92,1,-1,-1,-1
265,148,336,80,156,148,1,-1,-1,-1
265,156,960,580,696,496,1,-1,-1,-1
265,157,584,340,344,660,1,-1,-1,-1
265,158,1068,196,328,244,1,-1,-1,-1
265,163,2220,0,232,132,1,-1,-1,-1
265,164,2118,-2,60,80,1,-1,-1,-1
265,165,2276,216,284,544,1,-1,-1,-1
266,61,1927,12,180,128,1,-1,-1,-1
266,121,1229,48,148,92,1,-1,-1,-1
266,148,344,81,156,148,1,-1,-1,-1
266,156,981,593,663,472,1,-1,-1,-1
266,157,594,347,344,660,1,-1,-1,-1
266,158,1073,198,328,244,1,-1,-1,-1
266,163,2223,2,232,132,1,-1,-1,-1
266,164,2135,-1,60,80,1,-1,-1,-1
267,61,1930,12,180,128,1,-1,-1,-1
267,121,1227,46,155,97,1,-1,-1,-1
267,148,346,82,156,148,1,-1,-1,-1
267,156,984,588,663,472,1,-1,-1,-1
267,157,596,343,344,660,1,-1,-1,-1
267,158,1077,197,328,244,1,-1,-1,-1
267,163,2224,2,232,132,1,-1,-1,-1
267,164,2139,-1,60,80,1,-1,-1,-1
268,61,1937,13,180,128,1,-1,-1,-1
268,121,1240,48,148,92,1,-1,-1,-1
268,148,355,83,156,148,1,-1,-1,-1
268,156,993,592,663,472,1,-1,-1,-1
268,157,602,342,344,660,1,-1,-1,-1
268,158,1084,198,328,244,1,-1,-1,-1
268,163,2227,2,232,132,1,-1,-1,-1
268,164,2147,0,60,80,1,-1,-1,-1
269,61,1954,14,180,128,1,-1,-1,-1
269,121,1254,51,148,92,1,-1,-1,-1
269,148,370,85,156,148,1,-1,-1,-1
269,156,1003,591,663,472,1,-1,-1,-1
269,157,612,347,344,660,1,-1,-1,-1
269,164,2161,3,60,80,1,-1,-1,-1
270,61,1956,15,180,128,1,-1,-1,-1
270,121,1256,52,148,92,1,-1,-1,-1
270,148,373,85,156,148,1,-1,-1,-1
270,156,1011,599,663,472,1,-1,-1,-1
270,157,622,350,344,660,1,-1,-1,-1
270,164,2166,3,60,80,1,-1,-1,-1
271,61,1963,16,180,128,1,-1,-1,-1
271,121,1264,56,141,88,1,-1,-1,-1
271,148,380,87,156,148,1,-1,-1,-1
271,156,1013,599,663,472,1,-1,-1,-1
271,157,625,348,344,660,1,-1,-1,-1
271,164,2173,4,60,80,1,-1,-1,-1
272,61,1966,18,180,128,1,-1,-1,-1
272,121,1269,57,141,88,1,-1,-1,-1
272,148,383,88,156,148,1,-1,-1,-1
272,156,1018,598,663,472,1,-1,-1,-1
272,157,622,334,361,693,1,-1,-1,-1
272,164,2177,5,60,80,1,-1,-1,-1
273,61,1964,20,180,124,1,-1,-1,-1
273,121,1269,57,141,88,1,-1,-1,-1
273,148,388,88,152,148,1,-1,-1,-1
273,156,1060,592,644,496,1,-1,-1,-1
273,157,636,352,348,652,1,-1,-1,-1
273,164,2177,5,60,80,1,-1,-1,-1
273,166,2304,224,252,488,1,-1,-1,-1
273,167,1116,208,284,240,1,-1,-1,-1
274,61,1978,20,180,124,1,-1,-1,-1
274,121,1284,59,141,88,1,-1,-1,-1
274,148,402,89,152,148,1,-1,-1,-1
274,156,1074,592,644,496,1,-1,-1,-1
274,157,647,354,348,652,1,-1,-1,-1
274,164,2191,8,60,80,1,-1,-1,-1
274,166,2311,224,252,488,1,-1,-1,-1
274,167,1127,209,284,240,1,-1,-1,-1
275,61,1985,20,180,124,1,-1,-1,-1
275,121,1294,60,141,88,1,-1,-1,-1
275,148,408,89,152,148,1,-1,-1,-1
275,156,1096,603,613,472,1,-1,-1,-1
275,157,657,355,348,652,1,-1,-1,-1
275,164,2200,9,60,80,1,-1,-1,-1
275,166,2317,223,252,488,1,-1,-1,-1
275,167,1134,211,284,240,1,-1,-1,-1
276,61,1990,21,180,124,1,-1,-1,-1
276,121,1299,61,141,88,1,-1,-1,-1
276,148,413,91,152,148,1,-1,-1,-1
276,156,1100,604,613,472,1,-1,-1,-1
276,157,662,360,348,652,1,-1,-1,-1
276,164,2206,10,60,80,1,-1,-1,-1
276,167,1147,216,270,229,1,-1,-1,-1
277,61,2002,25,180,124,1,-1,-1,-1
277,121,1311,64,141,88,1,-1,-1,-1
277,148,425,94,152,148,1,-1,-1,-1
277,156,1113,604,613,472,1,-1,-1,-1
277,157,671,363,348,652,1,-1,-1,-1
277,164,2215,10,63,84,1,-1,-1,-1
277,167,1158,218,270,229,1,-1,-1,-1
278,61,2007,26,180,124,1,-1,-1,-1
278,121,1314,67,141,88,1,-1,-1,-1
278,148,429,95,152,148,1,-1,-1,-1
278,156,1123,607,613,472,1,-1,-1,-1
278,157,676,365,348,652,1,-1,-1,-1
278,164,2223,11,63,84,1,-1,-1,-1
278,167,1164,219,270,229,1,-1,-1,-1
279,61,2011,26,180,124,1,-1,-1,-1
279,121,1317,67,141,88,1,-1,-1,-1
279,148,433,95,152,148,1,-1,-1,-1
279,156,1125,608,613,472,1,-1,-1,-1
279,157,678,365,348,652,1,-1,-1,-1
279,164,2225,11,63,84,1,-1,-1,-1
279,167,1166,219,270,229,1,-1,-1,-1
280,61,2015,26,180,124,1,-1,-1,-1
280,121,1321,68,141,88,1,-1,-1,-1
280,148,437,97,152,148,1,-1,-1,-1
280,156,1129,610,613,472,1,-1,-1,-1
280,157,686,361,348,652,1,-1,-1,-1
280,164,2230,12,63,84,1,-1,-1,-1
280,167,1172,221,270,229,1,-1,-1,-1
281,61,2008,28,188,132,1,-1,-1,-1
281,121,1328,68,128,88,1,-1,-1,-1
281,148,448,100,184,148,1,-1,-1,-1
281,156,1056,596,712,500,1,-1,-1,-1
281,157,696,360,344,656,1,-1,-1,-1
281,164,2230,12,63,84,1,-1,-1,-1
281,167,1176,216,288,240,1,-1,-1,-1
281,168,2340,240,220,476,1,-1,-1,-1
281,169,2296,8,220,144,1,-1,-1,-1
281,170,176,104,164,120,1,-1,-1,-1
282,61,2014,30,188,132,1,-1,-1,-1
282,121,1335,70,128,88,1,-1,-1,-1
282,148,455,102,184,148,1,-1,-1,-1
282,156,1054,594,712,500,1,-1,-1,-1
282,157,712,374,328,625,1,-1,-1,-1
282,164,2245,14,63,84,1,-1,-1,-1
282,167,1181,217,288,240,1,-1,-1,-1
282,169,2300,10,220,144,1,-1,-1,-1
282,170,183,105,164,120,1,-1,-1,-1
283,61,2024,30,188,132,1,-1,-1,-1
283,121,1345,70,128,88,1,-1,-1,-1
283,148,466,101,184,148,1,-1,-1,-1
283,156,1067,599,712,500,1,-1,-1,-1
283,157,721,372,328,625,1,-1,-1,-1
283,164,2254,14,63,84,1,-1,-1,-1
283,167,1193,220,288,240,1,-1,-1,-1
283,169,2305,10,220,144,1,-1,-1,-1
283,170,196,106,164,120,1,-1,-1,-1
284,61,2033,30,188,132,1,-1,-1,-1
284,121,1355,70,128,88,1,-1,-1,-1
284,148,476,102,184,148,1,-1,-1,-1
284,156,1075,596,712,500,1,-1,-1,-1
284,157,732,376,328,625,1,-1,-1,-1
284,164,2264,14,63,84,1,-1,-1,-1
284,167,1204,220,288,240,1,-1,-1,-1
284,169,2314,10,220,144,1,-1,-1,-1
284,170,202,107,164,120,1,-1,-1,-1
