1,0,1004,644,280,400,1,-1,-1,-1
1,1,1940,568,228,392,1,-1,-1,-1
1,2,1520,612,196,336,1,-1,-1,-1
1,3,1656,596,212,356,1,-1,-1,-1
1,4,1392,624,200,324,1,-1,-1,-1
1,5,1820,592,124,308,1,-1,-1,-1
2,0,1004,640,280,400,1,-1,-1,-1
2,1,1946,568,228,392,1,-1,-1,-1
2,2,1523,615,196,336,1,-1,-1,-1
2,3,1662,601,212,356,1,-1,-1,-1
2,4,1394,625,200,324,1,-1,-1,-1
2,5,1828,594,124,308,1,-1,-1,-1
3,0,1005,640,280,400,1,-1,-1,-1
3,1,1961,566,228,392,1,-1,-1,-1
3,2,1526,621,196,336,1,-1,-1,-1
3,3,1689,615,202,339,1,-1,-1,-1
3,4,1394,628,200,324,1,-1,-1,-1
3,5,1847,605,124,308,1,-1,-1,-1
4,0,994,640,280,400,1,-1,-1,-1
4,1,1974,564,228,392,1,-1,-1,-1
4,2,1528,628,196,336,1,-1,-1,-1
4,3,1696,623,202,339,1,-1,-1,-1
4,4,1391,633,200,324,1,-1,-1,-1
4,5,1862,623,124,308,1,-1,-1,-1
5,0,989,640,280,400,1,-1,-1,-1
5,1,1987,569,217,373,1,-1,-1,-1
5,2,1529,639,196,336,1,-1,-1,-1
5,3,1694,617,212,356,1,-1,-1,-1
5,4,1396,636,200,324,1,-1,-1,-1
5,5,1875,626,124,308,1,-1,-1,-1
6,0,985,649,280,400,1,-1,-1,-1
6,1,1997,577,207,356,1,-1,-1,-1
6,2,1520,634,206,353,1,-1,-1,-1
6,3,1689,616,212,356,1,-1,-1,-1
6,4,1391,635,200,324,1,-1,-1,-1
6,5,1888,645,118,293,1,-1,-1,-1
7,0,983,659,280,400,1,-1,-1,-1
7,1,2003,567,217,373,1,-1,-1,-1
7,2,1523,631,206,353,1,-1,-1,-1
7,3,1685,616,212,356,1,-1,-1,-1
7,4,1391,633,200,324,1,-1,-1,-1
7,5,1904,648,118,293,1,-1,-1,-1
8,0,981,665,280,400,1,-1,-1,-1
8,1,2011,569,217,373,1,-1,-1,-1
8,2,1519,631,206,353,1,-1,-1,-1
8,3,1684,616,212,356,1,-1,-1,-1
8,4,1397,632,200,324,1,-1,-1,-1
9,0,960,688,280,364,1,-1,-1,-1
9,1,2040,636,172,328,1,-1,-1,-1
9,2,1528,672,248,320,1,-1,-1,-1
9,3,1652,604,228,304,1,-1,-1,-1
9,4,1388,616,172,300,1,-1,-1,-1
9,6,1212,644,320,356,1,-1,-1,-1
9,7,1912,664,156,300,1,-1,-1,-1
10,0,956,687,280,364,1,-1,-1,-1
10,1,2044,644,172,328,1,-1,-1,-1
10,2,1525,667,248,320,1,-1,-1,-1
10,3,1646,594,239,319,1,-1,-1,-1
10,4,1387,615,172,300,1,-1,-1,-1
10,6,1208,649,320,356,1,-1,-1,-1
10,7,1916,661,156,300,1,-1,-1,-1
11,0,948,685,280,364,1,-1,-1,-1
11,1,2050,652,172,328,1,-1,-1,-1
11,2,1525,666,248,320,1,-1,-1,-1
11,3,1648,596,239,319,1,-1,-1,-1
11,4,1386,615,172,300,1,-1,-1,-1
11,6,1206,647,320,356,1,-1,-1,-1
11,7,1924,666,149,286,1,-1,-1,-1
12,0,937,671,294,382,1,-1,-1,-1
12,1,2053,660,172,328,1,-1,-1,-1
12,2,1517,671,248,320,1,-1,-1,-1
12,3,1647,597,239,319,1,-1,-1,-1
12,4,1380,617,172,300,1,-1,-1,-1
12,6,1200,649,320,356,1,-1,-1,-1
12,7,1924,668,149,286,1,-1,-1,-1
13,0,933,663,294,382,1,-1,-1,-1
13,1,2050,677,172,328,1,-1,-1,-1
13,2,1517,681,236,305,1,-1,-1,-1
13,3,1638,607,239,319,1,-1,-1,-1
13,4,1373,622,172,300,1,-1,-1,-1
13,6,1191,653,320,356,1,-1,-1,-1
13,7,1920,677,149,286,1,-1,-1,-1
14,0,941,672,280,364,1,-1,-1,-1
14,1,2044,685,172,328,1,-1,-1,-1
14,2,1517,686,236,305,1,-1,-1,-1
14,3,1631,612,239,319,1,-1,-1,-1
14,4,1370,626,172,300,1,-1,-1,-1
14,6,1191,653,320,356,1,-1,-1,-1
14,7,1913,679,149,286,1,-1,-1,-1
15,0,940,670,280,364,1,-1,-1,-1
15,1,2038,696,164,312,1,-1,-1,-1
15,2,1504,693,236,305,1,-1,-1,-1
15,3,1620,622,239,319,1,-1,-1,-1
15,4,1366,643,172,300,1,-1,-1,-1
15,6,1191,655,320,356,1,-1,-1,-1
15,7,1904,680,156,300,1,-1,-1,-1
16,0,939,677,280,364,1,-1,-1,-1
16,1,2027,694,164,312,1,-1,-1,-1
16,2,1489,701,236,305,1,-1,-1,-1
16,3,1612,633,239,319,1,-1,-1,-1
16,4,1366,649,172,300,1,-1,-1,-1
16,6,1188,650,320,356,1,-1,-1,-1
16,7,1897,688,156,300,1,-1,-1,-1
17,0,944,680,320,364,1,-1,-1,-1
17,1,2012,708,228,292,1,-1,-1,-1
17,2,1484,672,172,328,1,-1,-1,-1
17,3,1596,664,332,324,1,-1,-1,-1
17,4,1368,668,164,300,1,-1,-1,-1
17,6,1192,676,256,308,1,-1,-1,-1
17,7,1876,680,168,288,1,-1,-1,-1
18,0,950,682,320,364,1,-1,-1,-1
18,1,2005,705,228,292,1,-1,-1,-1
18,2,1479,676,172,328,1,-1,-1,-1
18,3,1593,665,332,324,1,-1,-1,-1
18,4,1366,667,164,300,1,-1,-1,-1
18,6,1190,675,256,308,1,-1,-1,-1
18,7,1871,682,168,288,1,-1,-1,-1
19,0,947,682,320,364,1,-1,-1,-1
19,1,1994,697,228,292,1,-1,-1,-1
19,2,1468,680,172,328,1,-1,-1,-1
19,3,1578,665,332,324,1,-1,-1,-1
19,4,1362,669,164,300,1,-1,-1,-1
19,6,1182,679,256,308,1,-1,-1,-1
19,7,1851,679,176,302,1,-1,-1,-1
20,0,953,687,305,347,1,-1,-1,-1
20,1,1989,696,228,292,1,-1,-1,-1
20,2,1464,688,164,312,1,-1,-1,-1
20,3,1569,665,332,324,1,-1,-1,-1
20,4,1358,670,164,300,1,-1,-1,-1
20,6,1182,682,256,308,1,-1,-1,-1
20,7,1847,680,176,302,1,-1,-1,-1
21,0,951,683,305,347,1,-1,-1,-1
21,1,1975,687,239,307,1,-1,-1,-1
21,2,1456,687,164,312,1,-1,-1,-1
21,3,1559,663,332,324,1,-1,-1,-1
21,4,1356,673,164,300,1,-1,-1,-1
21,6,1181,686,256,308,1,-1,-1,-1
21,7,1844,688,168,288,1,-1,-1,-1
22,0,952,677,305,347,1,-1,-1,-1
22,1,1964,690,239,307,1,-1,-1,-1
22,2,1448,687,164,312,1,-1,-1,-1
22,3,1534,649,349,340,1,-1,-1,-1
22,4,1349,669,164,300,1,-1,-1,-1
22,6,1185,689,256,308,1,-1,-1,-1
22,7,1833,687,168,288,1,-1,-1,-1
23,0,958,676,305,347,1,-1,-1,-1
23,1,1960,692,239,307,1,-1,-1,-1
23,2,1447,684,164,312,1,-1,-1,-1
23,3,1532,657,332,324,1,-1,-1,-1
23,4,1346,673,164,300,1,-1,-1,-1
23,6,1186,692,256,308,1,-1,-1,-1
23,7,1829,684,168,288,1,-1,-1,-1
24,0,960,675,305,347,1,-1,-1,-1
24,1,1949,695,239,307,1,-1,-1,-1
24,2,1446,675,164,312,1,-1,-1,-1
24,3,1523,649,332,324,1,-1,-1,-1
24,4,1347,676,164,300,1,-1,-1,-1
24,6,1188,699,256,308,1,-1,-1,-1
24,7,1822,685,160,274,1,-1,-1,-1
25,0,960,664,256,340,1,-1,-1,-1
25,1,1932,700,232,316,1,-1,-1,-1
25,2,1446,675,164,312,1,-1,-1,-1
25,3,1504,644,244,300,1,-1,-1,-1
25,4,1360,664,232,288,1,-1,-1,-1
25,6,1192,660,292,328,1,-1,-1,-1
25,7,1812,704,160,216,1,-1,-1,-1
26,0,970,675,244,324,1,-1,-1,-1
26,1,1930,702,232,316,1,-1,-1,-1
26,2,1438,660,164,312,1,-1,-1,-1
26,3,1501,645,244,300,1,-1,-1,-1
26,4,1359,663,232,288,1,-1,-1,-1
26,6,1192,660,292,328,1,-1,-1,-1
26,7,1808,703,160,216,1,-1,-1,-1
27,0,979,679,244,324,1,-1,-1,-1
27,1,1930,712,221,301,1,-1,-1,-1
27,2,1438,656,164,312,1,-1,-1,-1
27,3,1501,650,232,286,1,-1,-1,-1
27,4,1359,661,232,288,1,-1,-1,-1
27,6,1194,656,292,328,1,-1,-1,-1
27,7,1792,702,168,227,1,-1,-1,-1
28,0,984,681,244,324,1,-1,-1,-1
28,1,1912,711,221,301,1,-1,-1,-1
28,2,1440,661,156,298,1,-1,-1,-1
28,3,1498,650,232,286,1,-1,-1,-1
28,4,1359,662,221,274,1,-1,-1,-1
28,6,1194,656,292,328,1,-1,-1,-1
28,7,1784,705,168,227,1,-1,-1,-1
29,0,983,678,244,324,1,-1,-1,-1
29,1,1905,714,221,301,1,-1,-1,-1
29,2,1437,659,156,298,1,-1,-1,-1
29,3,1485,645,244,300,1,-1,-1,-1
29,4,1357,660,221,274,1,-1,-1,-1
29,6,1197,654,292,328,1,-1,-1,-1
29,7,1780,707,168,227,1,-1,-1,-1
30,0,982,674,244,324,1,-1,-1,-1
30,1,1902,716,210,287,1,-1,-1,-1
30,2,1432,668,149,283,1,-1,-1,-1
30,3,1481,645,244,300,1,-1,-1,-1
30,4,1355,660,221,274,1,-1,-1,-1
30,6,1203,647,292,328,1,-1,-1,-1
30,7,1772,710,168,227,1,-1,-1,-1
31,0,986,677,232,308,1,-1,-1,-1
31,1,1885,709,210,287,1,-1,-1,-1
31,2,1431,667,149,283,1,-1,-1,-1
31,3,1473,650,244,300,1,-1,-1,-1
31,4,1355,668,210,261,1,-1,-1,-1
31,6,1208,647,278,312,1,-1,-1,-1
31,7,1761,714,168,227,1,-1,-1,-1
32,0,986,674,232,308,1,-1,-1,-1
32,1,1880,706,210,287,1,-1,-1,-1
32,2,1430,678,142,270,1,-1,-1,-1
32,3,1476,652,244,300,1,-1,-1,-1
32,4,1352,664,210,261,1,-1,-1,-1
32,6,1211,646,278,312,1,-1,-1,-1
32,7,1758,715,168,227,1,-1,-1,-1
33,0,992,696,304,276,1,-1,-1,-1
33,1,1852,692,200,260,1,-1,-1,-1
33,2,1430,678,142,270,1,-1,-1,-1
33,3,1476,652,244,300,1,-1,-1,-1
33,4,1352,664,210,261,1,-1,-1,-1
33,6,1240,708,212,220,1,-1,-1,-1
33,7,1752,736,152,204,1,-1,-1,-1
34,0,1006,694,304,276,1,-1,-1,-1
34,1,1840,682,210,273,1,-1,-1,-1
34,2,1422,690,135,257,1,-1,-1,-1
34,3,1477,643,244,300,1,-1,-1,-1
34,4,1337,654,221,274,1,-1,-1,-1
34,6,1243,708,212,220,1,-1,-1,-1
34,7,1746,735,152,204,1,-1,-1,-1
35,0,1009,696,304,276,1,-1,-1,-1
35,1,1835,680,210,273,1,-1,-1,-1
35,2,1418,690,135,257,1,-1,-1,-1
35,3,1475,640,244,300,1,-1,-1,-1
35,4,1350,663,210,261,1,-1,-1,-1
35,6,1244,708,212,220,1,-1,-1,-1
35,7,1740,733,152,204,1,-1,-1,-1
36,0,1013,700,290,263,1,-1,-1,-1
36,1,1827,679,210,273,1,-1,-1,-1
36,2,1421,691,135,257,1,-1,-1,-1
36,3,1468,637,244,300,1,-1,-1,-1
36,6,1246,710,212,220,1,-1,-1,-1
36,7,1731,729,152,204,1,-1,-1,-1
37,0,1013,706,290,263,1,-1,-1,-1
37,1,1815,678,210,273,1,-1,-1,-1
37,2,1417,691,135,257,1,-1,-1,-1
37,3,1453,635,244,300,1,-1,-1,-1
37,6,1251,715,212,220,1,-1,-1,-1
37,7,1723,719,160,214,1,-1,-1,-1
38,0,1010,710,290,263,1,-1,-1,-1
38,1,1810,682,210,273,1,-1,-1,-1
38,3,1460,641,232,286,1,-1,-1,-1
38,6,1255,719,212,220,1,-1,-1,-1
38,7,1714,713,160,214,1,-1,-1,-1
39,0,1010,707,290,263,1,-1,-1,-1
39,1,1813,680,210,273,1,-1,-1,-1
39,3,1455,636,232,286,1,-1,-1,-1
39,6,1266,731,202,210,1,-1,-1,-1
39,7,1712,713,152,204,1,-1,-1,-1
40,0,1016,711,290,263,1,-1,-1,-1
40,1,1808,684,210,273,1,-1,-1,-1
40,3,1450,630,232,286,1,-1,-1,-1
40,6,1271,735,202,210,1,-1,-1,-1
40,7,1699,713,152,204,1,-1,-1,-1
41,0,1020,732,268,240,1,-1,-1,-1
41,1,1800,712,236,240,1,-1,-1,-1
41,3,1460,684,208,224,1,-1,-1,-1
41,6,1280,728,216,216,1,-1,-1,-1
41,7,1700,712,136,200,1,-1,-1,-1
42,0,1025,731,268,240,1,-1,-1,-1
42,1,1801,717,225,229,1,-1,-1,-1
42,3,1459,686,208,224,1,-1,-1,-1
42,6,1287,728,216,216,1,-1,-1,-1
42,7,1689,712,136,200,1,-1,-1,-1
43,0,1020,734,268,240,1,-1,-1,-1
43,1,1785,715,225,229,1,-1,-1,-1
43,3,1455,688,208,224,1,-1,-1,-1
43,6,1276,729,216,216,1,-1,-1,-1
43,7,1680,720,130,190,1,-1,-1,-1
44,0,1019,736,268,240,1,-1,-1,-1
44,1,1779,713,225,229,1,-1,-1,-1
44,3,1455,691,208,224,1,-1,-1,-1
44,6,1273,728,216,216,1,-1,-1,-1
44,7,1677,721,130,190,1,-1,-1,-1
45,0,1024,741,268,240,1,-1,-1,-1
45,1,1769,713,225,229,1,-1,-1,-1
45,3,1457,698,198,213,1,-1,-1,-1
45,6,1277,724,216,216,1,-1,-1,-1
45,7,1675,729,123,181,1,-1,-1,-1
46,0,1020,747,268,240,1,-1,-1,-1
46,1,1764,719,214,218,1,-1,-1,-1
46,3,1457,704,198,213,1,-1,-1,-1
46,6,1277,722,216,216,1,-1,-1,-1
46,7,1663,735,123,181,1,-1,-1,-1
47,0,1025,757,255,229,1,-1,-1,-1
47,1,1757,716,214,218,1,-1,-1,-1
47,3,1461,712,189,203,1,-1,-1,-1
47,6,1274,725,216,216,1,-1,-1,-1
47,7,1657,735,123,181,1,-1,-1,-1
48,0,1033,760,243,218,1,-1,-1,-1
48,1,1747,711,214,218,1,-1,-1,-1
48,3,1462,716,189,203,1,-1,-1,-1
48,7,1653,739,123,181,1,-1,-1,-1
49,0,1024,744,272,228,1,-1,-1,-1
49,1,1732,724,184,196,1,-1,-1,-1
49,3,1462,716,189,203,1,-1,-1,-1
49,7,1653,739,123,181,1,-1,-1,-1
49,8,1276,740,168,184,1,-1,-1,-1
50,0,1029,743,272,228,1,-1,-1,-1
50,1,1735,724,184,196,1,-1,-1,-1
50,3,1465,716,189,203,1,-1,-1,-1
50,7,1651,736,123,181,1,-1,-1,-1
50,8,1278,741,168,184,1,-1,-1,-1
51,0,1031,740,272,228,1,-1,-1,-1
51,1,1731,722,193,206,1,-1,-1,-1
51,3,1469,717,189,203,1,-1,-1,-1
51,7,1654,736,123,181,1,-1,-1,-1
51,8,1282,746,168,184,1,-1,-1,-1
52,0,1018,735,286,239,1,-1,-1,-1
52,1,1730,724,193,206,1,-1,-1,-1
52,3,1473,716,189,203,1,-1,-1,-1
52,7,1677,735,117,173,1,-1,-1,-1
52,8,1286,751,160,175,1,-1,-1,-1
53,0,1010,742,286,239,1,-1,-1,-1
53,1,1729,727,193,206,1,-1,-1,-1
53,3,1475,717,189,203,1,-1,-1,-1
53,7,1679,733,117,173,1,-1,-1,-1
53,8,1287,753,160,175,1,-1,-1,-1
54,0,1005,750,286,239,1,-1,-1,-1
54,1,1732,734,184,196,1,-1,-1,-1
54,7,1678,736,117,173,1,-1,-1,-1
54,8,1277,756,160,175,1,-1,-1,-1
55,0,1005,754,286,239,1,-1,-1,-1
55,1,1733,739,184,196,1,-1,-1,-1
55,8,1278,764,160,175,1,-1,-1,-1
56,0,1004,754,286,239,1,-1,-1,-1
56,1,1735,740,184,196,1,-1,-1,-1
56,8,1285,770,152,167,1,-1,-1,-1
57,0,1004,754,286,239,1,-1,-1,-1
57,1,1735,740,184,196,1,-1,-1,-1
57,8,1285,770,152,167,1,-1,-1,-1
57,9,1456,720,224,184,1,-1,-1,-1
58,1,1729,751,175,187,1,-1,-1,-1
58,8,1286,770,152,167,1,-1,-1,-1
58,9,1452,720,235,193,1,-1,-1,-1
59,8,1288,770,152,167,1,-1,-1,-1
59,9,1452,721,235,193,1,-1,-1,-1
60,8,1280,770,152,167,1,-1,-1,-1
60,9,1452,726,235,193,1,-1,-1,-1
61,8,1280,768,160,175,1,-1,-1,-1
61,9,1454,733,224,184,1,-1,-1,-1
62,8,1275,767,160,175,1,-1,-1,-1
62,9,1447,731,235,193,1,-1,-1,-1
63,8,1280,773,152,167,1,-1,-1,-1
63,9,1445,730,235,193,1,-1,-1,-1
64,8,1266,777,152,167,1,-1,-1,-1
64,9,1439,732,235,193,1,-1,-1,-1
65,8,1266,777,152,167,1,-1,-1,-1
65,9,1439,732,235,193,1,-1,-1,-1
65,10,1648,748,256,204,1,-1,-1,-1
65,11,948,772,236,244,1,-1,-1,-1
66,8,1258,786,152,167,1,-1,-1,-1
66,9,1430,736,235,193,1,-1,-1,-1
66,10,1647,749,256,204,1,-1,-1,-1
66,11,951,771,236,244,1,-1,-1,-1
67,8,1253,789,152,167,1,-1,-1,-1
67,9,1420,733,247,203,1,-1,-1,-1
67,10,1642,749,256,204,1,-1,-1,-1
67,11,939,778,225,232,1,-1,-1,-1
68,8,1243,795,152,167,1,-1,-1,-1
68,9,1417,733,247,203,1,-1,-1,-1
68,10,1643,750,256,204,1,-1,-1,-1
68,11,946,785,214,221,1,-1,-1,-1
69,8,1235,792,160,175,1,-1,-1,-1
69,10,1639,756,256,204,1,-1,-1,-1
69,11,943,787,214,221,1,-1,-1,-1
70,8,1239,796,160,175,1,-1,-1,-1
70,10,1650,764,256,204,1,-1,-1,-1
70,11,944,791,214,221,1,-1,-1,-1
71,10,1654,766,256,204,1,-1,-1,-1
71,11,943,792,214,221,1,-1,-1,-1
72,10,1627,765,256,204,1,-1,-1,-1
72,11,938,805,204,211,1,-1,-1,-1
73,10,1627,765,256,204,1,-1,-1,-1
73,11,938,805,204,211,1,-1,-1,-1
73,12,1256,808,352,180,1,-1,-1,-1
74,11,930,805,204,211,1,-1,-1,-1
74,12,1262,809,352,180,1,-1,-1,-1
75,12,1269,808,352,180,1,-1,-1,-1
76,12,1260,809,352,180,1,-1,-1,-1
77,12,1248,809,370,189,1,-1,-1,-1
78,12,1236,806,370,189,1,-1,-1,-1
79,12,1230,807,370,189,1,-1,-1,-1
81,13,1612,796,260,164,1,-1,-1,-1
81,14,936,868,212,120,1,-1,-1,-1
81,15,1284,824,256,116,1,-1,-1,-1
81,16,1512,804,116,136,1,-1,-1,-1
82,13,1609,795,273,172,1,-1,-1,-1
82,14,946,867,212,120,1,-1,-1,-1
82,15,1281,827,256,116,1,-1,-1,-1
82,16,1509,806,116,136,1,-1,-1,-1
83,13,1601,796,273,172,1,-1,-1,-1
83,14,936,866,212,120,1,-1,-1,-1
83,15,1280,829,256,116,1,-1,-1,-1
83,16,1506,807,116,136,1,-1,-1,-1
84,13,1605,802,260,164,1,-1,-1,-1
84,14,921,870,212,120,1,-1,-1,-1
84,15,1262,830,269,122,1,-1,-1,-1
84,16,1497,809,116,136,1,-1,-1,-1
85,13,1599,803,260,164,1,-1,-1,-1
85,14,925,874,212,120,1,-1,-1,-1
85,15,1253,831,269,122,1,-1,-1,-1
85,16,1495,796,122,143,1,-1,-1,-1
86,13,1592,798,260,164,1,-1,-1,-1
86,14,903,878,223,126,1,-1,-1,-1
86,15,1251,836,269,122,1,-1,-1,-1
86,16,1499,799,116,136,1,-1,-1,-1
87,13,1582,777,273,172,1,-1,-1,-1
87,15,1246,840,269,122,1,-1,-1,-1
87,16,1492,793,116,136,1,-1,-1,-1
88,13,1566,781,273,172,1,-1,-1,-1
88,15,1240,845,269,122,1,-1,-1,-1
88,16,1486,794,116,136,1,-1,-1,-1
89,13,1566,781,273,172,1,-1,-1,-1
89,15,1240,845,269,122,1,-1,-1,-1
89,16,1486,794,116,136,1,-1,-1,-1
97,17,984,952,264,132,1,-1,-1,-1
97,18,1672,764,260,156,1,-1,-1,-1
97,19,1284,812,312,160,1,-1,-1,-1
98,17,1000,948,264,132,1,-1,-1,-1
98,18,1688,762,260,156,1,-1,-1,-1
98,19,1298,813,312,160,1,-1,-1,-1
99,17,1023,941,264,132,1,-1,-1,-1
99,18,1691,755,273,164,1,-1,-1,-1
99,19,1309,809,312,160,1,-1,-1,-1
100,17,1052,930,264,132,1,-1,-1,-1
100,18,1699,751,273,164,1,-1,-1,-1
100,19,1330,802,312,160,1,-1,-1,-1
101,17,1067,919,277,139,1,-1,-1,-1
101,18,1711,752,260,156,1,-1,-1,-1
101,19,1339,796,312,160,1,-1,-1,-1
102,17,1086,911,277,139,1,-1,-1,-1
102,18,1715,743,260,156,1,-1,-1,-1
102,19,1366,785,312,160,1,-1,-1,-1
103,17,1092,906,291,146,1,-1,-1,-1
103,18,1742,724,248,149,1,-1,-1,-1
103,19,1364,772,312,160,1,-1,-1,-1
104,17,1099,907,291,146,1,-1,-1,-1
104,18,1740,717,236,141,1,-1,-1,-1
105,17,1099,907,291,146,1,-1,-1,-1
105,18,1740,717,236,141,1,-1,-1,-1
121,20,1080,660,248,152,1,-1,-1,-1
122,20,1067,663,248,152,1,-1,-1,-1
123,20,1040,671,248,152,1,-1,-1,-1
124,20,1007,680,248,152,1,-1,-1,-1
125,20,977,683,260,160,1,-1,-1,-1
126,20,950,692,260,160,1,-1,-1,-1
127,20,919,707,260,160,1,-1,-1,-1
128,20,895,712,260,160,1,-1,-1,-1
129,20,895,712,260,160,1,-1,-1,-1
129,21,852,752,304,200,1,-1,-1,-1
129,22,2060,548,184,156,1,-1,-1,-1
129,23,1216,732,312,236,1,-1,-1,-1
129,24,1540,612,284,256,1,-1,-1,-1
129,25,1644,568,180,136,1,-1,-1,-1
129,26,16,44,2492,1200,1,-1,-1,-1
130,20,837,716,273,168,1,-1,-1,-1
130,21,831,762,304,200,1,-1,-1,-1
130,22,2093,542,184,156,1,-1,-1,-1
130,23,1202,735,312,236,1,-1,-1,-1
130,24,1554,613,284,256,1,-1,-1,-1
130,25,1646,576,180,136,1,-1,-1,-1
130,26,42,27,2492,1200,1,-1,-1,-1
131,20,817,724,273,168,1,-1,-1,-1
131,21,810,768,304,200,1,-1,-1,-1
131,22,2108,538,184,156,1,-1,-1,-1
131,23,1196,737,312,236,1,-1,-1,-1
131,24,1549,607,298,269,1,-1,-1,-1
131,25,1645,581,180,136,1,-1,-1,-1
131,26,50,21,2492,1200,1,-1,-1,-1
132,20,791,740,273,168,1,-1,-1,-1
132,21,783,782,304,200,1,-1,-1,-1
132,22,2139,531,184,156,1,-1,-1,-1
132,23,1174,748,312,236,1,-1,-1,-1
132,24,1548,613,298,269,1,-1,-1,-1
132,25,1644,588,180,136,1,-1,-1,-1
132,26,63,20,2492,1200,1,-1,-1,-1
133,20,766,749,273,168,1,-1,-1,-1
133,21,760,797,304,200,1,-1,-1,-1
133,22,2170,524,184,156,1,-1,-1,-1
133,23,1117,750,312,236,1,-1,-1,-1
133,24,1543,616,313,282,1,-1,-1,-1
133,25,1642,604,180,136,1,-1,-1,-1
133,26,136,11,2492,1200,1,-1,-1,-1
134,20,756,756,273,168,1,-1,-1,-1
134,21,744,798,319,210,1,-1,-1,-1
134,22,2197,523,175,149,1,-1,-1,-1
134,23,1091,772,312,236,1,-1,-1,-1
134,24,1540,631,298,269,1,-1,-1,-1
134,25,1638,603,189,143,1,-1,-1,-1
134,26,127,13,2492,1200,1,-1,-1,-1
135,20,714,756,273,168,1,-1,-1,-1
135,21,715,802,319,210,1,-1,-1,-1
135,22,2232,521,175,149,1,-1,-1,-1
135,23,1069,786,312,236,1,-1,-1,-1
135,24,1530,634,298,269,1,-1,-1,-1
135,25,1636,615,189,143,1,-1,-1,-1
135,26,216,36,2373,1143,1,-1,-1,-1
136,20,678,753,287,176,1,-1,-1,-1
136,21,670,802,319,210,1,-1,-1,-1
136,22,2269,514,175,149,1,-1,-1,-1
136,24,1519,644,298,269,1,-1,-1,-1
136,25,1630,611,189,143,1,-1,-1,-1
136,26,285,51,2373,1143,1,-1,-1,-1
137,20,678,753,287,176,1,-1,-1,-1
137,21,664,760,296,244,1,-1,-1,-1
137,22,2268,504,180,136,1,-1,-1,-1
137,24,1519,644,298,269,1,-1,-1,-1
137,25,1630,611,189,143,1,-1,-1,-1
137,26,285,51,2373,1143,1,-1,-1,-1
137,27,972,812,360,196,1,-1,-1,-1
137,28,320,880,68,64,1,-1,-1,-1
138,21,657,769,296,244,1,-1,-1,-1
138,22,2311,502,180,136,1,-1,-1,-1
138,26,390,25,2373,1143,1,-1,-1,-1
138,27,959,823,343,187,1,-1,-1,-1
138,28,304,882,68,64,1,-1,-1,-1
139,21,623,783,296,244,1,-1,-1,-1
139,22,2355,500,180,136,1,-1,-1,-1
139,26,409,30,2373,1143,1,-1,-1,-1
139,27,924,846,343,187,1,-1,-1,-1
139,28,296,905,71,67,1,-1,-1,-1
140,21,612,790,296,244,1,-1,-1,-1
140,22,2377,499,180,136,1,-1,-1,-1
140,26,450,27,2373,1143,1,-1,-1,-1
140,27,916,847,343,187,1,-1,-1,-1
140,28,318,897,71,67,1,-1,-1,-1
141,21,598,799,296,244,1,-1,-1,-1
141,22,2411,505,180,136,1,-1,-1,-1
141,26,531,53,2260,1088,1,-1,-1,-1
141,27,886,862,327,178,1,-1,-1,-1
141,28,308,883,71,67,1,-1,-1,-1
142,21,569,806,296,244,1,-1,-1,-1
142,22,2449,514,171,130,1,-1,-1,-1
142,26,504,11,2373,1143,1,-1,-1,-1
142,27,849,874,327,178,1,-1,-1,-1
142,28,295,891,71,67,1,-1,-1,-1
143,21,544,809,296,244,1,-1,-1,-1
143,22,2474,526,171,130,1,-1,-1,-1
143,26,657,27,2373,1143,1,-1,-1,-1
143,27,830,871,343,187,1,-1,-1,-1
144,21,517,811,296,244,1,-1,-1,-1
144,22,2444,494,163,123,1,-1,-1,-1
144,26,668,38,2260,1088,1,-1,-1,-1
145,21,517,811,296,244,1,-1,-1,-1
145,22,2444,494,163,123,1,-1,-1,-1
145,26,668,38,2260,1088,1,-1,-1,-1
146,21,499,817,296,244,1,-1,-1,-1
146,22,2473,511,163,123,1,-1,-1,-1
146,26,834,25,2260,1088,1,-1,-1,-1
147,21,516,820,296,244,1,-1,-1,-1
147,26,492,114,2153,1037,1,-1,-1,-1
148,21,519,815,296,244,1,-1,-1,-1
149,21,546,813,296,244,1,-1,-1,-1
150,21,585,809,282,232,1,-1,-1,-1
151,21,593,801,282,232,1,-1,-1,-1
169,29,2356,388,136,88,1,-1,-1,-1
169,30,920,1036,128,124,1,-1,-1,-1
169,31,1924,376,48,36,1,-1,-1,-1
170,29,2358,393,136,88,1,-1,-1,-1
170,30,971,1047,128,124,1,-1,-1,-1
170,31,1925,364,46,34,1,-1,-1,-1
171,29,2359,403,136,88,1,-1,-1,-1
171,30,1020,1059,128,124,1,-1,-1,-1
171,31,1911,367,46,34,1,-1,-1,-1
172,29,2355,407,143,92,1,-1,-1,-1
172,30,1045,1067,128,124,1,-1,-1,-1
172,31,1898,371,46,34,1,-1,-1,-1
173,29,2360,416,143,92,1,-1,-1,-1
173,30,1098,1080,128,124,1,-1,-1,-1
173,31,1898,380,46,34,1,-1,-1,-1
174,29,2344,431,150,97,1,-1,-1,-1
174,30,1147,1098,128,124,1,-1,-1,-1
174,31,1900,371,46,34,1,-1,-1,-1
175,29,2342,444,150,97,1,-1,-1,-1
175,30,1170,1109,128,124,1,-1,-1,-1
176,29,2328,458,157,102,1,-1,-1,-1
176,30,1214,1126,128,124,1,-1,-1,-1
177,29,2328,458,157,102,1,-1,-1,-1
177,30,1214,1126,128,124,1,-1,-1,-1
178,29,2309,489,165,107,1,-1,-1,-1
178,30,1282,1153,128,124,1,-1,-1,-1
179,30,1330,1174,122,118,1,-1,-1,-1
180,30,1372,1188,122,118,1,-1,-1,-1
181,30,1397,1203,116,112,1,-1,-1,-1
182,30,1443,1217,116,112,1,-1,-1,-1
185,32,264,292,72,44,1,-1,-1,-1
186,32,301,301,76,46,1,-1,-1,-1
187,32,323,308,76,46,1,-1,-1,-1
188,32,363,321,76,46,1,-1,-1,-1
189,32,402,335,76,46,1,-1,-1,-1
190,32,424,342,76,46,1,-1,-1,-1
191,32,462,350,76,46,1,-1,-1,-1
192,32,500,360,76,46,1,-1,-1,-1
193,32,500,360,76,46,1,-1,-1,-1
193,33,1164,736,140,140,1,-1,-1,-1
193,34,868,788,232,144,1,-1,-1,-1
193,35,2188,776,104,84,1,-1,-1,-1
193,36,1484,652,192,112,1,-1,-1,-1
193,37,1332,776,164,108,1,-1,-1,-1
193,38,788,680,128,112,1,-1,-1,-1
194,32,556,370,79,49,1,-1,-1,-1
194,33,1166,736,140,140,1,-1,-1,-1
194,34,869,791,232,144,1,-1,-1,-1
194,35,2174,781,109,88,1,-1,-1,-1
194,36,1485,659,192,112,1,-1,-1,-1
194,37,1330,783,164,108,1,-1,-1,-1
194,38,792,680,128,112,1,-1,-1,-1
195,32,599,378,79,49,1,-1,-1,-1
195,33,1168,743,140,140,1,-1,-1,-1
195,34,865,799,232,144,1,-1,-1,-1
195,35,2158,794,109,88,1,-1,-1,-1
195,36,1478,675,192,112,1,-1,-1,-1
195,37,1329,794,164,108,1,-1,-1,-1
195,38,793,676,128,112,1,-1,-1,-1
196,32,622,382,76,46,1,-1,-1,-1
196,33,1170,748,140,140,1,-1,-1,-1
196,34,867,800,232,144,1,-1,-1,-1
196,35,2167,796,115,93,1,-1,-1,-1
196,36,1478,680,192,112,1,-1,-1,-1
196,37,1327,797,164,108,1,-1,-1,-1
196,38,793,674,128,112,1,-1,-1,-1
197,32,662,386,76,46,1,-1,-1,-1
197,33,1172,751,140,140,1,-1,-1,-1
197,34,862,805,232,144,1,-1,-1,-1
197,35,2154,805,115,93,1,-1,-1,-1
197,36,1474,683,192,112,1,-1,-1,-1
197,37,1327,806,164,108,1,-1,-1,-1
197,38,799,659,134,118,1,-1,-1,-1
198,32,700,390,76,46,1,-1,-1,-1
198,33,1176,756,140,140,1,-1,-1,-1
198,34,865,812,232,144,1,-1,-1,-1
198,35,2156,810,109,88,1,-1,-1,-1
198,36,1469,683,192,112,1,-1,-1,-1
198,37,1324,813,164,108,1,-1,-1,-1
198,38,809,646,141,123,1,-1,-1,-1
199,32,721,391,76,46,1,-1,-1,-1
199,33,1177,758,140,140,1,-1,-1,-1
199,34,863,810,244,151,1,-1,-1,-1
199,36,1470,683,192,112,1,-1,-1,-1
199,37,1323,815,164,108,1,-1,-1,-1
199,38,809,643,141,123,1,-1,-1,-1
200,32,760,395,76,46,1,-1,-1,-1
200,33,1177,764,140,140,1,-1,-1,-1
200,36,1469,678,192,112,1,-1,-1,-1
200,37,1319,819,164,108,1,-1,-1,-1
200,38,817,641,141,123,1,-1,-1,-1
201,32,760,395,76,46,1,-1,-1,-1
201,33,1172,780,160,128,1,-1,-1,-1
201,36,1472,680,168,160,1,-1,-1,-1
201,37,1319,819,164,108,1,-1,-1,-1
201,38,796,632,164,148,1,-1,-1,-1
201,39,852,816,172,148,1,-1,-1,-1
201,40,2092,804,140,120,1,-1,-1,-1
201,41,1384,772,184,164,1,-1,-1,-1
201,42,560,328,160,88,1,-1,-1,-1
202,32,815,397,79,49,1,-1,-1,-1
202,33,1177,781,160,128,1,-1,-1,-1
202,36,1472,679,168,160,1,-1,-1,-1
202,37,1317,824,156,103,1,-1,-1,-1
202,38,800,629,164,148,1,-1,-1,-1
202,39,854,816,172,148,1,-1,-1,-1
202,40,2091,805,140,120,1,-1,-1,-1
202,41,1384,774,184,164,1,-1,-1,-1
202,42,578,329,160,88,1,-1,-1,-1
203,32,857,400,79,49,1,-1,-1,-1
203,33,1177,783,160,128,1,-1,-1,-1
203,36,1473,678,168,160,1,-1,-1,-1
203,37,1316,824,156,103,1,-1,-1,-1
203,38,813,624,164,148,1,-1,-1,-1
203,39,854,819,172,148,1,-1,-1,-1
203,40,2086,810,140,120,1,-1,-1,-1
203,41,1385,777,184,164,1,-1,-1,-1
203,42,619,331,160,88,1,-1,-1,-1
204,32,898,402,79,49,1,-1,-1,-1
204,33,1183,784,160,128,1,-1,-1,-1
204,36,1475,679,168,160,1,-1,-1,-1
204,37,1316,825,156,103,1,-1,-1,-1
204,38,817,611,164,148,1,-1,-1,-1
204,39,859,823,172,148,1,-1,-1,-1
204,40,2077,817,140,120,1,-1,-1,-1
204,41,1387,781,184,164,1,-1,-1,-1
204,42,662,333,160,88,1,-1,-1,-1
205,32,919,403,79,49,1,-1,-1,-1
205,33,1188,785,160,128,1,-1,-1,-1
205,36,1479,679,168,160,1,-1,-1,-1
205,37,1320,828,149,98,1,-1,-1,-1
205,38,826,611,164,148,1,-1,-1,-1
205,39,862,819,172,148,1,-1,-1,-1
205,40,2075,821,140,120,1,-1,-1,-1
205,41,1388,783,184,164,1,-1,-1,-1
205,42,682,334,160,88,1,-1,-1,-1
206,32,960,404,79,49,1,-1,-1,-1
206,33,1194,786,152,122,1,-1,-1,-1
206,36,1484,682,168,160,1,-1,-1,-1
206,37,1320,829,149,98,1,-1,-1,-1
206,38,834,600,164,148,1,-1,-1,-1
206,39,861,807,181,155,1,-1,-1,-1
206,40,2078,831,140,120,1,-1,-1,-1
206,41,1391,783,184,164,1,-1,-1,-1
206,42,726,336,160,88,1,-1,-1,-1
207,32,1002,406,79,49,1,-1,-1,-1
207,33,1197,783,152,122,1,-1,-1,-1
207,36,1484,681,168,160,1,-1,-1,-1
207,37,1322,832,149,98,1,-1,-1,-1
207,38,848,599,164,148,1,-1,-1,-1
207,39,865,800,181,155,1,-1,-1,-1
207,40,2082,834,133,114,1,-1,-1,-1
207,41,1389,782,184,164,1,-1,-1,-1
207,42,772,339,152,84,1,-1,-1,-1
208,32,1027,408,76,46,1,-1,-1,-1
208,33,1196,782,152,122,1,-1,-1,-1
208,36,1480,666,176,168,1,-1,-1,-1
208,37,1323,836,149,98,1,-1,-1,-1
208,38,847,592,156,141,1,-1,-1,-1
208,39,866,798,181,155,1,-1,-1,-1
208,40,2079,834,133,114,1,-1,-1,-1
208,41,1393,785,175,156,1,-1,-1,-1
208,42,787,339,160,88,1,-1,-1,-1
209,32,1027,408,76,46,1,-1,-1,-1
209,33,1220,756,144,136,1,-1,-1,-1
209,36,1480,666,176,168,1,-1,-1,-1
209,37,1323,836,149,98,1,-1,-1,-1
209,38,888,564,116,148,1,-1,-1,-1
209,39,876,776,196,156,1,-1,-1,-1
209,40,2079,834,133,114,1,-1,-1,-1
209,41,1393,785,175,156,1,-1,-1,-1
209,42,787,339,160,88,1,-1,-1,-1
209,43,1500,660,128,120,1,-1,-1,-1
209,44,836,344,160,88,1,-1,-1,-1
210,32,1007,415,79,49,1,-1,-1,-1
210,33,1228,754,144,136,1,-1,-1,-1
210,36,1481,635,176,168,1,-1,-1,-1
210,37,1328,841,149,98,1,-1,-1,-1
210,38,902,555,116,148,1,-1,-1,-1
210,39,887,779,187,149,1,-1,-1,-1
210,40,2076,843,133,114,1,-1,-1,-1
210,41,1398,786,175,156,1,-1,-1,-1
210,42,872,341,160,88,1,-1,-1,-1
210,43,1502,652,128,120,1,-1,-1,-1
210,44,879,345,160,88,1,-1,-1,-1
211,32,1030,417,76,46,1,-1,-1,-1
211,33,1230,754,144,136,1,-1,-1,-1
211,36,1487,630,176,168,1,-1,-1,-1
211,37,1332,844,149,98,1,-1,-1,-1
211,38,908,550,116,148,1,-1,-1,-1
211,39,890,778,187,149,1,-1,-1,-1
211,40,2079,845,127,109,1,-1,-1,-1
211,41,1400,787,175,156,1,-1,-1,-1
211,42,896,343,160,88,1,-1,-1,-1
211,43,1504,650,128,120,1,-1,-1,-1
211,44,900,346,160,88,1,-1,-1,-1
212,32,1071,423,72,44,1,-1,-1,-1
212,33,1242,755,144,136,1,-1,-1,-1
212,36,1494,626,176,168,1,-1,-1,-1
212,37,1338,857,142,93,1,-1,-1,-1
212,38,924,549,110,141,1,-1,-1,-1
212,39,896,776,187,149,1,-1,-1,-1
212,41,1406,795,175,156,1,-1,-1,-1
212,42,938,346,160,88,1,-1,-1,-1
212,43,1504,638,128,120,1,-1,-1,-1
212,44,942,349,160,88,1,-1,-1,-1
213,32,1061,423,76,46,1,-1,-1,-1
213,33,1251,758,144,136,1,-1,-1,-1
213,36,1492,615,176,168,1,-1,-1,-1
213,37,1339,857,142,93,1,-1,-1,-1
213,38,937,547,110,141,1,-1,-1,-1
213,39,901,771,187,149,1,-1,-1,-1
213,41,1410,802,175,156,1,-1,-1,-1
213,42,979,349,160,88,1,-1,-1,-1
213,43,1512,635,128,120,1,-1,-1,-1
213,44,984,353,160,88,1,-1,-1,-1
214,32,1064,438,72,44,1,-1,-1,-1
214,33,1254,760,144,136,1,-1,-1,-1
214,36,1493,613,176,168,1,-1,-1,-1
214,37,1339,853,142,93,1,-1,-1,-1
214,38,947,544,110,141,1,-1,-1,-1
214,39,906,765,187,149,1,-1,-1,-1
214,41,1413,802,175,156,1,-1,-1,-1
214,42,999,350,160,88,1,-1,-1,-1
214,43,1507,623,134,126,1,-1,-1,-1
214,44,1003,355,160,88,1,-1,-1,-1
215,33,1254,752,144,136,1,-1,-1,-1
215,36,1503,612,176,168,1,-1,-1,-1
215,37,1342,851,142,93,1,-1,-1,-1
215,38,958,538,116,148,1,-1,-1,-1
215,39,918,762,187,149,1,-1,-1,-1
215,41,1406,803,184,164,1,-1,-1,-1
215,42,1046,355,152,84,1,-1,-1,-1
215,43,1496,607,134,126,1,-1,-1,-1
215,44,1045,358,160,88,1,-1,-1,-1
216,33,1256,741,144,136,1,-1,-1,-1
216,36,1499,593,176,168,1,-1,-1,-1
216,37,1346,846,142,93,1,-1,-1,-1
216,38,971,532,122,155,1,-1,-1,-1
216,39,916,745,187,149,1,-1,-1,-1
216,41,1411,805,184,164,1,-1,-1,-1
216,42,1081,356,160,88,1,-1,-1,-1
216,43,1507,602,141,132,1,-1,-1,-1
216,44,1084,361,160,88,1,-1,-1,-1
217,33,1256,740,124,124,1,-1,-1,-1
217,36,1496,604,184,132,1,-1,-1,-1
217,37,1340,844,136,128,1,-1,-1,-1
217,38,960,520,144,156,1,-1,-1,-1
217,39,920,740,160,156,1,-1,-1,-1
217,41,1444,820,160,152,1,-1,-1,-1
217,42,1081,356,160,88,1,-1,-1,-1
217,43,1507,602,141,132,1,-1,-1,-1
217,44,1084,361,160,88,1,-1,-1,-1
217,45,2044,844,136,108,1,-1,-1,-1
218,33,1256,731,124,124,1,-1,-1,-1
218,36,1508,603,175,126,1,-1,-1,-1
218,37,1347,842,136,128,1,-1,-1,-1
218,38,979,525,137,149,1,-1,-1,-1
218,39,921,730,160,156,1,-1,-1,-1
218,41,1451,820,160,152,1,-1,-1,-1
218,42,1140,364,160,88,1,-1,-1,-1
218,44,1145,368,160,88,1,-1,-1,-1
218,45,2041,850,136,108,1,-1,-1,-1
219,33,1261,723,124,124,1,-1,-1,-1
219,36,1507,599,175,126,1,-1,-1,-1
219,37,1351,836,136,128,1,-1,-1,-1
219,38,992,522,137,149,1,-1,-1,-1
219,39,932,726,160,156,1,-1,-1,-1
219,41,1457,814,160,152,1,-1,-1,-1
219,42,1177,366,168,92,1,-1,-1,-1
219,44,1185,371,160,88,1,-1,-1,-1
219,45,2038,859,136,108,1,-1,-1,-1
220,33,1264,721,124,124,1,-1,-1,-1
220,36,1511,596,175,126,1,-1,-1,-1
220,37,1349,832,143,134,1,-1,-1,-1
220,38,1001,523,137,149,1,-1,-1,-1
220,39,936,724,160,156,1,-1,-1,-1
220,41,1458,812,160,152,1,-1,-1,-1
220,42,1196,369,168,92,1,-1,-1,-1
220,44,1203,375,160,88,1,-1,-1,-1
220,45,2037,862,136,108,1,-1,-1,-1
221,33,1269,716,130,130,1,-1,-1,-1
221,36,1515,592,175,126,1,-1,-1,-1
221,37,1353,834,143,134,1,-1,-1,-1
221,38,1015,519,137,149,1,-1,-1,-1
221,39,949,723,160,156,1,-1,-1,-1
221,41,1467,807,152,145,1,-1,-1,-1
221,42,1231,372,176,97,1,-1,-1,-1
221,44,1246,380,160,88,1,-1,-1,-1
221,45,2031,864,143,113,1,-1,-1,-1
222,33,1277,712,130,130,1,-1,-1,-1
222,36,1527,588,175,126,1,-1,-1,-1
222,37,1359,838,143,134,1,-1,-1,-1
222,38,1026,518,137,149,1,-1,-1,-1
222,39,959,720,160,156,1,-1,-1,-1
222,41,1473,804,152,145,1,-1,-1,-1
222,42,1273,376,176,97,1,-1,-1,-1
222,44,1285,386,160,88,1,-1,-1,-1
222,45,2030,870,143,113,1,-1,-1,-1
223,33,1278,705,137,137,1,-1,-1,-1
223,36,1529,585,175,126,1,-1,-1,-1
223,37,1357,835,150,141,1,-1,-1,-1
223,38,1033,513,137,149,1,-1,-1,-1
223,39,963,718,160,156,1,-1,-1,-1
223,41,1474,803,152,145,1,-1,-1,-1
223,42,1297,382,168,92,1,-1,-1,-1
223,44,1304,389,160,88,1,-1,-1,-1
223,45,2029,872,143,113,1,-1,-1,-1
224,33,1286,702,137,137,1,-1,-1,-1
224,36,1534,585,167,120,1,-1,-1,-1
224,38,1047,505,144,156,1,-1,-1,-1
224,39,974,719,160,156,1,-1,-1,-1
224,41,1475,799,152,145,1,-1,-1,-1
224,42,1332,383,176,97,1,-1,-1,-1
224,44,1345,392,160,88,1,-1,-1,-1
224,45,2031,876,136,108,1,-1,-1,-1
225,33,1300,704,132,124,1,-1,-1,-1
225,36,1544,556,140,156,1,-1,-1,-1
225,38,1080,508,116,136,1,-1,-1,-1
225,39,980,684,156,172,1,-1,-1,-1
225,41,1492,784,168,204,1,-1,-1,-1
225,42,1332,383,176,97,1,-1,-1,-1
225,44,1384,396,160,88,1,-1,-1,-1
225,45,2032,872,136,136,1,-1,-1,-1
226,33,1303,703,132,124,1,-1,-1,-1
226,36,1550,557,140,156,1,-1,-1,-1
226,38,1088,508,116,136,1,-1,-1,-1
226,39,986,681,156,172,1,-1,-1,-1
226,41,1498,785,168,204,1,-1,-1,-1
226,42,1395,390,176,97,1,-1,-1,-1
226,44,1403,398,160,88,1,-1,-1,-1
226,45,2033,874,136,136,1,-1,-1,-1
227,33,1310,697,132,124,1,-1,-1,-1
227,36,1552,554,140,156,1,-1,-1,-1
227,38,1102,509,116,136,1,-1,-1,-1
227,39,995,674,156,172,1,-1,-1,-1
227,41,1509,785,168,204,1,-1,-1,-1
227,42,1435,396,176,97,1,-1,-1,-1
227,44,1442,404,160,88,1,-1,-1,-1
227,45,2029,879,136,136,1,-1,-1,-1
228,33,1315,696,132,124,1,-1,-1,-1
228,36,1556,559,133,149,1,-1,-1,-1
228,38,1116,511,116,136,1,-1,-1,-1
228,39,1000,669,156,172,1,-1,-1,-1
228,41,1522,781,168,204,1,-1,-1,-1
228,42,1473,400,176,97,1,-1,-1,-1
228,44,1479,409,160,88,1,-1,-1,-1
228,45,2029,885,136,136,1,-1,-1,-1
229,33,1318,693,132,124,1,-1,-1,-1
229,36,1560,561,133,149,1,-1,-1,-1
229,38,1125,513,116,136,1,-1,-1,-1
229,39,1005,667,156,172,1,-1,-1,-1
229,41,1526,776,168,204,1,-1,-1,-1
229,42,1492,404,176,97,1,-1,-1,-1
229,44,1499,412,160,88,1,-1,-1,-1
229,45,2028,888,136,136,1,-1,-1,-1
230,33,1324,689,132,124,1,-1,-1,-1
230,36,1561,556,133,149,1,-1,-1,-1
230,38,1135,513,116,136,1,-1,-1,-1
230,39,1013,661,156,172,1,-1,-1,-1
230,41,1526,759,168,204,1,-1,-1,-1
230,42,1528,408,176,97,1,-1,-1,-1
230,44,1535,416,160,88,1,-1,-1,-1
230,45,2024,893,136,136,1,-1,-1,-1
231,33,1333,687,132,124,1,-1,-1,-1
231,36,1570,556,133,149,1,-1,-1,-1
231,38,1151,508,116,136,1,-1,-1,-1
231,39,1023,659,156,172,1,-1,-1,-1
231,41,1542,753,168,204,1,-1,-1,-1
231,42,1567,411,176,97,1,-1,-1,-1
231,44,1574,420,160,88,1,-1,-1,-1
231,45,2024,897,136,136,1,-1,-1,-1
232,33,1338,688,126,118,1,-1,-1,-1
232,36,1568,554,133,149,1,-1,-1,-1
232,38,1156,506,116,136,1,-1,-1,-1
232,39,1027,658,156,172,1,-1,-1,-1
232,41,1543,747,168,204,1,-1,-1,-1
232,42,1585,416,176,97,1,-1,-1,-1
232,44,1592,424,160,88,1,-1,-1,-1
232,45,2023,903,136,136,1,-1,-1,-1
233,33,1344,680,148,120,1,-1,-1,-1
233,36,1580,564,132,128,1,-1,-1,-1
233,38,1164,508,148,148,1,-1,-1,-1
233,39,1036,676,188,172,1,-1,-1,-1
233,41,1552,748,128,144,1,-1,-1,-1
233,42,1585,416,176,97,1,-1,-1,-1
233,44,1592,424,160,88,1,-1,-1,-1
233,45,2024,924,136,128,1,-1,-1,-1
233,46,1636,432,160,96,1,-1,-1,-1
233,47,1404,796,160,116,1,-1,-1,-1
234,33,1353,679,148,120,1,-1,-1,-1
234,36,1583,560,132,128,1,-1,-1,-1
234,38,1179,508,148,148,1,-1,-1,-1
234,39,1047,678,188,172,1,-1,-1,-1
234,41,1559,744,128,144,1,-1,-1,-1
234,42,1658,429,176,97,1,-1,-1,-1
234,44,1664,436,160,88,1,-1,-1,-1
234,45,2021,926,136,128,1,-1,-1,-1
234,46,1667,433,168,101,1,-1,-1,-1
234,47,1412,796,160,116,1,-1,-1,-1
235,33,1352,676,148,120,1,-1,-1,-1
235,36,1585,558,132,128,1,-1,-1,-1
235,38,1186,507,148,148,1,-1,-1,-1
235,39,1050,674,188,172,1,-1,-1,-1
235,41,1563,743,128,144,1,-1,-1,-1
235,42,1676,431,176,97,1,-1,-1,-1
235,44,1683,439,160,88,1,-1,-1,-1
235,45,2022,927,136,128,1,-1,-1,-1
235,46,1685,437,168,101,1,-1,-1,-1
235,47,1406,787,168,122,1,-1,-1,-1
236,33,1360,673,148,120,1,-1,-1,-1
236,36,1592,557,132,128,1,-1,-1,-1
236,38,1199,504,148,148,1,-1,-1,-1
236,39,1059,671,188,172,1,-1,-1,-1
236,41,1571,740,128,144,1,-1,-1,-1
236,42,1712,435,176,97,1,-1,-1,-1
236,44,1718,443,160,88,1,-1,-1,-1
236,45,2020,930,136,128,1,-1,-1,-1
236,46,1722,443,168,101,1,-1,-1,-1
236,47,1403,778,168,122,1,-1,-1,-1
237,33,1369,664,141,114,1,-1,-1,-1
237,36,1595,553,132,128,1,-1,-1,-1
237,38,1213,502,148,148,1,-1,-1,-1
237,39,1080,675,179,164,1,-1,-1,-1
237,41,1581,735,128,144,1,-1,-1,-1
237,42,1750,440,176,97,1,-1,-1,-1
237,44,1757,448,160,88,1,-1,-1,-1
237,45,2022,925,136,128,1,-1,-1,-1
237,46,1759,446,168,101,1,-1,-1,-1
237,47,1412,771,168,122,1,-1,-1,-1
238,33,1374,662,141,114,1,-1,-1,-1
238,36,1597,551,132,128,1,-1,-1,-1
238,38,1218,501,148,148,1,-1,-1,-1
238,39,1079,668,188,172,1,-1,-1,-1
238,41,1583,733,128,144,1,-1,-1,-1
238,42,1772,445,168,92,1,-1,-1,-1
238,44,1776,451,160,88,1,-1,-1,-1
238,45,2026,924,136,128,1,-1,-1,-1
238,46,1777,450,168,101,1,-1,-1,-1
238,47,1420,769,168,122,1,-1,-1,-1
239,33,1389,662,134,109,1,-1,-1,-1
239,36,1604,550,132,128,1,-1,-1,-1
239,38,1231,505,148,148,1,-1,-1,-1
239,39,1084,660,188,172,1,-1,-1,-1
239,41,1591,732,128,144,1,-1,-1,-1
239,42,1804,448,176,97,1,-1,-1,-1
239,44,1810,456,160,88,1,-1,-1,-1
239,45,2071,940,136,128,1,-1,-1,-1
239,46,1809,452,176,106,1,-1,-1,-1
239,47,1424,762,168,122,1,-1,-1,-1
240,33,1397,659,134,109,1,-1,-1,-1
240,36,1610,550,132,128,1,-1,-1,-1
240,38,1244,509,141,141,1,-1,-1,-1
240,39,1096,660,179,164,1,-1,-1,-1
240,41,1598,729,128,144,1,-1,-1,-1
240,42,1840,453,176,97,1,-1,-1,-1
240,44,1845,463,160,88,1,-1,-1,-1
240,46,1845,460,176,106,1,-1,-1,-1
241,33,1408,652,104,104,1,-1,-1,-1
241,36,1608,552,156,136,1,-1,-1,-1
241,38,1252,512,116,144,1,-1,-1,-1
241,39,1100,652,144,152,1,-1,-1,-1
241,41,1596,732,140,164,1,-1,-1,-1
241,42,1840,453,176,97,1,-1,-1,-1
241,44,1845,463,160,88,1,-1,-1,-1
241,46,1868,468,160,104,1,-1,-1,-1
241,48,1424,740,164,144,1,-1,-1,-1
241,49,2004,892,148,176,1,-1,-1,-1
242,33,1411,650,104,104,1,-1,-1,-1
242,36,1609,552,156,136,1,-1,-1,-1
242,38,1260,517,116,144,1,-1,-1,-1
242,39,1103,650,144,152,1,-1,-1,-1
242,41,1607,733,140,164,1,-1,-1,-1
242,42,1892,467,168,92,1,-1,-1,-1
242,44,1893,473,160,88,1,-1,-1,-1
242,46,1898,473,160,104,1,-1,-1,-1
242,48,1430,737,164,144,1,-1,-1,-1
242,49,2010,895,148,176,1,-1,-1,-1
243,33,1413,647,104,104,1,-1,-1,-1
243,36,1607,552,156,136,1,-1,-1,-1
243,38,1266,518,116,144,1,-1,-1,-1
243,39,1108,653,137,145,1,-1,-1,-1
243,41,1606,727,133,156,1,-1,-1,-1
243,42,1921,471,168,92,1,-1,-1,-1
243,44,1924,477,160,88,1,-1,-1,-1
243,46,1925,475,168,109,1,-1,-1,-1
243,48,1433,734,164,144,1,-1,-1,-1
243,49,1998,891,148,176,1,-1,-1,-1
244,33,1412,647,104,104,1,-1,-1,-1
244,36,1608,552,156,136,1,-1,-1,-1
244,38,1270,522,110,137,1,-1,-1,-1
244,39,1109,654,137,145,1,-1,-1,-1
244,41,1609,726,133,156,1,-1,-1,-1
244,42,1935,474,168,92,1,-1,-1,-1
244,44,1938,480,160,88,1,-1,-1,-1
244,46,1939,477,168,109,1,-1,-1,-1
244,48,1432,733,164,144,1,-1,-1,-1
244,49,1994,884,155,185,1,-1,-1,-1
245,33,1409,645,104,104,1,-1,-1,-1
245,36,1605,553,156,136,1,-1,-1,-1
245,38,1273,521,110,137,1,-1,-1,-1
245,39,1109,653,137,145,1,-1,-1,-1
245,41,1616,723,127,149,1,-1,-1,-1
245,42,1952,475,176,97,1,-1,-1,-1
245,44,1961,484,160,88,1,-1,-1,-1
245,46,1961,482,168,109,1,-1,-1,-1
245,48,1436,734,156,137,1,-1,-1,-1
245,49,1997,880,155,185,1,-1,-1,-1
246,33,1408,644,104,104,1,-1,-1,-1
246,36,1595,548,164,143,1,-1,-1,-1
246,38,1274,521,110,137,1,-1,-1,-1
246,39,1107,655,137,145,1,-1,-1,-1
246,41,1614,717,127,149,1,-1,-1,-1
246,42,1978,480,176,97,1,-1,-1,-1
246,44,1984,489,160,88,1,-1,-1,-1
246,46,1984,487,168,109,1,-1,-1,-1
246,48,1434,732,156,137,1,-1,-1,-1
246,49,1982,866,148,176,1,-1,-1,-1
247,33,1407,645,104,104,1,-1,-1,-1
247,36,1591,547,164,143,1,-1,-1,-1
247,38,1274,520,110,137,1,-1,-1,-1
247,39,1106,656,137,145,1,-1,-1,-1
247,41,1615,712,127,149,1,-1,-1,-1
247,42,1995,485,168,92,1,-1,-1,-1
247,44,1998,491,160,88,1,-1,-1,-1
247,46,2001,491,160,104,1,-1,-1,-1
247,48,1430,729,156,137,1,-1,-1,-1
247,49,1981,856,155,185,1,-1,-1,-1
248,33,1403,641,104,104,1,-1,-1,-1
248,36,1583,541,164,143,1,-1,-1,-1
248,38,1277,517,110,137,1,-1,-1,-1
248,39,1106,657,137,145,1,-1,-1,-1
248,41,1614,708,127,149,1,-1,-1,-1
248,42,2015,490,168,92,1,-1,-1,-1
248,44,2018,495,160,88,1,-1,-1,-1
248,46,2021,497,160,104,1,-1,-1,-1
248,48,1414,714,156,137,1,-1,-1,-1
249,33,1403,641,104,104,1,-1,-1,-1
249,36,1584,548,128,120,1,-1,-1,-1
249,38,1276,508,116,136,1,-1,-1,-1
249,39,1108,664,164,148,1,-1,-1,-1
249,41,1620,692,108,140,1,-1,-1,-1
249,42,2015,490,168,92,1,-1,-1,-1
249,44,2018,495,160,88,1,-1,-1,-1
249,46,2040,500,164,104,1,-1,-1,-1
249,48,1414,714,156,137,1,-1,-1,-1
249,50,1968,848,112,144,1,-1,-1,-1
249,51,1404,648,136,180,1,-1,-1,-1
250,33,1396,635,104,104,1,-1,-1,-1
250,36,1579,547,128,120,1,-1,-1,-1
250,38,1275,508,116,136,1,-1,-1,-1
250,39,1109,665,164,148,1,-1,-1,-1
250,41,1620,691,108,140,1,-1,-1,-1
250,42,2046,494,168,92,1,-1,-1,-1
250,44,2049,500,160,88,1,-1,-1,-1
250,46,2049,501,164,104,1,-1,-1,-1
250,48,1397,700,156,137,1,-1,-1,-1
250,50,1966,847,112,144,1,-1,-1,-1
250,51,1405,651,130,171,1,-1,-1,-1
251,33,1395,634,104,104,1,-1,-1,-1
251,36,1571,550,122,114,1,-1,-1,-1
251,38,1270,505,116,136,1,-1,-1,-1
251,39,1103,665,164,148,1,-1,-1,-1
251,41,1611,686,113,147,1,-1,-1,-1
251,42,2063,499,168,92,1,-1,-1,-1
251,44,2061,502,168,92,1,-1,-1,-1
251,46,2065,504,164,104,1,-1,-1,-1
251,50,1952,836,112,144,1,-1,-1,-1
251,51,1400,653,123,163,1,-1,-1,-1
252,33,1386,628,104,104,1,-1,-1,-1
252,36,1562,552,122,114,1,-1,-1,-1
252,38,1268,503,116,136,1,-1,-1,-1
252,39,1097,663,164,148,1,-1,-1,-1
252,41,1606,683,113,147,1,-1,-1,-1
252,42,2081,503,168,92,1,-1,-1,-1
252,44,2081,505,168,92,1,-1,-1,-1
252,46,2085,508,164,104,1,-1,-1,-1
252,50,1945,831,107,137,1,-1,-1,-1
252,51,1394,650,123,163,1,-1,-1,-1
253,33,1386,627,104,104,1,-1,-1,-1
253,36,1559,553,122,114,1,-1,-1,-1
253,38,1266,503,116,136,1,-1,-1,-1
253,39,1093,660,164,148,1,-1,-1,-1
253,41,1605,680,113,147,1,-1,-1,-1
253,42,2094,504,168,92,1,-1,-1,-1
253,44,2093,507,168,92,1,-1,-1,-1
253,46,2098,509,164,104,1,-1,-1,-1
253,50,1939,826,107,137,1,-1,-1,-1
253,51,1392,649,123,163,1,-1,-1,-1
254,33,1383,625,104,104,1,-1,-1,-1
254,36,1550,554,122,114,1,-1,-1,-1
254,38,1264,504,116,136,1,-1,-1,-1
254,39,1088,657,172,155,1,-1,-1,-1
254,41,1601,677,113,147,1,-1,-1,-1
254,42,2112,507,168,92,1,-1,-1,-1
254,44,2111,511,168,92,1,-1,-1,-1
254,46,2115,512,164,104,1,-1,-1,-1
254,50,1930,819,102,131,1,-1,-1,-1
254,51,1387,648,123,163,1,-1,-1,-1
255,33,1379,624,104,104,1,-1,-1,-1
255,36,1542,556,122,114,1,-1,-1,-1
255,38,1263,507,116,136,1,-1,-1,-1
255,39,1086,653,172,155,1,-1,-1,-1
255,41,1598,676,113,147,1,-1,-1,-1
255,42,2130,510,168,92,1,-1,-1,-1
255,44,2133,516,160,88,1,-1,-1,-1
255,46,2133,515,164,104,1,-1,-1,-1
255,50,1926,809,102,131,1,-1,-1,-1
255,51,1383,647,123,163,1,-1,-1,-1
256,33,1377,624,104,104,1,-1,-1,-1
256,36,1537,557,122,114,1,-1,-1,-1
256,38,1263,508,116,136,1,-1,-1,-1
256,39,1084,651,172,155,1,-1,-1,-1
256,41,1595,675,113,147,1,-1,-1,-1
256,42,2141,512,168,92,1,-1,-1,-1
256,44,2148,521,152,84,1,-1,-1,-1
256,46,2143,518,164,104,1,-1,-1,-1
256,50,1920,808,102,131,1,-1,-1,-1
256,51,1380,645,123,163,1,-1,-1,-1
257,33,1377,624,104,104,1,-1,-1,-1
257,36,1528,548,144,136,1,-1,-1,-1
257,38,1252,508,120,136,1,-1,-1,-1
257,39,1076,648,128,140,1,-1,-1,-1
257,41,1592,680,132,140,1,-1,-1,-1
257,42,2141,512,168,92,1,-1,-1,-1
257,44,2148,521,152,84,1,-1,-1,-1
257,46,2143,518,164,104,1,-1,-1,-1
257,50,1916,812,108,120,1,-1,-1,-1
257,51,1368,628,128,188,1,-1,-1,-1
258,33,1369,623,104,104,1,-1,-1,-1
258,36,1526,548,144,136,1,-1,-1,-1
258,38,1255,508,120,136,1,-1,-1,-1
258,39,1074,650,128,140,1,-1,-1,-1
258,41,1592,678,132,140,1,-1,-1,-1
258,42,2178,523,168,92,1,-1,-1,-1
258,44,2181,525,160,88,1,-1,-1,-1
258,46,2180,528,164,104,1,-1,-1,-1
258,50,1915,809,108,120,1,-1,-1,-1
258,51,1366,627,128,188,1,-1,-1,-1
259,33,1368,624,104,104,1,-1,-1,-1
259,36,1525,548,144,136,1,-1,-1,-1
259,38,1256,509,120,136,1,-1,-1,-1
259,39,1072,652,128,140,1,-1,-1,-1
259,41,1591,676,132,140,1,-1,-1,-1
259,42,2192,524,168,92,1,-1,-1,-1
259,44,2195,528,160,88,1,-1,-1,-1
259,46,2194,530,164,104,1,-1,-1,-1
259,50,1908,805,108,120,1,-1,-1,-1
259,51,1364,626,128,188,1,-1,-1,-1
260,33,1369,623,104,104,1,-1,-1,-1
260,36,1521,542,144,136,1,-1,-1,-1
260,38,1258,507,120,136,1,-1,-1,-1
260,39,1067,653,128,140,1,-1,-1,-1
260,41,1591,670,132,140,1,-1,-1,-1
260,42,2212,528,168,92,1,-1,-1,-1
260,44,2215,533,160,88,1,-1,-1,-1
260,46,2214,534,164,104,1,-1,-1,-1
260,50,1902,799,103,114,1,-1,-1,-1
260,51,1365,626,128,188,1,-1,-1,-1
261,33,1369,621,104,104,1,-1,-1,-1
261,36,1518,538,144,136,1,-1,-1,-1
261,38,1261,502,120,136,1,-1,-1,-1
261,39,1066,659,128,140,1,-1,-1,-1
261,41,1592,663,132,140,1,-1,-1,-1
261,42,2234,532,168,92,1,-1,-1,-1
261,44,2233,536,168,92,1,-1,-1,-1
261,46,2237,537,164,104,1,-1,-1,-1
261,50,1902,797,103,114,1,-1,-1,-1
261,51,1365,627,128,188,1,-1,-1,-1
262,33,1371,621,104,104,1,-1,-1,-1
262,36,1514,536,144,136,1,-1,-1,-1
262,38,1262,499,120,136,1,-1,-1,-1
262,39,1068,661,128,140,1,-1,-1,-1
262,41,1593,664,132,140,1,-1,-1,-1
262,42,2247,534,168,92,1,-1,-1,-1
262,44,2247,537,168,92,1,-1,-1,-1
262,46,2250,540,164,104,1,-1,-1,-1
262,50,1899,797,103,114,1,-1,-1,-1
262,51,1367,628,122,179,1,-1,-1,-1
263,33,1373,620,99,99,1,-1,-1,-1
263,36,1510,534,144,136,1,-1,-1,-1
263,38,1264,498,120,136,1,-1,-1,-1
263,39,1064,664,128,140,1,-1,-1,-1
263,41,1592,663,132,140,1,-1,-1,-1
263,42,2266,538,168,92,1,-1,-1,-1
263,44,2266,542,168,92,1,-1,-1,-1
263,46,2269,544,164,104,1,-1,-1,-1
263,50,1893,794,103,114,1,-1,-1,-1
263,51,1365,630,116,171,1,-1,-1,-1
264,33,1372,620,99,99,1,-1,-1,-1
264,36,1503,537,144,136,1,-1,-1,-1
264,38,1265,499,120,136,1,-1,-1,-1
264,39,1062,667,128,140,1,-1,-1,-1
264,41,1588,666,132,140,1,-1,-1,-1
264,42,2287,544,168,92,1,-1,-1,-1
264,44,2280,545,176,97,1,-1,-1,-1
264,46,2289,551,164,104,1,-1,-1,-1
264,50,1891,792,103,114,1,-1,-1,-1
264,51,1363,628,116,171,1,-1,-1,-1
265,33,1372,620,99,99,1,-1,-1,-1
265,36,1504,544,112,120,1,-1,-1,-1
265,38,1280,500,92,132,1,-1,-1,-1
265,39,1060,636,164,172,1,-1,-1,-1
265,41,1596,668,104,144,1,-1,-1,-1
265,42,2287,544,168,92,1,-1,-1,-1
265,44,2280,545,176,97,1,-1,-1,-1
265,46,2300,556,168,92,1,-1,-1,-1
265,50,1876,764,108,144,1,-1,-1,-1
265,51,1363,628,116,171,1,-1,-1,-1
266,33,1365,618,99,99,1,-1,-1,-1
266,36,1500,545,112,120,1,-1,-1,-1
266,38,1280,502,92,132,1,-1,-1,-1
266,39,1062,637,164,172,1,-1,-1,-1
266,41,1595,669,104,144,1,-1,-1,-1
266,42,2314,550,168,92,1,-1,-1,-1
266,44,2315,554,168,92,1,-1,-1,-1
266,46,2318,559,168,92,1,-1,-1,-1
266,50,1875,763,108,144,1,-1,-1,-1
266,51,1354,623,122,179,1,-1,-1,-1
267,33,1362,620,99,99,1,-1,-1,-1
267,36,1493,548,112,120,1,-1,-1,-1
267,38,1280,505,92,132,1,-1,-1,-1
267,39,1053,634,164,172,1,-1,-1,-1
267,41,1593,671,104,144,1,-1,-1,-1
267,42,2327,553,176,97,1,-1,-1,-1
267,44,2332,560,168,92,1,-1,-1,-1
267,46,2336,566,168,92,1,-1,-1,-1
267,50,1860,750,113,151,1,-1,-1,-1
267,51,1348,623,122,179,1,-1,-1,-1
268,33,1360,619,99,99,1,-1,-1,-1
268,36,1491,550,112,120,1,-1,-1,-1
268,38,1277,503,97,139,1,-1,-1,-1
268,39,1051,634,164,172,1,-1,-1,-1
268,41,1592,670,104,144,1,-1,-1,-1
268,42,2336,555,176,97,1,-1,-1,-1
268,44,2340,563,168,92,1,-1,-1,-1
268,46,2346,567,168,92,1,-1,-1,-1
268,50,1856,746,119,159,1,-1,-1,-1
268,51,1346,624,122,179,1,-1,-1,-1
269,33,1359,620,99,99,1,-1,-1,-1
269,36,1487,556,112,120,1,-1,-1,-1
269,38,1277,506,97,139,1,-1,-1,-1
269,39,1049,635,164,172,1,-1,-1,-1
269,41,1592,672,99,137,1,-1,-1,-1
269,42,2355,560,176,97,1,-1,-1,-1
269,44,2359,567,168,92,1,-1,-1,-1
269,46,2361,570,176,97,1,-1,-1,-1
269,50,1852,744,119,159,1,-1,-1,-1
269,51,1350,630,116,171,1,-1,-1,-1
270,33,1357,624,99,99,1,-1,-1,-1
270,36,1484,558,112,120,1,-1,-1,-1
270,38,1277,508,97,139,1,-1,-1,-1
270,39,1047,637,164,172,1,-1,-1,-1
270,41,1591,672,99,137,1,-1,-1,-1
270,42,2377,564,176,97,1,-1,-1,-1
270,44,2379,571,168,92,1,-1,-1,-1
270,46,2380,574,176,97,1,-1,-1,-1
270,50,1851,742,119,159,1,-1,-1,-1
270,51,1351,632,116,171,1,-1,-1,-1
271,33,1358,624,99,99,1,-1,-1,-1
271,36,1485,559,112,120,1,-1,-1,-1
271,38,1281,508,97,139,1,-1,-1,-1
271,39,1047,639,164,172,1,-1,-1,-1
271,41,1591,669,99,137,1,-1,-1,-1
271,42,2389,567,176,97,1,-1,-1,-1
271,44,2393,574,168,92,1,-1,-1,-1
271,46,2398,580,168,92,1,-1,-1,-1
271,50,1850,745,119,159,1,-1,-1,-1
271,51,1352,633,116,171,1,-1,-1,-1
272,33,1358,624,99,99,1,-1,-1,-1
272,36,1482,562,112,120,1,-1,-1,-1
272,38,1283,507,97,139,1,-1,-1,-1
272,39,1042,639,164,172,1,-1,-1,-1
272,41,1589,667,99,137,1,-1,-1,-1
272,42,2409,572,176,97,1,-1,-1,-1
272,44,2414,578,168,92,1,-1,-1,-1
272,46,2417,583,168,92,1,-1,-1,-1
272,50,1848,739,119,159,1,-1,-1,-1
272,51,1356,635,116,171,1,-1,-1,-1
273,33,1358,624,99,99,1,-1,-1,-1
273,36,1480,540,112,132,1,-1,-1,-1
273,38,1284,508,104,124,1,-1,-1,-1
273,39,1040,668,124,144,1,-1,-1,-1
273,41,1572,652,124,136,1,-1,-1,-1
273,42,2409,572,176,97,1,-1,-1,-1
273,44,2414,578,168,92,1,-1,-1,-1
273,46,2417,583,168,92,1,-1,-1,-1
273,50,1848,748,100,124,1,-1,-1,-1
273,51,1348,652,128,144,1,-1,-1,-1
274,33,1352,622,99,99,1,-1,-1,-1
274,36,1478,539,112,132,1,-1,-1,-1
274,38,1284,507,104,124,1,-1,-1,-1
274,39,1038,670,124,144,1,-1,-1,-1
274,41,1570,651,124,136,1,-1,-1,-1
274,42,2444,575,176,97,1,-1,-1,-1
274,44,2446,581,168,92,1,-1,-1,-1
274,46,2450,586,168,92,1,-1,-1,-1
274,50,1845,747,100,124,1,-1,-1,-1
274,51,1346,651,128,144,1,-1,-1,-1
275,33,1349,618,99,99,1,-1,-1,-1
275,36,1477,536,112,132,1,-1,-1,-1
275,38,1285,503,104,124,1,-1,-1,-1
275,39,1030,674,124,144,1,-1,-1,-1
275,41,1569,648,124,136,1,-1,-1,-1
275,42,2464,578,176,97,1,-1,-1,-1
275,44,2469,584,160,88,1,-1,-1,-1
275,46,2473,590,160,88,1,-1,-1,-1
275,50,1840,747,95,118,1,-1,-1,-1
275,51,1344,649,128,144,1,-1,-1,-1
276,33,1344,617,99,99,1,-1,-1,-1
276,36,1468,532,112,132,1,-1,-1,-1
276,38,1282,498,104,124,1,-1,-1,-1
276,39,1018,678,124,144,1,-1,-1,-1
276,41,1565,646,124,136,1,-1,-1,-1
276,42,2499,580,176,97,1,-1,-1,-1
276,44,2501,588,160,88,1,-1,-1,-1
276,46,2504,593,160,88,1,-1,-1,-1
276,50,1840,746,95,118,1,-1,-1,-1
276,51,1339,645,128,144,1,-1,-1,-1
277,33,1342,615,99,99,1,-1,-1,-1
277,36,1465,530,112,132,1,-1,-1,-1
277,38,1280,497,104,124,1,-1,-1,-1
277,39,1013,682,124,144,1,-1,-1,-1
277,41,1563,646,124,136,1,-1,-1,-1
277,42,2513,581,176,97,1,-1,-1,-1
277,44,2512,588,160,88,1,-1,-1,-1
277,46,2514,595,160,88,1,-1,-1,-1
277,50,1840,746,95,118,1,-1,-1,-1
277,51,1337,643,128,144,1,-1,-1,-1
278,33,1337,612,99,99,1,-1,-1,-1
278,36,1461,530,112,132,1,-1,-1,-1
278,38,1278,496,104,124,1,-1,-1,-1
278,39,1001,684,124,144,1,-1,-1,-1
278,41,1560,647,124,136,1,-1,-1,-1
278,42,2503,600,168,92,1,-1,-1,-1
278,44,2403,574,160,88,1,-1,-1,-1
278,46,2401,572,168,92,1,-1,-1,-1
278,50,1842,746,95,118,1,-1,-1,-1
278,51,1335,641,128,144,1,-1,-1,-1
279,36,1456,531,112,132,1,-1,-1,-1
279,38,1277,495,104,124,1,-1,-1,-1
279,39,991,684,130,151,1,-1,-1,-1
279,41,1560,647,124,136,1,-1,-1,-1
279,44,2386,564,168,92,1,-1,-1,-1
279,50,1840,744,100,124,1,-1,-1,-1
279,51,1335,642,122,137,1,-1,-1,-1
280,36,1450,527,118,139,1,-1,-1,-1
280,38,1276,495,104,124,1,-1,-1,-1
280,39,985,682,130,151,1,-1,-1,-1
280,41,1559,648,124,136,1,-1,-1,-1
280,50,1839,746,100,124,1,-1,-1,-1
280,51,1333,644,122,137,1,-1,-1,-1
281,36,1444,540,112,120,1,-1,-1,-1
281,38,1272,496,96,128,1,-1,-1,-1
281,39,972,688,140,148,1,-1,-1,-1
281,41,1560,648,140,160,1,-1,-1,-1
281,50,1836,744,136,140,1,-1,-1,-1
281,51,1333,644,122,137,1,-1,-1,-1
282,36,1439,543,112,120,1,-1,-1,-1
282,38,1268,497,96,128,1,-1,-1,-1
282,39,960,689,140,148,1,-1,-1,-1
282,41,1559,650,140,160,1,-1,-1,-1
282,50,1834,745,136,140,1,-1,-1,-1
282,51,1325,645,122,137,1,-1,-1,-1
283,36,1437,543,112,120,1,-1,-1,-1
283,38,1267,498,96,128,1,-1,-1,-1
283,39,951,687,140,148,1,-1,-1,-1
283,41,1559,649,140,160,1,-1,-1,-1
283,50,1834,745,136,140,1,-1,-1,-1
283,51,1324,645,122,137,1,-1,-1,-1
284,36,1432,540,112,120,1,-1,-1,-1
284,38,1265,497,96,128,1,-1,-1,-1
284,39,939,690,140,148,1,-1,-1,-1
284,41,1554,644,147,168,1,-1,-1,-1
284,50,1836,743,136,140,1,-1,-1,-1
284,51,1321,645,128,144,1,-1,-1,-1
285,36,1433,537,112,120,1,-1,-1,-1
285,38,1266,493,96,128,1,-1,-1,-1
285,39,931,692,140,148,1,-1,-1,-1
285,41,1560,645,147,168,1,-1,-1,-1
285,50,1840,742,136,140,1,-1,-1,-1
285,51,1325,645,128,144,1,-1,-1,-1
286,36,1434,535,112,120,1,-1,-1,-1
286,38,1267,491,96,128,1,-1,-1,-1
286,39,928,694,140,148,1,-1,-1,-1
286,41,1558,638,154,176,1,-1,-1,-1
286,50,1843,741,136,140,1,-1,-1,-1
286,51,1333,648,122,137,1,-1,-1,-1
287,36,1438,531,112,120,1,-1,-1,-1
287,38,1271,487,96,128,1,-1,-1,-1
287,39,922,694,147,155,1,-1,-1,-1
287,41,1564,637,147,168,1,-1,-1,-1
287,50,1852,741,136,140,1,-1,-1,-1
287,51,1341,651,122,137,1,-1,-1,-1
288,36,1440,522,112,120,1,-1,-1,-1
288,38,1275,478,101,134,1,-1,-1,-1
288,39,914,697,147,155,1,-1,-1,-1
288,41,1568,631,147,168,1,-1,-1,-1
288,50,1860,738,136,140,1,-1,-1,-1
288,51,1343,642,122,137,1,-1,-1,-1
289,36,1436,508,136,156,1,-1,-1,-1
289,38,1275,478,101,134,1,-1,-1,-1
289,39,914,697,147,155,1,-1,-1,-1
289,41,1568,631,147,168,1,-1,-1,-1
289,50,1864,724,112,136,1,-1,-1,-1
289,51,1343,642,122,137,1,-1,-1,-1
290,36,1439,505,136,156,1,-1,-1,-1
290,38,1281,471,101,134,1,-1,-1,-1
290,39,909,706,147,155,1,-1,-1,-1
290,41,1574,626,147,168,1,-1,-1,-1
290,50,1869,725,112,136,1,-1,-1,-1
290,51,1355,635,122,137,1,-1,-1,-1
291,36,1443,502,136,156,1,-1,-1,-1
291,38,1284,469,101,134,1,-1,-1,-1
291,39,906,710,140,148,1,-1,-1,-1
291,41,1576,624,147,168,1,-1,-1,-1
291,50,1875,726,112,136,1,-1,-1,-1
291,51,1356,632,122,137,1,-1,-1,-1
292,36,1446,499,136,156,1,-1,-1,-1
292,38,1289,468,101,134,1,-1,-1,-1
292,39,907,712,140,148,1,-1,-1,-1
292,41,1581,627,140,160,1,-1,-1,-1
292,50,1877,725,112,136,1,-1,-1,-1
292,51,1354,628,128,144,1,-1,-1,-1
293,36,1450,498,136,156,1,-1,-1,-1
293,38,1292,464,106,141,1,-1,-1,-1
293,39,914,715,133,141,1,-1,-1,-1
293,41,1587,626,140,160,1,-1,-1,-1
293,50,1882,724,112,136,1,-1,-1,-1
294,36,1450,496,143,164,1,-1,-1,-1
294,38,1294,465,106,141,1,-1,-1,-1
294,39,915,715,133,141,1,-1,-1,-1
294,41,1590,627,140,160,1,-1,-1,-1
294,50,1888,726,112,136,1,-1,-1,-1
295,36,1452,498,143,164,1,-1,-1,-1
295,38,1297,465,106,141,1,-1,-1,-1
295,39,916,714,127,134,1,-1,-1,-1
295,41,1592,629,140,160,1,-1,-1,-1
295,50,1888,724,118,143,1,-1,-1,-1
296,36,1454,499,143,164,1,-1,-1,-1
296,38,1298,465,106,141,1,-1,-1,-1
296,39,897,706,133,141,1,-1,-1,-1
296,41,1599,631,140,160,1,-1,-1,-1
296,50,1894,726,112,136,1,-1,-1,-1
297,36,1464,496,136,168,1,-1,-1,-1
297,38,1284,472,156,156,1,-1,-1,-1
297,39,897,706,133,141,1,-1,-1,-1
297,41,1588,620,176,188,1,-1,-1,-1
297,50,1896,728,152,164,1,-1,-1,-1
297,52,1396,644,128,152,1,-1,-1,-1
298,36,1467,496,136,168,1,-1,-1,-1
298,38,1285,472,156,156,1,-1,-1,-1
298,39,891,703,140,148,1,-1,-1,-1
298,41,1593,621,176,188,1,-1,-1,-1
298,50,1905,731,145,156,1,-1,-1,-1
298,52,1400,646,128,152,1,-1,-1,-1
299,36,1471,494,136,168,1,-1,-1,-1
299,38,1288,469,156,156,1,-1,-1,-1
299,39,891,706,140,148,1,-1,-1,-1
299,41,1599,620,176,188,1,-1,-1,-1
299,50,1909,729,145,156,1,-1,-1,-1
299,52,1407,646,128,152,1,-1,-1,-1
300,36,1473,491,136,168,1,-1,-1,-1
300,38,1289,466,156,156,1,-1,-1,-1
300,41,1607,624,168,179,1,-1,-1,-1
300,50,1914,725,145,156,1,-1,-1,-1
300,52,1413,639,128,152,1,-1,-1,-1
301,36,1475,489,136,168,1,-1,-1,-1
301,38,1285,461,164,164,1,-1,-1,-1
301,41,1608,621,168,179,1,-1,-1,-1
301,50,1917,723,145,156,1,-1,-1,-1
301,52,1414,638,128,152,1,-1,-1,-1
302,36,1479,482,136,168,1,-1,-1,-1
302,38,1284,456,164,164,1,-1,-1,-1
302,41,1611,617,168,179,1,-1,-1,-1
302,50,1923,723,145,156,1,-1,-1,-1
302,52,1417,635,128,152,1,-1,-1,-1
303,36,1481,474,136,168,1,-1,-1,-1
303,38,1285,449,164,164,1,-1,-1,-1
303,41,1614,611,168,179,1,-1,-1,-1
303,50,1927,720,145,156,1,-1,-1,-1
303,52,1419,630,128,152,1,-1,-1,-1
304,36,1481,473,136,168,1,-1,-1,-1
304,38,1282,447,164,164,1,-1,-1,-1
304,41,1615,611,168,179,1,-1,-1,-1
304,50,1930,723,145,156,1,-1,-1,-1
304,52,1420,630,128,152,1,-1,-1,-1
305,36,1481,473,136,168,1,-1,-1,-1
305,38,1282,447,164,164,1,-1,-1,-1
305,41,1615,611,168,179,1,-1,-1,-1
305,50,1930,723,145,156,1,-1,-1,-1
305,52,1420,630,128,152,1,-1,-1,-1
306,36,1480,469,143,176,1,-1,-1,-1
306,38,1277,440,172,172,1,-1,-1,-1
306,41,1621,613,168,179,1,-1,-1,-1
306,50,1930,719,145,156,1,-1,-1,-1
306,52,1421,631,128,152,1,-1,-1,-1
307,36,1478,470,143,176,1,-1,-1,-1
307,38,1274,440,172,172,1,-1,-1,-1
307,41,1620,615,168,179,1,-1,-1,-1
307,50,1928,718,152,164,1,-1,-1,-1
307,52,1416,630,134,160,1,-1,-1,-1
308,36,1470,470,150,185,1,-1,-1,-1
308,38,1264,443,172,172,1,-1,-1,-1
308,41,1616,619,168,179,1,-1,-1,-1
308,50,1928,722,152,164,1,-1,-1,-1
308,52,1413,633,134,160,1,-1,-1,-1
309,36,1461,473,150,185,1,-1,-1,-1
309,38,1255,447,172,172,1,-1,-1,-1
309,41,1610,618,176,188,1,-1,-1,-1
309,50,1918,721,152,164,1,-1,-1,-1
309,52,1413,638,134,160,1,-1,-1,-1
310,36,1455,475,150,185,1,-1,-1,-1
310,38,1248,449,172,172,1,-1,-1,-1
310,41,1600,617,185,197,1,-1,-1,-1
310,50,1913,721,152,164,1,-1,-1,-1
310,52,1410,641,134,160,1,-1,-1,-1
311,36,1448,480,150,185,1,-1,-1,-1
311,38,1234,452,172,172,1,-1,-1,-1
311,41,1591,621,185,197,1,-1,-1,-1
311,50,1897,722,152,164,1,-1,-1,-1
311,52,1402,646,134,160,1,-1,-1,-1
312,36,1436,482,150,185,1,-1,-1,-1
312,38,1224,456,172,172,1,-1,-1,-1
312,41,1578,619,194,207,1,-1,-1,-1
312,50,1886,722,152,164,1,-1,-1,-1
312,52,1398,650,134,160,1,-1,-1,-1
313,36,1436,482,150,185,1,-1,-1,-1
313,38,1212,444,168,192,1,-1,-1,-1
313,41,1568,604,196,220,1,-1,-1,-1
313,50,1876,724,148,164,1,-1,-1,-1
313,52,1398,650,134,160,1,-1,-1,-1
313,53,800,660,140,212,1,-1,-1,-1
314,36,1418,483,150,185,1,-1,-1,-1
314,38,1206,448,168,192,1,-1,-1,-1
314,41,1562,607,196,220,1,-1,-1,-1
314,50,1864,722,148,164,1,-1,-1,-1
314,52,1390,650,134,160,1,-1,-1,-1
314,53,798,665,140,212,1,-1,-1,-1
315,36,1408,485,150,185,1,-1,-1,-1
315,38,1194,449,168,192,1,-1,-1,-1
315,41,1555,607,196,220,1,-1,-1,-1
315,50,1851,720,148,164,1,-1,-1,-1
315,52,1385,648,134,160,1,-1,-1,-1
315,53,800,674,133,202,1,-1,-1,-1
316,36,1403,487,150,185,1,-1,-1,-1
316,38,1189,449,168,192,1,-1,-1,-1
316,41,1546,607,187,210,1,-1,-1,-1
316,50,1844,723,141,156,1,-1,-1,-1
316,52,1376,643,141,168,1,-1,-1,-1
316,53,797,676,133,202,1,-1,-1,-1
317,36,1388,484,150,185,1,-1,-1,-1
317,38,1173,446,168,192,1,-1,-1,-1
317,41,1529,601,187,210,1,-1,-1,-1
317,50,1823,722,141,156,1,-1,-1,-1
317,52,1362,640,141,168,1,-1,-1,-1
317,53,790,674,133,202,1,-1,-1,-1
318,36,1374,483,150,185,1,-1,-1,-1
318,38,1161,443,168,192,1,-1,-1,-1
318,41,1515,596,187,210,1,-1,-1,-1
318,50,1814,732,134,149,1,-1,-1,-1
318,52,1350,633,141,168,1,-1,-1,-1
318,53,786,668,133,202,1,-1,-1,-1
319,36,1366,482,150,185,1,-1,-1,-1
319,38,1156,443,168,192,1,-1,-1,-1
319,41,1513,600,178,200,1,-1,-1,-1
319,50,1809,732,134,149,1,-1,-1,-1
319,52,1345,631,141,168,1,-1,-1,-1
319,53,783,666,133,202,1,-1,-1,-1
320,36,1351,487,150,185,1,-1,-1,-1
320,38,1145,446,168,192,1,-1,-1,-1
320,41,1500,606,178,200,1,-1,-1,-1
320,50,1799,743,134,149,1,-1,-1,-1
320,52,1333,634,141,168,1,-1,-1,-1
320,53,781,662,133,202,1,-1,-1,-1
321,36,1351,487,150,185,1,-1,-1,-1
321,38,1145,446,168,192,1,-1,-1,-1
321,41,1496,620,156,216,1,-1,-1,-1
321,50,1780,712,144,204,1,-1,-1,-1
321,52,1333,634,141,168,1,-1,-1,-1
321,53,788,664,128,224,1,-1,-1,-1
322,36,1333,499,150,185,1,-1,-1,-1
322,38,1126,455,168,192,1,-1,-1,-1
322,41,1492,622,156,216,1,-1,-1,-1
322,50,1776,712,144,204,1,-1,-1,-1
322,52,1323,642,141,168,1,-1,-1,-1
322,53,788,664,128,224,1,-1,-1,-1
323,36,1318,501,150,185,1,-1,-1,-1
323,38,1111,460,168,192,1,-1,-1,-1
323,41,1481,626,156,216,1,-1,-1,-1
323,50,1760,709,144,204,1,-1,-1,-1
323,52,1310,644,141,168,1,-1,-1,-1
323,53,784,658,134,235,1,-1,-1,-1
324,36,1301,508,150,185,1,-1,-1,-1
324,38,1096,467,168,192,1,-1,-1,-1
324,41,1466,627,156,216,1,-1,-1,-1
324,50,1747,713,137,194,1,-1,-1,-1
324,52,1302,649,141,168,1,-1,-1,-1
324,53,782,659,134,235,1,-1,-1,-1
325,36,1296,508,150,185,1,-1,-1,-1
325,38,1089,468,168,192,1,-1,-1,-1
325,41,1459,628,156,216,1,-1,-1,-1
325,50,1746,719,131,185,1,-1,-1,-1
325,52,1299,650,141,168,1,-1,-1,-1
325,53,781,659,134,235,1,-1,-1,-1
326,36,1282,511,150,185,1,-1,-1,-1
326,38,1073,467,168,192,1,-1,-1,-1
326,41,1446,625,156,216,1,-1,-1,-1
326,50,1727,716,131,185,1,-1,-1,-1
326,52,1289,645,141,168,1,-1,-1,-1
326,53,773,650,141,247,1,-1,-1,-1
327,36,1265,512,150,185,1,-1,-1,-1
327,38,1064,474,160,183,1,-1,-1,-1
327,41,1438,631,156,216,1,-1,-1,-1
327,50,1708,714,131,185,1,-1,-1,-1
327,52,1277,643,141,168,1,-1,-1,-1
327,53,768,650,141,247,1,-1,-1,-1
328,36,1258,513,150,185,1,-1,-1,-1
328,38,1063,476,160,183,1,-1,-1,-1
328,41,1430,629,156,216,1,-1,-1,-1
328,50,1699,715,131,185,1,-1,-1,-1
328,52,1272,644,141,168,1,-1,-1,-1
328,53,765,650,141,247,1,-1,-1,-1
329,36,1258,513,150,185,1,-1,-1,-1
329,38,1063,476,160,183,1,-1,-1,-1
329,41,1430,629,156,216,1,-1,-1,-1
329,50,1699,715,131,185,1,-1,-1,-1
329,52,1272,644,141,168,1,-1,-1,-1
329,53,765,650,141,247,1,-1,-1,-1
