1,0,1556,468,108,172,1,-1,-1,-1
1,1,1456,560,76,156,1,-1,-1,-1
1,2,848,544,84,160,1,-1,-1,-1
1,3,292,500,160,208,1,-1,-1,-1
1,4,1088,544,48,140,1,-1,-1,-1
1,5,1924,536,72,184,1,-1,-1,-1
2,0,1552,466,108,172,1,-1,-1,-1
2,1,1452,557,76,156,1,-1,-1,-1
2,2,853,543,84,160,1,-1,-1,-1
2,3,288,499,160,208,1,-1,-1,-1
2,4,1084,540,50,147,1,-1,-1,-1
2,5,1921,535,72,184,1,-1,-1,-1
3,0,1549,464,108,172,1,-1,-1,-1
3,1,1443,553,76,156,1,-1,-1,-1
3,2,855,542,84,160,1,-1,-1,-1
3,3,284,498,160,208,1,-1,-1,-1
3,4,1080,539,50,147,1,-1,-1,-1
3,5,1915,534,72,184,1,-1,-1,-1
4,0,1546,466,108,172,1,-1,-1,-1
4,1,1440,548,76,156,1,-1,-1,-1
4,2,855,531,84,160,1,-1,-1,-1
4,3,279,496,160,208,1,-1,-1,-1
4,4,1076,538,50,147,1,-1,-1,-1
4,5,1912,532,72,184,1,-1,-1,-1
5,0,1537,462,108,172,1,-1,-1,-1
5,1,1433,543,80,164,1,-1,-1,-1
5,2,845,532,88,168,1,-1,-1,-1
5,3,275,495,160,208,1,-1,-1,-1
5,4,1071,536,50,147,1,-1,-1,-1
5,5,1904,531,72,184,1,-1,-1,-1
6,0,1534,460,108,172,1,-1,-1,-1
6,1,1427,542,80,164,1,-1,-1,-1
6,2,846,530,84,160,1,-1,-1,-1
6,3,271,494,160,208,1,-1,-1,-1
6,4,1066,535,50,147,1,-1,-1,-1
6,5,1900,532,72,184,1,-1,-1,-1
7,0,1530,458,108,172,1,-1,-1,-1
7,1,1421,540,80,164,1,-1,-1,-1
7,2,852,523,88,168,1,-1,-1,-1
7,3,266,492,160,208,1,-1,-1,-1
7,4,1062,533,50,147,1,-1,-1,-1
7,5,1892,529,72,184,1,-1,-1,-1
8,0,1522,454,113,181,1,-1,-1,-1
8,1,1418,539,80,164,1,-1,-1,-1
8,3,260,492,160,208,1,-1,-1,-1
8,4,1057,533,50,147,1,-1,-1,-1
8,5,1888,533,69,175,1,-1,-1,-1
9,0,1520,456,108,176,1,-1,-1,-1
9,1,1404,520,68,184,1,-1,-1,-1
9,3,256,492,156,204,1,-1,-1,-1
9,4,1052,528,52,148,1,-1,-1,-1
9,5,1888,533,69,175,1,-1,-1,-1
9,6,1784,500,136,196,1,-1,-1,-1
9,7,888,520,76,160,1,-1,-1,-1
10,0,1518,457,108,176,1,-1,-1,-1
10,1,1400,518,68,184,1,-1,-1,-1
10,3,253,491,156,204,1,-1,-1,-1
10,4,1050,527,52,148,1,-1,-1,-1
10,5,1877,529,69,175,1,-1,-1,-1
10,6,1781,499,136,196,1,-1,-1,-1
10,7,889,519,76,160,1,-1,-1,-1
11,0,1513,456,108,176,1,-1,-1,-1
11,1,1395,516,68,184,1,-1,-1,-1
11,3,249,491,156,204,1,-1,-1,-1
11,4,1047,526,52,148,1,-1,-1,-1
11,6,1776,499,136,196,1,-1,-1,-1
11,7,889,518,76,160,1,-1,-1,-1
12,0,1507,456,108,176,1,-1,-1,-1
12,1,1388,513,68,184,1,-1,-1,-1
12,3,245,490,156,204,1,-1,-1,-1
12,4,1042,526,52,148,1,-1,-1,-1
12,6,1772,498,136,196,1,-1,-1,-1
12,7,885,511,80,168,1,-1,-1,-1
13,0,1503,454,108,176,1,-1,-1,-1
13,1,1382,511,68,184,1,-1,-1,-1
13,3,242,490,156,204,1,-1,-1,-1
13,4,1037,525,52,148,1,-1,-1,-1
13,6,1769,498,136,196,1,-1,-1,-1
13,7,883,509,80,168,1,-1,-1,-1
14,0,1500,454,108,176,1,-1,-1,-1
14,1,1379,516,68,184,1,-1,-1,-1
14,3,237,491,156,204,1,-1,-1,-1
14,4,1034,529,50,141,1,-1,-1,-1
14,6,1764,497,136,196,1,-1,-1,-1
14,7,887,512,76,160,1,-1,-1,-1
15,0,1495,453,108,176,1,-1,-1,-1
15,1,1373,516,71,193,1,-1,-1,-1
15,3,234,490,156,204,1,-1,-1,-1
15,4,1028,525,52,148,1,-1,-1,-1
15,6,1760,496,136,196,1,-1,-1,-1
15,7,886,512,72,152,1,-1,-1,-1
16,0,1492,453,108,176,1,-1,-1,-1
16,3,229,490,156,204,1,-1,-1,-1
16,4,1025,527,52,148,1,-1,-1,-1
16,6,1756,497,136,196,1,-1,-1,-1
17,0,1492,453,108,176,1,-1,-1,-1
17,3,229,490,156,204,1,-1,-1,-1
17,4,1025,527,52,148,1,-1,-1,-1
17,6,1756,497,136,196,1,-1,-1,-1
18,0,1485,452,108,176,1,-1,-1,-1
18,3,222,490,156,204,1,-1,-1,-1
18,4,1011,526,52,148,1,-1,-1,-1
18,6,1748,496,136,196,1,-1,-1,-1
19,0,1482,451,108,176,1,-1,-1,-1
19,3,219,490,156,204,1,-1,-1,-1
19,4,1006,525,52,148,1,-1,-1,-1
19,6,1746,495,136,196,1,-1,-1,-1
20,0,1479,451,108,176,1,-1,-1,-1
20,3,217,490,156,204,1,-1,-1,-1
20,4,999,521,55,155,1,-1,-1,-1
20,6,1743,492,136,196,1,-1,-1,-1
21,0,1475,450,108,176,1,-1,-1,-1
21,3,214,489,156,204,1,-1,-1,-1
21,4,998,524,52,148,1,-1,-1,-1
21,6,1738,491,136,196,1,-1,-1,-1
22,0,1472,450,108,176,1,-1,-1,-1
22,3,211,489,156,204,1,-1,-1,-1
22,6,1736,490,136,196,1,-1,-1,-1
23,0,1470,449,108,176,1,-1,-1,-1
23,3,209,488,156,204,1,-1,-1,-1
23,6,1734,488,136,196,1,-1,-1,-1
24,0,1469,448,108,176,1,-1,-1,-1
24,3,204,484,164,214,1,-1,-1,-1
24,6,1733,488,136,196,1,-1,-1,-1
25,0,1460,440,108,168,1,-1,-1,-1
25,3,204,484,164,214,1,-1,-1,-1
25,6,1728,500,128,176,1,-1,-1,-1
25,8,1320,528,80,148,1,-1,-1,-1
26,0,1459,440,108,168,1,-1,-1,-1
26,3,200,482,164,214,1,-1,-1,-1
26,6,1726,500,128,176,1,-1,-1,-1
26,8,1318,526,80,148,1,-1,-1,-1
27,0,1457,440,108,168,1,-1,-1,-1
27,3,202,486,156,204,1,-1,-1,-1
27,6,1723,503,128,176,1,-1,-1,-1
27,8,1313,522,84,155,1,-1,-1,-1
28,0,1459,443,103,160,1,-1,-1,-1
28,3,199,486,156,204,1,-1,-1,-1
28,6,1721,505,128,176,1,-1,-1,-1
28,8,1308,525,84,155,1,-1,-1,-1
29,0,1457,443,103,160,1,-1,-1,-1
29,3,197,486,156,204,1,-1,-1,-1
29,6,1717,506,128,176,1,-1,-1,-1
29,8,1307,532,80,148,1,-1,-1,-1
30,0,1455,442,103,160,1,-1,-1,-1
30,3,194,487,156,204,1,-1,-1,-1
30,6,1714,506,128,176,1,-1,-1,-1
30,8,1301,530,84,155,1,-1,-1,-1
31,0,1453,442,103,160,1,-1,-1,-1
31,3,192,487,156,204,1,-1,-1,-1
31,6,1711,504,128,176,1,-1,-1,-1
31,8,1298,532,84,155,1,-1,-1,-1
32,0,1447,437,108,168,1,-1,-1,-1
32,3,190,486,156,204,1,-1,-1,-1
32,6,1709,503,128,176,1,-1,-1,-1
32,8,1295,530,84,155,1,-1,-1,-1
33,0,1448,436,108,180,1,-1,-1,-1
33,3,184,488,160,200,1,-1,-1,-1
33,6,1712,492,112,176,1,-1,-1,-1
33,8,1295,530,84,155,1,-1,-1,-1
33,9,940,524,116,132,1,-1,-1,-1
33,10,1260,524,76,140,1,-1,-1,-1
33,11,880,504,56,152,1,-1,-1,-1
34,0,1447,436,108,180,1,-1,-1,-1
34,3,182,488,160,200,1,-1,-1,-1
34,6,1710,491,112,176,1,-1,-1,-1
34,9,937,522,116,132,1,-1,-1,-1
34,10,1252,524,76,140,1,-1,-1,-1
34,11,879,505,56,152,1,-1,-1,-1
35,0,1446,435,108,180,1,-1,-1,-1
35,3,182,489,160,200,1,-1,-1,-1
35,6,1704,492,112,176,1,-1,-1,-1
35,9,932,520,116,132,1,-1,-1,-1
35,10,1245,523,76,140,1,-1,-1,-1
35,11,878,506,56,152,1,-1,-1,-1
36,0,1444,434,108,180,1,-1,-1,-1
36,3,180,489,160,200,1,-1,-1,-1
36,6,1698,491,112,176,1,-1,-1,-1
36,9,934,522,110,126,1,-1,-1,-1
36,10,1234,517,72,133,1,-1,-1,-1
36,11,877,506,56,152,1,-1,-1,-1
37,0,1442,435,108,180,1,-1,-1,-1
37,3,178,490,160,200,1,-1,-1,-1
37,6,1689,488,118,185,1,-1,-1,-1
37,9,929,522,110,126,1,-1,-1,-1
37,10,1222,520,72,133,1,-1,-1,-1
37,11,875,505,56,152,1,-1,-1,-1
38,0,1438,432,113,189,1,-1,-1,-1
38,3,178,491,160,200,1,-1,-1,-1
38,6,1681,488,118,185,1,-1,-1,-1
38,9,928,522,110,126,1,-1,-1,-1
38,10,1220,526,69,127,1,-1,-1,-1
38,11,873,508,56,152,1,-1,-1,-1
39,0,1442,437,108,180,1,-1,-1,-1
39,3,179,492,160,200,1,-1,-1,-1
39,6,1668,487,118,185,1,-1,-1,-1
39,9,931,526,110,126,1,-1,-1,-1
39,11,873,514,56,152,1,-1,-1,-1
40,0,1442,437,108,180,1,-1,-1,-1
40,3,180,492,160,200,1,-1,-1,-1
40,6,1673,488,112,176,1,-1,-1,-1
40,9,931,532,110,126,1,-1,-1,-1
40,11,873,505,59,160,1,-1,-1,-1
41,0,1444,436,108,172,1,-1,-1,-1
41,3,188,488,160,212,1,-1,-1,-1
41,6,1673,488,112,176,1,-1,-1,-1
41,9,932,536,72,128,1,-1,-1,-1
41,11,873,505,59,160,1,-1,-1,-1
41,12,1216,520,68,148,1,-1,-1,-1
41,13,1636,528,100,140,1,-1,-1,-1
41,14,1716,488,60,160,1,-1,-1,-1
42,0,1448,440,103,164,1,-1,-1,-1
42,3,189,489,160,212,1,-1,-1,-1
42,6,1704,487,112,176,1,-1,-1,-1
42,9,930,536,72,128,1,-1,-1,-1
42,11,874,487,59,160,1,-1,-1,-1
42,12,1215,521,68,148,1,-1,-1,-1
42,13,1633,528,100,140,1,-1,-1,-1
42,14,1716,488,60,160,1,-1,-1,-1
43,0,1451,439,103,164,1,-1,-1,-1
43,3,195,490,160,212,1,-1,-1,-1
43,6,1713,485,112,176,1,-1,-1,-1
43,9,931,537,72,128,1,-1,-1,-1
43,12,1214,523,68,148,1,-1,-1,-1
43,13,1633,527,100,140,1,-1,-1,-1
43,14,1718,488,60,160,1,-1,-1,-1
44,0,1455,440,103,164,1,-1,-1,-1
44,3,202,496,152,202,1,-1,-1,-1
44,9,942,526,72,128,1,-1,-1,-1
44,12,1212,513,71,155,1,-1,-1,-1
44,13,1631,525,100,140,1,-1,-1,-1
44,14,1722,488,60,160,1,-1,-1,-1
45,0,1458,438,103,164,1,-1,-1,-1
45,3,205,496,152,202,1,-1,-1,-1
45,9,945,525,72,128,1,-1,-1,-1
45,12,1210,512,71,155,1,-1,-1,-1
45,13,1627,525,100,140,1,-1,-1,-1
45,14,1726,487,60,160,1,-1,-1,-1
46,0,1461,438,103,164,1,-1,-1,-1
46,3,210,496,152,202,1,-1,-1,-1
46,9,945,520,76,134,1,-1,-1,-1
46,12,1209,509,71,155,1,-1,-1,-1
46,13,1626,529,100,140,1,-1,-1,-1
46,14,1728,482,63,168,1,-1,-1,-1
47,0,1466,437,103,164,1,-1,-1,-1
47,3,213,496,152,202,1,-1,-1,-1
47,9,945,515,79,141,1,-1,-1,-1
47,12,1205,506,71,155,1,-1,-1,-1
47,13,1625,537,100,140,1,-1,-1,-1
47,14,1732,482,63,168,1,-1,-1,-1
48,0,1467,437,103,164,1,-1,-1,-1
48,3,216,497,152,202,1,-1,-1,-1
48,12,1201,504,75,163,1,-1,-1,-1
48,13,1622,536,100,140,1,-1,-1,-1
48,14,1735,481,63,168,1,-1,-1,-1
49,0,1472,432,104,176,1,-1,-1,-1
49,3,216,497,152,202,1,-1,-1,-1
49,12,1192,520,84,144,1,-1,-1,-1
49,13,1624,520,92,140,1,-1,-1,-1
49,14,1735,481,63,168,1,-1,-1,-1
50,0,1475,436,99,168,1,-1,-1,-1
50,3,221,497,152,202,1,-1,-1,-1
50,12,1190,518,84,144,1,-1,-1,-1
50,13,1623,517,92,140,1,-1,-1,-1
50,14,1739,479,63,168,1,-1,-1,-1
51,0,1476,431,104,176,1,-1,-1,-1
51,3,225,497,152,202,1,-1,-1,-1
51,12,1187,517,84,144,1,-1,-1,-1
51,13,1621,514,92,140,1,-1,-1,-1
51,14,1741,478,63,168,1,-1,-1,-1
52,0,1480,431,104,176,1,-1,-1,-1
52,3,228,498,152,202,1,-1,-1,-1
52,12,1178,509,88,151,1,-1,-1,-1
52,13,1618,511,92,140,1,-1,-1,-1
52,14,1745,478,63,168,1,-1,-1,-1
53,0,1484,432,104,176,1,-1,-1,-1
53,3,230,496,152,202,1,-1,-1,-1
53,12,1175,509,88,151,1,-1,-1,-1
53,13,1614,509,92,140,1,-1,-1,-1
53,14,1749,478,63,168,1,-1,-1,-1
54,0,1487,432,104,176,1,-1,-1,-1
54,3,234,496,152,202,1,-1,-1,-1
54,12,1169,506,93,159,1,-1,-1,-1
54,13,1611,510,92,140,1,-1,-1,-1
54,14,1752,478,63,168,1,-1,-1,-1
55,0,1490,433,104,176,1,-1,-1,-1
55,3,237,497,152,202,1,-1,-1,-1
55,12,1163,502,97,167,1,-1,-1,-1
55,13,1606,509,92,140,1,-1,-1,-1
55,14,1756,478,63,168,1,-1,-1,-1
56,0,1493,433,104,176,1,-1,-1,-1
56,3,239,497,152,202,1,-1,-1,-1
56,13,1603,509,92,140,1,-1,-1,-1
56,14,1758,478,63,168,1,-1,-1,-1
57,0,1496,436,124,172,1,-1,-1,-1
57,3,239,497,152,202,1,-1,-1,-1
57,13,1612,524,84,136,1,-1,-1,-1
57,14,1758,478,63,168,1,-1,-1,-1
57,15,1144,500,96,164,1,-1,-1,-1
57,16,948,536,60,120,1,-1,-1,-1
57,17,1764,484,132,172,1,-1,-1,-1
58,0,1497,437,124,172,1,-1,-1,-1
58,3,245,499,152,202,1,-1,-1,-1
58,13,1608,524,84,136,1,-1,-1,-1
58,14,1763,479,63,168,1,-1,-1,-1
58,15,1140,501,96,164,1,-1,-1,-1
58,16,948,539,60,120,1,-1,-1,-1
58,17,1766,484,132,172,1,-1,-1,-1
59,0,1500,439,124,172,1,-1,-1,-1
59,3,247,499,152,202,1,-1,-1,-1
59,13,1607,524,84,136,1,-1,-1,-1
59,14,1768,482,60,160,1,-1,-1,-1
59,15,1139,505,96,164,1,-1,-1,-1
59,16,949,544,60,120,1,-1,-1,-1
59,17,1769,484,132,172,1,-1,-1,-1
60,0,1502,440,124,172,1,-1,-1,-1
60,3,251,502,152,202,1,-1,-1,-1
60,13,1605,521,88,143,1,-1,-1,-1
60,14,1771,484,60,160,1,-1,-1,-1
60,15,1138,514,96,164,1,-1,-1,-1
60,16,948,548,63,126,1,-1,-1,-1
60,17,1772,486,132,172,1,-1,-1,-1
61,0,1504,442,124,172,1,-1,-1,-1
61,3,252,502,152,202,1,-1,-1,-1
61,13,1603,523,88,143,1,-1,-1,-1
61,14,1775,488,57,152,1,-1,-1,-1
61,15,1132,513,96,164,1,-1,-1,-1
61,16,949,547,63,126,1,-1,-1,-1
61,17,1774,488,132,172,1,-1,-1,-1
62,0,1506,444,124,172,1,-1,-1,-1
62,3,254,505,152,202,1,-1,-1,-1
62,13,1601,525,88,143,1,-1,-1,-1
62,14,1776,491,57,152,1,-1,-1,-1
62,15,1115,513,96,164,1,-1,-1,-1
62,16,952,546,63,126,1,-1,-1,-1
62,17,1776,490,132,172,1,-1,-1,-1
63,0,1507,446,124,172,1,-1,-1,-1
63,3,257,508,152,202,1,-1,-1,-1
63,13,1597,530,88,143,1,-1,-1,-1
63,14,1779,493,57,152,1,-1,-1,-1
63,15,1100,514,96,164,1,-1,-1,-1
63,16,953,549,60,120,1,-1,-1,-1
63,17,1781,498,126,164,1,-1,-1,-1
64,0,1509,448,124,172,1,-1,-1,-1
64,3,259,513,152,202,1,-1,-1,-1
64,14,1782,500,54,145,1,-1,-1,-1
64,15,1089,520,96,164,1,-1,-1,-1
64,16,954,550,60,120,1,-1,-1,-1
64,17,1783,502,126,164,1,-1,-1,-1
65,0,1509,448,124,172,1,-1,-1,-1
65,3,256,512,164,208,1,-1,-1,-1
65,14,1782,500,54,145,1,-1,-1,-1
65,15,1068,540,92,132,1,-1,-1,-1
65,16,952,544,60,116,1,-1,-1,-1
65,17,1783,502,126,164,1,-1,-1,-1
65,18,1572,536,92,152,1,-1,-1,-1
65,19,872,476,52,168,1,-1,-1,-1
66,0,1512,462,124,172,1,-1,-1,-1
66,3,257,517,164,208,1,-1,-1,-1
66,14,1786,512,54,145,1,-1,-1,-1
66,15,1062,547,92,132,1,-1,-1,-1
66,16,952,547,60,116,1,-1,-1,-1
66,17,1787,515,126,164,1,-1,-1,-1
66,18,1572,544,92,152,1,-1,-1,-1
66,19,872,482,50,160,1,-1,-1,-1
67,0,1518,468,118,164,1,-1,-1,-1
67,3,258,522,164,208,1,-1,-1,-1
67,14,1788,517,54,145,1,-1,-1,-1
67,15,1055,555,88,126,1,-1,-1,-1
67,16,951,554,60,116,1,-1,-1,-1
67,17,1789,519,126,164,1,-1,-1,-1
67,18,1572,551,92,152,1,-1,-1,-1
67,19,874,497,47,152,1,-1,-1,-1
68,0,1519,473,124,172,1,-1,-1,-1
68,3,261,527,164,208,1,-1,-1,-1
68,14,1790,523,54,145,1,-1,-1,-1
68,15,1043,556,92,132,1,-1,-1,-1
68,16,949,560,60,116,1,-1,-1,-1
68,17,1790,525,126,164,1,-1,-1,-1
68,18,1571,557,92,152,1,-1,-1,-1
68,19,874,505,50,160,1,-1,-1,-1
69,0,1521,479,124,172,1,-1,-1,-1
69,3,262,534,164,208,1,-1,-1,-1
69,14,1792,529,54,145,1,-1,-1,-1
69,15,1038,561,92,132,1,-1,-1,-1
69,16,951,568,60,116,1,-1,-1,-1
69,17,1792,530,126,164,1,-1,-1,-1
69,18,1573,561,92,152,1,-1,-1,-1
69,19,872,519,50,160,1,-1,-1,-1
70,0,1524,484,124,172,1,-1,-1,-1
70,3,264,539,164,208,1,-1,-1,-1
70,14,1794,531,54,145,1,-1,-1,-1
70,15,1033,562,92,132,1,-1,-1,-1
70,16,954,581,57,110,1,-1,-1,-1
70,17,1795,536,126,164,1,-1,-1,-1
70,18,1570,564,92,152,1,-1,-1,-1
70,19,872,523,50,160,1,-1,-1,-1
71,0,1527,488,124,172,1,-1,-1,-1
71,3,266,543,164,208,1,-1,-1,-1
71,14,1795,539,57,152,1,-1,-1,-1
71,15,1032,563,88,126,1,-1,-1,-1
71,16,955,600,57,110,1,-1,-1,-1
71,17,1798,541,126,164,1,-1,-1,-1
71,18,1564,576,88,145,1,-1,-1,-1
71,19,871,518,52,168,1,-1,-1,-1
72,0,1529,494,124,172,1,-1,-1,-1
72,3,269,547,164,208,1,-1,-1,-1
72,14,1797,542,57,152,1,-1,-1,-1
72,16,954,606,57,110,1,-1,-1,-1
72,17,1800,546,126,164,1,-1,-1,-1
72,18,1554,578,88,145,1,-1,-1,-1
73,0,1524,496,128,228,1,-1,-1,-1
73,3,280,560,152,200,1,-1,-1,-1
73,14,1797,542,57,152,1,-1,-1,-1
73,16,954,606,57,110,1,-1,-1,-1
73,17,1812,556,120,168,1,-1,-1,-1
73,18,1554,578,88,145,1,-1,-1,-1
73,20,1028,556,72,168,1,-1,-1,-1
74,0,1524,498,128,228,1,-1,-1,-1
74,3,282,563,152,200,1,-1,-1,-1
74,14,1801,552,57,152,1,-1,-1,-1
74,16,946,602,57,110,1,-1,-1,-1
74,17,1815,559,120,168,1,-1,-1,-1
74,18,1540,583,92,152,1,-1,-1,-1
74,20,1025,562,72,168,1,-1,-1,-1
75,0,1524,508,128,228,1,-1,-1,-1
75,3,287,573,145,190,1,-1,-1,-1
75,14,1804,556,57,152,1,-1,-1,-1
75,17,1819,565,120,168,1,-1,-1,-1
75,18,1536,593,92,152,1,-1,-1,-1
75,20,1020,567,72,168,1,-1,-1,-1
76,0,1522,512,128,228,1,-1,-1,-1
76,3,286,572,152,200,1,-1,-1,-1
76,14,1807,561,57,152,1,-1,-1,-1
76,17,1821,569,120,168,1,-1,-1,-1
76,20,1016,569,76,176,1,-1,-1,-1
77,0,1519,516,128,228,1,-1,-1,-1
77,3,290,576,152,200,1,-1,-1,-1
77,14,1810,565,57,152,1,-1,-1,-1
77,17,1823,573,120,168,1,-1,-1,-1
77,20,1011,572,76,176,1,-1,-1,-1
78,0,1523,524,122,217,1,-1,-1,-1
78,3,293,580,152,200,1,-1,-1,-1
78,14,1814,571,54,145,1,-1,-1,-1
78,17,1826,578,120,168,1,-1,-1,-1
78,20,1000,582,72,168,1,-1,-1,-1
79,0,1539,523,122,217,1,-1,-1,-1
79,3,295,585,152,200,1,-1,-1,-1
79,14,1817,576,54,145,1,-1,-1,-1
79,17,1829,581,120,168,1,-1,-1,-1
79,20,1000,588,69,160,1,-1,-1,-1
80,0,1546,521,128,228,1,-1,-1,-1
80,3,298,590,152,200,1,-1,-1,-1
80,14,1819,578,54,145,1,-1,-1,-1
80,17,1831,585,120,168,1,-1,-1,-1
80,20,996,592,69,160,1,-1,-1,-1
81,0,1546,521,128,228,1,-1,-1,-1
81,3,296,588,160,204,1,-1,-1,-1
81,14,1819,578,54,145,1,-1,-1,-1
81,17,1832,588,116,160,1,-1,-1,-1
81,20,996,592,69,160,1,-1,-1,-1
81,21,1488,524,112,232,1,-1,-1,-1
82,0,1551,528,128,228,1,-1,-1,-1
82,3,297,590,160,204,1,-1,-1,-1
82,14,1824,584,54,145,1,-1,-1,-1
82,17,1834,590,116,160,1,-1,-1,-1
82,21,1488,527,112,232,1,-1,-1,-1
83,0,1552,529,128,228,1,-1,-1,-1
83,3,300,592,160,204,1,-1,-1,-1
83,14,1827,588,54,145,1,-1,-1,-1
83,17,1836,593,116,160,1,-1,-1,-1
83,21,1488,532,112,232,1,-1,-1,-1
84,3,302,594,160,204,1,-1,-1,-1
84,14,1829,590,54,145,1,-1,-1,-1
84,17,1838,595,116,160,1,-1,-1,-1
84,21,1487,537,112,232,1,-1,-1,-1
85,3,300,593,168,214,1,-1,-1,-1
85,14,1831,594,54,145,1,-1,-1,-1
85,17,1840,598,116,160,1,-1,-1,-1
85,21,1487,542,112,232,1,-1,-1,-1
86,3,305,599,160,204,1,-1,-1,-1
86,14,1833,596,54,145,1,-1,-1,-1
86,17,1841,601,116,160,1,-1,-1,-1
86,21,1487,545,112,232,1,-1,-1,-1
87,3,307,601,160,204,1,-1,-1,-1
87,14,1835,598,54,145,1,-1,-1,-1
87,17,1843,603,116,160,1,-1,-1,-1
87,21,1487,547,112,232,1,-1,-1,-1
88,3,308,603,160,204,1,-1,-1,-1
88,14,1836,600,54,145,1,-1,-1,-1
88,17,1845,605,116,160,1,-1,-1,-1
88,21,1487,543,118,244,1,-1,-1,-1
89,3,308,596,160,216,1,-1,-1,-1
89,14,1836,600,54,145,1,-1,-1,-1
89,17,1845,605,116,160,1,-1,-1,-1
89,21,1487,543,118,244,1,-1,-1,-1
89,22,1484,640,76,136,1,-1,-1,-1
89,23,1564,544,120,176,1,-1,-1,-1
90,3,309,597,160,216,1,-1,-1,-1
90,14,1838,603,54,145,1,-1,-1,-1
90,17,1847,608,116,160,1,-1,-1,-1
90,21,1486,539,123,256,1,-1,-1,-1
90,22,1484,639,76,136,1,-1,-1,-1
90,23,1565,545,120,176,1,-1,-1,-1
91,3,310,599,160,216,1,-1,-1,-1
91,14,1839,604,54,145,1,-1,-1,-1
91,17,1846,610,116,160,1,-1,-1,-1
91,21,1489,544,118,244,1,-1,-1,-1
91,22,1484,639,76,136,1,-1,-1,-1
91,23,1566,547,120,176,1,-1,-1,-1
92,3,311,600,160,216,1,-1,-1,-1
92,14,1840,606,54,145,1,-1,-1,-1
92,17,1847,611,116,160,1,-1,-1,-1
92,21,1488,542,123,256,1,-1,-1,-1
92,22,1483,639,76,136,1,-1,-1,-1
92,23,1569,553,114,168,1,-1,-1,-1
93,3,311,601,160,216,1,-1,-1,-1
93,14,1840,608,54,145,1,-1,-1,-1
93,17,1847,613,116,160,1,-1,-1,-1
93,21,1490,541,123,256,1,-1,-1,-1
93,22,1483,640,76,136,1,-1,-1,-1
93,23,1570,553,114,168,1,-1,-1,-1
94,3,311,602,160,216,1,-1,-1,-1
94,14,1840,609,54,145,1,-1,-1,-1
94,17,1846,614,116,160,1,-1,-1,-1
94,22,1480,641,76,136,1,-1,-1,-1
94,23,1571,555,114,168,1,-1,-1,-1
95,3,310,602,160,216,1,-1,-1,-1
95,14,1840,611,54,145,1,-1,-1,-1
95,17,1846,615,116,160,1,-1,-1,-1
95,22,1473,640,76,136,1,-1,-1,-1
95,23,1571,556,114,168,1,-1,-1,-1
96,3,310,603,160,216,1,-1,-1,-1
96,14,1839,612,54,145,1,-1,-1,-1
96,17,1846,616,116,160,1,-1,-1,-1
96,22,1466,643,72,130,1,-1,-1,-1
96,23,1567,553,120,176,1,-1,-1,-1
97,3,312,616,156,212,1,-1,-1,-1
97,14,1839,612,54,145,1,-1,-1,-1
97,17,1846,616,116,160,1,-1,-1,-1
97,22,1468,640,68,148,1,-1,-1,-1
97,23,1572,560,120,180,1,-1,-1,-1
98,3,312,616,156,212,1,-1,-1,-1
98,14,1838,615,54,145,1,-1,-1,-1
98,17,1842,614,122,168,1,-1,-1,-1
98,22,1466,640,68,148,1,-1,-1,-1
98,23,1573,560,120,180,1,-1,-1,-1
99,3,313,616,156,212,1,-1,-1,-1
99,14,1836,615,54,145,1,-1,-1,-1
99,17,1841,615,122,168,1,-1,-1,-1
99,22,1464,640,68,148,1,-1,-1,-1
99,23,1572,561,120,180,1,-1,-1,-1
100,3,313,617,156,212,1,-1,-1,-1
100,14,1835,616,54,145,1,-1,-1,-1
100,17,1839,617,122,168,1,-1,-1,-1
100,22,1462,639,68,148,1,-1,-1,-1
100,23,1573,562,120,180,1,-1,-1,-1
101,3,313,618,156,212,1,-1,-1,-1
101,14,1834,616,54,145,1,-1,-1,-1
101,17,1841,621,116,160,1,-1,-1,-1
101,22,1459,638,68,148,1,-1,-1,-1
101,23,1574,562,120,180,1,-1,-1,-1
102,3,313,618,156,212,1,-1,-1,-1
102,14,1832,617,54,145,1,-1,-1,-1
102,17,1840,621,116,160,1,-1,-1,-1
102,22,1456,641,68,148,1,-1,-1,-1
102,23,1573,562,120,180,1,-1,-1,-1
103,3,312,618,156,212,1,-1,-1,-1
103,14,1831,617,54,145,1,-1,-1,-1
103,17,1839,623,116,160,1,-1,-1,-1
103,22,1452,651,68,148,1,-1,-1,-1
103,23,1572,563,120,180,1,-1,-1,-1
104,3,311,618,156,212,1,-1,-1,-1
104,14,1830,618,54,145,1,-1,-1,-1
104,17,1838,624,116,160,1,-1,-1,-1
104,22,1452,657,65,141,1,-1,-1,-1
104,23,1572,564,120,180,1,-1,-1,-1
105,3,312,620,160,208,1,-1,-1,-1
105,14,1830,618,54,145,1,-1,-1,-1
105,17,1832,628,128,176,1,-1,-1,-1
105,22,1452,632,68,156,1,-1,-1,-1
105,23,1568,560,116,180,1,-1,-1,-1
105,24,876,592,64,156,1,-1,-1,-1
105,25,1004,552,56,132,1,-1,-1,-1
106,3,312,620,160,208,1,-1,-1,-1
106,14,1827,620,54,145,1,-1,-1,-1
106,17,1831,628,128,176,1,-1,-1,-1
106,22,1451,631,68,156,1,-1,-1,-1
106,23,1567,560,116,180,1,-1,-1,-1
106,24,874,595,64,156,1,-1,-1,-1
106,25,1006,553,56,132,1,-1,-1,-1
107,3,313,621,160,208,1,-1,-1,-1
107,14,1824,617,57,152,1,-1,-1,-1
107,17,1829,628,128,176,1,-1,-1,-1
107,22,1450,632,68,156,1,-1,-1,-1
107,23,1567,560,116,180,1,-1,-1,-1
107,24,872,599,64,156,1,-1,-1,-1
107,25,1010,555,56,132,1,-1,-1,-1
108,3,313,622,160,208,1,-1,-1,-1
108,14,1823,619,57,152,1,-1,-1,-1
108,17,1828,628,128,176,1,-1,-1,-1
108,22,1449,632,68,156,1,-1,-1,-1
108,23,1567,561,116,180,1,-1,-1,-1
108,24,870,597,64,156,1,-1,-1,-1
108,25,1014,558,56,132,1,-1,-1,-1
109,3,312,623,160,208,1,-1,-1,-1
109,14,1821,619,57,152,1,-1,-1,-1
109,17,1827,630,128,176,1,-1,-1,-1
109,22,1445,625,71,164,1,-1,-1,-1
109,23,1566,561,116,180,1,-1,-1,-1
109,24,873,598,61,149,1,-1,-1,-1
109,25,1017,554,59,139,1,-1,-1,-1
110,3,312,622,160,208,1,-1,-1,-1
110,14,1819,619,57,152,1,-1,-1,-1
110,17,1827,630,128,176,1,-1,-1,-1
110,22,1441,622,71,164,1,-1,-1,-1
110,23,1566,561,116,180,1,-1,-1,-1
110,24,873,599,61,149,1,-1,-1,-1
110,25,1022,549,59,139,1,-1,-1,-1
111,3,310,622,160,208,1,-1,-1,-1
111,14,1816,621,57,152,1,-1,-1,-1
111,17,1825,631,128,176,1,-1,-1,-1
111,22,1437,621,71,164,1,-1,-1,-1
111,23,1566,562,116,180,1,-1,-1,-1
111,24,877,601,58,141,1,-1,-1,-1
111,25,1022,539,62,146,1,-1,-1,-1
112,3,310,622,160,208,1,-1,-1,-1
112,14,1814,622,57,152,1,-1,-1,-1
112,17,1823,632,128,176,1,-1,-1,-1
112,22,1434,619,71,164,1,-1,-1,-1
112,23,1566,562,116,180,1,-1,-1,-1
112,24,880,595,55,135,1,-1,-1,-1
113,3,312,620,160,208,1,-1,-1,-1
113,14,1814,622,57,152,1,-1,-1,-1
113,17,1816,632,108,168,1,-1,-1,-1
113,22,1424,628,92,160,1,-1,-1,-1
113,23,1564,564,112,176,1,-1,-1,-1
113,24,868,584,52,156,1,-1,-1,-1
113,26,1036,540,56,120,1,-1,-1,-1
114,3,311,620,160,208,1,-1,-1,-1
114,14,1807,623,57,152,1,-1,-1,-1
114,17,1814,632,108,168,1,-1,-1,-1
114,22,1422,630,92,160,1,-1,-1,-1
114,23,1563,564,112,176,1,-1,-1,-1
114,24,867,584,52,156,1,-1,-1,-1
114,26,1038,539,56,120,1,-1,-1,-1
115,3,310,620,160,208,1,-1,-1,-1
115,14,1805,624,57,152,1,-1,-1,-1
115,17,1813,632,108,168,1,-1,-1,-1
115,22,1418,632,92,160,1,-1,-1,-1
115,23,1563,565,112,176,1,-1,-1,-1
115,24,865,584,52,156,1,-1,-1,-1
115,26,1040,534,59,126,1,-1,-1,-1
116,3,311,620,160,208,1,-1,-1,-1
116,17,1811,631,108,168,1,-1,-1,-1
116,22,1413,630,92,160,1,-1,-1,-1
116,23,1564,565,112,176,1,-1,-1,-1
116,24,864,578,55,164,1,-1,-1,-1
116,26,1045,533,56,120,1,-1,-1,-1
117,3,311,620,160,208,1,-1,-1,-1
117,17,1807,628,113,176,1,-1,-1,-1
117,22,1405,625,97,168,1,-1,-1,-1
117,23,1564,565,112,176,1,-1,-1,-1
117,24,864,583,52,156,1,-1,-1,-1
117,26,1049,531,56,120,1,-1,-1,-1
118,3,310,620,160,208,1,-1,-1,-1
118,17,1803,628,113,176,1,-1,-1,-1
118,22,1402,625,97,168,1,-1,-1,-1
118,23,1562,565,112,176,1,-1,-1,-1
118,24,864,588,50,149,1,-1,-1,-1
118,26,1052,532,56,120,1,-1,-1,-1
119,3,309,620,160,208,1,-1,-1,-1
119,17,1802,628,113,176,1,-1,-1,-1
119,22,1400,623,97,168,1,-1,-1,-1
119,23,1562,565,112,176,1,-1,-1,-1
119,24,862,585,50,149,1,-1,-1,-1
119,26,1051,531,56,120,1,-1,-1,-1
120,3,308,620,160,208,1,-1,-1,-1
120,17,1800,629,113,176,1,-1,-1,-1
120,22,1396,624,97,168,1,-1,-1,-1
120,23,1561,566,112,176,1,-1,-1,-1
120,24,859,584,52,156,1,-1,-1,-1
121,3,304,620,160,208,1,-1,-1,-1
121,17,1800,628,108,176,1,-1,-1,-1
121,22,1380,636,84,148,1,-1,-1,-1
121,23,1560,564,108,180,1,-1,-1,-1
121,24,859,584,52,156,1,-1,-1,-1
121,27,876,572,72,168,1,-1,-1,-1
122,3,303,622,160,208,1,-1,-1,-1
122,17,1796,624,113,185,1,-1,-1,-1
122,22,1378,637,84,148,1,-1,-1,-1
122,23,1560,563,108,180,1,-1,-1,-1
122,24,872,534,55,164,1,-1,-1,-1
122,27,877,573,72,168,1,-1,-1,-1
123,3,305,627,152,198,1,-1,-1,-1
123,17,1795,624,113,185,1,-1,-1,-1
123,22,1374,637,84,148,1,-1,-1,-1
123,23,1559,564,108,180,1,-1,-1,-1
123,27,878,575,72,168,1,-1,-1,-1
124,3,308,631,145,189,1,-1,-1,-1
124,17,1793,625,113,185,1,-1,-1,-1
124,22,1371,640,84,148,1,-1,-1,-1
124,23,1557,564,108,180,1,-1,-1,-1
124,27,877,578,72,168,1,-1,-1,-1
125,3,307,633,145,189,1,-1,-1,-1
125,17,1791,625,113,185,1,-1,-1,-1
125,22,1367,643,84,148,1,-1,-1,-1
125,23,1555,565,108,180,1,-1,-1,-1
125,27,877,576,72,168,1,-1,-1,-1
126,3,306,634,145,189,1,-1,-1,-1
126,17,1792,629,108,176,1,-1,-1,-1
126,22,1363,646,84,148,1,-1,-1,-1
126,23,1555,566,108,180,1,-1,-1,-1
126,27,880,579,69,160,1,-1,-1,-1
127,3,303,634,145,189,1,-1,-1,-1
127,17,1790,629,108,176,1,-1,-1,-1
127,22,1362,646,84,148,1,-1,-1,-1
127,23,1553,566,108,180,1,-1,-1,-1
127,27,882,587,65,152,1,-1,-1,-1
128,3,303,633,145,189,1,-1,-1,-1
128,17,1792,634,103,168,1,-1,-1,-1
128,22,1361,646,84,148,1,-1,-1,-1
128,23,1553,567,108,180,1,-1,-1,-1
128,27,881,582,65,152,1,-1,-1,-1
129,3,292,620,164,212,1,-1,-1,-1
129,17,1780,632,116,192,1,-1,-1,-1
129,22,1356,628,76,148,1,-1,-1,-1
129,23,1548,568,108,180,1,-1,-1,-1
129,27,881,582,65,152,1,-1,-1,-1
129,28,924,552,64,132,1,-1,-1,-1
130,3,291,620,164,212,1,-1,-1,-1
130,17,1780,632,116,192,1,-1,-1,-1
130,22,1355,627,76,148,1,-1,-1,-1
130,23,1547,567,108,180,1,-1,-1,-1
130,28,925,553,64,132,1,-1,-1,-1
131,3,289,620,164,212,1,-1,-1,-1
131,17,1779,632,116,192,1,-1,-1,-1
131,22,1353,627,76,148,1,-1,-1,-1
131,23,1546,566,108,180,1,-1,-1,-1
131,28,927,553,64,132,1,-1,-1,-1
132,3,288,621,164,212,1,-1,-1,-1
132,17,1776,633,116,192,1,-1,-1,-1
132,22,1348,623,80,155,1,-1,-1,-1
132,23,1544,568,108,180,1,-1,-1,-1
132,28,928,550,64,132,1,-1,-1,-1
133,3,287,621,164,212,1,-1,-1,-1
133,17,1776,632,116,192,1,-1,-1,-1
133,22,1346,622,80,155,1,-1,-1,-1
133,23,1543,569,108,180,1,-1,-1,-1
133,28,929,548,64,132,1,-1,-1,-1
134,3,285,621,164,212,1,-1,-1,-1
134,17,1775,632,116,192,1,-1,-1,-1
134,22,1342,622,80,155,1,-1,-1,-1
134,23,1543,569,108,180,1,-1,-1,-1
134,28,924,552,67,139,1,-1,-1,-1
135,3,284,622,164,212,1,-1,-1,-1
135,17,1776,637,110,183,1,-1,-1,-1
135,22,1338,621,80,155,1,-1,-1,-1
135,23,1541,570,108,180,1,-1,-1,-1
135,28,910,553,67,139,1,-1,-1,-1
136,3,283,622,164,212,1,-1,-1,-1
136,17,1775,637,110,183,1,-1,-1,-1
136,22,1336,620,80,155,1,-1,-1,-1
136,23,1541,570,108,180,1,-1,-1,-1
136,28,894,561,71,146,1,-1,-1,-1
137,3,280,632,160,200,1,-1,-1,-1
137,17,1764,640,124,160,1,-1,-1,-1
137,22,1324,648,88,140,1,-1,-1,-1
137,23,1540,580,112,172,1,-1,-1,-1
137,28,894,561,71,146,1,-1,-1,-1
138,3,262,627,160,200,1,-1,-1,-1
138,17,1761,635,124,160,1,-1,-1,-1
138,22,1314,643,88,140,1,-1,-1,-1
138,23,1535,576,112,172,1,-1,-1,-1
138,28,881,557,71,146,1,-1,-1,-1
139,3,255,628,160,200,1,-1,-1,-1
139,17,1770,635,124,160,1,-1,-1,-1
139,22,1315,642,88,140,1,-1,-1,-1
139,23,1540,574,112,172,1,-1,-1,-1
140,3,248,630,160,200,1,-1,-1,-1
140,17,1783,636,124,160,1,-1,-1,-1
140,22,1317,642,88,140,1,-1,-1,-1
140,23,1551,576,112,172,1,-1,-1,-1
141,3,230,633,160,200,1,-1,-1,-1
141,17,1798,639,124,160,1,-1,-1,-1
141,22,1323,646,84,133,1,-1,-1,-1
141,23,1561,578,112,172,1,-1,-1,-1
142,3,213,635,160,200,1,-1,-1,-1
142,17,1812,641,124,160,1,-1,-1,-1
142,22,1324,646,84,133,1,-1,-1,-1
142,23,1568,578,112,172,1,-1,-1,-1
143,3,201,639,160,200,1,-1,-1,-1
143,17,1825,643,124,160,1,-1,-1,-1
143,22,1328,652,80,127,1,-1,-1,-1
143,23,1580,580,112,172,1,-1,-1,-1
144,3,183,643,160,200,1,-1,-1,-1
144,17,1836,645,124,160,1,-1,-1,-1
144,22,1330,655,80,127,1,-1,-1,-1
144,23,1586,583,112,172,1,-1,-1,-1
145,3,164,624,180,236,1,-1,-1,-1
145,17,1856,636,128,192,1,-1,-1,-1
145,22,1332,632,88,172,1,-1,-1,-1
145,23,1596,564,120,200,1,-1,-1,-1
145,29,884,540,88,172,1,-1,-1,-1
146,3,144,627,180,236,1,-1,-1,-1
146,17,1868,636,128,192,1,-1,-1,-1
146,22,1333,633,88,172,1,-1,-1,-1
146,23,1601,564,120,200,1,-1,-1,-1
146,29,883,536,88,172,1,-1,-1,-1
147,3,125,628,180,236,1,-1,-1,-1
147,17,1880,637,128,192,1,-1,-1,-1
147,22,1333,634,88,172,1,-1,-1,-1
147,23,1609,565,120,200,1,-1,-1,-1
147,29,883,534,88,172,1,-1,-1,-1
148,3,104,627,180,236,1,-1,-1,-1
148,17,1893,636,128,192,1,-1,-1,-1
148,22,1333,633,88,172,1,-1,-1,-1
148,23,1615,563,120,200,1,-1,-1,-1
148,29,880,531,88,172,1,-1,-1,-1
149,3,88,626,180,236,1,-1,-1,-1
149,17,1904,637,128,192,1,-1,-1,-1
149,22,1334,632,88,172,1,-1,-1,-1
149,23,1622,561,120,200,1,-1,-1,-1
149,29,878,524,88,172,1,-1,-1,-1
150,3,66,626,180,236,1,-1,-1,-1
150,17,1911,633,134,202,1,-1,-1,-1
150,22,1333,631,88,172,1,-1,-1,-1
150,23,1625,555,126,210,1,-1,-1,-1
150,29,875,524,88,172,1,-1,-1,-1
151,3,43,626,180,236,1,-1,-1,-1
151,17,1922,631,134,202,1,-1,-1,-1
151,22,1331,631,88,172,1,-1,-1,-1
151,23,1629,554,126,210,1,-1,-1,-1
151,29,871,520,88,172,1,-1,-1,-1
152,3,18,619,189,248,1,-1,-1,-1
152,17,1934,625,141,212,1,-1,-1,-1
152,22,1331,628,88,172,1,-1,-1,-1
152,23,1637,553,126,210,1,-1,-1,-1
152,29,871,518,88,172,1,-1,-1,-1
153,3,18,619,189,248,1,-1,-1,-1
153,17,1928,608,156,224,1,-1,-1,-1
153,22,1308,612,100,196,1,-1,-1,-1
153,23,1632,532,144,244,1,-1,-1,-1
153,29,871,518,88,172,1,-1,-1,-1
154,3,-27,616,189,248,1,-1,-1,-1
154,17,1938,606,156,224,1,-1,-1,-1
154,22,1308,609,100,196,1,-1,-1,-1
154,23,1637,529,144,244,1,-1,-1,-1
155,3,-46,616,189,248,1,-1,-1,-1
155,17,1956,606,156,224,1,-1,-1,-1
155,22,1311,608,100,196,1,-1,-1,-1
155,23,1648,528,144,244,1,-1,-1,-1
156,3,-73,613,189,248,1,-1,-1,-1
156,17,1961,602,156,224,1,-1,-1,-1
156,22,1309,602,100,196,1,-1,-1,-1
156,23,1649,523,144,244,1,-1,-1,-1
157,3,-91,616,189,248,1,-1,-1,-1
157,17,1977,601,156,224,1,-1,-1,-1
157,22,1309,599,100,196,1,-1,-1,-1
157,23,1659,522,144,244,1,-1,-1,-1
158,3,-115,606,198,260,1,-1,-1,-1
158,17,1989,595,164,235,1,-1,-1,-1
158,22,1308,594,105,206,1,-1,-1,-1
158,23,1663,514,151,256,1,-1,-1,-1
159,3,-131,605,198,260,1,-1,-1,-1
159,17,1997,589,172,247,1,-1,-1,-1
159,22,1309,591,105,206,1,-1,-1,-1
159,23,1671,510,151,256,1,-1,-1,-1
160,3,-143,611,198,260,1,-1,-1,-1
160,17,2016,589,172,247,1,-1,-1,-1
160,22,1308,587,110,216,1,-1,-1,-1
160,23,1681,504,159,269,1,-1,-1,-1
161,3,-143,611,198,260,1,-1,-1,-1
161,17,2020,584,184,264,1,-1,-1,-1
161,22,1296,584,124,236,1,-1,-1,-1
161,23,1688,492,160,272,1,-1,-1,-1
162,3,-112,665,189,248,1,-1,-1,-1
162,17,2023,580,184,264,1,-1,-1,-1
162,22,1291,581,124,236,1,-1,-1,-1
162,23,1688,488,160,272,1,-1,-1,-1
163,17,2025,577,184,264,1,-1,-1,-1
163,22,1287,578,124,236,1,-1,-1,-1
163,23,1687,484,160,272,1,-1,-1,-1
164,17,2023,574,184,264,1,-1,-1,-1
164,22,1277,572,130,248,1,-1,-1,-1
164,23,1683,482,160,272,1,-1,-1,-1
165,17,2021,572,184,264,1,-1,-1,-1
165,22,1273,570,130,248,1,-1,-1,-1
165,23,1678,480,160,272,1,-1,-1,-1
166,17,2016,570,184,264,1,-1,-1,-1
166,22,1269,568,130,248,1,-1,-1,-1
166,23,1675,478,160,272,1,-1,-1,-1
167,17,2013,567,184,264,1,-1,-1,-1
167,22,1265,564,130,248,1,-1,-1,-1
167,23,1672,477,160,272,1,-1,-1,-1
168,17,2010,565,184,264,1,-1,-1,-1
168,22,1265,570,124,236,1,-1,-1,-1
168,23,1669,475,160,272,1,-1,-1,-1
169,17,2008,568,176,268,1,-1,-1,-1
169,22,1252,568,128,240,1,-1,-1,-1
169,23,1664,468,168,268,1,-1,-1,-1
169,30,792,320,140,312,1,-1,-1,-1
170,17,2007,568,176,268,1,-1,-1,-1
170,22,1249,567,128,240,1,-1,-1,-1
170,23,1663,466,168,268,1,-1,-1,-1
170,30,789,318,140,312,1,-1,-1,-1
171,17,2004,567,176,268,1,-1,-1,-1
171,22,1247,567,128,240,1,-1,-1,-1
171,23,1661,466,168,268,1,-1,-1,-1
171,30,788,320,140,312,1,-1,-1,-1
172,17,2002,566,176,268,1,-1,-1,-1
172,22,1245,566,128,240,1,-1,-1,-1
172,23,1659,466,168,268,1,-1,-1,-1
172,30,789,316,140,312,1,-1,-1,-1
173,17,2000,567,176,268,1,-1,-1,-1
173,22,1237,559,134,252,1,-1,-1,-1
173,23,1656,466,168,268,1,-1,-1,-1
173,30,789,315,140,312,1,-1,-1,-1
174,17,1996,566,176,268,1,-1,-1,-1
174,22,1234,560,134,252,1,-1,-1,-1
174,23,1651,459,176,281,1,-1,-1,-1
174,30,792,311,140,312,1,-1,-1,-1
175,17,1993,566,176,268,1,-1,-1,-1
175,22,1229,561,134,252,1,-1,-1,-1
175,23,1651,467,168,268,1,-1,-1,-1
175,30,790,309,140,312,1,-1,-1,-1
176,17,1990,567,176,268,1,-1,-1,-1
176,22,1226,561,134,252,1,-1,-1,-1
176,23,1647,467,168,268,1,-1,-1,-1
176,30,788,311,140,312,1,-1,-1,-1
177,17,1980,564,188,268,1,-1,-1,-1
177,22,1216,552,144,252,1,-1,-1,-1
177,23,1640,468,184,264,1,-1,-1,-1
177,30,788,311,140,312,1,-1,-1,-1
178,17,1977,565,188,268,1,-1,-1,-1
178,22,1213,551,144,252,1,-1,-1,-1
178,23,1637,468,184,264,1,-1,-1,-1
178,30,780,324,140,312,1,-1,-1,-1
179,17,1974,566,188,268,1,-1,-1,-1
179,22,1209,552,144,252,1,-1,-1,-1
179,23,1632,470,184,264,1,-1,-1,-1
180,17,1968,566,188,268,1,-1,-1,-1
180,22,1203,551,144,252,1,-1,-1,-1
180,23,1628,471,184,264,1,-1,-1,-1
181,17,1954,563,197,281,1,-1,-1,-1
181,22,1192,552,144,252,1,-1,-1,-1
181,23,1616,472,184,264,1,-1,-1,-1
182,17,1943,566,197,281,1,-1,-1,-1
182,22,1180,553,144,252,1,-1,-1,-1
182,23,1606,474,184,264,1,-1,-1,-1
183,17,1933,566,197,281,1,-1,-1,-1
183,22,1168,554,144,252,1,-1,-1,-1
183,23,1596,477,184,264,1,-1,-1,-1
184,17,1919,568,197,281,1,-1,-1,-1
184,22,1156,553,144,252,1,-1,-1,-1
184,23,1583,478,184,264,1,-1,-1,-1
185,17,1916,576,180,268,1,-1,-1,-1
185,22,1144,560,136,252,1,-1,-1,-1
185,23,1576,472,172,292,1,-1,-1,-1
185,31,624,336,64,204,1,-1,-1,-1
186,17,1903,571,189,281,1,-1,-1,-1
186,22,1138,565,130,240,1,-1,-1,-1
186,23,1563,468,181,307,1,-1,-1,-1
186,31,620,339,64,204,1,-1,-1,-1
187,17,1893,573,189,281,1,-1,-1,-1
187,22,1128,568,130,240,1,-1,-1,-1
187,23,1555,471,181,307,1,-1,-1,-1
187,31,611,332,67,214,1,-1,-1,-1
188,17,1886,573,189,281,1,-1,-1,-1
188,22,1118,568,130,240,1,-1,-1,-1
188,23,1544,471,181,307,1,-1,-1,-1
188,31,600,333,71,225,1,-1,-1,-1
189,17,1877,575,189,281,1,-1,-1,-1
189,22,1110,568,130,240,1,-1,-1,-1
189,23,1536,471,181,307,1,-1,-1,-1
189,31,587,326,71,225,1,-1,-1,-1
190,17,1870,575,189,281,1,-1,-1,-1
190,22,1101,569,130,240,1,-1,-1,-1
190,23,1529,469,181,307,1,-1,-1,-1
190,31,584,333,67,214,1,-1,-1,-1
191,17,1863,576,189,281,1,-1,-1,-1
191,22,1092,570,130,240,1,-1,-1,-1
191,23,1523,469,181,307,1,-1,-1,-1
192,17,1856,576,189,281,1,-1,-1,-1
192,22,1084,569,130,240,1,-1,-1,-1
192,23,1515,471,181,307,1,-1,-1,-1
193,17,1852,580,180,280,1,-1,-1,-1
193,22,1072,580,136,232,1,-1,-1,-1
193,23,1512,484,168,296,1,-1,-1,-1
193,32,664,356,132,256,1,-1,-1,-1
193,33,520,344,80,196,1,-1,-1,-1
194,17,1848,580,180,280,1,-1,-1,-1
194,22,1068,580,136,232,1,-1,-1,-1
194,23,1507,485,168,296,1,-1,-1,-1
194,32,659,356,132,256,1,-1,-1,-1
194,33,515,349,80,196,1,-1,-1,-1
195,17,1843,580,180,280,1,-1,-1,-1
195,22,1061,581,136,232,1,-1,-1,-1
195,23,1502,485,168,296,1,-1,-1,-1
195,32,653,362,132,256,1,-1,-1,-1
195,33,499,345,84,206,1,-1,-1,-1
196,17,1838,581,180,280,1,-1,-1,-1
196,22,1053,581,136,232,1,-1,-1,-1
196,23,1497,486,168,296,1,-1,-1,-1
196,32,650,364,132,256,1,-1,-1,-1
196,33,493,344,84,206,1,-1,-1,-1
197,17,1831,583,180,280,1,-1,-1,-1
197,22,1044,583,136,232,1,-1,-1,-1
197,23,1492,488,168,296,1,-1,-1,-1
197,32,639,367,132,256,1,-1,-1,-1
197,33,482,345,84,206,1,-1,-1,-1
198,17,1825,582,180,280,1,-1,-1,-1
198,22,1037,584,136,232,1,-1,-1,-1
198,23,1483,478,176,311,1,-1,-1,-1
198,32,634,363,132,256,1,-1,-1,-1
198,33,478,343,84,206,1,-1,-1,-1
199,17,1819,582,180,280,1,-1,-1,-1
199,22,1033,585,136,232,1,-1,-1,-1
199,23,1477,478,176,311,1,-1,-1,-1
199,32,626,364,132,256,1,-1,-1,-1
199,33,474,337,84,206,1,-1,-1,-1
200,17,1812,583,180,280,1,-1,-1,-1
200,22,1029,593,130,221,1,-1,-1,-1
200,23,1470,478,176,311,1,-1,-1,-1
200,32,618,365,132,256,1,-1,-1,-1
201,17,1804,584,184,276,1,-1,-1,-1
201,22,1024,576,112,244,1,-1,-1,-1
201,23,1460,492,164,284,1,-1,-1,-1
201,32,618,365,132,256,1,-1,-1,-1
201,34,428,348,80,176,1,-1,-1,-1
201,35,608,368,48,188,1,-1,-1,-1
202,17,1799,584,184,276,1,-1,-1,-1
202,22,1018,576,112,244,1,-1,-1,-1
202,23,1455,492,164,284,1,-1,-1,-1
202,34,422,350,80,176,1,-1,-1,-1
202,35,602,361,50,197,1,-1,-1,-1
203,17,1789,576,193,290,1,-1,-1,-1
203,22,1012,576,112,244,1,-1,-1,-1
203,23,1449,493,164,284,1,-1,-1,-1
203,34,417,348,80,176,1,-1,-1,-1
203,35,592,359,53,207,1,-1,-1,-1
204,17,1782,578,193,290,1,-1,-1,-1
204,22,1005,577,112,244,1,-1,-1,-1
204,23,1442,493,164,284,1,-1,-1,-1
204,34,411,348,80,176,1,-1,-1,-1
204,35,588,365,50,197,1,-1,-1,-1
205,17,1775,578,193,290,1,-1,-1,-1
205,22,995,571,118,256,1,-1,-1,-1
205,23,1436,492,164,284,1,-1,-1,-1
205,34,405,353,80,176,1,-1,-1,-1
205,35,575,367,50,197,1,-1,-1,-1
206,17,1768,578,193,290,1,-1,-1,-1
206,22,987,571,118,256,1,-1,-1,-1
206,23,1430,491,164,284,1,-1,-1,-1
206,34,404,358,76,168,1,-1,-1,-1
206,35,571,374,48,188,1,-1,-1,-1
207,17,1767,585,184,276,1,-1,-1,-1
207,22,980,569,118,256,1,-1,-1,-1
207,23,1424,491,164,284,1,-1,-1,-1
207,34,402,361,73,160,1,-1,-1,-1
207,35,564,372,48,188,1,-1,-1,-1
208,17,1763,584,184,276,1,-1,-1,-1
208,22,976,567,118,256,1,-1,-1,-1
208,23,1417,491,164,284,1,-1,-1,-1
208,34,401,400,73,160,1,-1,-1,-1
209,17,1752,584,180,280,1,-1,-1,-1
209,22,972,560,100,252,1,-1,-1,-1
209,23,1412,488,160,288,1,-1,-1,-1
209,34,401,400,73,160,1,-1,-1,-1
209,36,360,336,108,180,1,-1,-1,-1
210,17,1749,583,180,280,1,-1,-1,-1
210,22,969,559,100,252,1,-1,-1,-1
210,23,1408,486,160,288,1,-1,-1,-1
210,36,355,336,108,180,1,-1,-1,-1
211,17,1746,583,180,280,1,-1,-1,-1
211,22,965,557,100,252,1,-1,-1,-1
211,23,1404,486,160,288,1,-1,-1,-1
211,36,346,334,108,180,1,-1,-1,-1
212,17,1745,589,171,267,1,-1,-1,-1
212,22,961,556,100,252,1,-1,-1,-1
212,23,1399,484,160,288,1,-1,-1,-1
212,36,338,337,103,171,1,-1,-1,-1
213,17,1736,579,180,280,1,-1,-1,-1
213,22,957,553,100,252,1,-1,-1,-1
213,23,1395,484,160,288,1,-1,-1,-1
213,36,333,333,108,180,1,-1,-1,-1
214,17,1733,578,180,280,1,-1,-1,-1
214,22,952,549,100,252,1,-1,-1,-1
214,23,1389,473,168,302,1,-1,-1,-1
214,36,332,329,108,180,1,-1,-1,-1
215,17,1727,575,180,280,1,-1,-1,-1
215,22,947,546,100,252,1,-1,-1,-1
215,23,1387,474,168,302,1,-1,-1,-1
215,36,329,324,108,180,1,-1,-1,-1
216,17,1722,572,180,280,1,-1,-1,-1
216,22,943,542,100,252,1,-1,-1,-1
216,23,1384,473,168,302,1,-1,-1,-1
216,36,327,321,108,180,1,-1,-1,-1
217,17,1716,560,184,272,1,-1,-1,-1
217,22,932,536,108,256,1,-1,-1,-1
217,23,1372,468,176,276,1,-1,-1,-1
217,36,327,321,108,180,1,-1,-1,-1
217,37,260,320,112,156,1,-1,-1,-1
217,38,540,340,88,220,1,-1,-1,-1
217,39,472,320,64,200,1,-1,-1,-1
218,17,1717,564,175,259,1,-1,-1,-1
218,22,930,533,108,256,1,-1,-1,-1
218,23,1374,472,168,263,1,-1,-1,-1
218,36,324,315,108,180,1,-1,-1,-1
218,37,256,318,112,156,1,-1,-1,-1
218,38,534,338,92,231,1,-1,-1,-1
218,39,470,319,64,200,1,-1,-1,-1
219,17,1715,560,175,259,1,-1,-1,-1
219,22,925,527,108,256,1,-1,-1,-1
219,23,1370,470,168,263,1,-1,-1,-1
219,37,250,317,112,156,1,-1,-1,-1
219,38,530,338,92,231,1,-1,-1,-1
219,39,468,309,64,200,1,-1,-1,-1
220,17,1710,557,175,259,1,-1,-1,-1
220,22,921,524,108,256,1,-1,-1,-1
220,23,1366,467,168,263,1,-1,-1,-1
220,37,238,310,112,156,1,-1,-1,-1
220,38,527,333,97,243,1,-1,-1,-1
220,39,465,309,64,200,1,-1,-1,-1
221,17,1708,554,175,259,1,-1,-1,-1
221,22,917,521,108,256,1,-1,-1,-1
221,23,1362,463,168,263,1,-1,-1,-1
221,37,230,306,118,164,1,-1,-1,-1
221,38,527,328,97,243,1,-1,-1,-1
221,39,465,321,64,200,1,-1,-1,-1
222,17,1705,550,175,259,1,-1,-1,-1
222,22,913,518,108,256,1,-1,-1,-1
222,23,1360,461,168,263,1,-1,-1,-1
222,37,215,302,123,172,1,-1,-1,-1
222,38,526,324,92,231,1,-1,-1,-1
222,39,462,326,61,190,1,-1,-1,-1
223,17,1701,546,175,259,1,-1,-1,-1
223,22,910,516,108,256,1,-1,-1,-1
223,23,1357,457,168,263,1,-1,-1,-1
223,37,209,299,123,172,1,-1,-1,-1
223,38,522,317,92,231,1,-1,-1,-1
223,39,459,347,61,190,1,-1,-1,-1
224,17,1705,541,175,259,1,-1,-1,-1
224,22,911,513,108,256,1,-1,-1,-1
224,23,1359,451,168,263,1,-1,-1,-1
224,37,204,298,118,164,1,-1,-1,-1
224,38,519,296,97,243,1,-1,-1,-1
225,17,1700,536,184,264,1,-1,-1,-1
225,22,920,500,88,264,1,-1,-1,-1
225,23,1356,440,168,268,1,-1,-1,-1
225,37,184,288,184,172,1,-1,-1,-1
225,38,524,320,100,220,1,-1,-1,-1
226,17,1699,534,184,264,1,-1,-1,-1
226,22,918,499,88,264,1,-1,-1,-1
226,23,1358,446,160,255,1,-1,-1,-1
226,37,180,285,184,172,1,-1,-1,-1
226,38,522,317,100,220,1,-1,-1,-1
227,17,1696,532,184,264,1,-1,-1,-1
227,22,916,498,88,264,1,-1,-1,-1
227,23,1356,443,160,255,1,-1,-1,-1
227,37,176,281,184,172,1,-1,-1,-1
227,38,519,313,100,220,1,-1,-1,-1
228,17,1694,530,184,264,1,-1,-1,-1
228,22,913,497,88,264,1,-1,-1,-1
228,23,1353,441,160,255,1,-1,-1,-1
228,37,173,277,184,172,1,-1,-1,-1
228,38,515,307,100,220,1,-1,-1,-1
229,17,1693,528,184,264,1,-1,-1,-1
229,22,911,495,88,264,1,-1,-1,-1
229,23,1351,440,160,255,1,-1,-1,-1
229,37,169,274,184,172,1,-1,-1,-1
229,38,512,305,100,220,1,-1,-1,-1
230,17,1691,526,184,264,1,-1,-1,-1
230,22,909,494,88,264,1,-1,-1,-1
230,23,1347,432,168,268,1,-1,-1,-1
230,37,165,271,184,172,1,-1,-1,-1
230,38,509,307,100,220,1,-1,-1,-1
231,17,1690,524,184,264,1,-1,-1,-1
231,22,906,492,88,264,1,-1,-1,-1
231,23,1346,429,168,268,1,-1,-1,-1
231,37,162,270,184,172,1,-1,-1,-1
231,38,508,309,100,220,1,-1,-1,-1
232,17,1688,524,184,264,1,-1,-1,-1
232,22,905,490,88,264,1,-1,-1,-1
232,23,1346,428,168,268,1,-1,-1,-1
232,37,163,270,184,172,1,-1,-1,-1
232,38,507,311,100,220,1,-1,-1,-1
233,17,1688,524,188,264,1,-1,-1,-1
233,22,896,488,96,268,1,-1,-1,-1
233,23,1352,424,160,280,1,-1,-1,-1
233,37,132,268,204,184,1,-1,-1,-1
233,38,460,308,148,208,1,-1,-1,-1
233,40,384,304,88,164,1,-1,-1,-1
234,17,1688,523,188,264,1,-1,-1,-1
234,22,896,487,96,268,1,-1,-1,-1
234,23,1352,422,160,280,1,-1,-1,-1
234,37,131,267,204,184,1,-1,-1,-1
234,38,458,306,148,208,1,-1,-1,-1
234,40,382,301,88,164,1,-1,-1,-1
235,17,1686,523,188,264,1,-1,-1,-1
235,22,895,487,96,268,1,-1,-1,-1
235,23,1352,422,160,280,1,-1,-1,-1
235,37,130,266,204,184,1,-1,-1,-1
235,38,456,303,148,208,1,-1,-1,-1
235,40,381,297,88,164,1,-1,-1,-1
236,17,1684,522,188,264,1,-1,-1,-1
236,22,895,487,96,268,1,-1,-1,-1
236,23,1353,421,160,280,1,-1,-1,-1
236,37,130,263,204,184,1,-1,-1,-1
236,38,454,301,148,208,1,-1,-1,-1
236,40,378,291,88,164,1,-1,-1,-1
237,17,1687,520,188,264,1,-1,-1,-1
237,22,897,486,96,268,1,-1,-1,-1
237,23,1359,425,152,267,1,-1,-1,-1
237,37,133,262,204,184,1,-1,-1,-1
237,38,453,298,148,208,1,-1,-1,-1
237,40,377,288,88,164,1,-1,-1,-1
238,17,1693,519,188,264,1,-1,-1,-1
238,22,904,483,96,268,1,-1,-1,-1
238,23,1364,424,152,267,1,-1,-1,-1
238,37,140,261,204,184,1,-1,-1,-1
238,38,457,295,148,208,1,-1,-1,-1
238,40,381,286,88,164,1,-1,-1,-1
239,17,1702,518,188,264,1,-1,-1,-1
239,22,910,484,96,268,1,-1,-1,-1
239,23,1373,423,152,267,1,-1,-1,-1
239,37,148,259,204,184,1,-1,-1,-1
239,38,462,292,148,208,1,-1,-1,-1
239,40,384,286,88,164,1,-1,-1,-1
240,17,1710,517,188,264,1,-1,-1,-1
240,22,921,484,96,268,1,-1,-1,-1
240,23,1384,423,152,267,1,-1,-1,-1
240,37,158,258,204,184,1,-1,-1,-1
240,38,468,290,148,208,1,-1,-1,-1
240,40,391,285,88,164,1,-1,-1,-1
241,17,1712,512,208,256,1,-1,-1,-1
241,22,928,500,108,248,1,-1,-1,-1
241,23,1388,408,168,272,1,-1,-1,-1
241,37,188,248,180,188,1,-1,-1,-1
241,38,484,276,140,232,1,-1,-1,-1
241,40,391,285,88,164,1,-1,-1,-1
242,17,1721,511,208,256,1,-1,-1,-1
242,22,937,499,108,248,1,-1,-1,-1
242,23,1400,414,160,259,1,-1,-1,-1
242,37,198,247,180,188,1,-1,-1,-1
242,38,490,275,140,232,1,-1,-1,-1
242,40,410,288,88,164,1,-1,-1,-1
243,17,1731,511,208,256,1,-1,-1,-1
243,22,949,499,108,248,1,-1,-1,-1
243,23,1413,412,160,259,1,-1,-1,-1
243,37,209,245,180,188,1,-1,-1,-1
243,38,502,281,133,221,1,-1,-1,-1
243,40,424,287,88,164,1,-1,-1,-1
244,17,1741,511,208,256,1,-1,-1,-1
244,22,961,499,108,248,1,-1,-1,-1
244,23,1422,413,160,259,1,-1,-1,-1
244,37,219,245,180,188,1,-1,-1,-1
244,38,511,281,133,221,1,-1,-1,-1
244,40,431,285,88,164,1,-1,-1,-1
245,17,1754,517,198,244,1,-1,-1,-1
245,22,970,497,108,248,1,-1,-1,-1
245,23,1433,413,160,259,1,-1,-1,-1
245,37,230,245,180,188,1,-1,-1,-1
245,38,520,280,133,221,1,-1,-1,-1
245,40,437,284,88,164,1,-1,-1,-1
246,17,1769,522,189,232,1,-1,-1,-1
246,22,982,497,108,248,1,-1,-1,-1
246,23,1446,411,160,259,1,-1,-1,-1
246,37,242,244,180,188,1,-1,-1,-1
246,38,531,281,133,221,1,-1,-1,-1
246,40,450,281,88,164,1,-1,-1,-1
247,17,1780,523,189,232,1,-1,-1,-1
247,22,990,493,108,248,1,-1,-1,-1
247,23,1455,410,160,259,1,-1,-1,-1
247,37,252,242,180,188,1,-1,-1,-1
247,38,541,279,133,221,1,-1,-1,-1
247,40,457,277,88,164,1,-1,-1,-1
248,17,1791,522,189,232,1,-1,-1,-1
248,22,997,488,113,260,1,-1,-1,-1
248,23,1465,411,160,259,1,-1,-1,-1
248,37,262,242,180,188,1,-1,-1,-1
248,38,556,278,133,221,1,-1,-1,-1
248,40,467,277,88,164,1,-1,-1,-1
249,17,1784,512,204,252,1,-1,-1,-1
249,22,997,488,113,260,1,-1,-1,-1
249,23,1480,400,168,276,1,-1,-1,-1
249,37,272,240,184,192,1,-1,-1,-1
249,38,556,278,133,221,1,-1,-1,-1
249,40,467,277,88,164,1,-1,-1,-1
250,17,1802,511,204,252,1,-1,-1,-1
250,22,1019,484,113,260,1,-1,-1,-1
250,23,1493,399,168,276,1,-1,-1,-1
250,37,275,232,184,192,1,-1,-1,-1
250,38,569,270,133,221,1,-1,-1,-1
251,17,1821,508,204,252,1,-1,-1,-1
251,22,1027,479,113,260,1,-1,-1,-1
251,23,1511,393,168,276,1,-1,-1,-1
251,37,279,230,184,192,1,-1,-1,-1
251,38,575,266,133,221,1,-1,-1,-1
252,17,1839,508,204,252,1,-1,-1,-1
252,22,1035,473,119,273,1,-1,-1,-1
252,23,1518,385,176,290,1,-1,-1,-1
252,37,281,224,184,192,1,-1,-1,-1
252,38,575,254,140,232,1,-1,-1,-1
253,17,1860,507,204,252,1,-1,-1,-1
253,22,1045,472,119,273,1,-1,-1,-1
253,23,1541,382,176,290,1,-1,-1,-1
253,37,283,217,184,192,1,-1,-1,-1
253,38,581,249,140,232,1,-1,-1,-1
254,17,1884,508,204,252,1,-1,-1,-1
254,22,1061,465,119,273,1,-1,-1,-1
254,23,1564,386,168,276,1,-1,-1,-1
254,37,287,213,184,192,1,-1,-1,-1
254,38,582,245,140,232,1,-1,-1,-1
255,17,1913,506,204,252,1,-1,-1,-1
255,22,1074,464,119,273,1,-1,-1,-1
255,23,1588,383,168,276,1,-1,-1,-1
255,37,287,206,184,192,1,-1,-1,-1
255,38,581,232,147,244,1,-1,-1,-1
256,17,1938,505,204,252,1,-1,-1,-1
256,22,1083,467,119,273,1,-1,-1,-1
256,23,1607,382,168,276,1,-1,-1,-1
256,37,282,202,184,192,1,-1,-1,-1
256,38,582,228,147,244,1,-1,-1,-1
257,17,1964,500,216,260,1,-1,-1,-1
257,22,1084,456,144,276,1,-1,-1,-1
257,23,1616,368,208,304,1,-1,-1,-1
257,37,268,180,200,220,1,-1,-1,-1
257,38,484,228,264,244,1,-1,-1,-1
258,17,1987,502,216,260,1,-1,-1,-1
258,22,1090,458,144,276,1,-1,-1,-1
258,23,1638,367,208,304,1,-1,-1,-1
258,37,264,176,200,220,1,-1,-1,-1
258,38,484,225,264,244,1,-1,-1,-1
259,17,2006,495,227,273,1,-1,-1,-1
259,22,1098,458,144,276,1,-1,-1,-1
259,23,1656,364,208,304,1,-1,-1,-1
259,37,258,171,200,220,1,-1,-1,-1
259,38,481,223,264,244,1,-1,-1,-1
260,17,2032,494,227,273,1,-1,-1,-1
260,22,1107,458,144,276,1,-1,-1,-1
260,23,1676,365,208,304,1,-1,-1,-1
260,37,254,164,200,220,1,-1,-1,-1
260,38,479,220,264,244,1,-1,-1,-1
261,17,2057,496,227,273,1,-1,-1,-1
261,22,1115,459,144,276,1,-1,-1,-1
261,23,1693,365,208,304,1,-1,-1,-1
261,37,246,158,200,220,1,-1,-1,-1
261,38,473,212,264,244,1,-1,-1,-1
262,17,2077,494,227,273,1,-1,-1,-1
262,22,1121,457,144,276,1,-1,-1,-1
262,23,1706,356,218,319,1,-1,-1,-1
262,37,235,147,200,220,1,-1,-1,-1
262,38,469,207,264,244,1,-1,-1,-1
263,17,2093,487,238,287,1,-1,-1,-1
263,22,1125,456,144,276,1,-1,-1,-1
263,23,1723,353,218,319,1,-1,-1,-1
263,37,227,138,200,220,1,-1,-1,-1
263,38,457,191,277,256,1,-1,-1,-1
264,17,2116,489,238,287,1,-1,-1,-1
264,22,1129,456,144,276,1,-1,-1,-1
264,23,1742,362,208,304,1,-1,-1,-1
264,37,214,133,200,220,1,-1,-1,-1
264,38,451,184,277,256,1,-1,-1,-1
265,17,2116,489,238,287,1,-1,-1,-1
265,22,1128,436,168,320,1,-1,-1,-1
265,23,1756,328,248,352,1,-1,-1,-1
265,37,196,120,220,224,1,-1,-1,-1
265,38,451,184,277,256,1,-1,-1,-1
266,17,2158,488,238,287,1,-1,-1,-1
266,22,1130,437,168,320,1,-1,-1,-1
266,23,1772,326,248,352,1,-1,-1,-1
266,37,187,116,220,224,1,-1,-1,-1
266,38,434,167,291,269,1,-1,-1,-1
267,17,2180,484,250,301,1,-1,-1,-1
267,22,1130,427,176,336,1,-1,-1,-1
267,23,1786,317,260,370,1,-1,-1,-1
267,37,176,107,220,224,1,-1,-1,-1
267,38,428,160,291,269,1,-1,-1,-1
268,17,2203,489,250,301,1,-1,-1,-1
268,22,1132,430,176,336,1,-1,-1,-1
268,23,1800,316,260,370,1,-1,-1,-1
268,37,162,101,220,224,1,-1,-1,-1
268,38,420,154,291,269,1,-1,-1,-1
269,17,2227,490,250,301,1,-1,-1,-1
269,22,1136,431,176,336,1,-1,-1,-1
269,23,1823,316,260,370,1,-1,-1,-1
269,37,149,97,220,224,1,-1,-1,-1
269,38,418,151,291,269,1,-1,-1,-1
