1,0,148,472,852,624,1,-1,-1,-1
1,1,1704,600,712,576,1,-1,-1,-1
1,2,1148,396,468,460,1,-1,-1,-1
1,3,764,452,512,508,1,-1,-1,-1
1,4,1952,568,456,148,1,-1,-1,-1
1,5,2468,728,92,316,1,-1,-1,-1
2,0,142,469,852,624,1,-1,-1,-1
2,1,1695,602,712,576,1,-1,-1,-1
2,2,1144,398,468,460,1,-1,-1,-1
2,3,754,452,512,508,1,-1,-1,-1
2,4,1952,567,456,148,1,-1,-1,-1
2,5,2468,727,92,316,1,-1,-1,-1
3,0,141,472,852,624,1,-1,-1,-1
3,1,1683,603,712,576,1,-1,-1,-1
3,2,1142,400,468,460,1,-1,-1,-1
3,3,749,455,512,508,1,-1,-1,-1
3,4,1952,566,456,148,1,-1,-1,-1
3,5,2468,727,92,316,1,-1,-1,-1
4,0,137,475,852,624,1,-1,-1,-1
4,1,1677,608,712,576,1,-1,-1,-1
4,2,1127,387,491,483,1,-1,-1,-1
4,3,742,455,512,508,1,-1,-1,-1
4,4,1954,567,456,148,1,-1,-1,-1
4,5,2467,727,92,316,1,-1,-1,-1
5,0,140,472,852,624,1,-1,-1,-1
5,1,1648,589,748,605,1,-1,-1,-1
5,2,1125,389,491,483,1,-1,-1,-1
5,3,738,460,512,508,1,-1,-1,-1
5,4,1955,568,456,148,1,-1,-1,-1
5,5,2467,725,92,316,1,-1,-1,-1
6,0,137,479,852,624,1,-1,-1,-1
6,1,1634,582,748,605,1,-1,-1,-1
6,2,1124,385,491,483,1,-1,-1,-1
6,3,736,455,512,508,1,-1,-1,-1
6,4,1959,569,456,148,1,-1,-1,-1
6,5,2467,724,92,316,1,-1,-1,-1
7,0,153,491,811,594,1,-1,-1,-1
7,1,1629,578,748,605,1,-1,-1,-1
7,2,1125,386,491,483,1,-1,-1,-1
7,3,719,438,538,533,1,-1,-1,-1
7,4,1967,571,434,141,1,-1,-1,-1
7,5,2465,717,97,332,1,-1,-1,-1
8,0,175,500,773,566,1,-1,-1,-1
8,1,1625,578,748,605,1,-1,-1,-1
8,2,1122,389,491,483,1,-1,-1,-1
8,3,715,442,538,533,1,-1,-1,-1
8,4,1964,572,434,141,1,-1,-1,-1
8,5,2467,725,92,316,1,-1,-1,-1
9,0,144,468,780,624,1,-1,-1,-1
9,1,1596,596,816,576,1,-1,-1,-1
9,2,1168,408,436,448,1,-1,-1,-1
9,3,620,472,540,512,1,-1,-1,-1
9,4,1964,572,434,141,1,-1,-1,-1
9,5,2464,728,96,316,1,-1,-1,-1
9,6,1024,492,272,408,1,-1,-1,-1
9,7,1932,576,488,260,1,-1,-1,-1
10,0,144,467,780,624,1,-1,-1,-1
10,1,1581,599,816,576,1,-1,-1,-1
10,2,1168,407,436,448,1,-1,-1,-1
10,3,618,473,540,512,1,-1,-1,-1
10,4,1967,568,434,141,1,-1,-1,-1
10,5,2464,729,96,316,1,-1,-1,-1
10,6,1017,492,272,408,1,-1,-1,-1
10,7,1928,577,488,260,1,-1,-1,-1
11,0,140,466,780,624,1,-1,-1,-1
11,1,1580,600,816,576,1,-1,-1,-1
11,2,1167,406,436,448,1,-1,-1,-1
11,3,609,479,540,512,1,-1,-1,-1
11,4,1970,568,434,141,1,-1,-1,-1
11,5,2463,729,96,316,1,-1,-1,-1
11,6,1011,491,272,408,1,-1,-1,-1
11,7,1920,577,488,260,1,-1,-1,-1
12,0,139,467,780,624,1,-1,-1,-1
12,1,1569,598,816,576,1,-1,-1,-1
12,2,1166,405,436,448,1,-1,-1,-1
12,3,605,477,540,512,1,-1,-1,-1
12,4,1970,566,434,141,1,-1,-1,-1
12,5,2464,727,96,316,1,-1,-1,-1
12,6,1013,506,259,389,1,-1,-1,-1
12,7,1912,579,488,260,1,-1,-1,-1
13,0,138,466,780,624,1,-1,-1,-1
13,1,1552,603,816,576,1,-1,-1,-1
13,2,1166,402,436,448,1,-1,-1,-1
13,3,615,488,514,488,1,-1,-1,-1
13,4,1982,566,414,134,1,-1,-1,-1
13,5,2463,727,96,316,1,-1,-1,-1
13,6,1000,493,272,408,1,-1,-1,-1
13,7,1907,579,488,260,1,-1,-1,-1
14,0,136,464,780,624,1,-1,-1,-1
14,1,1521,586,857,605,1,-1,-1,-1
14,2,1167,402,436,448,1,-1,-1,-1
14,3,625,504,490,464,1,-1,-1,-1
14,4,1978,566,414,134,1,-1,-1,-1
14,5,2463,727,96,316,1,-1,-1,-1
14,6,989,495,272,408,1,-1,-1,-1
14,7,1895,577,488,260,1,-1,-1,-1
15,0,134,466,780,624,1,-1,-1,-1
15,1,1519,593,857,605,1,-1,-1,-1
15,2,1163,403,436,448,1,-1,-1,-1
15,3,613,494,514,488,1,-1,-1,-1
15,4,1976,566,414,134,1,-1,-1,-1
15,5,2462,728,96,316,1,-1,-1,-1
15,6,980,484,286,428,1,-1,-1,-1
15,7,1897,576,488,260,1,-1,-1,-1
16,0,131,462,780,624,1,-1,-1,-1
16,1,1520,597,857,605,1,-1,-1,-1
16,2,1166,404,436,448,1,-1,-1,-1
16,3,606,500,514,488,1,-1,-1,-1
16,4,1965,562,434,141,1,-1,-1,-1
16,5,2463,729,96,316,1,-1,-1,-1
16,6,987,500,272,408,1,-1,-1,-1
16,7,1878,573,488,260,1,-1,-1,-1
17,0,152,464,796,624,1,-1,-1,-1
17,1,1460,588,860,580,1,-1,-1,-1
17,2,1176,444,392,396,1,-1,-1,-1
17,3,606,500,514,488,1,-1,-1,-1
17,4,1965,562,434,141,1,-1,-1,-1
17,5,2464,716,96,324,1,-1,-1,-1
17,6,888,532,400,388,1,-1,-1,-1
17,7,1928,568,488,260,1,-1,-1,-1
17,8,872,600,188,372,1,-1,-1,-1
18,0,156,462,796,624,1,-1,-1,-1
18,1,1447,594,860,580,1,-1,-1,-1
18,2,1173,443,392,396,1,-1,-1,-1
18,3,617,477,540,512,1,-1,-1,-1
18,4,1966,562,434,141,1,-1,-1,-1
18,5,2464,716,96,324,1,-1,-1,-1
18,6,884,533,400,388,1,-1,-1,-1
18,7,1924,568,488,260,1,-1,-1,-1
18,8,868,601,188,372,1,-1,-1,-1
19,0,150,466,796,624,1,-1,-1,-1
19,1,1457,606,819,552,1,-1,-1,-1
19,2,1169,442,392,396,1,-1,-1,-1
19,3,619,471,540,512,1,-1,-1,-1
19,4,1958,559,456,148,1,-1,-1,-1
19,5,2464,717,96,324,1,-1,-1,-1
19,6,887,543,381,370,1,-1,-1,-1
19,7,1919,568,488,260,1,-1,-1,-1
19,8,865,604,188,372,1,-1,-1,-1
20,0,150,464,796,624,1,-1,-1,-1
20,1,1458,602,819,552,1,-1,-1,-1
20,2,1163,444,392,396,1,-1,-1,-1
20,3,619,451,567,538,1,-1,-1,-1
20,4,1956,560,456,148,1,-1,-1,-1
20,5,2465,717,96,324,1,-1,-1,-1
20,6,886,543,381,370,1,-1,-1,-1
20,7,1903,563,512,273,1,-1,-1,-1
20,8,866,601,188,372,1,-1,-1,-1
21,0,142,458,796,624,1,-1,-1,-1
21,1,1425,595,860,580,1,-1,-1,-1
21,2,1160,443,392,396,1,-1,-1,-1
21,3,626,459,567,538,1,-1,-1,-1
21,4,1966,562,434,141,1,-1,-1,-1
21,5,2467,723,91,309,1,-1,-1,-1
21,6,879,544,381,370,1,-1,-1,-1
21,7,1895,560,512,273,1,-1,-1,-1
21,8,868,595,188,372,1,-1,-1,-1
22,0,157,472,758,594,1,-1,-1,-1
22,1,1418,591,860,580,1,-1,-1,-1
22,2,1154,442,392,396,1,-1,-1,-1
22,3,622,457,567,538,1,-1,-1,-1
22,4,1968,561,434,141,1,-1,-1,-1
22,5,2464,715,96,324,1,-1,-1,-1
22,6,853,534,400,388,1,-1,-1,-1
22,7,1905,563,488,260,1,-1,-1,-1
22,8,868,592,188,372,1,-1,-1,-1
23,0,161,467,758,594,1,-1,-1,-1
23,1,1427,610,819,552,1,-1,-1,-1
23,2,1160,441,392,396,1,-1,-1,-1
23,3,621,455,567,538,1,-1,-1,-1
23,4,1969,561,434,141,1,-1,-1,-1
23,5,2463,716,96,324,1,-1,-1,-1
23,6,849,526,400,388,1,-1,-1,-1
23,7,1890,557,512,273,1,-1,-1,-1
23,8,868,589,188,372,1,-1,-1,-1
24,0,160,472,758,594,1,-1,-1,-1
24,1,1415,609,819,552,1,-1,-1,-1
24,2,1154,437,392,396,1,-1,-1,-1
24,3,620,468,540,512,1,-1,-1,-1
24,4,1967,560,434,141,1,-1,-1,-1
24,5,2466,722,91,309,1,-1,-1,-1
24,6,852,542,381,370,1,-1,-1,-1
24,7,1891,557,512,273,1,-1,-1,-1
24,8,862,582,197,391,1,-1,-1,-1
25,0,152,476,836,612,1,-1,-1,-1
25,1,1316,584,892,588,1,-1,-1,-1
25,2,1184,404,396,444,1,-1,-1,-1
25,3,768,480,428,456,1,-1,-1,-1
25,4,1967,560,434,141,1,-1,-1,-1
25,5,2464,716,96,332,1,-1,-1,-1
25,6,852,542,381,370,1,-1,-1,-1
25,7,1940,568,484,296,1,-1,-1,-1
25,8,862,582,197,391,1,-1,-1,-1
26,0,151,474,836,612,1,-1,-1,-1
26,1,1297,584,892,588,1,-1,-1,-1
26,2,1174,403,396,444,1,-1,-1,-1
26,3,758,481,428,456,1,-1,-1,-1
26,4,1963,561,434,141,1,-1,-1,-1
26,5,2464,716,96,332,1,-1,-1,-1
26,6,766,540,400,388,1,-1,-1,-1
26,7,1939,568,484,296,1,-1,-1,-1
26,8,867,593,188,372,1,-1,-1,-1
27,0,152,470,836,612,1,-1,-1,-1
27,1,1281,581,892,588,1,-1,-1,-1
27,2,1171,406,396,444,1,-1,-1,-1
27,3,752,480,428,456,1,-1,-1,-1
27,4,1964,562,434,141,1,-1,-1,-1
27,5,2464,716,96,332,1,-1,-1,-1
27,6,739,528,420,407,1,-1,-1,-1
27,7,1937,567,484,296,1,-1,-1,-1
27,8,870,596,188,372,1,-1,-1,-1
28,0,146,471,836,612,1,-1,-1,-1
28,1,1251,578,892,588,1,-1,-1,-1
28,2,1160,404,396,444,1,-1,-1,-1
28,3,747,483,428,456,1,-1,-1,-1
28,4,1978,563,414,134,1,-1,-1,-1
28,5,2464,715,96,332,1,-1,-1,-1
28,6,712,536,420,407,1,-1,-1,-1
28,7,1934,568,484,296,1,-1,-1,-1
28,8,872,596,188,372,1,-1,-1,-1
29,0,130,475,836,612,1,-1,-1,-1
29,1,1261,603,850,560,1,-1,-1,-1
29,2,1151,412,396,444,1,-1,-1,-1
29,3,740,490,428,456,1,-1,-1,-1
29,4,1967,562,434,141,1,-1,-1,-1
29,5,2466,723,91,316,1,-1,-1,-1
29,7,1925,559,508,311,1,-1,-1,-1
30,0,135,471,836,612,1,-1,-1,-1
30,1,1241,594,850,560,1,-1,-1,-1
30,2,1154,418,377,423,1,-1,-1,-1
30,3,747,504,408,434,1,-1,-1,-1
30,4,1977,566,414,134,1,-1,-1,-1
30,5,2464,719,96,332,1,-1,-1,-1
30,7,1929,570,484,296,1,-1,-1,-1
31,0,149,494,796,583,1,-1,-1,-1
31,1,1195,585,892,588,1,-1,-1,-1
31,2,1144,419,396,444,1,-1,-1,-1
31,3,751,508,408,434,1,-1,-1,-1
31,4,1968,564,434,141,1,-1,-1,-1
31,5,2460,708,101,349,1,-1,-1,-1
31,7,1937,569,484,296,1,-1,-1,-1
32,0,135,483,836,612,1,-1,-1,-1
32,1,1153,563,937,617,1,-1,-1,-1
32,2,1151,421,396,444,1,-1,-1,-1
32,3,741,510,408,434,1,-1,-1,-1
32,4,1967,565,434,141,1,-1,-1,-1
32,5,2458,696,106,366,1,-1,-1,-1
32,7,1937,570,484,296,1,-1,-1,-1
33,0,148,476,768,612,1,-1,-1,-1
33,1,1164,592,876,580,1,-1,-1,-1
33,2,1151,421,396,444,1,-1,-1,-1
33,3,741,510,408,434,1,-1,-1,-1
33,4,1967,565,434,141,1,-1,-1,-1
33,5,2468,720,92,328,1,-1,-1,-1
33,7,1924,568,500,292,1,-1,-1,-1
33,9,1184,400,404,268,1,-1,-1,-1
34,0,145,479,768,612,1,-1,-1,-1
34,1,1159,591,876,580,1,-1,-1,-1
34,2,1156,433,396,444,1,-1,-1,-1
34,3,740,496,428,456,1,-1,-1,-1
34,4,1964,564,434,141,1,-1,-1,-1
34,5,2468,721,92,328,1,-1,-1,-1
34,7,1922,566,500,292,1,-1,-1,-1
34,9,1183,399,404,268,1,-1,-1,-1
35,0,147,481,768,612,1,-1,-1,-1
35,1,1139,594,876,580,1,-1,-1,-1
35,2,1149,417,416,466,1,-1,-1,-1
35,3,729,492,428,456,1,-1,-1,-1
35,4,1953,562,456,148,1,-1,-1,-1
35,5,2468,722,92,328,1,-1,-1,-1
35,7,1920,564,500,292,1,-1,-1,-1
35,9,1182,401,404,268,1,-1,-1,-1
36,0,138,477,768,612,1,-1,-1,-1
36,1,1167,613,834,552,1,-1,-1,-1
36,3,741,493,428,456,1,-1,-1,-1
36,4,1951,563,456,148,1,-1,-1,-1
36,5,2468,724,92,328,1,-1,-1,-1
36,7,1909,560,525,307,1,-1,-1,-1
36,9,1179,403,404,268,1,-1,-1,-1
37,0,148,484,768,612,1,-1,-1,-1
37,1,1152,614,834,552,1,-1,-1,-1
37,3,747,484,428,456,1,-1,-1,-1
37,4,1950,564,456,148,1,-1,-1,-1
37,5,2471,733,88,312,1,-1,-1,-1
37,7,1906,560,525,307,1,-1,-1,-1
37,9,1189,414,385,255,1,-1,-1,-1
38,0,137,477,768,612,1,-1,-1,-1
38,1,1117,617,834,552,1,-1,-1,-1
38,4,1965,566,434,141,1,-1,-1,-1
38,5,2468,723,92,328,1,-1,-1,-1
38,7,1906,559,525,307,1,-1,-1,-1
38,9,1183,406,404,268,1,-1,-1,-1
39,0,133,482,768,612,1,-1,-1,-1
39,1,1110,620,834,552,1,-1,-1,-1
39,4,1951,563,456,148,1,-1,-1,-1
39,5,2470,733,88,312,1,-1,-1,-1
39,7,1900,555,525,307,1,-1,-1,-1
39,9,1182,408,404,268,1,-1,-1,-1
40,0,127,482,768,612,1,-1,-1,-1
40,1,1039,598,876,580,1,-1,-1,-1
40,4,1951,563,456,148,1,-1,-1,-1
40,5,2471,732,88,312,1,-1,-1,-1
40,7,1904,556,525,307,1,-1,-1,-1
40,9,1183,407,404,268,1,-1,-1,-1
41,0,140,484,856,604,1,-1,-1,-1
41,1,1024,568,852,592,1,-1,-1,-1
41,4,1951,563,456,148,1,-1,-1,-1
41,5,2468,720,92,328,1,-1,-1,-1
41,7,1912,568,516,288,1,-1,-1,-1
41,9,1180,400,404,268,1,-1,-1,-1
41,10,8,456,732,456,1,-1,-1,-1
42,0,142,491,856,604,1,-1,-1,-1
42,1,1012,573,852,592,1,-1,-1,-1
42,4,1967,566,434,141,1,-1,-1,-1
42,5,2468,721,92,328,1,-1,-1,-1
42,7,1911,568,516,288,1,-1,-1,-1
42,9,1178,402,404,268,1,-1,-1,-1
42,10,4,456,732,456,1,-1,-1,-1
43,0,142,494,856,604,1,-1,-1,-1
43,1,1020,590,811,564,1,-1,-1,-1
43,4,1965,564,434,141,1,-1,-1,-1
43,5,2467,720,92,328,1,-1,-1,-1
43,7,1911,567,516,288,1,-1,-1,-1
43,9,1173,401,404,268,1,-1,-1,-1
43,10,3,456,732,456,1,-1,-1,-1
44,0,142,488,856,604,1,-1,-1,-1
44,1,984,575,852,592,1,-1,-1,-1
44,4,1953,561,456,148,1,-1,-1,-1
44,5,2468,719,92,328,1,-1,-1,-1
44,7,1912,568,516,288,1,-1,-1,-1
44,9,1183,408,385,255,1,-1,-1,-1
44,10,6,463,732,456,1,-1,-1,-1
45,0,165,515,815,575,1,-1,-1,-1
45,1,962,580,852,592,1,-1,-1,-1
45,4,1951,561,456,148,1,-1,-1,-1
45,5,2466,713,92,328,1,-1,-1,-1
45,7,1910,566,516,288,1,-1,-1,-1
45,9,1183,409,385,255,1,-1,-1,-1
45,10,-10,460,732,456,1,-1,-1,-1
46,0,161,522,815,575,1,-1,-1,-1
46,1,927,565,895,622,1,-1,-1,-1
46,4,1967,564,434,141,1,-1,-1,-1
46,5,2468,711,92,328,1,-1,-1,-1
46,7,1909,566,516,288,1,-1,-1,-1
46,9,1182,410,385,255,1,-1,-1,-1
46,10,-9,464,732,456,1,-1,-1,-1
47,0,134,502,856,604,1,-1,-1,-1
47,1,931,586,852,592,1,-1,-1,-1
47,4,1964,563,434,141,1,-1,-1,-1
47,5,2465,700,97,344,1,-1,-1,-1
47,7,1911,570,516,288,1,-1,-1,-1
47,9,1182,411,385,255,1,-1,-1,-1
47,10,-8,468,732,456,1,-1,-1,-1
48,0,138,496,856,604,1,-1,-1,-1
48,1,930,599,811,564,1,-1,-1,-1
48,4,1976,565,414,134,1,-1,-1,-1
48,5,2463,690,101,362,1,-1,-1,-1
48,7,1913,567,516,288,1,-1,-1,-1
48,9,1180,413,385,255,1,-1,-1,-1
48,10,-17,466,732,456,1,-1,-1,-1
49,0,140,472,752,608,1,-1,-1,-1
49,1,848,568,880,580,1,-1,-1,-1
49,4,1976,565,414,134,1,-1,-1,-1
49,5,2463,690,101,362,1,-1,-1,-1
49,7,1912,568,520,288,1,-1,-1,-1
49,9,1180,396,416,272,1,-1,-1,-1
49,10,0,432,636,520,1,-1,-1,-1
49,11,2504,708,52,332,1,-1,-1,-1
50,0,144,471,752,608,1,-1,-1,-1
50,1,828,570,880,580,1,-1,-1,-1
50,4,1977,563,414,134,1,-1,-1,-1
50,5,2462,699,101,362,1,-1,-1,-1
50,7,1914,571,520,288,1,-1,-1,-1
50,9,1180,397,416,272,1,-1,-1,-1
50,10,-1,431,636,520,1,-1,-1,-1
50,11,2435,-122,52,332,1,-1,-1,-1
51,0,134,474,752,608,1,-1,-1,-1
51,1,819,572,880,580,1,-1,-1,-1
51,4,1977,563,414,134,1,-1,-1,-1
51,5,2462,698,101,362,1,-1,-1,-1
51,7,1918,569,520,288,1,-1,-1,-1
51,9,1178,397,416,272,1,-1,-1,-1
51,10,-8,433,636,520,1,-1,-1,-1
51,11,2400,-330,52,332,1,-1,-1,-1
52,0,131,468,752,608,1,-1,-1,-1
52,1,795,582,880,580,1,-1,-1,-1
52,4,1977,562,414,134,1,-1,-1,-1
52,5,2462,693,101,362,1,-1,-1,-1
52,7,1914,570,520,288,1,-1,-1,-1
52,9,1175,398,416,272,1,-1,-1,-1
52,10,-7,432,636,520,1,-1,-1,-1
52,11,2366,-330,52,332,1,-1,-1,-1
53,0,136,470,752,608,1,-1,-1,-1
53,1,781,581,880,580,1,-1,-1,-1
53,4,1976,563,414,134,1,-1,-1,-1
53,5,2461,688,101,362,1,-1,-1,-1
53,7,1917,569,520,288,1,-1,-1,-1
53,9,1179,399,416,272,1,-1,-1,-1
53,10,-9,432,636,520,1,-1,-1,-1
53,11,2331,-330,52,332,1,-1,-1,-1
54,0,121,474,752,608,1,-1,-1,-1
54,1,789,590,838,552,1,-1,-1,-1
54,4,1977,562,414,134,1,-1,-1,-1
54,5,2461,690,101,362,1,-1,-1,-1
54,7,1915,569,520,288,1,-1,-1,-1
54,9,1168,391,437,286,1,-1,-1,-1
54,10,-9,426,636,520,1,-1,-1,-1
54,11,2297,-330,52,332,1,-1,-1,-1
55,0,122,470,752,608,1,-1,-1,-1
55,1,795,593,838,552,1,-1,-1,-1
55,4,1977,562,414,134,1,-1,-1,-1
55,5,2460,693,101,362,1,-1,-1,-1
55,7,1916,571,520,288,1,-1,-1,-1
55,9,1165,392,437,286,1,-1,-1,-1
55,10,-13,430,636,520,1,-1,-1,-1
56,0,127,476,752,608,1,-1,-1,-1
56,1,711,565,880,580,1,-1,-1,-1
56,4,1978,562,414,134,1,-1,-1,-1
56,5,2457,690,101,362,1,-1,-1,-1
56,7,1917,572,520,288,1,-1,-1,-1
56,9,1177,400,416,272,1,-1,-1,-1
56,10,-13,430,636,520,1,-1,-1,-1
57,0,156,472,724,612,1,-1,-1,-1
57,1,652,588,896,560,1,-1,-1,-1
57,4,1978,562,414,134,1,-1,-1,-1
57,5,2424,716,136,328,1,-1,-1,-1
57,7,1912,568,520,276,1,-1,-1,-1
57,9,1180,400,428,460,1,-1,-1,-1
57,10,-13,430,636,520,1,-1,-1,-1
57,12,0,584,412,404,1,-1,-1,-1
57,13,0,468,240,376,1,-1,-1,-1
58,0,147,468,724,612,1,-1,-1,-1
58,1,644,587,896,560,1,-1,-1,-1
58,4,1979,564,414,134,1,-1,-1,-1
58,5,2422,702,136,328,1,-1,-1,-1
58,7,1911,569,520,276,1,-1,-1,-1
58,9,1173,398,428,460,1,-1,-1,-1
58,10,-4,445,636,520,1,-1,-1,-1
58,12,-10,586,412,404,1,-1,-1,-1
58,13,-10,470,240,376,1,-1,-1,-1
59,0,158,490,690,583,1,-1,-1,-1
59,1,618,591,896,560,1,-1,-1,-1
59,4,1979,564,414,134,1,-1,-1,-1
59,5,2418,703,136,328,1,-1,-1,-1
59,7,1909,569,520,276,1,-1,-1,-1
59,9,1156,401,428,460,1,-1,-1,-1
59,10,-12,450,636,520,1,-1,-1,-1
59,12,-14,586,412,404,1,-1,-1,-1
59,13,-21,470,240,376,1,-1,-1,-1
60,0,170,496,657,555,1,-1,-1,-1
60,1,621,609,853,533,1,-1,-1,-1
60,4,1967,560,434,141,1,-1,-1,-1
60,5,2420,703,136,328,1,-1,-1,-1
60,7,1920,572,495,263,1,-1,-1,-1
60,9,1154,397,428,460,1,-1,-1,-1
60,10,-25,426,668,546,1,-1,-1,-1
60,12,-13,581,412,404,1,-1,-1,-1
60,13,-31,470,240,376,1,-1,-1,-1
61,0,171,498,657,555,1,-1,-1,-1
61,1,635,620,813,508,1,-1,-1,-1
61,4,1964,560,434,141,1,-1,-1,-1
61,5,2425,712,130,312,1,-1,-1,-1
61,7,1921,571,495,263,1,-1,-1,-1
61,9,1152,397,428,460,1,-1,-1,-1
61,10,-31,423,668,546,1,-1,-1,-1
61,12,-18,576,412,404,1,-1,-1,-1
61,13,-36,468,240,376,1,-1,-1,-1
62,0,135,481,690,583,1,-1,-1,-1
62,1,583,616,853,533,1,-1,-1,-1
62,4,1967,560,434,141,1,-1,-1,-1
62,5,2426,712,136,328,1,-1,-1,-1
62,7,1922,568,495,263,1,-1,-1,-1
62,9,1186,410,408,438,1,-1,-1,-1
62,10,-15,435,636,520,1,-1,-1,-1
62,12,-33,566,433,424,1,-1,-1,-1
62,13,-48,466,240,376,1,-1,-1,-1
63,0,140,471,690,583,1,-1,-1,-1
63,1,596,618,853,533,1,-1,-1,-1
63,4,1967,561,434,141,1,-1,-1,-1
63,5,2423,703,143,344,1,-1,-1,-1
63,7,1916,570,495,263,1,-1,-1,-1
63,9,1175,395,428,460,1,-1,-1,-1
63,10,-13,434,636,520,1,-1,-1,-1
63,12,-31,565,433,424,1,-1,-1,-1
63,13,-54,464,240,376,1,-1,-1,-1
64,0,141,477,690,583,1,-1,-1,-1
64,1,572,616,853,533,1,-1,-1,-1
64,4,1970,562,434,141,1,-1,-1,-1
64,7,1919,570,495,263,1,-1,-1,-1
64,9,1169,388,449,483,1,-1,-1,-1
64,10,-9,435,636,520,1,-1,-1,-1
64,12,-40,560,433,424,1,-1,-1,-1
64,13,-61,463,240,376,1,-1,-1,-1
65,0,160,472,428,616,1,-1,-1,-1
65,1,496,572,852,560,1,-1,-1,-1
65,4,1970,562,434,141,1,-1,-1,-1
65,7,1912,568,516,296,1,-1,-1,-1
65,9,1176,400,432,460,1,-1,-1,-1
65,10,-9,435,636,520,1,-1,-1,-1
65,12,0,580,424,420,1,-1,-1,-1
65,13,-61,463,240,376,1,-1,-1,-1
65,14,2432,720,128,324,1,-1,-1,-1
65,15,0,508,236,108,1,-1,-1,-1
66,0,154,470,428,616,1,-1,-1,-1
66,1,487,569,852,560,1,-1,-1,-1
66,4,1979,564,414,134,1,-1,-1,-1
66,7,1912,568,516,296,1,-1,-1,-1
66,9,1168,400,432,460,1,-1,-1,-1
66,10,-2,448,636,520,1,-1,-1,-1
66,12,-12,581,424,420,1,-1,-1,-1
66,13,-88,457,252,395,1,-1,-1,-1
66,14,2434,727,128,324,1,-1,-1,-1
66,15,-24,505,248,113,1,-1,-1,-1
67,0,154,469,428,616,1,-1,-1,-1
67,1,471,572,852,560,1,-1,-1,-1
67,4,1968,561,434,141,1,-1,-1,-1
67,7,1913,568,516,296,1,-1,-1,-1
67,9,1164,397,432,460,1,-1,-1,-1
67,10,-12,439,636,520,1,-1,-1,-1
67,12,-20,585,424,420,1,-1,-1,-1
67,13,-95,455,252,395,1,-1,-1,-1
67,14,2429,731,128,324,1,-1,-1,-1
67,15,-39,503,260,119,1,-1,-1,-1
68,0,145,468,428,616,1,-1,-1,-1
68,1,457,574,852,560,1,-1,-1,-1
68,4,1969,562,434,141,1,-1,-1,-1
68,7,1910,569,516,296,1,-1,-1,-1
68,9,1149,386,454,483,1,-1,-1,-1
68,10,-15,440,636,520,1,-1,-1,-1
68,12,-32,575,445,441,1,-1,-1,-1
68,14,2430,735,122,309,1,-1,-1,-1
68,15,-58,500,273,125,1,-1,-1,-1
69,0,134,469,428,616,1,-1,-1,-1
69,1,435,578,852,560,1,-1,-1,-1
69,4,1968,561,434,141,1,-1,-1,-1
69,7,1909,572,516,296,1,-1,-1,-1
69,9,1146,385,454,483,1,-1,-1,-1
69,12,-40,576,445,441,1,-1,-1,-1
69,14,2426,726,128,324,1,-1,-1,-1
69,15,-71,500,287,131,1,-1,-1,-1
70,0,124,466,428,616,1,-1,-1,-1
70,1,401,565,895,588,1,-1,-1,-1
70,4,1971,562,434,141,1,-1,-1,-1
70,7,1925,579,491,282,1,-1,-1,-1
70,9,1146,384,454,483,1,-1,-1,-1
70,12,-62,571,445,441,1,-1,-1,-1
70,14,2422,711,134,340,1,-1,-1,-1
70,15,-44,498,287,131,1,-1,-1,-1
71,0,117,471,428,616,1,-1,-1,-1
71,1,413,574,852,560,1,-1,-1,-1
71,4,1970,560,434,141,1,-1,-1,-1
71,7,1923,578,491,282,1,-1,-1,-1
71,9,1147,386,454,483,1,-1,-1,-1
71,12,-57,577,445,441,1,-1,-1,-1
71,15,-55,497,287,131,1,-1,-1,-1
72,0,130,468,428,616,1,-1,-1,-1
72,1,375,574,852,560,1,-1,-1,-1
72,4,1969,560,434,141,1,-1,-1,-1
72,7,1927,574,491,282,1,-1,-1,-1
72,9,1148,383,454,483,1,-1,-1,-1
72,12,-44,593,424,420,1,-1,-1,-1
72,15,-48,496,287,131,1,-1,-1,-1
73,0,164,472,400,596,1,-1,-1,-1
73,1,328,572,884,564,1,-1,-1,-1
73,4,1969,560,434,141,1,-1,-1,-1
73,7,1916,568,520,304,1,-1,-1,-1
73,9,1160,392,456,476,1,-1,-1,-1
73,12,0,548,392,460,1,-1,-1,-1
73,15,-48,496,287,131,1,-1,-1,-1
73,16,2512,712,48,332,1,-1,-1,-1
74,0,159,470,400,596,1,-1,-1,-1
74,1,309,581,884,564,1,-1,-1,-1
74,4,1972,560,434,141,1,-1,-1,-1
74,7,1915,565,520,304,1,-1,-1,-1
74,9,1154,393,456,476,1,-1,-1,-1
74,12,-5,547,392,460,1,-1,-1,-1
74,16,2443,-118,48,332,1,-1,-1,-1
75,0,169,481,381,568,1,-1,-1,-1
75,1,286,561,928,592,1,-1,-1,-1
75,4,1974,561,434,141,1,-1,-1,-1
75,7,1900,560,546,319,1,-1,-1,-1
75,9,1160,396,456,476,1,-1,-1,-1
75,12,-12,548,392,460,1,-1,-1,-1
75,16,2408,-330,48,332,1,-1,-1,-1
76,0,167,485,381,568,1,-1,-1,-1
76,1,266,564,928,592,1,-1,-1,-1
76,4,1973,562,434,141,1,-1,-1,-1
76,7,1914,569,520,304,1,-1,-1,-1
76,9,1162,397,456,476,1,-1,-1,-1
76,12,-16,547,392,460,1,-1,-1,-1
76,16,2374,-330,48,332,1,-1,-1,-1
77,0,152,471,400,596,1,-1,-1,-1
77,1,255,565,928,592,1,-1,-1,-1
77,4,1976,562,434,141,1,-1,-1,-1
77,7,1914,568,520,304,1,-1,-1,-1
77,9,1175,404,434,453,1,-1,-1,-1
77,12,-18,542,392,460,1,-1,-1,-1
77,16,2339,-330,48,332,1,-1,-1,-1
78,0,149,466,400,596,1,-1,-1,-1
78,1,270,570,884,564,1,-1,-1,-1
78,4,1972,563,434,141,1,-1,-1,-1
78,7,1931,574,495,290,1,-1,-1,-1
78,9,1173,405,434,453,1,-1,-1,-1
78,12,-25,540,392,460,1,-1,-1,-1
78,16,2305,-330,48,332,1,-1,-1,-1
79,0,137,466,400,596,1,-1,-1,-1
79,1,271,569,884,564,1,-1,-1,-1
79,4,1985,564,414,134,1,-1,-1,-1
79,7,1917,567,520,304,1,-1,-1,-1
79,9,1176,406,434,453,1,-1,-1,-1
79,12,-28,538,392,460,1,-1,-1,-1
80,0,166,482,381,568,1,-1,-1,-1
80,1,203,568,884,564,1,-1,-1,-1
80,4,1981,560,434,141,1,-1,-1,-1
80,7,1924,565,520,304,1,-1,-1,-1
80,9,1187,407,434,453,1,-1,-1,-1
80,12,-28,526,392,460,1,-1,-1,-1
81,0,192,468,328,528,1,-1,-1,-1
81,1,168,592,904,540,1,-1,-1,-1
81,4,1981,560,434,141,1,-1,-1,-1
81,7,1940,564,520,276,1,-1,-1,-1
81,9,1072,416,572,440,1,-1,-1,-1
81,12,-28,526,392,460,1,-1,-1,-1
81,17,0,596,200,396,1,-1,-1,-1
82,0,223,473,328,528,1,-1,-1,-1
82,1,191,593,904,540,1,-1,-1,-1
82,4,2045,561,434,141,1,-1,-1,-1
82,7,1983,565,520,276,1,-1,-1,-1
82,9,1112,417,572,440,1,-1,-1,-1
82,12,-18,533,392,460,1,-1,-1,-1
82,17,28,597,200,396,1,-1,-1,-1
83,0,243,471,328,528,1,-1,-1,-1
83,1,177,584,949,567,1,-1,-1,-1
83,4,2080,560,434,141,1,-1,-1,-1
83,7,2024,566,520,276,1,-1,-1,-1
83,9,1150,418,572,440,1,-1,-1,-1
83,12,-9,542,392,460,1,-1,-1,-1
83,17,51,597,200,396,1,-1,-1,-1
84,0,287,475,328,528,1,-1,-1,-1
84,1,223,586,949,567,1,-1,-1,-1
84,4,2119,560,434,141,1,-1,-1,-1
84,7,2061,565,520,276,1,-1,-1,-1
84,9,1185,419,572,440,1,-1,-1,-1
84,12,4,548,392,460,1,-1,-1,-1
84,17,76,598,200,396,1,-1,-1,-1
85,0,315,477,328,528,1,-1,-1,-1
85,1,218,579,949,567,1,-1,-1,-1
85,4,2167,563,414,134,1,-1,-1,-1
85,7,2102,567,520,276,1,-1,-1,-1
85,9,1221,414,572,440,1,-1,-1,-1
85,17,105,599,200,396,1,-1,-1,-1
86,0,326,478,328,528,1,-1,-1,-1
86,1,310,599,904,540,1,-1,-1,-1
86,4,2199,560,434,141,1,-1,-1,-1
86,7,2142,561,520,276,1,-1,-1,-1
86,9,1269,415,572,440,1,-1,-1,-1
86,17,115,615,190,377,1,-1,-1,-1
87,0,312,464,344,554,1,-1,-1,-1
87,1,280,579,949,567,1,-1,-1,-1
87,4,2223,562,414,134,1,-1,-1,-1
87,7,2146,562,520,276,1,-1,-1,-1
87,9,1274,413,572,440,1,-1,-1,-1
87,17,113,611,190,377,1,-1,-1,-1
88,0,317,468,344,554,1,-1,-1,-1
88,1,287,581,949,567,1,-1,-1,-1
88,4,2238,563,414,134,1,-1,-1,-1
88,7,2164,566,520,276,1,-1,-1,-1
88,9,1286,415,572,440,1,-1,-1,-1
88,17,118,610,190,377,1,-1,-1,-1
89,0,317,468,344,554,1,-1,-1,-1
89,1,232,588,876,536,1,-1,-1,-1
89,4,2238,563,414,134,1,-1,-1,-1
89,7,2196,564,364,300,1,-1,-1,-1
89,9,1288,440,612,420,1,-1,-1,-1
89,17,0,588,324,416,1,-1,-1,-1
89,18,0,508,128,144,1,-1,-1,-1
90,0,284,443,362,582,1,-1,-1,-1
90,1,260,594,876,536,1,-1,-1,-1
90,4,2328,567,394,128,1,-1,-1,-1
90,7,2262,572,347,286,1,-1,-1,-1
90,9,1342,437,612,420,1,-1,-1,-1
90,17,27,587,324,416,1,-1,-1,-1
90,18,15,502,134,151,1,-1,-1,-1
91,1,252,592,920,563,1,-1,-1,-1
91,4,2356,566,414,134,1,-1,-1,-1
91,7,2292,571,347,286,1,-1,-1,-1
91,9,1365,439,612,420,1,-1,-1,-1
91,17,31,584,340,437,1,-1,-1,-1
91,18,26,503,134,151,1,-1,-1,-1
92,1,263,585,920,563,1,-1,-1,-1
92,4,2375,569,414,134,1,-1,-1,-1
92,7,2313,571,347,286,1,-1,-1,-1
92,9,1387,440,612,420,1,-1,-1,-1
92,17,39,593,324,416,1,-1,-1,-1
92,18,31,501,134,151,1,-1,-1,-1
93,1,281,585,920,563,1,-1,-1,-1
93,7,2341,571,347,286,1,-1,-1,-1
93,9,1414,439,612,420,1,-1,-1,-1
93,17,57,599,324,416,1,-1,-1,-1
93,18,37,502,134,151,1,-1,-1,-1
94,1,294,603,876,536,1,-1,-1,-1
94,7,2367,573,347,286,1,-1,-1,-1
94,9,1437,441,612,420,1,-1,-1,-1
94,17,56,593,324,416,1,-1,-1,-1
94,18,32,500,141,159,1,-1,-1,-1
95,1,278,589,920,563,1,-1,-1,-1
95,7,2386,571,347,286,1,-1,-1,-1
95,9,1446,441,612,420,1,-1,-1,-1
95,17,62,602,309,396,1,-1,-1,-1
95,18,32,509,134,151,1,-1,-1,-1
96,1,259,574,966,591,1,-1,-1,-1
96,7,2405,570,347,286,1,-1,-1,-1
96,9,1467,442,612,420,1,-1,-1,-1
96,17,52,595,324,416,1,-1,-1,-1
96,18,32,509,134,151,1,-1,-1,-1
97,1,300,592,884,532,1,-1,-1,-1
97,7,2405,570,347,286,1,-1,-1,-1
97,9,1500,448,612,404,1,-1,-1,-1
97,17,52,595,324,416,1,-1,-1,-1
97,18,32,509,134,151,1,-1,-1,-1
97,19,2420,564,136,296,1,-1,-1,-1
97,20,1068,588,388,496,1,-1,-1,-1
97,21,0,576,644,472,1,-1,-1,-1
97,22,0,464,236,132,1,-1,-1,-1
98,1,305,593,884,532,1,-1,-1,-1
98,7,2443,571,347,286,1,-1,-1,-1
98,9,1530,447,612,404,1,-1,-1,-1
98,17,60,590,324,416,1,-1,-1,-1
98,18,42,503,134,151,1,-1,-1,-1
98,19,2450,564,136,296,1,-1,-1,-1
98,20,1092,587,388,496,1,-1,-1,-1
98,21,5,578,644,472,1,-1,-1,-1
98,22,19,466,236,132,1,-1,-1,-1
99,1,308,597,884,532,1,-1,-1,-1
99,7,2470,580,330,272,1,-1,-1,-1
99,9,1551,446,612,404,1,-1,-1,-1
99,18,58,503,128,144,1,-1,-1,-1
99,19,2475,565,136,296,1,-1,-1,-1
99,20,1106,588,388,496,1,-1,-1,-1
99,21,33,593,613,450,1,-1,-1,-1
99,22,28,464,248,139,1,-1,-1,-1
100,1,292,588,928,559,1,-1,-1,-1
100,7,2489,575,330,272,1,-1,-1,-1
100,9,1565,450,612,404,1,-1,-1,-1
100,18,59,500,128,144,1,-1,-1,-1
100,19,2491,561,136,296,1,-1,-1,-1
100,20,1119,589,388,496,1,-1,-1,-1
100,21,33,593,613,450,1,-1,-1,-1
100,22,42,468,248,139,1,-1,-1,-1
101,1,291,589,928,559,1,-1,-1,-1
101,9,1572,448,612,404,1,-1,-1,-1
101,18,54,502,128,144,1,-1,-1,-1
101,19,2500,569,130,282,1,-1,-1,-1
101,20,1131,588,388,496,1,-1,-1,-1
101,21,41,600,613,450,1,-1,-1,-1
101,22,45,464,260,146,1,-1,-1,-1
102,1,311,588,928,559,1,-1,-1,-1
102,9,1601,447,612,404,1,-1,-1,-1
102,18,54,496,134,151,1,-1,-1,-1
102,19,2463,484,123,268,1,-1,-1,-1
102,20,1159,589,388,496,1,-1,-1,-1
102,21,58,612,584,428,1,-1,-1,-1
102,22,20,455,260,146,1,-1,-1,-1
103,1,331,608,884,532,1,-1,-1,-1
103,9,1615,457,583,385,1,-1,-1,-1
103,18,56,496,134,151,1,-1,-1,-1
103,19,2439,484,123,268,1,-1,-1,-1
103,20,1175,591,388,496,1,-1,-1,-1
103,21,67,614,584,428,1,-1,-1,-1
103,22,10,452,273,153,1,-1,-1,-1
104,1,339,596,928,559,1,-1,-1,-1
104,9,1628,457,583,385,1,-1,-1,-1
104,18,57,498,134,151,1,-1,-1,-1
104,19,2434,466,123,268,1,-1,-1,-1
104,20,1187,595,388,496,1,-1,-1,-1
104,21,66,616,584,428,1,-1,-1,-1
104,22,10,450,273,153,1,-1,-1,-1
105,1,284,600,900,524,1,-1,-1,-1
105,9,1624,444,624,400,1,-1,-1,-1
105,18,0,492,188,204,1,-1,-1,-1
105,19,2434,466,123,268,1,-1,-1,-1
105,20,1187,595,388,496,1,-1,-1,-1
105,21,66,616,584,428,1,-1,-1,-1
105,22,4,460,416,144,1,-1,-1,-1
105,23,772,540,820,536,1,-1,-1,-1
105,24,0,432,32,68,1,-1,-1,-1
106,1,294,602,900,524,1,-1,-1,-1
106,9,1638,439,624,400,1,-1,-1,-1
106,18,1,493,188,204,1,-1,-1,-1
106,20,1194,597,388,496,1,-1,-1,-1
106,21,44,617,584,428,1,-1,-1,-1
106,22,14,462,416,144,1,-1,-1,-1
106,23,769,549,820,536,1,-1,-1,-1
106,24,1,429,34,71,1,-1,-1,-1
107,1,313,608,857,499,1,-1,-1,-1
107,9,1652,449,594,381,1,-1,-1,-1
107,18,-1,491,188,204,1,-1,-1,-1
107,20,1198,597,388,496,1,-1,-1,-1
107,21,32,619,584,428,1,-1,-1,-1
107,22,26,463,416,144,1,-1,-1,-1
107,23,769,547,820,536,1,-1,-1,-1
107,24,3,413,34,71,1,-1,-1,-1
108,1,302,620,857,499,1,-1,-1,-1
108,9,1647,437,624,400,1,-1,-1,-1
108,18,-4,487,188,204,1,-1,-1,-1
108,20,1203,601,388,496,1,-1,-1,-1
108,22,26,460,437,151,1,-1,-1,-1
108,23,775,548,820,536,1,-1,-1,-1
108,24,5,403,35,75,1,-1,-1,-1
109,1,278,609,900,524,1,-1,-1,-1
109,9,1654,440,624,400,1,-1,-1,-1
109,18,-7,486,188,204,1,-1,-1,-1
109,20,1222,604,388,496,1,-1,-1,-1
109,22,35,460,437,151,1,-1,-1,-1
109,23,771,551,820,536,1,-1,-1,-1
109,24,11,398,35,75,1,-1,-1,-1
110,1,290,609,900,524,1,-1,-1,-1
110,9,1676,449,624,400,1,-1,-1,-1
110,18,-8,478,188,204,1,-1,-1,-1
110,20,1246,610,388,496,1,-1,-1,-1
110,22,87,464,416,144,1,-1,-1,-1
110,23,815,562,781,510,1,-1,-1,-1
110,24,22,390,37,79,1,-1,-1,-1
111,1,293,611,900,524,1,-1,-1,-1
111,9,1702,447,624,400,1,-1,-1,-1
111,18,-4,477,188,204,1,-1,-1,-1
111,20,1263,613,388,496,1,-1,-1,-1
111,22,119,463,416,144,1,-1,-1,-1
111,23,847,576,744,486,1,-1,-1,-1
112,1,239,607,945,550,1,-1,-1,-1
112,9,1730,454,594,381,1,-1,-1,-1
112,18,-2,476,188,204,1,-1,-1,-1
112,20,1274,618,388,496,1,-1,-1,-1
112,22,126,460,437,151,1,-1,-1,-1
112,23,830,566,781,510,1,-1,-1,-1
113,1,232,596,880,524,1,-1,-1,-1
113,9,1728,428,588,420,1,-1,-1,-1
113,18,0,480,196,324,1,-1,-1,-1
113,20,1274,618,388,496,1,-1,-1,-1
113,22,126,460,437,151,1,-1,-1,-1
113,23,672,548,972,544,1,-1,-1,-1
113,25,4,372,568,244,1,-1,-1,-1
114,9,1753,430,588,420,1,-1,-1,-1
114,18,1,481,196,324,1,-1,-1,-1
114,20,1267,612,388,496,1,-1,-1,-1
114,22,180,465,416,144,1,-1,-1,-1
114,23,673,551,972,544,1,-1,-1,-1
114,25,18,377,568,244,1,-1,-1,-1
115,9,1765,429,588,420,1,-1,-1,-1
115,18,1,472,206,340,1,-1,-1,-1
115,20,1248,598,407,521,1,-1,-1,-1
115,22,189,466,437,151,1,-1,-1,-1
115,23,646,545,1021,571,1,-1,-1,-1
115,25,21,369,596,256,1,-1,-1,-1
116,9,1781,429,588,420,1,-1,-1,-1
116,18,2,480,206,340,1,-1,-1,-1
116,20,1243,592,407,521,1,-1,-1,-1
116,22,201,468,437,151,1,-1,-1,-1
116,23,689,555,972,544,1,-1,-1,-1
116,25,39,367,596,256,1,-1,-1,-1
117,9,1793,427,588,420,1,-1,-1,-1
117,18,6,485,206,340,1,-1,-1,-1
117,20,1241,586,407,521,1,-1,-1,-1
117,22,241,472,416,144,1,-1,-1,-1
117,23,688,558,972,544,1,-1,-1,-1
117,25,53,368,596,256,1,-1,-1,-1
118,9,1819,427,588,420,1,-1,-1,-1
118,18,10,486,206,340,1,-1,-1,-1
118,20,1255,592,388,496,1,-1,-1,-1
118,22,267,470,416,144,1,-1,-1,-1
118,23,739,580,926,518,1,-1,-1,-1
118,25,106,376,568,244,1,-1,-1,-1
119,9,1828,422,588,420,1,-1,-1,-1
119,18,11,489,206,340,1,-1,-1,-1
119,20,1263,589,388,496,1,-1,-1,-1
119,22,266,468,437,151,1,-1,-1,-1
119,23,753,583,882,493,1,-1,-1,-1
119,25,95,366,596,256,1,-1,-1,-1
120,9,1824,410,617,441,1,-1,-1,-1
120,18,16,488,196,324,1,-1,-1,-1
120,20,1257,587,388,496,1,-1,-1,-1
120,22,266,466,459,159,1,-1,-1,-1
120,23,739,578,882,493,1,-1,-1,-1
120,25,102,364,596,256,1,-1,-1,-1
121,9,1868,432,564,408,1,-1,-1,-1
121,18,0,488,216,396,1,-1,-1,-1
121,20,1257,587,388,496,1,-1,-1,-1
121,22,266,466,459,159,1,-1,-1,-1
121,23,756,536,920,548,1,-1,-1,-1
121,25,102,364,596,256,1,-1,-1,-1
121,26,176,588,892,532,1,-1,-1,-1
122,9,1884,432,564,408,1,-1,-1,-1
122,18,5,487,216,396,1,-1,-1,-1
122,20,1270,586,388,496,1,-1,-1,-1
122,23,768,532,920,548,1,-1,-1,-1
122,25,155,372,596,256,1,-1,-1,-1
122,26,157,581,937,559,1,-1,-1,-1
123,9,1894,427,564,408,1,-1,-1,-1
123,18,3,475,227,416,1,-1,-1,-1
123,20,1274,594,388,496,1,-1,-1,-1
123,23,778,553,876,522,1,-1,-1,-1
123,25,184,376,568,244,1,-1,-1,-1
123,26,129,559,983,587,1,-1,-1,-1
124,9,1901,427,564,408,1,-1,-1,-1
124,18,5,487,216,396,1,-1,-1,-1
124,20,1291,611,370,472,1,-1,-1,-1
124,23,762,545,920,548,1,-1,-1,-1
124,25,215,379,568,244,1,-1,-1,-1
124,26,154,556,983,587,1,-1,-1,-1
125,9,1912,429,564,408,1,-1,-1,-1
125,18,7,488,216,396,1,-1,-1,-1
125,20,1288,611,370,472,1,-1,-1,-1
125,23,758,543,920,548,1,-1,-1,-1
125,26,171,570,937,559,1,-1,-1,-1
126,9,1926,426,564,408,1,-1,-1,-1
126,18,14,499,206,377,1,-1,-1,-1
126,20,1282,608,370,472,1,-1,-1,-1
126,23,753,546,920,548,1,-1,-1,-1
126,26,170,572,937,559,1,-1,-1,-1
127,9,1945,430,564,408,1,-1,-1,-1
127,18,7,504,206,377,1,-1,-1,-1
127,20,1282,606,370,472,1,-1,-1,-1
127,23,754,545,920,548,1,-1,-1,-1
127,26,143,566,983,587,1,-1,-1,-1
128,9,1964,440,537,389,1,-1,-1,-1
128,18,12,505,206,377,1,-1,-1,-1
128,20,1295,611,352,450,1,-1,-1,-1
128,23,773,545,920,548,1,-1,-1,-1
129,9,1964,436,560,408,1,-1,-1,-1
129,18,0,488,232,400,1,-1,-1,-1
129,20,1295,611,352,450,1,-1,-1,-1
129,23,864,560,812,524,1,-1,-1,-1
129,27,180,580,896,532,1,-1,-1,-1
129,28,276,392,608,224,1,-1,-1,-1
130,9,1988,432,560,408,1,-1,-1,-1
130,18,11,486,232,400,1,-1,-1,-1
130,20,1309,609,352,450,1,-1,-1,-1
130,23,875,560,812,524,1,-1,-1,-1
130,27,185,574,896,532,1,-1,-1,-1
130,28,317,399,579,213,1,-1,-1,-1
131,9,2002,431,560,408,1,-1,-1,-1
131,18,20,485,232,400,1,-1,-1,-1
131,20,1312,609,352,450,1,-1,-1,-1
131,23,876,563,812,524,1,-1,-1,-1
131,27,204,586,853,507,1,-1,-1,-1
131,28,330,402,579,213,1,-1,-1,-1
132,9,2006,430,560,408,1,-1,-1,-1
132,18,20,486,232,400,1,-1,-1,-1
132,20,1307,611,352,450,1,-1,-1,-1
132,23,884,563,812,524,1,-1,-1,-1
132,27,187,579,896,532,1,-1,-1,-1
132,28,339,404,579,213,1,-1,-1,-1
133,9,2011,430,560,408,1,-1,-1,-1
133,18,10,473,244,420,1,-1,-1,-1
133,20,1300,609,352,450,1,-1,-1,-1
133,23,881,567,812,524,1,-1,-1,-1
133,27,190,581,896,532,1,-1,-1,-1
133,28,338,399,608,224,1,-1,-1,-1
134,9,2028,438,533,389,1,-1,-1,-1
134,18,7,471,244,420,1,-1,-1,-1
134,20,1298,614,352,450,1,-1,-1,-1
134,23,887,595,773,499,1,-1,-1,-1
134,27,179,577,896,532,1,-1,-1,-1
134,28,346,401,608,224,1,-1,-1,-1
135,9,2027,445,533,389,1,-1,-1,-1
135,18,4,469,244,420,1,-1,-1,-1
135,20,1293,621,352,450,1,-1,-1,-1
135,23,878,595,773,499,1,-1,-1,-1
135,27,161,592,896,532,1,-1,-1,-1
135,28,351,408,579,213,1,-1,-1,-1
136,9,2045,456,508,370,1,-1,-1,-1
136,18,5,467,244,420,1,-1,-1,-1
136,20,1296,625,352,450,1,-1,-1,-1
136,23,896,607,737,475,1,-1,-1,-1
136,27,164,608,853,507,1,-1,-1,-1
136,28,371,408,579,213,1,-1,-1,-1
137,9,2044,436,516,408,1,-1,-1,-1
137,18,0,480,248,392,1,-1,-1,-1
137,20,1296,625,352,450,1,-1,-1,-1
137,23,652,564,1012,504,1,-1,-1,-1
137,27,132,588,912,528,1,-1,-1,-1
137,28,396,420,592,200,1,-1,-1,-1
138,9,2065,434,516,408,1,-1,-1,-1
138,18,5,482,248,392,1,-1,-1,-1
138,20,1298,618,352,450,1,-1,-1,-1
138,23,632,553,1063,529,1,-1,-1,-1
138,27,138,586,912,528,1,-1,-1,-1
138,28,425,425,564,190,1,-1,-1,-1
139,9,2067,435,516,408,1,-1,-1,-1
139,18,2,484,248,392,1,-1,-1,-1
139,20,1276,618,352,450,1,-1,-1,-1
139,23,637,548,1063,529,1,-1,-1,-1
139,27,143,577,912,528,1,-1,-1,-1
139,28,428,426,564,190,1,-1,-1,-1
140,9,2070,434,516,408,1,-1,-1,-1
140,18,2,485,248,392,1,-1,-1,-1
140,20,1259,606,370,472,1,-1,-1,-1
140,23,630,556,1063,529,1,-1,-1,-1
140,27,108,574,958,554,1,-1,-1,-1
140,28,439,428,564,190,1,-1,-1,-1
141,9,2077,436,516,408,1,-1,-1,-1
141,18,10,496,236,373,1,-1,-1,-1
141,20,1264,601,370,472,1,-1,-1,-1
141,23,627,558,1063,529,1,-1,-1,-1
141,27,112,582,958,554,1,-1,-1,-1
141,28,462,432,537,181,1,-1,-1,-1
142,9,2123,435,516,408,1,-1,-1,-1
142,18,19,494,236,373,1,-1,-1,-1
142,20,1275,597,370,472,1,-1,-1,-1
142,23,647,560,1063,529,1,-1,-1,-1
142,27,157,596,912,528,1,-1,-1,-1
142,28,495,432,537,181,1,-1,-1,-1
143,9,2121,432,516,408,1,-1,-1,-1
143,18,15,485,248,392,1,-1,-1,-1
143,20,1271,595,370,472,1,-1,-1,-1
143,23,658,543,1063,529,1,-1,-1,-1
143,27,173,611,869,503,1,-1,-1,-1
143,28,493,432,537,181,1,-1,-1,-1
144,9,2118,431,516,408,1,-1,-1,-1
144,18,16,486,248,392,1,-1,-1,-1
144,20,1258,595,370,472,1,-1,-1,-1
144,23,648,538,1063,529,1,-1,-1,-1
144,28,494,431,537,181,1,-1,-1,-1
145,9,2148,440,412,408,1,-1,-1,-1
145,18,0,480,284,228,1,-1,-1,-1
145,20,1258,595,370,472,1,-1,-1,-1
145,23,780,556,812,528,1,-1,-1,-1
145,28,484,424,596,192,1,-1,-1,-1
145,29,104,588,872,524,1,-1,-1,-1
145,30,1096,560,624,404,1,-1,-1,-1
146,9,2178,439,412,408,1,-1,-1,-1
146,18,7,479,284,228,1,-1,-1,-1
146,20,1260,603,370,472,1,-1,-1,-1
146,23,775,560,812,528,1,-1,-1,-1
146,28,507,429,568,183,1,-1,-1,-1
146,29,109,581,872,524,1,-1,-1,-1
146,30,1097,558,624,404,1,-1,-1,-1
147,9,2188,437,412,408,1,-1,-1,-1
147,18,5,480,284,228,1,-1,-1,-1
147,20,1259,604,370,472,1,-1,-1,-1
147,23,796,574,773,503,1,-1,-1,-1
147,28,524,435,541,174,1,-1,-1,-1
147,29,128,601,830,499,1,-1,-1,-1
147,30,1086,558,624,404,1,-1,-1,-1
148,9,2186,435,412,408,1,-1,-1,-1
148,18,-1,479,284,228,1,-1,-1,-1
148,20,1229,606,370,472,1,-1,-1,-1
148,23,787,575,773,503,1,-1,-1,-1
148,28,509,431,568,183,1,-1,-1,-1
148,29,102,581,872,524,1,-1,-1,-1
148,30,1079,556,624,404,1,-1,-1,-1
149,9,2190,434,412,408,1,-1,-1,-1
149,18,-9,480,284,228,1,-1,-1,-1
149,20,1219,609,370,472,1,-1,-1,-1
149,23,775,570,773,503,1,-1,-1,-1
149,28,517,429,568,183,1,-1,-1,-1
149,29,117,582,872,524,1,-1,-1,-1
149,30,1059,550,655,424,1,-1,-1,-1
150,9,2200,435,412,408,1,-1,-1,-1
150,18,-16,481,284,228,1,-1,-1,-1
150,20,1214,615,352,450,1,-1,-1,-1
150,23,752,586,737,479,1,-1,-1,-1
150,28,515,425,596,192,1,-1,-1,-1
150,29,100,592,872,524,1,-1,-1,-1
150,30,1045,543,655,424,1,-1,-1,-1
151,9,2203,436,412,408,1,-1,-1,-1
151,18,-20,479,284,228,1,-1,-1,-1
151,20,1213,607,352,450,1,-1,-1,-1
151,23,766,591,737,479,1,-1,-1,-1
151,28,510,424,596,192,1,-1,-1,-1
151,29,100,601,830,499,1,-1,-1,-1
151,30,1030,541,655,424,1,-1,-1,-1
152,9,2209,434,412,408,1,-1,-1,-1
152,18,-17,479,284,228,1,-1,-1,-1
152,20,1210,608,352,450,1,-1,-1,-1
152,23,718,580,737,479,1,-1,-1,-1
152,28,528,429,568,183,1,-1,-1,-1
152,29,88,595,830,499,1,-1,-1,-1
152,30,1016,535,655,424,1,-1,-1,-1
153,9,2224,432,336,412,1,-1,-1,-1
153,18,0,492,276,208,1,-1,-1,-1
153,20,1210,608,352,450,1,-1,-1,-1
153,23,716,556,840,528,1,-1,-1,-1
153,28,532,428,620,180,1,-1,-1,-1
153,29,20,592,876,512,1,-1,-1,-1
153,30,1016,535,655,424,1,-1,-1,-1
153,31,1160,580,520,244,1,-1,-1,-1
154,9,2223,433,336,412,1,-1,-1,-1
154,18,-16,491,276,208,1,-1,-1,-1
154,20,1168,597,352,450,1,-1,-1,-1
154,23,697,552,840,528,1,-1,-1,-1
154,28,529,429,620,180,1,-1,-1,-1
154,29,22,590,876,512,1,-1,-1,-1
154,30,994,534,655,424,1,-1,-1,-1
154,31,1142,583,520,244,1,-1,-1,-1
155,9,2221,434,336,412,1,-1,-1,-1
155,18,-22,492,276,208,1,-1,-1,-1
155,20,1152,596,352,450,1,-1,-1,-1
155,23,668,544,882,554,1,-1,-1,-1
155,28,526,431,620,180,1,-1,-1,-1
155,29,11,588,876,512,1,-1,-1,-1
155,30,967,538,655,424,1,-1,-1,-1
155,31,1138,584,520,244,1,-1,-1,-1
156,9,2217,429,353,433,1,-1,-1,-1
156,18,-30,492,276,208,1,-1,-1,-1
156,20,1145,603,352,450,1,-1,-1,-1
156,23,680,559,840,528,1,-1,-1,-1
156,28,524,432,620,180,1,-1,-1,-1
156,29,21,592,876,512,1,-1,-1,-1
156,31,1129,590,520,244,1,-1,-1,-1
157,9,2226,428,353,433,1,-1,-1,-1
157,18,-40,492,276,208,1,-1,-1,-1
157,20,1147,607,352,450,1,-1,-1,-1
157,23,687,559,840,528,1,-1,-1,-1
157,28,539,439,590,171,1,-1,-1,-1
157,29,1,587,876,512,1,-1,-1,-1
157,31,1127,594,520,244,1,-1,-1,-1
158,9,2243,437,336,412,1,-1,-1,-1
158,18,-49,490,276,208,1,-1,-1,-1
158,20,1152,624,352,450,1,-1,-1,-1
158,23,688,566,840,528,1,-1,-1,-1
158,28,550,442,590,171,1,-1,-1,-1
158,29,23,589,876,512,1,-1,-1,-1
158,31,1109,592,546,256,1,-1,-1,-1
159,9,2242,440,336,412,1,-1,-1,-1
159,18,-50,491,276,208,1,-1,-1,-1
159,23,664,540,882,554,1,-1,-1,-1
159,28,535,440,620,180,1,-1,-1,-1
159,29,-11,594,876,512,1,-1,-1,-1
159,31,1098,599,546,256,1,-1,-1,-1
160,9,2247,440,336,412,1,-1,-1,-1
160,18,-49,491,276,208,1,-1,-1,-1
160,23,680,551,882,554,1,-1,-1,-1
160,28,545,447,590,171,1,-1,-1,-1
160,31,1089,603,546,256,1,-1,-1,-1
161,9,2244,428,316,420,1,-1,-1,-1
161,18,-49,491,276,208,1,-1,-1,-1
161,23,552,564,960,512,1,-1,-1,-1
161,28,532,440,636,180,1,-1,-1,-1
161,31,1089,603,546,256,1,-1,-1,-1
161,32,0,588,848,524,1,-1,-1,-1
161,33,0,488,240,128,1,-1,-1,-1
162,9,2261,429,316,420,1,-1,-1,-1
162,18,-41,497,276,208,1,-1,-1,-1
162,23,571,556,1008,538,1,-1,-1,-1
162,28,533,441,636,180,1,-1,-1,-1
162,31,1044,598,546,256,1,-1,-1,-1
162,32,23,605,808,499,1,-1,-1,-1
162,33,3,489,240,128,1,-1,-1,-1
163,9,2271,431,316,420,1,-1,-1,-1
163,18,-36,501,276,208,1,-1,-1,-1
163,28,525,441,636,180,1,-1,-1,-1
163,31,1054,595,546,256,1,-1,-1,-1
163,32,-7,584,848,524,1,-1,-1,-1
163,33,1,492,240,128,1,-1,-1,-1
164,9,2268,428,316,420,1,-1,-1,-1
164,18,-40,503,276,208,1,-1,-1,-1
164,28,537,446,606,171,1,-1,-1,-1
164,32,-17,579,848,524,1,-1,-1,-1
164,33,-2,491,240,128,1,-1,-1,-1
165,9,2268,432,316,420,1,-1,-1,-1
165,18,-48,501,276,208,1,-1,-1,-1
165,28,542,448,606,171,1,-1,-1,-1
165,32,2,598,808,499,1,-1,-1,-1
165,33,-12,491,240,128,1,-1,-1,-1
166,9,2255,419,332,441,1,-1,-1,-1
166,18,-62,502,263,198,1,-1,-1,-1
166,28,540,449,606,171,1,-1,-1,-1
166,32,1,607,808,499,1,-1,-1,-1
166,33,-30,488,240,128,1,-1,-1,-1
167,9,2255,424,332,441,1,-1,-1,-1
167,28,539,450,606,171,1,-1,-1,-1
167,32,-33,600,808,499,1,-1,-1,-1
167,33,-34,489,240,128,1,-1,-1,-1
168,9,2258,418,332,441,1,-1,-1,-1
168,28,525,444,636,180,1,-1,-1,-1
168,32,-37,605,808,499,1,-1,-1,-1
168,33,-33,489,240,128,1,-1,-1,-1
169,9,2304,432,256,408,1,-1,-1,-1
169,28,552,444,632,172,1,-1,-1,-1
169,32,0,596,740,520,1,-1,-1,-1
169,33,-33,489,240,128,1,-1,-1,-1
169,34,256,548,1128,528,1,-1,-1,-1
169,35,1276,580,512,408,1,-1,-1,-1
170,9,2330,434,256,408,1,-1,-1,-1
170,28,579,442,632,172,1,-1,-1,-1
170,32,5,596,740,520,1,-1,-1,-1
170,33,-7,489,240,128,1,-1,-1,-1
170,34,219,527,1184,554,1,-1,-1,-1
170,35,1303,587,512,408,1,-1,-1,-1
171,9,2343,436,256,408,1,-1,-1,-1
171,28,585,441,632,172,1,-1,-1,-1
171,32,12,599,740,520,1,-1,-1,-1
171,33,-3,491,240,128,1,-1,-1,-1
171,34,266,539,1128,528,1,-1,-1,-1
171,35,1313,585,512,408,1,-1,-1,-1
172,9,2349,439,244,389,1,-1,-1,-1
172,28,576,438,664,181,1,-1,-1,-1
172,32,-1,599,740,520,1,-1,-1,-1
172,33,0,492,240,128,1,-1,-1,-1
172,34,261,539,1128,528,1,-1,-1,-1
172,35,1323,586,512,408,1,-1,-1,-1
173,9,2356,443,244,389,1,-1,-1,-1
173,28,578,438,664,181,1,-1,-1,-1
173,32,-20,589,777,546,1,-1,-1,-1
173,33,9,495,240,128,1,-1,-1,-1
173,34,255,531,1128,528,1,-1,-1,-1
173,35,1337,585,512,408,1,-1,-1,-1
174,9,2381,442,244,389,1,-1,-1,-1
174,28,595,444,664,181,1,-1,-1,-1
174,32,-14,585,777,546,1,-1,-1,-1
174,33,29,501,240,128,1,-1,-1,-1
174,34,272,523,1128,528,1,-1,-1,-1
174,35,1344,577,538,428,1,-1,-1,-1
175,9,2370,426,256,408,1,-1,-1,-1
175,28,616,446,632,172,1,-1,-1,-1
175,32,9,588,777,546,1,-1,-1,-1
175,33,29,500,240,128,1,-1,-1,-1
175,35,1351,583,538,428,1,-1,-1,-1
176,9,2351,432,256,408,1,-1,-1,-1
176,28,618,442,632,172,1,-1,-1,-1
176,32,-3,592,777,546,1,-1,-1,-1
176,33,24,497,252,134,1,-1,-1,-1
176,35,1355,579,538,428,1,-1,-1,-1
177,9,2351,432,256,408,1,-1,-1,-1
177,28,618,442,632,172,1,-1,-1,-1
177,32,0,604,728,516,1,-1,-1,-1
177,33,24,497,252,134,1,-1,-1,-1
177,35,1268,576,580,420,1,-1,-1,-1
177,36,348,524,996,560,1,-1,-1,-1
177,37,2416,424,144,212,1,-1,-1,-1
177,38,0,500,288,568,1,-1,-1,-1
178,9,2324,425,256,408,1,-1,-1,-1
178,28,663,437,632,172,1,-1,-1,-1
178,32,0,609,728,516,1,-1,-1,-1
178,33,35,496,252,134,1,-1,-1,-1
178,35,1283,579,580,420,1,-1,-1,-1
178,36,363,532,996,560,1,-1,-1,-1
178,37,2435,426,144,212,1,-1,-1,-1
178,38,9,500,288,568,1,-1,-1,-1
179,9,2330,428,244,389,1,-1,-1,-1
179,28,678,437,602,164,1,-1,-1,-1
179,32,-8,610,728,516,1,-1,-1,-1
179,33,39,495,252,134,1,-1,-1,-1
179,35,1295,575,580,420,1,-1,-1,-1
179,36,382,527,996,560,1,-1,-1,-1
179,37,2439,428,144,212,1,-1,-1,-1
179,38,8,501,288,568,1,-1,-1,-1
180,32,-24,595,764,542,1,-1,-1,-1
180,33,36,496,252,134,1,-1,-1,-1
180,35,1299,572,580,420,1,-1,-1,-1
180,36,391,541,949,533,1,-1,-1,-1
180,37,2437,429,144,212,1,-1,-1,-1
180,38,-3,504,288,568,1,-1,-1,-1
181,32,-42,596,764,542,1,-1,-1,-1
181,33,31,496,252,134,1,-1,-1,-1
181,35,1303,576,580,420,1,-1,-1,-1
181,36,393,563,903,508,1,-1,-1,-1
181,37,2436,432,144,212,1,-1,-1,-1
181,38,-21,507,288,568,1,-1,-1,-1
182,32,-18,613,728,516,1,-1,-1,-1
182,33,22,496,265,141,1,-1,-1,-1
182,35,1313,585,552,400,1,-1,-1,-1
182,36,395,538,949,533,1,-1,-1,-1
182,37,2437,432,144,212,1,-1,-1,-1
182,38,-37,512,288,568,1,-1,-1,-1
183,32,-38,619,728,516,1,-1,-1,-1
183,33,21,500,265,141,1,-1,-1,-1
183,35,1310,585,552,400,1,-1,-1,-1
183,37,2437,431,144,212,1,-1,-1,-1
183,38,-36,528,274,541,1,-1,-1,-1
184,32,-43,620,728,516,1,-1,-1,-1
184,33,10,502,265,141,1,-1,-1,-1
184,35,1319,590,526,381,1,-1,-1,-1
184,37,2426,425,151,223,1,-1,-1,-1
184,38,-47,529,288,568,1,-1,-1,-1
185,32,0,616,664,508,1,-1,-1,-1
185,33,0,500,272,172,1,-1,-1,-1
185,35,1136,540,704,464,1,-1,-1,-1
185,37,2426,425,151,223,1,-1,-1,-1
185,38,-47,529,288,568,1,-1,-1,-1
185,39,412,516,912,556,1,-1,-1,-1
185,40,2416,424,144,416,1,-1,-1,-1
185,41,668,456,572,144,1,-1,-1,-1
186,32,-10,613,664,508,1,-1,-1,-1
186,33,-11,497,272,172,1,-1,-1,-1
186,35,1125,542,704,464,1,-1,-1,-1
186,37,2408,414,151,223,1,-1,-1,-1
186,38,-75,529,288,568,1,-1,-1,-1
186,39,388,514,912,556,1,-1,-1,-1
186,40,2416,432,137,396,1,-1,-1,-1
186,41,664,455,572,144,1,-1,-1,-1
187,32,-21,615,664,508,1,-1,-1,-1
187,33,-14,496,272,172,1,-1,-1,-1
187,35,1123,539,704,464,1,-1,-1,-1
187,37,2408,418,144,212,1,-1,-1,-1
187,38,-80,527,288,568,1,-1,-1,-1
187,39,390,511,912,556,1,-1,-1,-1
187,40,2417,422,144,416,1,-1,-1,-1
187,41,655,457,572,144,1,-1,-1,-1
188,32,-12,623,664,508,1,-1,-1,-1
188,33,-20,494,272,172,1,-1,-1,-1
188,35,1120,543,704,464,1,-1,-1,-1
188,37,2401,410,151,223,1,-1,-1,-1
188,39,383,505,912,556,1,-1,-1,-1
188,40,2416,418,144,416,1,-1,-1,-1
188,41,637,454,601,151,1,-1,-1,-1
189,32,-39,606,697,533,1,-1,-1,-1
189,33,-27,493,272,172,1,-1,-1,-1
189,35,1097,529,739,487,1,-1,-1,-1
189,37,2395,408,151,223,1,-1,-1,-1
189,39,403,516,869,530,1,-1,-1,-1
189,40,2407,406,151,437,1,-1,-1,-1
189,41,645,455,572,144,1,-1,-1,-1
190,32,-59,617,697,533,1,-1,-1,-1
190,33,-35,490,272,172,1,-1,-1,-1
190,35,1073,525,776,512,1,-1,-1,-1
190,37,2382,403,151,223,1,-1,-1,-1
190,39,383,534,869,530,1,-1,-1,-1
190,40,2391,409,151,437,1,-1,-1,-1
190,41,633,451,601,151,1,-1,-1,-1
191,32,-75,611,697,533,1,-1,-1,-1
191,33,-37,492,272,172,1,-1,-1,-1
191,35,1080,528,776,512,1,-1,-1,-1
191,37,2371,404,151,223,1,-1,-1,-1
191,40,2384,418,144,416,1,-1,-1,-1
191,41,632,455,601,151,1,-1,-1,-1
192,32,-68,603,697,533,1,-1,-1,-1
192,33,-59,489,272,172,1,-1,-1,-1
192,35,1067,524,776,512,1,-1,-1,-1
192,37,2355,402,151,223,1,-1,-1,-1
192,41,628,457,601,151,1,-1,-1,-1
193,32,0,632,508,496,1,-1,-1,-1
193,33,0,496,220,176,1,-1,-1,-1
193,35,1044,540,748,472,1,-1,-1,-1
193,37,2355,402,151,223,1,-1,-1,-1
193,41,616,440,560,164,1,-1,-1,-1
193,42,260,564,952,516,1,-1,-1,-1
193,43,2324,412,236,276,1,-1,-1,-1
193,44,112,504,204,136,1,-1,-1,-1
194,32,-34,636,508,496,1,-1,-1,-1
194,33,-18,496,220,176,1,-1,-1,-1
194,35,1032,541,748,472,1,-1,-1,-1
194,37,2319,401,151,223,1,-1,-1,-1
194,41,604,439,560,164,1,-1,-1,-1
194,42,272,577,907,491,1,-1,-1,-1
194,43,2300,411,236,276,1,-1,-1,-1
194,44,99,503,204,136,1,-1,-1,-1
195,32,-53,630,508,496,1,-1,-1,-1
195,33,-33,496,220,176,1,-1,-1,-1
195,35,1019,539,748,472,1,-1,-1,-1
195,37,2299,399,151,223,1,-1,-1,-1
195,41,589,439,560,164,1,-1,-1,-1
195,42,233,555,952,516,1,-1,-1,-1
195,43,2286,413,236,276,1,-1,-1,-1
195,44,80,495,214,143,1,-1,-1,-1
196,32,-56,630,508,496,1,-1,-1,-1
196,33,-43,497,220,176,1,-1,-1,-1
196,35,1011,536,748,472,1,-1,-1,-1
196,37,2285,397,151,223,1,-1,-1,-1
196,41,585,440,560,164,1,-1,-1,-1
196,42,230,568,952,516,1,-1,-1,-1
196,43,2270,406,236,276,1,-1,-1,-1
196,44,58,489,225,150,1,-1,-1,-1
197,32,-72,626,508,496,1,-1,-1,-1
197,33,-57,495,220,176,1,-1,-1,-1
197,35,1003,529,748,472,1,-1,-1,-1
197,37,2272,392,151,223,1,-1,-1,-1
197,41,574,442,560,164,1,-1,-1,-1
197,42,181,573,907,491,1,-1,-1,-1
197,43,2260,406,225,263,1,-1,-1,-1
197,44,48,490,236,157,1,-1,-1,-1
198,32,-115,641,508,496,1,-1,-1,-1
198,33,-72,497,210,168,1,-1,-1,-1
198,35,1013,545,712,450,1,-1,-1,-1
198,37,2250,389,151,223,1,-1,-1,-1
198,41,537,437,588,172,1,-1,-1,-1
198,42,168,576,907,491,1,-1,-1,-1
198,43,2232,402,225,263,1,-1,-1,-1
198,44,33,490,236,157,1,-1,-1,-1
199,32,-143,649,508,496,1,-1,-1,-1
199,33,-83,496,210,168,1,-1,-1,-1
199,35,997,546,712,450,1,-1,-1,-1
199,37,2236,385,151,223,1,-1,-1,-1
199,41,524,433,617,181,1,-1,-1,-1
199,43,2221,401,214,250,1,-1,-1,-1
199,44,17,488,236,157,1,-1,-1,-1
200,32,-178,653,508,496,1,-1,-1,-1
200,33,-88,493,210,168,1,-1,-1,-1
200,35,1002,553,678,428,1,-1,-1,-1
200,37,2225,387,151,223,1,-1,-1,-1
200,41,525,438,588,172,1,-1,-1,-1
200,43,2210,402,214,250,1,-1,-1,-1
200,44,14,492,236,157,1,-1,-1,-1
201,32,0,648,288,464,1,-1,-1,-1
201,33,-88,493,210,168,1,-1,-1,-1
201,35,936,528,832,492,1,-1,-1,-1
201,37,2225,387,151,223,1,-1,-1,-1
201,41,525,438,588,172,1,-1,-1,-1
201,43,2210,402,214,250,1,-1,-1,-1
201,44,0,496,304,168,1,-1,-1,-1
201,45,2184,384,376,460,1,-1,-1,-1
201,46,96,544,872,536,1,-1,-1,-1
201,47,376,460,756,544,1,-1,-1,-1
202,32,-28,644,288,464,1,-1,-1,-1
202,33,-118,484,220,176,1,-1,-1,-1
202,35,929,525,832,492,1,-1,-1,-1
202,37,2188,392,144,212,1,-1,-1,-1
202,41,469,438,588,172,1,-1,-1,-1
202,43,2175,404,214,250,1,-1,-1,-1
202,44,-19,500,304,168,1,-1,-1,-1
202,45,2165,386,376,460,1,-1,-1,-1
202,46,73,536,872,536,1,-1,-1,-1
202,47,366,461,756,544,1,-1,-1,-1
203,32,-48,646,288,464,1,-1,-1,-1
203,33,-116,489,220,176,1,-1,-1,-1
203,35,904,537,832,492,1,-1,-1,-1
203,43,2152,398,225,263,1,-1,-1,-1
203,44,-35,498,304,168,1,-1,-1,-1
203,45,2151,384,376,460,1,-1,-1,-1
203,46,72,546,830,510,1,-1,-1,-1
203,47,360,459,756,544,1,-1,-1,-1
204,32,-58,643,288,464,1,-1,-1,-1
204,33,-121,489,231,185,1,-1,-1,-1
204,35,924,547,792,469,1,-1,-1,-1
204,43,2149,401,225,263,1,-1,-1,-1
204,44,-47,491,319,176,1,-1,-1,-1
204,45,2144,383,376,460,1,-1,-1,-1
204,46,87,548,830,510,1,-1,-1,-1
204,47,352,462,756,544,1,-1,-1,-1
205,32,-65,637,288,464,1,-1,-1,-1
205,35,920,543,792,469,1,-1,-1,-1
205,43,2151,403,225,263,1,-1,-1,-1
205,44,-35,496,304,168,1,-1,-1,-1
205,45,2142,381,376,460,1,-1,-1,-1
205,46,78,540,830,510,1,-1,-1,-1
205,47,354,460,756,544,1,-1,-1,-1
206,32,-41,633,288,464,1,-1,-1,-1
206,35,955,533,792,469,1,-1,-1,-1
206,43,2154,404,225,263,1,-1,-1,-1
206,44,-38,492,304,168,1,-1,-1,-1
206,45,2130,368,395,483,1,-1,-1,-1
206,46,80,540,830,510,1,-1,-1,-1
206,47,355,477,720,518,1,-1,-1,-1
207,32,-42,670,274,442,1,-1,-1,-1
207,35,938,525,832,492,1,-1,-1,-1
207,43,2149,407,225,263,1,-1,-1,-1
207,44,-60,491,304,168,1,-1,-1,-1
207,45,2130,371,395,483,1,-1,-1,-1
207,46,46,526,872,536,1,-1,-1,-1
207,47,376,488,686,493,1,-1,-1,-1
208,32,-74,665,274,442,1,-1,-1,-1
208,35,940,519,832,492,1,-1,-1,-1
208,43,2135,405,225,263,1,-1,-1,-1
208,44,-71,494,290,160,1,-1,-1,-1
208,45,2117,367,395,483,1,-1,-1,-1
208,46,43,523,872,536,1,-1,-1,-1
208,47,324,478,686,493,1,-1,-1,-1
209,32,-74,665,274,442,1,-1,-1,-1
209,35,944,516,764,496,1,-1,-1,-1
209,43,2135,405,225,263,1,-1,-1,-1
209,44,-71,494,290,160,1,-1,-1,-1
209,45,2120,388,440,452,1,-1,-1,-1
209,46,0,552,864,524,1,-1,-1,-1
209,47,412,464,720,588,1,-1,-1,-1
209,48,516,456,516,144,1,-1,-1,-1
209,49,0,664,96,464,1,-1,-1,-1
209,50,788,572,344,484,1,-1,-1,-1
210,32,-128,666,288,464,1,-1,-1,-1
210,35,958,523,764,496,1,-1,-1,-1
210,43,2128,416,214,250,1,-1,-1,-1
210,45,2119,388,440,452,1,-1,-1,-1
210,46,-7,550,864,524,1,-1,-1,-1
210,47,418,468,720,588,1,-1,-1,-1
210,48,517,456,516,144,1,-1,-1,-1
210,49,3,682,91,442,1,-1,-1,-1
210,50,799,574,344,484,1,-1,-1,-1
211,32,-119,678,274,442,1,-1,-1,-1
211,35,980,531,728,472,1,-1,-1,-1
211,43,2127,411,214,250,1,-1,-1,-1
211,45,2122,388,440,452,1,-1,-1,-1
211,46,-10,558,864,524,1,-1,-1,-1
211,47,442,483,686,560,1,-1,-1,-1
211,48,542,461,491,137,1,-1,-1,-1
211,49,-3,682,91,442,1,-1,-1,-1
211,50,810,577,344,484,1,-1,-1,-1
212,35,990,532,728,472,1,-1,-1,-1
212,43,2128,412,214,250,1,-1,-1,-1
212,45,2123,391,440,452,1,-1,-1,-1
212,46,9,569,823,499,1,-1,-1,-1
212,47,429,470,720,588,1,-1,-1,-1
212,48,557,463,468,131,1,-1,-1,-1
212,49,-3,696,91,442,1,-1,-1,-1
212,50,818,577,344,484,1,-1,-1,-1
213,35,1000,533,728,472,1,-1,-1,-1
213,43,2133,412,214,250,1,-1,-1,-1
213,45,2120,394,440,452,1,-1,-1,-1
213,46,7,574,823,499,1,-1,-1,-1
213,47,425,465,756,617,1,-1,-1,-1
213,48,553,461,491,137,1,-1,-1,-1
213,49,-6,700,87,421,1,-1,-1,-1
213,50,820,563,361,508,1,-1,-1,-1
214,35,1038,537,693,450,1,-1,-1,-1
214,43,2134,413,214,250,1,-1,-1,-1
214,45,2120,389,440,452,1,-1,-1,-1
214,46,13,572,823,499,1,-1,-1,-1
214,47,417,466,756,617,1,-1,-1,-1
214,48,561,461,491,137,1,-1,-1,-1
214,49,-12,699,87,421,1,-1,-1,-1
214,50,855,575,344,484,1,-1,-1,-1
215,35,1041,551,660,428,1,-1,-1,-1
215,43,2133,417,214,250,1,-1,-1,-1
215,45,2109,375,462,475,1,-1,-1,-1
215,46,7,574,823,499,1,-1,-1,-1
215,47,423,463,756,617,1,-1,-1,-1
215,48,581,462,468,131,1,-1,-1,-1
215,50,865,571,344,484,1,-1,-1,-1
216,35,1065,544,660,428,1,-1,-1,-1
216,43,2130,413,214,250,1,-1,-1,-1
216,45,2108,374,462,475,1,-1,-1,-1
216,46,-37,566,823,499,1,-1,-1,-1
216,47,417,461,756,617,1,-1,-1,-1
216,48,594,466,446,124,1,-1,-1,-1
216,50,865,567,344,484,1,-1,-1,-1
217,35,968,508,792,512,1,-1,-1,-1
217,43,2130,413,214,250,1,-1,-1,-1
217,45,2116,416,440,432,1,-1,-1,-1
217,46,0,556,852,520,1,-1,-1,-1
217,47,516,492,756,572,1,-1,-1,-1
217,48,572,468,472,128,1,-1,-1,-1
217,50,865,567,344,484,1,-1,-1,-1
