1,0,1556,468,108,172,1,-1,-1,-1
1,1,1456,560,76,156,1,-1,-1,-1
1,2,848,544,84,160,1,-1,-1,-1
1,3,292,500,160,208,1,-1,-1,-1
1,4,1088,544,48,140,1,-1,-1,-1
1,5,1924,536,72,184,1,-1,-1,-1
2,0,1552,466,108,172,1,-1,-1,-1
2,1,1452,557,76,156,1,-1,-1,-1
2,2,853,543,84,160,1,-1,-1,-1
2,3,288,499,160,208,1,-1,-1,-1
2,4,1084,540,50,147,1,-1,-1,-1
2,5,1921,535,72,184,1,-1,-1,-1
3,0,1549,464,108,172,1,-1,-1,-1
3,1,1443,553,76,156,1,-1,-1,-1
3,2,855,542,84,160,1,-1,-1,-1
3,3,284,498,160,208,1,-1,-1,-1
3,4,1080,539,50,147,1,-1,-1,-1
3,5,1915,534,72,184,1,-1,-1,-1
4,0,1546,466,108,172,1,-1,-1,-1
4,1,1440,548,76,156,1,-1,-1,-1
4,2,855,531,84,160,1,-1,-1,-1
4,3,279,496,160,208,1,-1,-1,-1
4,4,1076,538,50,147,1,-1,-1,-1
4,5,1912,532,72,184,1,-1,-1,-1
5,0,1537,462,108,172,1,-1,-1,-1
5,1,1433,543,80,164,1,-1,-1,-1
5,2,845,532,88,168,1,-1,-1,-1
5,3,275,495,160,208,1,-1,-1,-1
5,4,1071,536,50,147,1,-1,-1,-1
5,5,1904,531,72,184,1,-1,-1,-1
6,0,1534,460,108,172,1,-1,-1,-1
6,3,271,494,160,208,1,-1,-1,-1
6,4,1066,535,50,147,1,-1,-1,-1
7,0,1530,458,108,172,1,-1,-1,-1
7,3,266,492,160,208,1,-1,-1,-1
7,4,1062,533,50,147,1,-1,-1,-1
8,0,1522,454,113,181,1,-1,-1,-1
8,3,260,492,160,208,1,-1,-1,-1
8,4,1057,533,50,147,1,-1,-1,-1
9,0,1520,456,108,176,1,-1,-1,-1
9,3,256,492,156,204,1,-1,-1,-1
9,4,1052,528,52,148,1,-1,-1,-1
9,6,1404,520,68,184,1,-1,-1,-1
9,7,1784,500,136,196,1,-1,-1,-1
9,8,888,520,76,160,1,-1,-1,-1
10,0,1518,457,108,176,1,-1,-1,-1
10,3,253,491,156,204,1,-1,-1,-1
10,4,1050,527,52,148,1,-1,-1,-1
10,6,1400,518,68,184,1,-1,-1,-1
10,7,1781,499,136,196,1,-1,-1,-1
10,8,889,519,76,160,1,-1,-1,-1
11,0,1513,456,108,176,1,-1,-1,-1
11,3,249,491,156,204,1,-1,-1,-1
11,4,1047,526,52,148,1,-1,-1,-1
11,6,1395,516,68,184,1,-1,-1,-1
11,7,1776,499,136,196,1,-1,-1,-1
11,8,889,518,76,160,1,-1,-1,-1
12,0,1507,456,108,176,1,-1,-1,-1
12,3,245,490,156,204,1,-1,-1,-1
12,4,1042,526,52,148,1,-1,-1,-1
12,6,1388,513,68,184,1,-1,-1,-1
12,7,1772,498,136,196,1,-1,-1,-1
12,8,885,511,80,168,1,-1,-1,-1
13,0,1503,454,108,176,1,-1,-1,-1
13,3,242,490,156,204,1,-1,-1,-1
13,4,1037,525,52,148,1,-1,-1,-1
13,6,1382,511,68,184,1,-1,-1,-1
13,7,1769,498,136,196,1,-1,-1,-1
13,8,883,509,80,168,1,-1,-1,-1
14,0,1500,454,108,176,1,-1,-1,-1
14,3,237,491,156,204,1,-1,-1,-1
14,4,1034,529,50,141,1,-1,-1,-1
14,7,1764,497,136,196,1,-1,-1,-1
15,0,1495,453,108,176,1,-1,-1,-1
15,3,234,490,156,204,1,-1,-1,-1
15,4,1028,525,52,148,1,-1,-1,-1
15,7,1760,496,136,196,1,-1,-1,-1
16,0,1492,453,108,176,1,-1,-1,-1
16,3,229,490,156,204,1,-1,-1,-1
16,4,1025,527,52,148,1,-1,-1,-1
16,7,1756,497,136,196,1,-1,-1,-1
17,0,1492,453,108,176,1,-1,-1,-1
17,3,229,490,156,204,1,-1,-1,-1
17,4,1025,527,52,148,1,-1,-1,-1
17,7,1756,497,136,196,1,-1,-1,-1
18,0,1485,452,108,176,1,-1,-1,-1
18,3,222,490,156,204,1,-1,-1,-1
18,7,1748,496,136,196,1,-1,-1,-1
19,0,1482,451,108,176,1,-1,-1,-1
19,3,219,490,156,204,1,-1,-1,-1
19,7,1746,495,136,196,1,-1,-1,-1
20,0,1479,451,108,176,1,-1,-1,-1
20,3,217,490,156,204,1,-1,-1,-1
20,7,1743,492,136,196,1,-1,-1,-1
21,0,1475,450,108,176,1,-1,-1,-1
21,3,214,489,156,204,1,-1,-1,-1
21,7,1738,491,136,196,1,-1,-1,-1
22,0,1472,450,108,176,1,-1,-1,-1
22,3,211,489,156,204,1,-1,-1,-1
22,7,1736,490,136,196,1,-1,-1,-1
23,0,1470,449,108,176,1,-1,-1,-1
23,3,209,488,156,204,1,-1,-1,-1
23,7,1734,488,136,196,1,-1,-1,-1
24,0,1469,448,108,176,1,-1,-1,-1
24,3,204,484,164,214,1,-1,-1,-1
25,0,1460,440,108,168,1,-1,-1,-1
25,3,204,484,164,214,1,-1,-1,-1
25,9,1728,500,128,176,1,-1,-1,-1
25,10,1320,528,80,148,1,-1,-1,-1
26,0,1459,440,108,168,1,-1,-1,-1
26,3,200,482,164,214,1,-1,-1,-1
26,9,1726,500,128,176,1,-1,-1,-1
26,10,1318,526,80,148,1,-1,-1,-1
27,0,1457,440,108,168,1,-1,-1,-1
27,3,202,486,156,204,1,-1,-1,-1
27,9,1723,503,128,176,1,-1,-1,-1
27,10,1313,522,84,155,1,-1,-1,-1
28,0,1459,443,103,160,1,-1,-1,-1
28,3,199,486,156,204,1,-1,-1,-1
28,9,1721,505,128,176,1,-1,-1,-1
28,10,1308,525,84,155,1,-1,-1,-1
29,0,1457,443,103,160,1,-1,-1,-1
29,3,197,486,156,204,1,-1,-1,-1
29,9,1717,506,128,176,1,-1,-1,-1
29,10,1307,532,80,148,1,-1,-1,-1
30,0,1455,442,103,160,1,-1,-1,-1
30,3,194,487,156,204,1,-1,-1,-1
30,9,1714,506,128,176,1,-1,-1,-1
31,0,1453,442,103,160,1,-1,-1,-1
31,3,192,487,156,204,1,-1,-1,-1
31,9,1711,504,128,176,1,-1,-1,-1
32,0,1447,437,108,168,1,-1,-1,-1
32,3,190,486,156,204,1,-1,-1,-1
32,9,1709,503,128,176,1,-1,-1,-1
33,0,1448,436,108,180,1,-1,-1,-1
33,3,184,488,160,200,1,-1,-1,-1
33,9,1712,492,112,176,1,-1,-1,-1
33,11,940,524,116,132,1,-1,-1,-1
33,12,1260,524,76,140,1,-1,-1,-1
33,13,880,504,56,152,1,-1,-1,-1
34,0,1447,436,108,180,1,-1,-1,-1
34,3,182,488,160,200,1,-1,-1,-1
34,9,1710,491,112,176,1,-1,-1,-1
34,11,937,522,116,132,1,-1,-1,-1
34,12,1252,524,76,140,1,-1,-1,-1
34,13,879,505,56,152,1,-1,-1,-1
35,0,1446,435,108,180,1,-1,-1,-1
35,3,182,489,160,200,1,-1,-1,-1
35,9,1704,492,112,176,1,-1,-1,-1
35,11,932,520,116,132,1,-1,-1,-1
35,12,1245,523,76,140,1,-1,-1,-1
35,13,878,506,56,152,1,-1,-1,-1
36,0,1444,434,108,180,1,-1,-1,-1
36,3,180,489,160,200,1,-1,-1,-1
36,9,1698,491,112,176,1,-1,-1,-1
36,11,934,522,110,126,1,-1,-1,-1
36,12,1234,517,72,133,1,-1,-1,-1
36,13,877,506,56,152,1,-1,-1,-1
37,0,1442,435,108,180,1,-1,-1,-1
37,3,178,490,160,200,1,-1,-1,-1
37,9,1689,488,118,185,1,-1,-1,-1
37,11,929,522,110,126,1,-1,-1,-1
37,13,875,505,56,152,1,-1,-1,-1
38,0,1438,432,113,189,1,-1,-1,-1
38,3,178,491,160,200,1,-1,-1,-1
38,9,1681,488,118,185,1,-1,-1,-1
38,11,928,522,110,126,1,-1,-1,-1
38,13,873,508,56,152,1,-1,-1,-1
39,0,1442,437,108,180,1,-1,-1,-1
39,3,179,492,160,200,1,-1,-1,-1
39,9,1668,487,118,185,1,-1,-1,-1
39,11,931,526,110,126,1,-1,-1,-1
39,13,873,514,56,152,1,-1,-1,-1
40,0,1442,437,108,180,1,-1,-1,-1
40,3,180,492,160,200,1,-1,-1,-1
41,0,1444,436,108,172,1,-1,-1,-1
41,3,188,488,160,212,1,-1,-1,-1
41,14,1216,520,68,148,1,-1,-1,-1
41,15,1636,528,100,140,1,-1,-1,-1
41,16,932,536,72,128,1,-1,-1,-1
41,17,1716,488,60,160,1,-1,-1,-1
42,0,1448,440,103,164,1,-1,-1,-1
42,3,189,489,160,212,1,-1,-1,-1
42,14,1215,521,68,148,1,-1,-1,-1
42,15,1633,528,100,140,1,-1,-1,-1
42,16,930,536,72,128,1,-1,-1,-1
42,17,1716,488,60,160,1,-1,-1,-1
43,0,1451,439,103,164,1,-1,-1,-1
43,3,195,490,160,212,1,-1,-1,-1
43,14,1214,523,68,148,1,-1,-1,-1
43,15,1633,527,100,140,1,-1,-1,-1
43,16,931,537,72,128,1,-1,-1,-1
43,17,1718,488,60,160,1,-1,-1,-1
44,0,1455,440,103,164,1,-1,-1,-1
44,3,202,496,152,202,1,-1,-1,-1
44,14,1212,513,71,155,1,-1,-1,-1
44,15,1631,525,100,140,1,-1,-1,-1
44,16,942,526,72,128,1,-1,-1,-1
44,17,1722,488,60,160,1,-1,-1,-1
45,0,1458,438,103,164,1,-1,-1,-1
45,3,205,496,152,202,1,-1,-1,-1
45,14,1210,512,71,155,1,-1,-1,-1
45,15,1627,525,100,140,1,-1,-1,-1
45,16,945,525,72,128,1,-1,-1,-1
45,17,1726,487,60,160,1,-1,-1,-1
46,0,1461,438,103,164,1,-1,-1,-1
46,3,210,496,152,202,1,-1,-1,-1
46,15,1626,529,100,140,1,-1,-1,-1
46,17,1728,482,63,168,1,-1,-1,-1
47,0,1466,437,103,164,1,-1,-1,-1
47,3,213,496,152,202,1,-1,-1,-1
47,17,1732,482,63,168,1,-1,-1,-1
48,0,1467,437,103,164,1,-1,-1,-1
48,3,216,497,152,202,1,-1,-1,-1
48,17,1735,481,63,168,1,-1,-1,-1
49,0,1472,432,104,176,1,-1,-1,-1
49,3,216,497,152,202,1,-1,-1,-1
49,17,1735,481,63,168,1,-1,-1,-1
49,18,1624,520,92,140,1,-1,-1,-1
49,19,1192,520,84,144,1,-1,-1,-1
50,0,1475,436,99,168,1,-1,-1,-1
50,3,221,497,152,202,1,-1,-1,-1
50,17,1739,479,63,168,1,-1,-1,-1
50,18,1623,517,92,140,1,-1,-1,-1
50,19,1190,518,84,144,1,-1,-1,-1
51,0,1476,431,104,176,1,-1,-1,-1
51,3,225,497,152,202,1,-1,-1,-1
51,17,1741,478,63,168,1,-1,-1,-1
51,18,1621,514,92,140,1,-1,-1,-1
51,19,1187,517,84,144,1,-1,-1,-1
52,0,1480,431,104,176,1,-1,-1,-1
52,3,228,498,152,202,1,-1,-1,-1
52,17,1745,478,63,168,1,-1,-1,-1
52,18,1618,511,92,140,1,-1,-1,-1
52,19,1178,509,88,151,1,-1,-1,-1
53,0,1484,432,104,176,1,-1,-1,-1
53,3,230,496,152,202,1,-1,-1,-1
53,17,1749,478,63,168,1,-1,-1,-1
53,18,1614,509,92,140,1,-1,-1,-1
53,19,1175,509,88,151,1,-1,-1,-1
54,0,1487,432,104,176,1,-1,-1,-1
54,3,234,496,152,202,1,-1,-1,-1
54,17,1752,478,63,168,1,-1,-1,-1
54,18,1611,510,92,140,1,-1,-1,-1
55,0,1490,433,104,176,1,-1,-1,-1
55,3,237,497,152,202,1,-1,-1,-1
55,17,1756,478,63,168,1,-1,-1,-1
55,18,1606,509,92,140,1,-1,-1,-1
56,0,1493,433,104,176,1,-1,-1,-1
56,3,239,497,152,202,1,-1,-1,-1
56,17,1758,478,63,168,1,-1,-1,-1
57,0,1496,436,124,172,1,-1,-1,-1
57,3,239,497,152,202,1,-1,-1,-1
57,17,1758,478,63,168,1,-1,-1,-1
57,20,1144,500,96,164,1,-1,-1,-1
57,21,948,536,60,120,1,-1,-1,-1
57,22,1612,524,84,136,1,-1,-1,-1
57,23,1764,484,132,172,1,-1,-1,-1
58,0,1497,437,124,172,1,-1,-1,-1
58,3,245,499,152,202,1,-1,-1,-1
58,17,1763,479,63,168,1,-1,-1,-1
58,20,1140,501,96,164,1,-1,-1,-1
58,21,948,539,60,120,1,-1,-1,-1
58,22,1608,524,84,136,1,-1,-1,-1
58,23,1766,484,132,172,1,-1,-1,-1
59,0,1500,439,124,172,1,-1,-1,-1
59,3,247,499,152,202,1,-1,-1,-1
59,17,1768,482,60,160,1,-1,-1,-1
59,20,1139,505,96,164,1,-1,-1,-1
59,21,949,544,60,120,1,-1,-1,-1
59,22,1607,524,84,136,1,-1,-1,-1
59,23,1769,484,132,172,1,-1,-1,-1
60,0,1502,440,124,172,1,-1,-1,-1
60,3,251,502,152,202,1,-1,-1,-1
60,17,1771,484,60,160,1,-1,-1,-1
60,20,1138,514,96,164,1,-1,-1,-1
60,21,948,548,63,126,1,-1,-1,-1
60,22,1605,521,88,143,1,-1,-1,-1
60,23,1772,486,132,172,1,-1,-1,-1
61,0,1504,442,124,172,1,-1,-1,-1
61,3,252,502,152,202,1,-1,-1,-1
61,17,1775,488,57,152,1,-1,-1,-1
61,20,1132,513,96,164,1,-1,-1,-1
61,21,949,547,63,126,1,-1,-1,-1
61,22,1603,523,88,143,1,-1,-1,-1
61,23,1774,488,132,172,1,-1,-1,-1
62,0,1506,444,124,172,1,-1,-1,-1
62,3,254,505,152,202,1,-1,-1,-1
62,17,1776,491,57,152,1,-1,-1,-1
62,20,1115,513,96,164,1,-1,-1,-1
62,21,952,546,63,126,1,-1,-1,-1
62,23,1776,490,132,172,1,-1,-1,-1
63,0,1507,446,124,172,1,-1,-1,-1
63,3,257,508,152,202,1,-1,-1,-1
63,17,1779,493,57,152,1,-1,-1,-1
63,23,1781,498,126,164,1,-1,-1,-1
64,0,1509,448,124,172,1,-1,-1,-1
64,3,259,513,152,202,1,-1,-1,-1
64,17,1782,500,54,145,1,-1,-1,-1
64,23,1783,502,126,164,1,-1,-1,-1
65,0,1509,448,124,172,1,-1,-1,-1
65,3,256,512,164,208,1,-1,-1,-1
65,17,1782,500,54,145,1,-1,-1,-1
65,23,1783,502,126,164,1,-1,-1,-1
65,24,1572,536,92,152,1,-1,-1,-1
65,25,1068,540,92,132,1,-1,-1,-1
65,26,952,544,60,116,1,-1,-1,-1
65,27,872,476,52,168,1,-1,-1,-1
66,0,1512,462,124,172,1,-1,-1,-1
66,3,257,517,164,208,1,-1,-1,-1
66,17,1786,512,54,145,1,-1,-1,-1
66,23,1787,515,126,164,1,-1,-1,-1
66,24,1572,544,92,152,1,-1,-1,-1
66,25,1062,547,92,132,1,-1,-1,-1
66,26,952,547,60,116,1,-1,-1,-1
66,27,872,482,50,160,1,-1,-1,-1
67,0,1518,468,118,164,1,-1,-1,-1
67,3,258,522,164,208,1,-1,-1,-1
67,17,1788,517,54,145,1,-1,-1,-1
67,23,1789,519,126,164,1,-1,-1,-1
67,24,1572,551,92,152,1,-1,-1,-1
67,25,1055,555,88,126,1,-1,-1,-1
67,26,951,554,60,116,1,-1,-1,-1
67,27,874,497,47,152,1,-1,-1,-1
68,3,261,527,164,208,1,-1,-1,-1
68,17,1790,523,54,145,1,-1,-1,-1
68,23,1790,525,126,164,1,-1,-1,-1
68,24,1571,557,92,152,1,-1,-1,-1
68,25,1043,556,92,132,1,-1,-1,-1
68,26,949,560,60,116,1,-1,-1,-1
68,27,874,505,50,160,1,-1,-1,-1
69,3,262,534,164,208,1,-1,-1,-1
69,23,1792,530,126,164,1,-1,-1,-1
69,24,1573,561,92,152,1,-1,-1,-1
69,25,1038,561,92,132,1,-1,-1,-1
69,26,951,568,60,116,1,-1,-1,-1
69,27,872,519,50,160,1,-1,-1,-1
70,3,264,539,164,208,1,-1,-1,-1
70,23,1795,536,126,164,1,-1,-1,-1
70,24,1570,564,92,152,1,-1,-1,-1
70,26,954,581,57,110,1,-1,-1,-1
71,3,266,543,164,208,1,-1,-1,-1
71,23,1798,541,126,164,1,-1,-1,-1
71,24,1564,576,88,145,1,-1,-1,-1
72,3,269,547,164,208,1,-1,-1,-1
72,23,1800,546,126,164,1,-1,-1,-1
73,3,280,560,152,200,1,-1,-1,-1
73,23,1812,556,120,168,1,-1,-1,-1
73,28,1524,496,128,228,1,-1,-1,-1
73,29,1028,556,72,168,1,-1,-1,-1
74,3,282,563,152,200,1,-1,-1,-1
74,23,1815,559,120,168,1,-1,-1,-1
74,28,1524,498,128,228,1,-1,-1,-1
74,29,1025,562,72,168,1,-1,-1,-1
75,3,287,573,145,190,1,-1,-1,-1
75,23,1819,565,120,168,1,-1,-1,-1
75,28,1524,508,128,228,1,-1,-1,-1
75,29,1020,567,72,168,1,-1,-1,-1
76,3,286,572,152,200,1,-1,-1,-1
76,23,1821,569,120,168,1,-1,-1,-1
76,28,1522,512,128,228,1,-1,-1,-1
76,29,1016,569,76,176,1,-1,-1,-1
77,3,290,576,152,200,1,-1,-1,-1
77,23,1823,573,120,168,1,-1,-1,-1
77,28,1519,516,128,228,1,-1,-1,-1
77,29,1011,572,76,176,1,-1,-1,-1
78,3,293,580,152,200,1,-1,-1,-1
78,23,1826,578,120,168,1,-1,-1,-1
78,28,1523,524,122,217,1,-1,-1,-1
79,3,295,585,152,200,1,-1,-1,-1
79,23,1829,581,120,168,1,-1,-1,-1
79,28,1539,523,122,217,1,-1,-1,-1
80,3,298,590,152,200,1,-1,-1,-1
80,23,1831,585,120,168,1,-1,-1,-1
81,3,296,588,160,204,1,-1,-1,-1
81,23,1832,588,116,160,1,-1,-1,-1
81,30,1488,524,112,232,1,-1,-1,-1
82,3,297,590,160,204,1,-1,-1,-1
82,23,1834,590,116,160,1,-1,-1,-1
82,30,1488,527,112,232,1,-1,-1,-1
83,3,300,592,160,204,1,-1,-1,-1
83,23,1836,593,116,160,1,-1,-1,-1
83,30,1488,532,112,232,1,-1,-1,-1
84,3,302,594,160,204,1,-1,-1,-1
84,23,1838,595,116,160,1,-1,-1,-1
84,30,1487,537,112,232,1,-1,-1,-1
85,3,300,593,168,214,1,-1,-1,-1
85,23,1840,598,116,160,1,-1,-1,-1
85,30,1487,542,112,232,1,-1,-1,-1
86,3,305,599,160,204,1,-1,-1,-1
86,23,1841,601,116,160,1,-1,-1,-1
86,30,1487,545,112,232,1,-1,-1,-1
87,3,307,601,160,204,1,-1,-1,-1
87,23,1843,603,116,160,1,-1,-1,-1
87,30,1487,547,112,232,1,-1,-1,-1
88,3,308,603,160,204,1,-1,-1,-1
88,23,1845,605,116,160,1,-1,-1,-1
88,30,1487,543,118,244,1,-1,-1,-1
89,3,308,596,160,216,1,-1,-1,-1
89,23,1845,605,116,160,1,-1,-1,-1
89,30,1487,543,118,244,1,-1,-1,-1
89,31,1484,640,76,136,1,-1,-1,-1
89,32,1564,544,120,176,1,-1,-1,-1
90,3,309,597,160,216,1,-1,-1,-1
90,23,1847,608,116,160,1,-1,-1,-1
90,31,1484,639,76,136,1,-1,-1,-1
90,32,1565,545,120,176,1,-1,-1,-1
91,3,310,599,160,216,1,-1,-1,-1
91,23,1846,610,116,160,1,-1,-1,-1
91,31,1484,639,76,136,1,-1,-1,-1
91,32,1566,547,120,176,1,-1,-1,-1
92,3,311,600,160,216,1,-1,-1,-1
92,23,1847,611,116,160,1,-1,-1,-1
92,31,1483,639,76,136,1,-1,-1,-1
92,32,1569,553,114,168,1,-1,-1,-1
93,3,311,601,160,216,1,-1,-1,-1
93,23,1847,613,116,160,1,-1,-1,-1
93,31,1483,640,76,136,1,-1,-1,-1
93,32,1570,553,114,168,1,-1,-1,-1
94,3,311,602,160,216,1,-1,-1,-1
94,23,1846,614,116,160,1,-1,-1,-1
94,31,1480,641,76,136,1,-1,-1,-1
94,32,1571,555,114,168,1,-1,-1,-1
95,3,310,602,160,216,1,-1,-1,-1
95,23,1846,615,116,160,1,-1,-1,-1
95,31,1473,640,76,136,1,-1,-1,-1
95,32,1571,556,114,168,1,-1,-1,-1
96,3,310,603,160,216,1,-1,-1,-1
96,23,1846,616,116,160,1,-1,-1,-1
96,31,1466,643,72,130,1,-1,-1,-1
96,32,1567,553,120,176,1,-1,-1,-1
97,3,312,616,156,212,1,-1,-1,-1
97,23,1846,616,116,160,1,-1,-1,-1
97,31,1468,640,68,148,1,-1,-1,-1
97,32,1572,560,120,180,1,-1,-1,-1
98,3,312,616,156,212,1,-1,-1,-1
98,23,1842,614,122,168,1,-1,-1,-1
98,31,1466,640,68,148,1,-1,-1,-1
98,32,1573,560,120,180,1,-1,-1,-1
99,3,313,616,156,212,1,-1,-1,-1
99,23,1841,615,122,168,1,-1,-1,-1
99,31,1464,640,68,148,1,-1,-1,-1
99,32,1572,561,120,180,1,-1,-1,-1
100,3,313,617,156,212,1,-1,-1,-1
100,23,1839,617,122,168,1,-1,-1,-1
100,31,1462,639,68,148,1,-1,-1,-1
100,32,1573,562,120,180,1,-1,-1,-1
101,3,313,618,156,212,1,-1,-1,-1
101,23,1841,621,116,160,1,-1,-1,-1
101,31,1459,638,68,148,1,-1,-1,-1
101,32,1574,562,120,180,1,-1,-1,-1
102,3,313,618,156,212,1,-1,-1,-1
102,23,1840,621,116,160,1,-1,-1,-1
102,32,1573,562,120,180,1,-1,-1,-1
103,3,312,618,156,212,1,-1,-1,-1
103,23,1839,623,116,160,1,-1,-1,-1
103,32,1572,563,120,180,1,-1,-1,-1
104,3,311,618,156,212,1,-1,-1,-1
104,23,1838,624,116,160,1,-1,-1,-1
104,32,1572,564,120,180,1,-1,-1,-1
105,3,312,620,160,208,1,-1,-1,-1
105,23,1832,628,128,176,1,-1,-1,-1
105,32,1568,560,116,180,1,-1,-1,-1
105,33,1452,632,68,156,1,-1,-1,-1
105,34,876,592,64,156,1,-1,-1,-1
105,35,1004,552,56,132,1,-1,-1,-1
106,3,312,620,160,208,1,-1,-1,-1
106,23,1831,628,128,176,1,-1,-1,-1
106,32,1567,560,116,180,1,-1,-1,-1
106,33,1451,631,68,156,1,-1,-1,-1
106,34,874,595,64,156,1,-1,-1,-1
106,35,1006,553,56,132,1,-1,-1,-1
107,3,313,621,160,208,1,-1,-1,-1
107,23,1829,628,128,176,1,-1,-1,-1
107,32,1567,560,116,180,1,-1,-1,-1
107,33,1450,632,68,156,1,-1,-1,-1
107,34,872,599,64,156,1,-1,-1,-1
107,35,1010,555,56,132,1,-1,-1,-1
108,3,313,622,160,208,1,-1,-1,-1
108,23,1828,628,128,176,1,-1,-1,-1
108,32,1567,561,116,180,1,-1,-1,-1
108,33,1449,632,68,156,1,-1,-1,-1
108,34,870,597,64,156,1,-1,-1,-1
108,35,1014,558,56,132,1,-1,-1,-1
109,3,312,623,160,208,1,-1,-1,-1
109,23,1827,630,128,176,1,-1,-1,-1
109,32,1566,561,116,180,1,-1,-1,-1
109,33,1445,625,71,164,1,-1,-1,-1
109,34,873,598,61,149,1,-1,-1,-1
109,35,1017,554,59,139,1,-1,-1,-1
110,3,312,622,160,208,1,-1,-1,-1
110,23,1827,630,128,176,1,-1,-1,-1
110,32,1566,561,116,180,1,-1,-1,-1
110,33,1441,622,71,164,1,-1,-1,-1
111,3,310,622,160,208,1,-1,-1,-1
111,23,1825,631,128,176,1,-1,-1,-1
111,32,1566,562,116,180,1,-1,-1,-1
112,3,310,622,160,208,1,-1,-1,-1
112,23,1823,632,128,176,1,-1,-1,-1
112,32,1566,562,116,180,1,-1,-1,-1
113,3,312,620,160,208,1,-1,-1,-1
113,23,1816,632,108,168,1,-1,-1,-1
113,32,1564,564,112,176,1,-1,-1,-1
113,36,1424,628,92,160,1,-1,-1,-1
113,37,1036,540,56,120,1,-1,-1,-1
113,38,868,584,52,156,1,-1,-1,-1
114,3,311,620,160,208,1,-1,-1,-1
114,23,1814,632,108,168,1,-1,-1,-1
114,32,1563,564,112,176,1,-1,-1,-1
114,36,1422,630,92,160,1,-1,-1,-1
114,37,1038,539,56,120,1,-1,-1,-1
114,38,867,584,52,156,1,-1,-1,-1
115,3,310,620,160,208,1,-1,-1,-1
115,23,1813,632,108,168,1,-1,-1,-1
115,32,1563,565,112,176,1,-1,-1,-1
115,36,1418,632,92,160,1,-1,-1,-1
115,37,1040,534,59,126,1,-1,-1,-1
115,38,865,584,52,156,1,-1,-1,-1
116,3,311,620,160,208,1,-1,-1,-1
116,23,1811,631,108,168,1,-1,-1,-1
116,32,1564,565,112,176,1,-1,-1,-1
116,36,1413,630,92,160,1,-1,-1,-1
116,37,1045,533,56,120,1,-1,-1,-1
116,38,864,578,55,164,1,-1,-1,-1
117,3,311,620,160,208,1,-1,-1,-1
117,23,1807,628,113,176,1,-1,-1,-1
117,32,1564,565,112,176,1,-1,-1,-1
117,36,1405,625,97,168,1,-1,-1,-1
117,37,1049,531,56,120,1,-1,-1,-1
117,38,864,583,52,156,1,-1,-1,-1
118,3,310,620,160,208,1,-1,-1,-1
118,23,1803,628,113,176,1,-1,-1,-1
118,32,1562,565,112,176,1,-1,-1,-1
118,36,1402,625,97,168,1,-1,-1,-1
119,3,309,620,160,208,1,-1,-1,-1
119,23,1802,628,113,176,1,-1,-1,-1
119,32,1562,565,112,176,1,-1,-1,-1
119,36,1400,623,97,168,1,-1,-1,-1
120,3,308,620,160,208,1,-1,-1,-1
120,23,1800,629,113,176,1,-1,-1,-1
120,32,1561,566,112,176,1,-1,-1,-1
121,3,304,620,160,208,1,-1,-1,-1
121,23,1800,628,108,176,1,-1,-1,-1
121,32,1560,564,108,180,1,-1,-1,-1
121,39,1380,636,84,148,1,-1,-1,-1
121,40,876,572,72,168,1,-1,-1,-1
122,3,303,622,160,208,1,-1,-1,-1
122,23,1796,624,113,185,1,-1,-1,-1
122,32,1560,563,108,180,1,-1,-1,-1
122,39,1378,637,84,148,1,-1,-1,-1
122,40,877,573,72,168,1,-1,-1,-1
123,3,305,627,152,198,1,-1,-1,-1
123,23,1795,624,113,185,1,-1,-1,-1
123,32,1559,564,108,180,1,-1,-1,-1
123,39,1374,637,84,148,1,-1,-1,-1
123,40,878,575,72,168,1,-1,-1,-1
124,3,308,631,145,189,1,-1,-1,-1
124,23,1793,625,113,185,1,-1,-1,-1
124,32,1557,564,108,180,1,-1,-1,-1
124,39,1371,640,84,148,1,-1,-1,-1
124,40,877,578,72,168,1,-1,-1,-1
125,3,307,633,145,189,1,-1,-1,-1
125,23,1791,625,113,185,1,-1,-1,-1
125,32,1555,565,108,180,1,-1,-1,-1
125,39,1367,643,84,148,1,-1,-1,-1
125,40,877,576,72,168,1,-1,-1,-1
126,3,306,634,145,189,1,-1,-1,-1
126,23,1792,629,108,176,1,-1,-1,-1
126,32,1555,566,108,180,1,-1,-1,-1
126,39,1363,646,84,148,1,-1,-1,-1
127,3,303,634,145,189,1,-1,-1,-1
127,23,1790,629,108,176,1,-1,-1,-1
127,32,1553,566,108,180,1,-1,-1,-1
127,39,1362,646,84,148,1,-1,-1,-1
128,3,303,633,145,189,1,-1,-1,-1
128,23,1792,634,103,168,1,-1,-1,-1
128,32,1553,567,108,180,1,-1,-1,-1
128,39,1361,646,84,148,1,-1,-1,-1
129,3,292,620,164,212,1,-1,-1,-1
129,23,1780,632,116,192,1,-1,-1,-1
129,32,1548,568,108,180,1,-1,-1,-1
129,39,1356,628,76,148,1,-1,-1,-1
129,41,924,552,64,132,1,-1,-1,-1
130,3,291,620,164,212,1,-1,-1,-1
130,23,1780,632,116,192,1,-1,-1,-1
130,32,1547,567,108,180,1,-1,-1,-1
130,39,1355,627,76,148,1,-1,-1,-1
130,41,925,553,64,132,1,-1,-1,-1
131,3,289,620,164,212,1,-1,-1,-1
131,23,1779,632,116,192,1,-1,-1,-1
131,32,1546,566,108,180,1,-1,-1,-1
131,39,1353,627,76,148,1,-1,-1,-1
131,41,927,553,64,132,1,-1,-1,-1
132,3,288,621,164,212,1,-1,-1,-1
132,23,1776,633,116,192,1,-1,-1,-1
132,32,1544,568,108,180,1,-1,-1,-1
132,39,1348,623,80,155,1,-1,-1,-1
132,41,928,550,64,132,1,-1,-1,-1
133,3,287,621,164,212,1,-1,-1,-1
133,23,1776,632,116,192,1,-1,-1,-1
133,32,1543,569,108,180,1,-1,-1,-1
133,39,1346,622,80,155,1,-1,-1,-1
133,41,929,548,64,132,1,-1,-1,-1
134,3,285,621,164,212,1,-1,-1,-1
134,23,1775,632,116,192,1,-1,-1,-1
134,32,1543,569,108,180,1,-1,-1,-1
134,39,1342,622,80,155,1,-1,-1,-1
134,41,924,552,67,139,1,-1,-1,-1
135,3,284,622,164,212,1,-1,-1,-1
135,23,1776,637,110,183,1,-1,-1,-1
135,32,1541,570,108,180,1,-1,-1,-1
135,39,1338,621,80,155,1,-1,-1,-1
136,3,283,622,164,212,1,-1,-1,-1
136,23,1775,637,110,183,1,-1,-1,-1
136,32,1541,570,108,180,1,-1,-1,-1
136,39,1336,620,80,155,1,-1,-1,-1
137,3,280,632,160,200,1,-1,-1,-1
137,23,1764,640,124,160,1,-1,-1,-1
137,32,1540,580,112,172,1,-1,-1,-1
137,39,1324,648,88,140,1,-1,-1,-1
138,3,262,627,160,200,1,-1,-1,-1
138,23,1761,635,124,160,1,-1,-1,-1
138,32,1535,576,112,172,1,-1,-1,-1
138,39,1314,643,88,140,1,-1,-1,-1
139,3,255,628,160,200,1,-1,-1,-1
139,23,1770,635,124,160,1,-1,-1,-1
139,32,1540,574,112,172,1,-1,-1,-1
139,39,1315,642,88,140,1,-1,-1,-1
140,3,248,630,160,200,1,-1,-1,-1
140,23,1783,636,124,160,1,-1,-1,-1
140,32,1551,576,112,172,1,-1,-1,-1
140,39,1317,642,88,140,1,-1,-1,-1
141,3,230,633,160,200,1,-1,-1,-1
141,23,1798,639,124,160,1,-1,-1,-1
141,32,1561,578,112,172,1,-1,-1,-1
141,39,1323,646,84,133,1,-1,-1,-1
142,3,213,635,160,200,1,-1,-1,-1
142,23,1812,641,124,160,1,-1,-1,-1
142,32,1568,578,112,172,1,-1,-1,-1
142,39,1324,646,84,133,1,-1,-1,-1
143,3,201,639,160,200,1,-1,-1,-1
143,23,1825,643,124,160,1,-1,-1,-1
143,32,1580,580,112,172,1,-1,-1,-1
143,39,1328,652,80,127,1,-1,-1,-1
144,3,183,643,160,200,1,-1,-1,-1
144,23,1836,645,124,160,1,-1,-1,-1
144,32,1586,583,112,172,1,-1,-1,-1
144,39,1330,655,80,127,1,-1,-1,-1
145,3,164,624,180,236,1,-1,-1,-1
145,23,1856,636,128,192,1,-1,-1,-1
145,32,1596,564,120,200,1,-1,-1,-1
145,39,1332,632,88,172,1,-1,-1,-1
145,42,884,540,88,172,1,-1,-1,-1
146,3,144,627,180,236,1,-1,-1,-1
146,23,1868,636,128,192,1,-1,-1,-1
146,32,1601,564,120,200,1,-1,-1,-1
146,39,1333,633,88,172,1,-1,-1,-1
146,42,883,536,88,172,1,-1,-1,-1
147,3,125,628,180,236,1,-1,-1,-1
147,23,1880,637,128,192,1,-1,-1,-1
147,32,1609,565,120,200,1,-1,-1,-1
147,39,1333,634,88,172,1,-1,-1,-1
147,42,883,534,88,172,1,-1,-1,-1
148,3,104,627,180,236,1,-1,-1,-1
148,23,1893,636,128,192,1,-1,-1,-1
148,32,1615,563,120,200,1,-1,-1,-1
148,39,1333,633,88,172,1,-1,-1,-1
148,42,880,531,88,172,1,-1,-1,-1
149,3,88,626,180,236,1,-1,-1,-1
149,23,1904,637,128,192,1,-1,-1,-1
149,32,1622,561,120,200,1,-1,-1,-1
149,39,1334,632,88,172,1,-1,-1,-1
149,42,878,524,88,172,1,-1,-1,-1
150,3,66,626,180,236,1,-1,-1,-1
150,23,1911,633,134,202,1,-1,-1,-1
150,32,1625,555,126,210,1,-1,-1,-1
150,39,1333,631,88,172,1,-1,-1,-1
150,42,875,524,88,172,1,-1,-1,-1
151,3,43,626,180,236,1,-1,-1,-1
151,23,1922,631,134,202,1,-1,-1,-1
151,32,1629,554,126,210,1,-1,-1,-1
151,39,1331,631,88,172,1,-1,-1,-1
152,3,18,619,189,248,1,-1,-1,-1
152,23,1934,625,141,212,1,-1,-1,-1
152,32,1637,553,126,210,1,-1,-1,-1
152,39,1331,628,88,172,1,-1,-1,-1
153,3,18,619,189,248,1,-1,-1,-1
153,23,1928,608,156,224,1,-1,-1,-1
153,32,1632,532,144,244,1,-1,-1,-1
153,39,1308,612,100,196,1,-1,-1,-1
154,3,0,616,162,248,1,-1,-1,-1
154,23,1938,606,156,224,1,-1,-1,-1
154,32,1637,529,144,244,1,-1,-1,-1
154,39,1308,609,100,196,1,-1,-1,-1
155,3,0,616,143,248,1,-1,-1,-1
155,23,1956,606,156,224,1,-1,-1,-1
155,32,1648,528,144,244,1,-1,-1,-1
155,39,1311,608,100,196,1,-1,-1,-1
156,3,0,613,116,248,1,-1,-1,-1
156,23,1961,602,156,224,1,-1,-1,-1
156,32,1649,523,144,244,1,-1,-1,-1
156,39,1309,602,100,196,1,-1,-1,-1
157,3,0,616,98,248,1,-1,-1,-1
157,23,1977,601,156,224,1,-1,-1,-1
157,32,1659,522,144,244,1,-1,-1,-1
157,39,1309,599,100,196,1,-1,-1,-1
158,23,1989,595,164,235,1,-1,-1,-1
158,32,1663,514,151,256,1,-1,-1,-1
158,39,1308,594,105,206,1,-1,-1,-1
159,23,1997,589,172,247,1,-1,-1,-1
159,32,1671,510,151,256,1,-1,-1,-1
159,39,1309,591,105,206,1,-1,-1,-1
160,23,2016,589,172,247,1,-1,-1,-1
160,32,1681,504,159,269,1,-1,-1,-1
160,39,1308,587,110,216,1,-1,-1,-1
161,23,2020,584,184,264,1,-1,-1,-1
161,32,1688,492,160,272,1,-1,-1,-1
161,39,1296,584,124,236,1,-1,-1,-1
162,23,2023,580,184,264,1,-1,-1,-1
162,32,1688,488,160,272,1,-1,-1,-1
162,39,1291,581,124,236,1,-1,-1,-1
163,23,2025,577,184,264,1,-1,-1,-1
163,32,1687,484,160,272,1,-1,-1,-1
163,39,1287,578,124,236,1,-1,-1,-1
164,23,2023,574,184,264,1,-1,-1,-1
164,32,1683,482,160,272,1,-1,-1,-1
164,39,1277,572,130,248,1,-1,-1,-1
165,23,2021,572,184,264,1,-1,-1,-1
165,32,1678,480,160,272,1,-1,-1,-1
165,39,1273,570,130,248,1,-1,-1,-1
166,23,2016,570,184,264,1,-1,-1,-1
166,32,1675,478,160,272,1,-1,-1,-1
166,39,1269,568,130,248,1,-1,-1,-1
167,23,2013,567,184,264,1,-1,-1,-1
167,32,1672,477,160,272,1,-1,-1,-1
167,39,1265,564,130,248,1,-1,-1,-1
168,23,2010,565,184,264,1,-1,-1,-1
168,32,1669,475,160,272,1,-1,-1,-1
168,39,1265,570,124,236,1,-1,-1,-1
169,23,2008,568,176,268,1,-1,-1,-1
169,32,1664,468,168,268,1,-1,-1,-1
169,39,1252,568,128,240,1,-1,-1,-1
169,43,792,320,140,312,1,-1,-1,-1
170,23,2007,568,176,268,1,-1,-1,-1
170,32,1663,466,168,268,1,-1,-1,-1
170,39,1249,567,128,240,1,-1,-1,-1
170,43,789,318,140,312,1,-1,-1,-1
171,23,2004,567,176,268,1,-1,-1,-1
171,32,1661,466,168,268,1,-1,-1,-1
171,39,1247,567,128,240,1,-1,-1,-1
171,43,788,320,140,312,1,-1,-1,-1
172,23,2002,566,176,268,1,-1,-1,-1
172,32,1659,466,168,268,1,-1,-1,-1
172,39,1245,566,128,240,1,-1,-1,-1
172,43,789,316,140,312,1,-1,-1,-1
173,23,2000,567,176,268,1,-1,-1,-1
173,32,1656,466,168,268,1,-1,-1,-1
173,39,1237,559,134,252,1,-1,-1,-1
173,43,789,315,140,312,1,-1,-1,-1
174,23,1996,566,176,268,1,-1,-1,-1
174,32,1651,459,176,281,1,-1,-1,-1
174,39,1234,560,134,252,1,-1,-1,-1
175,23,1993,566,176,268,1,-1,-1,-1
175,32,1651,467,168,268,1,-1,-1,-1
175,39,1229,561,134,252,1,-1,-1,-1
176,23,1990,567,176,268,1,-1,-1,-1
176,32,1647,467,168,268,1,-1,-1,-1
176,39,1226,561,134,252,1,-1,-1,-1
177,23,1980,564,188,268,1,-1,-1,-1
177,32,1640,468,184,264,1,-1,-1,-1
177,39,1216,552,144,252,1,-1,-1,-1
178,23,1977,565,188,268,1,-1,-1,-1
178,32,1637,468,184,264,1,-1,-1,-1
178,39,1213,551,144,252,1,-1,-1,-1
179,23,1974,566,188,268,1,-1,-1,-1
179,32,1632,470,184,264,1,-1,-1,-1
179,39,1209,552,144,252,1,-1,-1,-1
180,23,1968,566,188,268,1,-1,-1,-1
180,32,1628,471,184,264,1,-1,-1,-1
180,39,1203,551,144,252,1,-1,-1,-1
181,23,1954,563,197,281,1,-1,-1,-1
181,32,1616,472,184,264,1,-1,-1,-1
181,39,1192,552,144,252,1,-1,-1,-1
182,23,1943,566,197,281,1,-1,-1,-1
182,32,1606,474,184,264,1,-1,-1,-1
182,39,1180,553,144,252,1,-1,-1,-1
183,23,1933,566,197,281,1,-1,-1,-1
183,32,1596,477,184,264,1,-1,-1,-1
183,39,1168,554,144,252,1,-1,-1,-1
184,23,1919,568,197,281,1,-1,-1,-1
184,32,1583,478,184,264,1,-1,-1,-1
184,39,1156,553,144,252,1,-1,-1,-1
185,23,1916,576,180,268,1,-1,-1,-1
185,32,1576,472,172,292,1,-1,-1,-1
185,39,1144,560,136,252,1,-1,-1,-1
185,44,624,336,64,204,1,-1,-1,-1
186,23,1903,571,189,281,1,-1,-1,-1
186,32,1563,468,181,307,1,-1,-1,-1
186,39,1138,565,130,240,1,-1,-1,-1
186,44,620,339,64,204,1,-1,-1,-1
187,23,1893,573,189,281,1,-1,-1,-1
187,32,1555,471,181,307,1,-1,-1,-1
187,39,1128,568,130,240,1,-1,-1,-1
187,44,611,332,67,214,1,-1,-1,-1
188,23,1886,573,189,281,1,-1,-1,-1
188,32,1544,471,181,307,1,-1,-1,-1
188,39,1118,568,130,240,1,-1,-1,-1
188,44,600,333,71,225,1,-1,-1,-1
189,23,1877,575,189,281,1,-1,-1,-1
189,32,1536,471,181,307,1,-1,-1,-1
189,39,1110,568,130,240,1,-1,-1,-1
190,23,1870,575,189,281,1,-1,-1,-1
190,32,1529,469,181,307,1,-1,-1,-1
190,39,1101,569,130,240,1,-1,-1,-1
191,23,1863,576,189,281,1,-1,-1,-1
191,32,1523,469,181,307,1,-1,-1,-1
191,39,1092,570,130,240,1,-1,-1,-1
192,23,1856,576,189,281,1,-1,-1,-1
192,32,1515,471,181,307,1,-1,-1,-1
192,39,1084,569,130,240,1,-1,-1,-1
193,23,1852,580,180,280,1,-1,-1,-1
193,32,1512,484,168,296,1,-1,-1,-1
193,39,1072,580,136,232,1,-1,-1,-1
193,45,664,356,132,256,1,-1,-1,-1
193,46,520,344,80,196,1,-1,-1,-1
194,23,1848,580,180,280,1,-1,-1,-1
194,32,1507,485,168,296,1,-1,-1,-1
194,39,1068,580,136,232,1,-1,-1,-1
194,45,659,356,132,256,1,-1,-1,-1
194,46,515,349,80,196,1,-1,-1,-1
195,23,1843,580,180,280,1,-1,-1,-1
195,32,1502,485,168,296,1,-1,-1,-1
195,39,1061,581,136,232,1,-1,-1,-1
195,45,653,362,132,256,1,-1,-1,-1
195,46,499,345,84,206,1,-1,-1,-1
196,23,1838,581,180,280,1,-1,-1,-1
196,32,1497,486,168,296,1,-1,-1,-1
196,39,1053,581,136,232,1,-1,-1,-1
196,45,650,364,132,256,1,-1,-1,-1
196,46,493,344,84,206,1,-1,-1,-1
197,23,1831,583,180,280,1,-1,-1,-1
197,32,1492,488,168,296,1,-1,-1,-1
197,39,1044,583,136,232,1,-1,-1,-1
197,45,639,367,132,256,1,-1,-1,-1
198,23,1825,582,180,280,1,-1,-1,-1
198,32,1483,478,176,311,1,-1,-1,-1
198,39,1037,584,136,232,1,-1,-1,-1
199,23,1819,582,180,280,1,-1,-1,-1
199,32,1477,478,176,311,1,-1,-1,-1
199,39,1033,585,136,232,1,-1,-1,-1
200,23,1812,583,180,280,1,-1,-1,-1
200,32,1470,478,176,311,1,-1,-1,-1
200,39,1029,593,130,221,1,-1,-1,-1
201,23,1804,584,184,276,1,-1,-1,-1
201,32,1460,492,164,284,1,-1,-1,-1
201,39,1024,576,112,244,1,-1,-1,-1
201,47,428,348,80,176,1,-1,-1,-1
201,48,608,368,48,188,1,-1,-1,-1
202,23,1799,584,184,276,1,-1,-1,-1
202,32,1455,492,164,284,1,-1,-1,-1
202,39,1018,576,112,244,1,-1,-1,-1
202,47,422,350,80,176,1,-1,-1,-1
202,48,602,361,50,197,1,-1,-1,-1
203,23,1789,576,193,290,1,-1,-1,-1
203,32,1449,493,164,284,1,-1,-1,-1
203,39,1012,576,112,244,1,-1,-1,-1
203,47,417,348,80,176,1,-1,-1,-1
203,48,592,359,53,207,1,-1,-1,-1
204,23,1782,578,193,290,1,-1,-1,-1
204,32,1442,493,164,284,1,-1,-1,-1
204,39,1005,577,112,244,1,-1,-1,-1
204,47,411,348,80,176,1,-1,-1,-1
204,48,588,365,50,197,1,-1,-1,-1
205,23,1775,578,193,290,1,-1,-1,-1
205,32,1436,492,164,284,1,-1,-1,-1
205,39,995,571,118,256,1,-1,-1,-1
205,47,405,353,80,176,1,-1,-1,-1
206,23,1768,578,193,290,1,-1,-1,-1
206,32,1430,491,164,284,1,-1,-1,-1
206,39,987,571,118,256,1,-1,-1,-1
207,23,1767,585,184,276,1,-1,-1,-1
207,32,1424,491,164,284,1,-1,-1,-1
207,39,980,569,118,256,1,-1,-1,-1
208,23,1763,584,184,276,1,-1,-1,-1
208,32,1417,491,164,284,1,-1,-1,-1
208,39,976,567,118,256,1,-1,-1,-1
209,23,1752,584,180,280,1,-1,-1,-1
209,32,1412,488,160,288,1,-1,-1,-1
209,39,972,560,100,252,1,-1,-1,-1
209,49,360,336,108,180,1,-1,-1,-1
210,23,1749,583,180,280,1,-1,-1,-1
210,32,1408,486,160,288,1,-1,-1,-1
210,39,969,559,100,252,1,-1,-1,-1
210,49,355,336,108,180,1,-1,-1,-1
211,23,1746,583,180,280,1,-1,-1,-1
211,32,1404,486,160,288,1,-1,-1,-1
211,39,965,557,100,252,1,-1,-1,-1
211,49,346,334,108,180,1,-1,-1,-1
212,23,1745,589,171,267,1,-1,-1,-1
212,32,1399,484,160,288,1,-1,-1,-1
212,39,961,556,100,252,1,-1,-1,-1
212,49,338,337,103,171,1,-1,-1,-1
213,23,1736,579,180,280,1,-1,-1,-1
213,32,1395,484,160,288,1,-1,-1,-1
213,39,957,553,100,252,1,-1,-1,-1
213,49,333,333,108,180,1,-1,-1,-1
214,23,1733,578,180,280,1,-1,-1,-1
214,32,1389,473,168,302,1,-1,-1,-1
214,39,952,549,100,252,1,-1,-1,-1
214,49,332,329,108,180,1,-1,-1,-1
215,23,1727,575,180,280,1,-1,-1,-1
215,32,1387,474,168,302,1,-1,-1,-1
215,39,947,546,100,252,1,-1,-1,-1
216,23,1722,572,180,280,1,-1,-1,-1
216,32,1384,473,168,302,1,-1,-1,-1
216,39,943,542,100,252,1,-1,-1,-1
217,23,1716,560,184,272,1,-1,-1,-1
217,32,1372,468,176,276,1,-1,-1,-1
217,39,932,536,108,256,1,-1,-1,-1
217,50,260,320,112,156,1,-1,-1,-1
217,51,540,340,88,220,1,-1,-1,-1
217,52,472,320,64,200,1,-1,-1,-1
218,23,1717,564,175,259,1,-1,-1,-1
218,32,1374,472,168,263,1,-1,-1,-1
218,39,930,533,108,256,1,-1,-1,-1
218,50,256,318,112,156,1,-1,-1,-1
218,51,534,338,92,231,1,-1,-1,-1
218,52,470,319,64,200,1,-1,-1,-1
219,23,1715,560,175,259,1,-1,-1,-1
219,32,1370,470,168,263,1,-1,-1,-1
219,39,925,527,108,256,1,-1,-1,-1
219,50,250,317,112,156,1,-1,-1,-1
219,51,530,338,92,231,1,-1,-1,-1
219,52,468,309,64,200,1,-1,-1,-1
220,23,1710,557,175,259,1,-1,-1,-1
220,32,1366,467,168,263,1,-1,-1,-1
220,39,921,524,108,256,1,-1,-1,-1
220,50,238,310,112,156,1,-1,-1,-1
220,51,527,333,97,243,1,-1,-1,-1
220,52,465,309,64,200,1,-1,-1,-1
221,23,1708,554,175,259,1,-1,-1,-1
221,32,1362,463,168,263,1,-1,-1,-1
221,39,917,521,108,256,1,-1,-1,-1
221,50,230,306,118,164,1,-1,-1,-1
221,51,527,328,97,243,1,-1,-1,-1
221,52,465,321,64,200,1,-1,-1,-1
222,23,1705,550,175,259,1,-1,-1,-1
222,32,1360,461,168,263,1,-1,-1,-1
222,39,913,518,108,256,1,-1,-1,-1
222,50,215,302,123,172,1,-1,-1,-1
222,51,526,324,92,231,1,-1,-1,-1
223,23,1701,546,175,259,1,-1,-1,-1
223,32,1357,457,168,263,1,-1,-1,-1
223,39,910,516,108,256,1,-1,-1,-1
223,51,522,317,92,231,1,-1,-1,-1
224,23,1705,541,175,259,1,-1,-1,-1
224,32,1359,451,168,263,1,-1,-1,-1
224,39,911,513,108,256,1,-1,-1,-1
225,23,1700,536,184,264,1,-1,-1,-1
225,32,1356,440,168,268,1,-1,-1,-1
225,39,920,500,88,264,1,-1,-1,-1
225,53,184,288,184,172,1,-1,-1,-1
225,54,524,320,100,220,1,-1,-1,-1
226,23,1699,534,184,264,1,-1,-1,-1
226,32,1358,446,160,255,1,-1,-1,-1
226,39,918,499,88,264,1,-1,-1,-1
226,53,180,285,184,172,1,-1,-1,-1
226,54,522,317,100,220,1,-1,-1,-1
227,23,1696,532,184,264,1,-1,-1,-1
227,32,1356,443,160,255,1,-1,-1,-1
227,39,916,498,88,264,1,-1,-1,-1
227,53,176,281,184,172,1,-1,-1,-1
227,54,519,313,100,220,1,-1,-1,-1
228,23,1694,530,184,264,1,-1,-1,-1
228,32,1353,441,160,255,1,-1,-1,-1
228,39,913,497,88,264,1,-1,-1,-1
228,53,173,277,184,172,1,-1,-1,-1
228,54,515,307,100,220,1,-1,-1,-1
229,23,1693,528,184,264,1,-1,-1,-1
229,32,1351,440,160,255,1,-1,-1,-1
229,39,911,495,88,264,1,-1,-1,-1
229,53,169,274,184,172,1,-1,-1,-1
229,54,512,305,100,220,1,-1,-1,-1
230,23,1691,526,184,264,1,-1,-1,-1
230,32,1347,432,168,268,1,-1,-1,-1
230,39,909,494,88,264,1,-1,-1,-1
230,53,165,271,184,172,1,-1,-1,-1
230,54,509,307,100,220,1,-1,-1,-1
231,23,1690,524,184,264,1,-1,-1,-1
231,32,1346,429,168,268,1,-1,-1,-1
231,39,906,492,88,264,1,-1,-1,-1
231,53,162,270,184,172,1,-1,-1,-1
231,54,508,309,100,220,1,-1,-1,-1
232,23,1688,524,184,264,1,-1,-1,-1
232,32,1346,428,168,268,1,-1,-1,-1
232,39,905,490,88,264,1,-1,-1,-1
232,53,163,270,184,172,1,-1,-1,-1
232,54,507,311,100,220,1,-1,-1,-1
233,23,1688,524,188,264,1,-1,-1,-1
233,32,1352,424,160,280,1,-1,-1,-1
233,39,896,488,96,268,1,-1,-1,-1
233,53,132,268,204,184,1,-1,-1,-1
233,54,460,308,148,208,1,-1,-1,-1
233,55,384,304,88,164,1,-1,-1,-1
234,23,1688,523,188,264,1,-1,-1,-1
234,32,1352,422,160,280,1,-1,-1,-1
234,39,896,487,96,268,1,-1,-1,-1
234,53,131,267,204,184,1,-1,-1,-1
234,54,458,306,148,208,1,-1,-1,-1
234,55,382,301,88,164,1,-1,-1,-1
235,23,1686,523,188,264,1,-1,-1,-1
235,32,1352,422,160,280,1,-1,-1,-1
235,39,895,487,96,268,1,-1,-1,-1
235,53,130,266,204,184,1,-1,-1,-1
235,54,456,303,148,208,1,-1,-1,-1
235,55,381,297,88,164,1,-1,-1,-1
236,23,1684,522,188,264,1,-1,-1,-1
236,32,1353,421,160,280,1,-1,-1,-1
236,39,895,487,96,268,1,-1,-1,-1
236,53,130,263,204,184,1,-1,-1,-1
236,54,454,301,148,208,1,-1,-1,-1
236,55,378,291,88,164,1,-1,-1,-1
237,23,1687,520,188,264,1,-1,-1,-1
237,32,1359,425,152,267,1,-1,-1,-1
237,39,897,486,96,268,1,-1,-1,-1
237,53,133,262,204,184,1,-1,-1,-1
237,54,453,298,148,208,1,-1,-1,-1
237,55,377,288,88,164,1,-1,-1,-1
238,23,1693,519,188,264,1,-1,-1,-1
238,32,1364,424,152,267,1,-1,-1,-1
238,39,904,483,96,268,1,-1,-1,-1
238,53,140,261,204,184,1,-1,-1,-1
238,54,457,295,148,208,1,-1,-1,-1
238,55,381,286,88,164,1,-1,-1,-1
239,23,1702,518,188,264,1,-1,-1,-1
239,32,1373,423,152,267,1,-1,-1,-1
239,39,910,484,96,268,1,-1,-1,-1
239,53,148,259,204,184,1,-1,-1,-1
239,54,462,292,148,208,1,-1,-1,-1
239,55,384,286,88,164,1,-1,-1,-1
240,23,1710,517,188,264,1,-1,-1,-1
240,32,1384,423,152,267,1,-1,-1,-1
240,39,921,484,96,268,1,-1,-1,-1
240,53,158,258,204,184,1,-1,-1,-1
240,54,468,290,148,208,1,-1,-1,-1
240,55,391,285,88,164,1,-1,-1,-1
241,23,1712,512,208,256,1,-1,-1,-1
241,32,1388,408,168,272,1,-1,-1,-1
241,39,928,500,108,248,1,-1,-1,-1
241,53,188,248,180,188,1,-1,-1,-1
241,54,484,276,140,232,1,-1,-1,-1
241,55,391,285,88,164,1,-1,-1,-1
242,23,1721,511,208,256,1,-1,-1,-1
242,32,1400,414,160,259,1,-1,-1,-1
242,39,937,499,108,248,1,-1,-1,-1
242,53,198,247,180,188,1,-1,-1,-1
242,54,490,275,140,232,1,-1,-1,-1
242,55,410,288,88,164,1,-1,-1,-1
243,23,1731,511,208,256,1,-1,-1,-1
243,32,1413,412,160,259,1,-1,-1,-1
243,39,949,499,108,248,1,-1,-1,-1
243,53,209,245,180,188,1,-1,-1,-1
243,54,502,281,133,221,1,-1,-1,-1
243,55,424,287,88,164,1,-1,-1,-1
244,23,1741,511,208,256,1,-1,-1,-1
244,32,1422,413,160,259,1,-1,-1,-1
244,39,961,499,108,248,1,-1,-1,-1
244,53,219,245,180,188,1,-1,-1,-1
244,54,511,281,133,221,1,-1,-1,-1
245,23,1754,517,198,244,1,-1,-1,-1
245,32,1433,413,160,259,1,-1,-1,-1
245,39,970,497,108,248,1,-1,-1,-1
245,53,230,245,180,188,1,-1,-1,-1
245,54,520,280,133,221,1,-1,-1,-1
246,23,1769,522,189,232,1,-1,-1,-1
246,32,1446,411,160,259,1,-1,-1,-1
246,39,982,497,108,248,1,-1,-1,-1
246,53,242,244,180,188,1,-1,-1,-1
246,54,531,281,133,221,1,-1,-1,-1
247,23,1780,523,189,232,1,-1,-1,-1
247,32,1455,410,160,259,1,-1,-1,-1
247,39,990,493,108,248,1,-1,-1,-1
247,53,252,242,180,188,1,-1,-1,-1
247,54,541,279,133,221,1,-1,-1,-1
248,23,1791,522,189,232,1,-1,-1,-1
248,32,1465,411,160,259,1,-1,-1,-1
248,39,997,488,113,260,1,-1,-1,-1
248,53,262,242,180,188,1,-1,-1,-1
248,54,556,278,133,221,1,-1,-1,-1
249,23,1784,512,204,252,1,-1,-1,-1
249,32,1480,400,168,276,1,-1,-1,-1
249,39,997,488,113,260,1,-1,-1,-1
249,53,272,240,184,192,1,-1,-1,-1
249,54,556,278,133,221,1,-1,-1,-1
250,23,1802,511,204,252,1,-1,-1,-1
250,32,1493,399,168,276,1,-1,-1,-1
250,39,1019,484,113,260,1,-1,-1,-1
250,53,275,232,184,192,1,-1,-1,-1
251,23,1821,508,204,252,1,-1,-1,-1
251,32,1511,393,168,276,1,-1,-1,-1
251,39,1027,479,113,260,1,-1,-1,-1
251,53,279,230,184,192,1,-1,-1,-1
252,23,1839,508,204,252,1,-1,-1,-1
252,32,1518,385,176,290,1,-1,-1,-1
252,39,1035,473,119,273,1,-1,-1,-1
252,53,281,224,184,192,1,-1,-1,-1
253,23,1860,507,204,252,1,-1,-1,-1
253,32,1541,382,176,290,1,-1,-1,-1
253,39,1045,472,119,273,1,-1,-1,-1
253,53,283,217,184,192,1,-1,-1,-1
254,23,1884,508,204,252,1,-1,-1,-1
254,32,1564,386,168,276,1,-1,-1,-1
254,39,1061,465,119,273,1,-1,-1,-1
254,53,287,213,184,192,1,-1,-1,-1
255,23,1913,506,204,252,1,-1,-1,-1
255,32,1588,383,168,276,1,-1,-1,-1
255,39,1074,464,119,273,1,-1,-1,-1
255,53,287,206,184,192,1,-1,-1,-1
256,23,1938,505,204,252,1,-1,-1,-1
256,32,1607,382,168,276,1,-1,-1,-1
256,53,282,202,184,192,1,-1,-1,-1
257,23,1964,500,216,260,1,-1,-1,-1
257,32,1616,368,208,304,1,-1,-1,-1
257,53,268,180,200,220,1,-1,-1,-1
257,56,1084,456,144,276,1,-1,-1,-1
257,57,484,228,264,244,1,-1,-1,-1
258,23,1987,502,216,260,1,-1,-1,-1
258,32,1638,367,208,304,1,-1,-1,-1
258,53,264,176,200,220,1,-1,-1,-1
258,56,1090,458,144,276,1,-1,-1,-1
258,57,484,225,264,244,1,-1,-1,-1
259,23,2006,495,227,273,1,-1,-1,-1
259,32,1656,364,208,304,1,-1,-1,-1
259,53,258,171,200,220,1,-1,-1,-1
259,56,1098,458,144,276,1,-1,-1,-1
259,57,481,223,264,244,1,-1,-1,-1
260,23,2032,494,227,273,1,-1,-1,-1
260,32,1676,365,208,304,1,-1,-1,-1
260,53,254,164,200,220,1,-1,-1,-1
260,56,1107,458,144,276,1,-1,-1,-1
260,57,479,220,264,244,1,-1,-1,-1
261,23,2057,496,227,273,1,-1,-1,-1
261,32,1693,365,208,304,1,-1,-1,-1
261,53,246,158,200,220,1,-1,-1,-1
261,56,1115,459,144,276,1,-1,-1,-1
261,57,473,212,264,244,1,-1,-1,-1
262,23,2077,494,227,273,1,-1,-1,-1
262,32,1706,356,218,319,1,-1,-1,-1
262,53,235,147,200,220,1,-1,-1,-1
262,56,1121,457,144,276,1,-1,-1,-1
262,57,469,207,264,244,1,-1,-1,-1
263,23,2093,487,238,287,1,-1,-1,-1
263,32,1723,353,218,319,1,-1,-1,-1
263,53,227,138,200,220,1,-1,-1,-1
263,56,1125,456,144,276,1,-1,-1,-1
263,57,457,191,277,256,1,-1,-1,-1
264,23,2116,489,238,287,1,-1,-1,-1
264,32,1742,362,208,304,1,-1,-1,-1
264,53,214,133,200,220,1,-1,-1,-1
264,56,1129,456,144,276,1,-1,-1,-1
264,57,451,184,277,256,1,-1,-1,-1
265,23,2116,489,238,287,1,-1,-1,-1
265,32,1756,328,248,352,1,-1,-1,-1
265,53,196,120,220,224,1,-1,-1,-1
265,56,1128,436,168,320,1,-1,-1,-1
265,57,451,184,277,256,1,-1,-1,-1
266,23,2158,488,238,287,1,-1,-1,-1
266,32,1772,326,248,352,1,-1,-1,-1
266,53,187,116,220,224,1,-1,-1,-1
266,56,1130,437,168,320,1,-1,-1,-1
266,57,434,167,291,269,1,-1,-1,-1
267,23,2180,484,250,301,1,-1,-1,-1
267,32,1786,317,260,370,1,-1,-1,-1
267,53,176,107,220,224,1,-1,-1,-1
267,56,1130,427,176,336,1,-1,-1,-1
267,57,428,160,291,269,1,-1,-1,-1
268,23,2203,489,250,301,1,-1,-1,-1
268,32,1800,316,260,370,1,-1,-1,-1
268,53,162,101,220,224,1,-1,-1,-1
268,56,1132,430,176,336,1,-1,-1,-1
268,57,420,154,291,269,1,-1,-1,-1
269,23,2227,490,250,301,1,-1,-1,-1
269,32,1823,316,260,370,1,-1,-1,-1
269,53,149,97,220,224,1,-1,-1,-1
269,56,1136,431,176,336,1,-1,-1,-1
269,57,418,151,291,269,1,-1,-1,-1
