1,0,396,135,600,153,1,-1,-1,-1
1,1,1263,438,327,270,1,-1,-1,-1
1,2,879,459,204,135,1,-1,-1,-1
1,3,174,921,459,126,1,-1,-1,-1
1,4,1749,324,168,72,1,-1,-1,-1
1,5,1098,3,768,282,1,-1,-1,-1
2,0,387,135,600,153,1,-1,-1,-1
2,1,1245,449,327,270,1,-1,-1,-1
2,2,873,463,204,135,1,-1,-1,-1
2,3,175,919,459,126,1,-1,-1,-1
2,4,1719,327,168,72,1,-1,-1,-1
2,5,1082,1,768,282,1,-1,-1,-1
3,0,361,140,571,146,1,-1,-1,-1
3,1,1227,460,327,270,1,-1,-1,-1
3,2,865,469,204,135,1,-1,-1,-1
3,3,172,916,459,126,1,-1,-1,-1
3,4,1693,329,168,72,1,-1,-1,-1
3,5,1061,2,768,282,1,-1,-1,-1
4,0,331,138,600,153,1,-1,-1,-1
4,1,1211,472,327,270,1,-1,-1,-1
4,2,856,476,204,135,1,-1,-1,-1
4,3,170,912,459,126,1,-1,-1,-1
4,4,1671,335,160,69,1,-1,-1,-1
4,5,1042,4,768,282,1,-1,-1,-1
5,0,289,135,630,161,1,-1,-1,-1
5,1,1191,484,327,270,1,-1,-1,-1
5,2,850,479,204,135,1,-1,-1,-1
5,3,170,907,459,126,1,-1,-1,-1
5,4,1642,339,160,69,1,-1,-1,-1
5,5,1028,5,768,282,1,-1,-1,-1
6,0,261,135,630,161,1,-1,-1,-1
6,1,1179,494,327,270,1,-1,-1,-1
6,2,843,483,204,135,1,-1,-1,-1
6,3,174,905,459,126,1,-1,-1,-1
6,5,1020,1,768,282,1,-1,-1,-1
7,0,234,134,662,169,1,-1,-1,-1
7,1,1159,507,327,270,1,-1,-1,-1
7,2,837,487,204,135,1,-1,-1,-1
7,3,174,901,459,126,1,-1,-1,-1
7,5,1023,3,731,269,1,-1,-1,-1
8,0,203,136,630,161,1,-1,-1,-1
8,1,1145,515,327,270,1,-1,-1,-1
8,2,830,491,204,135,1,-1,-1,-1
8,3,173,898,459,126,1,-1,-1,-1
9,0,177,138,633,156,1,-1,-1,-1
9,1,1095,531,360,270,1,-1,-1,-1
9,2,825,495,189,135,1,-1,-1,-1
9,3,114,891,534,132,1,-1,-1,-1
9,6,951,162,573,171,1,-1,-1,-1
9,7,1572,177,348,264,1,-1,-1,-1
9,8,1515,66,405,216,1,-1,-1,-1
10,0,164,139,633,156,1,-1,-1,-1
10,1,1084,538,360,270,1,-1,-1,-1
10,2,820,498,189,135,1,-1,-1,-1
10,3,117,890,534,132,1,-1,-1,-1
10,6,930,163,573,171,1,-1,-1,-1
10,7,1553,176,348,264,1,-1,-1,-1
10,8,1497,64,405,216,1,-1,-1,-1
11,0,137,141,633,156,1,-1,-1,-1
11,1,1066,549,360,270,1,-1,-1,-1
11,2,814,501,189,135,1,-1,-1,-1
11,3,133,891,509,126,1,-1,-1,-1
11,6,909,167,573,171,1,-1,-1,-1
11,7,1532,175,348,264,1,-1,-1,-1
11,8,1474,57,405,216,1,-1,-1,-1
12,0,100,139,665,164,1,-1,-1,-1
12,1,1048,561,360,270,1,-1,-1,-1
12,2,804,500,198,142,1,-1,-1,-1
12,3,134,886,509,126,1,-1,-1,-1
12,6,890,172,573,171,1,-1,-1,-1
12,7,1510,175,348,264,1,-1,-1,-1
12,8,1448,50,405,216,1,-1,-1,-1
13,0,73,141,665,164,1,-1,-1,-1
13,1,1032,573,360,270,1,-1,-1,-1
13,2,796,504,198,142,1,-1,-1,-1
13,3,122,878,534,132,1,-1,-1,-1
13,6,826,163,602,180,1,-1,-1,-1
13,7,1487,175,348,264,1,-1,-1,-1
13,8,1424,42,405,216,1,-1,-1,-1
14,0,48,143,665,164,1,-1,-1,-1
14,1,1016,583,360,270,1,-1,-1,-1
14,2,790,507,198,142,1,-1,-1,-1
14,3,123,874,534,132,1,-1,-1,-1
14,6,815,163,602,180,1,-1,-1,-1
14,7,1461,167,348,264,1,-1,-1,-1
14,8,1398,35,405,216,1,-1,-1,-1
15,1,998,593,360,270,1,-1,-1,-1
15,2,780,511,198,142,1,-1,-1,-1
15,7,1446,174,348,264,1,-1,-1,-1
15,8,1385,34,386,206,1,-1,-1,-1
16,1,981,604,360,270,1,-1,-1,-1
16,2,775,515,198,142,1,-1,-1,-1
16,7,1426,164,348,264,1,-1,-1,-1
16,8,1359,26,386,206,1,-1,-1,-1
17,1,924,609,417,291,1,-1,-1,-1
17,2,792,522,168,135,1,-1,-1,-1
17,7,1426,164,348,264,1,-1,-1,-1
17,8,1359,26,386,206,1,-1,-1,-1
17,9,0,150,627,159,1,-1,-1,-1
17,10,1338,15,558,300,1,-1,-1,-1
17,11,828,141,462,228,1,-1,-1,-1
18,1,911,614,417,291,1,-1,-1,-1
18,2,788,523,168,135,1,-1,-1,-1
18,7,1389,183,348,264,1,-1,-1,-1
18,8,1322,12,386,206,1,-1,-1,-1
18,9,0,149,611,159,1,-1,-1,-1
18,10,1325,16,558,300,1,-1,-1,-1
18,11,813,142,462,228,1,-1,-1,-1
19,1,891,621,417,291,1,-1,-1,-1
19,2,778,521,176,142,1,-1,-1,-1
19,8,1291,5,386,206,1,-1,-1,-1
19,9,0,155,604,159,1,-1,-1,-1
19,10,1308,13,558,300,1,-1,-1,-1
19,11,794,138,462,228,1,-1,-1,-1
20,1,875,629,417,291,1,-1,-1,-1
20,2,766,519,185,149,1,-1,-1,-1
20,9,0,157,555,159,1,-1,-1,-1
20,10,1284,9,558,300,1,-1,-1,-1
20,11,769,129,462,228,1,-1,-1,-1
21,1,856,639,417,291,1,-1,-1,-1
21,2,765,527,176,142,1,-1,-1,-1
21,9,0,155,565,167,1,-1,-1,-1
21,10,1259,7,558,300,1,-1,-1,-1
21,11,740,126,462,228,1,-1,-1,-1
22,1,836,648,417,291,1,-1,-1,-1
22,2,758,530,176,142,1,-1,-1,-1
22,9,0,154,525,175,1,-1,-1,-1
22,10,1242,4,558,300,1,-1,-1,-1
22,11,727,126,462,228,1,-1,-1,-1
23,1,808,648,438,306,1,-1,-1,-1
23,2,752,533,176,142,1,-1,-1,-1
23,9,0,157,496,175,1,-1,-1,-1
23,10,1227,6,558,300,1,-1,-1,-1
23,11,718,128,440,217,1,-1,-1,-1
24,1,787,655,438,306,1,-1,-1,-1
24,2,747,535,176,142,1,-1,-1,-1
24,10,1213,4,558,300,1,-1,-1,-1
24,11,696,124,440,217,1,-1,-1,-1
25,1,780,657,447,336,1,-1,-1,-1
25,2,726,540,192,147,1,-1,-1,-1
25,10,1158,3,540,222,1,-1,-1,-1
25,11,669,99,423,204,1,-1,-1,-1
25,12,0,177,447,171,1,-1,-1,-1
25,13,1293,369,372,126,1,-1,-1,-1
25,14,345,756,339,186,1,-1,-1,-1
26,1,773,656,447,336,1,-1,-1,-1
26,2,720,541,192,147,1,-1,-1,-1
26,10,1164,11,514,211,1,-1,-1,-1
26,11,656,97,423,204,1,-1,-1,-1
26,12,0,178,430,171,1,-1,-1,-1
26,13,1283,369,372,126,1,-1,-1,-1
26,14,351,753,339,186,1,-1,-1,-1
27,1,765,656,447,336,1,-1,-1,-1
27,2,716,543,192,147,1,-1,-1,-1
27,10,1142,9,514,211,1,-1,-1,-1
27,11,633,90,423,204,1,-1,-1,-1
27,12,0,183,391,163,1,-1,-1,-1
27,13,1262,371,354,120,1,-1,-1,-1
27,14,369,751,339,186,1,-1,-1,-1
28,1,758,656,447,336,1,-1,-1,-1
28,2,709,543,192,147,1,-1,-1,-1
28,10,1128,8,514,211,1,-1,-1,-1
28,11,625,89,423,204,1,-1,-1,-1
28,12,0,185,394,163,1,-1,-1,-1
28,13,1242,367,372,126,1,-1,-1,-1
28,14,379,747,339,186,1,-1,-1,-1
29,1,761,656,447,336,1,-1,-1,-1
29,2,708,549,183,140,1,-1,-1,-1
29,10,1113,8,514,211,1,-1,-1,-1
29,11,595,82,423,204,1,-1,-1,-1
29,12,0,188,354,163,1,-1,-1,-1
29,13,1217,363,372,126,1,-1,-1,-1
29,14,381,740,356,195,1,-1,-1,-1
30,1,770,670,426,320,1,-1,-1,-1
30,2,704,552,174,133,1,-1,-1,-1
30,10,1102,5,514,211,1,-1,-1,-1
30,11,566,67,423,204,1,-1,-1,-1
30,12,0,193,321,163,1,-1,-1,-1
30,13,1213,362,372,126,1,-1,-1,-1
30,14,397,737,356,195,1,-1,-1,-1
31,1,763,674,426,320,1,-1,-1,-1
31,2,698,559,174,133,1,-1,-1,-1
31,10,1083,2,514,211,1,-1,-1,-1
31,11,541,62,423,204,1,-1,-1,-1
31,13,1192,361,354,120,1,-1,-1,-1
31,14,408,737,356,195,1,-1,-1,-1
32,2,692,562,174,133,1,-1,-1,-1
32,13,1165,356,354,120,1,-1,-1,-1
32,14,411,734,374,205,1,-1,-1,-1
33,2,692,562,174,133,1,-1,-1,-1
33,13,1146,348,342,141,1,-1,-1,-1
33,14,411,734,374,205,1,-1,-1,-1
33,15,993,9,537,135,1,-1,-1,-1
33,16,330,705,480,366,1,-1,-1,-1
33,17,471,66,444,156,1,-1,-1,-1
33,18,0,210,240,141,1,-1,-1,-1
33,19,1755,567,165,159,1,-1,-1,-1
33,20,768,594,330,360,1,-1,-1,-1
34,13,1137,348,342,141,1,-1,-1,-1
34,14,433,729,392,215,1,-1,-1,-1
34,15,976,9,537,135,1,-1,-1,-1
34,16,336,705,480,366,1,-1,-1,-1
34,17,442,63,444,156,1,-1,-1,-1
34,18,0,214,221,141,1,-1,-1,-1
34,19,1734,563,165,159,1,-1,-1,-1
34,20,766,587,330,360,1,-1,-1,-1
35,13,1109,343,342,141,1,-1,-1,-1
35,14,436,734,392,215,1,-1,-1,-1
35,15,969,7,537,135,1,-1,-1,-1
35,16,333,697,504,383,1,-1,-1,-1
35,17,434,63,444,156,1,-1,-1,-1
35,18,0,218,201,141,1,-1,-1,-1
35,19,1704,558,165,159,1,-1,-1,-1
35,20,763,570,330,360,1,-1,-1,-1
36,13,1091,337,342,141,1,-1,-1,-1
36,15,928,9,537,135,1,-1,-1,-1
36,16,340,696,504,384,1,-1,-1,-1
36,17,412,67,423,149,1,-1,-1,-1
36,18,0,234,158,141,1,-1,-1,-1
36,19,1679,552,165,159,1,-1,-1,-1
36,20,758,561,330,360,1,-1,-1,-1
37,13,1072,332,342,141,1,-1,-1,-1
37,16,347,696,504,384,1,-1,-1,-1
37,17,386,61,423,149,1,-1,-1,-1
37,18,0,238,130,141,1,-1,-1,-1
37,19,1657,552,157,151,1,-1,-1,-1
37,20,755,554,346,378,1,-1,-1,-1
38,13,1061,330,342,141,1,-1,-1,-1
38,16,350,695,504,384,1,-1,-1,-1
38,17,366,56,423,149,1,-1,-1,-1
38,19,1635,543,157,151,1,-1,-1,-1
38,20,758,552,346,378,1,-1,-1,-1
39,16,353,692,504,384,1,-1,-1,-1
39,17,339,52,423,149,1,-1,-1,-1
39,19,1612,532,157,151,1,-1,-1,-1
40,16,366,690,504,384,1,-1,-1,-1
40,19,1589,527,157,151,1,-1,-1,-1
41,16,351,705,516,351,1,-1,-1,-1
41,19,1589,527,157,151,1,-1,-1,-1
41,21,831,3,498,165,1,-1,-1,-1
41,22,1572,564,345,138,1,-1,-1,-1
41,23,747,372,219,537,1,-1,-1,-1
41,24,1572,93,348,138,1,-1,-1,-1
41,25,1014,300,309,144,1,-1,-1,-1
41,26,1497,0,345,84,1,-1,-1,-1
42,16,356,702,516,351,1,-1,-1,-1
42,19,1550,508,157,151,1,-1,-1,-1
42,21,816,3,498,165,1,-1,-1,-1
42,22,1547,559,362,145,1,-1,-1,-1
42,23,746,358,219,537,1,-1,-1,-1
42,24,1537,91,348,138,1,-1,-1,-1
42,25,999,298,309,144,1,-1,-1,-1
42,26,1477,0,345,84,1,-1,-1,-1
43,16,367,700,516,351,1,-1,-1,-1
43,19,1531,495,157,151,1,-1,-1,-1
43,21,795,3,498,165,1,-1,-1,-1
43,22,1535,553,362,145,1,-1,-1,-1
43,23,744,327,219,537,1,-1,-1,-1
43,24,1505,86,348,138,1,-1,-1,-1
43,25,986,295,309,144,1,-1,-1,-1
43,26,1465,0,345,81,1,-1,-1,-1
44,16,384,698,516,351,1,-1,-1,-1
44,21,782,3,498,165,1,-1,-1,-1
44,22,1504,540,362,145,1,-1,-1,-1
44,23,736,302,230,564,1,-1,-1,-1
44,24,1478,84,331,131,1,-1,-1,-1
44,25,968,288,309,144,1,-1,-1,-1
44,26,1438,0,345,79,1,-1,-1,-1
45,16,399,700,516,351,1,-1,-1,-1
45,21,757,8,498,165,1,-1,-1,-1
45,22,1480,534,362,145,1,-1,-1,-1
45,23,730,271,241,592,1,-1,-1,-1
45,24,1455,84,316,125,1,-1,-1,-1
45,25,950,280,309,144,1,-1,-1,-1
46,16,404,692,542,369,1,-1,-1,-1
46,21,751,12,498,165,1,-1,-1,-1
46,24,1420,81,316,125,1,-1,-1,-1
46,25,936,279,309,144,1,-1,-1,-1
47,16,414,700,542,369,1,-1,-1,-1
47,21,723,13,523,173,1,-1,-1,-1
47,24,1389,78,316,125,1,-1,-1,-1
47,25,918,273,309,144,1,-1,-1,-1
48,16,441,717,516,351,1,-1,-1,-1
48,24,1361,74,316,125,1,-1,-1,-1
48,25,907,271,309,144,1,-1,-1,-1
49,16,489,639,591,429,1,-1,-1,-1
49,24,1361,74,316,125,1,-1,-1,-1
49,25,907,271,309,144,1,-1,-1,-1
49,27,1332,60,588,282,1,-1,-1,-1
49,28,1404,534,375,159,1,-1,-1,-1
49,29,42,48,561,168,1,-1,-1,-1
50,16,500,640,591,429,1,-1,-1,-1
50,24,1301,71,316,125,1,-1,-1,-1
50,25,874,266,309,144,1,-1,-1,-1
50,27,1311,59,588,282,1,-1,-1,-1
50,28,1397,533,375,159,1,-1,-1,-1
50,29,32,48,561,168,1,-1,-1,-1
51,16,511,645,591,429,1,-1,-1,-1
51,24,1280,73,301,119,1,-1,-1,-1
51,25,873,267,294,137,1,-1,-1,-1
51,27,1277,58,588,282,1,-1,-1,-1
51,28,1374,526,375,159,1,-1,-1,-1
51,29,21,54,561,168,1,-1,-1,-1
52,16,526,648,591,429,1,-1,-1,-1
52,24,1252,71,301,119,1,-1,-1,-1
52,25,869,267,280,131,1,-1,-1,-1
52,27,1253,57,588,282,1,-1,-1,-1
52,28,1352,520,375,159,1,-1,-1,-1
52,29,0,58,539,168,1,-1,-1,-1
53,16,537,651,591,429,1,-1,-1,-1
53,24,1230,73,286,114,1,-1,-1,-1
53,25,853,263,280,131,1,-1,-1,-1
53,27,1221,57,588,282,1,-1,-1,-1
53,28,1347,521,357,151,1,-1,-1,-1
53,29,0,63,540,168,1,-1,-1,-1
54,16,551,652,591,428,1,-1,-1,-1
54,24,1201,72,286,114,1,-1,-1,-1
54,27,1186,56,588,282,1,-1,-1,-1
54,28,1335,517,357,151,1,-1,-1,-1
54,29,0,65,508,168,1,-1,-1,-1
55,16,567,655,591,425,1,-1,-1,-1
55,24,1175,73,286,114,1,-1,-1,-1
55,27,1162,52,588,282,1,-1,-1,-1
55,28,1312,507,357,151,1,-1,-1,-1
56,16,581,658,591,422,1,-1,-1,-1
56,24,1148,73,286,114,1,-1,-1,-1
56,27,1134,46,617,296,1,-1,-1,-1
56,28,1299,505,357,151,1,-1,-1,-1
57,16,597,621,642,423,1,-1,-1,-1
57,24,1148,73,286,114,1,-1,-1,-1
57,27,1119,54,678,189,1,-1,-1,-1
57,28,1281,486,342,150,1,-1,-1,-1
57,30,531,108,537,501,1,-1,-1,-1
58,16,609,621,642,423,1,-1,-1,-1
58,24,1101,73,286,114,1,-1,-1,-1
58,27,1106,51,678,189,1,-1,-1,-1
58,28,1272,484,342,150,1,-1,-1,-1
58,30,533,102,537,501,1,-1,-1,-1
59,16,625,624,642,423,1,-1,-1,-1
59,24,1075,75,286,114,1,-1,-1,-1
59,27,1083,50,678,189,1,-1,-1,-1
59,28,1259,481,342,150,1,-1,-1,-1
59,30,535,92,537,501,1,-1,-1,-1
60,16,643,624,642,423,1,-1,-1,-1
60,24,1058,77,273,108,1,-1,-1,-1
60,27,1051,45,712,198,1,-1,-1,-1
60,28,1243,477,342,150,1,-1,-1,-1
60,30,541,81,537,501,1,-1,-1,-1
61,16,660,625,642,423,1,-1,-1,-1
61,24,1035,78,273,108,1,-1,-1,-1
61,27,1024,47,678,189,1,-1,-1,-1
61,28,1220,469,359,158,1,-1,-1,-1
61,30,542,70,537,501,1,-1,-1,-1
62,16,683,629,642,423,1,-1,-1,-1
62,24,1015,80,273,108,1,-1,-1,-1
62,27,1015,45,678,189,1,-1,-1,-1
62,28,1213,464,359,158,1,-1,-1,-1
62,30,537,72,537,501,1,-1,-1,-1
63,16,706,629,642,423,1,-1,-1,-1
63,24,992,80,273,108,1,-1,-1,-1
63,27,995,46,678,189,1,-1,-1,-1
63,28,1191,449,359,158,1,-1,-1,-1
63,30,531,90,537,501,1,-1,-1,-1
64,16,739,632,642,423,1,-1,-1,-1
64,24,970,80,273,108,1,-1,-1,-1
64,28,1178,449,359,158,1,-1,-1,-1
65,16,720,642,732,426,1,-1,-1,-1
65,24,970,80,273,108,1,-1,-1,-1
65,28,1167,444,345,144,1,-1,-1,-1
65,31,963,48,648,180,1,-1,-1,-1
65,32,384,33,669,306,1,-1,-1,-1
65,33,1785,252,135,123,1,-1,-1,-1
66,16,734,639,732,426,1,-1,-1,-1
66,28,1162,441,345,144,1,-1,-1,-1
66,31,954,48,648,180,1,-1,-1,-1
66,32,376,29,669,306,1,-1,-1,-1
66,33,1786,255,134,123,1,-1,-1,-1
67,16,751,638,732,426,1,-1,-1,-1
67,28,1153,440,345,144,1,-1,-1,-1
67,31,935,47,648,180,1,-1,-1,-1
67,32,383,33,637,291,1,-1,-1,-1
67,33,1790,256,130,123,1,-1,-1,-1
68,16,788,651,697,406,1,-1,-1,-1
68,28,1142,438,345,144,1,-1,-1,-1
68,31,907,47,648,180,1,-1,-1,-1
68,32,382,36,607,278,1,-1,-1,-1
68,33,1793,260,127,123,1,-1,-1,-1
69,16,804,649,697,406,1,-1,-1,-1
69,28,1124,432,362,151,1,-1,-1,-1
69,31,908,52,617,171,1,-1,-1,-1
69,32,361,34,637,291,1,-1,-1,-1
69,33,1793,258,127,129,1,-1,-1,-1
70,16,823,653,697,406,1,-1,-1,-1
70,28,1105,427,362,151,1,-1,-1,-1
70,31,899,52,617,171,1,-1,-1,-1
70,33,1792,264,128,129,1,-1,-1,-1
71,16,839,644,732,426,1,-1,-1,-1
71,28,1100,423,362,151,1,-1,-1,-1
71,31,861,52,617,171,1,-1,-1,-1
72,16,841,634,769,446,1,-1,-1,-1
72,28,1098,418,362,151,1,-1,-1,-1
72,31,852,55,617,171,1,-1,-1,-1
73,16,879,678,753,396,1,-1,-1,-1
73,28,1101,417,321,129,1,-1,-1,-1
73,31,825,51,615,186,1,-1,-1,-1
73,34,6,21,906,345,1,-1,-1,-1
73,35,1584,21,336,186,1,-1,-1,-1
74,16,900,678,753,396,1,-1,-1,-1
74,28,1097,416,321,129,1,-1,-1,-1
74,31,819,50,615,186,1,-1,-1,-1
74,34,0,20,904,345,1,-1,-1,-1
74,35,1575,21,336,186,1,-1,-1,-1
75,16,925,681,753,396,1,-1,-1,-1
75,28,1086,415,321,129,1,-1,-1,-1
75,31,798,49,615,186,1,-1,-1,-1
75,34,11,27,863,329,1,-1,-1,-1
75,35,1571,19,336,186,1,-1,-1,-1
76,16,954,684,753,396,1,-1,-1,-1
76,28,1085,415,306,123,1,-1,-1,-1
76,31,783,50,615,186,1,-1,-1,-1
76,34,10,36,822,313,1,-1,-1,-1
76,35,1559,22,336,186,1,-1,-1,-1
77,16,977,690,753,390,1,-1,-1,-1
77,28,1071,413,306,123,1,-1,-1,-1
77,31,773,54,615,186,1,-1,-1,-1
77,34,0,36,815,313,1,-1,-1,-1
77,35,1545,23,336,186,1,-1,-1,-1
78,16,984,687,791,393,1,-1,-1,-1
78,28,1056,407,321,129,1,-1,-1,-1
78,31,756,56,615,186,1,-1,-1,-1
78,35,1540,25,336,186,1,-1,-1,-1
79,16,1013,690,791,390,1,-1,-1,-1
79,28,1046,403,321,129,1,-1,-1,-1
79,35,1517,22,353,195,1,-1,-1,-1
80,16,1039,698,791,382,1,-1,-1,-1
80,28,1046,404,306,123,1,-1,-1,-1
81,16,1089,651,708,423,1,-1,-1,-1
81,28,1020,393,330,135,1,-1,-1,-1
81,36,1509,9,411,213,1,-1,-1,-1
81,37,717,63,558,261,1,-1,-1,-1
81,38,24,0,747,366,1,-1,-1,-1
82,16,1100,653,708,423,1,-1,-1,-1
82,28,1014,392,330,135,1,-1,-1,-1
82,36,1502,10,411,213,1,-1,-1,-1
82,37,711,66,558,261,1,-1,-1,-1
82,38,11,1,747,366,1,-1,-1,-1
83,16,1118,654,708,423,1,-1,-1,-1
83,28,1005,392,330,135,1,-1,-1,-1
83,36,1497,10,411,213,1,-1,-1,-1
83,37,701,70,558,261,1,-1,-1,-1
83,38,2,7,747,366,1,-1,-1,-1
84,16,1132,656,708,423,1,-1,-1,-1
84,28,998,391,330,135,1,-1,-1,-1
84,36,1490,12,411,213,1,-1,-1,-1
84,37,683,75,558,261,1,-1,-1,-1
84,38,13,21,711,349,1,-1,-1,-1
85,16,1145,661,708,419,1,-1,-1,-1
85,28,993,391,330,135,1,-1,-1,-1
85,36,1477,17,411,213,1,-1,-1,-1
85,37,671,80,558,261,1,-1,-1,-1
85,38,6,30,711,349,1,-1,-1,-1
86,16,1173,679,674,401,1,-1,-1,-1
86,28,967,386,330,135,1,-1,-1,-1
86,36,1465,14,432,224,1,-1,-1,-1
86,37,653,82,586,274,1,-1,-1,-1
86,38,0,22,701,366,1,-1,-1,-1
87,16,1197,682,674,398,1,-1,-1,-1
87,28,965,386,330,135,1,-1,-1,-1
87,36,1463,21,432,224,1,-1,-1,-1
87,37,631,80,615,288,1,-1,-1,-1
87,38,0,32,709,366,1,-1,-1,-1
88,16,1214,685,674,395,1,-1,-1,-1
88,28,954,384,330,135,1,-1,-1,-1
88,37,614,78,615,288,1,-1,-1,-1
88,38,0,32,717,366,1,-1,-1,-1
89,16,1214,685,674,395,1,-1,-1,-1
89,28,957,384,303,123,1,-1,-1,-1
89,37,612,102,507,297,1,-1,-1,-1
89,38,6,15,714,474,1,-1,-1,-1
89,39,1434,66,432,93,1,-1,-1,-1
89,40,1512,345,276,96,1,-1,-1,-1
90,16,1279,689,641,391,1,-1,-1,-1
90,28,951,384,303,123,1,-1,-1,-1
90,37,603,106,507,297,1,-1,-1,-1
90,38,0,18,709,474,1,-1,-1,-1
90,39,1429,66,432,93,1,-1,-1,-1
90,40,1510,346,276,96,1,-1,-1,-1
91,16,1339,700,581,380,1,-1,-1,-1
91,28,942,384,303,123,1,-1,-1,-1
91,37,593,106,507,297,1,-1,-1,-1
91,38,0,19,699,474,1,-1,-1,-1
91,39,1411,65,454,98,1,-1,-1,-1
91,40,1495,342,276,96,1,-1,-1,-1
92,28,932,380,303,123,1,-1,-1,-1
92,37,574,109,507,297,1,-1,-1,-1
92,38,0,24,690,474,1,-1,-1,-1
92,39,1405,65,454,98,1,-1,-1,-1
92,40,1482,339,276,96,1,-1,-1,-1
93,28,923,378,303,123,1,-1,-1,-1
93,37,564,113,507,297,1,-1,-1,-1
93,38,0,30,680,474,1,-1,-1,-1
93,39,1390,64,454,98,1,-1,-1,-1
93,40,1478,337,276,96,1,-1,-1,-1
94,28,909,375,303,123,1,-1,-1,-1
94,37,539,109,532,312,1,-1,-1,-1
94,38,0,42,655,451,1,-1,-1,-1
94,39,1376,64,454,98,1,-1,-1,-1
95,28,910,375,303,123,1,-1,-1,-1
95,37,527,110,532,312,1,-1,-1,-1
95,38,0,46,641,451,1,-1,-1,-1
95,39,1376,67,432,93,1,-1,-1,-1
96,28,892,373,289,117,1,-1,-1,-1
96,37,513,113,532,312,1,-1,-1,-1
96,38,0,33,648,474,1,-1,-1,-1
96,39,1377,69,432,93,1,-1,-1,-1
97,28,897,372,279,102,1,-1,-1,-1
97,37,438,114,567,318,1,-1,-1,-1
97,38,0,33,648,474,1,-1,-1,-1
97,39,1347,57,414,105,1,-1,-1,-1
97,41,1713,171,207,108,1,-1,-1,-1
97,42,0,123,408,405,1,-1,-1,-1
97,43,1446,336,252,84,1,-1,-1,-1
98,28,893,371,279,102,1,-1,-1,-1
98,37,435,117,567,318,1,-1,-1,-1
98,38,0,30,630,474,1,-1,-1,-1
98,39,1344,57,414,105,1,-1,-1,-1
98,41,1694,168,207,108,1,-1,-1,-1
98,42,0,126,401,405,1,-1,-1,-1
98,43,1440,336,252,84,1,-1,-1,-1
99,28,878,370,279,102,1,-1,-1,-1
99,37,416,117,567,318,1,-1,-1,-1
99,39,1334,58,414,105,1,-1,-1,-1
99,41,1664,165,207,108,1,-1,-1,-1
99,42,0,132,392,405,1,-1,-1,-1
99,43,1428,336,252,84,1,-1,-1,-1
100,28,871,370,279,102,1,-1,-1,-1
100,37,408,117,567,318,1,-1,-1,-1
100,39,1326,56,414,105,1,-1,-1,-1
100,41,1640,162,207,108,1,-1,-1,-1
100,42,0,137,379,405,1,-1,-1,-1
100,43,1417,337,252,84,1,-1,-1,-1
101,28,856,368,293,107,1,-1,-1,-1
101,37,384,108,595,334,1,-1,-1,-1
101,39,1307,55,414,105,1,-1,-1,-1
101,41,1613,159,207,108,1,-1,-1,-1
101,42,0,142,366,405,1,-1,-1,-1
101,43,1409,337,252,84,1,-1,-1,-1
102,28,848,370,293,107,1,-1,-1,-1
102,37,371,107,595,334,1,-1,-1,-1
102,39,1312,56,394,100,1,-1,-1,-1
102,41,1588,158,207,108,1,-1,-1,-1
102,42,0,139,365,405,1,-1,-1,-1
102,43,1402,340,252,84,1,-1,-1,-1
103,28,835,368,293,107,1,-1,-1,-1
103,37,349,109,595,334,1,-1,-1,-1
103,39,1302,58,394,100,1,-1,-1,-1
103,41,1563,156,207,108,1,-1,-1,-1
103,42,0,164,305,405,1,-1,-1,-1
103,43,1391,341,252,84,1,-1,-1,-1
104,28,830,368,293,107,1,-1,-1,-1
104,37,341,114,595,334,1,-1,-1,-1
104,41,1545,156,197,103,1,-1,-1,-1
104,43,1375,342,265,88,1,-1,-1,-1
105,28,813,378,285,69,1,-1,-1,-1
105,37,315,240,534,201,1,-1,-1,-1
105,41,1545,156,197,103,1,-1,-1,-1
105,43,1375,342,265,88,1,-1,-1,-1
105,44,1518,141,402,171,1,-1,-1,-1
105,45,573,3,429,72,1,-1,-1,-1
105,46,1284,60,363,165,1,-1,-1,-1
105,47,321,63,294,114,1,-1,-1,-1
106,28,799,376,299,72,1,-1,-1,-1
106,37,302,239,534,201,1,-1,-1,-1
106,41,1500,151,197,103,1,-1,-1,-1
106,43,1359,345,252,84,1,-1,-1,-1
106,44,1502,140,402,171,1,-1,-1,-1
106,45,565,3,429,72,1,-1,-1,-1
106,46,1275,59,363,165,1,-1,-1,-1
106,47,315,61,294,114,1,-1,-1,-1
107,37,280,247,509,191,1,-1,-1,-1
107,41,1470,147,197,103,1,-1,-1,-1
107,43,1348,347,252,84,1,-1,-1,-1
107,44,1465,131,422,180,1,-1,-1,-1
107,45,566,4,429,72,1,-1,-1,-1
107,46,1255,56,363,165,1,-1,-1,-1
107,47,303,58,294,114,1,-1,-1,-1
108,37,258,245,534,201,1,-1,-1,-1
108,41,1445,142,197,103,1,-1,-1,-1
108,43,1344,349,252,84,1,-1,-1,-1
108,44,1442,127,422,180,1,-1,-1,-1
108,45,526,0,450,76,1,-1,-1,-1
108,46,1262,62,346,157,1,-1,-1,-1
108,47,297,53,294,114,1,-1,-1,-1
109,37,233,247,534,201,1,-1,-1,-1
109,41,1424,138,197,103,1,-1,-1,-1
109,43,1332,351,240,80,1,-1,-1,-1
109,44,1412,119,422,180,1,-1,-1,-1
109,45,510,0,450,75,1,-1,-1,-1
109,46,1247,64,346,157,1,-1,-1,-1
109,47,272,42,309,120,1,-1,-1,-1
110,37,212,248,534,201,1,-1,-1,-1
110,41,1400,135,197,103,1,-1,-1,-1
110,44,1388,117,422,180,1,-1,-1,-1
110,45,498,0,450,76,1,-1,-1,-1
111,37,175,244,561,211,1,-1,-1,-1
111,41,1372,131,197,103,1,-1,-1,-1
112,37,152,248,561,211,1,-1,-1,-1
112,41,1350,129,197,103,1,-1,-1,-1
113,37,135,273,549,219,1,-1,-1,-1
113,41,1350,129,197,103,1,-1,-1,-1
113,48,1191,33,726,240,1,-1,-1,-1
113,49,726,378,288,75,1,-1,-1,-1
113,50,507,3,363,63,1,-1,-1,-1
114,37,120,273,549,219,1,-1,-1,-1
114,48,1188,32,726,240,1,-1,-1,-1
114,49,711,376,302,79,1,-1,-1,-1
114,50,494,5,363,63,1,-1,-1,-1
115,37,94,274,549,219,1,-1,-1,-1
115,48,1175,32,726,240,1,-1,-1,-1
115,49,702,376,302,79,1,-1,-1,-1
115,50,479,5,363,63,1,-1,-1,-1
116,37,82,275,549,219,1,-1,-1,-1
116,48,1152,28,726,240,1,-1,-1,-1
116,49,687,380,288,75,1,-1,-1,-1
116,50,470,7,363,63,1,-1,-1,-1
117,37,47,277,549,219,1,-1,-1,-1
117,48,1152,28,726,240,1,-1,-1,-1
117,49,690,383,274,71,1,-1,-1,-1
118,37,24,277,576,230,1,-1,-1,-1
118,48,1097,28,726,240,1,-1,-1,-1
118,49,682,385,274,71,1,-1,-1,-1
119,37,0,277,564,230,1,-1,-1,-1
119,49,664,388,274,71,1,-1,-1,-1
120,37,0,279,553,230,1,-1,-1,-1
120,49,656,391,274,71,1,-1,-1,-1
121,37,3,294,519,201,1,-1,-1,-1
121,49,651,384,267,81,1,-1,-1,-1
121,51,1134,24,783,237,1,-1,-1,-1
121,52,1215,366,246,63,1,-1,-1,-1
122,37,0,295,507,201,1,-1,-1,-1
122,49,651,384,267,81,1,-1,-1,-1
122,51,1127,23,783,237,1,-1,-1,-1
122,52,1209,366,246,63,1,-1,-1,-1
123,37,0,302,479,191,1,-1,-1,-1
123,49,638,386,254,77,1,-1,-1,-1
123,51,1110,23,783,237,1,-1,-1,-1
123,52,1198,370,246,63,1,-1,-1,-1
124,37,0,303,452,191,1,-1,-1,-1
124,49,641,391,242,73,1,-1,-1,-1
124,51,1083,17,822,249,1,-1,-1,-1
124,52,1187,373,246,63,1,-1,-1,-1
125,37,0,309,437,191,1,-1,-1,-1
125,49,625,390,242,73,1,-1,-1,-1
125,51,1079,20,822,249,1,-1,-1,-1
125,52,1182,375,246,63,1,-1,-1,-1
126,37,0,310,424,191,1,-1,-1,-1
126,49,614,390,254,77,1,-1,-1,-1
126,51,1050,30,783,237,1,-1,-1,-1
127,37,0,319,396,182,1,-1,-1,-1
128,37,0,324,380,182,1,-1,-1,-1
129,37,0,318,378,201,1,-1,-1,-1
129,53,522,903,438,174,1,-1,-1,-1
129,54,1020,51,618,210,1,-1,-1,-1
129,55,576,399,255,84,1,-1,-1,-1
129,56,1629,171,291,129,1,-1,-1,-1
130,37,0,321,368,201,1,-1,-1,-1
130,53,522,901,438,174,1,-1,-1,-1
130,54,1007,49,618,210,1,-1,-1,-1
130,55,567,399,255,84,1,-1,-1,-1
130,56,1617,171,291,129,1,-1,-1,-1
131,37,0,323,353,201,1,-1,-1,-1
131,53,527,897,438,174,1,-1,-1,-1
131,54,995,50,618,210,1,-1,-1,-1
131,55,552,397,268,88,1,-1,-1,-1
131,56,1604,172,291,129,1,-1,-1,-1
132,37,0,327,330,191,1,-1,-1,-1
132,53,520,890,460,183,1,-1,-1,-1
132,54,973,56,618,210,1,-1,-1,-1
132,55,546,399,255,84,1,-1,-1,-1
132,56,1593,172,291,129,1,-1,-1,-1
133,37,0,329,313,191,1,-1,-1,-1
133,53,526,885,460,183,1,-1,-1,-1
133,54,970,64,618,210,1,-1,-1,-1
133,55,544,399,255,84,1,-1,-1,-1
133,56,1578,169,306,135,1,-1,-1,-1
134,37,0,333,306,191,1,-1,-1,-1
134,53,536,882,460,183,1,-1,-1,-1
134,54,935,64,618,210,1,-1,-1,-1
134,55,531,396,268,88,1,-1,-1,-1
134,56,1570,169,306,135,1,-1,-1,-1
135,37,0,334,295,191,1,-1,-1,-1
135,53,558,881,460,183,1,-1,-1,-1
135,54,929,65,618,210,1,-1,-1,-1
135,55,515,393,281,93,1,-1,-1,-1
135,56,1553,169,306,135,1,-1,-1,-1
136,53,563,872,460,183,1,-1,-1,-1
136,54,925,68,618,210,1,-1,-1,-1
136,55,511,392,281,93,1,-1,-1,-1
136,56,1548,167,306,135,1,-1,-1,-1
137,53,563,872,460,183,1,-1,-1,-1
137,54,912,36,570,246,1,-1,-1,-1
137,55,507,387,255,96,1,-1,-1,-1
137,56,1515,171,405,96,1,-1,-1,-1
137,57,0,312,273,141,1,-1,-1,-1
138,54,910,38,570,246,1,-1,-1,-1
138,55,507,387,255,96,1,-1,-1,-1
138,56,1514,172,405,96,1,-1,-1,-1
138,57,0,312,271,141,1,-1,-1,-1
139,54,900,42,570,246,1,-1,-1,-1
139,55,507,388,255,96,1,-1,-1,-1
139,56,1503,172,417,101,1,-1,-1,-1
139,57,2,314,260,134,1,-1,-1,-1
140,54,892,46,570,246,1,-1,-1,-1
140,55,498,385,268,101,1,-1,-1,-1
140,56,1499,173,421,101,1,-1,-1,-1
140,57,0,314,254,134,1,-1,-1,-1
141,54,892,51,570,246,1,-1,-1,-1
141,55,489,380,281,106,1,-1,-1,-1
141,56,1485,175,425,101,1,-1,-1,-1
141,57,0,313,247,134,1,-1,-1,-1
142,54,878,54,570,246,1,-1,-1,-1
142,55,482,377,281,106,1,-1,-1,-1
142,56,1480,179,425,101,1,-1,-1,-1
142,57,0,316,238,128,1,-1,-1,-1
143,54,862,47,598,258,1,-1,-1,-1
143,55,481,377,281,106,1,-1,-1,-1
143,57,0,319,227,122,1,-1,-1,-1
144,54,873,56,570,246,1,-1,-1,-1
144,55,478,375,281,106,1,-1,-1,-1
144,57,0,318,222,122,1,-1,-1,-1
145,54,873,56,570,246,1,-1,-1,-1
145,55,510,378,228,117,1,-1,-1,-1
145,57,0,324,222,96,1,-1,-1,-1
145,58,792,888,357,189,1,-1,-1,-1
145,59,852,156,534,165,1,-1,-1,-1
145,60,1479,198,399,147,1,-1,-1,-1
145,61,924,51,345,99,1,-1,-1,-1
146,55,511,378,228,117,1,-1,-1,-1
146,57,1,324,222,96,1,-1,-1,-1
146,58,802,888,357,189,1,-1,-1,-1
146,59,847,157,534,165,1,-1,-1,-1
146,60,1474,201,399,147,1,-1,-1,-1
146,61,924,52,345,99,1,-1,-1,-1
147,55,509,376,228,117,1,-1,-1,-1
147,57,7,326,222,96,1,-1,-1,-1
147,58,814,888,357,189,1,-1,-1,-1
147,59,849,159,534,165,1,-1,-1,-1
147,60,1470,203,399,147,1,-1,-1,-1
147,61,923,52,345,99,1,-1,-1,-1
148,55,507,374,228,117,1,-1,-1,-1
148,57,0,327,210,96,1,-1,-1,-1
148,58,814,885,375,195,1,-1,-1,-1
148,59,833,157,534,165,1,-1,-1,-1
148,60,1465,206,399,147,1,-1,-1,-1
148,61,929,54,329,94,1,-1,-1,-1
149,55,511,373,217,111,1,-1,-1,-1
149,57,0,329,206,91,1,-1,-1,-1
149,58,815,880,394,200,1,-1,-1,-1
149,59,843,159,509,157,1,-1,-1,-1
149,60,1469,212,380,140,1,-1,-1,-1
149,61,928,54,329,94,1,-1,-1,-1
150,55,510,371,217,111,1,-1,-1,-1
150,58,812,876,413,204,1,-1,-1,-1
150,59,842,156,509,157,1,-1,-1,-1
150,60,1466,215,380,140,1,-1,-1,-1
150,61,928,54,329,94,1,-1,-1,-1
151,55,509,368,217,111,1,-1,-1,-1
151,58,822,873,413,207,1,-1,-1,-1
151,59,825,152,509,157,1,-1,-1,-1
151,60,1463,217,380,140,1,-1,-1,-1
151,61,926,54,329,94,1,-1,-1,-1
152,55,508,364,217,111,1,-1,-1,-1
152,58,834,882,413,198,1,-1,-1,-1
152,60,1460,221,380,140,1,-1,-1,-1
152,61,923,55,329,94,1,-1,-1,-1
153,55,516,357,204,120,1,-1,-1,-1
153,58,891,870,372,204,1,-1,-1,-1
153,60,1449,216,378,117,1,-1,-1,-1
153,61,923,55,329,94,1,-1,-1,-1
153,62,798,72,498,234,1,-1,-1,-1
154,55,517,354,204,120,1,-1,-1,-1
154,58,899,871,372,204,1,-1,-1,-1
154,60,1449,217,378,117,1,-1,-1,-1
154,61,905,52,345,99,1,-1,-1,-1
154,62,798,70,498,234,1,-1,-1,-1
155,55,518,352,204,120,1,-1,-1,-1
155,58,908,872,372,204,1,-1,-1,-1
155,60,1452,219,378,117,1,-1,-1,-1
155,62,797,66,498,234,1,-1,-1,-1
156,55,519,350,204,120,1,-1,-1,-1
156,58,905,870,391,210,1,-1,-1,-1
156,60,1450,222,378,117,1,-1,-1,-1
156,62,803,62,498,234,1,-1,-1,-1
157,55,520,346,204,120,1,-1,-1,-1
157,58,907,868,410,212,1,-1,-1,-1
157,60,1459,228,360,111,1,-1,-1,-1
157,62,793,51,523,246,1,-1,-1,-1
158,55,521,342,204,120,1,-1,-1,-1
158,58,905,871,431,209,1,-1,-1,-1
158,60,1464,233,360,111,1,-1,-1,-1
158,62,793,44,523,246,1,-1,-1,-1
159,55,522,340,204,120,1,-1,-1,-1
159,58,914,876,431,204,1,-1,-1,-1
159,60,1465,237,360,111,1,-1,-1,-1
159,62,803,40,498,234,1,-1,-1,-1
160,55,523,337,204,120,1,-1,-1,-1
160,58,926,877,431,203,1,-1,-1,-1
160,60,1462,242,378,117,1,-1,-1,-1
161,55,528,333,192,102,1,-1,-1,-1
161,58,926,877,431,203,1,-1,-1,-1
161,60,1452,237,378,138,1,-1,-1,-1
161,63,1008,459,402,126,1,-1,-1,-1
161,64,990,738,408,336,1,-1,-1,-1
162,55,532,332,192,102,1,-1,-1,-1
162,60,1451,240,378,138,1,-1,-1,-1
162,63,1007,458,402,126,1,-1,-1,-1
162,64,997,739,408,336,1,-1,-1,-1
163,55,540,332,183,97,1,-1,-1,-1
163,60,1456,247,378,138,1,-1,-1,-1
163,63,1013,460,383,120,1,-1,-1,-1
163,64,1006,741,408,336,1,-1,-1,-1
164,55,542,329,183,97,1,-1,-1,-1
164,60,1467,256,360,131,1,-1,-1,-1
164,63,1019,461,383,120,1,-1,-1,-1
164,64,1017,744,408,336,1,-1,-1,-1
165,55,545,325,183,97,1,-1,-1,-1
165,60,1467,263,360,131,1,-1,-1,-1
165,63,1016,456,402,126,1,-1,-1,-1
165,64,1029,744,408,336,1,-1,-1,-1
166,55,549,321,183,97,1,-1,-1,-1
166,60,1466,270,360,131,1,-1,-1,-1
166,64,1040,747,408,333,1,-1,-1,-1
167,55,552,317,183,97,1,-1,-1,-1
167,60,1466,276,360,131,1,-1,-1,-1
167,64,1050,750,408,330,1,-1,-1,-1
168,55,556,313,183,97,1,-1,-1,-1
168,60,1468,282,360,131,1,-1,-1,-1
168,64,1072,760,389,320,1,-1,-1,-1
169,55,556,313,183,97,1,-1,-1,-1
169,60,1468,282,360,131,1,-1,-1,-1
169,64,1072,760,389,320,1,-1,-1,-1
169,65,960,642,561,432,1,-1,-1,-1
169,66,993,414,288,120,1,-1,-1,-1
169,67,294,27,315,96,1,-1,-1,-1
170,55,573,302,174,93,1,-1,-1,-1
170,60,1490,282,360,131,1,-1,-1,-1
170,64,1087,752,408,328,1,-1,-1,-1
170,65,966,645,561,432,1,-1,-1,-1
170,66,995,414,288,120,1,-1,-1,-1
170,67,310,29,300,91,1,-1,-1,-1
171,60,1488,282,378,138,1,-1,-1,-1
171,64,1089,763,408,317,1,-1,-1,-1
171,65,972,648,561,432,1,-1,-1,-1
171,66,996,414,288,120,1,-1,-1,-1
171,67,317,26,300,91,1,-1,-1,-1
172,60,1505,293,378,138,1,-1,-1,-1
172,65,977,651,561,429,1,-1,-1,-1
172,66,997,413,288,120,1,-1,-1,-1
172,67,318,24,315,96,1,-1,-1,-1
173,65,966,638,589,442,1,-1,-1,-1
173,66,995,412,288,120,1,-1,-1,-1
173,67,329,20,331,101,1,-1,-1,-1
174,65,968,642,589,438,1,-1,-1,-1
174,66,997,412,288,120,1,-1,-1,-1
175,65,970,646,589,434,1,-1,-1,-1
175,66,997,409,288,120,1,-1,-1,-1
176,65,951,634,619,446,1,-1,-1,-1
176,66,1000,408,288,120,1,-1,-1,-1
177,65,951,634,619,446,1,-1,-1,-1
177,66,1000,408,288,120,1,-1,-1,-1
177,68,1509,288,390,243,1,-1,-1,-1
177,69,612,582,693,489,1,-1,-1,-1
178,65,934,657,589,423,1,-1,-1,-1
178,66,1004,405,274,114,1,-1,-1,-1
178,68,1513,291,390,243,1,-1,-1,-1
178,69,612,576,693,489,1,-1,-1,-1
179,65,923,652,589,428,1,-1,-1,-1
179,68,1514,300,390,243,1,-1,-1,-1
179,69,617,576,693,489,1,-1,-1,-1
180,65,920,654,589,426,1,-1,-1,-1
180,68,1519,307,390,243,1,-1,-1,-1
180,69,609,572,693,489,1,-1,-1,-1
181,68,1523,316,390,243,1,-1,-1,-1
181,69,596,571,693,489,1,-1,-1,-1
182,68,1525,322,390,243,1,-1,-1,-1
182,69,576,564,693,489,1,-1,-1,-1
183,68,1525,330,390,243,1,-1,-1,-1
183,69,573,562,693,489,1,-1,-1,-1
184,68,1523,339,390,243,1,-1,-1,-1
184,69,561,563,693,489,1,-1,-1,-1
185,68,1494,342,411,246,1,-1,-1,-1
185,69,453,645,795,429,1,-1,-1,-1
185,70,798,3,411,60,1,-1,-1,-1
186,68,1495,344,411,246,1,-1,-1,-1
186,69,448,639,795,429,1,-1,-1,-1
186,70,284,0,411,20,1,-1,-1,-1
187,68,1495,346,411,246,1,-1,-1,-1
187,69,434,634,795,429,1,-1,-1,-1
187,70,0,0,182,2,1,-1,-1,-1
188,68,1497,346,411,246,1,-1,-1,-1
188,69,429,624,795,429,1,-1,-1,-1
188,70,0,0,2,2,1,-1,-1,-1
189,68,1491,340,429,258,1,-1,-1,-1
189,69,420,611,795,429,1,-1,-1,-1
190,68,1489,338,431,258,1,-1,-1,-1
190,69,410,597,795,429,1,-1,-1,-1
191,68,1496,343,424,258,1,-1,-1,-1
191,69,398,585,795,429,1,-1,-1,-1
192,69,383,571,795,429,1,-1,-1,-1
193,69,383,571,795,429,1,-1,-1,-1
193,71,1440,420,441,219,1,-1,-1,-1
193,72,300,732,933,339,1,-1,-1,-1
194,69,313,492,795,429,1,-1,-1,-1
194,71,1438,421,441,219,1,-1,-1,-1
194,72,293,724,933,339,1,-1,-1,-1
195,71,1435,424,441,219,1,-1,-1,-1
195,72,277,714,933,339,1,-1,-1,-1
196,71,1429,427,441,219,1,-1,-1,-1
196,72,260,690,933,339,1,-1,-1,-1
197,71,1413,425,463,230,1,-1,-1,-1
197,72,247,657,933,339,1,-1,-1,-1
198,71,1404,427,463,230,1,-1,-1,-1
198,72,241,630,933,339,1,-1,-1,-1
199,71,1399,431,463,230,1,-1,-1,-1
200,71,1379,427,486,241,1,-1,-1,-1
201,71,1383,462,471,222,1,-1,-1,-1
201,73,114,471,1098,597,1,-1,-1,-1
202,71,1383,463,471,222,1,-1,-1,-1
202,73,110,451,1098,597,1,-1,-1,-1
203,71,1376,467,471,222,1,-1,-1,-1
203,73,74,419,1153,627,1,-1,-1,-1
204,71,1369,471,471,222,1,-1,-1,-1
204,73,60,396,1153,627,1,-1,-1,-1
205,71,1364,475,471,222,1,-1,-1,-1
205,73,56,366,1153,627,1,-1,-1,-1
206,71,1358,479,471,222,1,-1,-1,-1
206,73,43,345,1153,627,1,-1,-1,-1
207,71,1353,482,471,222,1,-1,-1,-1
207,73,27,312,1153,627,1,-1,-1,-1
208,71,1341,487,471,222,1,-1,-1,-1
208,73,9,279,1153,627,1,-1,-1,-1
209,71,1335,492,471,204,1,-1,-1,-1
209,73,3,144,1203,921,1,-1,-1,-1
210,71,1333,495,471,204,1,-1,-1,-1
210,73,0,122,1189,921,1,-1,-1,-1
211,71,1308,498,495,214,1,-1,-1,-1
211,73,0,100,1175,921,1,-1,-1,-1
212,71,1302,502,495,214,1,-1,-1,-1
212,73,0,74,1155,921,1,-1,-1,-1
213,71,1296,505,495,214,1,-1,-1,-1
213,73,0,39,1140,921,1,-1,-1,-1
214,71,1281,510,495,214,1,-1,-1,-1
214,73,0,14,1127,921,1,-1,-1,-1
215,71,1263,513,519,225,1,-1,-1,-1
215,73,0,0,1122,909,1,-1,-1,-1
216,71,1248,519,519,225,1,-1,-1,-1
216,73,0,0,1117,898,1,-1,-1,-1
217,71,1248,519,519,225,1,-1,-1,-1
217,73,51,6,1014,894,1,-1,-1,-1
218,73,48,0,1014,884,1,-1,-1,-1
219,73,39,0,1014,861,1,-1,-1,-1
220,73,33,0,1014,833,1,-1,-1,-1
221,73,29,0,1014,811,1,-1,-1,-1
222,73,24,0,1014,779,1,-1,-1,-1
223,73,17,0,1014,763,1,-1,-1,-1
224,73,19,0,966,683,1,-1,-1,-1
225,73,0,3,969,576,1,-1,-1,-1
225,74,1155,612,474,123,1,-1,-1,-1
226,73,0,0,966,559,1,-1,-1,-1
226,74,1146,613,474,123,1,-1,-1,-1
227,73,0,0,968,534,1,-1,-1,-1
227,74,1128,614,474,123,1,-1,-1,-1
228,73,0,0,965,510,1,-1,-1,-1
228,74,1125,614,474,123,1,-1,-1,-1
229,73,0,0,969,487,1,-1,-1,-1
229,74,1110,614,474,123,1,-1,-1,-1
230,73,3,0,969,456,1,-1,-1,-1
230,74,1090,614,498,129,1,-1,-1,-1
231,73,0,0,960,419,1,-1,-1,-1
231,74,1066,610,523,136,1,-1,-1,-1
232,73,7,0,923,408,1,-1,-1,-1
232,74,1056,608,549,142,1,-1,-1,-1
233,73,7,0,923,408,1,-1,-1,-1
233,74,1047,642,459,102,1,-1,-1,-1
234,74,1042,642,459,102,1,-1,-1,-1
235,74,1033,642,459,102,1,-1,-1,-1
236,74,1039,646,437,97,1,-1,-1,-1
237,74,1030,645,437,97,1,-1,-1,-1
238,74,1014,646,459,102,1,-1,-1,-1
239,74,993,648,482,107,1,-1,-1,-1
240,74,991,652,482,107,1,-1,-1,-1
241,74,991,652,482,107,1,-1,-1,-1
241,75,1005,684,444,222,1,-1,-1,-1
242,74,987,667,482,107,1,-1,-1,-1
242,75,1002,691,444,222,1,-1,-1,-1
243,74,978,672,506,112,1,-1,-1,-1
243,75,1001,698,444,222,1,-1,-1,-1
244,74,958,676,531,118,1,-1,-1,-1
244,75,994,706,444,222,1,-1,-1,-1
245,75,994,714,444,222,1,-1,-1,-1
246,75,988,722,444,222,1,-1,-1,-1
247,75,987,732,444,222,1,-1,-1,-1
248,75,982,740,444,222,1,-1,-1,-1
249,75,993,738,441,234,1,-1,-1,-1
249,76,0,3,900,243,1,-1,-1,-1
249,77,831,0,312,69,1,-1,-1,-1
250,75,992,741,441,234,1,-1,-1,-1
250,76,0,0,922,253,1,-1,-1,-1
250,77,840,0,312,69,1,-1,-1,-1
251,75,988,747,441,234,1,-1,-1,-1
251,76,0,5,922,255,1,-1,-1,-1
251,77,845,1,312,69,1,-1,-1,-1
252,75,983,756,441,234,1,-1,-1,-1
252,76,10,16,900,243,1,-1,-1,-1
252,77,866,1,312,69,1,-1,-1,-1
253,75,979,766,441,234,1,-1,-1,-1
253,76,44,31,857,231,1,-1,-1,-1
254,75,976,773,441,234,1,-1,-1,-1
254,76,61,41,857,231,1,-1,-1,-1
255,75,972,780,441,234,1,-1,-1,-1
255,76,66,42,900,243,1,-1,-1,-1
256,75,969,787,441,234,1,-1,-1,-1
256,76,65,44,900,243,1,-1,-1,-1
257,75,966,774,444,270,1,-1,-1,-1
257,76,6,3,1035,312,1,-1,-1,-1
257,78,516,111,414,207,1,-1,-1,-1
258,75,963,778,444,270,1,-1,-1,-1
258,76,15,5,1035,312,1,-1,-1,-1
258,78,518,114,414,207,1,-1,-1,-1
259,75,968,787,423,257,1,-1,-1,-1
259,76,28,7,1035,312,1,-1,-1,-1
259,78,533,124,394,197,1,-1,-1,-1
260,75,964,792,423,257,1,-1,-1,-1
260,76,38,7,1035,312,1,-1,-1,-1
260,78,536,126,394,197,1,-1,-1,-1
261,75,961,798,423,257,1,-1,-1,-1
261,76,39,9,1035,312,1,-1,-1,-1
261,78,542,128,394,197,1,-1,-1,-1
262,75,958,803,423,257,1,-1,-1,-1
262,76,37,12,1035,312,1,-1,-1,-1
262,78,543,130,394,197,1,-1,-1,-1
263,75,952,807,423,257,1,-1,-1,-1
263,76,29,12,1035,312,1,-1,-1,-1
263,78,551,135,394,197,1,-1,-1,-1
264,75,948,807,423,257,1,-1,-1,-1
264,76,0,2,1080,328,1,-1,-1,-1
265,75,933,741,426,300,1,-1,-1,-1
265,76,0,0,1215,303,1,-1,-1,-1
266,75,932,740,426,300,1,-1,-1,-1
266,76,12,0,1215,303,1,-1,-1,-1
267,75,919,734,447,315,1,-1,-1,-1
267,76,30,5,1215,303,1,-1,-1,-1
268,75,911,737,447,315,1,-1,-1,-1
268,76,46,5,1215,303,1,-1,-1,-1
269,75,910,733,447,315,1,-1,-1,-1
269,76,71,9,1215,303,1,-1,-1,-1
270,75,907,735,447,315,1,-1,-1,-1
270,76,88,14,1215,303,1,-1,-1,-1
271,75,904,732,447,315,1,-1,-1,-1
271,76,77,12,1276,318,1,-1,-1,-1
272,75,898,728,447,315,1,-1,-1,-1
273,75,903,792,411,261,1,-1,-1,-1
273,79,720,396,324,81,1,-1,-1,-1
274,75,901,789,411,261,1,-1,-1,-1
274,79,724,396,324,81,1,-1,-1,-1
275,75,898,784,411,261,1,-1,-1,-1
275,79,730,397,309,77,1,-1,-1,-1
276,75,882,772,432,274,1,-1,-1,-1
276,79,722,395,324,81,1,-1,-1,-1
277,75,877,766,432,274,1,-1,-1,-1
277,79,732,396,309,77,1,-1,-1,-1
278,75,872,756,432,274,1,-1,-1,-1
279,75,868,751,432,274,1,-1,-1,-1
280,75,865,744,432,274,1,-1,-1,-1
281,75,870,732,396,243,1,-1,-1,-1
282,75,869,730,396,243,1,-1,-1,-1
283,75,866,722,396,243,1,-1,-1,-1
284,75,865,719,396,243,1,-1,-1,-1
285,75,862,713,396,243,1,-1,-1,-1
286,75,858,706,396,243,1,-1,-1,-1
287,75,850,699,396,243,1,-1,-1,-1
288,75,846,693,396,243,1,-1,-1,-1
289,75,846,693,396,243,1,-1,-1,-1
289,80,708,6,825,1032,1,-1,-1,-1
290,75,833,677,396,243,1,-1,-1,-1
290,80,721,13,825,1032,1,-1,-1,-1
291,75,823,666,396,243,1,-1,-1,-1
291,80,731,29,825,1032,1,-1,-1,-1
292,75,835,670,377,231,1,-1,-1,-1
292,80,743,41,825,1032,1,-1,-1,-1
293,80,763,69,825,1011,1,-1,-1,-1
294,80,770,117,825,963,1,-1,-1,-1
295,80,787,136,825,944,1,-1,-1,-1
296,80,788,132,825,948,1,-1,-1,-1
297,80,788,132,825,948,1,-1,-1,-1
297,81,78,18,654,153,1,-1,-1,-1
297,82,426,0,1440,1062,1,-1,-1,-1
298,80,767,106,866,974,1,-1,-1,-1
298,81,68,19,654,153,1,-1,-1,-1
298,82,440,18,1440,1062,1,-1,-1,-1
299,81,74,23,623,146,1,-1,-1,-1
299,82,448,64,1440,1016,1,-1,-1,-1
300,81,39,24,623,146,1,-1,-1,-1
300,82,425,57,1495,1023,1,-1,-1,-1
301,81,12,20,654,153,1,-1,-1,-1
301,82,428,84,1492,996,1,-1,-1,-1
302,81,0,22,649,153,1,-1,-1,-1
302,82,436,94,1484,986,1,-1,-1,-1
303,82,408,66,1512,1014,1,-1,-1,-1
304,82,434,99,1486,981,1,-1,-1,-1
305,82,579,57,1128,1011,1,-1,-1,-1
305,83,3,27,600,183,1,-1,-1,-1
306,82,585,64,1128,1011,1,-1,-1,-1
306,83,0,26,588,183,1,-1,-1,-1
307,82,583,69,1128,1011,1,-1,-1,-1
307,83,0,29,575,183,1,-1,-1,-1
308,82,583,73,1128,1007,1,-1,-1,-1
308,83,0,27,540,183,1,-1,-1,-1
309,82,583,75,1128,1005,1,-1,-1,-1
309,83,0,30,512,183,1,-1,-1,-1
310,82,570,84,1128,996,1,-1,-1,-1
310,83,0,29,500,183,1,-1,-1,-1
311,82,580,100,1074,963,1,-1,-1,-1
312,82,585,111,1074,963,1,-1,-1,-1
313,82,585,111,1074,963,1,-1,-1,-1
313,84,0,66,423,183,1,-1,-1,-1
314,82,581,114,1074,963,1,-1,-1,-1
314,84,0,66,404,183,1,-1,-1,-1
315,82,575,124,1074,956,1,-1,-1,-1
315,84,0,70,372,183,1,-1,-1,-1
316,82,579,104,1074,963,1,-1,-1,-1
316,84,0,69,354,192,1,-1,-1,-1
317,82,580,113,1074,963,1,-1,-1,-1
317,84,0,71,333,192,1,-1,-1,-1
318,84,0,70,300,192,1,-1,-1,-1
319,84,0,67,267,202,1,-1,-1,-1
321,85,1569,633,348,282,1,-1,-1,-1
321,86,1008,612,483,459,1,-1,-1,-1
321,87,351,462,480,369,1,-1,-1,-1
322,85,1555,632,348,282,1,-1,-1,-1
322,86,1016,618,483,459,1,-1,-1,-1
322,87,346,463,480,369,1,-1,-1,-1
