1,0,1100,732,180,116,1,-1,-1,-1
1,1,256,764,276,96,1,-1,-1,-1
1,2,1452,724,192,100,1,-1,-1,-1
1,3,356,708,292,124,1,-1,-1,-1
1,4,736,720,120,108,1,-1,-1,-1
2,0,1101,729,180,116,1,-1,-1,-1
2,1,230,765,276,96,1,-1,-1,-1
2,2,1431,724,192,100,1,-1,-1,-1
2,3,334,709,292,124,1,-1,-1,-1
2,4,723,719,120,108,1,-1,-1,-1
3,0,1103,727,180,116,1,-1,-1,-1
3,1,202,767,276,96,1,-1,-1,-1
3,2,1408,725,192,100,1,-1,-1,-1
3,3,309,709,292,124,1,-1,-1,-1
3,4,709,717,120,108,1,-1,-1,-1
4,0,1104,718,189,122,1,-1,-1,-1
4,1,168,766,290,101,1,-1,-1,-1
4,2,1375,722,202,105,1,-1,-1,-1
4,3,288,710,292,124,1,-1,-1,-1
4,4,695,716,120,108,1,-1,-1,-1
5,0,1113,715,189,122,1,-1,-1,-1
5,1,138,765,290,101,1,-1,-1,-1
5,2,1341,719,202,105,1,-1,-1,-1
5,3,268,711,292,124,1,-1,-1,-1
5,4,682,715,120,108,1,-1,-1,-1
6,1,101,765,290,101,1,-1,-1,-1
6,2,1305,717,202,105,1,-1,-1,-1
6,3,248,713,292,124,1,-1,-1,-1
6,4,669,716,120,108,1,-1,-1,-1
7,1,62,762,304,106,1,-1,-1,-1
7,3,215,713,307,130,1,-1,-1,-1
7,4,656,715,120,108,1,-1,-1,-1
8,3,199,717,292,124,1,-1,-1,-1
8,4,647,714,120,108,1,-1,-1,-1
9,3,199,717,292,124,1,-1,-1,-1
9,4,647,714,120,108,1,-1,-1,-1
9,5,1232,708,176,120,1,-1,-1,-1
9,6,432,704,208,124,1,-1,-1,-1
9,7,1956,760,144,156,1,-1,-1,-1
9,8,68,768,244,128,1,-1,-1,-1
10,5,1213,707,176,120,1,-1,-1,-1
10,6,419,704,208,124,1,-1,-1,-1
10,7,1942,758,144,156,1,-1,-1,-1
10,8,45,772,244,128,1,-1,-1,-1
11,5,1199,703,176,120,1,-1,-1,-1
11,6,406,705,208,124,1,-1,-1,-1
11,7,1928,757,144,156,1,-1,-1,-1
11,8,23,771,256,134,1,-1,-1,-1
12,5,1185,703,168,114,1,-1,-1,-1
12,6,388,703,218,130,1,-1,-1,-1
12,7,1916,755,144,156,1,-1,-1,-1
12,8,0,772,251,134,1,-1,-1,-1
13,5,1172,701,168,114,1,-1,-1,-1
13,6,380,703,218,130,1,-1,-1,-1
13,7,1904,752,144,156,1,-1,-1,-1
13,8,0,773,254,134,1,-1,-1,-1
14,6,369,702,218,130,1,-1,-1,-1
14,7,1893,750,144,156,1,-1,-1,-1
15,6,362,702,218,130,1,-1,-1,-1
15,7,1881,749,144,156,1,-1,-1,-1
16,6,352,701,218,130,1,-1,-1,-1
16,7,1871,747,144,156,1,-1,-1,-1
17,6,312,700,244,140,1,-1,-1,-1
17,7,1800,720,212,180,1,-1,-1,-1
17,9,2060,768,296,188,1,-1,-1,-1
17,10,44,728,304,144,1,-1,-1,-1
17,11,576,708,104,120,1,-1,-1,-1
17,12,1696,732,128,104,1,-1,-1,-1
18,6,306,701,244,140,1,-1,-1,-1
18,7,1786,719,212,180,1,-1,-1,-1
18,9,2041,765,296,188,1,-1,-1,-1
18,10,34,729,304,144,1,-1,-1,-1
18,11,567,708,104,120,1,-1,-1,-1
18,12,1682,732,128,104,1,-1,-1,-1
19,6,299,700,244,140,1,-1,-1,-1
19,7,1776,718,212,180,1,-1,-1,-1
19,9,2027,769,296,188,1,-1,-1,-1
19,10,26,731,304,144,1,-1,-1,-1
19,11,558,708,104,120,1,-1,-1,-1
19,12,1669,731,128,104,1,-1,-1,-1
20,6,292,700,244,140,1,-1,-1,-1
20,7,1768,717,212,180,1,-1,-1,-1
20,9,2009,764,296,188,1,-1,-1,-1
20,10,21,732,304,144,1,-1,-1,-1
20,11,554,706,104,120,1,-1,-1,-1
20,12,1657,728,128,104,1,-1,-1,-1
21,6,286,700,244,140,1,-1,-1,-1
21,7,1755,714,212,180,1,-1,-1,-1
21,9,1987,762,296,188,1,-1,-1,-1
21,10,15,733,304,144,1,-1,-1,-1
21,11,549,704,104,120,1,-1,-1,-1
21,12,1642,724,128,104,1,-1,-1,-1
22,6,279,700,244,140,1,-1,-1,-1
22,7,1742,714,212,180,1,-1,-1,-1
22,9,1950,755,311,197,1,-1,-1,-1
22,10,29,737,290,137,1,-1,-1,-1
22,11,541,705,104,120,1,-1,-1,-1
22,12,1630,722,128,104,1,-1,-1,-1
23,6,272,700,244,140,1,-1,-1,-1
23,7,1722,713,212,180,1,-1,-1,-1
23,11,531,707,104,120,1,-1,-1,-1
23,12,1615,722,128,104,1,-1,-1,-1
24,6,273,702,232,133,1,-1,-1,-1
24,7,1706,708,223,189,1,-1,-1,-1
24,11,524,708,104,120,1,-1,-1,-1
25,6,292,700,212,132,1,-1,-1,-1
25,7,1684,728,212,120,1,-1,-1,-1
25,11,464,712,152,116,1,-1,-1,-1
25,13,1844,768,328,156,1,-1,-1,-1
25,14,60,728,276,136,1,-1,-1,-1
25,15,952,648,148,104,1,-1,-1,-1
26,6,288,700,212,132,1,-1,-1,-1
26,7,1671,726,212,120,1,-1,-1,-1
26,11,454,713,152,116,1,-1,-1,-1
26,13,1821,768,328,156,1,-1,-1,-1
26,14,57,728,276,136,1,-1,-1,-1
26,15,950,649,148,104,1,-1,-1,-1
27,6,283,699,212,132,1,-1,-1,-1
27,7,1661,723,212,120,1,-1,-1,-1
27,11,445,714,152,116,1,-1,-1,-1
27,13,1808,768,328,156,1,-1,-1,-1
27,14,55,728,276,136,1,-1,-1,-1
27,15,948,651,148,104,1,-1,-1,-1
28,6,281,698,212,132,1,-1,-1,-1
28,7,1651,721,212,120,1,-1,-1,-1
28,11,434,709,160,122,1,-1,-1,-1
28,13,1776,764,328,156,1,-1,-1,-1
28,14,55,729,276,136,1,-1,-1,-1
28,15,944,652,148,104,1,-1,-1,-1
29,6,284,700,202,126,1,-1,-1,-1
29,7,1610,717,212,120,1,-1,-1,-1
29,11,441,708,160,122,1,-1,-1,-1
29,13,1735,761,328,156,1,-1,-1,-1
29,14,57,729,276,136,1,-1,-1,-1
29,15,943,653,148,104,1,-1,-1,-1
30,6,284,698,202,126,1,-1,-1,-1
30,11,441,707,160,122,1,-1,-1,-1
30,14,61,728,276,136,1,-1,-1,-1
30,15,938,651,155,109,1,-1,-1,-1
31,6,290,697,202,126,1,-1,-1,-1
31,14,65,726,276,136,1,-1,-1,-1
31,15,939,653,155,109,1,-1,-1,-1
32,6,291,696,202,126,1,-1,-1,-1
32,14,76,730,263,130,1,-1,-1,-1
32,15,938,650,163,115,1,-1,-1,-1
33,6,291,696,202,126,1,-1,-1,-1
33,14,84,720,296,140,1,-1,-1,-1
33,15,932,644,176,128,1,-1,-1,-1
33,16,1508,688,216,108,1,-1,-1,-1
33,17,1608,748,268,144,1,-1,-1,-1
33,18,356,716,240,116,1,-1,-1,-1
34,14,87,720,296,140,1,-1,-1,-1
34,15,933,645,176,128,1,-1,-1,-1
34,16,1489,687,216,108,1,-1,-1,-1
34,17,1595,751,268,144,1,-1,-1,-1
34,18,354,715,240,116,1,-1,-1,-1
35,14,91,719,296,140,1,-1,-1,-1
35,15,935,646,176,128,1,-1,-1,-1
35,16,1470,685,216,108,1,-1,-1,-1
35,17,1605,748,268,144,1,-1,-1,-1
35,18,355,719,229,110,1,-1,-1,-1
36,14,96,719,296,140,1,-1,-1,-1
36,15,937,648,176,128,1,-1,-1,-1
36,16,1447,683,216,108,1,-1,-1,-1
36,17,1603,743,268,144,1,-1,-1,-1
36,18,349,719,229,110,1,-1,-1,-1
37,14,109,717,296,140,1,-1,-1,-1
37,15,938,651,176,128,1,-1,-1,-1
37,16,1427,681,216,108,1,-1,-1,-1
37,18,345,718,229,110,1,-1,-1,-1
38,14,111,716,296,140,1,-1,-1,-1
38,15,939,651,176,128,1,-1,-1,-1
38,16,1413,676,216,108,1,-1,-1,-1
38,18,344,722,218,105,1,-1,-1,-1
39,14,129,714,296,140,1,-1,-1,-1
39,15,941,652,176,128,1,-1,-1,-1
40,15,944,653,176,128,1,-1,-1,-1
41,15,944,653,176,128,1,-1,-1,-1
41,19,164,712,220,140,1,-1,-1,-1
41,20,24,708,132,148,1,-1,-1,-1
41,21,380,728,160,104,1,-1,-1,-1
41,22,1376,720,220,112,1,-1,-1,-1
41,23,1740,728,204,108,1,-1,-1,-1
41,24,1368,672,184,72,1,-1,-1,-1
42,15,956,657,176,128,1,-1,-1,-1
42,19,167,712,220,140,1,-1,-1,-1
42,20,29,708,132,148,1,-1,-1,-1
42,21,378,729,160,104,1,-1,-1,-1
42,22,1357,725,210,107,1,-1,-1,-1
42,23,1753,731,204,108,1,-1,-1,-1
42,24,1346,673,184,72,1,-1,-1,-1
43,15,962,658,176,128,1,-1,-1,-1
43,19,169,711,220,140,1,-1,-1,-1
43,20,33,709,132,148,1,-1,-1,-1
43,21,375,730,160,104,1,-1,-1,-1
43,22,1336,727,210,107,1,-1,-1,-1
43,23,1767,731,214,113,1,-1,-1,-1
43,24,1332,675,175,69,1,-1,-1,-1
44,15,967,663,168,122,1,-1,-1,-1
44,19,171,711,220,140,1,-1,-1,-1
44,20,38,709,132,148,1,-1,-1,-1
44,21,373,731,160,104,1,-1,-1,-1
44,22,1319,727,200,102,1,-1,-1,-1
44,23,1812,749,214,113,1,-1,-1,-1
44,24,1321,675,167,65,1,-1,-1,-1
45,15,967,665,168,122,1,-1,-1,-1
45,19,172,711,220,140,1,-1,-1,-1
45,20,41,709,132,148,1,-1,-1,-1
45,21,359,731,160,104,1,-1,-1,-1
45,22,1300,728,200,102,1,-1,-1,-1
45,23,1849,753,214,113,1,-1,-1,-1
45,24,1310,670,167,65,1,-1,-1,-1
46,15,968,666,168,122,1,-1,-1,-1
46,19,174,711,220,140,1,-1,-1,-1
46,20,43,710,132,148,1,-1,-1,-1
46,21,367,732,152,99,1,-1,-1,-1
46,24,1307,665,167,65,1,-1,-1,-1
47,15,970,667,168,122,1,-1,-1,-1
47,19,180,714,210,133,1,-1,-1,-1
47,20,44,711,132,148,1,-1,-1,-1
48,15,970,665,168,122,1,-1,-1,-1
48,19,180,713,210,133,1,-1,-1,-1
48,20,44,713,132,148,1,-1,-1,-1
49,15,1000,688,144,100,1,-1,-1,-1
49,19,180,713,210,133,1,-1,-1,-1
49,20,44,713,132,148,1,-1,-1,-1
49,25,1300,612,92,128,1,-1,-1,-1
49,26,1260,684,140,116,1,-1,-1,-1
50,15,997,688,144,100,1,-1,-1,-1
50,19,176,714,210,133,1,-1,-1,-1
50,20,35,716,132,148,1,-1,-1,-1
50,25,1288,605,92,128,1,-1,-1,-1
50,26,1241,681,147,122,1,-1,-1,-1
51,15,992,688,144,100,1,-1,-1,-1
51,19,170,713,210,133,1,-1,-1,-1
51,20,25,717,132,148,1,-1,-1,-1
51,25,1274,585,97,134,1,-1,-1,-1
51,26,1218,676,147,122,1,-1,-1,-1
52,15,987,690,144,100,1,-1,-1,-1
52,19,159,710,220,140,1,-1,-1,-1
52,20,16,719,132,148,1,-1,-1,-1
52,25,1265,576,92,128,1,-1,-1,-1
52,26,1194,682,147,122,1,-1,-1,-1
53,15,981,691,144,100,1,-1,-1,-1
53,19,147,713,220,140,1,-1,-1,-1
53,20,5,724,132,148,1,-1,-1,-1
53,26,1176,679,147,122,1,-1,-1,-1
54,15,975,691,144,100,1,-1,-1,-1
54,19,135,710,231,147,1,-1,-1,-1
54,20,0,724,124,148,1,-1,-1,-1
55,15,960,689,144,100,1,-1,-1,-1
55,19,119,712,231,147,1,-1,-1,-1
55,20,0,723,110,148,1,-1,-1,-1
56,19,106,712,231,147,1,-1,-1,-1
56,20,0,725,93,148,1,-1,-1,-1
57,19,106,712,231,147,1,-1,-1,-1
57,20,0,725,93,148,1,-1,-1,-1
57,27,1216,1188,192,152,1,-1,-1,-1
58,19,64,715,231,147,1,-1,-1,-1
58,20,1,742,139,155,1,-1,-1,-1
58,27,1192,1154,192,152,1,-1,-1,-1
59,19,39,719,231,147,1,-1,-1,-1
59,27,1165,1135,192,152,1,-1,-1,-1
60,27,1132,1150,202,160,1,-1,-1,-1
61,27,1108,1190,202,160,1,-1,-1,-1
62,27,1097,1212,202,160,1,-1,-1,-1
63,27,1075,1231,202,160,1,-1,-1,-1
64,27,1049,1264,202,160,1,-1,-1,-1
65,27,1049,1264,202,160,1,-1,-1,-1
65,28,132,716,140,128,1,-1,-1,-1
66,27,1015,1286,202,154,1,-1,-1,-1
66,28,120,720,140,128,1,-1,-1,-1
67,27,1011,1289,192,151,1,-1,-1,-1
67,28,111,722,140,128,1,-1,-1,-1
68,27,1001,1277,192,152,1,-1,-1,-1
68,28,103,722,140,128,1,-1,-1,-1
69,27,993,1263,192,152,1,-1,-1,-1
69,28,100,723,140,128,1,-1,-1,-1
70,27,994,1262,192,152,1,-1,-1,-1
70,28,95,726,140,128,1,-1,-1,-1
71,27,1004,1266,192,152,1,-1,-1,-1
71,28,93,731,140,128,1,-1,-1,-1
72,27,1018,1280,192,152,1,-1,-1,-1
72,28,97,726,140,128,1,-1,-1,-1
73,27,1018,1280,192,152,1,-1,-1,-1
73,28,97,726,140,128,1,-1,-1,-1
73,29,0,748,140,132,1,-1,-1,-1
73,30,1736,804,288,140,1,-1,-1,-1
74,27,1045,1316,192,124,1,-1,-1,-1
74,29,9,749,140,132,1,-1,-1,-1
74,30,1728,803,288,140,1,-1,-1,-1
75,27,1065,1335,192,105,1,-1,-1,-1
75,29,17,750,140,132,1,-1,-1,-1
75,30,1722,805,274,133,1,-1,-1,-1
76,27,1084,1349,192,91,1,-1,-1,-1
76,29,27,751,140,132,1,-1,-1,-1
76,30,1709,807,274,133,1,-1,-1,-1
77,27,1098,1337,192,103,1,-1,-1,-1
77,29,41,751,140,132,1,-1,-1,-1
77,30,1701,806,274,133,1,-1,-1,-1
78,27,1121,1317,192,123,1,-1,-1,-1
78,29,55,753,140,132,1,-1,-1,-1
79,27,1147,1300,192,140,1,-1,-1,-1
80,27,1176,1294,192,146,1,-1,-1,-1
81,27,1176,1294,192,146,1,-1,-1,-1
81,31,1656,772,260,148,1,-1,-1,-1
81,32,136,776,232,140,1,-1,-1,-1
81,33,4,732,252,156,1,-1,-1,-1
81,34,1164,704,228,92,1,-1,-1,-1
82,27,1226,1302,192,138,1,-1,-1,-1
82,31,1650,772,260,148,1,-1,-1,-1
82,32,145,779,232,140,1,-1,-1,-1
82,33,22,731,252,156,1,-1,-1,-1
82,34,1193,706,228,92,1,-1,-1,-1
83,27,1252,1317,192,123,1,-1,-1,-1
83,31,1629,764,260,148,1,-1,-1,-1
83,32,150,779,232,140,1,-1,-1,-1
83,33,42,731,252,156,1,-1,-1,-1
83,34,1234,709,228,92,1,-1,-1,-1
84,27,1281,1318,192,122,1,-1,-1,-1
84,31,1617,762,260,148,1,-1,-1,-1
84,32,168,778,232,140,1,-1,-1,-1
84,33,69,730,252,156,1,-1,-1,-1
84,34,1266,708,228,92,1,-1,-1,-1
85,27,1310,1317,192,123,1,-1,-1,-1
85,31,1626,752,260,148,1,-1,-1,-1
85,32,147,795,232,140,1,-1,-1,-1
85,33,89,732,252,156,1,-1,-1,-1
85,34,1324,712,217,88,1,-1,-1,-1
86,27,1335,1313,192,127,1,-1,-1,-1
87,27,1357,1312,192,128,1,-1,-1,-1
88,27,1378,1311,192,129,1,-1,-1,-1
89,27,1378,1311,192,129,1,-1,-1,-1
89,35,0,824,360,136,1,-1,-1,-1
89,36,0,760,140,124,1,-1,-1,-1
89,37,1236,756,192,80,1,-1,-1,-1
89,38,236,736,244,120,1,-1,-1,-1
89,39,1064,700,224,108,1,-1,-1,-1
89,40,1448,720,180,112,1,-1,-1,-1
89,41,1648,764,152,124,1,-1,-1,-1
90,27,1425,1306,192,134,1,-1,-1,-1
90,35,0,825,338,136,1,-1,-1,-1
90,36,15,759,140,124,1,-1,-1,-1
90,37,1265,755,192,80,1,-1,-1,-1
90,38,258,737,244,120,1,-1,-1,-1
90,39,1091,700,224,108,1,-1,-1,-1
90,40,1468,721,180,112,1,-1,-1,-1
90,41,1649,761,152,124,1,-1,-1,-1
91,27,1446,1303,192,137,1,-1,-1,-1
91,35,0,832,299,130,1,-1,-1,-1
91,36,32,757,140,124,1,-1,-1,-1
91,37,1300,757,192,80,1,-1,-1,-1
91,38,280,737,244,120,1,-1,-1,-1
91,39,1114,700,224,108,1,-1,-1,-1
91,40,1488,719,180,112,1,-1,-1,-1
91,41,1651,754,152,124,1,-1,-1,-1
92,27,1460,1299,192,141,1,-1,-1,-1
92,35,0,835,262,123,1,-1,-1,-1
92,36,48,755,140,124,1,-1,-1,-1
92,37,1328,757,192,80,1,-1,-1,-1
92,38,300,738,244,120,1,-1,-1,-1
92,39,1131,701,224,108,1,-1,-1,-1
92,40,1503,718,180,112,1,-1,-1,-1
92,41,1668,760,145,118,1,-1,-1,-1
93,27,1471,1300,192,140,1,-1,-1,-1
93,35,0,836,254,123,1,-1,-1,-1
93,36,60,757,140,124,1,-1,-1,-1
93,37,1364,762,192,80,1,-1,-1,-1
93,38,303,732,256,126,1,-1,-1,-1
93,39,1150,699,224,108,1,-1,-1,-1
93,40,1523,719,171,107,1,-1,-1,-1
93,41,1654,758,145,118,1,-1,-1,-1
94,27,1487,1307,192,133,1,-1,-1,-1
94,36,73,759,140,124,1,-1,-1,-1
94,38,320,730,269,132,1,-1,-1,-1
94,39,1166,698,224,108,1,-1,-1,-1
94,40,1533,716,171,107,1,-1,-1,-1
95,27,1497,1314,192,126,1,-1,-1,-1
95,38,333,731,269,132,1,-1,-1,-1
95,40,1546,715,171,107,1,-1,-1,-1
96,27,1503,1315,192,125,1,-1,-1,-1
96,38,347,733,269,132,1,-1,-1,-1
97,27,1503,1315,192,125,1,-1,-1,-1
97,38,444,740,168,128,1,-1,-1,-1
97,42,20,768,236,156,1,-1,-1,-1
97,43,1240,704,184,104,1,-1,-1,-1
97,44,268,740,172,152,1,-1,-1,-1
97,45,1340,724,216,100,1,-1,-1,-1
97,46,1496,728,272,140,1,-1,-1,-1
98,27,1520,1298,192,142,1,-1,-1,-1
98,38,455,739,168,128,1,-1,-1,-1
98,42,23,769,236,156,1,-1,-1,-1
98,43,1258,706,184,104,1,-1,-1,-1
98,44,279,740,172,152,1,-1,-1,-1
98,45,1360,724,216,100,1,-1,-1,-1
98,46,1508,726,272,140,1,-1,-1,-1
99,27,1532,1291,192,149,1,-1,-1,-1
99,38,460,741,168,128,1,-1,-1,-1
99,42,21,766,248,164,1,-1,-1,-1
99,43,1271,707,193,109,1,-1,-1,-1
99,44,285,740,172,152,1,-1,-1,-1
99,45,1391,726,206,95,1,-1,-1,-1
99,46,1519,725,272,140,1,-1,-1,-1
100,27,1544,1265,192,152,1,-1,-1,-1
100,38,473,744,176,134,1,-1,-1,-1
100,42,23,768,248,164,1,-1,-1,-1
100,43,1271,710,193,109,1,-1,-1,-1
100,44,292,740,172,152,1,-1,-1,-1
100,45,1418,728,206,95,1,-1,-1,-1
100,46,1542,726,272,140,1,-1,-1,-1
101,27,1540,1230,192,152,1,-1,-1,-1
101,38,486,744,176,134,1,-1,-1,-1
101,42,25,769,248,164,1,-1,-1,-1
101,43,1286,709,193,109,1,-1,-1,-1
101,44,298,739,172,152,1,-1,-1,-1
101,45,1443,727,216,100,1,-1,-1,-1
101,46,1621,724,286,147,1,-1,-1,-1
102,27,1516,1204,202,160,1,-1,-1,-1
102,42,24,768,248,164,1,-1,-1,-1
102,44,302,738,172,152,1,-1,-1,-1
103,27,1495,1189,202,160,1,-1,-1,-1
103,42,24,767,248,164,1,-1,-1,-1
103,44,305,738,172,152,1,-1,-1,-1
104,27,1484,1183,202,160,1,-1,-1,-1
104,42,21,767,248,164,1,-1,-1,-1
104,44,311,738,172,152,1,-1,-1,-1
105,27,1484,1183,202,160,1,-1,-1,-1
105,42,4,768,264,160,1,-1,-1,-1
105,44,320,740,168,148,1,-1,-1,-1
105,47,1840,752,272,148,1,-1,-1,-1
105,48,536,760,284,112,1,-1,-1,-1
105,49,1348,712,188,100,1,-1,-1,-1
105,50,1552,720,160,116,1,-1,-1,-1
106,27,1521,1197,202,160,1,-1,-1,-1
106,42,4,768,264,160,1,-1,-1,-1
106,44,323,740,168,148,1,-1,-1,-1
106,47,1846,750,272,148,1,-1,-1,-1
106,48,558,760,284,112,1,-1,-1,-1
106,49,1361,712,188,100,1,-1,-1,-1
106,50,1556,720,160,116,1,-1,-1,-1
107,27,1515,1213,202,160,1,-1,-1,-1
107,42,4,768,264,160,1,-1,-1,-1
107,44,328,740,168,148,1,-1,-1,-1
107,47,1853,749,272,148,1,-1,-1,-1
107,48,580,754,298,118,1,-1,-1,-1
107,49,1369,713,188,100,1,-1,-1,-1
107,50,1559,719,160,116,1,-1,-1,-1
108,27,1487,1199,202,160,1,-1,-1,-1
108,42,5,768,264,160,1,-1,-1,-1
108,44,332,740,168,148,1,-1,-1,-1
108,47,1845,747,286,155,1,-1,-1,-1
108,48,638,755,284,112,1,-1,-1,-1
108,49,1375,713,188,100,1,-1,-1,-1
108,50,1563,720,160,116,1,-1,-1,-1
109,27,1466,1160,202,160,1,-1,-1,-1
109,42,4,769,264,160,1,-1,-1,-1
109,44,336,740,168,148,1,-1,-1,-1
109,47,1858,747,272,148,1,-1,-1,-1
109,48,680,752,284,112,1,-1,-1,-1
109,49,1380,712,188,100,1,-1,-1,-1
109,50,1567,721,160,116,1,-1,-1,-1
110,27,1479,1135,202,160,1,-1,-1,-1
110,42,1,768,264,160,1,-1,-1,-1
110,44,341,740,168,148,1,-1,-1,-1
110,50,1572,719,160,116,1,-1,-1,-1
111,27,1509,1146,202,160,1,-1,-1,-1
111,42,0,763,270,168,1,-1,-1,-1
111,44,346,740,168,148,1,-1,-1,-1
112,27,1549,1153,202,160,1,-1,-1,-1
112,42,0,761,270,168,1,-1,-1,-1
112,44,353,739,168,148,1,-1,-1,-1
113,27,1549,1153,202,160,1,-1,-1,-1
113,42,0,768,248,156,1,-1,-1,-1
113,44,348,732,228,144,1,-1,-1,-1
113,51,2196,744,152,148,1,-1,-1,-1
113,52,1408,720,140,96,1,-1,-1,-1
113,53,828,732,292,136,1,-1,-1,-1
114,27,1590,1168,202,160,1,-1,-1,-1
114,42,0,768,244,156,1,-1,-1,-1
114,44,354,732,228,144,1,-1,-1,-1
114,51,2207,743,152,148,1,-1,-1,-1
114,52,1407,719,140,96,1,-1,-1,-1
114,53,857,734,292,136,1,-1,-1,-1
115,27,1591,1200,202,160,1,-1,-1,-1
115,42,0,766,240,156,1,-1,-1,-1
115,44,362,733,228,144,1,-1,-1,-1
115,51,2210,742,152,148,1,-1,-1,-1
115,52,1405,718,140,96,1,-1,-1,-1
115,53,893,738,292,136,1,-1,-1,-1
116,27,1584,1230,202,160,1,-1,-1,-1
116,42,0,764,238,156,1,-1,-1,-1
116,44,374,731,228,144,1,-1,-1,-1
116,51,2203,732,160,155,1,-1,-1,-1
116,52,1402,717,140,96,1,-1,-1,-1
116,53,893,739,292,136,1,-1,-1,-1
117,27,1569,1238,202,160,1,-1,-1,-1
117,42,0,762,236,156,1,-1,-1,-1
117,44,392,725,228,144,1,-1,-1,-1
117,51,2205,725,160,155,1,-1,-1,-1
117,52,1400,717,140,96,1,-1,-1,-1
118,27,1565,1239,202,160,1,-1,-1,-1
118,42,0,759,236,156,1,-1,-1,-1
118,44,412,718,228,144,1,-1,-1,-1
118,51,2201,686,160,155,1,-1,-1,-1
118,52,1394,714,147,101,1,-1,-1,-1
119,27,1571,1240,192,152,1,-1,-1,-1
119,42,0,759,233,156,1,-1,-1,-1
119,44,432,711,228,144,1,-1,-1,-1
119,52,1391,714,147,101,1,-1,-1,-1
120,27,1573,1230,192,152,1,-1,-1,-1
120,42,0,759,232,156,1,-1,-1,-1
120,52,1382,711,154,106,1,-1,-1,-1
121,27,1573,1230,192,152,1,-1,-1,-1
121,42,0,752,228,164,1,-1,-1,-1
121,52,1392,712,144,100,1,-1,-1,-1
121,54,460,720,232,132,1,-1,-1,-1
121,55,2220,732,192,164,1,-1,-1,-1
121,56,1212,712,172,92,1,-1,-1,-1
122,27,1575,1233,192,152,1,-1,-1,-1
122,42,0,751,225,164,1,-1,-1,-1
122,52,1390,712,144,100,1,-1,-1,-1
122,54,466,720,232,132,1,-1,-1,-1
122,55,2212,728,202,172,1,-1,-1,-1
122,56,1232,708,172,92,1,-1,-1,-1
123,27,1570,1234,192,152,1,-1,-1,-1
123,42,0,751,221,164,1,-1,-1,-1
123,52,1386,712,144,100,1,-1,-1,-1
123,54,481,721,232,132,1,-1,-1,-1
123,55,2195,722,212,181,1,-1,-1,-1
123,56,1264,705,172,92,1,-1,-1,-1
124,27,1556,1233,192,152,1,-1,-1,-1
124,42,0,750,217,164,1,-1,-1,-1
124,52,1379,711,144,100,1,-1,-1,-1
124,54,498,715,232,132,1,-1,-1,-1
124,55,2184,723,212,181,1,-1,-1,-1
124,56,1319,699,181,97,1,-1,-1,-1
125,27,1544,1234,192,152,1,-1,-1,-1
125,42,0,753,205,156,1,-1,-1,-1
125,52,1371,708,151,105,1,-1,-1,-1
125,54,517,711,232,132,1,-1,-1,-1
125,55,2179,723,212,181,1,-1,-1,-1
126,27,1529,1236,192,152,1,-1,-1,-1
126,42,0,753,200,156,1,-1,-1,-1
126,52,1364,708,151,105,1,-1,-1,-1
126,54,529,707,232,132,1,-1,-1,-1
127,27,1518,1242,192,152,1,-1,-1,-1
127,42,0,753,190,156,1,-1,-1,-1
127,52,1358,709,151,105,1,-1,-1,-1
128,27,1500,1250,192,152,1,-1,-1,-1
128,42,0,754,180,156,1,-1,-1,-1
128,52,1350,709,151,105,1,-1,-1,-1
129,27,1500,1250,192,152,1,-1,-1,-1
129,42,0,752,192,156,1,-1,-1,-1
129,52,1350,709,151,105,1,-1,-1,-1
129,57,572,700,228,124,1,-1,-1,-1
129,58,2092,780,232,152,1,-1,-1,-1
130,27,1482,1251,192,152,1,-1,-1,-1
130,42,0,752,183,156,1,-1,-1,-1
130,52,1340,707,151,105,1,-1,-1,-1
130,57,584,699,228,124,1,-1,-1,-1
130,58,2082,782,232,152,1,-1,-1,-1
131,27,1482,1238,192,152,1,-1,-1,-1
131,42,0,752,175,156,1,-1,-1,-1
131,52,1337,704,159,110,1,-1,-1,-1
131,57,602,699,228,124,1,-1,-1,-1
131,58,2060,780,244,160,1,-1,-1,-1
132,27,1472,1213,192,152,1,-1,-1,-1
132,42,0,755,161,149,1,-1,-1,-1
132,57,621,700,217,118,1,-1,-1,-1
132,58,2043,781,244,160,1,-1,-1,-1
133,27,1449,1185,192,152,1,-1,-1,-1
133,42,0,753,153,149,1,-1,-1,-1
133,57,642,697,217,118,1,-1,-1,-1
133,58,2022,785,244,160,1,-1,-1,-1
134,27,1434,1175,183,145,1,-1,-1,-1
134,42,0,755,144,141,1,-1,-1,-1
134,57,658,694,217,118,1,-1,-1,-1
134,58,1997,785,244,160,1,-1,-1,-1
135,27,1432,1191,183,145,1,-1,-1,-1
135,42,0,755,133,141,1,-1,-1,-1
135,57,670,694,217,118,1,-1,-1,-1
135,58,1968,787,244,160,1,-1,-1,-1
136,27,1437,1222,183,145,1,-1,-1,-1
136,42,0,755,126,141,1,-1,-1,-1
136,57,690,685,217,118,1,-1,-1,-1
136,58,1946,790,232,152,1,-1,-1,-1
137,27,1437,1222,183,145,1,-1,-1,-1
137,42,0,755,126,141,1,-1,-1,-1
137,57,724,684,164,128,1,-1,-1,-1
137,58,1920,796,236,124,1,-1,-1,-1
138,27,1418,1288,183,145,1,-1,-1,-1
138,42,0,726,105,135,1,-1,-1,-1
138,57,730,683,164,128,1,-1,-1,-1
138,58,1904,796,236,124,1,-1,-1,-1
139,27,1405,1292,183,145,1,-1,-1,-1
139,57,742,678,172,134,1,-1,-1,-1
139,58,1883,795,248,130,1,-1,-1,-1
140,27,1400,1278,183,145,1,-1,-1,-1
140,57,756,677,172,134,1,-1,-1,-1
140,58,1866,799,248,130,1,-1,-1,-1
141,27,1401,1255,183,145,1,-1,-1,-1
141,57,769,681,164,128,1,-1,-1,-1
141,58,1842,801,248,130,1,-1,-1,-1
142,27,1403,1237,183,145,1,-1,-1,-1
142,57,775,680,164,128,1,-1,-1,-1
142,58,1821,802,248,130,1,-1,-1,-1
143,27,1403,1234,183,145,1,-1,-1,-1
143,58,1805,802,248,130,1,-1,-1,-1
144,27,1403,1235,183,145,1,-1,-1,-1
144,58,1775,798,260,137,1,-1,-1,-1
145,27,1403,1235,183,145,1,-1,-1,-1
145,58,1744,804,240,124,1,-1,-1,-1
145,59,816,680,128,116,1,-1,-1,-1
145,60,0,780,240,156,1,-1,-1,-1
145,61,1420,704,200,128,1,-1,-1,-1
145,62,1544,672,92,60,1,-1,-1,-1
146,27,1404,1235,183,145,1,-1,-1,-1
146,58,1725,810,229,118,1,-1,-1,-1
146,59,818,680,128,116,1,-1,-1,-1
146,60,18,779,240,156,1,-1,-1,-1
146,61,1420,704,200,128,1,-1,-1,-1
146,62,1547,671,92,60,1,-1,-1,-1
147,27,1407,1238,183,145,1,-1,-1,-1
147,58,1705,821,229,118,1,-1,-1,-1
147,59,824,683,122,110,1,-1,-1,-1
147,60,30,775,252,164,1,-1,-1,-1
147,61,1420,704,200,128,1,-1,-1,-1
147,62,1546,669,97,63,1,-1,-1,-1
148,27,1410,1245,192,152,1,-1,-1,-1
148,58,1632,821,240,124,1,-1,-1,-1
148,59,826,683,122,110,1,-1,-1,-1
148,60,52,764,265,172,1,-1,-1,-1
148,61,1421,704,200,128,1,-1,-1,-1
148,62,1546,671,97,63,1,-1,-1,-1
149,27,1414,1256,192,152,1,-1,-1,-1
149,58,1594,821,252,130,1,-1,-1,-1
149,59,828,682,122,110,1,-1,-1,-1
149,60,57,764,265,172,1,-1,-1,-1
149,61,1422,704,200,128,1,-1,-1,-1
149,62,1547,669,97,63,1,-1,-1,-1
150,27,1415,1264,192,152,1,-1,-1,-1
150,59,830,682,122,110,1,-1,-1,-1
150,61,1425,704,200,128,1,-1,-1,-1
151,27,1416,1265,192,152,1,-1,-1,-1
151,59,832,682,122,110,1,-1,-1,-1
151,61,1426,703,200,128,1,-1,-1,-1
152,27,1418,1261,192,152,1,-1,-1,-1
152,59,833,681,122,110,1,-1,-1,-1
152,61,1427,701,200,128,1,-1,-1,-1
153,27,1418,1261,192,152,1,-1,-1,-1
153,59,844,676,108,120,1,-1,-1,-1
153,61,1428,704,124,116,1,-1,-1,-1
153,63,20,724,220,156,1,-1,-1,-1
153,64,1416,804,256,132,1,-1,-1,-1
153,65,1544,700,88,104,1,-1,-1,-1
153,66,224,732,184,128,1,-1,-1,-1
153,67,1416,652,112,64,1,-1,-1,-1
154,27,1434,1248,192,152,1,-1,-1,-1
154,59,847,677,108,120,1,-1,-1,-1
154,61,1431,703,124,116,1,-1,-1,-1
154,63,35,724,220,156,1,-1,-1,-1
154,64,1379,803,256,132,1,-1,-1,-1
154,65,1544,699,88,104,1,-1,-1,-1
154,66,243,732,184,128,1,-1,-1,-1
154,67,1419,650,112,64,1,-1,-1,-1
155,27,1441,1246,192,152,1,-1,-1,-1
155,59,851,678,108,120,1,-1,-1,-1
155,61,1436,703,124,116,1,-1,-1,-1
155,63,44,721,231,164,1,-1,-1,-1
155,64,1319,802,256,132,1,-1,-1,-1
155,65,1547,698,88,104,1,-1,-1,-1
155,66,251,729,184,128,1,-1,-1,-1
155,67,1425,649,112,64,1,-1,-1,-1
156,27,1449,1244,192,152,1,-1,-1,-1
156,59,853,682,108,120,1,-1,-1,-1
156,61,1440,702,124,116,1,-1,-1,-1
156,63,63,720,243,172,1,-1,-1,-1
156,64,1262,795,269,139,1,-1,-1,-1
156,65,1549,699,88,104,1,-1,-1,-1
156,66,270,729,175,122,1,-1,-1,-1
156,67,1427,648,112,64,1,-1,-1,-1
157,27,1456,1247,192,152,1,-1,-1,-1
157,59,854,683,108,120,1,-1,-1,-1
157,61,1447,701,124,116,1,-1,-1,-1
157,63,99,721,231,164,1,-1,-1,-1
157,65,1555,702,84,99,1,-1,-1,-1
157,66,302,729,175,122,1,-1,-1,-1
157,67,1446,645,107,61,1,-1,-1,-1
158,27,1459,1251,192,152,1,-1,-1,-1
158,59,858,687,108,120,1,-1,-1,-1
158,61,1451,700,124,116,1,-1,-1,-1
158,63,110,724,231,164,1,-1,-1,-1
158,65,1558,705,84,99,1,-1,-1,-1
159,27,1466,1251,192,152,1,-1,-1,-1
159,59,861,688,108,120,1,-1,-1,-1
159,61,1456,699,124,116,1,-1,-1,-1
159,65,1560,706,84,99,1,-1,-1,-1
160,27,1479,1253,192,152,1,-1,-1,-1
160,59,866,690,108,120,1,-1,-1,-1
160,61,1460,700,124,116,1,-1,-1,-1
160,65,1567,707,84,99,1,-1,-1,-1
161,27,1479,1253,192,152,1,-1,-1,-1
161,59,868,684,120,128,1,-1,-1,-1
161,61,1464,700,112,128,1,-1,-1,-1
161,65,1567,707,84,99,1,-1,-1,-1
161,68,1032,768,228,144,1,-1,-1,-1
161,69,1576,672,192,116,1,-1,-1,-1
161,70,1688,696,240,108,1,-1,-1,-1
161,71,1456,640,112,72,1,-1,-1,-1
161,72,184,712,324,124,1,-1,-1,-1
162,27,1494,1247,192,152,1,-1,-1,-1
162,59,875,684,120,128,1,-1,-1,-1
162,61,1467,700,112,128,1,-1,-1,-1
162,65,1577,709,84,99,1,-1,-1,-1
162,68,990,768,228,144,1,-1,-1,-1
162,69,1580,672,192,116,1,-1,-1,-1
162,70,1700,696,240,108,1,-1,-1,-1
162,71,1459,642,112,72,1,-1,-1,-1
162,72,217,711,324,124,1,-1,-1,-1
163,27,1493,1221,192,152,1,-1,-1,-1
163,59,882,683,120,128,1,-1,-1,-1
163,61,1473,702,112,128,1,-1,-1,-1
163,65,1582,709,84,99,1,-1,-1,-1
163,68,961,771,228,144,1,-1,-1,-1
163,69,1584,672,192,116,1,-1,-1,-1
163,70,1701,695,252,113,1,-1,-1,-1
163,71,1462,648,112,72,1,-1,-1,-1
163,72,277,714,309,118,1,-1,-1,-1
164,27,1478,1178,202,160,1,-1,-1,-1
164,59,891,682,120,128,1,-1,-1,-1
164,61,1478,703,112,128,1,-1,-1,-1
164,65,1589,710,84,99,1,-1,-1,-1
164,68,917,763,228,144,1,-1,-1,-1
164,69,1593,675,183,110,1,-1,-1,-1
164,70,1710,698,240,108,1,-1,-1,-1
164,71,1469,650,112,72,1,-1,-1,-1
164,72,307,712,309,118,1,-1,-1,-1
165,27,1474,1125,202,160,1,-1,-1,-1
165,59,900,682,120,128,1,-1,-1,-1
165,61,1485,705,112,128,1,-1,-1,-1
165,65,1595,710,84,99,1,-1,-1,-1
165,69,1600,675,183,110,1,-1,-1,-1
165,70,1707,696,252,113,1,-1,-1,-1
165,71,1472,654,112,72,1,-1,-1,-1
166,27,1499,1096,202,160,1,-1,-1,-1
166,59,913,681,120,128,1,-1,-1,-1
166,61,1491,705,112,128,1,-1,-1,-1
166,65,1602,711,84,99,1,-1,-1,-1
166,69,1609,677,183,110,1,-1,-1,-1
166,70,1715,698,252,113,1,-1,-1,-1
166,71,1475,655,112,72,1,-1,-1,-1
167,27,1540,1105,202,160,1,-1,-1,-1
167,59,922,682,120,128,1,-1,-1,-1
167,61,1495,706,112,128,1,-1,-1,-1
167,65,1611,711,84,99,1,-1,-1,-1
167,69,1619,681,183,110,1,-1,-1,-1
167,71,1476,657,112,72,1,-1,-1,-1
168,27,1569,1140,202,160,1,-1,-1,-1
168,61,1500,708,112,128,1,-1,-1,-1
168,69,1630,682,183,110,1,-1,-1,-1
169,27,1569,1140,202,160,1,-1,-1,-1
169,61,1476,712,152,128,1,-1,-1,-1
169,69,1640,688,196,104,1,-1,-1,-1
169,73,1872,724,172,112,1,-1,-1,-1
169,74,940,680,172,132,1,-1,-1,-1
169,75,64,752,128,144,1,-1,-1,-1
169,76,756,740,132,128,1,-1,-1,-1
169,77,1616,712,96,120,1,-1,-1,-1
169,78,1476,660,180,76,1,-1,-1,-1
169,79,0,784,44,140,1,-1,-1,-1
169,80,452,640,144,156,1,-1,-1,-1
170,27,1561,1199,202,160,1,-1,-1,-1
170,61,1482,712,152,128,1,-1,-1,-1
170,69,1655,688,196,104,1,-1,-1,-1
170,73,1881,725,172,112,1,-1,-1,-1
170,74,953,679,172,132,1,-1,-1,-1
170,75,78,752,128,144,1,-1,-1,-1
170,76,732,741,132,128,1,-1,-1,-1
170,77,1626,711,96,120,1,-1,-1,-1
170,78,1479,661,180,76,1,-1,-1,-1
170,79,12,782,44,140,1,-1,-1,-1
170,80,467,640,144,156,1,-1,-1,-1
171,27,1561,1219,202,160,1,-1,-1,-1
171,61,1489,712,152,128,1,-1,-1,-1
171,69,1669,689,196,104,1,-1,-1,-1
171,73,1892,725,172,112,1,-1,-1,-1
171,74,963,675,181,139,1,-1,-1,-1
171,75,93,752,128,144,1,-1,-1,-1
171,76,705,727,132,128,1,-1,-1,-1
171,77,1634,711,96,120,1,-1,-1,-1
171,78,1486,663,180,76,1,-1,-1,-1
171,79,25,780,44,140,1,-1,-1,-1
171,80,483,640,144,156,1,-1,-1,-1
172,27,1579,1240,202,160,1,-1,-1,-1
172,61,1494,713,152,128,1,-1,-1,-1
172,69,1681,691,196,104,1,-1,-1,-1
172,73,1898,725,172,112,1,-1,-1,-1
172,74,975,675,181,139,1,-1,-1,-1
172,75,110,753,128,144,1,-1,-1,-1
172,76,689,732,126,122,1,-1,-1,-1
172,77,1642,712,96,120,1,-1,-1,-1
172,78,1487,664,189,80,1,-1,-1,-1
172,79,38,780,44,140,1,-1,-1,-1
172,80,493,643,144,156,1,-1,-1,-1
173,27,1605,1261,202,160,1,-1,-1,-1
173,61,1498,713,152,128,1,-1,-1,-1
173,69,1688,691,206,109,1,-1,-1,-1
173,73,1905,723,172,112,1,-1,-1,-1
173,74,988,676,181,139,1,-1,-1,-1
173,75,128,753,128,144,1,-1,-1,-1
173,77,1648,711,96,120,1,-1,-1,-1
173,78,1495,664,189,80,1,-1,-1,-1
173,80,506,639,151,164,1,-1,-1,-1
174,27,1625,1274,202,160,1,-1,-1,-1
174,61,1501,713,152,128,1,-1,-1,-1
174,69,1705,695,206,109,1,-1,-1,-1
174,73,1913,721,172,112,1,-1,-1,-1
174,74,998,676,181,139,1,-1,-1,-1
174,75,149,752,128,144,1,-1,-1,-1
174,77,1660,712,96,120,1,-1,-1,-1
174,78,1495,662,198,84,1,-1,-1,-1
174,80,513,642,151,164,1,-1,-1,-1
175,27,1641,1274,202,160,1,-1,-1,-1
175,61,1512,714,152,128,1,-1,-1,-1
175,73,1921,721,172,112,1,-1,-1,-1
175,74,1015,676,181,139,1,-1,-1,-1
175,75,165,753,128,144,1,-1,-1,-1
175,77,1671,714,96,120,1,-1,-1,-1
175,78,1505,659,208,88,1,-1,-1,-1
176,27,1657,1259,202,160,1,-1,-1,-1
176,61,1524,715,152,128,1,-1,-1,-1
176,73,1929,724,172,112,1,-1,-1,-1
176,74,1030,678,181,139,1,-1,-1,-1
176,77,1688,714,96,120,1,-1,-1,-1
177,27,1657,1259,202,160,1,-1,-1,-1
177,61,1540,716,228,128,1,-1,-1,-1
177,73,1940,736,164,104,1,-1,-1,-1
177,74,984,680,240,132,1,-1,-1,-1
177,77,1688,714,96,120,1,-1,-1,-1
177,81,172,736,156,148,1,-1,-1,-1
177,82,72,732,112,168,1,-1,-1,-1
177,83,492,680,180,132,1,-1,-1,-1
177,84,1780,696,188,128,1,-1,-1,-1
178,27,1696,1210,192,152,1,-1,-1,-1
178,61,1554,717,228,128,1,-1,-1,-1
178,73,1950,740,164,104,1,-1,-1,-1
178,74,1009,683,229,126,1,-1,-1,-1
178,81,189,738,156,148,1,-1,-1,-1
178,82,88,732,112,168,1,-1,-1,-1
178,83,496,682,180,132,1,-1,-1,-1
178,84,1796,697,188,128,1,-1,-1,-1
179,27,1707,1189,192,152,1,-1,-1,-1
179,61,1570,720,228,128,1,-1,-1,-1
179,73,1956,743,164,104,1,-1,-1,-1
179,74,1029,684,229,126,1,-1,-1,-1
179,81,201,736,164,155,1,-1,-1,-1
179,82,103,732,112,168,1,-1,-1,-1
179,83,495,687,180,132,1,-1,-1,-1
179,84,1813,701,188,128,1,-1,-1,-1
180,27,1713,1172,192,152,1,-1,-1,-1
180,61,1584,722,228,128,1,-1,-1,-1
180,73,1966,748,156,99,1,-1,-1,-1
180,74,1046,685,229,126,1,-1,-1,-1
180,81,216,739,164,155,1,-1,-1,-1
180,82,119,734,112,168,1,-1,-1,-1
180,83,503,692,180,132,1,-1,-1,-1
180,84,1831,702,188,128,1,-1,-1,-1
181,27,1725,1169,192,152,1,-1,-1,-1
181,61,1598,722,239,134,1,-1,-1,-1
181,73,1983,752,149,94,1,-1,-1,-1
181,74,1066,686,229,126,1,-1,-1,-1
181,81,229,739,164,155,1,-1,-1,-1
181,82,132,732,112,168,1,-1,-1,-1
181,83,516,696,180,132,1,-1,-1,-1
181,84,1845,705,188,128,1,-1,-1,-1
182,27,1741,1178,192,152,1,-1,-1,-1
182,61,1608,725,239,134,1,-1,-1,-1
182,74,1091,687,229,126,1,-1,-1,-1
182,81,245,740,164,155,1,-1,-1,-1
182,82,144,733,112,168,1,-1,-1,-1
182,84,1858,705,188,128,1,-1,-1,-1
183,27,1759,1197,192,152,1,-1,-1,-1
183,81,259,740,164,155,1,-1,-1,-1
183,82,156,734,112,168,1,-1,-1,-1
184,27,1780,1211,192,152,1,-1,-1,-1
184,81,273,740,164,155,1,-1,-1,-1
184,82,165,735,112,168,1,-1,-1,-1
185,27,1780,1211,192,152,1,-1,-1,-1
185,81,273,740,164,155,1,-1,-1,-1
185,82,165,735,112,168,1,-1,-1,-1
185,85,1784,724,200,140,1,-1,-1,-1
185,86,500,648,136,180,1,-1,-1,-1
185,87,676,684,212,132,1,-1,-1,-1
186,27,1814,1237,192,152,1,-1,-1,-1
186,81,299,742,164,155,1,-1,-1,-1
186,82,179,735,112,168,1,-1,-1,-1
186,85,1802,723,200,140,1,-1,-1,-1
186,86,509,653,136,180,1,-1,-1,-1
186,87,680,685,212,132,1,-1,-1,-1
187,27,1819,1254,192,152,1,-1,-1,-1
187,81,310,744,164,155,1,-1,-1,-1
187,82,184,736,112,168,1,-1,-1,-1
187,85,1829,723,200,140,1,-1,-1,-1
187,86,516,659,136,180,1,-1,-1,-1
187,87,687,687,212,132,1,-1,-1,-1
188,27,1820,1259,192,152,1,-1,-1,-1
188,81,319,746,164,155,1,-1,-1,-1
188,82,193,738,112,168,1,-1,-1,-1
188,85,1865,726,200,140,1,-1,-1,-1
188,86,516,660,136,180,1,-1,-1,-1
188,87,694,687,212,132,1,-1,-1,-1
189,27,1831,1258,192,152,1,-1,-1,-1
189,82,200,742,112,168,1,-1,-1,-1
189,85,1899,727,190,133,1,-1,-1,-1
189,86,513,651,143,189,1,-1,-1,-1
189,87,704,683,212,132,1,-1,-1,-1
190,27,1852,1261,192,152,1,-1,-1,-1
190,82,209,742,112,168,1,-1,-1,-1
190,87,707,681,212,132,1,-1,-1,-1
191,27,1871,1271,192,152,1,-1,-1,-1
191,82,218,744,112,168,1,-1,-1,-1
192,27,1877,1274,192,152,1,-1,-1,-1
192,82,223,743,118,176,1,-1,-1,-1
193,27,1877,1274,192,152,1,-1,-1,-1
193,82,223,743,118,176,1,-1,-1,-1
193,88,548,752,212,88,1,-1,-1,-1
193,89,700,720,224,100,1,-1,-1,-1
193,90,1688,740,212,96,1,-1,-1,-1
194,27,1878,1265,192,152,1,-1,-1,-1
194,82,239,744,118,176,1,-1,-1,-1
194,88,563,752,212,88,1,-1,-1,-1
194,89,702,718,224,100,1,-1,-1,-1
194,90,1689,740,212,96,1,-1,-1,-1
195,27,1882,1264,192,152,1,-1,-1,-1
195,82,244,746,118,176,1,-1,-1,-1
195,88,574,750,223,92,1,-1,-1,-1
195,89,703,718,224,100,1,-1,-1,-1
195,90,1688,741,212,96,1,-1,-1,-1
196,27,1886,1263,192,152,1,-1,-1,-1
196,82,251,747,118,176,1,-1,-1,-1
196,88,589,747,234,97,1,-1,-1,-1
196,89,695,712,235,105,1,-1,-1,-1
196,90,1688,741,212,96,1,-1,-1,-1
197,27,1893,1265,192,152,1,-1,-1,-1
197,82,256,748,118,176,1,-1,-1,-1
197,88,604,742,245,102,1,-1,-1,-1
197,89,701,712,224,100,1,-1,-1,-1
197,90,1687,740,212,96,1,-1,-1,-1
198,27,1895,1270,192,152,1,-1,-1,-1
198,82,262,748,118,176,1,-1,-1,-1
198,89,690,710,235,105,1,-1,-1,-1
198,90,1687,740,212,96,1,-1,-1,-1
199,27,1893,1270,192,152,1,-1,-1,-1
199,82,266,744,118,176,1,-1,-1,-1
199,90,1686,741,212,96,1,-1,-1,-1
200,27,1884,1254,192,152,1,-1,-1,-1
200,82,274,744,118,176,1,-1,-1,-1
200,90,1683,740,212,96,1,-1,-1,-1
201,27,1884,1254,192,152,1,-1,-1,-1
201,82,274,744,118,176,1,-1,-1,-1
201,90,1724,748,160,88,1,-1,-1,-1
201,91,652,712,248,116,1,-1,-1,-1
201,92,1956,732,172,108,1,-1,-1,-1
201,93,1384,660,156,132,1,-1,-1,-1
201,94,2068,736,256,152,1,-1,-1,-1
201,95,1656,688,120,56,1,-1,-1,-1
201,96,1532,716,172,100,1,-1,-1,-1
202,27,1864,1182,192,152,1,-1,-1,-1
202,90,1721,749,160,88,1,-1,-1,-1
202,91,657,711,248,116,1,-1,-1,-1
202,92,1957,732,172,108,1,-1,-1,-1
202,93,1384,659,156,132,1,-1,-1,-1
202,94,2070,737,256,152,1,-1,-1,-1
202,95,1658,688,120,56,1,-1,-1,-1
202,96,1545,716,172,100,1,-1,-1,-1
203,27,1876,1141,192,152,1,-1,-1,-1
203,90,1716,748,160,88,1,-1,-1,-1
203,91,657,705,260,122,1,-1,-1,-1
203,92,1959,732,172,108,1,-1,-1,-1
203,93,1384,659,156,132,1,-1,-1,-1
203,94,2073,739,256,152,1,-1,-1,-1
203,95,1662,687,120,56,1,-1,-1,-1
203,96,1562,718,172,100,1,-1,-1,-1
204,27,1894,1126,192,152,1,-1,-1,-1
204,90,1703,744,160,88,1,-1,-1,-1
204,91,653,701,260,122,1,-1,-1,-1
204,92,1961,732,172,108,1,-1,-1,-1
204,93,1385,660,156,132,1,-1,-1,-1
204,94,2075,740,256,152,1,-1,-1,-1
204,95,1662,687,120,56,1,-1,-1,-1
204,96,1577,718,181,105,1,-1,-1,-1
205,27,1900,1143,192,152,1,-1,-1,-1
205,90,1705,742,160,88,1,-1,-1,-1
205,91,651,696,273,128,1,-1,-1,-1
205,92,1963,732,172,108,1,-1,-1,-1
205,93,1385,660,156,132,1,-1,-1,-1
205,94,2075,741,256,152,1,-1,-1,-1
205,95,1663,688,126,59,1,-1,-1,-1
205,96,1588,722,181,105,1,-1,-1,-1
206,27,1898,1178,192,152,1,-1,-1,-1
206,91,651,695,273,128,1,-1,-1,-1
206,92,1964,733,172,108,1,-1,-1,-1
206,93,1382,661,156,132,1,-1,-1,-1
206,94,2075,741,256,152,1,-1,-1,-1
206,95,1666,689,126,59,1,-1,-1,-1
206,96,1596,723,181,105,1,-1,-1,-1
207,27,1898,1218,192,152,1,-1,-1,-1
207,92,1965,733,172,108,1,-1,-1,-1
207,93,1382,661,156,132,1,-1,-1,-1
207,94,2078,741,256,152,1,-1,-1,-1
207,96,1609,726,190,110,1,-1,-1,-1
208,27,1901,1253,192,152,1,-1,-1,-1
208,92,1965,732,172,108,1,-1,-1,-1
208,93,1381,663,156,132,1,-1,-1,-1
208,94,2074,740,256,152,1,-1,-1,-1
209,27,1901,1253,192,152,1,-1,-1,-1
209,92,1964,724,156,112,1,-1,-1,-1
209,93,1372,668,164,128,1,-1,-1,-1
209,94,2064,764,236,124,1,-1,-1,-1
209,97,760,728,264,108,1,-1,-1,-1
209,98,192,796,208,124,1,-1,-1,-1
209,99,584,708,216,116,1,-1,-1,-1
209,100,1600,724,252,120,1,-1,-1,-1
209,101,192,732,232,100,1,-1,-1,-1
210,27,1901,1292,192,148,1,-1,-1,-1
210,92,1963,724,156,112,1,-1,-1,-1
210,93,1371,668,164,128,1,-1,-1,-1
210,94,2065,763,236,124,1,-1,-1,-1
210,97,768,728,264,108,1,-1,-1,-1
210,98,191,796,208,124,1,-1,-1,-1
210,99,579,708,216,116,1,-1,-1,-1
210,100,1606,724,252,120,1,-1,-1,-1
210,101,193,731,232,100,1,-1,-1,-1
211,27,1896,1295,192,145,1,-1,-1,-1
211,92,1963,725,156,112,1,-1,-1,-1
211,93,1370,669,164,128,1,-1,-1,-1
211,94,2067,764,236,124,1,-1,-1,-1
211,97,788,725,264,108,1,-1,-1,-1
211,98,192,797,208,124,1,-1,-1,-1
211,99,575,709,216,116,1,-1,-1,-1
211,100,1626,725,252,120,1,-1,-1,-1
211,101,193,732,232,100,1,-1,-1,-1
212,27,1892,1285,192,152,1,-1,-1,-1
212,92,1963,726,156,112,1,-1,-1,-1
212,93,1368,671,164,128,1,-1,-1,-1
212,94,2069,765,236,124,1,-1,-1,-1
212,97,817,721,264,108,1,-1,-1,-1
212,98,192,798,208,124,1,-1,-1,-1
212,99,569,707,216,116,1,-1,-1,-1
212,100,1655,728,240,114,1,-1,-1,-1
212,101,195,733,232,100,1,-1,-1,-1
213,27,1896,1270,192,152,1,-1,-1,-1
213,92,1962,726,156,112,1,-1,-1,-1
213,93,1365,674,164,128,1,-1,-1,-1
213,94,2069,766,236,124,1,-1,-1,-1
213,97,818,718,277,113,1,-1,-1,-1
213,98,192,798,208,124,1,-1,-1,-1
213,99,565,706,216,116,1,-1,-1,-1
213,100,1676,734,229,109,1,-1,-1,-1
213,101,191,731,244,105,1,-1,-1,-1
214,27,1905,1264,192,152,1,-1,-1,-1
214,92,1960,725,156,112,1,-1,-1,-1
214,93,1363,678,164,128,1,-1,-1,-1
214,94,2070,763,248,130,1,-1,-1,-1
214,98,194,796,208,124,1,-1,-1,-1
214,99,555,706,216,116,1,-1,-1,-1
214,100,1669,732,229,109,1,-1,-1,-1
214,101,192,731,244,105,1,-1,-1,-1
215,27,1907,1260,202,160,1,-1,-1,-1
215,92,1960,725,156,112,1,-1,-1,-1
215,93,1366,682,164,128,1,-1,-1,-1
215,94,2085,769,236,124,1,-1,-1,-1
215,98,195,795,208,124,1,-1,-1,-1
215,99,550,706,216,116,1,-1,-1,-1
215,101,196,733,244,105,1,-1,-1,-1
216,27,1910,1262,202,160,1,-1,-1,-1
216,92,1959,724,156,112,1,-1,-1,-1
216,93,1368,683,164,128,1,-1,-1,-1
216,94,2108,772,236,124,1,-1,-1,-1
216,98,189,792,218,130,1,-1,-1,-1
216,99,546,707,216,116,1,-1,-1,-1
216,101,194,733,244,105,1,-1,-1,-1
217,27,1910,1262,202,160,1,-1,-1,-1
217,92,1964,728,136,100,1,-1,-1,-1
217,93,1380,696,160,112,1,-1,-1,-1
217,94,2140,764,280,128,1,-1,-1,-1
217,98,164,784,248,160,1,-1,-1,-1
217,99,556,704,216,124,1,-1,-1,-1
217,101,194,733,244,105,1,-1,-1,-1
217,102,944,724,192,108,1,-1,-1,-1
217,103,1732,720,180,120,1,-1,-1,-1
217,104,1652,688,168,112,1,-1,-1,-1
217,105,2068,724,184,152,1,-1,-1,-1
217,106,260,756,224,148,1,-1,-1,-1
217,107,1524,704,104,96,1,-1,-1,-1
218,27,1911,1278,202,160,1,-1,-1,-1
218,92,1965,727,136,100,1,-1,-1,-1
218,93,1383,696,160,112,1,-1,-1,-1
218,94,2147,766,280,128,1,-1,-1,-1
218,98,166,784,248,160,1,-1,-1,-1
218,99,555,705,216,124,1,-1,-1,-1
218,101,201,736,232,100,1,-1,-1,-1
218,102,950,725,192,108,1,-1,-1,-1
218,103,1737,719,180,120,1,-1,-1,-1
218,104,1654,687,168,112,1,-1,-1,-1
218,105,2069,725,184,152,1,-1,-1,-1
218,106,263,757,224,148,1,-1,-1,-1
218,107,1520,702,104,96,1,-1,-1,-1
219,27,1910,1275,202,160,1,-1,-1,-1
219,92,1966,726,136,100,1,-1,-1,-1
219,93,1390,698,160,112,1,-1,-1,-1
219,94,2152,766,280,128,1,-1,-1,-1
219,98,167,784,248,160,1,-1,-1,-1
219,99,553,705,216,124,1,-1,-1,-1
219,102,954,724,192,108,1,-1,-1,-1
219,103,1735,716,189,126,1,-1,-1,-1
219,104,1655,687,168,112,1,-1,-1,-1
219,105,2071,725,184,152,1,-1,-1,-1
219,106,268,758,224,148,1,-1,-1,-1
219,107,1515,700,104,96,1,-1,-1,-1
220,27,1909,1272,202,160,1,-1,-1,-1
220,92,1969,725,136,100,1,-1,-1,-1
220,93,1395,700,160,112,1,-1,-1,-1
220,94,2169,766,280,128,1,-1,-1,-1
220,98,169,785,248,160,1,-1,-1,-1
220,99,552,705,216,124,1,-1,-1,-1
220,102,962,724,192,108,1,-1,-1,-1
220,103,1740,715,189,126,1,-1,-1,-1
220,104,1650,684,176,118,1,-1,-1,-1
220,105,2067,730,184,152,1,-1,-1,-1
220,106,271,759,224,148,1,-1,-1,-1
220,107,1507,696,104,96,1,-1,-1,-1
221,27,1912,1276,202,160,1,-1,-1,-1
221,92,1969,725,136,100,1,-1,-1,-1
221,93,1412,700,152,107,1,-1,-1,-1
221,94,2191,769,280,128,1,-1,-1,-1
221,98,170,786,248,160,1,-1,-1,-1
221,99,551,705,216,124,1,-1,-1,-1
221,102,969,725,183,103,1,-1,-1,-1
221,103,1741,714,189,126,1,-1,-1,-1
221,104,1645,685,176,118,1,-1,-1,-1
221,105,2060,729,184,152,1,-1,-1,-1
221,106,274,759,224,148,1,-1,-1,-1
221,107,1504,690,109,101,1,-1,-1,-1
222,27,1916,1292,202,148,1,-1,-1,-1
222,92,1973,726,136,100,1,-1,-1,-1
222,98,170,788,248,160,1,-1,-1,-1
222,99,548,705,216,124,1,-1,-1,-1
222,102,976,723,174,98,1,-1,-1,-1
222,103,1744,714,189,126,1,-1,-1,-1
222,104,1644,687,176,118,1,-1,-1,-1
222,106,277,759,224,148,1,-1,-1,-1
222,107,1500,687,109,101,1,-1,-1,-1
223,27,1916,1298,202,142,1,-1,-1,-1
223,92,1976,724,136,100,1,-1,-1,-1
223,98,170,790,248,160,1,-1,-1,-1
223,99,544,705,216,124,1,-1,-1,-1
223,102,957,716,183,103,1,-1,-1,-1
223,103,1745,712,189,126,1,-1,-1,-1
223,104,1642,688,176,118,1,-1,-1,-1
223,106,277,760,224,148,1,-1,-1,-1
224,27,1912,1298,202,142,1,-1,-1,-1
224,98,168,790,248,160,1,-1,-1,-1
224,99,539,704,216,124,1,-1,-1,-1
224,103,1747,710,189,126,1,-1,-1,-1
224,106,278,760,224,148,1,-1,-1,-1
225,27,1912,1298,202,142,1,-1,-1,-1
225,98,136,788,292,140,1,-1,-1,-1
225,99,516,700,240,128,1,-1,-1,-1
225,103,1784,740,128,100,1,-1,-1,-1
225,106,278,760,224,148,1,-1,-1,-1
225,108,2252,776,236,116,1,-1,-1,-1
225,109,1992,740,264,140,1,-1,-1,-1
225,110,1036,700,80,128,1,-1,-1,-1
225,111,1636,688,200,120,1,-1,-1,-1
225,112,1440,712,144,112,1,-1,-1,-1
226,27,1911,1283,202,157,1,-1,-1,-1
226,98,135,789,292,140,1,-1,-1,-1
226,99,515,700,240,128,1,-1,-1,-1
226,103,1786,740,128,100,1,-1,-1,-1
226,106,279,760,224,148,1,-1,-1,-1
226,108,2251,776,236,116,1,-1,-1,-1
226,109,1992,740,264,140,1,-1,-1,-1
226,110,1040,701,80,128,1,-1,-1,-1
226,111,1636,688,200,120,1,-1,-1,-1
226,112,1448,714,144,112,1,-1,-1,-1
227,27,1916,1280,202,160,1,-1,-1,-1
227,98,133,789,292,140,1,-1,-1,-1
227,99,512,700,240,128,1,-1,-1,-1
227,103,1789,741,128,100,1,-1,-1,-1
227,106,281,760,224,148,1,-1,-1,-1
227,108,2249,775,236,116,1,-1,-1,-1
227,109,1992,741,264,140,1,-1,-1,-1
227,110,1039,695,84,134,1,-1,-1,-1
227,111,1638,688,200,120,1,-1,-1,-1
227,112,1451,715,144,112,1,-1,-1,-1
228,27,1919,1283,202,157,1,-1,-1,-1
228,98,131,790,292,140,1,-1,-1,-1
228,99,507,702,240,128,1,-1,-1,-1
228,103,1791,741,128,100,1,-1,-1,-1
228,106,281,760,224,148,1,-1,-1,-1
228,108,2245,773,236,116,1,-1,-1,-1
228,109,1996,742,264,140,1,-1,-1,-1
228,110,1034,694,88,141,1,-1,-1,-1
228,111,1641,688,200,120,1,-1,-1,-1
228,112,1449,714,144,112,1,-1,-1,-1
229,27,1925,1295,202,145,1,-1,-1,-1
229,98,131,792,292,140,1,-1,-1,-1
229,99,502,702,240,128,1,-1,-1,-1
229,103,1795,742,128,100,1,-1,-1,-1
229,106,282,760,224,148,1,-1,-1,-1
229,108,2246,774,225,110,1,-1,-1,-1
229,109,1998,742,264,140,1,-1,-1,-1
229,110,1032,696,88,141,1,-1,-1,-1
229,111,1643,688,200,120,1,-1,-1,-1
229,112,1474,713,144,112,1,-1,-1,-1
230,27,1931,1300,202,140,1,-1,-1,-1
230,98,122,791,307,147,1,-1,-1,-1
230,99,493,702,240,128,1,-1,-1,-1
230,103,1798,742,128,100,1,-1,-1,-1
230,106,283,762,224,148,1,-1,-1,-1
230,108,2241,774,225,110,1,-1,-1,-1
230,109,2001,741,264,140,1,-1,-1,-1
230,111,1644,687,200,120,1,-1,-1,-1
231,27,1936,1298,202,142,1,-1,-1,-1
231,98,137,793,292,140,1,-1,-1,-1
231,99,484,703,240,128,1,-1,-1,-1
231,103,1796,739,134,105,1,-1,-1,-1
231,106,287,763,224,148,1,-1,-1,-1
231,108,2234,774,225,110,1,-1,-1,-1
231,109,2002,740,264,140,1,-1,-1,-1
231,111,1647,686,200,120,1,-1,-1,-1
232,27,1940,1294,202,146,1,-1,-1,-1
232,98,136,792,292,140,1,-1,-1,-1
232,99,484,709,229,122,1,-1,-1,-1
232,103,1797,739,134,105,1,-1,-1,-1
232,109,2002,740,264,140,1,-1,-1,-1
232,111,1654,686,200,120,1,-1,-1,-1
233,27,1940,1294,202,146,1,-1,-1,-1
233,98,116,792,296,124,1,-1,-1,-1
233,99,484,724,232,108,1,-1,-1,-1
233,103,1836,732,88,108,1,-1,-1,-1
233,109,2016,740,232,144,1,-1,-1,-1
233,111,1680,692,172,100,1,-1,-1,-1
233,113,940,716,212,120,1,-1,-1,-1
233,114,2220,760,216,132,1,-1,-1,-1
233,115,1560,724,280,116,1,-1,-1,-1
233,116,308,776,228,144,1,-1,-1,-1
233,117,1512,716,80,92,1,-1,-1,-1
234,27,1942,1294,202,146,1,-1,-1,-1
234,98,114,793,296,124,1,-1,-1,-1
234,99,485,724,232,108,1,-1,-1,-1
234,103,1838,731,88,108,1,-1,-1,-1
234,109,2016,741,232,144,1,-1,-1,-1
234,111,1688,693,172,100,1,-1,-1,-1
234,113,937,715,212,120,1,-1,-1,-1
234,114,2218,760,216,132,1,-1,-1,-1
234,115,1572,726,280,116,1,-1,-1,-1
234,116,308,777,228,144,1,-1,-1,-1
234,117,1513,717,80,92,1,-1,-1,-1
235,27,1943,1293,202,147,1,-1,-1,-1
235,98,112,794,296,124,1,-1,-1,-1
235,99,485,724,232,108,1,-1,-1,-1
235,103,1841,731,88,108,1,-1,-1,-1
235,109,2015,742,232,144,1,-1,-1,-1
235,111,1690,693,172,100,1,-1,-1,-1
235,113,928,716,212,120,1,-1,-1,-1
235,114,2215,760,216,132,1,-1,-1,-1
235,115,1582,729,280,116,1,-1,-1,-1
235,116,308,777,228,144,1,-1,-1,-1
235,117,1515,717,80,92,1,-1,-1,-1
236,27,1944,1287,202,153,1,-1,-1,-1
236,98,112,793,296,124,1,-1,-1,-1
236,99,486,724,232,108,1,-1,-1,-1
236,103,1840,728,88,108,1,-1,-1,-1
236,109,2016,742,232,144,1,-1,-1,-1
236,111,1701,695,164,95,1,-1,-1,-1
236,113,917,714,212,120,1,-1,-1,-1
236,114,2213,759,216,132,1,-1,-1,-1
236,115,1634,726,294,122,1,-1,-1,-1
236,116,309,776,228,144,1,-1,-1,-1
236,117,1517,717,80,92,1,-1,-1,-1
237,27,1944,1276,202,160,1,-1,-1,-1
237,98,111,789,296,124,1,-1,-1,-1
237,99,486,724,232,108,1,-1,-1,-1
237,103,1836,725,92,113,1,-1,-1,-1
237,109,2015,742,232,144,1,-1,-1,-1
237,111,1701,694,164,95,1,-1,-1,-1
237,113,900,714,212,120,1,-1,-1,-1
237,114,2211,759,216,132,1,-1,-1,-1
237,115,1682,727,309,128,1,-1,-1,-1
237,116,308,775,228,144,1,-1,-1,-1
237,117,1519,717,80,92,1,-1,-1,-1
238,27,1946,1273,202,160,1,-1,-1,-1
238,98,115,791,282,118,1,-1,-1,-1
238,99,488,724,232,108,1,-1,-1,-1
238,103,1832,735,97,119,1,-1,-1,-1
238,109,2018,745,221,137,1,-1,-1,-1
238,114,2206,760,216,132,1,-1,-1,-1
238,116,306,774,228,144,1,-1,-1,-1
238,117,1520,719,80,92,1,-1,-1,-1
239,27,1947,1274,202,160,1,-1,-1,-1
239,98,105,790,296,124,1,-1,-1,-1
239,99,490,723,232,108,1,-1,-1,-1
239,109,2016,744,221,137,1,-1,-1,-1
239,114,2193,756,227,139,1,-1,-1,-1
239,116,306,775,228,144,1,-1,-1,-1
239,117,1519,720,80,92,1,-1,-1,-1
240,27,1946,1277,202,160,1,-1,-1,-1
240,98,100,794,296,124,1,-1,-1,-1
240,99,492,723,232,108,1,-1,-1,-1
240,109,2015,745,221,137,1,-1,-1,-1
240,114,2190,755,227,139,1,-1,-1,-1
240,116,304,776,228,144,1,-1,-1,-1
240,117,1519,720,80,92,1,-1,-1,-1
241,27,1946,1277,202,160,1,-1,-1,-1
241,98,88,804,296,136,1,-1,-1,-1
241,99,512,724,208,116,1,-1,-1,-1
241,109,2000,732,200,144,1,-1,-1,-1
241,114,2164,760,220,132,1,-1,-1,-1
241,116,316,776,216,144,1,-1,-1,-1
241,117,1508,708,76,104,1,-1,-1,-1
241,118,784,720,220,104,1,-1,-1,-1
241,119,1720,708,144,112,1,-1,-1,-1
241,120,1844,748,196,120,1,-1,-1,-1
242,27,1947,1286,202,154,1,-1,-1,-1
242,98,88,802,296,136,1,-1,-1,-1
242,99,513,724,208,116,1,-1,-1,-1
242,109,1997,731,200,144,1,-1,-1,-1
242,114,2160,759,220,132,1,-1,-1,-1
242,116,316,776,216,144,1,-1,-1,-1
242,117,1507,708,76,104,1,-1,-1,-1
242,118,770,719,220,104,1,-1,-1,-1
242,119,1720,708,144,112,1,-1,-1,-1
242,120,1851,748,196,120,1,-1,-1,-1
243,27,1949,1287,202,153,1,-1,-1,-1
243,98,87,799,296,136,1,-1,-1,-1
243,99,515,725,208,116,1,-1,-1,-1
243,109,1993,730,200,144,1,-1,-1,-1
243,114,2157,757,220,132,1,-1,-1,-1
243,116,315,776,216,144,1,-1,-1,-1
243,117,1507,709,76,104,1,-1,-1,-1
243,118,749,716,231,109,1,-1,-1,-1
243,119,1719,708,144,112,1,-1,-1,-1
243,120,1852,748,196,120,1,-1,-1,-1
244,27,1950,1288,202,152,1,-1,-1,-1
244,98,87,800,296,136,1,-1,-1,-1
244,99,516,725,208,116,1,-1,-1,-1
244,109,1991,730,200,144,1,-1,-1,-1
244,114,2155,757,220,132,1,-1,-1,-1
244,116,315,777,216,144,1,-1,-1,-1
244,117,1506,710,76,104,1,-1,-1,-1
244,118,734,718,220,104,1,-1,-1,-1
244,119,1719,709,144,112,1,-1,-1,-1
244,120,1835,746,196,120,1,-1,-1,-1
245,27,1952,1292,202,148,1,-1,-1,-1
245,98,86,804,296,136,1,-1,-1,-1
245,99,516,725,208,116,1,-1,-1,-1
245,109,1984,726,210,151,1,-1,-1,-1
245,114,2154,756,220,132,1,-1,-1,-1
245,116,313,778,216,144,1,-1,-1,-1
245,117,1505,710,76,104,1,-1,-1,-1
245,118,706,713,231,109,1,-1,-1,-1
245,119,1718,709,144,112,1,-1,-1,-1
245,120,1833,744,196,120,1,-1,-1,-1
246,27,1955,1297,202,143,1,-1,-1,-1
246,98,83,808,296,136,1,-1,-1,-1
246,99,521,729,198,110,1,-1,-1,-1
246,109,1987,727,210,151,1,-1,-1,-1
246,114,2154,757,220,132,1,-1,-1,-1
246,116,311,780,216,144,1,-1,-1,-1
246,117,1503,710,76,104,1,-1,-1,-1
246,118,687,714,231,109,1,-1,-1,-1
246,119,1718,710,144,112,1,-1,-1,-1
247,27,1957,1298,202,142,1,-1,-1,-1
247,98,83,809,296,136,1,-1,-1,-1
247,99,520,729,198,110,1,-1,-1,-1
247,109,1986,727,210,151,1,-1,-1,-1
247,114,2155,758,220,132,1,-1,-1,-1
247,116,310,781,216,144,1,-1,-1,-1
247,117,1501,710,76,104,1,-1,-1,-1
247,119,1716,711,144,112,1,-1,-1,-1
248,27,1958,1297,202,143,1,-1,-1,-1
248,98,82,805,296,136,1,-1,-1,-1
248,99,520,730,198,110,1,-1,-1,-1
248,109,1989,729,210,151,1,-1,-1,-1
248,114,2158,759,220,132,1,-1,-1,-1
248,116,308,782,216,144,1,-1,-1,-1
248,117,1502,712,76,104,1,-1,-1,-1
248,119,1715,712,144,112,1,-1,-1,-1
249,27,1958,1297,202,143,1,-1,-1,-1
249,98,92,812,284,188,1,-1,-1,-1
249,99,520,730,198,110,1,-1,-1,-1
249,109,1989,729,210,151,1,-1,-1,-1
249,114,2144,764,232,128,1,-1,-1,-1
249,116,260,784,256,136,1,-1,-1,-1
249,117,1502,712,76,104,1,-1,-1,-1
249,119,1720,716,124,120,1,-1,-1,-1
250,27,1956,1293,202,147,1,-1,-1,-1
250,98,91,815,284,188,1,-1,-1,-1
250,99,519,730,198,110,1,-1,-1,-1
250,109,1993,731,210,151,1,-1,-1,-1
250,114,2150,765,232,128,1,-1,-1,-1
250,116,259,785,256,136,1,-1,-1,-1
250,117,1503,714,76,104,1,-1,-1,-1
250,119,1719,715,124,120,1,-1,-1,-1
251,27,1954,1288,202,152,1,-1,-1,-1
251,98,91,824,284,188,1,-1,-1,-1
251,99,520,732,198,110,1,-1,-1,-1
251,114,2162,765,244,134,1,-1,-1,-1
251,116,258,785,256,136,1,-1,-1,-1
251,117,1503,714,76,104,1,-1,-1,-1
251,119,1719,716,124,120,1,-1,-1,-1
252,27,1954,1284,202,156,1,-1,-1,-1
252,98,95,827,284,188,1,-1,-1,-1
252,99,518,734,198,110,1,-1,-1,-1
252,114,2193,767,244,134,1,-1,-1,-1
252,116,257,786,256,136,1,-1,-1,-1
252,117,1506,712,76,104,1,-1,-1,-1
252,119,1719,715,124,120,1,-1,-1,-1
253,27,1954,1270,202,160,1,-1,-1,-1
253,98,105,823,270,179,1,-1,-1,-1
253,99,516,734,198,110,1,-1,-1,-1
253,114,2211,770,244,134,1,-1,-1,-1
253,116,254,785,256,136,1,-1,-1,-1
253,117,1511,715,72,99,1,-1,-1,-1
253,119,1720,714,124,120,1,-1,-1,-1
254,27,1956,1256,202,160,1,-1,-1,-1
254,98,113,816,270,179,1,-1,-1,-1
254,99,511,730,208,116,1,-1,-1,-1
254,116,252,784,256,136,1,-1,-1,-1
254,117,1514,710,72,99,1,-1,-1,-1
254,119,1720,713,124,120,1,-1,-1,-1
255,27,1959,1250,202,160,1,-1,-1,-1
255,98,112,817,270,179,1,-1,-1,-1
255,99,511,731,208,116,1,-1,-1,-1
255,116,250,785,256,136,1,-1,-1,-1
255,119,1721,712,124,120,1,-1,-1,-1
256,27,1966,1244,202,160,1,-1,-1,-1
256,98,129,831,258,171,1,-1,-1,-1
256,99,503,730,218,122,1,-1,-1,-1
256,116,245,787,256,136,1,-1,-1,-1
256,119,1721,712,124,120,1,-1,-1,-1
257,27,1966,1244,202,160,1,-1,-1,-1
257,98,129,831,258,171,1,-1,-1,-1
257,99,468,720,232,124,1,-1,-1,-1
257,116,245,787,256,136,1,-1,-1,-1
257,119,1721,712,124,120,1,-1,-1,-1
257,121,1552,692,156,116,1,-1,-1,-1
257,122,2344,776,216,148,1,-1,-1,-1
257,123,2120,732,268,140,1,-1,-1,-1
257,124,2004,728,200,92,1,-1,-1,-1
257,125,1804,708,104,116,1,-1,-1,-1
258,27,1972,1238,202,160,1,-1,-1,-1
258,99,466,721,232,124,1,-1,-1,-1
258,116,248,790,244,130,1,-1,-1,-1
258,119,1721,714,124,120,1,-1,-1,-1
258,121,1562,692,156,116,1,-1,-1,-1
258,122,2351,776,209,148,1,-1,-1,-1
258,123,2127,731,268,140,1,-1,-1,-1
258,124,2005,728,200,92,1,-1,-1,-1
258,125,1803,708,104,116,1,-1,-1,-1
259,27,1963,1236,202,160,1,-1,-1,-1
259,99,463,724,232,124,1,-1,-1,-1
259,116,251,792,232,123,1,-1,-1,-1
259,119,1722,713,124,120,1,-1,-1,-1
259,121,1565,692,156,116,1,-1,-1,-1
259,122,2346,779,214,148,1,-1,-1,-1
259,123,2134,731,281,147,1,-1,-1,-1
259,124,2006,728,200,92,1,-1,-1,-1
259,125,1802,708,104,116,1,-1,-1,-1
260,27,1952,1239,202,160,1,-1,-1,-1
260,99,455,726,232,124,1,-1,-1,-1
260,121,1568,692,156,116,1,-1,-1,-1
260,122,2349,783,206,141,1,-1,-1,-1
260,123,2136,729,281,147,1,-1,-1,-1
260,124,2004,728,200,92,1,-1,-1,-1
260,125,1800,708,104,116,1,-1,-1,-1
261,27,1949,1255,202,160,1,-1,-1,-1
261,99,442,723,244,130,1,-1,-1,-1
261,121,1585,688,156,116,1,-1,-1,-1
261,122,2343,779,216,148,1,-1,-1,-1
261,123,2129,722,295,154,1,-1,-1,-1
261,124,2003,728,200,92,1,-1,-1,-1
261,125,1798,707,104,116,1,-1,-1,-1
262,27,1948,1274,202,160,1,-1,-1,-1
262,99,439,723,244,130,1,-1,-1,-1
262,124,2003,729,200,92,1,-1,-1,-1
262,125,1795,706,104,116,1,-1,-1,-1
263,27,1949,1289,202,151,1,-1,-1,-1
263,99,431,722,244,130,1,-1,-1,-1
263,124,2002,729,200,92,1,-1,-1,-1
263,125,1794,706,104,116,1,-1,-1,-1
264,27,1951,1289,202,151,1,-1,-1,-1
264,99,420,726,232,124,1,-1,-1,-1
264,124,2001,729,200,92,1,-1,-1,-1
264,125,1794,706,104,116,1,-1,-1,-1
265,27,1951,1289,202,151,1,-1,-1,-1
265,99,396,736,248,132,1,-1,-1,-1
265,124,2012,732,184,124,1,-1,-1,-1
265,125,1794,706,104,116,1,-1,-1,-1
265,126,700,720,92,124,1,-1,-1,-1
265,127,148,792,332,136,1,-1,-1,-1
265,128,2332,696,228,100,1,-1,-1,-1
265,129,2172,732,168,136,1,-1,-1,-1
266,27,1951,1260,202,160,1,-1,-1,-1
266,99,393,737,248,132,1,-1,-1,-1
266,124,2010,733,184,124,1,-1,-1,-1
266,126,702,719,92,124,1,-1,-1,-1
266,127,144,794,332,136,1,-1,-1,-1
266,128,2343,697,217,100,1,-1,-1,-1
266,129,2167,731,168,136,1,-1,-1,-1
267,27,1946,1241,202,160,1,-1,-1,-1
267,99,389,738,248,132,1,-1,-1,-1
267,124,2006,732,184,124,1,-1,-1,-1
267,126,705,720,92,124,1,-1,-1,-1
267,127,133,796,332,136,1,-1,-1,-1
267,128,2353,702,207,95,1,-1,-1,-1
267,129,2161,730,168,136,1,-1,-1,-1
268,27,1930,1220,202,160,1,-1,-1,-1
268,99,387,741,248,132,1,-1,-1,-1
268,124,2002,732,184,124,1,-1,-1,-1
268,126,707,720,92,124,1,-1,-1,-1
268,127,121,796,332,136,1,-1,-1,-1
268,128,2350,713,210,95,1,-1,-1,-1
268,129,2149,730,168,136,1,-1,-1,-1
269,27,1914,1204,202,160,1,-1,-1,-1
269,99,384,743,248,132,1,-1,-1,-1
269,124,1994,732,184,124,1,-1,-1,-1
269,126,706,721,92,124,1,-1,-1,-1
269,127,120,800,316,130,1,-1,-1,-1
269,128,2344,716,216,95,1,-1,-1,-1
269,129,2140,723,176,143,1,-1,-1,-1
270,27,1908,1201,202,160,1,-1,-1,-1
270,99,382,743,248,132,1,-1,-1,-1
270,124,1988,732,184,124,1,-1,-1,-1
270,126,703,722,92,124,1,-1,-1,-1
270,127,90,802,316,130,1,-1,-1,-1
270,128,2335,718,217,95,1,-1,-1,-1
270,129,2131,720,176,143,1,-1,-1,-1
271,27,1905,1211,202,160,1,-1,-1,-1
271,99,380,744,248,132,1,-1,-1,-1
271,124,1980,734,175,118,1,-1,-1,-1
271,126,696,724,92,124,1,-1,-1,-1
271,127,50,804,332,136,1,-1,-1,-1
271,129,2115,726,176,143,1,-1,-1,-1
272,27,1883,1235,212,168,1,-1,-1,-1
272,99,376,745,248,132,1,-1,-1,-1
272,124,1968,730,184,124,1,-1,-1,-1
272,126,693,726,92,124,1,-1,-1,-1
272,127,9,802,349,143,1,-1,-1,-1
273,27,1883,1235,212,168,1,-1,-1,-1
273,99,380,740,236,144,1,-1,-1,-1
273,124,1968,730,184,124,1,-1,-1,-1
273,126,672,724,108,132,1,-1,-1,-1
273,127,8,832,340,124,1,-1,-1,-1
273,130,2224,704,252,160,1,-1,-1,-1
273,131,1592,708,92,96,1,-1,-1,-1
274,27,1831,1284,212,156,1,-1,-1,-1
274,99,368,742,236,144,1,-1,-1,-1
274,124,1936,729,184,124,1,-1,-1,-1
274,126,661,725,108,132,1,-1,-1,-1
274,127,0,834,314,124,1,-1,-1,-1
274,130,2199,704,252,160,1,-1,-1,-1
274,131,1580,708,92,96,1,-1,-1,-1
275,27,1800,1291,212,149,1,-1,-1,-1
275,99,354,744,236,144,1,-1,-1,-1
275,124,1919,729,184,124,1,-1,-1,-1
275,126,646,723,113,139,1,-1,-1,-1
275,127,0,847,274,124,1,-1,-1,-1
275,130,2173,705,252,160,1,-1,-1,-1
275,131,1565,709,92,96,1,-1,-1,-1
276,27,1782,1289,212,151,1,-1,-1,-1
276,99,341,748,236,144,1,-1,-1,-1
276,124,1902,729,184,124,1,-1,-1,-1
276,126,634,725,113,139,1,-1,-1,-1
276,127,0,854,218,124,1,-1,-1,-1
276,130,2151,706,252,160,1,-1,-1,-1
276,131,1552,710,92,96,1,-1,-1,-1
277,27,1772,1276,212,164,1,-1,-1,-1
277,99,325,751,236,144,1,-1,-1,-1
277,124,1884,729,184,124,1,-1,-1,-1
277,126,627,727,113,139,1,-1,-1,-1
277,127,0,857,186,124,1,-1,-1,-1
277,130,2124,709,252,160,1,-1,-1,-1
277,131,1538,711,92,96,1,-1,-1,-1
278,27,1757,1264,212,168,1,-1,-1,-1
278,99,300,749,248,151,1,-1,-1,-1
278,124,1873,730,184,124,1,-1,-1,-1
278,126,617,728,113,139,1,-1,-1,-1
278,131,1526,712,92,96,1,-1,-1,-1
279,27,1740,1260,212,168,1,-1,-1,-1
279,99,283,753,248,151,1,-1,-1,-1
279,124,1864,729,175,118,1,-1,-1,-1
279,126,605,729,113,139,1,-1,-1,-1
279,131,1514,712,92,96,1,-1,-1,-1
280,27,1719,1262,212,168,1,-1,-1,-1
280,99,271,752,248,151,1,-1,-1,-1
280,131,1499,713,92,96,1,-1,-1,-1
281,27,1719,1262,212,168,1,-1,-1,-1
281,99,256,764,244,124,1,-1,-1,-1
281,131,1499,713,92,96,1,-1,-1,-1
281,132,540,732,160,144,1,-1,-1,-1
281,133,2368,812,192,120,1,-1,-1,-1
281,134,2044,724,240,120,1,-1,-1,-1
281,135,1848,752,196,108,1,-1,-1,-1
282,27,1683,1279,212,161,1,-1,-1,-1
282,99,239,765,244,124,1,-1,-1,-1
282,131,1477,715,92,96,1,-1,-1,-1
282,132,529,733,160,144,1,-1,-1,-1
282,133,2342,811,192,120,1,-1,-1,-1
282,134,2023,725,240,120,1,-1,-1,-1
282,135,1826,752,196,108,1,-1,-1,-1
283,27,1663,1282,212,158,1,-1,-1,-1
283,99,224,767,244,124,1,-1,-1,-1
283,131,1463,715,97,101,1,-1,-1,-1
283,132,519,734,160,144,1,-1,-1,-1
283,133,2328,807,202,126,1,-1,-1,-1
283,134,2005,725,240,120,1,-1,-1,-1
283,135,1807,753,196,108,1,-1,-1,-1
284,27,1638,1284,212,156,1,-1,-1,-1
284,99,199,766,256,130,1,-1,-1,-1
284,131,1451,716,97,101,1,-1,-1,-1
284,132,506,735,160,144,1,-1,-1,-1
284,133,2308,805,202,126,1,-1,-1,-1
284,134,1995,730,240,120,1,-1,-1,-1
284,135,1795,752,196,108,1,-1,-1,-1
285,27,1613,1280,212,160,1,-1,-1,-1
285,99,181,769,256,130,1,-1,-1,-1
285,131,1442,716,97,101,1,-1,-1,-1
285,132,492,737,160,144,1,-1,-1,-1
285,134,1981,729,240,120,1,-1,-1,-1
285,135,1782,751,196,108,1,-1,-1,-1
286,27,1592,1271,212,168,1,-1,-1,-1
286,99,157,767,269,137,1,-1,-1,-1
286,131,1428,715,97,101,1,-1,-1,-1
286,132,479,738,160,144,1,-1,-1,-1
286,134,1972,733,240,120,1,-1,-1,-1
286,135,1770,750,196,108,1,-1,-1,-1
287,27,1571,1261,212,168,1,-1,-1,-1
287,99,139,771,269,137,1,-1,-1,-1
287,132,467,741,160,144,1,-1,-1,-1
287,134,1957,733,252,126,1,-1,-1,-1
287,135,1756,749,196,108,1,-1,-1,-1
288,27,1544,1243,212,168,1,-1,-1,-1
288,99,112,770,282,144,1,-1,-1,-1
288,132,456,743,160,144,1,-1,-1,-1
288,134,1945,735,252,126,1,-1,-1,-1
288,135,1745,748,196,108,1,-1,-1,-1
289,27,1532,1224,180,168,1,-1,-1,-1
289,99,84,784,272,120,1,-1,-1,-1
289,132,444,744,180,140,1,-1,-1,-1
289,134,1936,748,236,140,1,-1,-1,-1
289,135,1732,716,220,144,1,-1,-1,-1
289,136,2120,768,208,140,1,-1,-1,-1
289,137,1504,688,100,120,1,-1,-1,-1
289,138,1380,708,104,104,1,-1,-1,-1
290,27,1508,1196,180,168,1,-1,-1,-1
290,99,63,783,272,120,1,-1,-1,-1
290,132,432,745,180,140,1,-1,-1,-1
290,134,1920,747,236,140,1,-1,-1,-1
290,135,1719,716,220,144,1,-1,-1,-1
290,136,2101,766,208,140,1,-1,-1,-1
290,137,1493,688,100,120,1,-1,-1,-1
290,138,1368,709,104,104,1,-1,-1,-1
291,27,1494,1166,180,168,1,-1,-1,-1
291,99,50,784,272,120,1,-1,-1,-1
291,132,419,747,180,140,1,-1,-1,-1
291,134,1904,744,236,140,1,-1,-1,-1
291,135,1709,715,220,144,1,-1,-1,-1
291,136,2083,764,208,140,1,-1,-1,-1
291,137,1482,688,100,120,1,-1,-1,-1
291,138,1356,709,104,104,1,-1,-1,-1
292,27,1493,1161,180,168,1,-1,-1,-1
292,99,30,783,272,120,1,-1,-1,-1
292,132,407,748,180,140,1,-1,-1,-1
292,134,1889,743,236,140,1,-1,-1,-1
292,135,1697,714,220,144,1,-1,-1,-1
292,136,2062,765,208,140,1,-1,-1,-1
292,137,1471,687,100,120,1,-1,-1,-1
292,138,1343,710,104,104,1,-1,-1,-1
293,27,1493,1176,180,168,1,-1,-1,-1
293,99,4,778,286,126,1,-1,-1,-1
293,132,393,749,180,140,1,-1,-1,-1
293,134,1879,746,225,133,1,-1,-1,-1
293,135,1687,714,220,144,1,-1,-1,-1
293,136,2058,766,208,140,1,-1,-1,-1
293,137,1461,687,100,120,1,-1,-1,-1
293,138,1332,710,104,104,1,-1,-1,-1
294,27,1493,1207,180,168,1,-1,-1,-1
294,99,0,778,272,126,1,-1,-1,-1
294,132,379,749,180,140,1,-1,-1,-1
294,134,1865,745,225,133,1,-1,-1,-1
294,135,1679,712,220,144,1,-1,-1,-1
294,137,1452,686,100,120,1,-1,-1,-1
294,138,1320,710,104,104,1,-1,-1,-1
295,27,1494,1227,180,168,1,-1,-1,-1
295,99,0,778,256,126,1,-1,-1,-1
295,132,363,745,189,147,1,-1,-1,-1
295,134,1846,746,225,133,1,-1,-1,-1
295,135,1670,711,220,144,1,-1,-1,-1
295,137,1444,685,100,120,1,-1,-1,-1
295,138,1309,710,104,104,1,-1,-1,-1
296,27,1492,1225,180,168,1,-1,-1,-1
296,99,0,777,238,132,1,-1,-1,-1
296,132,352,745,189,147,1,-1,-1,-1
296,134,1827,746,225,133,1,-1,-1,-1
296,135,1659,705,231,151,1,-1,-1,-1
296,137,1435,685,100,120,1,-1,-1,-1
296,138,1297,709,104,104,1,-1,-1,-1
297,27,1492,1225,180,168,1,-1,-1,-1
297,99,0,792,244,140,1,-1,-1,-1
297,132,300,756,228,124,1,-1,-1,-1
297,134,1796,760,240,116,1,-1,-1,-1
297,135,1648,716,224,136,1,-1,-1,-1
297,137,1436,680,88,112,1,-1,-1,-1
297,138,1297,709,104,104,1,-1,-1,-1
297,139,1232,700,152,108,1,-1,-1,-1
297,140,1396,704,96,128,1,-1,-1,-1
297,141,1996,752,124,120,1,-1,-1,-1
298,27,1471,1209,180,168,1,-1,-1,-1
298,99,0,789,228,147,1,-1,-1,-1
298,132,286,756,228,124,1,-1,-1,-1
298,134,1793,764,229,110,1,-1,-1,-1
298,135,1643,716,224,136,1,-1,-1,-1
298,137,1430,679,88,112,1,-1,-1,-1
298,138,1280,704,104,104,1,-1,-1,-1
298,139,1223,699,152,108,1,-1,-1,-1
298,140,1390,704,96,128,1,-1,-1,-1
298,141,1989,751,124,120,1,-1,-1,-1
299,27,1456,1217,180,168,1,-1,-1,-1
299,99,0,792,217,147,1,-1,-1,-1
299,132,272,756,228,124,1,-1,-1,-1
299,134,1782,765,229,110,1,-1,-1,-1
299,135,1637,716,224,136,1,-1,-1,-1
299,137,1425,678,88,112,1,-1,-1,-1
299,138,1265,703,104,104,1,-1,-1,-1
299,139,1215,699,152,108,1,-1,-1,-1
299,140,1385,704,96,128,1,-1,-1,-1
299,141,1982,746,130,126,1,-1,-1,-1
300,27,1444,1233,180,168,1,-1,-1,-1
300,99,0,791,199,147,1,-1,-1,-1
300,132,250,753,239,130,1,-1,-1,-1
300,134,1771,763,240,116,1,-1,-1,-1
300,135,1631,715,224,136,1,-1,-1,-1
300,137,1420,678,88,112,1,-1,-1,-1
300,139,1203,694,160,113,1,-1,-1,-1
300,140,1380,702,96,128,1,-1,-1,-1
300,141,1979,743,130,126,1,-1,-1,-1
301,27,1441,1249,180,168,1,-1,-1,-1
301,99,0,789,184,147,1,-1,-1,-1
301,132,233,755,239,130,1,-1,-1,-1
301,134,1760,762,240,116,1,-1,-1,-1
301,135,1626,714,224,136,1,-1,-1,-1
301,137,1415,678,88,112,1,-1,-1,-1
301,139,1198,694,160,113,1,-1,-1,-1
301,140,1376,702,96,128,1,-1,-1,-1
301,141,1977,742,130,126,1,-1,-1,-1
302,27,1444,1264,180,168,1,-1,-1,-1
302,99,0,796,158,140,1,-1,-1,-1
302,132,210,755,239,130,1,-1,-1,-1
302,134,1756,760,240,116,1,-1,-1,-1
302,135,1621,712,224,136,1,-1,-1,-1
302,137,1411,677,88,112,1,-1,-1,-1
302,139,1194,693,160,113,1,-1,-1,-1
302,140,1372,701,96,128,1,-1,-1,-1
302,141,1972,742,130,126,1,-1,-1,-1
303,27,1451,1274,180,166,1,-1,-1,-1
303,99,0,797,141,140,1,-1,-1,-1
303,132,192,757,239,130,1,-1,-1,-1
303,134,1752,758,240,116,1,-1,-1,-1
303,135,1617,711,224,136,1,-1,-1,-1
303,137,1407,676,88,112,1,-1,-1,-1
303,139,1188,692,160,113,1,-1,-1,-1
303,140,1368,700,96,128,1,-1,-1,-1
304,27,1453,1281,180,159,1,-1,-1,-1
304,132,175,757,239,130,1,-1,-1,-1
304,134,1751,757,240,116,1,-1,-1,-1
304,135,1616,710,224,136,1,-1,-1,-1
304,137,1406,675,88,112,1,-1,-1,-1
304,139,1186,693,160,113,1,-1,-1,-1
304,140,1366,699,96,128,1,-1,-1,-1
305,27,1453,1281,180,159,1,-1,-1,-1
305,132,148,760,268,124,1,-1,-1,-1
305,134,1748,740,192,128,1,-1,-1,-1
305,135,1608,708,204,136,1,-1,-1,-1
305,137,1406,675,88,112,1,-1,-1,-1
305,139,1186,693,160,113,1,-1,-1,-1
305,140,1364,688,96,136,1,-1,-1,-1
305,142,1964,728,136,144,1,-1,-1,-1
305,143,1104,700,204,96,1,-1,-1,-1
305,144,0,808,76,108,1,-1,-1,-1
306,27,1441,1267,180,168,1,-1,-1,-1
306,132,135,756,281,130,1,-1,-1,-1
306,134,1747,739,192,128,1,-1,-1,-1
306,135,1607,707,204,136,1,-1,-1,-1
306,137,1402,674,88,112,1,-1,-1,-1
306,139,1185,691,160,113,1,-1,-1,-1
306,140,1363,688,96,136,1,-1,-1,-1
306,142,1965,728,136,144,1,-1,-1,-1
306,143,1086,696,214,101,1,-1,-1,-1
306,144,0,805,65,108,1,-1,-1,-1
307,27,1437,1253,180,168,1,-1,-1,-1
307,132,116,757,281,130,1,-1,-1,-1
307,134,1746,738,192,128,1,-1,-1,-1
307,135,1607,707,204,136,1,-1,-1,-1
307,137,1402,673,88,112,1,-1,-1,-1
307,140,1364,688,96,136,1,-1,-1,-1
307,142,1967,730,136,144,1,-1,-1,-1
307,143,1065,691,225,106,1,-1,-1,-1
307,144,0,811,52,108,1,-1,-1,-1
308,27,1437,1234,180,168,1,-1,-1,-1
308,132,91,757,295,137,1,-1,-1,-1
308,134,1747,736,192,128,1,-1,-1,-1
308,135,1607,706,204,136,1,-1,-1,-1
308,137,1401,673,88,112,1,-1,-1,-1
308,140,1363,687,96,136,1,-1,-1,-1
308,142,1968,732,136,144,1,-1,-1,-1
308,143,1054,691,225,106,1,-1,-1,-1
308,144,0,812,42,113,1,-1,-1,-1
309,27,1437,1221,180,168,1,-1,-1,-1
309,132,74,762,281,130,1,-1,-1,-1
309,134,1748,734,192,128,1,-1,-1,-1
309,135,1607,705,204,136,1,-1,-1,-1
309,137,1401,672,88,112,1,-1,-1,-1
309,140,1362,687,96,136,1,-1,-1,-1
309,142,1970,734,136,144,1,-1,-1,-1
309,143,1036,687,225,106,1,-1,-1,-1
309,144,0,811,42,119,1,-1,-1,-1
310,27,1438,1220,180,168,1,-1,-1,-1
310,132,57,764,281,130,1,-1,-1,-1
310,134,1750,732,192,128,1,-1,-1,-1
310,135,1607,704,204,136,1,-1,-1,-1
310,137,1401,672,88,112,1,-1,-1,-1
310,140,1363,687,96,136,1,-1,-1,-1
310,142,1971,735,136,144,1,-1,-1,-1
310,143,1021,687,225,106,1,-1,-1,-1
311,27,1436,1223,180,168,1,-1,-1,-1
311,134,1752,728,192,128,1,-1,-1,-1
311,135,1608,703,204,136,1,-1,-1,-1
311,137,1401,671,88,112,1,-1,-1,-1
311,140,1363,686,96,136,1,-1,-1,-1
311,142,1971,734,136,144,1,-1,-1,-1
311,143,1003,686,225,106,1,-1,-1,-1
312,27,1435,1233,180,168,1,-1,-1,-1
312,134,1753,726,192,128,1,-1,-1,-1
312,135,1609,702,204,136,1,-1,-1,-1
312,137,1401,671,88,112,1,-1,-1,-1
312,140,1364,686,96,136,1,-1,-1,-1
312,142,1969,730,143,151,1,-1,-1,-1
312,143,986,690,214,101,1,-1,-1,-1
313,27,1435,1233,180,168,1,-1,-1,-1
313,134,1772,716,172,144,1,-1,-1,-1
313,135,1608,700,208,140,1,-1,-1,-1
313,137,1401,671,88,112,1,-1,-1,-1
313,140,1364,686,96,136,1,-1,-1,-1
313,142,1956,736,156,144,1,-1,-1,-1
313,143,1000,684,172,96,1,-1,-1,-1
313,145,32,764,268,132,1,-1,-1,-1
314,27,1443,1243,180,168,1,-1,-1,-1
314,134,1773,715,172,144,1,-1,-1,-1
314,135,1608,700,208,140,1,-1,-1,-1
314,137,1401,669,88,112,1,-1,-1,-1
314,140,1364,685,96,136,1,-1,-1,-1
314,142,1956,736,156,144,1,-1,-1,-1
314,143,993,683,172,96,1,-1,-1,-1
314,145,27,765,268,132,1,-1,-1,-1
315,27,1445,1235,180,168,1,-1,-1,-1
315,134,1774,713,172,144,1,-1,-1,-1
315,135,1610,699,208,140,1,-1,-1,-1
315,137,1401,666,88,112,1,-1,-1,-1
315,140,1365,684,96,136,1,-1,-1,-1
315,142,1957,735,156,144,1,-1,-1,-1
315,143,979,680,181,101,1,-1,-1,-1
315,145,20,765,268,132,1,-1,-1,-1
