1,0,0,468,336,620,1,-1,-1,-1
1,1,732,476,372,592,1,-1,-1,-1
1,2,1016,108,628,368,1,-1,-1,-1
1,3,52,0,524,592,1,-1,-1,-1
1,4,1296,132,612,656,1,-1,-1,-1
1,5,1928,300,632,544,1,-1,-1,-1
1,6,980,444,384,608,1,-1,-1,-1
1,7,1992,388,264,624,1,-1,-1,-1
1,8,1732,348,292,668,1,-1,-1,-1
1,9,224,492,412,584,1,-1,-1,-1
1,10,1172,424,364,592,1,-1,-1,-1
1,11,496,552,260,500,1,-1,-1,-1
2,0,0,465,336,620,1,-1,-1,-1
2,1,727,469,372,592,1,-1,-1,-1
2,2,1018,107,628,368,1,-1,-1,-1
2,3,47,0,524,588,1,-1,-1,-1
2,4,1276,119,643,689,1,-1,-1,-1
2,5,1933,292,627,544,1,-1,-1,-1
2,6,977,437,384,608,1,-1,-1,-1
2,7,1994,395,264,624,1,-1,-1,-1
2,8,1739,336,292,668,1,-1,-1,-1
2,9,225,497,412,584,1,-1,-1,-1
2,10,1165,415,364,592,1,-1,-1,-1
2,11,493,551,260,500,1,-1,-1,-1
3,0,0,466,332,620,1,-1,-1,-1
3,1,733,488,354,564,1,-1,-1,-1
3,2,1009,104,628,368,1,-1,-1,-1
3,3,47,0,524,590,1,-1,-1,-1
3,4,1293,133,612,656,1,-1,-1,-1
3,5,1932,291,628,544,1,-1,-1,-1
3,6,991,458,366,579,1,-1,-1,-1
3,7,1995,407,251,594,1,-1,-1,-1
3,8,1741,359,278,636,1,-1,-1,-1
3,9,225,491,412,584,1,-1,-1,-1
3,10,1173,434,347,564,1,-1,-1,-1
3,11,495,549,260,500,1,-1,-1,-1
4,0,0,460,329,620,1,-1,-1,-1
4,1,738,486,354,564,1,-1,-1,-1
4,2,1016,114,628,368,1,-1,-1,-1
4,3,45,0,524,590,1,-1,-1,-1
4,4,1300,123,612,656,1,-1,-1,-1
4,5,1935,293,625,544,1,-1,-1,-1
4,6,974,440,384,608,1,-1,-1,-1
4,7,2000,411,251,594,1,-1,-1,-1
4,8,1738,360,278,636,1,-1,-1,-1
4,9,225,494,412,584,1,-1,-1,-1
4,10,1183,450,330,537,1,-1,-1,-1
4,11,492,551,260,500,1,-1,-1,-1
5,0,0,458,333,620,1,-1,-1,-1
5,1,729,470,372,592,1,-1,-1,-1
5,2,1001,116,628,368,1,-1,-1,-1
5,3,43,0,524,586,1,-1,-1,-1
5,4,1302,117,612,656,1,-1,-1,-1
5,5,1933,286,627,544,1,-1,-1,-1
5,6,968,418,403,638,1,-1,-1,-1
5,7,1994,389,264,624,1,-1,-1,-1
5,8,1735,342,292,668,1,-1,-1,-1
5,9,210,475,433,613,1,-1,-1,-1
5,10,1184,445,330,537,1,-1,-1,-1
5,11,492,544,260,500,1,-1,-1,-1
6,0,0,461,333,620,1,-1,-1,-1
6,1,731,472,372,592,1,-1,-1,-1
6,2,997,108,628,368,1,-1,-1,-1
6,3,42,0,524,589,1,-1,-1,-1
6,4,1291,122,612,656,1,-1,-1,-1
6,5,1949,299,602,518,1,-1,-1,-1
6,6,979,439,384,608,1,-1,-1,-1
6,7,1987,380,277,655,1,-1,-1,-1
6,8,1734,355,292,668,1,-1,-1,-1
6,9,224,497,412,584,1,-1,-1,-1
6,10,1187,458,314,511,1,-1,-1,-1
6,11,491,546,260,500,1,-1,-1,-1
7,0,0,460,329,620,1,-1,-1,-1
7,1,733,468,372,592,1,-1,-1,-1
7,3,42,0,524,591,1,-1,-1,-1
7,4,1284,136,612,656,1,-1,-1,-1
7,5,1950,298,602,518,1,-1,-1,-1
7,8,1732,352,292,668,1,-1,-1,-1
7,9,229,507,392,556,1,-1,-1,-1
7,10,1182,450,330,537,1,-1,-1,-1
7,11,491,547,260,500,1,-1,-1,-1
8,0,0,464,332,620,1,-1,-1,-1
8,1,735,467,372,592,1,-1,-1,-1
8,3,42,0,524,591,1,-1,-1,-1
8,5,1952,297,602,518,1,-1,-1,-1
8,8,1727,352,292,668,1,-1,-1,-1
8,9,239,521,374,530,1,-1,-1,-1
8,10,1181,447,330,537,1,-1,-1,-1
8,11,488,549,260,500,1,-1,-1,-1
9,0,0,464,328,620,1,-1,-1,-1
9,1,716,468,372,576,1,-1,-1,-1
9,3,36,4,532,592,1,-1,-1,-1
9,5,1932,300,628,536,1,-1,-1,-1
9,8,1712,364,304,648,1,-1,-1,-1
9,9,228,484,364,588,1,-1,-1,-1
9,10,1164,424,368,588,1,-1,-1,-1
9,11,488,548,252,516,1,-1,-1,-1
9,12,980,108,668,376,1,-1,-1,-1
9,13,1280,144,600,640,1,-1,-1,-1
9,14,972,440,388,608,1,-1,-1,-1
9,15,1976,388,276,608,1,-1,-1,-1
9,16,1804,92,596,300,1,-1,-1,-1
10,0,6,469,328,620,1,-1,-1,-1
10,1,711,463,372,576,1,-1,-1,-1
10,3,32,3,532,592,1,-1,-1,-1
10,5,1930,306,628,536,1,-1,-1,-1
10,8,1708,359,304,648,1,-1,-1,-1
10,9,224,484,364,588,1,-1,-1,-1
10,10,1161,423,368,588,1,-1,-1,-1
10,11,487,546,252,516,1,-1,-1,-1
10,12,977,104,668,376,1,-1,-1,-1
10,13,1276,144,600,640,1,-1,-1,-1
10,14,977,440,388,608,1,-1,-1,-1
10,15,1979,391,276,608,1,-1,-1,-1
10,16,1804,88,596,300,1,-1,-1,-1
11,0,2,465,328,620,1,-1,-1,-1
11,1,720,477,354,549,1,-1,-1,-1
11,3,33,4,532,592,1,-1,-1,-1
11,5,1945,308,598,510,1,-1,-1,-1
11,8,1715,375,290,617,1,-1,-1,-1
11,9,226,483,364,588,1,-1,-1,-1
11,10,1158,426,368,588,1,-1,-1,-1
11,11,486,547,252,516,1,-1,-1,-1
11,12,973,107,668,376,1,-1,-1,-1
11,13,1279,139,600,640,1,-1,-1,-1
11,14,974,435,388,608,1,-1,-1,-1
11,15,1981,400,276,608,1,-1,-1,-1
11,16,1807,88,596,300,1,-1,-1,-1
12,0,2,465,328,620,1,-1,-1,-1
12,1,716,476,354,549,1,-1,-1,-1
12,3,29,0,532,591,1,-1,-1,-1
12,5,1947,312,598,510,1,-1,-1,-1
12,8,1716,371,290,617,1,-1,-1,-1
12,9,223,481,364,588,1,-1,-1,-1
12,10,1163,423,368,588,1,-1,-1,-1
12,11,484,547,252,516,1,-1,-1,-1
12,12,964,96,701,395,1,-1,-1,-1
12,13,1282,143,600,640,1,-1,-1,-1
12,14,976,437,388,608,1,-1,-1,-1
12,15,1977,396,276,608,1,-1,-1,-1
12,16,1804,83,596,300,1,-1,-1,-1
13,0,4,459,328,620,1,-1,-1,-1
13,1,716,481,354,549,1,-1,-1,-1
13,3,29,9,532,592,1,-1,-1,-1
13,5,1942,307,598,510,1,-1,-1,-1
13,8,1720,371,290,617,1,-1,-1,-1
13,9,221,478,364,588,1,-1,-1,-1
13,10,1156,424,368,588,1,-1,-1,-1
13,11,485,547,252,516,1,-1,-1,-1
13,13,1251,140,630,672,1,-1,-1,-1
13,14,956,426,407,638,1,-1,-1,-1
13,16,1819,92,568,286,1,-1,-1,-1
14,0,0,458,323,620,1,-1,-1,-1
14,1,711,475,354,549,1,-1,-1,-1
14,3,28,8,532,592,1,-1,-1,-1
14,5,1944,313,598,510,1,-1,-1,-1
14,8,1729,400,276,588,1,-1,-1,-1
14,9,216,478,364,588,1,-1,-1,-1
14,10,1159,426,368,588,1,-1,-1,-1
14,11,483,560,252,516,1,-1,-1,-1
14,13,1246,138,630,672,1,-1,-1,-1
14,14,969,445,388,608,1,-1,-1,-1
14,16,1816,89,568,286,1,-1,-1,-1
15,0,0,456,316,620,1,-1,-1,-1
15,1,714,475,354,549,1,-1,-1,-1
15,3,26,8,532,592,1,-1,-1,-1
15,5,1942,313,598,510,1,-1,-1,-1
15,8,1727,402,276,588,1,-1,-1,-1
15,9,215,482,364,588,1,-1,-1,-1
15,10,1159,426,368,588,1,-1,-1,-1
15,11,479,552,252,516,1,-1,-1,-1
15,14,962,438,388,608,1,-1,-1,-1
15,16,1817,90,568,286,1,-1,-1,-1
16,0,0,459,317,620,1,-1,-1,-1
16,1,705,465,354,549,1,-1,-1,-1
16,3,27,8,532,592,1,-1,-1,-1
16,5,1938,306,598,510,1,-1,-1,-1
16,9,228,500,347,560,1,-1,-1,-1
16,10,1151,423,368,588,1,-1,-1,-1
16,11,479,552,252,516,1,-1,-1,-1
16,14,963,442,388,608,1,-1,-1,-1
16,16,1817,92,568,286,1,-1,-1,-1
17,0,0,468,320,616,1,-1,-1,-1
17,1,700,476,356,544,1,-1,-1,-1
17,3,8,4,552,588,1,-1,-1,-1
17,5,1984,304,572,528,1,-1,-1,-1
17,9,212,488,376,584,1,-1,-1,-1
17,10,1164,428,360,592,1,-1,-1,-1
17,11,472,552,236,516,1,-1,-1,-1
17,14,968,448,388,596,1,-1,-1,-1
17,16,1804,96,592,384,1,-1,-1,-1
17,17,1264,196,596,600,1,-1,-1,-1
17,18,924,132,684,336,1,-1,-1,-1
17,19,1720,392,284,624,1,-1,-1,-1
17,20,1972,392,268,616,1,-1,-1,-1
17,21,340,0,228,176,1,-1,-1,-1
18,0,0,465,318,616,1,-1,-1,-1
18,1,701,490,339,518,1,-1,-1,-1
18,3,8,2,552,588,1,-1,-1,-1
18,5,1984,300,572,528,1,-1,-1,-1
18,9,215,488,376,584,1,-1,-1,-1
18,10,1164,428,360,592,1,-1,-1,-1
18,11,473,551,236,516,1,-1,-1,-1
18,14,970,444,388,596,1,-1,-1,-1
18,16,1804,94,592,384,1,-1,-1,-1
18,17,1272,201,596,600,1,-1,-1,-1
18,18,932,136,684,336,1,-1,-1,-1
18,19,1721,396,284,624,1,-1,-1,-1
18,20,1975,395,268,616,1,-1,-1,-1
18,21,341,0,228,175,1,-1,-1,-1
19,0,0,465,317,616,1,-1,-1,-1
19,1,706,495,339,518,1,-1,-1,-1
19,3,6,2,552,588,1,-1,-1,-1
19,5,1979,307,572,528,1,-1,-1,-1
19,9,205,468,395,613,1,-1,-1,-1
19,10,1169,425,360,592,1,-1,-1,-1
19,11,474,551,236,516,1,-1,-1,-1
19,14,971,445,388,596,1,-1,-1,-1
19,16,1805,92,592,384,1,-1,-1,-1
19,17,1261,176,626,630,1,-1,-1,-1
19,18,946,145,651,320,1,-1,-1,-1
19,19,1717,394,284,624,1,-1,-1,-1
19,20,1979,386,268,616,1,-1,-1,-1
19,21,342,0,228,174,1,-1,-1,-1
20,0,0,466,319,616,1,-1,-1,-1
20,1,705,501,339,518,1,-1,-1,-1
20,3,5,1,552,588,1,-1,-1,-1
20,5,1981,299,572,528,1,-1,-1,-1
20,9,192,451,415,644,1,-1,-1,-1
20,10,1174,443,343,564,1,-1,-1,-1
20,11,470,545,236,516,1,-1,-1,-1
20,14,967,443,388,596,1,-1,-1,-1
20,16,1803,90,592,384,1,-1,-1,-1
20,17,1258,176,626,630,1,-1,-1,-1
20,18,939,145,651,320,1,-1,-1,-1
20,19,1711,378,298,655,1,-1,-1,-1
20,20,1973,393,268,616,1,-1,-1,-1
20,21,342,0,228,175,1,-1,-1,-1
21,0,0,465,320,616,1,-1,-1,-1
21,1,711,500,339,518,1,-1,-1,-1
21,3,7,3,552,588,1,-1,-1,-1
21,5,1979,302,572,528,1,-1,-1,-1
21,9,204,475,395,613,1,-1,-1,-1
21,10,1164,433,360,592,1,-1,-1,-1
21,11,468,549,236,516,1,-1,-1,-1
21,14,970,443,388,596,1,-1,-1,-1
21,16,1806,91,592,384,1,-1,-1,-1
21,17,1251,181,626,630,1,-1,-1,-1
21,19,1711,394,284,624,1,-1,-1,-1
21,20,1969,394,268,616,1,-1,-1,-1
21,21,341,0,228,175,1,-1,-1,-1
22,0,0,466,319,616,1,-1,-1,-1
22,3,5,1,552,588,1,-1,-1,-1
22,5,1994,311,545,503,1,-1,-1,-1
22,9,203,473,395,613,1,-1,-1,-1
22,10,1165,431,360,592,1,-1,-1,-1
22,11,470,551,236,516,1,-1,-1,-1
22,16,1810,90,592,384,1,-1,-1,-1
22,19,1718,409,270,594,1,-1,-1,-1
22,21,342,0,228,176,1,-1,-1,-1
23,0,0,469,319,616,1,-1,-1,-1
23,3,5,0,552,587,1,-1,-1,-1
23,5,1993,309,545,503,1,-1,-1,-1
23,9,202,471,395,613,1,-1,-1,-1
23,10,1166,442,343,564,1,-1,-1,-1
23,11,468,552,236,516,1,-1,-1,-1
23,16,1797,92,592,384,1,-1,-1,-1
23,19,1724,413,270,594,1,-1,-1,-1
23,21,342,1,228,176,1,-1,-1,-1
24,0,4,470,320,616,1,-1,-1,-1
24,3,5,0,552,588,1,-1,-1,-1
24,5,1996,312,545,503,1,-1,-1,-1
24,9,203,476,395,613,1,-1,-1,-1
24,11,470,551,236,516,1,-1,-1,-1
24,16,1796,95,592,384,1,-1,-1,-1
24,19,1727,411,270,594,1,-1,-1,-1
24,21,343,0,228,176,1,-1,-1,-1
25,0,0,464,320,616,1,-1,-1,-1
25,3,24,4,536,588,1,-1,-1,-1
25,5,1996,304,528,532,1,-1,-1,-1
25,9,212,484,376,588,1,-1,-1,-1
25,11,476,552,228,516,1,-1,-1,-1
25,16,1660,88,728,404,1,-1,-1,-1
25,19,1712,320,284,692,1,-1,-1,-1
25,21,340,0,228,172,1,-1,-1,-1
25,22,616,448,732,596,1,-1,-1,-1
25,23,1148,248,704,556,1,-1,-1,-1
25,24,932,116,592,344,1,-1,-1,-1
25,25,1164,432,360,584,1,-1,-1,-1
25,26,1968,388,276,620,1,-1,-1,-1
26,0,0,468,319,616,1,-1,-1,-1
26,3,37,16,536,588,1,-1,-1,-1
26,5,2009,323,503,507,1,-1,-1,-1
26,9,211,488,376,588,1,-1,-1,-1
26,11,479,575,217,491,1,-1,-1,-1
26,16,1659,84,728,404,1,-1,-1,-1
26,21,343,3,228,172,1,-1,-1,-1
26,22,609,448,732,596,1,-1,-1,-1
26,23,1163,272,670,530,1,-1,-1,-1
26,24,931,118,592,344,1,-1,-1,-1
26,25,1169,442,360,584,1,-1,-1,-1
26,26,1970,381,276,620,1,-1,-1,-1
27,0,10,486,305,587,1,-1,-1,-1
27,3,42,21,510,560,1,-1,-1,-1
27,5,1993,310,528,532,1,-1,-1,-1
27,9,212,487,376,588,1,-1,-1,-1
27,11,478,575,217,491,1,-1,-1,-1
27,16,1655,87,728,404,1,-1,-1,-1
27,21,343,2,228,172,1,-1,-1,-1
27,22,605,447,732,596,1,-1,-1,-1
27,23,1147,242,704,556,1,-1,-1,-1
27,24,929,121,592,344,1,-1,-1,-1
27,25,1175,445,343,556,1,-1,-1,-1
27,26,1980,387,276,620,1,-1,-1,-1
28,0,6,488,305,587,1,-1,-1,-1
28,3,27,4,536,588,1,-1,-1,-1
28,5,1994,310,528,532,1,-1,-1,-1
28,9,213,487,376,588,1,-1,-1,-1
28,11,479,573,217,491,1,-1,-1,-1
28,16,1650,90,728,404,1,-1,-1,-1
28,21,343,0,228,172,1,-1,-1,-1
28,22,606,446,732,596,1,-1,-1,-1
28,23,1123,225,739,584,1,-1,-1,-1
28,24,938,127,564,328,1,-1,-1,-1
28,25,1167,433,360,584,1,-1,-1,-1
28,26,1982,403,263,590,1,-1,-1,-1
29,0,12,486,305,587,1,-1,-1,-1
29,3,26,2,536,588,1,-1,-1,-1
29,5,1997,305,528,532,1,-1,-1,-1
29,9,218,487,376,588,1,-1,-1,-1
29,16,1653,87,728,404,1,-1,-1,-1
29,21,345,1,228,172,1,-1,-1,-1
29,23,1135,234,739,584,1,-1,-1,-1
29,24,945,118,564,328,1,-1,-1,-1
29,25,1166,432,360,584,1,-1,-1,-1
29,26,1983,407,263,590,1,-1,-1,-1
30,0,1,470,320,616,1,-1,-1,-1
30,3,30,3,536,588,1,-1,-1,-1
30,5,1993,311,528,532,1,-1,-1,-1
30,9,220,497,376,588,1,-1,-1,-1
30,21,345,0,228,172,1,-1,-1,-1
30,24,942,108,564,328,1,-1,-1,-1
30,25,1178,444,343,556,1,-1,-1,-1
30,26,1975,398,276,620,1,-1,-1,-1
31,0,6,464,320,616,1,-1,-1,-1
31,3,29,3,536,588,1,-1,-1,-1
31,5,1994,309,528,532,1,-1,-1,-1
31,9,217,487,376,588,1,-1,-1,-1
31,21,346,1,228,172,1,-1,-1,-1
31,25,1174,444,343,556,1,-1,-1,-1
31,26,1975,394,276,620,1,-1,-1,-1
32,0,6,477,320,616,1,-1,-1,-1
32,3,24,3,536,588,1,-1,-1,-1
32,5,1993,311,528,532,1,-1,-1,-1
32,9,229,501,358,560,1,-1,-1,-1
32,21,346,0,228,171,1,-1,-1,-1
32,25,1174,444,343,556,1,-1,-1,-1
32,26,1974,393,276,620,1,-1,-1,-1
33,0,0,468,324,620,1,-1,-1,-1
33,3,28,4,528,584,1,-1,-1,-1
33,5,1992,308,520,540,1,-1,-1,-1
33,9,216,492,360,584,1,-1,-1,-1
33,21,346,0,228,171,1,-1,-1,-1
33,25,1168,432,352,592,1,-1,-1,-1
33,26,1976,388,276,624,1,-1,-1,-1
33,27,1652,108,720,392,1,-1,-1,-1
33,28,1188,284,648,552,1,-1,-1,-1
33,29,508,432,844,616,1,-1,-1,-1
33,30,1720,340,284,680,1,-1,-1,-1
33,31,1112,112,280,356,1,-1,-1,-1
33,32,476,556,204,516,1,-1,-1,-1
34,0,0,469,324,620,1,-1,-1,-1
34,3,29,0,528,583,1,-1,-1,-1
34,5,1986,303,520,540,1,-1,-1,-1
34,9,215,487,360,584,1,-1,-1,-1
34,21,347,0,228,172,1,-1,-1,-1
34,25,1168,434,352,592,1,-1,-1,-1
34,26,1974,388,276,624,1,-1,-1,-1
34,27,1647,106,720,392,1,-1,-1,-1
34,28,1194,282,648,552,1,-1,-1,-1
34,29,506,427,844,616,1,-1,-1,-1
34,30,1718,346,284,680,1,-1,-1,-1
34,31,1106,109,280,356,1,-1,-1,-1
34,32,473,557,204,516,1,-1,-1,-1
35,0,0,473,322,620,1,-1,-1,-1
35,3,28,1,528,584,1,-1,-1,-1
35,5,2002,320,495,514,1,-1,-1,-1
35,9,213,488,360,584,1,-1,-1,-1
35,21,347,1,228,172,1,-1,-1,-1
35,25,1162,435,352,592,1,-1,-1,-1
35,26,1974,391,276,624,1,-1,-1,-1
35,27,1647,102,720,392,1,-1,-1,-1
35,28,1192,276,648,552,1,-1,-1,-1
35,29,473,408,886,647,1,-1,-1,-1
35,30,1712,328,298,714,1,-1,-1,-1
35,31,1112,119,267,339,1,-1,-1,-1
35,32,469,554,204,516,1,-1,-1,-1
36,0,0,472,322,620,1,-1,-1,-1
36,3,23,1,528,584,1,-1,-1,-1
36,5,1989,307,520,540,1,-1,-1,-1
36,9,207,488,360,584,1,-1,-1,-1
36,21,348,1,228,172,1,-1,-1,-1
36,25,1152,415,370,622,1,-1,-1,-1
36,26,1975,396,276,624,1,-1,-1,-1
36,27,1648,99,720,392,1,-1,-1,-1
36,28,1184,282,648,552,1,-1,-1,-1
36,29,501,422,844,616,1,-1,-1,-1
36,30,1715,327,298,714,1,-1,-1,-1
36,31,1110,122,267,339,1,-1,-1,-1
36,32,467,552,204,516,1,-1,-1,-1
37,0,0,463,332,651,1,-1,-1,-1
37,3,26,2,528,584,1,-1,-1,-1
37,5,1985,304,520,540,1,-1,-1,-1
37,9,212,495,360,584,1,-1,-1,-1
37,21,348,1,228,172,1,-1,-1,-1
37,25,1162,421,370,622,1,-1,-1,-1
37,26,1981,397,276,624,1,-1,-1,-1
37,27,1642,103,720,392,1,-1,-1,-1
37,28,1191,276,648,552,1,-1,-1,-1
37,29,473,409,886,647,1,-1,-1,-1
37,30,1715,320,298,714,1,-1,-1,-1
37,31,1113,118,267,339,1,-1,-1,-1
38,0,0,459,328,651,1,-1,-1,-1
38,3,25,0,528,584,1,-1,-1,-1
38,5,1999,322,495,514,1,-1,-1,-1
38,9,201,486,360,584,1,-1,-1,-1
38,21,347,0,228,172,1,-1,-1,-1
38,25,1157,422,370,622,1,-1,-1,-1
38,26,1981,396,276,624,1,-1,-1,-1
38,28,1184,285,648,552,1,-1,-1,-1
38,31,1106,109,280,356,1,-1,-1,-1
39,0,0,454,330,651,1,-1,-1,-1
39,3,24,2,528,584,1,-1,-1,-1
39,5,1993,320,495,514,1,-1,-1,-1
39,9,194,488,360,584,1,-1,-1,-1
39,21,348,0,228,171,1,-1,-1,-1
39,25,1165,414,370,622,1,-1,-1,-1
39,26,1980,403,276,624,1,-1,-1,-1
39,28,1188,293,648,552,1,-1,-1,-1
39,31,1106,107,280,356,1,-1,-1,-1
40,0,0,457,330,651,1,-1,-1,-1
40,3,26,2,528,584,1,-1,-1,-1
40,5,1996,315,495,514,1,-1,-1,-1
40,9,200,490,360,584,1,-1,-1,-1
40,21,349,1,228,172,1,-1,-1,-1
40,25,1165,412,370,622,1,-1,-1,-1
40,28,1199,289,648,552,1,-1,-1,-1
40,31,1115,119,267,339,1,-1,-1,-1
41,0,0,468,320,620,1,-1,-1,-1
41,3,52,4,508,508,1,-1,-1,-1
41,5,1984,296,528,540,1,-1,-1,-1
41,9,216,488,356,584,1,-1,-1,-1
41,21,349,1,228,172,1,-1,-1,-1
41,25,1168,432,376,588,1,-1,-1,-1
41,28,1236,292,480,544,1,-1,-1,-1
41,31,1132,96,248,364,1,-1,-1,-1
41,33,1652,104,700,396,1,-1,-1,-1
41,34,412,412,616,616,1,-1,-1,-1
41,35,1008,452,344,592,1,-1,-1,-1
41,36,1660,320,336,696,1,-1,-1,-1
41,37,1972,392,268,612,1,-1,-1,-1
42,0,0,469,318,620,1,-1,-1,-1
42,3,52,6,508,508,1,-1,-1,-1
42,5,1989,296,528,540,1,-1,-1,-1
42,9,216,487,356,584,1,-1,-1,-1
42,21,350,1,228,172,1,-1,-1,-1
42,25,1167,432,376,588,1,-1,-1,-1
42,28,1236,295,480,544,1,-1,-1,-1
42,31,1132,93,248,364,1,-1,-1,-1
42,33,1650,103,700,396,1,-1,-1,-1
42,34,406,408,616,616,1,-1,-1,-1
42,35,1006,449,344,592,1,-1,-1,-1
42,36,1662,319,336,696,1,-1,-1,-1
42,37,1974,394,268,612,1,-1,-1,-1
43,0,0,470,318,620,1,-1,-1,-1
43,3,52,7,508,508,1,-1,-1,-1
43,5,1995,308,503,514,1,-1,-1,-1
43,9,214,486,356,584,1,-1,-1,-1
43,21,350,1,228,172,1,-1,-1,-1
43,25,1165,428,376,588,1,-1,-1,-1
43,28,1240,296,480,544,1,-1,-1,-1
43,31,1131,91,248,364,1,-1,-1,-1
43,33,1647,98,700,396,1,-1,-1,-1
43,34,391,406,616,616,1,-1,-1,-1
43,35,1007,450,344,592,1,-1,-1,-1
43,36,1661,320,336,696,1,-1,-1,-1
43,37,1976,397,268,612,1,-1,-1,-1
44,0,0,472,318,620,1,-1,-1,-1
44,3,51,6,508,508,1,-1,-1,-1
44,5,1983,295,528,540,1,-1,-1,-1
44,9,210,481,356,584,1,-1,-1,-1
44,21,350,0,228,171,1,-1,-1,-1
44,25,1159,430,376,588,1,-1,-1,-1
44,28,1242,293,480,544,1,-1,-1,-1
44,31,1130,91,248,364,1,-1,-1,-1
44,33,1651,102,700,396,1,-1,-1,-1
44,34,404,416,587,587,1,-1,-1,-1
44,35,1009,446,344,592,1,-1,-1,-1
44,36,1661,323,336,696,1,-1,-1,-1
44,37,1975,393,268,612,1,-1,-1,-1
45,0,0,451,321,651,1,-1,-1,-1
45,3,50,7,508,508,1,-1,-1,-1
45,5,1986,294,528,540,1,-1,-1,-1
45,9,215,492,356,584,1,-1,-1,-1
45,21,348,0,228,172,1,-1,-1,-1
45,25,1174,442,358,560,1,-1,-1,-1
45,28,1239,291,480,544,1,-1,-1,-1
45,31,1131,92,248,364,1,-1,-1,-1
45,33,1649,102,700,396,1,-1,-1,-1
45,34,410,421,559,559,1,-1,-1,-1
45,35,997,430,361,622,1,-1,-1,-1
45,36,1664,324,336,696,1,-1,-1,-1
45,37,1971,383,281,643,1,-1,-1,-1
46,0,0,449,319,651,1,-1,-1,-1
46,3,52,8,508,508,1,-1,-1,-1
46,5,1996,306,503,514,1,-1,-1,-1
46,9,213,488,356,584,1,-1,-1,-1
46,21,348,1,228,172,1,-1,-1,-1
46,25,1161,436,376,588,1,-1,-1,-1
46,28,1234,300,480,544,1,-1,-1,-1
46,31,1129,90,248,364,1,-1,-1,-1
46,33,1645,101,700,396,1,-1,-1,-1
46,34,386,414,587,587,1,-1,-1,-1
46,35,994,436,361,622,1,-1,-1,-1
46,36,1658,323,336,696,1,-1,-1,-1
47,0,0,459,325,651,1,-1,-1,-1
47,3,50,5,508,508,1,-1,-1,-1
47,5,1989,294,528,540,1,-1,-1,-1
47,9,211,488,356,584,1,-1,-1,-1
47,21,349,1,228,172,1,-1,-1,-1
47,25,1169,453,376,588,1,-1,-1,-1
47,28,1244,316,457,518,1,-1,-1,-1
47,31,1122,87,248,364,1,-1,-1,-1
47,33,1654,106,700,396,1,-1,-1,-1
47,34,379,414,587,587,1,-1,-1,-1
47,35,991,439,361,622,1,-1,-1,-1
47,36,1664,330,336,696,1,-1,-1,-1
48,0,0,457,329,651,1,-1,-1,-1
48,3,53,8,508,508,1,-1,-1,-1
48,5,1988,292,528,540,1,-1,-1,-1
48,9,210,488,356,584,1,-1,-1,-1
48,21,349,0,228,172,1,-1,-1,-1
48,25,1161,439,376,588,1,-1,-1,-1
48,28,1246,311,457,518,1,-1,-1,-1
48,31,1119,90,248,364,1,-1,-1,-1
48,33,1647,104,700,396,1,-1,-1,-1
48,34,379,414,587,587,1,-1,-1,-1
48,36,1657,328,336,696,1,-1,-1,-1
49,0,0,480,312,596,1,-1,-1,-1
49,3,52,4,516,512,1,-1,-1,-1
49,5,1972,256,544,584,1,-1,-1,-1
49,9,212,484,368,584,1,-1,-1,-1
49,21,349,0,228,172,1,-1,-1,-1
49,25,1164,428,352,584,1,-1,-1,-1
49,28,1280,312,440,556,1,-1,-1,-1
49,31,1100,84,264,384,1,-1,-1,-1
49,33,1660,108,688,384,1,-1,-1,-1
49,34,396,376,628,584,1,-1,-1,-1
49,36,1688,384,312,632,1,-1,-1,-1
49,38,992,448,360,596,1,-1,-1,-1
49,39,1976,396,284,612,1,-1,-1,-1
49,40,472,556,228,512,1,-1,-1,-1
50,0,4,480,312,596,1,-1,-1,-1
50,3,48,4,516,512,1,-1,-1,-1
50,5,1970,255,544,584,1,-1,-1,-1
50,9,215,485,368,584,1,-1,-1,-1
50,21,351,0,228,171,1,-1,-1,-1
50,25,1165,428,352,584,1,-1,-1,-1
50,28,1280,321,440,556,1,-1,-1,-1
50,31,1100,81,264,384,1,-1,-1,-1
50,33,1656,107,688,384,1,-1,-1,-1
50,34,391,377,628,584,1,-1,-1,-1
50,36,1689,376,312,632,1,-1,-1,-1
50,38,993,454,360,596,1,-1,-1,-1
50,39,1973,399,284,612,1,-1,-1,-1
50,40,478,558,228,512,1,-1,-1,-1
51,0,4,478,312,596,1,-1,-1,-1
51,3,50,3,516,512,1,-1,-1,-1
51,5,1969,250,544,584,1,-1,-1,-1
51,9,214,487,368,584,1,-1,-1,-1
51,21,352,0,228,170,1,-1,-1,-1
51,25,1169,430,352,584,1,-1,-1,-1
51,28,1279,319,440,556,1,-1,-1,-1
51,31,1097,82,264,384,1,-1,-1,-1
51,33,1657,105,688,384,1,-1,-1,-1
51,34,389,382,628,584,1,-1,-1,-1
51,36,1684,375,312,632,1,-1,-1,-1
51,38,989,453,360,596,1,-1,-1,-1
51,39,1974,395,284,612,1,-1,-1,-1
51,40,477,549,228,512,1,-1,-1,-1
52,0,0,472,321,626,1,-1,-1,-1
52,3,49,5,516,512,1,-1,-1,-1
52,5,1967,251,544,584,1,-1,-1,-1
52,9,227,504,350,556,1,-1,-1,-1
52,21,351,0,228,170,1,-1,-1,-1
52,25,1175,439,335,556,1,-1,-1,-1
52,28,1279,320,440,556,1,-1,-1,-1
52,31,1094,77,264,384,1,-1,-1,-1
52,33,1657,107,688,384,1,-1,-1,-1
52,34,403,395,598,556,1,-1,-1,-1
52,36,1683,376,312,632,1,-1,-1,-1
52,38,990,443,360,596,1,-1,-1,-1
52,39,1974,396,284,612,1,-1,-1,-1
52,40,486,563,217,488,1,-1,-1,-1
53,0,0,465,319,626,1,-1,-1,-1
53,3,52,1,516,512,1,-1,-1,-1
53,5,1968,250,544,584,1,-1,-1,-1
53,9,220,492,350,556,1,-1,-1,-1
53,21,352,0,228,169,1,-1,-1,-1
53,25,1175,440,335,556,1,-1,-1,-1
53,28,1278,322,440,556,1,-1,-1,-1
53,31,1093,71,264,384,1,-1,-1,-1
53,33,1656,105,688,384,1,-1,-1,-1
53,34,396,394,598,556,1,-1,-1,-1
53,36,1685,369,312,632,1,-1,-1,-1
53,38,989,451,360,596,1,-1,-1,-1
53,39,1975,396,284,612,1,-1,-1,-1
54,3,48,2,516,512,1,-1,-1,-1
54,5,1973,251,544,584,1,-1,-1,-1
54,21,350,0,228,169,1,-1,-1,-1
54,25,1177,443,335,556,1,-1,-1,-1
54,28,1285,341,419,530,1,-1,-1,-1
54,31,1080,64,277,403,1,-1,-1,-1
54,33,1657,105,688,384,1,-1,-1,-1
54,34,390,388,598,556,1,-1,-1,-1
54,36,1677,365,312,632,1,-1,-1,-1
54,38,988,454,360,596,1,-1,-1,-1
54,39,1970,399,284,612,1,-1,-1,-1
55,3,49,4,516,512,1,-1,-1,-1
55,5,1975,251,544,584,1,-1,-1,-1
55,21,351,0,228,170,1,-1,-1,-1
55,25,1176,449,335,556,1,-1,-1,-1
55,28,1285,341,419,530,1,-1,-1,-1
55,31,1077,67,277,403,1,-1,-1,-1
55,33,1653,105,688,384,1,-1,-1,-1
55,34,380,388,598,556,1,-1,-1,-1
55,38,986,456,360,596,1,-1,-1,-1
55,39,1970,396,284,612,1,-1,-1,-1
56,3,50,5,516,512,1,-1,-1,-1
56,5,1977,250,544,584,1,-1,-1,-1
56,21,351,0,228,172,1,-1,-1,-1
56,28,1301,352,399,504,1,-1,-1,-1
56,31,1074,67,277,403,1,-1,-1,-1
56,33,1672,116,655,366,1,-1,-1,-1
56,34,381,380,598,556,1,-1,-1,-1
56,38,989,454,360,596,1,-1,-1,-1
56,39,1972,398,284,612,1,-1,-1,-1
57,3,48,4,516,504,1,-1,-1,-1
57,5,1960,252,556,584,1,-1,-1,-1
57,21,352,0,228,180,1,-1,-1,-1
57,28,1368,348,404,620,1,-1,-1,-1
57,31,1064,60,320,420,1,-1,-1,-1
57,33,1660,104,688,380,1,-1,-1,-1
57,34,404,344,584,612,1,-1,-1,-1
57,38,972,444,380,604,1,-1,-1,-1
57,39,1972,372,272,636,1,-1,-1,-1
57,41,0,472,476,576,1,-1,-1,-1
57,42,1152,428,360,600,1,-1,-1,-1
57,43,1712,308,284,704,1,-1,-1,-1
57,44,256,532,488,520,1,-1,-1,-1
57,45,1368,292,472,272,1,-1,-1,-1
58,3,50,5,516,504,1,-1,-1,-1
58,5,1962,249,556,584,1,-1,-1,-1
58,21,351,1,228,180,1,-1,-1,-1
58,28,1367,349,404,620,1,-1,-1,-1
58,31,1063,60,320,420,1,-1,-1,-1
58,33,1661,103,688,380,1,-1,-1,-1
58,34,395,343,584,612,1,-1,-1,-1
58,38,972,445,380,604,1,-1,-1,-1
58,39,1973,374,272,636,1,-1,-1,-1
58,41,12,460,476,576,1,-1,-1,-1
58,42,1153,431,360,600,1,-1,-1,-1
58,43,1713,310,284,704,1,-1,-1,-1
58,44,257,521,488,520,1,-1,-1,-1
58,45,1374,293,472,272,1,-1,-1,-1
59,3,47,0,516,502,1,-1,-1,-1
59,5,1960,247,556,584,1,-1,-1,-1
59,21,353,0,228,180,1,-1,-1,-1
59,28,1375,347,404,620,1,-1,-1,-1
59,31,1058,54,320,420,1,-1,-1,-1
59,33,1658,103,688,380,1,-1,-1,-1
59,34,391,341,584,612,1,-1,-1,-1
59,38,968,444,380,604,1,-1,-1,-1
59,39,1973,370,272,636,1,-1,-1,-1
59,41,20,472,453,549,1,-1,-1,-1
59,42,1154,434,360,600,1,-1,-1,-1
59,43,1710,322,284,704,1,-1,-1,-1
59,44,264,517,488,520,1,-1,-1,-1
59,45,1370,293,472,272,1,-1,-1,-1
60,3,45,0,516,500,1,-1,-1,-1
60,5,1959,246,556,584,1,-1,-1,-1
60,21,354,0,228,180,1,-1,-1,-1
60,28,1378,347,404,620,1,-1,-1,-1
60,31,1054,58,320,420,1,-1,-1,-1
60,33,1658,106,688,380,1,-1,-1,-1
60,34,388,348,584,612,1,-1,-1,-1
60,38,968,452,380,604,1,-1,-1,-1
60,39,1976,368,272,636,1,-1,-1,-1
60,41,31,465,453,549,1,-1,-1,-1
60,42,1154,432,360,600,1,-1,-1,-1
60,43,1721,339,270,670,1,-1,-1,-1
60,44,269,522,488,520,1,-1,-1,-1
60,45,1374,292,472,272,1,-1,-1,-1
61,3,47,4,516,504,1,-1,-1,-1
61,5,1962,247,556,584,1,-1,-1,-1
61,21,353,0,228,180,1,-1,-1,-1
61,28,1375,348,404,620,1,-1,-1,-1
61,31,1045,47,336,441,1,-1,-1,-1
61,33,1661,101,688,380,1,-1,-1,-1
61,34,391,347,584,612,1,-1,-1,-1
61,38,977,456,362,575,1,-1,-1,-1
61,39,1978,371,272,636,1,-1,-1,-1
61,41,55,465,453,549,1,-1,-1,-1
61,42,1153,432,360,600,1,-1,-1,-1
61,43,1714,318,284,704,1,-1,-1,-1
61,44,270,526,488,520,1,-1,-1,-1
61,45,1375,298,472,272,1,-1,-1,-1
62,3,46,2,516,504,1,-1,-1,-1
62,5,1964,246,556,584,1,-1,-1,-1
62,21,352,0,228,179,1,-1,-1,-1
62,28,1370,339,424,651,1,-1,-1,-1
62,31,1040,53,336,441,1,-1,-1,-1
62,33,1660,104,688,380,1,-1,-1,-1
62,34,382,345,584,612,1,-1,-1,-1
62,38,980,460,362,575,1,-1,-1,-1
62,39,1979,382,272,636,1,-1,-1,-1
62,42,1157,437,360,600,1,-1,-1,-1
62,43,1704,298,298,739,1,-1,-1,-1
62,45,1383,302,472,272,1,-1,-1,-1
63,3,35,0,542,518,1,-1,-1,-1
63,5,1966,251,556,584,1,-1,-1,-1
63,21,353,0,228,180,1,-1,-1,-1
63,31,1041,53,336,441,1,-1,-1,-1
63,33,1659,105,688,380,1,-1,-1,-1
63,34,372,342,584,612,1,-1,-1,-1
63,38,971,442,380,604,1,-1,-1,-1
63,39,1978,384,272,636,1,-1,-1,-1
63,42,1147,414,378,630,1,-1,-1,-1
63,45,1399,309,450,259,1,-1,-1,-1
64,3,34,0,542,521,1,-1,-1,-1
64,5,1963,252,556,584,1,-1,-1,-1
64,21,353,0,228,180,1,-1,-1,-1
64,31,1039,53,336,441,1,-1,-1,-1
64,33,1658,105,688,380,1,-1,-1,-1
64,34,367,333,584,612,1,-1,-1,-1
64,38,972,440,380,604,1,-1,-1,-1
64,39,1976,372,272,636,1,-1,-1,-1
64,42,1154,427,360,600,1,-1,-1,-1
65,3,56,4,532,496,1,-1,-1,-1
65,5,1956,252,564,588,1,-1,-1,-1
65,21,356,0,228,192,1,-1,-1,-1
65,31,1020,60,312,416,1,-1,-1,-1
65,33,1660,96,688,376,1,-1,-1,-1
65,34,500,248,488,660,1,-1,-1,-1
65,38,952,444,404,608,1,-1,-1,-1
65,39,1972,372,276,640,1,-1,-1,-1
65,42,1152,432,376,600,1,-1,-1,-1
65,46,1396,404,420,580,1,-1,-1,-1
65,47,0,232,192,692,1,-1,-1,-1
65,48,1712,316,284,704,1,-1,-1,-1
65,49,144,448,528,500,1,-1,-1,-1
65,50,1364,288,488,252,1,-1,-1,-1
66,3,58,3,532,496,1,-1,-1,-1
66,5,1955,248,564,588,1,-1,-1,-1
66,21,359,1,228,192,1,-1,-1,-1
66,31,1018,63,312,416,1,-1,-1,-1
66,33,1663,96,688,376,1,-1,-1,-1
66,34,493,244,488,660,1,-1,-1,-1
66,38,952,444,404,608,1,-1,-1,-1
66,39,1974,374,276,640,1,-1,-1,-1
66,42,1160,452,358,571,1,-1,-1,-1
66,46,1394,404,420,580,1,-1,-1,-1
66,47,0,217,191,692,1,-1,-1,-1
66,48,1713,321,284,704,1,-1,-1,-1
66,49,143,437,528,500,1,-1,-1,-1
66,50,1363,290,488,252,1,-1,-1,-1
67,3,56,2,532,496,1,-1,-1,-1
67,5,1954,247,564,588,1,-1,-1,-1
67,21,359,1,228,192,1,-1,-1,-1
67,31,1015,58,312,416,1,-1,-1,-1
67,33,1661,98,688,376,1,-1,-1,-1
67,34,495,253,465,629,1,-1,-1,-1
67,38,953,448,404,608,1,-1,-1,-1
67,39,1974,376,276,640,1,-1,-1,-1
67,42,1167,449,358,571,1,-1,-1,-1
67,46,1391,391,441,609,1,-1,-1,-1
67,47,0,226,180,692,1,-1,-1,-1
67,48,1716,324,284,704,1,-1,-1,-1
67,49,133,436,528,500,1,-1,-1,-1
67,50,1366,289,488,252,1,-1,-1,-1
68,3,55,1,532,496,1,-1,-1,-1
68,5,1954,246,564,588,1,-1,-1,-1
68,21,358,2,228,192,1,-1,-1,-1
68,31,1015,60,312,416,1,-1,-1,-1
68,33,1663,98,688,376,1,-1,-1,-1
68,34,473,243,488,660,1,-1,-1,-1
68,38,949,445,404,608,1,-1,-1,-1
68,39,1972,378,276,640,1,-1,-1,-1
68,42,1159,456,358,571,1,-1,-1,-1
68,46,1389,398,441,609,1,-1,-1,-1
68,47,0,200,188,727,1,-1,-1,-1
68,48,1723,334,270,670,1,-1,-1,-1
68,49,129,429,528,500,1,-1,-1,-1
68,50,1366,292,488,252,1,-1,-1,-1
69,3,53,5,532,496,1,-1,-1,-1
69,5,1951,247,564,588,1,-1,-1,-1
69,21,357,2,228,192,1,-1,-1,-1
69,31,1013,61,312,416,1,-1,-1,-1
69,33,1660,95,688,376,1,-1,-1,-1
69,34,483,239,488,660,1,-1,-1,-1
69,38,961,467,385,579,1,-1,-1,-1
69,39,1966,356,290,672,1,-1,-1,-1
69,42,1160,458,358,571,1,-1,-1,-1
69,46,1389,404,441,609,1,-1,-1,-1
69,48,1716,327,284,704,1,-1,-1,-1
69,49,106,409,554,525,1,-1,-1,-1
69,50,1366,287,488,252,1,-1,-1,-1
70,3,56,2,532,496,1,-1,-1,-1
70,5,1940,233,592,617,1,-1,-1,-1
70,21,359,2,228,192,1,-1,-1,-1
70,31,1012,59,312,416,1,-1,-1,-1
70,33,1658,98,688,376,1,-1,-1,-1
70,38,957,461,385,579,1,-1,-1,-1
70,39,1975,369,276,640,1,-1,-1,-1
70,46,1412,437,420,580,1,-1,-1,-1
70,48,1711,301,298,739,1,-1,-1,-1
70,50,1376,294,488,252,1,-1,-1,-1
71,3,62,3,532,496,1,-1,-1,-1
71,5,1951,245,564,588,1,-1,-1,-1
71,21,360,2,228,192,1,-1,-1,-1
71,31,1012,57,312,416,1,-1,-1,-1
71,33,1664,96,688,376,1,-1,-1,-1
71,38,960,463,385,579,1,-1,-1,-1
71,39,1972,371,276,640,1,-1,-1,-1
71,48,1707,324,298,739,1,-1,-1,-1
71,50,1373,295,488,252,1,-1,-1,-1
72,3,58,5,532,496,1,-1,-1,-1
72,5,1937,231,592,617,1,-1,-1,-1
72,21,360,2,228,192,1,-1,-1,-1
72,31,1018,75,297,396,1,-1,-1,-1
72,33,1653,95,688,376,1,-1,-1,-1
72,38,956,457,385,579,1,-1,-1,-1
72,39,1974,369,276,640,1,-1,-1,-1
72,50,1384,302,465,240,1,-1,-1,-1
73,3,172,4,392,464,1,-1,-1,-1
73,5,1960,252,560,592,1,-1,-1,-1
73,21,360,0,228,176,1,-1,-1,-1
73,31,1020,56,308,416,1,-1,-1,-1
73,33,1656,100,688,388,1,-1,-1,-1
73,38,948,444,408,604,1,-1,-1,-1
73,39,1972,376,272,636,1,-1,-1,-1
73,50,1356,300,484,268,1,-1,-1,-1
73,51,260,448,500,528,1,-1,-1,-1
73,52,1404,408,464,612,1,-1,-1,-1
73,53,1140,432,476,568,1,-1,-1,-1
73,54,1716,312,288,712,1,-1,-1,-1
73,55,0,292,616,600,1,-1,-1,-1
73,56,520,220,288,648,1,-1,-1,-1
74,3,177,1,392,464,1,-1,-1,-1
74,5,1960,252,560,592,1,-1,-1,-1
74,21,360,0,228,176,1,-1,-1,-1
74,31,1021,58,308,416,1,-1,-1,-1
74,33,1657,104,688,388,1,-1,-1,-1
74,38,950,445,408,604,1,-1,-1,-1
74,39,1972,378,272,636,1,-1,-1,-1
74,50,1354,296,484,268,1,-1,-1,-1
74,51,258,445,500,528,1,-1,-1,-1
74,52,1408,414,464,612,1,-1,-1,-1
74,53,1141,432,476,568,1,-1,-1,-1
74,54,1716,310,288,712,1,-1,-1,-1
74,55,0,296,613,600,1,-1,-1,-1
74,56,510,211,288,648,1,-1,-1,-1
75,3,181,9,373,442,1,-1,-1,-1
75,5,1960,255,560,592,1,-1,-1,-1
75,21,360,1,228,176,1,-1,-1,-1
75,31,1022,55,308,416,1,-1,-1,-1
75,33,1652,99,688,388,1,-1,-1,-1
75,38,950,445,408,604,1,-1,-1,-1
75,39,1972,378,272,636,1,-1,-1,-1
75,50,1348,298,484,268,1,-1,-1,-1
75,51,252,446,500,528,1,-1,-1,-1
75,52,1421,436,442,583,1,-1,-1,-1
75,53,1144,433,476,568,1,-1,-1,-1
75,54,1718,312,288,712,1,-1,-1,-1
75,55,0,288,612,600,1,-1,-1,-1
75,56,510,208,288,648,1,-1,-1,-1
76,3,184,9,373,442,1,-1,-1,-1
76,5,1956,252,560,592,1,-1,-1,-1
76,21,359,1,228,176,1,-1,-1,-1
76,31,1024,55,308,416,1,-1,-1,-1
76,33,1645,95,688,388,1,-1,-1,-1
76,38,950,444,408,604,1,-1,-1,-1
76,39,1974,381,272,636,1,-1,-1,-1
76,50,1362,302,461,255,1,-1,-1,-1
76,51,250,449,500,528,1,-1,-1,-1
76,52,1424,439,442,583,1,-1,-1,-1
76,53,1144,433,476,568,1,-1,-1,-1
76,54,1715,315,288,712,1,-1,-1,-1
76,55,0,281,635,630,1,-1,-1,-1
76,56,505,189,302,680,1,-1,-1,-1
77,3,180,8,373,442,1,-1,-1,-1
77,5,1961,255,560,592,1,-1,-1,-1
77,21,360,1,228,176,1,-1,-1,-1
77,31,1024,54,308,416,1,-1,-1,-1
77,33,1672,104,655,370,1,-1,-1,-1
77,38,953,445,408,604,1,-1,-1,-1
77,39,1979,374,272,636,1,-1,-1,-1
77,50,1361,300,461,255,1,-1,-1,-1
77,51,256,445,500,528,1,-1,-1,-1
77,52,1409,416,464,612,1,-1,-1,-1
77,53,1147,434,476,568,1,-1,-1,-1
77,54,1716,306,288,712,1,-1,-1,-1
77,55,0,284,646,630,1,-1,-1,-1
78,3,167,0,392,459,1,-1,-1,-1
78,5,1961,254,560,592,1,-1,-1,-1
78,21,358,0,228,176,1,-1,-1,-1
78,31,1026,55,308,416,1,-1,-1,-1
78,33,1672,105,655,370,1,-1,-1,-1
78,38,955,457,408,604,1,-1,-1,-1
78,39,1968,358,286,668,1,-1,-1,-1
78,50,1360,299,461,255,1,-1,-1,-1
78,53,1148,438,476,568,1,-1,-1,-1
78,54,1719,322,274,678,1,-1,-1,-1
78,55,12,295,647,630,1,-1,-1,-1
79,3,161,1,392,464,1,-1,-1,-1
79,5,1963,256,560,592,1,-1,-1,-1
79,21,358,1,228,176,1,-1,-1,-1
79,31,1024,56,308,416,1,-1,-1,-1
79,38,956,450,408,604,1,-1,-1,-1
79,39,1963,351,286,668,1,-1,-1,-1
79,50,1361,304,461,255,1,-1,-1,-1
79,53,1149,435,476,568,1,-1,-1,-1
79,55,0,278,639,630,1,-1,-1,-1
80,3,171,18,373,442,1,-1,-1,-1
80,5,1959,260,560,592,1,-1,-1,-1
80,21,359,3,228,176,1,-1,-1,-1
80,31,1026,55,308,416,1,-1,-1,-1
80,38,953,445,408,604,1,-1,-1,-1
80,50,1364,301,461,255,1,-1,-1,-1
80,53,1160,456,453,541,1,-1,-1,-1
81,3,264,0,248,496,1,-1,-1,-1
81,5,1960,252,564,596,1,-1,-1,-1
81,21,359,3,228,176,1,-1,-1,-1
81,31,1024,60,304,424,1,-1,-1,-1
81,38,932,448,428,600,1,-1,-1,-1
81,50,1360,288,480,276,1,-1,-1,-1
81,53,1152,444,488,588,1,-1,-1,-1
81,57,396,348,408,628,1,-1,-1,-1
81,58,28,228,372,604,1,-1,-1,-1
81,59,1656,108,688,388,1,-1,-1,-1
81,60,544,176,260,436,1,-1,-1,-1
81,61,1416,388,452,640,1,-1,-1,-1
81,62,1712,308,284,716,1,-1,-1,-1
81,63,1972,356,272,656,1,-1,-1,-1
82,3,262,0,248,496,1,-1,-1,-1
82,5,1958,248,564,596,1,-1,-1,-1
82,21,359,4,228,176,1,-1,-1,-1
82,31,1024,59,304,424,1,-1,-1,-1
82,38,933,447,428,600,1,-1,-1,-1
82,50,1360,289,480,276,1,-1,-1,-1
82,53,1152,445,488,588,1,-1,-1,-1
82,57,397,340,408,628,1,-1,-1,-1
82,58,25,225,372,604,1,-1,-1,-1
82,59,1653,111,688,388,1,-1,-1,-1
82,60,545,169,260,436,1,-1,-1,-1
82,61,1420,385,452,640,1,-1,-1,-1
82,62,1712,309,284,716,1,-1,-1,-1
82,63,1971,353,272,656,1,-1,-1,-1
83,3,259,0,248,494,1,-1,-1,-1
83,5,1959,245,564,596,1,-1,-1,-1
83,21,360,5,228,176,1,-1,-1,-1
83,31,1024,61,304,424,1,-1,-1,-1
83,38,933,447,428,600,1,-1,-1,-1
83,50,1360,289,480,276,1,-1,-1,-1
83,53,1152,446,488,588,1,-1,-1,-1
83,57,399,358,389,598,1,-1,-1,-1
83,58,25,228,372,604,1,-1,-1,-1
83,59,1664,105,688,388,1,-1,-1,-1
83,60,549,174,248,415,1,-1,-1,-1
83,61,1424,389,452,640,1,-1,-1,-1
83,62,1711,312,284,716,1,-1,-1,-1
83,63,1971,348,272,656,1,-1,-1,-1
84,3,261,0,248,489,1,-1,-1,-1
84,5,1957,251,564,596,1,-1,-1,-1
84,21,360,6,228,176,1,-1,-1,-1
84,31,1026,59,304,424,1,-1,-1,-1
84,38,934,448,428,600,1,-1,-1,-1
84,50,1360,290,480,276,1,-1,-1,-1
84,53,1151,448,488,588,1,-1,-1,-1
84,57,405,374,370,570,1,-1,-1,-1
84,58,21,221,372,604,1,-1,-1,-1
84,59,1658,115,688,388,1,-1,-1,-1
84,60,555,163,248,415,1,-1,-1,-1
84,61,1425,386,452,640,1,-1,-1,-1
84,62,1703,295,298,752,1,-1,-1,-1
84,63,1977,339,272,656,1,-1,-1,-1
85,3,263,0,236,467,1,-1,-1,-1
85,5,1964,250,564,596,1,-1,-1,-1
85,21,364,3,228,176,1,-1,-1,-1
85,31,1028,61,304,424,1,-1,-1,-1
85,38,935,444,428,600,1,-1,-1,-1
85,50,1363,289,480,276,1,-1,-1,-1
85,53,1153,434,488,588,1,-1,-1,-1
85,57,416,382,352,542,1,-1,-1,-1
85,58,17,216,372,604,1,-1,-1,-1
85,59,1663,110,688,388,1,-1,-1,-1
85,60,554,157,248,415,1,-1,-1,-1
85,61,1426,384,452,640,1,-1,-1,-1
85,62,1701,286,298,752,1,-1,-1,-1
85,63,1976,367,272,656,1,-1,-1,-1
86,5,1958,249,564,596,1,-1,-1,-1
86,21,367,2,228,176,1,-1,-1,-1
86,31,1026,62,304,424,1,-1,-1,-1
86,38,935,446,428,600,1,-1,-1,-1
86,50,1360,287,480,276,1,-1,-1,-1
86,53,1151,434,488,588,1,-1,-1,-1
86,58,8,194,391,634,1,-1,-1,-1
86,61,1425,386,452,640,1,-1,-1,-1
86,63,1970,336,286,689,1,-1,-1,-1
87,5,1958,250,564,596,1,-1,-1,-1
87,21,367,7,228,176,1,-1,-1,-1
87,31,1027,63,304,424,1,-1,-1,-1
87,38,936,450,428,600,1,-1,-1,-1
87,50,1354,284,480,276,1,-1,-1,-1
87,53,1156,435,488,588,1,-1,-1,-1
87,58,0,192,391,634,1,-1,-1,-1
87,63,1972,334,286,689,1,-1,-1,-1
88,5,1960,250,564,596,1,-1,-1,-1
88,31,1037,68,290,404,1,-1,-1,-1
88,38,936,442,428,600,1,-1,-1,-1
88,50,1357,282,480,276,1,-1,-1,-1
88,53,1156,441,488,588,1,-1,-1,-1
88,63,1969,340,286,689,1,-1,-1,-1
89,5,1952,252,572,592,1,-1,-1,-1
89,31,1020,56,308,424,1,-1,-1,-1
89,38,924,444,428,608,1,-1,-1,-1
89,50,1357,282,480,276,1,-1,-1,-1
89,53,1160,440,500,588,1,-1,-1,-1
89,63,1964,384,280,628,1,-1,-1,-1
89,64,1656,100,684,400,1,-1,-1,-1
89,65,44,144,368,680,1,-1,-1,-1
89,66,588,176,320,564,1,-1,-1,-1
89,67,1360,324,504,696,1,-1,-1,-1
89,68,1712,316,284,688,1,-1,-1,-1
89,69,500,376,236,420,1,-1,-1,-1
89,70,320,0,276,600,1,-1,-1,-1
90,5,1949,248,572,592,1,-1,-1,-1
90,31,1019,55,308,424,1,-1,-1,-1
90,38,928,441,428,608,1,-1,-1,-1
90,50,1364,294,457,263,1,-1,-1,-1
90,53,1162,443,500,588,1,-1,-1,-1
90,63,1961,388,280,628,1,-1,-1,-1
90,64,1657,98,684,400,1,-1,-1,-1
90,65,45,136,368,680,1,-1,-1,-1
90,66,594,183,305,537,1,-1,-1,-1
90,67,1357,321,504,696,1,-1,-1,-1
90,68,1714,311,284,688,1,-1,-1,-1
90,69,504,379,225,400,1,-1,-1,-1
90,70,318,0,276,596,1,-1,-1,-1
91,5,1950,251,572,592,1,-1,-1,-1
91,31,1021,54,308,424,1,-1,-1,-1
91,38,939,460,408,579,1,-1,-1,-1
91,50,1362,298,457,263,1,-1,-1,-1
91,53,1156,442,500,588,1,-1,-1,-1
91,63,1959,393,280,628,1,-1,-1,-1
91,64,1649,97,684,400,1,-1,-1,-1
91,65,41,128,368,680,1,-1,-1,-1
91,66,583,164,320,564,1,-1,-1,-1
91,67,1356,322,504,696,1,-1,-1,-1
91,68,1698,292,298,722,1,-1,-1,-1
91,69,501,385,214,381,1,-1,-1,-1
91,70,317,0,276,592,1,-1,-1,-1
92,5,1960,259,545,564,1,-1,-1,-1
92,31,1018,53,308,424,1,-1,-1,-1
92,38,931,460,408,579,1,-1,-1,-1
92,50,1364,299,457,263,1,-1,-1,-1
92,53,1154,441,500,588,1,-1,-1,-1
92,63,1967,410,267,598,1,-1,-1,-1
92,64,1656,99,684,400,1,-1,-1,-1
92,65,39,123,368,680,1,-1,-1,-1
92,66,577,148,336,592,1,-1,-1,-1
92,67,1365,341,480,663,1,-1,-1,-1
92,68,1703,296,284,688,1,-1,-1,-1
92,69,493,374,214,381,1,-1,-1,-1
92,70,303,0,290,600,1,-1,-1,-1
93,5,1956,267,545,564,1,-1,-1,-1
93,31,1017,55,308,424,1,-1,-1,-1
93,38,923,459,408,579,1,-1,-1,-1
93,50,1355,296,457,263,1,-1,-1,-1
93,53,1149,434,500,588,1,-1,-1,-1
93,63,1967,415,254,570,1,-1,-1,-1
93,64,1678,109,651,381,1,-1,-1,-1
93,65,50,120,368,680,1,-1,-1,-1
93,66,574,148,336,592,1,-1,-1,-1
93,67,1364,359,480,663,1,-1,-1,-1
93,68,1699,300,284,688,1,-1,-1,-1
93,70,314,0,276,588,1,-1,-1,-1
94,5,1955,268,545,564,1,-1,-1,-1
94,31,1010,58,308,424,1,-1,-1,-1
94,38,921,458,408,579,1,-1,-1,-1
94,50,1343,297,457,263,1,-1,-1,-1
94,53,1147,439,500,588,1,-1,-1,-1
94,64,1670,108,651,381,1,-1,-1,-1
94,67,1364,361,480,663,1,-1,-1,-1
94,70,313,0,276,579,1,-1,-1,-1
95,5,1932,258,572,592,1,-1,-1,-1
95,31,1005,59,308,424,1,-1,-1,-1
95,38,912,461,408,579,1,-1,-1,-1
95,50,1341,299,457,263,1,-1,-1,-1
95,53,1141,442,500,588,1,-1,-1,-1
95,64,1654,109,651,381,1,-1,-1,-1
95,70,310,0,276,575,1,-1,-1,-1
96,5,1906,237,601,622,1,-1,-1,-1
96,31,998,61,308,424,1,-1,-1,-1
96,38,905,463,408,579,1,-1,-1,-1
96,50,1334,300,457,263,1,-1,-1,-1
96,53,1131,443,500,588,1,-1,-1,-1
96,64,1651,115,651,381,1,-1,-1,-1
96,70,306,0,263,564,1,-1,-1,-1
97,5,1884,272,644,568,1,-1,-1,-1
97,31,976,60,316,428,1,-1,-1,-1
97,38,908,452,404,600,1,-1,-1,-1
97,50,1308,292,500,272,1,-1,-1,-1
97,53,1116,448,524,584,1,-1,-1,-1
97,64,1616,100,708,376,1,-1,-1,-1
97,70,304,0,248,428,1,-1,-1,-1
97,71,64,100,360,616,1,-1,-1,-1
97,72,564,136,412,556,1,-1,-1,-1
97,73,1932,408,272,612,1,-1,-1,-1
97,74,428,200,256,608,1,-1,-1,-1
97,75,1404,408,420,620,1,-1,-1,-1
97,76,1628,416,388,528,1,-1,-1,-1
98,5,1872,277,644,568,1,-1,-1,-1
98,31,969,75,301,408,1,-1,-1,-1
98,38,896,458,404,600,1,-1,-1,-1
98,50,1301,296,500,272,1,-1,-1,-1
98,53,1119,473,499,556,1,-1,-1,-1
98,64,1595,102,708,376,1,-1,-1,-1
98,71,46,78,378,647,1,-1,-1,-1
98,72,567,152,392,530,1,-1,-1,-1
98,73,1926,424,259,583,1,-1,-1,-1
98,74,409,186,269,638,1,-1,-1,-1
98,75,1388,419,420,620,1,-1,-1,-1
98,76,1600,402,407,554,1,-1,-1,-1
99,5,1864,278,644,568,1,-1,-1,-1
99,31,953,66,316,428,1,-1,-1,-1
99,38,885,462,404,600,1,-1,-1,-1
99,50,1276,300,500,272,1,-1,-1,-1
99,53,1097,475,499,556,1,-1,-1,-1
99,64,1578,94,743,395,1,-1,-1,-1
99,71,52,97,360,616,1,-1,-1,-1
99,72,566,152,392,530,1,-1,-1,-1
99,73,1910,419,259,583,1,-1,-1,-1
99,74,398,171,269,638,1,-1,-1,-1
99,75,1387,419,420,620,1,-1,-1,-1
99,76,1596,396,407,554,1,-1,-1,-1
100,5,1853,282,644,568,1,-1,-1,-1
100,31,944,66,316,428,1,-1,-1,-1
100,38,877,461,404,600,1,-1,-1,-1
100,50,1283,305,476,259,1,-1,-1,-1
100,53,1091,472,499,556,1,-1,-1,-1
100,64,1551,98,743,395,1,-1,-1,-1
100,71,43,91,360,616,1,-1,-1,-1
100,72,546,144,412,556,1,-1,-1,-1
100,73,1895,414,259,583,1,-1,-1,-1
100,74,392,169,269,638,1,-1,-1,-1
100,75,1374,411,420,620,1,-1,-1,-1
100,76,1578,397,407,554,1,-1,-1,-1
101,5,1845,288,644,568,1,-1,-1,-1
101,31,933,72,316,428,1,-1,-1,-1
101,38,867,468,404,600,1,-1,-1,-1
101,50,1272,312,476,259,1,-1,-1,-1
101,53,1083,478,499,556,1,-1,-1,-1
101,71,45,92,360,616,1,-1,-1,-1
101,72,539,141,412,556,1,-1,-1,-1
101,74,390,192,256,608,1,-1,-1,-1
101,76,1573,400,407,554,1,-1,-1,-1
102,5,1854,311,613,541,1,-1,-1,-1
102,31,921,73,316,428,1,-1,-1,-1
102,38,862,489,385,571,1,-1,-1,-1
102,50,1265,318,476,259,1,-1,-1,-1
102,53,1054,469,524,584,1,-1,-1,-1
102,71,37,91,360,616,1,-1,-1,-1
102,72,508,144,412,556,1,-1,-1,-1
102,76,1563,409,407,554,1,-1,-1,-1
103,5,1841,319,613,541,1,-1,-1,-1
103,31,910,79,316,428,1,-1,-1,-1
103,38,841,477,404,600,1,-1,-1,-1
103,50,1239,318,476,259,1,-1,-1,-1
103,53,1049,478,524,584,1,-1,-1,-1
103,71,37,88,360,616,1,-1,-1,-1
103,72,500,152,412,556,1,-1,-1,-1
104,5,1821,296,644,568,1,-1,-1,-1
104,31,907,81,316,428,1,-1,-1,-1
104,38,832,475,404,600,1,-1,-1,-1
104,50,1239,322,476,259,1,-1,-1,-1
104,53,1043,476,524,584,1,-1,-1,-1
105,5,2024,352,456,512,1,-1,-1,-1
105,31,900,60,316,452,1,-1,-1,-1
105,38,800,472,432,604,1,-1,-1,-1
105,50,1224,316,488,224,1,-1,-1,-1
105,53,1036,472,512,580,1,-1,-1,-1
105,77,504,160,460,600,1,-1,-1,-1
105,78,1528,136,696,340,1,-1,-1,-1
105,79,64,36,400,672,1,-1,-1,-1
105,80,320,176,268,580,1,-1,-1,-1
105,81,1264,440,480,612,1,-1,-1,-1
105,82,1488,416,544,604,1,-1,-1,-1
105,83,1812,440,300,596,1,-1,-1,-1
106,5,2012,351,456,512,1,-1,-1,-1
106,31,895,57,316,452,1,-1,-1,-1
106,38,790,467,432,604,1,-1,-1,-1
106,50,1211,315,488,224,1,-1,-1,-1
106,53,1029,475,512,580,1,-1,-1,-1
106,77,493,159,460,600,1,-1,-1,-1
106,78,1512,138,696,340,1,-1,-1,-1
106,79,66,25,400,672,1,-1,-1,-1
106,80,313,163,268,580,1,-1,-1,-1
106,81,1254,437,480,612,1,-1,-1,-1
106,82,1475,414,544,604,1,-1,-1,-1
106,83,1807,440,300,596,1,-1,-1,-1
107,5,2010,351,456,512,1,-1,-1,-1
107,31,897,58,316,452,1,-1,-1,-1
107,38,785,464,432,604,1,-1,-1,-1
107,50,1210,313,488,224,1,-1,-1,-1
107,53,1026,471,512,580,1,-1,-1,-1
107,77,488,158,460,600,1,-1,-1,-1
107,78,1501,135,696,340,1,-1,-1,-1
107,79,63,19,400,672,1,-1,-1,-1
107,80,302,144,281,609,1,-1,-1,-1
107,81,1250,456,457,583,1,-1,-1,-1
107,82,1467,418,544,604,1,-1,-1,-1
107,83,1796,443,300,596,1,-1,-1,-1
108,5,2003,351,456,512,1,-1,-1,-1
108,31,898,62,316,452,1,-1,-1,-1
108,38,793,482,411,575,1,-1,-1,-1
108,50,1216,317,465,213,1,-1,-1,-1
108,53,1018,473,512,580,1,-1,-1,-1
108,77,480,157,460,600,1,-1,-1,-1
108,78,1501,136,696,340,1,-1,-1,-1
108,79,54,17,400,672,1,-1,-1,-1
108,80,311,156,268,580,1,-1,-1,-1
108,81,1237,436,480,612,1,-1,-1,-1
108,82,1446,398,571,634,1,-1,-1,-1
108,83,1796,443,300,596,1,-1,-1,-1
109,5,2001,350,456,512,1,-1,-1,-1
109,31,891,54,316,452,1,-1,-1,-1
109,38,787,497,392,548,1,-1,-1,-1
109,50,1204,315,465,213,1,-1,-1,-1
109,53,1016,474,512,580,1,-1,-1,-1
109,77,482,151,460,600,1,-1,-1,-1
109,78,1496,137,696,340,1,-1,-1,-1
109,79,56,21,400,672,1,-1,-1,-1
109,80,309,166,255,552,1,-1,-1,-1
109,81,1242,432,480,612,1,-1,-1,-1
109,82,1460,415,544,604,1,-1,-1,-1
109,83,1805,454,286,568,1,-1,-1,-1
110,5,1997,347,456,512,1,-1,-1,-1
110,31,881,57,316,452,1,-1,-1,-1
110,38,770,490,411,575,1,-1,-1,-1
110,50,1176,309,488,224,1,-1,-1,-1
110,53,1007,480,512,580,1,-1,-1,-1
110,77,489,166,438,571,1,-1,-1,-1
110,78,1481,134,696,340,1,-1,-1,-1
110,79,58,11,400,672,1,-1,-1,-1
110,80,309,159,255,552,1,-1,-1,-1
110,81,1238,436,480,612,1,-1,-1,-1
110,82,1456,407,544,604,1,-1,-1,-1
111,5,2002,366,434,488,1,-1,-1,-1
111,31,866,53,332,475,1,-1,-1,-1
111,38,770,476,411,575,1,-1,-1,-1
111,53,995,484,512,580,1,-1,-1,-1
111,78,1479,133,696,340,1,-1,-1,-1
111,79,50,10,400,672,1,-1,-1,-1
111,80,305,144,268,580,1,-1,-1,-1
111,81,1235,440,480,612,1,-1,-1,-1
111,82,1448,413,544,604,1,-1,-1,-1
112,5,1999,363,434,488,1,-1,-1,-1
112,31,862,54,332,475,1,-1,-1,-1
112,38,767,479,411,575,1,-1,-1,-1
112,53,1001,493,488,552,1,-1,-1,-1
112,78,1491,143,663,324,1,-1,-1,-1
112,79,40,0,420,701,1,-1,-1,-1
112,81,1230,438,480,612,1,-1,-1,-1
113,5,1964,356,456,500,1,-1,-1,-1
113,31,884,44,372,464,1,-1,-1,-1
113,38,744,476,452,612,1,-1,-1,-1
113,53,984,484,496,568,1,-1,-1,-1
113,78,1480,136,680,336,1,-1,-1,-1
113,79,32,64,452,632,1,-1,-1,-1
113,81,1196,452,496,604,1,-1,-1,-1
113,84,440,204,600,560,1,-1,-1,-1
113,85,328,160,276,560,1,-1,-1,-1
113,86,1772,440,284,604,1,-1,-1,-1
113,87,2468,340,92,284,1,-1,-1,-1
113,88,0,116,84,160,1,-1,-1,-1
113,89,1308,384,640,596,1,-1,-1,-1
114,5,1953,354,456,500,1,-1,-1,-1
114,31,882,46,372,464,1,-1,-1,-1
114,38,751,495,430,583,1,-1,-1,-1
114,53,971,482,496,568,1,-1,-1,-1
114,79,27,68,452,632,1,-1,-1,-1
114,81,1199,475,472,575,1,-1,-1,-1
114,84,454,219,571,533,1,-1,-1,-1
114,85,322,158,276,560,1,-1,-1,-1
114,86,1762,438,284,604,1,-1,-1,-1
114,87,2465,342,92,284,1,-1,-1,-1
114,88,7,122,84,160,1,-1,-1,-1
114,89,1319,409,610,568,1,-1,-1,-1
115,5,1949,354,456,500,1,-1,-1,-1
115,31,871,53,372,464,1,-1,-1,-1
115,38,752,494,430,583,1,-1,-1,-1
115,53,970,486,496,568,1,-1,-1,-1
115,79,23,67,452,632,1,-1,-1,-1
115,81,1198,468,472,575,1,-1,-1,-1
115,84,436,206,600,560,1,-1,-1,-1
115,85,319,158,276,560,1,-1,-1,-1
115,86,1755,422,298,634,1,-1,-1,-1
115,87,2462,346,92,284,1,-1,-1,-1
115,88,12,126,84,160,1,-1,-1,-1
115,89,1299,385,640,596,1,-1,-1,-1
116,5,1943,349,456,500,1,-1,-1,-1
116,31,872,61,354,442,1,-1,-1,-1
116,38,741,497,430,583,1,-1,-1,-1
116,53,972,503,472,541,1,-1,-1,-1
116,79,34,84,430,602,1,-1,-1,-1
116,81,1187,473,472,575,1,-1,-1,-1
116,84,438,212,600,560,1,-1,-1,-1
116,85,316,155,276,560,1,-1,-1,-1
116,86,1752,418,298,634,1,-1,-1,-1
116,87,2458,345,92,284,1,-1,-1,-1
116,88,15,126,84,160,1,-1,-1,-1
116,89,1291,376,640,596,1,-1,-1,-1
117,5,1942,348,456,500,1,-1,-1,-1
117,31,864,62,354,442,1,-1,-1,-1
117,38,734,502,430,583,1,-1,-1,-1
117,53,969,509,472,541,1,-1,-1,-1
117,79,23,66,452,632,1,-1,-1,-1
117,81,1173,454,496,604,1,-1,-1,-1
117,84,431,208,600,560,1,-1,-1,-1
117,85,319,173,263,533,1,-1,-1,-1
117,86,1751,432,284,604,1,-1,-1,-1
117,87,2452,347,92,284,1,-1,-1,-1
117,88,22,118,84,160,1,-1,-1,-1
118,5,1945,347,456,500,1,-1,-1,-1
118,31,862,63,354,442,1,-1,-1,-1
118,38,740,524,410,555,1,-1,-1,-1
118,53,964,508,472,541,1,-1,-1,-1
118,79,32,66,452,632,1,-1,-1,-1
118,81,1161,457,496,604,1,-1,-1,-1
118,84,446,220,571,533,1,-1,-1,-1
118,85,302,155,276,560,1,-1,-1,-1
118,86,1745,465,284,604,1,-1,-1,-1
118,87,2448,348,92,284,1,-1,-1,-1
118,88,23,117,84,160,1,-1,-1,-1
119,5,1952,356,434,476,1,-1,-1,-1
119,31,846,52,372,464,1,-1,-1,-1
119,38,735,513,430,583,1,-1,-1,-1
119,53,953,490,496,568,1,-1,-1,-1
119,79,30,64,452,632,1,-1,-1,-1
119,84,447,221,571,533,1,-1,-1,-1
119,87,2445,348,92,284,1,-1,-1,-1
119,88,24,109,84,160,1,-1,-1,-1
120,5,1958,351,434,476,1,-1,-1,-1
120,31,832,39,391,487,1,-1,-1,-1
120,38,721,512,430,583,1,-1,-1,-1
120,53,958,507,472,541,1,-1,-1,-1
120,79,37,79,430,602,1,-1,-1,-1
120,84,445,204,600,560,1,-1,-1,-1
120,87,2442,349,92,284,1,-1,-1,-1
120,88,28,113,80,152,1,-1,-1,-1
121,5,1680,340,692,532,1,-1,-1,-1
121,31,668,84,620,432,1,-1,-1,-1
121,38,736,480,396,612,1,-1,-1,-1
121,53,944,488,492,588,1,-1,-1,-1
121,79,48,72,488,636,1,-1,-1,-1
121,84,372,264,660,460,1,-1,-1,-1
121,87,2442,349,92,284,1,-1,-1,-1
121,88,28,113,80,152,1,-1,-1,-1
121,90,1736,448,284,612,1,-1,-1,-1
121,91,2428,332,132,416,1,-1,-1,-1
121,92,1432,148,712,312,1,-1,-1,-1
121,93,1160,452,488,608,1,-1,-1,-1
121,94,0,56,128,208,1,-1,-1,-1
121,95,1324,416,512,512,1,-1,-1,-1
122,5,1681,336,692,532,1,-1,-1,-1
122,31,662,88,620,432,1,-1,-1,-1
122,38,736,472,396,612,1,-1,-1,-1
122,53,936,491,492,588,1,-1,-1,-1
122,79,41,71,488,636,1,-1,-1,-1
122,84,366,265,660,460,1,-1,-1,-1
122,87,2430,345,97,298,1,-1,-1,-1
122,88,30,112,76,145,1,-1,-1,-1
122,90,1734,444,284,612,1,-1,-1,-1
122,91,2426,333,132,416,1,-1,-1,-1
122,92,1432,150,712,312,1,-1,-1,-1
122,93,1154,449,488,608,1,-1,-1,-1
122,94,0,56,127,208,1,-1,-1,-1
122,95,1322,412,512,512,1,-1,-1,-1
123,5,1675,341,692,532,1,-1,-1,-1
123,31,653,93,620,432,1,-1,-1,-1
123,38,724,480,396,612,1,-1,-1,-1
123,53,929,491,492,588,1,-1,-1,-1
123,79,35,71,488,636,1,-1,-1,-1
123,84,363,277,660,460,1,-1,-1,-1
123,87,2423,344,97,298,1,-1,-1,-1
123,88,28,113,76,145,1,-1,-1,-1
123,90,1725,454,284,612,1,-1,-1,-1
123,91,2423,336,132,416,1,-1,-1,-1
123,92,1424,144,712,312,1,-1,-1,-1
123,93,1137,434,512,638,1,-1,-1,-1
123,94,0,55,123,208,1,-1,-1,-1
123,95,1315,418,512,512,1,-1,-1,-1
124,5,1680,336,692,532,1,-1,-1,-1
124,31,648,96,620,432,1,-1,-1,-1
124,38,722,474,396,612,1,-1,-1,-1
124,53,926,497,492,588,1,-1,-1,-1
124,79,37,75,488,636,1,-1,-1,-1
124,84,361,273,660,460,1,-1,-1,-1
124,87,2420,344,97,298,1,-1,-1,-1
124,88,29,112,76,145,1,-1,-1,-1
124,90,1726,456,284,612,1,-1,-1,-1
124,91,2421,337,132,416,1,-1,-1,-1
124,92,1420,137,712,312,1,-1,-1,-1
124,93,1142,435,512,638,1,-1,-1,-1
124,94,0,54,122,208,1,-1,-1,-1
124,95,1312,411,512,512,1,-1,-1,-1
125,5,1668,338,692,532,1,-1,-1,-1
125,31,636,92,620,432,1,-1,-1,-1
125,38,724,499,377,583,1,-1,-1,-1
125,53,923,495,492,588,1,-1,-1,-1
125,79,37,77,488,636,1,-1,-1,-1
125,84,359,280,660,460,1,-1,-1,-1
125,87,2413,348,97,298,1,-1,-1,-1
125,91,2417,338,132,416,1,-1,-1,-1
125,92,1423,135,712,312,1,-1,-1,-1
125,93,1135,447,512,638,1,-1,-1,-1
125,94,0,59,116,198,1,-1,-1,-1
125,95,1303,422,512,512,1,-1,-1,-1
126,5,1652,340,727,559,1,-1,-1,-1
126,31,647,103,590,411,1,-1,-1,-1
126,38,723,508,377,583,1,-1,-1,-1
126,53,922,500,492,588,1,-1,-1,-1
126,79,29,79,488,636,1,-1,-1,-1
126,84,361,275,660,460,1,-1,-1,-1
126,87,2410,360,92,284,1,-1,-1,-1
126,91,2413,340,132,416,1,-1,-1,-1
126,93,1101,417,538,670,1,-1,-1,-1
126,94,0,59,115,198,1,-1,-1,-1
126,95,1303,424,512,512,1,-1,-1,-1
127,31,634,109,590,411,1,-1,-1,-1
127,38,716,507,377,583,1,-1,-1,-1
127,53,907,498,492,588,1,-1,-1,-1
127,79,38,74,488,636,1,-1,-1,-1
127,84,346,277,660,460,1,-1,-1,-1
127,87,2404,363,92,284,1,-1,-1,-1
127,91,2409,343,132,416,1,-1,-1,-1
127,94,0,58,111,198,1,-1,-1,-1
127,95,1305,435,488,488,1,-1,-1,-1
128,31,636,105,590,411,1,-1,-1,-1
128,38,711,505,377,583,1,-1,-1,-1
128,53,908,496,492,588,1,-1,-1,-1
128,79,33,79,488,636,1,-1,-1,-1
128,84,340,270,660,460,1,-1,-1,-1
128,87,2401,361,92,284,1,-1,-1,-1
128,91,2406,343,132,416,1,-1,-1,-1
128,94,0,61,108,189,1,-1,-1,-1
128,95,1295,440,488,488,1,-1,-1,-1
129,31,576,116,708,412,1,-1,-1,-1
129,38,692,500,404,612,1,-1,-1,-1
129,53,912,500,484,596,1,-1,-1,-1
129,79,0,76,524,624,1,-1,-1,-1
129,84,448,288,456,452,1,-1,-1,-1
129,87,2401,361,92,284,1,-1,-1,-1
129,91,2384,336,172,428,1,-1,-1,-1
129,94,0,92,108,136,1,-1,-1,-1
129,95,1104,372,700,456,1,-1,-1,-1
129,96,1720,324,600,536,1,-1,-1,-1
129,97,1672,464,308,608,1,-1,-1,-1
129,98,1192,464,420,624,1,-1,-1,-1
129,99,1392,156,724,280,1,-1,-1,-1
129,100,76,0,312,228,1,-1,-1,-1
130,31,587,130,674,392,1,-1,-1,-1
130,38,684,501,404,612,1,-1,-1,-1
130,53,913,505,484,596,1,-1,-1,-1
130,79,0,75,520,624,1,-1,-1,-1
130,84,441,285,456,452,1,-1,-1,-1
130,87,2392,357,97,298,1,-1,-1,-1
130,91,2382,337,172,428,1,-1,-1,-1
130,94,0,91,106,136,1,-1,-1,-1
130,95,1101,367,700,456,1,-1,-1,-1
130,96,1731,329,600,536,1,-1,-1,-1
130,97,1669,461,308,608,1,-1,-1,-1
130,98,1191,460,420,624,1,-1,-1,-1
130,99,1396,157,724,280,1,-1,-1,-1
130,100,77,1,312,228,1,-1,-1,-1
131,31,580,124,674,392,1,-1,-1,-1
131,38,676,496,404,612,1,-1,-1,-1
131,53,919,520,461,568,1,-1,-1,-1
131,79,0,77,518,624,1,-1,-1,-1
131,84,431,279,456,452,1,-1,-1,-1
131,87,2386,359,97,298,1,-1,-1,-1
131,91,2380,337,172,428,1,-1,-1,-1
131,94,0,89,101,136,1,-1,-1,-1
131,96,1738,339,571,510,1,-1,-1,-1
131,97,1668,457,308,608,1,-1,-1,-1
131,98,1185,460,420,624,1,-1,-1,-1
131,99,1386,153,724,280,1,-1,-1,-1
131,100,76,0,312,228,1,-1,-1,-1
132,31,571,126,674,392,1,-1,-1,-1
132,38,687,499,404,612,1,-1,-1,-1
132,53,915,515,461,568,1,-1,-1,-1
132,79,0,72,524,624,1,-1,-1,-1
132,84,429,280,456,452,1,-1,-1,-1
132,87,2383,358,97,298,1,-1,-1,-1
132,91,2378,336,172,428,1,-1,-1,-1
132,94,0,88,101,136,1,-1,-1,-1
132,96,1739,345,571,510,1,-1,-1,-1
132,97,1666,465,308,608,1,-1,-1,-1
132,98,1181,456,420,624,1,-1,-1,-1
132,99,1369,140,760,294,1,-1,-1,-1
132,100,75,0,312,228,1,-1,-1,-1
133,31,547,119,708,412,1,-1,-1,-1
133,38,680,500,404,612,1,-1,-1,-1
133,53,907,515,461,568,1,-1,-1,-1
133,79,0,71,517,624,1,-1,-1,-1
133,84,426,277,456,452,1,-1,-1,-1
133,87,2379,359,97,298,1,-1,-1,-1
133,91,2374,335,172,428,1,-1,-1,-1
133,94,0,88,95,136,1,-1,-1,-1
133,96,1739,332,571,510,1,-1,-1,-1
133,97,1668,473,308,608,1,-1,-1,-1
133,98,1181,468,420,624,1,-1,-1,-1
133,100,72,1,312,228,1,-1,-1,-1
134,38,667,497,404,612,1,-1,-1,-1
134,53,903,519,461,568,1,-1,-1,-1
134,79,0,72,517,624,1,-1,-1,-1
134,84,422,272,456,452,1,-1,-1,-1
134,87,2374,359,97,298,1,-1,-1,-1
134,91,2371,336,172,428,1,-1,-1,-1
134,94,0,90,89,136,1,-1,-1,-1
134,96,1732,331,571,510,1,-1,-1,-1
134,97,1660,463,308,608,1,-1,-1,-1
134,98,1177,462,420,624,1,-1,-1,-1
134,100,67,3,312,228,1,-1,-1,-1
135,38,655,495,404,612,1,-1,-1,-1
135,53,879,504,484,596,1,-1,-1,-1
135,79,0,74,516,624,1,-1,-1,-1
135,84,410,274,456,452,1,-1,-1,-1
135,87,2364,360,97,298,1,-1,-1,-1
135,91,2362,337,172,428,1,-1,-1,-1
135,94,0,96,75,136,1,-1,-1,-1
135,96,1714,333,571,510,1,-1,-1,-1
135,97,1641,447,323,638,1,-1,-1,-1
135,98,1166,462,420,624,1,-1,-1,-1
135,100,55,5,312,228,1,-1,-1,-1
136,38,652,494,404,612,1,-1,-1,-1
136,53,876,506,484,596,1,-1,-1,-1
136,79,0,79,515,624,1,-1,-1,-1
136,84,414,267,456,452,1,-1,-1,-1
136,87,2360,361,97,298,1,-1,-1,-1
136,91,2357,337,172,428,1,-1,-1,-1
136,94,0,102,74,130,1,-1,-1,-1
136,96,1721,341,571,510,1,-1,-1,-1
136,97,1639,451,323,638,1,-1,-1,-1
136,98,1155,448,441,655,1,-1,-1,-1
136,100,54,4,312,228,1,-1,-1,-1
137,38,628,500,412,608,1,-1,-1,-1
137,53,856,508,488,580,1,-1,-1,-1
137,79,0,80,492,612,1,-1,-1,-1
137,84,480,276,240,456,1,-1,-1,-1
137,87,2360,361,97,298,1,-1,-1,-1
137,91,2336,332,224,432,1,-1,-1,-1
137,94,0,102,74,130,1,-1,-1,-1
137,96,1664,300,584,532,1,-1,-1,-1
137,97,1644,456,284,620,1,-1,-1,-1
137,98,1100,480,456,604,1,-1,-1,-1
137,100,20,0,336,240,1,-1,-1,-1
137,101,496,96,716,404,1,-1,-1,-1
137,102,1052,336,688,432,1,-1,-1,-1
137,103,304,260,168,412,1,-1,-1,-1
137,104,2504,180,52,164,1,-1,-1,-1
138,38,614,499,412,608,1,-1,-1,-1
138,53,850,515,488,580,1,-1,-1,-1
138,79,0,77,488,612,1,-1,-1,-1
138,84,474,277,240,456,1,-1,-1,-1
138,87,2338,368,92,284,1,-1,-1,-1
138,91,2328,332,224,432,1,-1,-1,-1
138,94,0,108,70,123,1,-1,-1,-1
138,96,1652,306,584,532,1,-1,-1,-1
138,97,1644,473,270,590,1,-1,-1,-1
138,98,1092,478,456,604,1,-1,-1,-1
138,100,15,0,336,239,1,-1,-1,-1
138,101,477,96,716,404,1,-1,-1,-1
138,102,1065,336,655,411,1,-1,-1,-1
138,103,298,259,168,412,1,-1,-1,-1
138,104,2499,179,52,164,1,-1,-1,-1
139,38,600,499,412,608,1,-1,-1,-1
139,53,822,516,488,580,1,-1,-1,-1
139,79,0,77,468,612,1,-1,-1,-1
139,87,2314,361,97,298,1,-1,-1,-1
139,91,2313,332,224,432,1,-1,-1,-1
139,96,1645,296,584,532,1,-1,-1,-1
139,97,1624,461,284,620,1,-1,-1,-1
139,98,1055,476,456,604,1,-1,-1,-1
139,100,0,0,331,240,1,-1,-1,-1
139,101,458,99,716,404,1,-1,-1,-1
139,102,1027,317,688,432,1,-1,-1,-1
139,103,288,260,168,412,1,-1,-1,-1
139,104,2486,184,50,156,1,-1,-1,-1
140,38,595,497,412,608,1,-1,-1,-1
140,53,821,518,488,580,1,-1,-1,-1
140,79,0,75,468,612,1,-1,-1,-1
140,87,2312,361,97,298,1,-1,-1,-1
140,91,2309,332,224,432,1,-1,-1,-1
140,96,1654,306,556,507,1,-1,-1,-1
140,97,1616,455,284,620,1,-1,-1,-1
140,98,1064,485,456,604,1,-1,-1,-1
140,100,1,6,320,229,1,-1,-1,-1
140,101,460,101,716,404,1,-1,-1,-1
140,102,1044,329,655,411,1,-1,-1,-1
140,103,282,257,168,412,1,-1,-1,-1
140,104,2480,184,50,156,1,-1,-1,-1
141,38,586,502,412,608,1,-1,-1,-1
141,53,810,512,488,580,1,-1,-1,-1
141,79,0,96,446,583,1,-1,-1,-1
141,87,2298,362,97,298,1,-1,-1,-1
141,91,2293,332,224,432,1,-1,-1,-1
141,96,1644,309,556,507,1,-1,-1,-1
141,97,1599,456,284,620,1,-1,-1,-1
141,98,1052,480,456,604,1,-1,-1,-1
141,100,0,10,308,229,1,-1,-1,-1
141,101,451,116,682,385,1,-1,-1,-1
141,103,275,263,168,412,1,-1,-1,-1
141,104,2467,184,50,156,1,-1,-1,-1
142,38,569,499,412,608,1,-1,-1,-1
142,53,795,515,488,580,1,-1,-1,-1
142,79,0,77,444,612,1,-1,-1,-1
142,87,2291,360,97,298,1,-1,-1,-1
142,91,2288,331,224,432,1,-1,-1,-1
142,96,1649,319,530,483,1,-1,-1,-1
142,97,1596,460,284,620,1,-1,-1,-1
142,98,1048,497,434,575,1,-1,-1,-1
142,100,0,5,304,229,1,-1,-1,-1
142,101,442,112,682,385,1,-1,-1,-1
142,103,257,258,168,412,1,-1,-1,-1
142,104,2454,180,52,164,1,-1,-1,-1
143,38,562,519,392,579,1,-1,-1,-1
143,53,773,497,512,609,1,-1,-1,-1
143,79,0,75,437,612,1,-1,-1,-1
143,87,2275,361,97,298,1,-1,-1,-1
143,91,2272,328,224,432,1,-1,-1,-1
143,96,1633,313,530,483,1,-1,-1,-1
143,97,1587,454,284,620,1,-1,-1,-1
143,98,1040,494,434,575,1,-1,-1,-1
143,100,0,6,289,229,1,-1,-1,-1
143,101,433,115,682,385,1,-1,-1,-1
143,103,249,259,168,412,1,-1,-1,-1
143,104,2440,179,52,164,1,-1,-1,-1
144,38,561,511,392,579,1,-1,-1,-1
144,53,770,495,512,609,1,-1,-1,-1
144,79,0,83,433,612,1,-1,-1,-1
144,87,2273,359,97,298,1,-1,-1,-1
144,91,2269,329,224,432,1,-1,-1,-1
144,96,1634,315,530,483,1,-1,-1,-1
144,97,1581,453,284,620,1,-1,-1,-1
144,98,1026,480,456,604,1,-1,-1,-1
144,100,0,8,285,229,1,-1,-1,-1
144,101,420,112,682,385,1,-1,-1,-1
144,104,2437,178,52,164,1,-1,-1,-1
145,38,556,504,396,608,1,-1,-1,-1
145,53,780,500,480,592,1,-1,-1,-1
145,79,0,104,428,552,1,-1,-1,-1
145,87,2273,359,97,298,1,-1,-1,-1
145,91,2260,332,300,432,1,-1,-1,-1
145,96,1612,272,580,560,1,-1,-1,-1
145,97,1564,452,276,616,1,-1,-1,-1
145,98,1032,456,444,628,1,-1,-1,-1
145,100,0,8,285,229,1,-1,-1,-1
145,101,468,124,672,368,1,-1,-1,-1
145,104,2437,178,52,164,1,-1,-1,-1
145,105,2424,144,136,208,1,-1,-1,-1
145,106,948,296,752,456,1,-1,-1,-1
145,107,376,352,340,516,1,-1,-1,-1
145,108,1256,232,712,160,1,-1,-1,-1
146,38,557,504,396,608,1,-1,-1,-1
146,53,776,501,480,592,1,-1,-1,-1
146,79,0,104,420,552,1,-1,-1,-1
146,87,2262,363,97,298,1,-1,-1,-1
146,91,2256,331,300,432,1,-1,-1,-1
146,96,1605,274,580,560,1,-1,-1,-1
146,97,1562,448,276,616,1,-1,-1,-1
146,98,1038,453,444,628,1,-1,-1,-1
146,100,0,16,263,218,1,-1,-1,-1
146,101,464,126,672,368,1,-1,-1,-1
146,104,2426,183,50,156,1,-1,-1,-1
146,105,2422,144,136,208,1,-1,-1,-1
146,106,947,298,752,456,1,-1,-1,-1
146,107,384,368,324,491,1,-1,-1,-1
146,108,1254,232,712,160,1,-1,-1,-1
147,38,544,498,396,608,1,-1,-1,-1
147,53,770,501,480,592,1,-1,-1,-1
147,79,0,103,420,552,1,-1,-1,-1
147,87,2254,360,97,298,1,-1,-1,-1
147,91,2254,331,300,432,1,-1,-1,-1
147,96,1616,283,552,533,1,-1,-1,-1
147,97,1561,459,276,616,1,-1,-1,-1
147,98,1032,451,444,628,1,-1,-1,-1
147,101,457,122,672,368,1,-1,-1,-1
147,104,2418,181,50,156,1,-1,-1,-1
147,105,2418,143,136,208,1,-1,-1,-1
147,106,926,291,752,456,1,-1,-1,-1
147,107,382,377,324,491,1,-1,-1,-1
147,108,1256,231,712,160,1,-1,-1,-1
148,38,546,502,396,608,1,-1,-1,-1
148,53,764,497,480,592,1,-1,-1,-1
148,79,0,102,419,552,1,-1,-1,-1
148,87,2250,359,97,298,1,-1,-1,-1
148,91,2253,330,300,432,1,-1,-1,-1
148,96,1615,275,552,533,1,-1,-1,-1
148,97,1555,456,276,616,1,-1,-1,-1
148,98,1038,461,423,598,1,-1,-1,-1
148,101,449,128,672,368,1,-1,-1,-1
148,104,2416,177,52,164,1,-1,-1,-1
148,105,2417,142,136,208,1,-1,-1,-1
148,106,932,295,752,456,1,-1,-1,-1
148,107,376,379,324,491,1,-1,-1,-1
148,108,1249,226,748,168,1,-1,-1,-1
149,38,542,500,396,608,1,-1,-1,-1
149,53,747,479,504,622,1,-1,-1,-1
149,79,0,101,417,552,1,-1,-1,-1
149,91,2249,330,300,432,1,-1,-1,-1
149,96,1611,282,552,533,1,-1,-1,-1
149,97,1560,467,263,587,1,-1,-1,-1
149,98,1025,450,444,628,1,-1,-1,-1
149,101,464,132,640,350,1,-1,-1,-1
149,104,2414,177,52,164,1,-1,-1,-1
149,105,2415,141,136,208,1,-1,-1,-1
149,107,365,359,340,516,1,-1,-1,-1
150,38,534,498,396,608,1,-1,-1,-1
150,53,743,484,504,622,1,-1,-1,-1
150,79,0,100,411,552,1,-1,-1,-1
150,91,2247,330,300,432,1,-1,-1,-1
150,96,1620,291,526,508,1,-1,-1,-1
150,97,1569,481,250,559,1,-1,-1,-1
150,98,1024,455,444,628,1,-1,-1,-1
150,101,453,132,640,350,1,-1,-1,-1
150,104,2410,174,55,172,1,-1,-1,-1
150,105,2411,143,136,208,1,-1,-1,-1
151,38,529,503,396,608,1,-1,-1,-1
151,53,744,485,504,622,1,-1,-1,-1
151,79,0,100,415,552,1,-1,-1,-1
151,91,2247,330,300,432,1,-1,-1,-1
151,96,1617,286,526,508,1,-1,-1,-1
151,97,1560,470,263,587,1,-1,-1,-1
151,98,1022,454,444,628,1,-1,-1,-1
151,101,467,136,610,334,1,-1,-1,-1
151,104,2407,173,55,172,1,-1,-1,-1
151,105,2409,141,136,208,1,-1,-1,-1
152,38,529,501,396,608,1,-1,-1,-1
152,53,746,479,504,622,1,-1,-1,-1
152,79,0,103,411,552,1,-1,-1,-1
152,91,2246,330,300,432,1,-1,-1,-1
152,96,1622,288,526,508,1,-1,-1,-1
152,97,1543,453,276,616,1,-1,-1,-1
152,101,467,134,610,334,1,-1,-1,-1
152,104,2407,176,52,164,1,-1,-1,-1
152,105,2409,140,136,208,1,-1,-1,-1
153,38,556,492,388,612,1,-1,-1,-1
153,53,764,500,488,592,1,-1,-1,-1
153,79,0,136,412,520,1,-1,-1,-1
153,91,2284,332,276,432,1,-1,-1,-1
153,96,1580,216,692,616,1,-1,-1,-1
153,97,1532,464,292,604,1,-1,-1,-1
153,101,528,152,560,384,1,-1,-1,-1
153,104,2407,176,52,164,1,-1,-1,-1
153,105,2408,136,152,212,1,-1,-1,-1
153,109,344,344,340,520,1,-1,-1,-1
153,110,988,456,468,632,1,-1,-1,-1
153,111,0,48,184,192,1,-1,-1,-1
153,112,1096,308,516,348,1,-1,-1,-1
153,113,1236,216,716,180,1,-1,-1,-1
154,38,556,488,388,612,1,-1,-1,-1
154,53,762,498,488,592,1,-1,-1,-1
154,79,1,138,412,520,1,-1,-1,-1
154,91,2285,334,275,432,1,-1,-1,-1
154,96,1580,214,692,616,1,-1,-1,-1
154,97,1530,459,292,604,1,-1,-1,-1
154,101,527,154,560,384,1,-1,-1,-1
154,104,2407,177,52,164,1,-1,-1,-1
154,105,2408,136,152,212,1,-1,-1,-1
154,109,347,339,340,520,1,-1,-1,-1
154,110,988,460,468,632,1,-1,-1,-1
154,111,0,49,184,192,1,-1,-1,-1
154,112,1097,311,516,348,1,-1,-1,-1
154,113,1241,217,716,180,1,-1,-1,-1
155,38,556,485,388,612,1,-1,-1,-1
155,53,762,500,488,592,1,-1,-1,-1
155,79,4,138,412,520,1,-1,-1,-1
155,91,2284,334,276,432,1,-1,-1,-1
155,96,1582,206,692,616,1,-1,-1,-1
155,97,1530,460,292,604,1,-1,-1,-1
155,101,526,151,560,384,1,-1,-1,-1
155,104,2407,177,52,164,1,-1,-1,-1
155,105,2409,137,151,212,1,-1,-1,-1
155,109,351,336,340,520,1,-1,-1,-1
155,110,986,454,468,632,1,-1,-1,-1
155,111,0,45,189,202,1,-1,-1,-1
155,112,1103,309,516,348,1,-1,-1,-1
155,113,1246,217,716,180,1,-1,-1,-1
156,38,557,487,388,612,1,-1,-1,-1
156,53,773,509,488,592,1,-1,-1,-1
156,79,5,138,412,520,1,-1,-1,-1
156,91,2284,332,276,432,1,-1,-1,-1
156,96,1584,205,692,616,1,-1,-1,-1
156,97,1523,439,307,634,1,-1,-1,-1
156,101,523,148,560,384,1,-1,-1,-1
156,104,2406,173,55,172,1,-1,-1,-1
156,105,2409,137,151,212,1,-1,-1,-1
156,109,352,337,340,520,1,-1,-1,-1
156,110,990,457,468,632,1,-1,-1,-1
156,111,0,46,190,202,1,-1,-1,-1
156,112,1110,311,491,331,1,-1,-1,-1
156,113,1262,221,682,171,1,-1,-1,-1
157,38,557,489,388,612,1,-1,-1,-1
157,53,767,507,488,592,1,-1,-1,-1
157,79,0,119,428,546,1,-1,-1,-1
157,91,2284,333,276,432,1,-1,-1,-1
157,96,1584,202,692,616,1,-1,-1,-1
157,97,1524,433,307,634,1,-1,-1,-1
157,101,527,149,560,384,1,-1,-1,-1
157,104,2405,174,55,172,1,-1,-1,-1
157,105,2409,137,151,212,1,-1,-1,-1
157,109,359,336,340,520,1,-1,-1,-1
157,110,992,450,468,632,1,-1,-1,-1
157,111,0,45,191,202,1,-1,-1,-1
157,112,1130,322,468,316,1,-1,-1,-1
158,38,561,485,388,612,1,-1,-1,-1
158,53,765,498,488,592,1,-1,-1,-1
158,79,0,115,427,546,1,-1,-1,-1
158,91,2292,343,263,411,1,-1,-1,-1
158,96,1589,210,692,616,1,-1,-1,-1
158,97,1521,441,307,634,1,-1,-1,-1
158,101,540,153,533,366,1,-1,-1,-1
158,104,2405,172,55,172,1,-1,-1,-1
158,105,2409,136,151,212,1,-1,-1,-1
158,109,365,330,340,520,1,-1,-1,-1
158,110,985,451,468,632,1,-1,-1,-1
158,111,0,43,190,202,1,-1,-1,-1
158,112,1111,312,491,331,1,-1,-1,-1
159,38,560,489,388,612,1,-1,-1,-1
159,53,763,494,488,592,1,-1,-1,-1
159,79,2,133,412,520,1,-1,-1,-1
159,91,2291,345,263,411,1,-1,-1,-1
159,96,1591,205,692,616,1,-1,-1,-1
159,97,1521,436,307,634,1,-1,-1,-1
159,101,529,156,533,366,1,-1,-1,-1
159,104,2407,176,52,164,1,-1,-1,-1
159,105,2408,135,152,212,1,-1,-1,-1
159,110,986,450,468,632,1,-1,-1,-1
159,111,0,43,186,202,1,-1,-1,-1
159,112,1112,308,491,331,1,-1,-1,-1
160,38,562,487,388,612,1,-1,-1,-1
160,53,762,500,488,592,1,-1,-1,-1
160,79,4,138,412,520,1,-1,-1,-1
160,91,2291,347,263,411,1,-1,-1,-1
160,96,1592,202,692,616,1,-1,-1,-1
160,97,1512,418,322,666,1,-1,-1,-1
160,101,541,163,508,348,1,-1,-1,-1
160,104,2407,177,52,164,1,-1,-1,-1
160,105,2407,136,152,212,1,-1,-1,-1
160,110,995,471,446,602,1,-1,-1,-1
160,111,0,44,184,202,1,-1,-1,-1
160,112,1129,319,468,316,1,-1,-1,-1
161,38,556,496,392,608,1,-1,-1,-1
161,53,764,500,480,588,1,-1,-1,-1
161,79,0,132,408,524,1,-1,-1,-1
161,91,2292,328,268,432,1,-1,-1,-1
161,96,1528,328,784,740,1,-1,-1,-1
161,97,1512,418,322,666,1,-1,-1,-1
161,101,592,160,456,356,1,-1,-1,-1
161,104,2407,177,52,164,1,-1,-1,-1
161,105,2412,136,144,212,1,-1,-1,-1
161,110,984,468,476,600,1,-1,-1,-1
161,111,0,44,156,200,1,-1,-1,-1
161,112,1129,319,468,316,1,-1,-1,-1
161,114,932,260,628,504,1,-1,-1,-1
161,115,396,296,376,576,1,-1,-1,-1
161,116,0,0,168,116,1,-1,-1,-1
161,117,140,0,244,236,1,-1,-1,-1
162,38,555,495,392,608,1,-1,-1,-1
162,53,761,500,480,588,1,-1,-1,-1
162,79,0,129,408,524,1,-1,-1,-1
162,91,2292,330,268,432,1,-1,-1,-1
162,96,1528,334,784,740,1,-1,-1,-1
162,97,1524,429,307,634,1,-1,-1,-1
162,101,597,159,456,356,1,-1,-1,-1
162,105,2412,137,144,212,1,-1,-1,-1
162,110,989,467,476,600,1,-1,-1,-1
162,111,1,43,156,200,1,-1,-1,-1
162,114,932,255,628,504,1,-1,-1,-1
162,115,402,295,376,576,1,-1,-1,-1
162,116,0,0,168,116,1,-1,-1,-1
162,117,144,0,244,234,1,-1,-1,-1
