1,0,1100,732,180,116,1,-1,-1,-1
1,1,256,764,276,96,1,-1,-1,-1
1,2,1452,724,192,100,1,-1,-1,-1
1,3,356,708,292,124,1,-1,-1,-1
1,4,736,720,120,108,1,-1,-1,-1
2,0,1101,729,180,116,1,-1,-1,-1
2,1,230,765,276,96,1,-1,-1,-1
2,2,1431,724,192,100,1,-1,-1,-1
2,3,334,709,292,124,1,-1,-1,-1
2,4,723,719,120,108,1,-1,-1,-1
3,0,1103,727,180,116,1,-1,-1,-1
3,1,202,767,276,96,1,-1,-1,-1
3,2,1408,725,192,100,1,-1,-1,-1
3,3,309,709,292,124,1,-1,-1,-1
3,4,709,717,120,108,1,-1,-1,-1
4,0,1104,718,189,122,1,-1,-1,-1
4,1,168,766,290,101,1,-1,-1,-1
4,2,1375,722,202,105,1,-1,-1,-1
4,3,288,710,292,124,1,-1,-1,-1
4,4,695,716,120,108,1,-1,-1,-1
5,0,1113,715,189,122,1,-1,-1,-1
5,1,138,765,290,101,1,-1,-1,-1
5,2,1341,719,202,105,1,-1,-1,-1
5,3,268,711,292,124,1,-1,-1,-1
5,4,682,715,120,108,1,-1,-1,-1
6,0,1126,713,189,122,1,-1,-1,-1
6,1,101,765,290,101,1,-1,-1,-1
6,2,1305,717,202,105,1,-1,-1,-1
6,3,248,713,292,124,1,-1,-1,-1
6,4,669,716,120,108,1,-1,-1,-1
7,0,1122,712,189,122,1,-1,-1,-1
7,1,62,762,304,106,1,-1,-1,-1
7,2,1270,717,202,105,1,-1,-1,-1
7,3,215,713,307,130,1,-1,-1,-1
7,4,656,715,120,108,1,-1,-1,-1
8,0,1122,715,180,116,1,-1,-1,-1
8,1,30,762,304,106,1,-1,-1,-1
8,2,1235,718,202,105,1,-1,-1,-1
8,3,199,717,292,124,1,-1,-1,-1
8,4,647,714,120,108,1,-1,-1,-1
9,0,1122,715,180,116,1,-1,-1,-1
9,1,68,768,244,128,1,-1,-1,-1
9,2,1232,708,176,120,1,-1,-1,-1
9,3,199,717,292,124,1,-1,-1,-1
9,4,647,714,120,108,1,-1,-1,-1
9,5,432,704,208,124,1,-1,-1,-1
9,6,1956,760,144,156,1,-1,-1,-1
10,1,45,772,244,128,1,-1,-1,-1
10,2,1213,707,176,120,1,-1,-1,-1
10,3,184,707,307,130,1,-1,-1,-1
10,4,627,705,126,113,1,-1,-1,-1
10,5,419,704,208,124,1,-1,-1,-1
10,6,1942,758,144,156,1,-1,-1,-1
11,1,23,771,256,134,1,-1,-1,-1
11,2,1199,703,176,120,1,-1,-1,-1
11,3,170,707,307,130,1,-1,-1,-1
11,4,620,704,126,113,1,-1,-1,-1
11,5,406,705,208,124,1,-1,-1,-1
11,6,1928,757,144,156,1,-1,-1,-1
12,1,0,772,251,134,1,-1,-1,-1
12,2,1185,703,168,114,1,-1,-1,-1
12,3,147,710,307,130,1,-1,-1,-1
12,4,610,704,126,113,1,-1,-1,-1
12,5,388,703,218,130,1,-1,-1,-1
12,6,1916,755,144,156,1,-1,-1,-1
13,1,0,773,254,134,1,-1,-1,-1
13,2,1172,701,168,114,1,-1,-1,-1
13,5,380,703,218,130,1,-1,-1,-1
13,6,1904,752,144,156,1,-1,-1,-1
14,1,0,775,251,134,1,-1,-1,-1
14,2,1115,701,168,114,1,-1,-1,-1
14,5,369,702,218,130,1,-1,-1,-1
14,6,1893,750,144,156,1,-1,-1,-1
15,1,0,775,247,134,1,-1,-1,-1
15,2,1032,690,168,114,1,-1,-1,-1
15,5,362,702,218,130,1,-1,-1,-1
15,6,1881,749,144,156,1,-1,-1,-1
16,1,0,765,236,134,1,-1,-1,-1
16,2,1003,679,176,120,1,-1,-1,-1
16,5,352,701,218,130,1,-1,-1,-1
16,6,1871,747,144,156,1,-1,-1,-1
17,1,0,765,236,134,1,-1,-1,-1
17,2,1003,679,176,120,1,-1,-1,-1
17,5,312,700,244,140,1,-1,-1,-1
17,6,1800,720,212,180,1,-1,-1,-1
17,7,2060,768,296,188,1,-1,-1,-1
17,8,44,728,304,144,1,-1,-1,-1
17,9,576,708,104,120,1,-1,-1,-1
17,10,1696,732,128,104,1,-1,-1,-1
18,5,306,701,244,140,1,-1,-1,-1
18,6,1786,719,212,180,1,-1,-1,-1
18,7,2041,765,296,188,1,-1,-1,-1
18,8,34,729,304,144,1,-1,-1,-1
18,9,567,708,104,120,1,-1,-1,-1
18,10,1682,732,128,104,1,-1,-1,-1
19,5,299,700,244,140,1,-1,-1,-1
19,6,1776,718,212,180,1,-1,-1,-1
19,7,2027,769,296,188,1,-1,-1,-1
19,8,26,731,304,144,1,-1,-1,-1
19,9,558,708,104,120,1,-1,-1,-1
19,10,1669,731,128,104,1,-1,-1,-1
20,5,292,700,244,140,1,-1,-1,-1
20,6,1768,717,212,180,1,-1,-1,-1
20,7,2009,764,296,188,1,-1,-1,-1
20,8,21,732,304,144,1,-1,-1,-1
20,9,554,706,104,120,1,-1,-1,-1
20,10,1657,728,128,104,1,-1,-1,-1
21,5,286,700,244,140,1,-1,-1,-1
21,6,1755,714,212,180,1,-1,-1,-1
21,7,1987,762,296,188,1,-1,-1,-1
21,8,15,733,304,144,1,-1,-1,-1
21,9,549,704,104,120,1,-1,-1,-1
21,10,1642,724,128,104,1,-1,-1,-1
22,5,279,700,244,140,1,-1,-1,-1
22,6,1742,714,212,180,1,-1,-1,-1
22,7,1950,755,311,197,1,-1,-1,-1
22,8,29,737,290,137,1,-1,-1,-1
22,9,541,705,104,120,1,-1,-1,-1
22,10,1630,722,128,104,1,-1,-1,-1
23,5,272,700,244,140,1,-1,-1,-1
23,6,1722,713,212,180,1,-1,-1,-1
23,7,1921,751,311,197,1,-1,-1,-1
23,8,25,736,290,137,1,-1,-1,-1
23,9,531,707,104,120,1,-1,-1,-1
23,10,1615,722,128,104,1,-1,-1,-1
24,5,273,702,232,133,1,-1,-1,-1
24,6,1706,708,223,189,1,-1,-1,-1
24,7,1891,742,311,197,1,-1,-1,-1
24,8,26,735,290,137,1,-1,-1,-1
24,9,524,708,104,120,1,-1,-1,-1
24,10,1600,723,128,104,1,-1,-1,-1
25,5,292,700,212,132,1,-1,-1,-1
25,6,1684,728,212,120,1,-1,-1,-1
25,7,1844,768,328,156,1,-1,-1,-1
25,8,60,728,276,136,1,-1,-1,-1
25,9,464,712,152,116,1,-1,-1,-1
25,10,1600,723,128,104,1,-1,-1,-1
25,11,952,648,148,104,1,-1,-1,-1
26,5,288,700,212,132,1,-1,-1,-1
26,6,1671,726,212,120,1,-1,-1,-1
26,7,1821,768,328,156,1,-1,-1,-1
26,8,57,728,276,136,1,-1,-1,-1
26,9,454,713,152,116,1,-1,-1,-1
26,10,1576,725,122,99,1,-1,-1,-1
26,11,950,649,148,104,1,-1,-1,-1
27,5,283,699,212,132,1,-1,-1,-1
27,6,1661,723,212,120,1,-1,-1,-1
27,7,1808,768,328,156,1,-1,-1,-1
27,8,55,728,276,136,1,-1,-1,-1
27,9,445,714,152,116,1,-1,-1,-1
27,10,1568,723,122,99,1,-1,-1,-1
27,11,948,651,148,104,1,-1,-1,-1
28,5,281,698,212,132,1,-1,-1,-1
28,6,1651,721,212,120,1,-1,-1,-1
28,7,1776,764,328,156,1,-1,-1,-1
28,8,55,729,276,136,1,-1,-1,-1
28,9,434,709,160,122,1,-1,-1,-1
28,11,944,652,148,104,1,-1,-1,-1
29,5,284,700,202,126,1,-1,-1,-1
29,6,1610,717,212,120,1,-1,-1,-1
29,7,1735,761,328,156,1,-1,-1,-1
29,8,57,729,276,136,1,-1,-1,-1
29,9,441,708,160,122,1,-1,-1,-1
29,11,943,653,148,104,1,-1,-1,-1
30,5,284,698,202,126,1,-1,-1,-1
30,6,1590,721,212,120,1,-1,-1,-1
30,7,1702,752,328,156,1,-1,-1,-1
30,8,61,728,276,136,1,-1,-1,-1
30,9,441,707,160,122,1,-1,-1,-1
30,11,938,651,155,109,1,-1,-1,-1
31,5,290,697,202,126,1,-1,-1,-1
31,6,1526,705,212,120,1,-1,-1,-1
31,7,1663,749,328,156,1,-1,-1,-1
31,8,65,726,276,136,1,-1,-1,-1
31,9,446,712,152,116,1,-1,-1,-1
31,11,939,653,155,109,1,-1,-1,-1
32,5,291,696,202,126,1,-1,-1,-1
32,6,1505,707,212,120,1,-1,-1,-1
32,7,1627,741,328,156,1,-1,-1,-1
32,8,76,730,263,130,1,-1,-1,-1
32,9,443,711,152,116,1,-1,-1,-1
32,11,938,650,163,115,1,-1,-1,-1
33,5,291,696,202,126,1,-1,-1,-1
33,6,1508,688,216,108,1,-1,-1,-1
33,7,1608,748,268,144,1,-1,-1,-1
33,8,84,720,296,140,1,-1,-1,-1
33,9,356,716,240,116,1,-1,-1,-1
33,11,932,644,176,128,1,-1,-1,-1
34,5,343,709,202,126,1,-1,-1,-1
34,6,1489,687,216,108,1,-1,-1,-1
34,8,87,720,296,140,1,-1,-1,-1
34,9,354,715,240,116,1,-1,-1,-1
34,11,933,645,176,128,1,-1,-1,-1
35,5,356,723,192,120,1,-1,-1,-1
35,6,1470,685,216,108,1,-1,-1,-1
35,8,91,719,296,140,1,-1,-1,-1
35,9,355,719,229,110,1,-1,-1,-1
35,11,935,646,176,128,1,-1,-1,-1
36,5,361,722,192,120,1,-1,-1,-1
36,6,1447,683,216,108,1,-1,-1,-1
36,8,96,719,296,140,1,-1,-1,-1
36,9,349,719,229,110,1,-1,-1,-1
36,11,937,648,176,128,1,-1,-1,-1
37,6,1427,681,216,108,1,-1,-1,-1
37,8,109,717,296,140,1,-1,-1,-1
37,9,345,718,229,110,1,-1,-1,-1
37,11,938,651,176,128,1,-1,-1,-1
38,6,1413,676,216,108,1,-1,-1,-1
38,8,111,716,296,140,1,-1,-1,-1
38,9,344,722,218,105,1,-1,-1,-1
38,11,939,651,176,128,1,-1,-1,-1
39,6,1394,675,216,108,1,-1,-1,-1
39,8,129,714,296,140,1,-1,-1,-1
39,9,350,723,218,105,1,-1,-1,-1
39,11,941,652,176,128,1,-1,-1,-1
40,6,1373,677,216,108,1,-1,-1,-1
40,8,130,714,296,140,1,-1,-1,-1
40,9,332,729,218,105,1,-1,-1,-1
40,11,944,653,176,128,1,-1,-1,-1
41,6,1373,677,216,108,1,-1,-1,-1
41,8,164,712,220,140,1,-1,-1,-1
41,9,380,728,160,104,1,-1,-1,-1
41,11,944,653,176,128,1,-1,-1,-1
41,12,24,708,132,148,1,-1,-1,-1
41,13,1376,720,220,112,1,-1,-1,-1
41,14,1740,728,204,108,1,-1,-1,-1
41,15,1368,672,184,72,1,-1,-1,-1
42,6,1337,678,216,108,1,-1,-1,-1
42,8,167,712,220,140,1,-1,-1,-1
42,9,378,729,160,104,1,-1,-1,-1
42,11,956,657,176,128,1,-1,-1,-1
42,12,29,708,132,148,1,-1,-1,-1
42,13,1357,725,210,107,1,-1,-1,-1
42,14,1753,731,204,108,1,-1,-1,-1
42,15,1346,673,184,72,1,-1,-1,-1
43,8,169,711,220,140,1,-1,-1,-1
43,9,375,730,160,104,1,-1,-1,-1
43,11,962,658,176,128,1,-1,-1,-1
43,12,33,709,132,148,1,-1,-1,-1
43,13,1336,727,210,107,1,-1,-1,-1
43,14,1767,731,214,113,1,-1,-1,-1
43,15,1332,675,175,69,1,-1,-1,-1
44,8,171,711,220,140,1,-1,-1,-1
44,9,373,731,160,104,1,-1,-1,-1
44,11,967,663,168,122,1,-1,-1,-1
44,12,38,709,132,148,1,-1,-1,-1
44,13,1319,727,200,102,1,-1,-1,-1
44,14,1812,749,214,113,1,-1,-1,-1
44,15,1321,675,167,65,1,-1,-1,-1
45,8,172,711,220,140,1,-1,-1,-1
45,9,359,731,160,104,1,-1,-1,-1
45,11,967,665,168,122,1,-1,-1,-1
45,12,41,709,132,148,1,-1,-1,-1
45,13,1300,728,200,102,1,-1,-1,-1
45,14,1849,753,214,113,1,-1,-1,-1
45,15,1310,670,167,65,1,-1,-1,-1
46,8,174,711,220,140,1,-1,-1,-1
46,9,367,732,152,99,1,-1,-1,-1
46,11,968,666,168,122,1,-1,-1,-1
46,12,43,710,132,148,1,-1,-1,-1
46,13,1235,720,200,102,1,-1,-1,-1
46,14,1868,757,214,113,1,-1,-1,-1
46,15,1307,665,167,65,1,-1,-1,-1
47,8,180,714,210,133,1,-1,-1,-1
47,9,352,734,145,94,1,-1,-1,-1
47,11,970,667,168,122,1,-1,-1,-1
47,12,44,711,132,148,1,-1,-1,-1
47,13,1207,710,210,107,1,-1,-1,-1
47,14,1880,756,225,119,1,-1,-1,-1
47,15,1289,667,167,65,1,-1,-1,-1
48,8,180,713,210,133,1,-1,-1,-1
48,9,344,732,145,94,1,-1,-1,-1
48,11,970,665,168,122,1,-1,-1,-1
48,12,44,713,132,148,1,-1,-1,-1
48,13,1189,701,210,107,1,-1,-1,-1
48,14,1923,763,225,119,1,-1,-1,-1
48,15,1273,667,167,65,1,-1,-1,-1
49,8,180,713,210,133,1,-1,-1,-1
49,9,344,732,145,94,1,-1,-1,-1
49,11,1000,688,144,100,1,-1,-1,-1
49,12,44,713,132,148,1,-1,-1,-1
49,13,1260,684,140,116,1,-1,-1,-1
49,14,1923,763,225,119,1,-1,-1,-1
49,15,1273,667,167,65,1,-1,-1,-1
49,16,1300,612,92,128,1,-1,-1,-1
50,8,176,714,210,133,1,-1,-1,-1
50,9,360,728,152,99,1,-1,-1,-1
50,11,997,688,144,100,1,-1,-1,-1
50,12,35,716,132,148,1,-1,-1,-1
50,13,1241,681,147,122,1,-1,-1,-1
50,15,1239,664,167,65,1,-1,-1,-1
50,16,1288,605,92,128,1,-1,-1,-1
51,8,170,713,210,133,1,-1,-1,-1
51,11,992,688,144,100,1,-1,-1,-1
51,12,25,717,132,148,1,-1,-1,-1
51,13,1218,676,147,122,1,-1,-1,-1
51,16,1274,585,97,134,1,-1,-1,-1
52,8,159,710,220,140,1,-1,-1,-1
52,11,987,690,144,100,1,-1,-1,-1
52,12,16,719,132,148,1,-1,-1,-1
52,13,1194,682,147,122,1,-1,-1,-1
52,16,1265,576,92,128,1,-1,-1,-1
53,8,147,713,220,140,1,-1,-1,-1
53,11,981,691,144,100,1,-1,-1,-1
53,12,5,724,132,148,1,-1,-1,-1
53,13,1176,679,147,122,1,-1,-1,-1
53,16,1269,555,88,122,1,-1,-1,-1
54,8,135,710,231,147,1,-1,-1,-1
54,11,975,691,144,100,1,-1,-1,-1
54,12,0,724,124,148,1,-1,-1,-1
54,13,1145,665,147,122,1,-1,-1,-1
54,16,1264,548,88,122,1,-1,-1,-1
55,8,119,712,231,147,1,-1,-1,-1
55,11,960,689,144,100,1,-1,-1,-1
55,12,0,723,110,148,1,-1,-1,-1
55,13,1104,672,147,122,1,-1,-1,-1
55,16,1273,522,88,122,1,-1,-1,-1
56,8,106,712,231,147,1,-1,-1,-1
56,11,950,689,144,100,1,-1,-1,-1
56,12,0,725,93,148,1,-1,-1,-1
56,13,1083,677,147,122,1,-1,-1,-1
57,8,106,712,231,147,1,-1,-1,-1
57,11,950,689,144,100,1,-1,-1,-1
57,12,0,725,93,148,1,-1,-1,-1
57,13,1083,677,147,122,1,-1,-1,-1
57,17,1216,1188,192,152,1,-1,-1,-1
58,8,64,715,231,147,1,-1,-1,-1
58,11,920,687,144,100,1,-1,-1,-1
58,12,1,742,139,155,1,-1,-1,-1
58,17,1192,1154,192,152,1,-1,-1,-1
59,8,39,719,231,147,1,-1,-1,-1
59,11,904,690,144,100,1,-1,-1,-1
59,12,3,740,146,163,1,-1,-1,-1
59,17,1165,1135,192,152,1,-1,-1,-1
60,8,13,721,231,147,1,-1,-1,-1
60,12,14,741,146,163,1,-1,-1,-1
60,17,1132,1150,202,160,1,-1,-1,-1
61,8,0,722,221,147,1,-1,-1,-1
61,12,0,740,143,163,1,-1,-1,-1
61,17,1108,1190,202,160,1,-1,-1,-1
62,8,0,726,196,147,1,-1,-1,-1
62,17,1097,1212,202,160,1,-1,-1,-1
63,17,1075,1231,202,160,1,-1,-1,-1
64,17,1049,1264,202,160,1,-1,-1,-1
65,17,1049,1264,202,160,1,-1,-1,-1
65,18,132,716,140,128,1,-1,-1,-1
66,17,1015,1286,202,154,1,-1,-1,-1
66,18,120,720,140,128,1,-1,-1,-1
67,17,1011,1289,192,151,1,-1,-1,-1
67,18,111,722,140,128,1,-1,-1,-1
68,17,1001,1277,192,152,1,-1,-1,-1
68,18,103,722,140,128,1,-1,-1,-1
69,17,993,1263,192,152,1,-1,-1,-1
69,18,100,723,140,128,1,-1,-1,-1
70,17,994,1262,192,152,1,-1,-1,-1
70,18,95,726,140,128,1,-1,-1,-1
71,17,1004,1266,192,152,1,-1,-1,-1
71,18,93,731,140,128,1,-1,-1,-1
72,17,1018,1280,192,152,1,-1,-1,-1
72,18,97,726,140,128,1,-1,-1,-1
73,17,1018,1280,192,152,1,-1,-1,-1
73,18,97,726,140,128,1,-1,-1,-1
73,19,0,748,140,132,1,-1,-1,-1
73,20,1736,804,288,140,1,-1,-1,-1
74,17,1045,1316,192,124,1,-1,-1,-1
74,18,106,722,147,134,1,-1,-1,-1
74,19,9,749,140,132,1,-1,-1,-1
74,20,1728,803,288,140,1,-1,-1,-1
75,17,1065,1335,192,105,1,-1,-1,-1
75,18,108,728,147,134,1,-1,-1,-1
75,19,17,750,140,132,1,-1,-1,-1
75,20,1722,805,274,133,1,-1,-1,-1
76,17,1084,1349,192,91,1,-1,-1,-1
76,18,116,737,147,134,1,-1,-1,-1
76,19,27,751,140,132,1,-1,-1,-1
76,20,1709,807,274,133,1,-1,-1,-1
77,17,1098,1337,192,103,1,-1,-1,-1
77,19,41,751,140,132,1,-1,-1,-1
77,20,1701,806,274,133,1,-1,-1,-1
78,17,1121,1317,192,123,1,-1,-1,-1
78,19,55,753,140,132,1,-1,-1,-1
78,20,1680,795,274,133,1,-1,-1,-1
79,17,1147,1300,192,140,1,-1,-1,-1
79,19,48,751,140,132,1,-1,-1,-1
79,20,1662,791,274,133,1,-1,-1,-1
80,17,1176,1294,192,146,1,-1,-1,-1
80,19,0,764,141,139,1,-1,-1,-1
80,20,1658,788,274,133,1,-1,-1,-1
81,17,1176,1294,192,146,1,-1,-1,-1
81,19,0,764,141,139,1,-1,-1,-1
81,20,1656,772,260,148,1,-1,-1,-1
81,21,136,776,232,140,1,-1,-1,-1
81,22,4,732,252,156,1,-1,-1,-1
81,23,1164,704,228,92,1,-1,-1,-1
82,17,1226,1302,192,138,1,-1,-1,-1
82,19,0,776,142,139,1,-1,-1,-1
82,20,1650,772,260,148,1,-1,-1,-1
82,21,145,779,232,140,1,-1,-1,-1
82,22,22,731,252,156,1,-1,-1,-1
82,23,1193,706,228,92,1,-1,-1,-1
83,17,1252,1317,192,123,1,-1,-1,-1
83,20,1629,764,260,148,1,-1,-1,-1
83,21,150,779,232,140,1,-1,-1,-1
83,22,42,731,252,156,1,-1,-1,-1
83,23,1234,709,228,92,1,-1,-1,-1
84,17,1281,1318,192,122,1,-1,-1,-1
84,20,1617,762,260,148,1,-1,-1,-1
84,21,168,778,232,140,1,-1,-1,-1
84,22,69,730,252,156,1,-1,-1,-1
84,23,1266,708,228,92,1,-1,-1,-1
85,17,1310,1317,192,123,1,-1,-1,-1
85,20,1626,752,260,148,1,-1,-1,-1
85,21,147,795,232,140,1,-1,-1,-1
85,22,89,732,252,156,1,-1,-1,-1
85,23,1324,712,217,88,1,-1,-1,-1
86,17,1335,1313,192,127,1,-1,-1,-1
86,20,1610,750,248,141,1,-1,-1,-1
86,21,128,803,232,140,1,-1,-1,-1
86,22,118,736,252,156,1,-1,-1,-1
86,23,1370,719,217,88,1,-1,-1,-1
87,17,1357,1312,192,128,1,-1,-1,-1
87,20,1618,752,236,134,1,-1,-1,-1
87,21,148,828,221,133,1,-1,-1,-1
87,22,141,749,265,164,1,-1,-1,-1
87,23,1390,722,228,92,1,-1,-1,-1
88,17,1378,1311,192,129,1,-1,-1,-1
88,20,1620,750,236,134,1,-1,-1,-1
88,21,141,835,221,133,1,-1,-1,-1
88,22,174,752,265,164,1,-1,-1,-1
88,23,1416,723,239,97,1,-1,-1,-1
89,17,1378,1311,192,129,1,-1,-1,-1
89,20,1648,764,152,124,1,-1,-1,-1
89,21,0,824,360,136,1,-1,-1,-1
89,22,174,752,265,164,1,-1,-1,-1
89,23,1448,720,180,112,1,-1,-1,-1
89,24,0,760,140,124,1,-1,-1,-1
89,25,1236,756,192,80,1,-1,-1,-1
89,26,236,736,244,120,1,-1,-1,-1
89,27,1064,700,224,108,1,-1,-1,-1
90,17,1425,1306,192,134,1,-1,-1,-1
90,20,1649,761,152,124,1,-1,-1,-1
90,21,0,825,338,136,1,-1,-1,-1
90,23,1468,721,180,112,1,-1,-1,-1
90,24,15,759,140,124,1,-1,-1,-1
90,25,1265,755,192,80,1,-1,-1,-1
90,26,258,737,244,120,1,-1,-1,-1
90,27,1091,700,224,108,1,-1,-1,-1
91,17,1446,1303,192,137,1,-1,-1,-1
91,20,1651,754,152,124,1,-1,-1,-1
91,21,0,832,299,130,1,-1,-1,-1
91,23,1488,719,180,112,1,-1,-1,-1
91,24,32,757,140,124,1,-1,-1,-1
91,25,1300,757,192,80,1,-1,-1,-1
91,26,280,737,244,120,1,-1,-1,-1
91,27,1114,700,224,108,1,-1,-1,-1
92,17,1460,1299,192,141,1,-1,-1,-1
92,20,1668,760,145,118,1,-1,-1,-1
92,21,0,835,262,123,1,-1,-1,-1
92,23,1503,718,180,112,1,-1,-1,-1
92,24,48,755,140,124,1,-1,-1,-1
92,25,1328,757,192,80,1,-1,-1,-1
92,26,300,738,244,120,1,-1,-1,-1
92,27,1131,701,224,108,1,-1,-1,-1
93,17,1471,1300,192,140,1,-1,-1,-1
93,20,1654,758,145,118,1,-1,-1,-1
93,21,0,836,254,123,1,-1,-1,-1
93,23,1523,719,171,107,1,-1,-1,-1
93,24,60,757,140,124,1,-1,-1,-1
93,25,1364,762,192,80,1,-1,-1,-1
93,26,303,732,256,126,1,-1,-1,-1
93,27,1150,699,224,108,1,-1,-1,-1
94,17,1487,1307,192,133,1,-1,-1,-1
94,20,1668,751,145,118,1,-1,-1,-1
94,21,0,852,193,123,1,-1,-1,-1
94,23,1533,716,171,107,1,-1,-1,-1
94,24,73,759,140,124,1,-1,-1,-1
94,25,1371,763,183,76,1,-1,-1,-1
94,26,320,730,269,132,1,-1,-1,-1
94,27,1166,698,224,108,1,-1,-1,-1
95,17,1497,1314,192,126,1,-1,-1,-1
95,20,1670,763,138,112,1,-1,-1,-1
95,21,0,855,141,123,1,-1,-1,-1
95,23,1546,715,171,107,1,-1,-1,-1
95,24,83,759,140,124,1,-1,-1,-1
95,25,1430,765,183,76,1,-1,-1,-1
95,26,333,731,269,132,1,-1,-1,-1
95,27,1175,695,235,113,1,-1,-1,-1
96,17,1503,1315,192,125,1,-1,-1,-1
96,20,1618,741,138,112,1,-1,-1,-1
96,21,0,858,112,123,1,-1,-1,-1
96,23,1555,712,171,107,1,-1,-1,-1
96,24,94,761,140,124,1,-1,-1,-1
96,25,1471,772,183,76,1,-1,-1,-1
96,26,347,733,269,132,1,-1,-1,-1
96,27,1184,693,247,119,1,-1,-1,-1
97,17,1503,1315,192,125,1,-1,-1,-1
97,20,1618,741,138,112,1,-1,-1,-1
97,21,0,858,112,123,1,-1,-1,-1
97,23,1555,712,171,107,1,-1,-1,-1
97,24,94,761,140,124,1,-1,-1,-1
97,25,1471,772,183,76,1,-1,-1,-1
97,26,444,740,168,128,1,-1,-1,-1
97,27,1240,704,184,104,1,-1,-1,-1
97,28,20,768,236,156,1,-1,-1,-1
97,29,268,740,172,152,1,-1,-1,-1
97,30,1340,724,216,100,1,-1,-1,-1
97,31,1496,728,272,140,1,-1,-1,-1
98,17,1520,1298,192,142,1,-1,-1,-1
98,23,1533,710,180,112,1,-1,-1,-1
98,24,107,766,140,124,1,-1,-1,-1
98,26,455,739,168,128,1,-1,-1,-1
98,27,1258,706,184,104,1,-1,-1,-1
98,28,23,769,236,156,1,-1,-1,-1
98,29,279,740,172,152,1,-1,-1,-1
98,30,1360,724,216,100,1,-1,-1,-1
98,31,1508,726,272,140,1,-1,-1,-1
99,17,1532,1291,192,149,1,-1,-1,-1
99,23,1548,712,180,112,1,-1,-1,-1
99,26,460,741,168,128,1,-1,-1,-1
99,27,1271,707,193,109,1,-1,-1,-1
99,28,21,766,248,164,1,-1,-1,-1
99,29,285,740,172,152,1,-1,-1,-1
99,30,1391,726,206,95,1,-1,-1,-1
99,31,1519,725,272,140,1,-1,-1,-1
100,17,1544,1265,192,152,1,-1,-1,-1
100,26,473,744,176,134,1,-1,-1,-1
100,27,1271,710,193,109,1,-1,-1,-1
100,28,23,768,248,164,1,-1,-1,-1
100,29,292,740,172,152,1,-1,-1,-1
100,30,1418,728,206,95,1,-1,-1,-1
100,31,1542,726,272,140,1,-1,-1,-1
101,17,1540,1230,192,152,1,-1,-1,-1
101,26,486,744,176,134,1,-1,-1,-1
101,27,1286,709,193,109,1,-1,-1,-1
101,28,25,769,248,164,1,-1,-1,-1
101,29,298,739,172,152,1,-1,-1,-1
101,30,1443,727,216,100,1,-1,-1,-1
101,31,1621,724,286,147,1,-1,-1,-1
102,17,1516,1204,202,160,1,-1,-1,-1
102,26,500,745,176,134,1,-1,-1,-1
102,27,1302,707,193,109,1,-1,-1,-1
102,28,24,768,248,164,1,-1,-1,-1
102,29,302,738,172,152,1,-1,-1,-1
102,30,1455,723,227,105,1,-1,-1,-1
102,31,1618,718,300,154,1,-1,-1,-1
103,17,1495,1189,202,160,1,-1,-1,-1
103,26,507,750,168,128,1,-1,-1,-1
103,27,1315,707,193,109,1,-1,-1,-1
103,28,24,767,248,164,1,-1,-1,-1
103,29,305,738,172,152,1,-1,-1,-1
103,30,1442,720,238,110,1,-1,-1,-1
103,31,1768,707,300,154,1,-1,-1,-1
104,17,1484,1183,202,160,1,-1,-1,-1
104,26,525,752,168,128,1,-1,-1,-1
104,27,1331,708,193,109,1,-1,-1,-1
104,28,21,767,248,164,1,-1,-1,-1
104,29,311,738,172,152,1,-1,-1,-1
104,30,1434,729,238,110,1,-1,-1,-1
104,31,1798,712,300,154,1,-1,-1,-1
105,17,1484,1183,202,160,1,-1,-1,-1
105,26,525,752,168,128,1,-1,-1,-1
105,27,1348,712,188,100,1,-1,-1,-1
105,28,4,768,264,160,1,-1,-1,-1
105,29,320,740,168,148,1,-1,-1,-1
105,30,1434,729,238,110,1,-1,-1,-1
105,31,1840,752,272,148,1,-1,-1,-1
105,32,536,760,284,112,1,-1,-1,-1
105,33,1552,720,160,116,1,-1,-1,-1
106,17,1521,1197,202,160,1,-1,-1,-1
106,27,1361,712,188,100,1,-1,-1,-1
106,28,4,768,264,160,1,-1,-1,-1
106,29,323,740,168,148,1,-1,-1,-1
106,31,1846,750,272,148,1,-1,-1,-1
106,32,558,760,284,112,1,-1,-1,-1
106,33,1556,720,160,116,1,-1,-1,-1
107,17,1515,1213,202,160,1,-1,-1,-1
107,27,1369,713,188,100,1,-1,-1,-1
107,28,4,768,264,160,1,-1,-1,-1
107,29,328,740,168,148,1,-1,-1,-1
107,31,1853,749,272,148,1,-1,-1,-1
107,32,580,754,298,118,1,-1,-1,-1
107,33,1559,719,160,116,1,-1,-1,-1
108,17,1487,1199,202,160,1,-1,-1,-1
108,27,1375,713,188,100,1,-1,-1,-1
108,28,5,768,264,160,1,-1,-1,-1
108,29,332,740,168,148,1,-1,-1,-1
108,31,1845,747,286,155,1,-1,-1,-1
108,32,638,755,284,112,1,-1,-1,-1
108,33,1563,720,160,116,1,-1,-1,-1
109,17,1466,1160,202,160,1,-1,-1,-1
109,27,1380,712,188,100,1,-1,-1,-1
109,28,4,769,264,160,1,-1,-1,-1
109,29,336,740,168,148,1,-1,-1,-1
109,31,1858,747,272,148,1,-1,-1,-1
109,32,680,752,284,112,1,-1,-1,-1
109,33,1567,721,160,116,1,-1,-1,-1
110,17,1479,1135,202,160,1,-1,-1,-1
110,27,1387,711,188,100,1,-1,-1,-1
110,28,1,768,264,160,1,-1,-1,-1
110,29,341,740,168,148,1,-1,-1,-1
110,31,1854,740,272,148,1,-1,-1,-1
110,32,740,751,270,107,1,-1,-1,-1
110,33,1572,719,160,116,1,-1,-1,-1
111,17,1509,1146,202,160,1,-1,-1,-1
111,27,1389,709,188,100,1,-1,-1,-1
111,28,0,763,270,168,1,-1,-1,-1
111,29,346,740,168,148,1,-1,-1,-1
111,31,1846,728,286,155,1,-1,-1,-1
111,32,764,745,284,112,1,-1,-1,-1
111,33,1574,718,160,116,1,-1,-1,-1
112,17,1549,1153,202,160,1,-1,-1,-1
112,27,1390,709,188,100,1,-1,-1,-1
112,28,0,761,270,168,1,-1,-1,-1
112,29,353,739,168,148,1,-1,-1,-1
112,31,1845,729,286,155,1,-1,-1,-1
112,32,794,744,284,112,1,-1,-1,-1
112,33,1576,718,160,116,1,-1,-1,-1
113,17,1549,1153,202,160,1,-1,-1,-1
113,27,1408,720,140,96,1,-1,-1,-1
113,28,0,768,248,156,1,-1,-1,-1
113,29,348,732,228,144,1,-1,-1,-1
113,31,1845,729,286,155,1,-1,-1,-1
113,32,828,732,292,136,1,-1,-1,-1
113,33,1576,718,160,116,1,-1,-1,-1
113,34,2196,744,152,148,1,-1,-1,-1
114,17,1590,1168,202,160,1,-1,-1,-1
114,27,1407,719,140,96,1,-1,-1,-1
114,28,0,768,244,156,1,-1,-1,-1
114,29,354,732,228,144,1,-1,-1,-1
114,33,1577,713,160,116,1,-1,-1,-1
114,34,2207,743,152,148,1,-1,-1,-1
115,17,1591,1200,202,160,1,-1,-1,-1
115,27,1405,718,140,96,1,-1,-1,-1
115,28,0,766,240,156,1,-1,-1,-1
115,29,362,733,228,144,1,-1,-1,-1
115,34,2210,742,152,148,1,-1,-1,-1
116,17,1584,1230,202,160,1,-1,-1,-1
116,27,1402,717,140,96,1,-1,-1,-1
116,28,0,764,238,156,1,-1,-1,-1
116,29,374,731,228,144,1,-1,-1,-1
116,34,2203,732,160,155,1,-1,-1,-1
117,17,1569,1238,202,160,1,-1,-1,-1
117,27,1400,717,140,96,1,-1,-1,-1
117,28,0,762,236,156,1,-1,-1,-1
117,29,392,725,228,144,1,-1,-1,-1
117,34,2205,725,160,155,1,-1,-1,-1
118,17,1565,1239,202,160,1,-1,-1,-1
118,27,1394,714,147,101,1,-1,-1,-1
118,28,0,759,236,156,1,-1,-1,-1
118,29,412,718,228,144,1,-1,-1,-1
118,34,2201,686,160,155,1,-1,-1,-1
119,17,1571,1240,192,152,1,-1,-1,-1
119,27,1391,714,147,101,1,-1,-1,-1
119,28,0,759,233,156,1,-1,-1,-1
119,29,432,711,228,144,1,-1,-1,-1
119,34,2196,691,160,155,1,-1,-1,-1
120,17,1573,1230,192,152,1,-1,-1,-1
120,27,1382,711,154,106,1,-1,-1,-1
120,28,0,759,232,156,1,-1,-1,-1
120,29,447,707,228,144,1,-1,-1,-1
120,34,2183,689,160,155,1,-1,-1,-1
121,17,1573,1230,192,152,1,-1,-1,-1
121,27,1392,712,144,100,1,-1,-1,-1
121,28,0,752,228,164,1,-1,-1,-1
121,29,460,720,232,132,1,-1,-1,-1
121,34,2183,689,160,155,1,-1,-1,-1
121,35,2220,732,192,164,1,-1,-1,-1
121,36,1212,712,172,92,1,-1,-1,-1
122,17,1575,1233,192,152,1,-1,-1,-1
122,27,1390,712,144,100,1,-1,-1,-1
122,28,0,751,225,164,1,-1,-1,-1
122,29,466,720,232,132,1,-1,-1,-1
122,34,2206,726,160,155,1,-1,-1,-1
122,35,2212,728,202,172,1,-1,-1,-1
122,36,1232,708,172,92,1,-1,-1,-1
123,17,1570,1234,192,152,1,-1,-1,-1
123,27,1386,712,144,100,1,-1,-1,-1
123,28,0,751,221,164,1,-1,-1,-1
123,29,481,721,232,132,1,-1,-1,-1
123,35,2195,722,212,181,1,-1,-1,-1
123,36,1264,705,172,92,1,-1,-1,-1
124,17,1556,1233,192,152,1,-1,-1,-1
124,27,1379,711,144,100,1,-1,-1,-1
124,28,0,750,217,164,1,-1,-1,-1
124,29,498,715,232,132,1,-1,-1,-1
124,35,2184,723,212,181,1,-1,-1,-1
124,36,1319,699,181,97,1,-1,-1,-1
125,17,1544,1234,192,152,1,-1,-1,-1
125,27,1371,708,151,105,1,-1,-1,-1
125,28,0,753,205,156,1,-1,-1,-1
125,29,517,711,232,132,1,-1,-1,-1
125,35,2179,723,212,181,1,-1,-1,-1
125,36,1339,698,190,101,1,-1,-1,-1
126,17,1529,1236,192,152,1,-1,-1,-1
126,27,1364,708,151,105,1,-1,-1,-1
126,28,0,753,200,156,1,-1,-1,-1
126,29,529,707,232,132,1,-1,-1,-1
126,35,2175,730,212,181,1,-1,-1,-1
126,36,1340,699,190,101,1,-1,-1,-1
127,17,1518,1242,192,152,1,-1,-1,-1
127,27,1358,709,151,105,1,-1,-1,-1
127,28,0,753,190,156,1,-1,-1,-1
127,29,552,710,221,126,1,-1,-1,-1
127,35,2162,737,212,181,1,-1,-1,-1
127,36,1339,701,190,101,1,-1,-1,-1
128,17,1500,1250,192,152,1,-1,-1,-1
128,27,1350,709,151,105,1,-1,-1,-1
128,28,0,754,180,156,1,-1,-1,-1
128,29,554,704,232,132,1,-1,-1,-1
128,35,2148,745,212,181,1,-1,-1,-1
129,17,1500,1250,192,152,1,-1,-1,-1
129,27,1350,709,151,105,1,-1,-1,-1
129,28,0,752,192,156,1,-1,-1,-1
129,29,572,700,228,124,1,-1,-1,-1
129,35,2092,780,232,152,1,-1,-1,-1
130,17,1482,1251,192,152,1,-1,-1,-1
130,27,1340,707,151,105,1,-1,-1,-1
130,28,0,752,183,156,1,-1,-1,-1
130,29,584,699,228,124,1,-1,-1,-1
130,35,2082,782,232,152,1,-1,-1,-1
131,17,1482,1238,192,152,1,-1,-1,-1
131,27,1337,704,159,110,1,-1,-1,-1
131,28,0,752,175,156,1,-1,-1,-1
131,29,602,699,228,124,1,-1,-1,-1
131,35,2060,780,244,160,1,-1,-1,-1
132,17,1472,1213,192,152,1,-1,-1,-1
132,27,1339,704,159,110,1,-1,-1,-1
132,28,0,755,161,149,1,-1,-1,-1
132,29,621,700,217,118,1,-1,-1,-1
132,35,2043,781,244,160,1,-1,-1,-1
133,17,1449,1185,192,152,1,-1,-1,-1
133,27,1343,703,159,110,1,-1,-1,-1
133,28,0,753,153,149,1,-1,-1,-1
133,29,642,697,217,118,1,-1,-1,-1
133,35,2022,785,244,160,1,-1,-1,-1
134,17,1434,1175,183,145,1,-1,-1,-1
134,27,1346,700,159,110,1,-1,-1,-1
134,28,0,755,144,141,1,-1,-1,-1
134,29,658,694,217,118,1,-1,-1,-1
134,35,1997,785,244,160,1,-1,-1,-1
135,17,1432,1191,183,145,1,-1,-1,-1
135,28,0,755,133,141,1,-1,-1,-1
135,29,670,694,217,118,1,-1,-1,-1
135,35,1968,787,244,160,1,-1,-1,-1
136,17,1437,1222,183,145,1,-1,-1,-1
136,28,0,755,126,141,1,-1,-1,-1
136,29,690,685,217,118,1,-1,-1,-1
136,35,1946,790,232,152,1,-1,-1,-1
137,17,1437,1222,183,145,1,-1,-1,-1
137,28,0,755,126,141,1,-1,-1,-1
137,29,724,684,164,128,1,-1,-1,-1
137,35,1920,796,236,124,1,-1,-1,-1
138,17,1418,1288,183,145,1,-1,-1,-1
138,28,0,726,105,135,1,-1,-1,-1
138,29,730,683,164,128,1,-1,-1,-1
138,35,1904,796,236,124,1,-1,-1,-1
139,17,1405,1292,183,145,1,-1,-1,-1
139,28,0,728,110,135,1,-1,-1,-1
139,29,742,678,172,134,1,-1,-1,-1
139,35,1883,795,248,130,1,-1,-1,-1
140,17,1400,1278,183,145,1,-1,-1,-1
140,28,0,729,117,135,1,-1,-1,-1
140,29,756,677,172,134,1,-1,-1,-1
140,35,1866,799,248,130,1,-1,-1,-1
141,17,1401,1255,183,145,1,-1,-1,-1
141,28,0,732,112,128,1,-1,-1,-1
141,29,769,681,164,128,1,-1,-1,-1
141,35,1842,801,248,130,1,-1,-1,-1
142,17,1403,1237,183,145,1,-1,-1,-1
142,29,775,680,164,128,1,-1,-1,-1
142,35,1821,802,248,130,1,-1,-1,-1
143,17,1403,1234,183,145,1,-1,-1,-1
143,29,781,678,164,128,1,-1,-1,-1
143,35,1805,802,248,130,1,-1,-1,-1
144,17,1403,1235,183,145,1,-1,-1,-1
144,29,790,680,156,122,1,-1,-1,-1
144,35,1775,798,260,137,1,-1,-1,-1
145,17,1403,1235,183,145,1,-1,-1,-1
145,29,816,680,128,116,1,-1,-1,-1
145,35,1744,804,240,124,1,-1,-1,-1
145,37,0,780,240,156,1,-1,-1,-1
145,38,1420,704,200,128,1,-1,-1,-1
145,39,1544,672,92,60,1,-1,-1,-1
146,17,1404,1235,183,145,1,-1,-1,-1
146,29,818,680,128,116,1,-1,-1,-1
146,35,1725,810,229,118,1,-1,-1,-1
146,37,18,779,240,156,1,-1,-1,-1
146,38,1420,704,200,128,1,-1,-1,-1
146,39,1547,671,92,60,1,-1,-1,-1
147,17,1407,1238,183,145,1,-1,-1,-1
147,29,824,683,122,110,1,-1,-1,-1
147,35,1705,821,229,118,1,-1,-1,-1
147,37,30,775,252,164,1,-1,-1,-1
147,38,1420,704,200,128,1,-1,-1,-1
147,39,1546,669,97,63,1,-1,-1,-1
148,17,1410,1245,192,152,1,-1,-1,-1
148,29,826,683,122,110,1,-1,-1,-1
148,35,1632,821,240,124,1,-1,-1,-1
148,37,52,764,265,172,1,-1,-1,-1
148,38,1421,704,200,128,1,-1,-1,-1
148,39,1546,671,97,63,1,-1,-1,-1
149,17,1414,1256,192,152,1,-1,-1,-1
149,29,828,682,122,110,1,-1,-1,-1
149,35,1594,821,252,130,1,-1,-1,-1
149,37,57,764,265,172,1,-1,-1,-1
149,38,1422,704,200,128,1,-1,-1,-1
149,39,1547,669,97,63,1,-1,-1,-1
150,17,1415,1264,192,152,1,-1,-1,-1
150,29,830,682,122,110,1,-1,-1,-1
150,35,1565,827,252,130,1,-1,-1,-1
150,37,78,745,278,181,1,-1,-1,-1
150,38,1425,704,200,128,1,-1,-1,-1
150,39,1548,668,97,63,1,-1,-1,-1
151,17,1416,1265,192,152,1,-1,-1,-1
151,29,832,682,122,110,1,-1,-1,-1
151,35,1509,806,265,137,1,-1,-1,-1
151,37,110,737,278,181,1,-1,-1,-1
151,38,1426,703,200,128,1,-1,-1,-1
151,39,1551,667,97,63,1,-1,-1,-1
152,17,1418,1261,192,152,1,-1,-1,-1
152,29,833,681,122,110,1,-1,-1,-1
152,35,1464,805,265,137,1,-1,-1,-1
152,37,113,732,278,181,1,-1,-1,-1
152,38,1427,701,200,128,1,-1,-1,-1
152,39,1554,669,97,63,1,-1,-1,-1
153,17,1418,1261,192,152,1,-1,-1,-1
153,29,844,676,108,120,1,-1,-1,-1
153,35,1416,804,256,132,1,-1,-1,-1
153,37,113,732,278,181,1,-1,-1,-1
153,38,1428,704,124,116,1,-1,-1,-1
153,39,1554,669,97,63,1,-1,-1,-1
153,40,20,724,220,156,1,-1,-1,-1
153,41,1544,700,88,104,1,-1,-1,-1
153,42,224,732,184,128,1,-1,-1,-1
153,43,1416,652,112,64,1,-1,-1,-1
154,17,1434,1248,192,152,1,-1,-1,-1
154,29,847,677,108,120,1,-1,-1,-1
154,38,1431,703,124,116,1,-1,-1,-1
154,40,35,724,220,156,1,-1,-1,-1
154,41,1544,699,88,104,1,-1,-1,-1
154,42,243,732,184,128,1,-1,-1,-1
154,43,1419,650,112,64,1,-1,-1,-1
155,17,1441,1246,192,152,1,-1,-1,-1
155,29,851,678,108,120,1,-1,-1,-1
155,38,1436,703,124,116,1,-1,-1,-1
155,40,44,721,231,164,1,-1,-1,-1
155,41,1547,698,88,104,1,-1,-1,-1
155,42,251,729,184,128,1,-1,-1,-1
155,43,1425,649,112,64,1,-1,-1,-1
156,17,1449,1244,192,152,1,-1,-1,-1
156,29,853,682,108,120,1,-1,-1,-1
156,38,1440,702,124,116,1,-1,-1,-1
156,40,63,720,243,172,1,-1,-1,-1
156,41,1549,699,88,104,1,-1,-1,-1
156,42,270,729,175,122,1,-1,-1,-1
156,43,1427,648,112,64,1,-1,-1,-1
157,17,1456,1247,192,152,1,-1,-1,-1
157,29,854,683,108,120,1,-1,-1,-1
157,38,1447,701,124,116,1,-1,-1,-1
157,40,99,721,231,164,1,-1,-1,-1
157,41,1555,702,84,99,1,-1,-1,-1
157,42,302,729,175,122,1,-1,-1,-1
157,43,1446,645,107,61,1,-1,-1,-1
158,17,1459,1251,192,152,1,-1,-1,-1
158,29,858,687,108,120,1,-1,-1,-1
158,38,1451,700,124,116,1,-1,-1,-1
158,40,110,724,231,164,1,-1,-1,-1
158,41,1558,705,84,99,1,-1,-1,-1
158,42,303,717,175,122,1,-1,-1,-1
158,43,1451,645,107,61,1,-1,-1,-1
159,17,1466,1251,192,152,1,-1,-1,-1
159,29,861,688,108,120,1,-1,-1,-1
159,38,1456,699,124,116,1,-1,-1,-1
159,40,132,723,231,164,1,-1,-1,-1
159,41,1560,706,84,99,1,-1,-1,-1
159,42,270,721,175,122,1,-1,-1,-1
159,43,1460,646,102,58,1,-1,-1,-1
160,17,1479,1253,192,152,1,-1,-1,-1
160,29,866,690,108,120,1,-1,-1,-1
160,38,1460,700,124,116,1,-1,-1,-1
160,40,159,718,231,164,1,-1,-1,-1
160,41,1567,707,84,99,1,-1,-1,-1
160,42,272,723,175,122,1,-1,-1,-1
160,43,1463,646,102,58,1,-1,-1,-1
161,17,1479,1253,192,152,1,-1,-1,-1
161,29,868,684,120,128,1,-1,-1,-1
161,38,1464,700,112,128,1,-1,-1,-1
161,40,159,718,231,164,1,-1,-1,-1
161,41,1567,707,84,99,1,-1,-1,-1
161,42,272,723,175,122,1,-1,-1,-1
161,43,1456,640,112,72,1,-1,-1,-1
161,44,1032,768,228,144,1,-1,-1,-1
161,45,1576,672,192,116,1,-1,-1,-1
161,46,1688,696,240,108,1,-1,-1,-1
161,47,184,712,324,124,1,-1,-1,-1
162,17,1494,1247,192,152,1,-1,-1,-1
162,29,875,684,120,128,1,-1,-1,-1
162,38,1467,700,112,128,1,-1,-1,-1
162,40,243,697,231,164,1,-1,-1,-1
162,41,1577,709,84,99,1,-1,-1,-1
162,43,1459,642,112,72,1,-1,-1,-1
162,44,990,768,228,144,1,-1,-1,-1
162,45,1580,672,192,116,1,-1,-1,-1
162,46,1700,696,240,108,1,-1,-1,-1
162,47,217,711,324,124,1,-1,-1,-1
163,17,1493,1221,192,152,1,-1,-1,-1
163,29,882,683,120,128,1,-1,-1,-1
163,38,1473,702,112,128,1,-1,-1,-1
163,41,1582,709,84,99,1,-1,-1,-1
163,43,1462,648,112,72,1,-1,-1,-1
163,44,961,771,228,144,1,-1,-1,-1
163,45,1584,672,192,116,1,-1,-1,-1
163,46,1701,695,252,113,1,-1,-1,-1
163,47,277,714,309,118,1,-1,-1,-1
164,17,1478,1178,202,160,1,-1,-1,-1
164,29,891,682,120,128,1,-1,-1,-1
164,38,1478,703,112,128,1,-1,-1,-1
164,41,1589,710,84,99,1,-1,-1,-1
164,43,1469,650,112,72,1,-1,-1,-1
164,44,917,763,228,144,1,-1,-1,-1
164,45,1593,675,183,110,1,-1,-1,-1
164,46,1710,698,240,108,1,-1,-1,-1
164,47,307,712,309,118,1,-1,-1,-1
165,17,1474,1125,202,160,1,-1,-1,-1
165,29,900,682,120,128,1,-1,-1,-1
165,38,1485,705,112,128,1,-1,-1,-1
165,41,1595,710,84,99,1,-1,-1,-1
165,43,1472,654,112,72,1,-1,-1,-1
165,44,862,761,239,151,1,-1,-1,-1
165,45,1600,675,183,110,1,-1,-1,-1
165,46,1707,696,252,113,1,-1,-1,-1
165,47,375,715,294,112,1,-1,-1,-1
166,17,1499,1096,202,160,1,-1,-1,-1
166,29,913,681,120,128,1,-1,-1,-1
166,38,1491,705,112,128,1,-1,-1,-1
166,41,1602,711,84,99,1,-1,-1,-1
166,43,1475,655,112,72,1,-1,-1,-1
166,44,805,750,251,159,1,-1,-1,-1
166,45,1609,677,183,110,1,-1,-1,-1
166,46,1715,698,252,113,1,-1,-1,-1
166,47,428,713,280,107,1,-1,-1,-1
167,17,1540,1105,202,160,1,-1,-1,-1
167,29,922,682,120,128,1,-1,-1,-1
167,38,1495,706,112,128,1,-1,-1,-1
167,41,1611,711,84,99,1,-1,-1,-1
167,43,1476,657,112,72,1,-1,-1,-1
167,44,757,735,251,159,1,-1,-1,-1
167,45,1619,681,183,110,1,-1,-1,-1
167,46,1733,702,252,113,1,-1,-1,-1
167,47,472,709,280,107,1,-1,-1,-1
168,17,1569,1140,202,160,1,-1,-1,-1
168,29,930,683,120,128,1,-1,-1,-1
168,38,1500,708,112,128,1,-1,-1,-1
168,41,1618,711,84,99,1,-1,-1,-1
168,43,1480,661,107,69,1,-1,-1,-1
168,45,1630,682,183,110,1,-1,-1,-1
168,46,1739,707,252,113,1,-1,-1,-1
169,17,1569,1140,202,160,1,-1,-1,-1
169,29,940,680,172,132,1,-1,-1,-1
169,38,1476,712,152,128,1,-1,-1,-1
169,41,1616,712,96,120,1,-1,-1,-1
169,43,1476,660,180,76,1,-1,-1,-1
169,45,1640,688,196,104,1,-1,-1,-1
169,46,1739,707,252,113,1,-1,-1,-1
169,48,1872,724,172,112,1,-1,-1,-1
169,49,64,752,128,144,1,-1,-1,-1
169,50,756,740,132,128,1,-1,-1,-1
169,51,0,784,44,140,1,-1,-1,-1
169,52,452,640,144,156,1,-1,-1,-1
170,17,1561,1199,202,160,1,-1,-1,-1
170,29,953,679,172,132,1,-1,-1,-1
170,38,1482,712,152,128,1,-1,-1,-1
170,41,1626,711,96,120,1,-1,-1,-1
170,43,1479,661,180,76,1,-1,-1,-1
170,45,1655,688,196,104,1,-1,-1,-1
170,46,1765,709,252,113,1,-1,-1,-1
170,48,1881,725,172,112,1,-1,-1,-1
170,49,78,752,128,144,1,-1,-1,-1
170,50,732,741,132,128,1,-1,-1,-1
170,51,12,782,44,140,1,-1,-1,-1
170,52,467,640,144,156,1,-1,-1,-1
171,17,1561,1219,202,160,1,-1,-1,-1
171,29,963,675,181,139,1,-1,-1,-1
171,38,1489,712,152,128,1,-1,-1,-1
171,41,1634,711,96,120,1,-1,-1,-1
171,43,1486,663,180,76,1,-1,-1,-1
171,45,1669,689,196,104,1,-1,-1,-1
171,48,1892,725,172,112,1,-1,-1,-1
171,49,93,752,128,144,1,-1,-1,-1
171,50,705,727,132,128,1,-1,-1,-1
171,51,25,780,44,140,1,-1,-1,-1
171,52,483,640,144,156,1,-1,-1,-1
172,17,1579,1240,202,160,1,-1,-1,-1
172,29,975,675,181,139,1,-1,-1,-1
172,38,1494,713,152,128,1,-1,-1,-1
172,41,1642,712,96,120,1,-1,-1,-1
172,43,1487,664,189,80,1,-1,-1,-1
172,45,1681,691,196,104,1,-1,-1,-1
172,48,1898,725,172,112,1,-1,-1,-1
172,49,110,753,128,144,1,-1,-1,-1
172,50,689,732,126,122,1,-1,-1,-1
172,51,38,780,44,140,1,-1,-1,-1
172,52,493,643,144,156,1,-1,-1,-1
173,17,1605,1261,202,160,1,-1,-1,-1
173,29,988,676,181,139,1,-1,-1,-1
173,38,1498,713,152,128,1,-1,-1,-1
173,41,1648,711,96,120,1,-1,-1,-1
173,43,1495,664,189,80,1,-1,-1,-1
173,45,1688,691,206,109,1,-1,-1,-1
173,48,1905,723,172,112,1,-1,-1,-1
173,49,128,753,128,144,1,-1,-1,-1
173,50,707,728,132,128,1,-1,-1,-1
173,51,47,776,46,147,1,-1,-1,-1
173,52,506,639,151,164,1,-1,-1,-1
174,17,1625,1274,202,160,1,-1,-1,-1
174,29,998,676,181,139,1,-1,-1,-1
174,38,1501,713,152,128,1,-1,-1,-1
174,41,1660,712,96,120,1,-1,-1,-1
174,43,1495,662,198,84,1,-1,-1,-1
174,45,1705,695,206,109,1,-1,-1,-1
174,48,1913,721,172,112,1,-1,-1,-1
174,49,149,752,128,144,1,-1,-1,-1
174,50,735,738,132,128,1,-1,-1,-1
174,51,48,777,46,147,1,-1,-1,-1
174,52,513,642,151,164,1,-1,-1,-1
175,17,1641,1274,202,160,1,-1,-1,-1
175,29,1015,676,181,139,1,-1,-1,-1
175,38,1512,714,152,128,1,-1,-1,-1
175,41,1671,714,96,120,1,-1,-1,-1
175,43,1505,659,208,88,1,-1,-1,-1
175,45,1710,694,206,109,1,-1,-1,-1
175,48,1921,721,172,112,1,-1,-1,-1
175,49,165,753,128,144,1,-1,-1,-1
175,50,749,729,132,128,1,-1,-1,-1
175,51,52,781,44,140,1,-1,-1,-1
175,52,521,646,144,156,1,-1,-1,-1
176,17,1657,1259,202,160,1,-1,-1,-1
176,29,1030,678,181,139,1,-1,-1,-1
176,38,1524,715,152,128,1,-1,-1,-1
176,41,1688,714,96,120,1,-1,-1,-1
176,43,1518,658,208,88,1,-1,-1,-1
176,45,1709,694,206,109,1,-1,-1,-1
176,48,1929,724,172,112,1,-1,-1,-1
176,49,177,750,134,151,1,-1,-1,-1
176,52,544,643,144,156,1,-1,-1,-1
177,17,1657,1259,202,160,1,-1,-1,-1
177,29,984,680,240,132,1,-1,-1,-1
177,38,1540,716,228,128,1,-1,-1,-1
177,41,1688,714,96,120,1,-1,-1,-1
177,43,1518,658,208,88,1,-1,-1,-1
177,45,1709,694,206,109,1,-1,-1,-1
177,48,1940,736,164,104,1,-1,-1,-1
177,49,172,736,156,148,1,-1,-1,-1
177,52,544,643,144,156,1,-1,-1,-1
177,53,72,732,112,168,1,-1,-1,-1
177,54,492,680,180,132,1,-1,-1,-1
177,55,1780,696,188,128,1,-1,-1,-1
178,17,1696,1210,192,152,1,-1,-1,-1
178,29,1009,683,229,126,1,-1,-1,-1
178,38,1554,717,228,128,1,-1,-1,-1
178,41,1712,713,96,120,1,-1,-1,-1
178,43,1529,658,219,92,1,-1,-1,-1
178,45,1731,694,196,104,1,-1,-1,-1
178,48,1950,740,164,104,1,-1,-1,-1
178,49,189,738,156,148,1,-1,-1,-1
178,52,570,656,144,156,1,-1,-1,-1
178,53,88,732,112,168,1,-1,-1,-1
178,54,496,682,180,132,1,-1,-1,-1
178,55,1796,697,188,128,1,-1,-1,-1
179,17,1707,1189,192,152,1,-1,-1,-1
179,29,1029,684,229,126,1,-1,-1,-1
179,38,1570,720,228,128,1,-1,-1,-1
179,41,1722,715,96,120,1,-1,-1,-1
179,43,1515,661,208,88,1,-1,-1,-1
179,48,1956,743,164,104,1,-1,-1,-1
179,49,201,736,164,155,1,-1,-1,-1
179,53,103,732,112,168,1,-1,-1,-1
179,54,495,687,180,132,1,-1,-1,-1
179,55,1813,701,188,128,1,-1,-1,-1
180,17,1713,1172,192,152,1,-1,-1,-1
180,29,1046,685,229,126,1,-1,-1,-1
180,38,1584,722,228,128,1,-1,-1,-1
180,41,1735,717,96,120,1,-1,-1,-1
180,48,1966,748,156,99,1,-1,-1,-1
180,49,216,739,164,155,1,-1,-1,-1
180,53,119,734,112,168,1,-1,-1,-1
180,54,503,692,180,132,1,-1,-1,-1
180,55,1831,702,188,128,1,-1,-1,-1
181,17,1725,1169,192,152,1,-1,-1,-1
181,29,1066,686,229,126,1,-1,-1,-1
181,38,1598,722,239,134,1,-1,-1,-1
181,48,1983,752,149,94,1,-1,-1,-1
181,49,229,739,164,155,1,-1,-1,-1
181,53,132,732,112,168,1,-1,-1,-1
181,54,516,696,180,132,1,-1,-1,-1
181,55,1845,705,188,128,1,-1,-1,-1
182,17,1741,1178,192,152,1,-1,-1,-1
182,29,1091,687,229,126,1,-1,-1,-1
182,38,1608,725,239,134,1,-1,-1,-1
182,48,1993,753,149,94,1,-1,-1,-1
182,49,245,740,164,155,1,-1,-1,-1
182,53,144,733,112,168,1,-1,-1,-1
182,54,528,691,189,139,1,-1,-1,-1
182,55,1858,705,188,128,1,-1,-1,-1
183,17,1759,1197,192,152,1,-1,-1,-1
183,29,1113,681,240,132,1,-1,-1,-1
183,38,1638,726,239,134,1,-1,-1,-1
183,48,2000,755,149,94,1,-1,-1,-1
183,49,259,740,164,155,1,-1,-1,-1
183,53,156,734,112,168,1,-1,-1,-1
183,54,549,696,180,132,1,-1,-1,-1
183,55,1864,704,188,128,1,-1,-1,-1
184,17,1780,1211,192,152,1,-1,-1,-1
184,29,1139,678,240,132,1,-1,-1,-1
184,38,1682,725,228,128,1,-1,-1,-1
184,48,2003,754,156,99,1,-1,-1,-1
184,49,273,740,164,155,1,-1,-1,-1
184,53,165,735,112,168,1,-1,-1,-1
184,54,565,698,171,126,1,-1,-1,-1
184,55,1870,704,188,128,1,-1,-1,-1
185,17,1780,1211,192,152,1,-1,-1,-1
185,29,1139,678,240,132,1,-1,-1,-1
185,38,1682,725,228,128,1,-1,-1,-1
185,48,2003,754,156,99,1,-1,-1,-1
185,49,273,740,164,155,1,-1,-1,-1
185,53,165,735,112,168,1,-1,-1,-1
185,54,565,698,171,126,1,-1,-1,-1
185,55,1870,704,188,128,1,-1,-1,-1
185,56,1784,724,200,140,1,-1,-1,-1
185,57,500,648,136,180,1,-1,-1,-1
185,58,676,684,212,132,1,-1,-1,-1
186,17,1814,1237,192,152,1,-1,-1,-1
186,29,1190,676,240,132,1,-1,-1,-1
186,38,1702,723,228,128,1,-1,-1,-1
186,49,299,742,164,155,1,-1,-1,-1
186,53,179,735,112,168,1,-1,-1,-1
186,55,1823,725,197,134,1,-1,-1,-1
186,56,1802,723,200,140,1,-1,-1,-1
186,57,509,653,136,180,1,-1,-1,-1
186,58,680,685,212,132,1,-1,-1,-1
187,17,1819,1254,192,152,1,-1,-1,-1
187,49,310,744,164,155,1,-1,-1,-1
187,53,184,736,112,168,1,-1,-1,-1
187,56,1829,723,200,140,1,-1,-1,-1
187,57,516,659,136,180,1,-1,-1,-1
187,58,687,687,212,132,1,-1,-1,-1
188,17,1820,1259,192,152,1,-1,-1,-1
188,49,319,746,164,155,1,-1,-1,-1
188,53,193,738,112,168,1,-1,-1,-1
188,56,1865,726,200,140,1,-1,-1,-1
188,57,516,660,136,180,1,-1,-1,-1
188,58,694,687,212,132,1,-1,-1,-1
189,17,1831,1258,192,152,1,-1,-1,-1
189,49,322,747,164,155,1,-1,-1,-1
189,53,200,742,112,168,1,-1,-1,-1
189,56,1899,727,190,133,1,-1,-1,-1
189,57,513,651,143,189,1,-1,-1,-1
189,58,704,683,212,132,1,-1,-1,-1
190,17,1852,1261,192,152,1,-1,-1,-1
190,49,331,753,164,155,1,-1,-1,-1
190,53,209,742,112,168,1,-1,-1,-1
190,56,1916,728,190,133,1,-1,-1,-1
190,57,523,652,143,189,1,-1,-1,-1
190,58,707,681,212,132,1,-1,-1,-1
191,17,1871,1271,192,152,1,-1,-1,-1
191,49,330,757,164,155,1,-1,-1,-1
191,53,218,744,112,168,1,-1,-1,-1
191,56,1936,728,200,140,1,-1,-1,-1
191,57,530,649,143,189,1,-1,-1,-1
191,58,713,681,212,132,1,-1,-1,-1
192,17,1877,1274,192,152,1,-1,-1,-1
192,53,223,743,118,176,1,-1,-1,-1
192,56,1954,725,200,140,1,-1,-1,-1
192,57,546,645,143,189,1,-1,-1,-1
192,58,711,680,223,139,1,-1,-1,-1
193,17,1877,1274,192,152,1,-1,-1,-1
193,53,223,743,118,176,1,-1,-1,-1
193,56,1954,725,200,140,1,-1,-1,-1
193,57,546,645,143,189,1,-1,-1,-1
193,58,700,720,224,100,1,-1,-1,-1
193,59,548,752,212,88,1,-1,-1,-1
193,60,1688,740,212,96,1,-1,-1,-1
194,17,1878,1265,192,152,1,-1,-1,-1
194,53,239,744,118,176,1,-1,-1,-1
194,58,702,718,224,100,1,-1,-1,-1
194,59,563,752,212,88,1,-1,-1,-1
194,60,1689,740,212,96,1,-1,-1,-1
195,17,1882,1264,192,152,1,-1,-1,-1
195,53,244,746,118,176,1,-1,-1,-1
195,58,703,718,224,100,1,-1,-1,-1
195,59,574,750,223,92,1,-1,-1,-1
195,60,1688,741,212,96,1,-1,-1,-1
196,17,1886,1263,192,152,1,-1,-1,-1
196,53,251,747,118,176,1,-1,-1,-1
196,58,695,712,235,105,1,-1,-1,-1
196,59,589,747,234,97,1,-1,-1,-1
196,60,1688,741,212,96,1,-1,-1,-1
197,17,1893,1265,192,152,1,-1,-1,-1
197,53,256,748,118,176,1,-1,-1,-1
197,58,701,712,224,100,1,-1,-1,-1
197,59,604,742,245,102,1,-1,-1,-1
197,60,1687,740,212,96,1,-1,-1,-1
198,17,1895,1270,192,152,1,-1,-1,-1
198,53,262,748,118,176,1,-1,-1,-1
198,58,690,710,235,105,1,-1,-1,-1
198,59,615,739,258,107,1,-1,-1,-1
198,60,1687,740,212,96,1,-1,-1,-1
199,17,1893,1270,192,152,1,-1,-1,-1
199,53,266,744,118,176,1,-1,-1,-1
199,58,670,709,247,110,1,-1,-1,-1
199,59,631,737,245,102,1,-1,-1,-1
199,60,1686,741,212,96,1,-1,-1,-1
200,17,1884,1254,192,152,1,-1,-1,-1
200,53,274,744,118,176,1,-1,-1,-1
200,58,659,715,247,110,1,-1,-1,-1
200,59,651,730,245,102,1,-1,-1,-1
200,60,1683,740,212,96,1,-1,-1,-1
201,17,1884,1254,192,152,1,-1,-1,-1
201,53,274,744,118,176,1,-1,-1,-1
201,58,652,712,248,116,1,-1,-1,-1
201,59,651,730,245,102,1,-1,-1,-1
201,60,1724,748,160,88,1,-1,-1,-1
201,61,1956,732,172,108,1,-1,-1,-1
201,62,1384,660,156,132,1,-1,-1,-1
201,63,2068,736,256,152,1,-1,-1,-1
201,64,1656,688,120,56,1,-1,-1,-1
201,65,1532,716,172,100,1,-1,-1,-1
202,17,1864,1182,192,152,1,-1,-1,-1
202,53,276,747,118,176,1,-1,-1,-1
202,58,657,711,248,116,1,-1,-1,-1
202,60,1721,749,160,88,1,-1,-1,-1
202,61,1957,732,172,108,1,-1,-1,-1
202,62,1384,659,156,132,1,-1,-1,-1
202,63,2070,737,256,152,1,-1,-1,-1
202,64,1658,688,120,56,1,-1,-1,-1
202,65,1545,716,172,100,1,-1,-1,-1
203,17,1876,1141,192,152,1,-1,-1,-1
203,53,280,746,118,176,1,-1,-1,-1
203,58,657,705,260,122,1,-1,-1,-1
203,60,1716,748,160,88,1,-1,-1,-1
203,61,1959,732,172,108,1,-1,-1,-1
203,62,1384,659,156,132,1,-1,-1,-1
203,63,2073,739,256,152,1,-1,-1,-1
203,64,1662,687,120,56,1,-1,-1,-1
203,65,1562,718,172,100,1,-1,-1,-1
204,17,1894,1126,192,152,1,-1,-1,-1
204,53,283,749,118,176,1,-1,-1,-1
204,58,653,701,260,122,1,-1,-1,-1
204,60,1703,744,160,88,1,-1,-1,-1
204,61,1961,732,172,108,1,-1,-1,-1
204,62,1385,660,156,132,1,-1,-1,-1
204,63,2075,740,256,152,1,-1,-1,-1
204,64,1662,687,120,56,1,-1,-1,-1
204,65,1577,718,181,105,1,-1,-1,-1
205,17,1900,1143,192,152,1,-1,-1,-1
205,58,651,696,273,128,1,-1,-1,-1
205,60,1705,742,160,88,1,-1,-1,-1
205,61,1963,732,172,108,1,-1,-1,-1
205,62,1385,660,156,132,1,-1,-1,-1
205,63,2075,741,256,152,1,-1,-1,-1
205,64,1663,688,126,59,1,-1,-1,-1
205,65,1588,722,181,105,1,-1,-1,-1
206,17,1898,1178,192,152,1,-1,-1,-1
206,58,651,695,273,128,1,-1,-1,-1
206,60,1656,743,160,88,1,-1,-1,-1
206,61,1964,733,172,108,1,-1,-1,-1
206,62,1382,661,156,132,1,-1,-1,-1
206,63,2075,741,256,152,1,-1,-1,-1
206,64,1666,689,126,59,1,-1,-1,-1
206,65,1596,723,181,105,1,-1,-1,-1
207,17,1898,1218,192,152,1,-1,-1,-1
207,58,670,686,287,134,1,-1,-1,-1
207,60,1622,745,160,88,1,-1,-1,-1
207,61,1965,733,172,108,1,-1,-1,-1
207,62,1382,661,156,132,1,-1,-1,-1
207,63,2078,741,256,152,1,-1,-1,-1
207,64,1670,689,126,59,1,-1,-1,-1
207,65,1609,726,190,110,1,-1,-1,-1
208,17,1901,1253,192,152,1,-1,-1,-1
208,58,620,680,301,141,1,-1,-1,-1
208,60,1629,747,160,88,1,-1,-1,-1
208,61,1965,732,172,108,1,-1,-1,-1
208,62,1381,663,156,132,1,-1,-1,-1
208,63,2074,740,256,152,1,-1,-1,-1
208,64,1668,689,132,62,1,-1,-1,-1
208,65,1620,728,190,110,1,-1,-1,-1
209,17,1901,1253,192,152,1,-1,-1,-1
209,58,620,680,301,141,1,-1,-1,-1
209,60,1629,747,160,88,1,-1,-1,-1
209,61,1964,724,156,112,1,-1,-1,-1
209,62,1372,668,164,128,1,-1,-1,-1
209,63,2064,764,236,124,1,-1,-1,-1
209,64,1668,689,132,62,1,-1,-1,-1
209,65,1600,724,252,120,1,-1,-1,-1
209,66,760,728,264,108,1,-1,-1,-1
209,67,192,796,208,124,1,-1,-1,-1
209,68,584,708,216,116,1,-1,-1,-1
209,69,192,732,232,100,1,-1,-1,-1
210,17,1901,1292,192,148,1,-1,-1,-1
210,58,573,692,287,134,1,-1,-1,-1
210,61,1963,724,156,112,1,-1,-1,-1
210,62,1371,668,164,128,1,-1,-1,-1
210,63,2065,763,236,124,1,-1,-1,-1
210,64,1678,691,132,62,1,-1,-1,-1
210,65,1606,724,252,120,1,-1,-1,-1
210,66,768,728,264,108,1,-1,-1,-1
210,67,191,796,208,124,1,-1,-1,-1
210,68,579,708,216,116,1,-1,-1,-1
210,69,193,731,232,100,1,-1,-1,-1
211,17,1896,1295,192,145,1,-1,-1,-1
211,61,1963,725,156,112,1,-1,-1,-1
211,62,1370,669,164,128,1,-1,-1,-1
211,63,2067,764,236,124,1,-1,-1,-1
211,65,1626,725,252,120,1,-1,-1,-1
211,66,788,725,264,108,1,-1,-1,-1
211,67,192,797,208,124,1,-1,-1,-1
211,68,575,709,216,116,1,-1,-1,-1
211,69,193,732,232,100,1,-1,-1,-1
212,17,1892,1285,192,152,1,-1,-1,-1
212,61,1963,726,156,112,1,-1,-1,-1
212,62,1368,671,164,128,1,-1,-1,-1
212,63,2069,765,236,124,1,-1,-1,-1
212,65,1655,728,240,114,1,-1,-1,-1
212,66,817,721,264,108,1,-1,-1,-1
212,67,192,798,208,124,1,-1,-1,-1
212,68,569,707,216,116,1,-1,-1,-1
212,69,195,733,232,100,1,-1,-1,-1
213,17,1896,1270,192,152,1,-1,-1,-1
213,61,1962,726,156,112,1,-1,-1,-1
213,62,1365,674,164,128,1,-1,-1,-1
213,63,2069,766,236,124,1,-1,-1,-1
213,65,1676,734,229,109,1,-1,-1,-1
213,66,818,718,277,113,1,-1,-1,-1
213,67,192,798,208,124,1,-1,-1,-1
213,68,565,706,216,116,1,-1,-1,-1
213,69,191,731,244,105,1,-1,-1,-1
214,17,1905,1264,192,152,1,-1,-1,-1
214,61,1960,725,156,112,1,-1,-1,-1
214,62,1363,678,164,128,1,-1,-1,-1
214,63,2070,763,248,130,1,-1,-1,-1
214,65,1669,732,229,109,1,-1,-1,-1
214,66,842,717,264,108,1,-1,-1,-1
214,67,194,796,208,124,1,-1,-1,-1
214,68,555,706,216,116,1,-1,-1,-1
214,69,192,731,244,105,1,-1,-1,-1
215,17,1907,1260,202,160,1,-1,-1,-1
215,61,1960,725,156,112,1,-1,-1,-1
215,62,1366,682,164,128,1,-1,-1,-1
215,63,2085,769,236,124,1,-1,-1,-1
215,65,1682,734,229,109,1,-1,-1,-1
215,66,846,714,277,113,1,-1,-1,-1
215,67,195,795,208,124,1,-1,-1,-1
215,68,550,706,216,116,1,-1,-1,-1
215,69,196,733,244,105,1,-1,-1,-1
216,17,1910,1262,202,160,1,-1,-1,-1
216,61,1959,724,156,112,1,-1,-1,-1
216,62,1368,683,164,128,1,-1,-1,-1
216,63,2108,772,236,124,1,-1,-1,-1
216,65,1695,736,229,109,1,-1,-1,-1
216,66,869,713,277,113,1,-1,-1,-1
216,67,189,792,218,130,1,-1,-1,-1
216,68,546,707,216,116,1,-1,-1,-1
216,69,194,733,244,105,1,-1,-1,-1
217,17,1910,1262,202,160,1,-1,-1,-1
217,61,1964,728,136,100,1,-1,-1,-1
217,62,1380,696,160,112,1,-1,-1,-1
217,63,2140,764,280,128,1,-1,-1,-1
217,65,1732,720,180,120,1,-1,-1,-1
217,66,944,724,192,108,1,-1,-1,-1
217,67,164,784,248,160,1,-1,-1,-1
217,68,556,704,216,124,1,-1,-1,-1
217,69,194,733,244,105,1,-1,-1,-1
217,70,1652,688,168,112,1,-1,-1,-1
217,71,2068,724,184,152,1,-1,-1,-1
217,72,260,756,224,148,1,-1,-1,-1
217,73,1524,704,104,96,1,-1,-1,-1
218,17,1911,1278,202,160,1,-1,-1,-1
218,61,1965,727,136,100,1,-1,-1,-1
218,62,1383,696,160,112,1,-1,-1,-1
218,63,2147,766,280,128,1,-1,-1,-1
218,65,1737,719,180,120,1,-1,-1,-1
218,66,950,725,192,108,1,-1,-1,-1
218,67,166,784,248,160,1,-1,-1,-1
218,68,555,705,216,124,1,-1,-1,-1
218,69,201,736,232,100,1,-1,-1,-1
218,70,1654,687,168,112,1,-1,-1,-1
218,71,2069,725,184,152,1,-1,-1,-1
218,72,263,757,224,148,1,-1,-1,-1
218,73,1520,702,104,96,1,-1,-1,-1
219,17,1910,1275,202,160,1,-1,-1,-1
219,61,1966,726,136,100,1,-1,-1,-1
219,62,1390,698,160,112,1,-1,-1,-1
219,63,2152,766,280,128,1,-1,-1,-1
219,65,1735,716,189,126,1,-1,-1,-1
219,66,954,724,192,108,1,-1,-1,-1
219,67,167,784,248,160,1,-1,-1,-1
219,68,553,705,216,124,1,-1,-1,-1
219,69,206,736,232,100,1,-1,-1,-1
219,70,1655,687,168,112,1,-1,-1,-1
219,71,2071,725,184,152,1,-1,-1,-1
219,72,268,758,224,148,1,-1,-1,-1
219,73,1515,700,104,96,1,-1,-1,-1
220,17,1909,1272,202,160,1,-1,-1,-1
220,61,1969,725,136,100,1,-1,-1,-1
220,62,1395,700,160,112,1,-1,-1,-1
220,63,2169,766,280,128,1,-1,-1,-1
220,65,1740,715,189,126,1,-1,-1,-1
220,66,962,724,192,108,1,-1,-1,-1
220,67,169,785,248,160,1,-1,-1,-1
220,68,552,705,216,124,1,-1,-1,-1
220,69,210,737,232,100,1,-1,-1,-1
220,70,1650,684,176,118,1,-1,-1,-1
220,71,2067,730,184,152,1,-1,-1,-1
220,72,271,759,224,148,1,-1,-1,-1
220,73,1507,696,104,96,1,-1,-1,-1
221,17,1912,1276,202,160,1,-1,-1,-1
221,61,1969,725,136,100,1,-1,-1,-1
221,62,1412,700,152,107,1,-1,-1,-1
221,63,2191,769,280,128,1,-1,-1,-1
221,65,1741,714,189,126,1,-1,-1,-1
221,66,969,725,183,103,1,-1,-1,-1
221,67,170,786,248,160,1,-1,-1,-1
221,68,551,705,216,124,1,-1,-1,-1
221,69,204,735,244,105,1,-1,-1,-1
221,70,1645,685,176,118,1,-1,-1,-1
221,71,2060,729,184,152,1,-1,-1,-1
221,72,274,759,224,148,1,-1,-1,-1
221,73,1504,690,109,101,1,-1,-1,-1
222,17,1916,1292,202,148,1,-1,-1,-1
222,61,1973,726,136,100,1,-1,-1,-1
222,62,1430,702,145,102,1,-1,-1,-1
222,63,2216,771,280,128,1,-1,-1,-1
222,65,1744,714,189,126,1,-1,-1,-1
222,66,976,723,174,98,1,-1,-1,-1
222,67,170,788,248,160,1,-1,-1,-1
222,68,548,705,216,124,1,-1,-1,-1
222,70,1644,687,176,118,1,-1,-1,-1
222,71,2060,736,184,152,1,-1,-1,-1
222,72,277,759,224,148,1,-1,-1,-1
222,73,1500,687,109,101,1,-1,-1,-1
223,17,1916,1298,202,142,1,-1,-1,-1
223,61,1976,724,136,100,1,-1,-1,-1
223,62,1446,699,145,102,1,-1,-1,-1
223,63,2222,773,280,128,1,-1,-1,-1
223,65,1745,712,189,126,1,-1,-1,-1
223,66,957,716,183,103,1,-1,-1,-1
223,67,170,790,248,160,1,-1,-1,-1
223,68,544,705,216,124,1,-1,-1,-1
223,70,1642,688,176,118,1,-1,-1,-1
223,71,2075,746,175,145,1,-1,-1,-1
223,72,277,760,224,148,1,-1,-1,-1
223,73,1493,684,109,101,1,-1,-1,-1
224,17,1912,1298,202,142,1,-1,-1,-1
224,61,1976,721,143,105,1,-1,-1,-1
224,62,1461,698,145,102,1,-1,-1,-1
224,63,2235,776,267,122,1,-1,-1,-1
224,65,1747,710,189,126,1,-1,-1,-1
224,66,943,712,192,108,1,-1,-1,-1
224,67,168,790,248,160,1,-1,-1,-1
224,68,539,704,216,124,1,-1,-1,-1
224,70,1640,688,176,118,1,-1,-1,-1
224,71,2080,752,175,145,1,-1,-1,-1
224,72,278,760,224,148,1,-1,-1,-1
224,73,1494,683,109,101,1,-1,-1,-1
225,17,1912,1298,202,142,1,-1,-1,-1
225,61,1976,721,143,105,1,-1,-1,-1
225,62,1440,712,144,112,1,-1,-1,-1
225,63,2252,776,236,116,1,-1,-1,-1
225,65,1784,740,128,100,1,-1,-1,-1
225,66,943,712,192,108,1,-1,-1,-1
225,67,136,788,292,140,1,-1,-1,-1
225,68,516,700,240,128,1,-1,-1,-1
225,70,1636,688,200,120,1,-1,-1,-1
225,71,1992,740,264,140,1,-1,-1,-1
225,72,278,760,224,148,1,-1,-1,-1
225,73,1494,683,109,101,1,-1,-1,-1
225,74,1036,700,80,128,1,-1,-1,-1
226,17,1911,1283,202,157,1,-1,-1,-1
226,61,1976,722,143,105,1,-1,-1,-1
226,62,1448,714,144,112,1,-1,-1,-1
226,63,2251,776,236,116,1,-1,-1,-1
226,65,1786,740,128,100,1,-1,-1,-1
226,66,937,711,202,113,1,-1,-1,-1
226,67,135,789,292,140,1,-1,-1,-1
226,68,515,700,240,128,1,-1,-1,-1
226,70,1636,688,200,120,1,-1,-1,-1
226,71,1992,740,264,140,1,-1,-1,-1
226,72,279,760,224,148,1,-1,-1,-1
226,73,1487,699,109,101,1,-1,-1,-1
226,74,1040,701,80,128,1,-1,-1,-1
227,17,1916,1280,202,160,1,-1,-1,-1
227,61,1981,723,143,105,1,-1,-1,-1
227,62,1451,715,144,112,1,-1,-1,-1
227,63,2249,775,236,116,1,-1,-1,-1
227,65,1789,741,128,100,1,-1,-1,-1
227,66,942,719,192,108,1,-1,-1,-1
227,67,133,789,292,140,1,-1,-1,-1
227,68,512,700,240,128,1,-1,-1,-1
227,70,1638,688,200,120,1,-1,-1,-1
227,71,1992,741,264,140,1,-1,-1,-1
227,72,281,760,224,148,1,-1,-1,-1
227,74,1039,695,84,134,1,-1,-1,-1
228,17,1919,1283,202,157,1,-1,-1,-1
228,62,1449,714,144,112,1,-1,-1,-1
228,63,2245,773,236,116,1,-1,-1,-1
228,65,1791,741,128,100,1,-1,-1,-1
228,67,131,790,292,140,1,-1,-1,-1
228,68,507,702,240,128,1,-1,-1,-1
228,70,1641,688,200,120,1,-1,-1,-1
228,71,1996,742,264,140,1,-1,-1,-1
228,72,281,760,224,148,1,-1,-1,-1
228,74,1034,694,88,141,1,-1,-1,-1
229,17,1925,1295,202,145,1,-1,-1,-1
229,62,1474,713,144,112,1,-1,-1,-1
229,63,2246,774,225,110,1,-1,-1,-1
229,65,1795,742,128,100,1,-1,-1,-1
229,67,131,792,292,140,1,-1,-1,-1
229,68,502,702,240,128,1,-1,-1,-1
229,70,1643,688,200,120,1,-1,-1,-1
229,71,1998,742,264,140,1,-1,-1,-1
229,72,282,760,224,148,1,-1,-1,-1
229,74,1032,696,88,141,1,-1,-1,-1
230,17,1931,1300,202,140,1,-1,-1,-1
230,62,1492,710,137,107,1,-1,-1,-1
230,63,2241,774,225,110,1,-1,-1,-1
230,65,1798,742,128,100,1,-1,-1,-1
230,67,122,791,307,147,1,-1,-1,-1
230,68,493,702,240,128,1,-1,-1,-1
230,70,1644,687,200,120,1,-1,-1,-1
230,71,2001,741,264,140,1,-1,-1,-1
230,72,283,762,224,148,1,-1,-1,-1
230,74,1036,702,84,134,1,-1,-1,-1
231,17,1936,1298,202,142,1,-1,-1,-1
231,62,1490,711,131,102,1,-1,-1,-1
231,63,2234,774,225,110,1,-1,-1,-1
231,65,1796,739,134,105,1,-1,-1,-1
231,67,137,793,292,140,1,-1,-1,-1
231,68,484,703,240,128,1,-1,-1,-1
231,70,1647,686,200,120,1,-1,-1,-1
231,71,2002,740,264,140,1,-1,-1,-1
231,72,287,763,224,148,1,-1,-1,-1
231,74,1033,699,88,141,1,-1,-1,-1
232,17,1940,1294,202,146,1,-1,-1,-1
232,62,1491,716,124,97,1,-1,-1,-1
232,63,2229,773,225,110,1,-1,-1,-1
232,65,1797,739,134,105,1,-1,-1,-1
232,67,136,792,292,140,1,-1,-1,-1
232,68,484,709,229,122,1,-1,-1,-1
232,70,1654,686,200,120,1,-1,-1,-1
232,71,2002,740,264,140,1,-1,-1,-1
232,72,281,761,235,155,1,-1,-1,-1
232,74,1033,702,88,141,1,-1,-1,-1
233,17,1940,1294,202,146,1,-1,-1,-1
233,62,1512,716,80,92,1,-1,-1,-1
233,63,2220,760,216,132,1,-1,-1,-1
233,65,1836,732,88,108,1,-1,-1,-1
233,67,116,792,296,124,1,-1,-1,-1
233,68,484,724,232,108,1,-1,-1,-1
233,70,1680,692,172,100,1,-1,-1,-1
233,71,2016,740,232,144,1,-1,-1,-1
233,72,308,776,228,144,1,-1,-1,-1
233,74,1033,702,88,141,1,-1,-1,-1
233,75,940,716,212,120,1,-1,-1,-1
233,76,1560,724,280,116,1,-1,-1,-1
234,17,1942,1294,202,146,1,-1,-1,-1
234,62,1513,717,80,92,1,-1,-1,-1
234,63,2218,760,216,132,1,-1,-1,-1
234,65,1838,731,88,108,1,-1,-1,-1
234,67,114,793,296,124,1,-1,-1,-1
234,68,485,724,232,108,1,-1,-1,-1
234,70,1688,693,172,100,1,-1,-1,-1
234,71,2016,741,232,144,1,-1,-1,-1
234,72,308,777,228,144,1,-1,-1,-1
234,75,937,715,212,120,1,-1,-1,-1
234,76,1572,726,280,116,1,-1,-1,-1
235,17,1943,1293,202,147,1,-1,-1,-1
235,62,1515,717,80,92,1,-1,-1,-1
235,63,2215,760,216,132,1,-1,-1,-1
235,65,1841,731,88,108,1,-1,-1,-1
235,67,112,794,296,124,1,-1,-1,-1
235,68,485,724,232,108,1,-1,-1,-1
235,70,1690,693,172,100,1,-1,-1,-1
235,71,2015,742,232,144,1,-1,-1,-1
235,72,308,777,228,144,1,-1,-1,-1
235,75,928,716,212,120,1,-1,-1,-1
235,76,1582,729,280,116,1,-1,-1,-1
236,17,1944,1287,202,153,1,-1,-1,-1
236,62,1517,717,80,92,1,-1,-1,-1
236,63,2213,759,216,132,1,-1,-1,-1
236,65,1840,728,88,108,1,-1,-1,-1
236,67,112,793,296,124,1,-1,-1,-1
236,68,486,724,232,108,1,-1,-1,-1
236,70,1701,695,164,95,1,-1,-1,-1
236,71,2016,742,232,144,1,-1,-1,-1
236,72,309,776,228,144,1,-1,-1,-1
236,75,917,714,212,120,1,-1,-1,-1
236,76,1634,726,294,122,1,-1,-1,-1
237,17,1944,1276,202,160,1,-1,-1,-1
237,62,1519,717,80,92,1,-1,-1,-1
237,63,2211,759,216,132,1,-1,-1,-1
237,65,1836,725,92,113,1,-1,-1,-1
237,67,111,789,296,124,1,-1,-1,-1
237,68,486,724,232,108,1,-1,-1,-1
237,70,1701,694,164,95,1,-1,-1,-1
237,71,2015,742,232,144,1,-1,-1,-1
237,72,308,775,228,144,1,-1,-1,-1
237,75,900,714,212,120,1,-1,-1,-1
237,76,1682,727,309,128,1,-1,-1,-1
238,17,1946,1273,202,160,1,-1,-1,-1
238,62,1520,719,80,92,1,-1,-1,-1
238,63,2206,760,216,132,1,-1,-1,-1
238,65,1832,735,97,119,1,-1,-1,-1
238,67,115,791,282,118,1,-1,-1,-1
238,68,488,724,232,108,1,-1,-1,-1
238,70,1715,711,164,95,1,-1,-1,-1
238,71,2018,745,221,137,1,-1,-1,-1
238,72,306,774,228,144,1,-1,-1,-1
238,75,862,713,212,120,1,-1,-1,-1
238,76,1721,729,294,122,1,-1,-1,-1
239,17,1947,1274,202,160,1,-1,-1,-1
239,62,1519,720,80,92,1,-1,-1,-1
239,63,2193,756,227,139,1,-1,-1,-1
239,65,1825,731,97,119,1,-1,-1,-1
239,67,105,790,296,124,1,-1,-1,-1
239,68,490,723,232,108,1,-1,-1,-1
239,70,1707,732,156,91,1,-1,-1,-1
239,71,2016,744,221,137,1,-1,-1,-1
239,72,306,775,228,144,1,-1,-1,-1
239,75,835,710,223,126,1,-1,-1,-1
239,76,1752,731,294,122,1,-1,-1,-1
240,17,1946,1277,202,160,1,-1,-1,-1
240,62,1519,720,80,92,1,-1,-1,-1
240,63,2190,755,227,139,1,-1,-1,-1
240,65,1840,731,97,119,1,-1,-1,-1
240,67,100,794,296,124,1,-1,-1,-1
240,68,492,723,232,108,1,-1,-1,-1
240,70,1708,729,156,91,1,-1,-1,-1
240,71,2015,745,221,137,1,-1,-1,-1
240,72,304,776,228,144,1,-1,-1,-1
240,75,821,713,212,120,1,-1,-1,-1
240,76,1786,731,294,122,1,-1,-1,-1
241,17,1946,1277,202,160,1,-1,-1,-1
241,62,1508,708,76,104,1,-1,-1,-1
241,63,2164,760,220,132,1,-1,-1,-1
241,65,1840,731,97,119,1,-1,-1,-1
241,67,88,804,296,136,1,-1,-1,-1
241,68,512,724,208,116,1,-1,-1,-1
241,70,1720,708,144,112,1,-1,-1,-1
241,71,2000,732,200,144,1,-1,-1,-1
241,72,316,776,216,144,1,-1,-1,-1
241,75,784,720,220,104,1,-1,-1,-1
241,76,1844,748,196,120,1,-1,-1,-1
242,17,1947,1286,202,154,1,-1,-1,-1
242,62,1507,708,76,104,1,-1,-1,-1
242,63,2160,759,220,132,1,-1,-1,-1
242,65,1844,731,97,119,1,-1,-1,-1
242,67,88,802,296,136,1,-1,-1,-1
242,68,513,724,208,116,1,-1,-1,-1
242,70,1720,708,144,112,1,-1,-1,-1
242,71,1997,731,200,144,1,-1,-1,-1
242,72,316,776,216,144,1,-1,-1,-1
242,75,770,719,220,104,1,-1,-1,-1
242,76,1851,748,196,120,1,-1,-1,-1
243,17,1949,1287,202,153,1,-1,-1,-1
243,62,1507,709,76,104,1,-1,-1,-1
243,63,2157,757,220,132,1,-1,-1,-1
243,67,87,799,296,136,1,-1,-1,-1
243,68,515,725,208,116,1,-1,-1,-1
243,70,1719,708,144,112,1,-1,-1,-1
243,71,1993,730,200,144,1,-1,-1,-1
243,72,315,776,216,144,1,-1,-1,-1
243,75,749,716,231,109,1,-1,-1,-1
243,76,1852,748,196,120,1,-1,-1,-1
244,17,1950,1288,202,152,1,-1,-1,-1
244,62,1506,710,76,104,1,-1,-1,-1
244,63,2155,757,220,132,1,-1,-1,-1
244,67,87,800,296,136,1,-1,-1,-1
244,68,516,725,208,116,1,-1,-1,-1
244,70,1719,709,144,112,1,-1,-1,-1
244,71,1991,730,200,144,1,-1,-1,-1
244,72,315,777,216,144,1,-1,-1,-1
244,75,734,718,220,104,1,-1,-1,-1
244,76,1835,746,196,120,1,-1,-1,-1
245,17,1952,1292,202,148,1,-1,-1,-1
245,62,1505,710,76,104,1,-1,-1,-1
245,63,2154,756,220,132,1,-1,-1,-1
245,67,86,804,296,136,1,-1,-1,-1
245,68,516,725,208,116,1,-1,-1,-1
245,70,1718,709,144,112,1,-1,-1,-1
245,71,1984,726,210,151,1,-1,-1,-1
245,72,313,778,216,144,1,-1,-1,-1
245,75,706,713,231,109,1,-1,-1,-1
245,76,1833,744,196,120,1,-1,-1,-1
246,17,1955,1297,202,143,1,-1,-1,-1
246,62,1503,710,76,104,1,-1,-1,-1
246,63,2154,757,220,132,1,-1,-1,-1
246,67,83,808,296,136,1,-1,-1,-1
246,68,521,729,198,110,1,-1,-1,-1
246,70,1718,710,144,112,1,-1,-1,-1
246,71,1987,727,210,151,1,-1,-1,-1
246,72,311,780,216,144,1,-1,-1,-1
246,75,687,714,231,109,1,-1,-1,-1
246,76,1837,747,187,114,1,-1,-1,-1
247,17,1957,1298,202,142,1,-1,-1,-1
247,62,1501,710,76,104,1,-1,-1,-1
247,63,2155,758,220,132,1,-1,-1,-1
247,67,83,809,296,136,1,-1,-1,-1
247,68,520,729,198,110,1,-1,-1,-1
247,70,1716,711,144,112,1,-1,-1,-1
247,71,1986,727,210,151,1,-1,-1,-1
247,72,310,781,216,144,1,-1,-1,-1
247,75,662,718,231,109,1,-1,-1,-1
247,76,1834,747,187,114,1,-1,-1,-1
248,17,1958,1297,202,143,1,-1,-1,-1
248,62,1502,712,76,104,1,-1,-1,-1
248,63,2158,759,220,132,1,-1,-1,-1
248,67,82,805,296,136,1,-1,-1,-1
248,68,520,730,198,110,1,-1,-1,-1
248,70,1715,712,144,112,1,-1,-1,-1
248,71,1989,729,210,151,1,-1,-1,-1
248,72,308,782,216,144,1,-1,-1,-1
248,75,635,719,231,109,1,-1,-1,-1
248,76,1836,748,187,114,1,-1,-1,-1
249,17,1958,1297,202,143,1,-1,-1,-1
249,62,1502,712,76,104,1,-1,-1,-1
249,63,2144,764,232,128,1,-1,-1,-1
249,67,92,812,284,188,1,-1,-1,-1
249,68,520,730,198,110,1,-1,-1,-1
249,70,1720,716,124,120,1,-1,-1,-1
249,71,1989,729,210,151,1,-1,-1,-1
249,72,260,784,256,136,1,-1,-1,-1
249,75,635,719,231,109,1,-1,-1,-1
249,76,1836,748,187,114,1,-1,-1,-1
250,17,1956,1293,202,147,1,-1,-1,-1
250,62,1503,714,76,104,1,-1,-1,-1
250,63,2150,765,232,128,1,-1,-1,-1
250,67,91,815,284,188,1,-1,-1,-1
250,68,519,730,198,110,1,-1,-1,-1
250,70,1719,715,124,120,1,-1,-1,-1
250,71,1993,731,210,151,1,-1,-1,-1
250,72,259,785,256,136,1,-1,-1,-1
250,75,580,714,243,115,1,-1,-1,-1
251,17,1954,1288,202,152,1,-1,-1,-1
251,62,1503,714,76,104,1,-1,-1,-1
251,63,2162,765,244,134,1,-1,-1,-1
251,67,91,824,284,188,1,-1,-1,-1
251,68,520,732,198,110,1,-1,-1,-1
251,70,1719,716,124,120,1,-1,-1,-1
251,71,1992,722,220,159,1,-1,-1,-1
251,72,258,785,256,136,1,-1,-1,-1
252,17,1954,1284,202,156,1,-1,-1,-1
252,62,1506,712,76,104,1,-1,-1,-1
252,63,2193,767,244,134,1,-1,-1,-1
252,67,95,827,284,188,1,-1,-1,-1
252,68,518,734,198,110,1,-1,-1,-1
252,70,1719,715,124,120,1,-1,-1,-1
252,71,2006,716,220,159,1,-1,-1,-1
252,72,257,786,256,136,1,-1,-1,-1
253,17,1954,1270,202,160,1,-1,-1,-1
253,62,1511,715,72,99,1,-1,-1,-1
253,63,2211,770,244,134,1,-1,-1,-1
253,67,105,823,270,179,1,-1,-1,-1
253,68,516,734,198,110,1,-1,-1,-1
253,70,1720,714,124,120,1,-1,-1,-1
253,71,2038,720,210,151,1,-1,-1,-1
253,72,254,785,256,136,1,-1,-1,-1
254,17,1956,1256,202,160,1,-1,-1,-1
254,62,1514,710,72,99,1,-1,-1,-1
254,63,2221,768,256,141,1,-1,-1,-1
254,67,113,816,270,179,1,-1,-1,-1
254,68,511,730,208,116,1,-1,-1,-1
254,70,1720,713,124,120,1,-1,-1,-1
254,72,252,784,256,136,1,-1,-1,-1
255,17,1959,1250,202,160,1,-1,-1,-1
255,62,1519,710,72,99,1,-1,-1,-1
255,63,2207,771,244,134,1,-1,-1,-1
255,67,112,817,270,179,1,-1,-1,-1
255,68,511,731,208,116,1,-1,-1,-1
255,70,1721,712,124,120,1,-1,-1,-1
255,72,250,785,256,136,1,-1,-1,-1
256,17,1966,1244,202,160,1,-1,-1,-1
256,62,1528,709,72,99,1,-1,-1,-1
256,63,2237,777,244,134,1,-1,-1,-1
256,67,129,831,258,171,1,-1,-1,-1
256,68,503,730,218,122,1,-1,-1,-1
256,70,1721,712,124,120,1,-1,-1,-1
256,72,245,787,256,136,1,-1,-1,-1
257,17,1966,1244,202,160,1,-1,-1,-1
257,62,1528,709,72,99,1,-1,-1,-1
257,63,2237,777,244,134,1,-1,-1,-1
257,67,129,831,258,171,1,-1,-1,-1
257,68,468,720,232,124,1,-1,-1,-1
257,70,1721,712,124,120,1,-1,-1,-1
257,72,245,787,256,136,1,-1,-1,-1
257,77,1552,692,156,116,1,-1,-1,-1
257,78,2344,776,216,148,1,-1,-1,-1
257,79,2120,732,268,140,1,-1,-1,-1
257,80,2004,728,200,92,1,-1,-1,-1
257,81,1804,708,104,116,1,-1,-1,-1
258,17,1972,1238,202,160,1,-1,-1,-1
258,62,1533,701,72,99,1,-1,-1,-1
258,67,163,830,245,162,1,-1,-1,-1
258,68,466,721,232,124,1,-1,-1,-1
258,70,1721,714,124,120,1,-1,-1,-1
258,72,248,790,244,130,1,-1,-1,-1
258,77,1562,692,156,116,1,-1,-1,-1
258,78,2351,776,209,148,1,-1,-1,-1
258,79,2127,731,268,140,1,-1,-1,-1
258,80,2005,728,200,92,1,-1,-1,-1
258,81,1803,708,104,116,1,-1,-1,-1
259,17,1963,1236,202,160,1,-1,-1,-1
259,67,167,827,245,162,1,-1,-1,-1
259,68,463,724,232,124,1,-1,-1,-1
259,70,1722,713,124,120,1,-1,-1,-1
259,72,251,792,232,123,1,-1,-1,-1
259,77,1565,692,156,116,1,-1,-1,-1
259,78,2346,779,214,148,1,-1,-1,-1
259,79,2134,731,281,147,1,-1,-1,-1
259,80,2006,728,200,92,1,-1,-1,-1
259,81,1802,708,104,116,1,-1,-1,-1
260,17,1952,1239,202,160,1,-1,-1,-1
260,67,184,847,245,162,1,-1,-1,-1
260,68,455,726,232,124,1,-1,-1,-1
260,70,1719,715,124,120,1,-1,-1,-1
260,72,244,800,232,123,1,-1,-1,-1
260,77,1568,692,156,116,1,-1,-1,-1
260,78,2349,783,206,141,1,-1,-1,-1
260,79,2136,729,281,147,1,-1,-1,-1
260,80,2004,728,200,92,1,-1,-1,-1
260,81,1800,708,104,116,1,-1,-1,-1
261,17,1949,1255,202,160,1,-1,-1,-1
261,68,442,723,244,130,1,-1,-1,-1
261,70,1719,714,124,120,1,-1,-1,-1
261,72,219,804,244,130,1,-1,-1,-1
261,77,1585,688,156,116,1,-1,-1,-1
261,78,2343,779,216,148,1,-1,-1,-1
261,79,2129,722,295,154,1,-1,-1,-1
261,80,2003,728,200,92,1,-1,-1,-1
261,81,1798,707,104,116,1,-1,-1,-1
262,17,1948,1274,202,160,1,-1,-1,-1
262,68,439,723,244,130,1,-1,-1,-1
262,70,1716,715,124,120,1,-1,-1,-1
262,72,220,808,244,130,1,-1,-1,-1
262,77,1596,686,156,116,1,-1,-1,-1
262,78,2345,781,215,148,1,-1,-1,-1
262,79,2132,720,295,154,1,-1,-1,-1
262,80,2003,729,200,92,1,-1,-1,-1
262,81,1795,706,104,116,1,-1,-1,-1
263,17,1949,1289,202,151,1,-1,-1,-1
263,68,431,722,244,130,1,-1,-1,-1
263,77,1605,681,164,122,1,-1,-1,-1
263,78,2336,785,224,155,1,-1,-1,-1
263,79,2110,717,295,154,1,-1,-1,-1
263,80,2002,729,200,92,1,-1,-1,-1
263,81,1794,706,104,116,1,-1,-1,-1
264,17,1951,1289,202,151,1,-1,-1,-1
264,68,420,726,232,124,1,-1,-1,-1
264,77,1613,682,164,122,1,-1,-1,-1
264,78,2336,764,224,155,1,-1,-1,-1
264,79,2118,722,281,147,1,-1,-1,-1
264,80,2001,729,200,92,1,-1,-1,-1
264,81,1794,706,104,116,1,-1,-1,-1
265,17,1951,1289,202,151,1,-1,-1,-1
265,68,396,736,248,132,1,-1,-1,-1
265,77,1613,682,164,122,1,-1,-1,-1
265,78,2336,764,224,155,1,-1,-1,-1
265,79,2172,732,168,136,1,-1,-1,-1
265,80,2012,732,184,124,1,-1,-1,-1
265,81,1794,706,104,116,1,-1,-1,-1
265,82,700,720,92,124,1,-1,-1,-1
265,83,148,792,332,136,1,-1,-1,-1
265,84,2332,696,228,100,1,-1,-1,-1
266,17,1951,1260,202,160,1,-1,-1,-1
266,68,393,737,248,132,1,-1,-1,-1
266,79,2167,731,168,136,1,-1,-1,-1
266,80,2010,733,184,124,1,-1,-1,-1
266,81,1792,707,104,116,1,-1,-1,-1
266,82,702,719,92,124,1,-1,-1,-1
266,83,144,794,332,136,1,-1,-1,-1
266,84,2343,697,217,100,1,-1,-1,-1
267,17,1946,1241,202,160,1,-1,-1,-1
267,68,389,738,248,132,1,-1,-1,-1
267,79,2161,730,168,136,1,-1,-1,-1
267,80,2006,732,184,124,1,-1,-1,-1
267,81,1791,706,104,116,1,-1,-1,-1
267,82,705,720,92,124,1,-1,-1,-1
267,83,133,796,332,136,1,-1,-1,-1
267,84,2353,702,207,95,1,-1,-1,-1
268,17,1930,1220,202,160,1,-1,-1,-1
268,68,387,741,248,132,1,-1,-1,-1
268,79,2149,730,168,136,1,-1,-1,-1
268,80,2002,732,184,124,1,-1,-1,-1
268,81,1788,706,104,116,1,-1,-1,-1
268,82,707,720,92,124,1,-1,-1,-1
268,83,121,796,332,136,1,-1,-1,-1
268,84,2350,713,210,95,1,-1,-1,-1
269,17,1914,1204,202,160,1,-1,-1,-1
269,68,384,743,248,132,1,-1,-1,-1
269,79,2140,723,176,143,1,-1,-1,-1
269,80,1994,732,184,124,1,-1,-1,-1
269,82,706,721,92,124,1,-1,-1,-1
269,83,120,800,316,130,1,-1,-1,-1
269,84,2344,716,216,95,1,-1,-1,-1
270,17,1908,1201,202,160,1,-1,-1,-1
270,68,382,743,248,132,1,-1,-1,-1
270,79,2131,720,176,143,1,-1,-1,-1
270,80,1988,732,184,124,1,-1,-1,-1
270,82,703,722,92,124,1,-1,-1,-1
270,83,90,802,316,130,1,-1,-1,-1
270,84,2335,718,217,95,1,-1,-1,-1
271,17,1905,1211,202,160,1,-1,-1,-1
271,68,380,744,248,132,1,-1,-1,-1
271,79,2115,726,176,143,1,-1,-1,-1
271,80,1980,734,175,118,1,-1,-1,-1
271,82,696,724,92,124,1,-1,-1,-1
271,83,50,804,332,136,1,-1,-1,-1
271,84,2313,723,217,95,1,-1,-1,-1
272,17,1883,1235,212,168,1,-1,-1,-1
272,68,376,745,248,132,1,-1,-1,-1
272,79,2106,724,176,143,1,-1,-1,-1
272,80,1968,730,184,124,1,-1,-1,-1
272,82,693,726,92,124,1,-1,-1,-1
272,83,9,802,349,143,1,-1,-1,-1
272,84,2278,726,217,95,1,-1,-1,-1
273,17,1883,1235,212,168,1,-1,-1,-1
273,68,380,740,236,144,1,-1,-1,-1
273,79,2106,724,176,143,1,-1,-1,-1
273,80,1968,730,184,124,1,-1,-1,-1
273,82,672,724,108,132,1,-1,-1,-1
273,83,8,832,340,124,1,-1,-1,-1
273,84,2278,726,217,95,1,-1,-1,-1
273,85,2224,704,252,160,1,-1,-1,-1
273,86,1592,708,92,96,1,-1,-1,-1
274,17,1831,1284,212,156,1,-1,-1,-1
274,68,368,742,236,144,1,-1,-1,-1
274,79,2067,724,176,143,1,-1,-1,-1
274,80,1936,729,184,124,1,-1,-1,-1
274,82,661,725,108,132,1,-1,-1,-1
274,83,0,834,314,124,1,-1,-1,-1
274,84,2237,723,217,95,1,-1,-1,-1
274,85,2199,704,252,160,1,-1,-1,-1
274,86,1580,708,92,96,1,-1,-1,-1
275,17,1800,1291,212,149,1,-1,-1,-1
275,68,354,744,236,144,1,-1,-1,-1
275,79,2043,727,176,143,1,-1,-1,-1
275,80,1919,729,184,124,1,-1,-1,-1
275,82,646,723,113,139,1,-1,-1,-1
275,83,0,847,274,124,1,-1,-1,-1
275,85,2173,705,252,160,1,-1,-1,-1
275,86,1565,709,92,96,1,-1,-1,-1
276,17,1782,1289,212,151,1,-1,-1,-1
276,68,341,748,236,144,1,-1,-1,-1
276,80,1902,729,184,124,1,-1,-1,-1
276,82,634,725,113,139,1,-1,-1,-1
276,83,0,854,218,124,1,-1,-1,-1
276,85,2151,706,252,160,1,-1,-1,-1
276,86,1552,710,92,96,1,-1,-1,-1
277,17,1772,1276,212,164,1,-1,-1,-1
277,68,325,751,236,144,1,-1,-1,-1
277,80,1884,729,184,124,1,-1,-1,-1
277,82,627,727,113,139,1,-1,-1,-1
277,83,0,857,186,124,1,-1,-1,-1
277,85,2124,709,252,160,1,-1,-1,-1
277,86,1538,711,92,96,1,-1,-1,-1
278,17,1757,1264,212,168,1,-1,-1,-1
278,68,300,749,248,151,1,-1,-1,-1
278,80,1873,730,184,124,1,-1,-1,-1
278,82,617,728,113,139,1,-1,-1,-1
278,83,0,851,149,124,1,-1,-1,-1
278,85,2098,712,252,160,1,-1,-1,-1
278,86,1526,712,92,96,1,-1,-1,-1
279,17,1740,1260,212,168,1,-1,-1,-1
279,68,283,753,248,151,1,-1,-1,-1
279,80,1864,729,175,118,1,-1,-1,-1
279,82,605,729,113,139,1,-1,-1,-1
279,83,0,855,110,118,1,-1,-1,-1
279,85,2069,712,252,160,1,-1,-1,-1
279,86,1514,712,92,96,1,-1,-1,-1
280,17,1719,1262,212,168,1,-1,-1,-1
280,68,271,752,248,151,1,-1,-1,-1
280,80,1857,729,175,118,1,-1,-1,-1
280,82,593,726,119,146,1,-1,-1,-1
280,83,0,858,84,118,1,-1,-1,-1
280,85,2045,714,252,160,1,-1,-1,-1
280,86,1499,713,92,96,1,-1,-1,-1
281,17,1719,1262,212,168,1,-1,-1,-1
281,68,256,764,244,124,1,-1,-1,-1
281,80,1848,752,196,108,1,-1,-1,-1
281,82,540,732,160,144,1,-1,-1,-1
281,83,0,858,84,118,1,-1,-1,-1
281,85,2044,724,240,120,1,-1,-1,-1
281,86,1499,713,92,96,1,-1,-1,-1
281,87,2368,812,192,120,1,-1,-1,-1
282,17,1683,1279,212,161,1,-1,-1,-1
282,68,239,765,244,124,1,-1,-1,-1
282,80,1826,752,196,108,1,-1,-1,-1
282,82,529,733,160,144,1,-1,-1,-1
282,85,2023,725,240,120,1,-1,-1,-1
282,86,1477,715,92,96,1,-1,-1,-1
282,87,2342,811,192,120,1,-1,-1,-1
283,17,1663,1282,212,158,1,-1,-1,-1
283,68,224,767,244,124,1,-1,-1,-1
283,80,1807,753,196,108,1,-1,-1,-1
283,82,519,734,160,144,1,-1,-1,-1
283,85,2005,725,240,120,1,-1,-1,-1
283,86,1463,715,97,101,1,-1,-1,-1
283,87,2328,807,202,126,1,-1,-1,-1
284,17,1638,1284,212,156,1,-1,-1,-1
284,68,199,766,256,130,1,-1,-1,-1
284,80,1795,752,196,108,1,-1,-1,-1
284,82,506,735,160,144,1,-1,-1,-1
284,85,1995,730,240,120,1,-1,-1,-1
284,86,1451,716,97,101,1,-1,-1,-1
284,87,2308,805,202,126,1,-1,-1,-1
285,17,1613,1280,212,160,1,-1,-1,-1
285,68,181,769,256,130,1,-1,-1,-1
285,80,1782,751,196,108,1,-1,-1,-1
285,82,492,737,160,144,1,-1,-1,-1
285,85,1981,729,240,120,1,-1,-1,-1
285,86,1442,716,97,101,1,-1,-1,-1
285,87,2302,804,202,126,1,-1,-1,-1
286,17,1592,1271,212,168,1,-1,-1,-1
286,68,157,767,269,137,1,-1,-1,-1
286,80,1770,750,196,108,1,-1,-1,-1
286,82,479,738,160,144,1,-1,-1,-1
286,85,1972,733,240,120,1,-1,-1,-1
286,86,1428,715,97,101,1,-1,-1,-1
286,87,2258,797,212,132,1,-1,-1,-1
287,17,1571,1261,212,168,1,-1,-1,-1
287,68,139,771,269,137,1,-1,-1,-1
287,80,1756,749,196,108,1,-1,-1,-1
287,82,467,741,160,144,1,-1,-1,-1
287,85,1957,733,252,126,1,-1,-1,-1
287,86,1410,715,92,96,1,-1,-1,-1
287,87,2232,785,212,132,1,-1,-1,-1
288,17,1544,1243,212,168,1,-1,-1,-1
288,68,112,770,282,144,1,-1,-1,-1
288,80,1745,748,196,108,1,-1,-1,-1
288,82,456,743,160,144,1,-1,-1,-1
288,85,1945,735,252,126,1,-1,-1,-1
288,86,1394,715,92,96,1,-1,-1,-1
289,17,1532,1224,180,168,1,-1,-1,-1
289,68,84,784,272,120,1,-1,-1,-1
289,80,1732,716,220,144,1,-1,-1,-1
289,82,444,744,180,140,1,-1,-1,-1
289,85,1936,748,236,140,1,-1,-1,-1
289,86,1380,708,104,104,1,-1,-1,-1
289,88,2120,768,208,140,1,-1,-1,-1
289,89,1504,688,100,120,1,-1,-1,-1
290,17,1508,1196,180,168,1,-1,-1,-1
290,68,63,783,272,120,1,-1,-1,-1
290,80,1719,716,220,144,1,-1,-1,-1
290,82,432,745,180,140,1,-1,-1,-1
290,85,1920,747,236,140,1,-1,-1,-1
290,86,1368,709,104,104,1,-1,-1,-1
290,88,2101,766,208,140,1,-1,-1,-1
290,89,1493,688,100,120,1,-1,-1,-1
291,17,1494,1166,180,168,1,-1,-1,-1
291,68,50,784,272,120,1,-1,-1,-1
291,80,1709,715,220,144,1,-1,-1,-1
291,82,419,747,180,140,1,-1,-1,-1
291,85,1904,744,236,140,1,-1,-1,-1
291,86,1356,709,104,104,1,-1,-1,-1
291,88,2083,764,208,140,1,-1,-1,-1
291,89,1482,688,100,120,1,-1,-1,-1
292,17,1493,1161,180,168,1,-1,-1,-1
292,68,30,783,272,120,1,-1,-1,-1
292,80,1697,714,220,144,1,-1,-1,-1
292,82,407,748,180,140,1,-1,-1,-1
292,85,1889,743,236,140,1,-1,-1,-1
292,86,1343,710,104,104,1,-1,-1,-1
292,88,2062,765,208,140,1,-1,-1,-1
292,89,1471,687,100,120,1,-1,-1,-1
293,17,1493,1176,180,168,1,-1,-1,-1
293,68,4,778,286,126,1,-1,-1,-1
293,80,1687,714,220,144,1,-1,-1,-1
293,82,393,749,180,140,1,-1,-1,-1
293,85,1879,746,225,133,1,-1,-1,-1
293,86,1332,710,104,104,1,-1,-1,-1
293,88,2058,766,208,140,1,-1,-1,-1
293,89,1461,687,100,120,1,-1,-1,-1
294,17,1493,1207,180,168,1,-1,-1,-1
294,68,0,778,272,126,1,-1,-1,-1
294,80,1679,712,220,144,1,-1,-1,-1
294,82,379,749,180,140,1,-1,-1,-1
294,85,1865,745,225,133,1,-1,-1,-1
294,86,1320,710,104,104,1,-1,-1,-1
294,88,2044,770,218,147,1,-1,-1,-1
294,89,1452,686,100,120,1,-1,-1,-1
295,17,1494,1227,180,168,1,-1,-1,-1
295,68,0,778,256,126,1,-1,-1,-1
295,80,1670,711,220,144,1,-1,-1,-1
295,82,363,745,189,147,1,-1,-1,-1
295,85,1846,746,225,133,1,-1,-1,-1
295,86,1309,710,104,104,1,-1,-1,-1
295,88,2038,776,218,147,1,-1,-1,-1
295,89,1444,685,100,120,1,-1,-1,-1
296,17,1492,1225,180,168,1,-1,-1,-1
296,68,0,777,238,132,1,-1,-1,-1
296,80,1659,705,231,151,1,-1,-1,-1
296,82,352,745,189,147,1,-1,-1,-1
296,85,1827,746,225,133,1,-1,-1,-1
296,86,1297,709,104,104,1,-1,-1,-1
296,88,2047,781,208,140,1,-1,-1,-1
296,89,1435,685,100,120,1,-1,-1,-1
297,17,1492,1225,180,168,1,-1,-1,-1
297,68,0,792,244,140,1,-1,-1,-1
297,80,1648,716,224,136,1,-1,-1,-1
297,82,300,756,228,124,1,-1,-1,-1
297,85,1796,760,240,116,1,-1,-1,-1
297,86,1297,709,104,104,1,-1,-1,-1
297,88,2047,781,208,140,1,-1,-1,-1
297,89,1436,680,88,112,1,-1,-1,-1
297,90,1232,700,152,108,1,-1,-1,-1
297,91,1396,704,96,128,1,-1,-1,-1
297,92,1996,752,124,120,1,-1,-1,-1
298,17,1471,1209,180,168,1,-1,-1,-1
298,68,0,789,228,147,1,-1,-1,-1
298,80,1643,716,224,136,1,-1,-1,-1
298,82,286,756,228,124,1,-1,-1,-1
298,85,1793,764,229,110,1,-1,-1,-1
298,86,1280,704,104,104,1,-1,-1,-1
298,89,1430,679,88,112,1,-1,-1,-1
298,90,1223,699,152,108,1,-1,-1,-1
298,91,1390,704,96,128,1,-1,-1,-1
298,92,1989,751,124,120,1,-1,-1,-1
299,17,1456,1217,180,168,1,-1,-1,-1
299,68,0,792,217,147,1,-1,-1,-1
299,80,1637,716,224,136,1,-1,-1,-1
299,82,272,756,228,124,1,-1,-1,-1
299,85,1782,765,229,110,1,-1,-1,-1
299,86,1265,703,104,104,1,-1,-1,-1
299,89,1425,678,88,112,1,-1,-1,-1
299,90,1215,699,152,108,1,-1,-1,-1
299,91,1385,704,96,128,1,-1,-1,-1
299,92,1982,746,130,126,1,-1,-1,-1
300,17,1444,1233,180,168,1,-1,-1,-1
300,68,0,791,199,147,1,-1,-1,-1
300,80,1631,715,224,136,1,-1,-1,-1
300,82,250,753,239,130,1,-1,-1,-1
300,85,1771,763,240,116,1,-1,-1,-1
300,86,1263,703,104,104,1,-1,-1,-1
300,89,1420,678,88,112,1,-1,-1,-1
300,90,1203,694,160,113,1,-1,-1,-1
300,91,1380,702,96,128,1,-1,-1,-1
300,92,1979,743,130,126,1,-1,-1,-1
301,17,1441,1249,180,168,1,-1,-1,-1
301,68,0,789,184,147,1,-1,-1,-1
301,80,1626,714,224,136,1,-1,-1,-1
301,82,233,755,239,130,1,-1,-1,-1
301,85,1760,762,240,116,1,-1,-1,-1
301,86,1276,696,104,104,1,-1,-1,-1
301,89,1415,678,88,112,1,-1,-1,-1
301,90,1198,694,160,113,1,-1,-1,-1
301,91,1376,702,96,128,1,-1,-1,-1
301,92,1977,742,130,126,1,-1,-1,-1
302,17,1444,1264,180,168,1,-1,-1,-1
302,68,0,796,158,140,1,-1,-1,-1
302,80,1621,712,224,136,1,-1,-1,-1
302,82,210,755,239,130,1,-1,-1,-1
302,85,1756,760,240,116,1,-1,-1,-1
302,86,1275,698,104,104,1,-1,-1,-1
302,89,1411,677,88,112,1,-1,-1,-1
302,90,1194,693,160,113,1,-1,-1,-1
302,91,1372,701,96,128,1,-1,-1,-1
302,92,1972,742,130,126,1,-1,-1,-1
303,17,1451,1274,180,166,1,-1,-1,-1
303,68,0,797,141,140,1,-1,-1,-1
303,80,1617,711,224,136,1,-1,-1,-1
303,82,192,757,239,130,1,-1,-1,-1
303,85,1752,758,240,116,1,-1,-1,-1
303,89,1407,676,88,112,1,-1,-1,-1
303,90,1188,692,160,113,1,-1,-1,-1
303,91,1368,700,96,128,1,-1,-1,-1
303,92,1966,740,137,132,1,-1,-1,-1
304,17,1453,1281,180,159,1,-1,-1,-1
304,68,0,794,132,140,1,-1,-1,-1
304,80,1616,710,224,136,1,-1,-1,-1
304,82,175,757,239,130,1,-1,-1,-1
304,85,1751,757,240,116,1,-1,-1,-1
304,89,1406,675,88,112,1,-1,-1,-1
304,90,1186,693,160,113,1,-1,-1,-1
304,91,1366,699,96,128,1,-1,-1,-1
304,92,1964,738,137,132,1,-1,-1,-1
305,17,1453,1281,180,159,1,-1,-1,-1
305,68,0,794,132,140,1,-1,-1,-1
305,80,1608,708,204,136,1,-1,-1,-1
305,82,148,760,268,124,1,-1,-1,-1
305,85,1748,740,192,128,1,-1,-1,-1
305,89,1406,675,88,112,1,-1,-1,-1
305,90,1186,693,160,113,1,-1,-1,-1
305,91,1364,688,96,136,1,-1,-1,-1
305,92,1964,728,136,144,1,-1,-1,-1
305,93,1104,700,204,96,1,-1,-1,-1
305,94,0,808,76,108,1,-1,-1,-1
306,17,1441,1267,180,168,1,-1,-1,-1
306,68,0,793,117,140,1,-1,-1,-1
306,80,1607,707,204,136,1,-1,-1,-1
306,82,135,756,281,130,1,-1,-1,-1
306,85,1747,739,192,128,1,-1,-1,-1
306,89,1402,674,88,112,1,-1,-1,-1
306,90,1185,691,160,113,1,-1,-1,-1
306,91,1363,688,96,136,1,-1,-1,-1
306,92,1965,728,136,144,1,-1,-1,-1
306,93,1086,696,214,101,1,-1,-1,-1
306,94,0,805,65,108,1,-1,-1,-1
307,17,1437,1253,180,168,1,-1,-1,-1
307,68,0,785,117,140,1,-1,-1,-1
307,80,1607,707,204,136,1,-1,-1,-1
307,82,116,757,281,130,1,-1,-1,-1
307,85,1746,738,192,128,1,-1,-1,-1
307,89,1402,673,88,112,1,-1,-1,-1
307,90,1177,691,168,119,1,-1,-1,-1
307,91,1364,688,96,136,1,-1,-1,-1
307,92,1967,730,136,144,1,-1,-1,-1
307,93,1065,691,225,106,1,-1,-1,-1
307,94,0,811,52,108,1,-1,-1,-1
308,17,1437,1234,180,168,1,-1,-1,-1
308,80,1607,706,204,136,1,-1,-1,-1
308,82,91,757,295,137,1,-1,-1,-1
308,85,1747,736,192,128,1,-1,-1,-1
308,89,1401,673,88,112,1,-1,-1,-1
308,90,1178,692,168,119,1,-1,-1,-1
308,91,1363,687,96,136,1,-1,-1,-1
308,92,1968,732,136,144,1,-1,-1,-1
308,93,1054,691,225,106,1,-1,-1,-1
308,94,0,812,42,113,1,-1,-1,-1
309,17,1437,1221,180,168,1,-1,-1,-1
309,80,1607,705,204,136,1,-1,-1,-1
309,82,74,762,281,130,1,-1,-1,-1
309,85,1748,734,192,128,1,-1,-1,-1
309,89,1401,672,88,112,1,-1,-1,-1
309,90,1193,701,160,113,1,-1,-1,-1
309,91,1362,687,96,136,1,-1,-1,-1
309,92,1970,734,136,144,1,-1,-1,-1
309,93,1036,687,225,106,1,-1,-1,-1
309,94,0,811,42,119,1,-1,-1,-1
310,17,1438,1220,180,168,1,-1,-1,-1
310,80,1607,704,204,136,1,-1,-1,-1
310,82,57,764,281,130,1,-1,-1,-1
310,85,1750,732,192,128,1,-1,-1,-1
310,89,1401,672,88,112,1,-1,-1,-1
310,91,1363,687,96,136,1,-1,-1,-1
310,92,1971,735,136,144,1,-1,-1,-1
310,93,1021,687,225,106,1,-1,-1,-1
310,94,0,806,42,113,1,-1,-1,-1
311,17,1436,1223,180,168,1,-1,-1,-1
311,80,1608,703,204,136,1,-1,-1,-1
311,82,53,768,268,124,1,-1,-1,-1
311,85,1752,728,192,128,1,-1,-1,-1
311,89,1401,671,88,112,1,-1,-1,-1
311,91,1363,686,96,136,1,-1,-1,-1
311,92,1971,734,136,144,1,-1,-1,-1
311,93,1003,686,225,106,1,-1,-1,-1
311,94,0,810,46,108,1,-1,-1,-1
312,17,1435,1233,180,168,1,-1,-1,-1
312,80,1609,702,204,136,1,-1,-1,-1
312,82,41,768,268,124,1,-1,-1,-1
312,85,1753,726,192,128,1,-1,-1,-1
312,89,1401,671,88,112,1,-1,-1,-1
312,91,1364,686,96,136,1,-1,-1,-1
312,92,1969,730,143,151,1,-1,-1,-1
312,93,986,690,214,101,1,-1,-1,-1
312,94,0,813,47,108,1,-1,-1,-1
313,17,1435,1233,180,168,1,-1,-1,-1
313,80,1608,700,208,140,1,-1,-1,-1
313,82,32,764,268,132,1,-1,-1,-1
313,85,1772,716,172,144,1,-1,-1,-1
313,89,1401,671,88,112,1,-1,-1,-1
313,91,1364,686,96,136,1,-1,-1,-1
313,92,1956,736,156,144,1,-1,-1,-1
313,93,1000,684,172,96,1,-1,-1,-1
313,94,0,813,47,108,1,-1,-1,-1
314,17,1443,1243,180,168,1,-1,-1,-1
314,80,1608,700,208,140,1,-1,-1,-1
314,82,27,765,268,132,1,-1,-1,-1
314,85,1773,715,172,144,1,-1,-1,-1
314,89,1401,669,88,112,1,-1,-1,-1
314,91,1364,685,96,136,1,-1,-1,-1
314,92,1956,736,156,144,1,-1,-1,-1
314,93,993,683,172,96,1,-1,-1,-1
315,17,1445,1235,180,168,1,-1,-1,-1
315,80,1610,699,208,140,1,-1,-1,-1
315,82,20,765,268,132,1,-1,-1,-1
315,85,1774,713,172,144,1,-1,-1,-1
315,89,1401,666,88,112,1,-1,-1,-1
315,91,1365,684,96,136,1,-1,-1,-1
315,92,1957,735,156,144,1,-1,-1,-1
315,93,979,680,181,101,1,-1,-1,-1
