1,0,148,472,852,624,1,-1,-1,-1
1,1,1704,600,712,576,1,-1,-1,-1
1,2,1148,396,468,460,1,-1,-1,-1
1,3,764,452,512,508,1,-1,-1,-1
1,4,1952,568,456,148,1,-1,-1,-1
1,5,2468,728,92,316,1,-1,-1,-1
2,0,143,470,852,624,1,-1,-1,-1
2,1,1700,600,712,576,1,-1,-1,-1
2,2,1148,399,468,460,1,-1,-1,-1
2,3,759,449,512,508,1,-1,-1,-1
2,4,1952,568,456,148,1,-1,-1,-1
2,5,2468,728,92,316,1,-1,-1,-1
3,0,140,475,852,624,1,-1,-1,-1
3,1,1689,603,712,576,1,-1,-1,-1
3,2,1143,399,468,460,1,-1,-1,-1
3,3,754,459,512,508,1,-1,-1,-1
3,4,1951,568,456,148,1,-1,-1,-1
3,5,2468,727,92,316,1,-1,-1,-1
4,0,145,477,852,624,1,-1,-1,-1
4,1,1677,604,712,576,1,-1,-1,-1
4,2,1139,400,468,460,1,-1,-1,-1
4,3,751,456,512,508,1,-1,-1,-1
4,4,1951,566,456,148,1,-1,-1,-1
4,5,2468,728,92,316,1,-1,-1,-1
5,0,138,473,852,624,1,-1,-1,-1
5,1,1682,604,712,576,1,-1,-1,-1
5,2,1138,400,468,460,1,-1,-1,-1
5,3,742,457,512,508,1,-1,-1,-1
5,4,1950,565,456,148,1,-1,-1,-1
5,5,2468,727,92,316,1,-1,-1,-1
6,0,140,476,852,624,1,-1,-1,-1
6,1,1677,601,712,576,1,-1,-1,-1
6,2,1140,399,468,460,1,-1,-1,-1
6,3,732,445,538,533,1,-1,-1,-1
6,4,1950,564,456,148,1,-1,-1,-1
6,5,2467,728,92,316,1,-1,-1,-1
7,0,163,491,811,594,1,-1,-1,-1
7,1,1661,603,712,576,1,-1,-1,-1
7,2,1134,399,468,460,1,-1,-1,-1
7,3,727,445,538,533,1,-1,-1,-1
7,4,1941,565,456,148,1,-1,-1,-1
7,5,2468,727,92,316,1,-1,-1,-1
8,0,161,489,811,594,1,-1,-1,-1
8,1,1655,598,712,576,1,-1,-1,-1
8,2,1144,410,446,438,1,-1,-1,-1
8,3,721,446,538,533,1,-1,-1,-1
8,4,1951,566,456,148,1,-1,-1,-1
8,5,2469,728,91,316,1,-1,-1,-1
9,0,148,468,808,624,1,-1,-1,-1
9,1,1632,596,776,576,1,-1,-1,-1
9,2,1164,400,444,456,1,-1,-1,-1
9,3,660,476,536,480,1,-1,-1,-1
9,4,1951,566,456,148,1,-1,-1,-1
9,5,2460,728,100,316,1,-1,-1,-1
9,6,1072,488,228,448,1,-1,-1,-1
9,7,1944,568,472,288,1,-1,-1,-1
10,0,149,470,808,624,1,-1,-1,-1
10,1,1632,593,776,576,1,-1,-1,-1
10,2,1162,398,444,456,1,-1,-1,-1
10,3,658,474,536,480,1,-1,-1,-1
10,4,1949,566,456,148,1,-1,-1,-1
10,5,2459,728,100,316,1,-1,-1,-1
10,6,1068,489,228,448,1,-1,-1,-1
10,7,1942,568,472,288,1,-1,-1,-1
11,0,150,470,808,624,1,-1,-1,-1
11,1,1624,594,776,576,1,-1,-1,-1
11,2,1161,402,444,456,1,-1,-1,-1
11,3,656,474,536,480,1,-1,-1,-1
11,4,1949,565,456,148,1,-1,-1,-1
11,5,2459,728,100,316,1,-1,-1,-1
11,6,1068,490,228,448,1,-1,-1,-1
11,7,1937,569,472,288,1,-1,-1,-1
12,0,152,466,808,624,1,-1,-1,-1
12,1,1628,594,776,576,1,-1,-1,-1
12,2,1158,400,444,456,1,-1,-1,-1
12,3,654,475,536,480,1,-1,-1,-1
12,4,1938,561,479,155,1,-1,-1,-1
12,5,2459,730,100,316,1,-1,-1,-1
12,6,1067,489,228,448,1,-1,-1,-1
12,7,1939,568,472,288,1,-1,-1,-1
13,0,150,467,808,624,1,-1,-1,-1
13,1,1622,595,776,576,1,-1,-1,-1
13,2,1156,399,444,456,1,-1,-1,-1
13,3,646,480,536,480,1,-1,-1,-1
13,4,1940,560,479,155,1,-1,-1,-1
13,5,2459,728,100,316,1,-1,-1,-1
13,6,1062,489,228,448,1,-1,-1,-1
13,7,1934,570,472,288,1,-1,-1,-1
14,0,146,471,808,624,1,-1,-1,-1
14,1,1613,602,776,576,1,-1,-1,-1
14,2,1158,397,444,456,1,-1,-1,-1
14,3,657,487,510,457,1,-1,-1,-1
14,4,1953,564,456,148,1,-1,-1,-1
14,5,2459,727,100,316,1,-1,-1,-1
14,6,1054,492,228,448,1,-1,-1,-1
14,7,1928,571,472,288,1,-1,-1,-1
15,0,149,471,808,624,1,-1,-1,-1
15,1,1605,600,776,576,1,-1,-1,-1
15,2,1151,400,444,456,1,-1,-1,-1
15,3,648,476,536,480,1,-1,-1,-1
15,4,1964,565,434,141,1,-1,-1,-1
15,5,2455,720,105,332,1,-1,-1,-1
15,6,1046,485,239,470,1,-1,-1,-1
15,7,1921,568,472,288,1,-1,-1,-1
16,0,126,448,848,655,1,-1,-1,-1
16,1,1596,605,776,576,1,-1,-1,-1
16,2,1152,399,444,456,1,-1,-1,-1
16,3,650,478,536,480,1,-1,-1,-1
16,4,1961,565,434,141,1,-1,-1,-1
16,5,2457,729,100,316,1,-1,-1,-1
16,6,1051,504,228,448,1,-1,-1,-1
16,7,1914,568,472,288,1,-1,-1,-1
17,0,148,468,772,620,1,-1,-1,-1
17,1,1556,592,852,576,1,-1,-1,-1
17,2,1168,408,420,452,1,-1,-1,-1
17,3,650,478,536,480,1,-1,-1,-1
17,4,1961,565,434,141,1,-1,-1,-1
17,5,2460,720,100,324,1,-1,-1,-1
17,6,984,488,308,428,1,-1,-1,-1
17,7,1932,572,488,256,1,-1,-1,-1
17,8,896,584,256,384,1,-1,-1,-1
18,0,143,469,772,620,1,-1,-1,-1
18,1,1552,593,852,576,1,-1,-1,-1
18,2,1172,407,420,452,1,-1,-1,-1
18,3,648,486,536,480,1,-1,-1,-1
18,5,2461,719,99,324,1,-1,-1,-1
18,6,981,491,308,428,1,-1,-1,-1
18,7,1930,571,488,256,1,-1,-1,-1
18,8,891,582,256,384,1,-1,-1,-1
19,0,144,468,772,620,1,-1,-1,-1
19,1,1549,593,852,576,1,-1,-1,-1
19,2,1166,407,420,452,1,-1,-1,-1
19,3,641,480,536,480,1,-1,-1,-1
19,5,2461,719,99,324,1,-1,-1,-1
19,6,976,494,308,428,1,-1,-1,-1
19,7,1921,570,488,256,1,-1,-1,-1
19,8,885,585,256,384,1,-1,-1,-1
20,0,146,467,772,620,1,-1,-1,-1
20,1,1541,596,852,576,1,-1,-1,-1
20,2,1167,406,420,452,1,-1,-1,-1
20,3,648,480,536,480,1,-1,-1,-1
20,5,2461,722,99,324,1,-1,-1,-1
20,6,970,490,308,428,1,-1,-1,-1
20,7,1918,569,488,256,1,-1,-1,-1
20,8,880,587,256,384,1,-1,-1,-1
21,0,149,467,772,620,1,-1,-1,-1
21,1,1529,595,852,576,1,-1,-1,-1
21,2,1165,407,420,452,1,-1,-1,-1
21,3,643,489,536,480,1,-1,-1,-1
21,5,2462,723,98,324,1,-1,-1,-1
21,6,966,497,308,428,1,-1,-1,-1
21,7,1913,568,488,256,1,-1,-1,-1
21,8,876,587,256,384,1,-1,-1,-1
22,0,143,464,772,620,1,-1,-1,-1
22,1,1520,604,852,576,1,-1,-1,-1
22,2,1167,408,420,452,1,-1,-1,-1
22,3,643,484,536,480,1,-1,-1,-1
22,5,2462,722,98,324,1,-1,-1,-1
22,6,954,494,308,428,1,-1,-1,-1
22,7,1904,570,488,256,1,-1,-1,-1
22,8,868,589,256,384,1,-1,-1,-1
23,0,134,467,772,620,1,-1,-1,-1
23,1,1528,595,852,576,1,-1,-1,-1
23,2,1163,408,420,452,1,-1,-1,-1
23,3,644,481,536,480,1,-1,-1,-1
23,5,2462,721,98,324,1,-1,-1,-1
23,6,952,495,308,428,1,-1,-1,-1
23,7,1895,560,512,269,1,-1,-1,-1
23,8,872,599,244,366,1,-1,-1,-1
24,0,131,466,772,620,1,-1,-1,-1
24,1,1517,604,852,576,1,-1,-1,-1
24,2,1166,410,420,452,1,-1,-1,-1
24,3,646,478,536,480,1,-1,-1,-1
24,5,2462,720,98,324,1,-1,-1,-1
24,6,944,501,308,428,1,-1,-1,-1
24,7,1893,561,512,269,1,-1,-1,-1
24,8,868,602,244,366,1,-1,-1,-1
25,0,152,464,796,624,1,-1,-1,-1
25,1,1460,588,860,580,1,-1,-1,-1
25,2,1176,444,392,396,1,-1,-1,-1
25,3,646,478,536,480,1,-1,-1,-1
25,5,2464,716,96,324,1,-1,-1,-1
25,6,888,532,400,388,1,-1,-1,-1
25,7,1928,568,488,260,1,-1,-1,-1
25,8,872,600,188,372,1,-1,-1,-1
26,0,152,463,796,624,1,-1,-1,-1
26,1,1454,590,860,580,1,-1,-1,-1
26,2,1175,443,392,396,1,-1,-1,-1
26,3,667,482,536,480,1,-1,-1,-1
26,5,2464,716,96,324,1,-1,-1,-1
26,6,884,533,400,388,1,-1,-1,-1
26,7,1928,569,488,260,1,-1,-1,-1
26,8,870,602,188,372,1,-1,-1,-1
27,0,154,458,796,624,1,-1,-1,-1
27,1,1435,586,860,580,1,-1,-1,-1
27,2,1170,443,392,396,1,-1,-1,-1
27,3,668,486,536,480,1,-1,-1,-1
27,5,2464,716,96,324,1,-1,-1,-1
27,6,880,531,400,388,1,-1,-1,-1
27,7,1926,569,488,260,1,-1,-1,-1
27,8,871,603,188,372,1,-1,-1,-1
28,0,158,453,796,624,1,-1,-1,-1
28,1,1430,585,860,580,1,-1,-1,-1
28,2,1169,443,392,396,1,-1,-1,-1
28,3,670,471,536,480,1,-1,-1,-1
28,5,2464,718,96,324,1,-1,-1,-1
28,6,880,533,400,388,1,-1,-1,-1
28,7,1918,569,488,260,1,-1,-1,-1
28,8,871,599,188,372,1,-1,-1,-1
29,0,137,446,836,655,1,-1,-1,-1
29,1,1430,587,860,580,1,-1,-1,-1
29,2,1168,442,392,396,1,-1,-1,-1
29,3,657,455,563,504,1,-1,-1,-1
29,5,2467,722,91,309,1,-1,-1,-1
29,6,878,536,400,388,1,-1,-1,-1
29,7,1918,563,488,260,1,-1,-1,-1
29,8,864,600,188,372,1,-1,-1,-1
30,0,131,436,836,655,1,-1,-1,-1
30,1,1426,591,860,580,1,-1,-1,-1
30,2,1164,442,392,396,1,-1,-1,-1
30,3,661,453,563,504,1,-1,-1,-1
30,5,2464,714,96,324,1,-1,-1,-1
30,6,866,529,420,407,1,-1,-1,-1
30,7,1911,565,488,260,1,-1,-1,-1
30,8,865,600,188,372,1,-1,-1,-1
31,0,140,445,836,655,1,-1,-1,-1
31,1,1428,589,860,580,1,-1,-1,-1
31,2,1161,441,392,396,1,-1,-1,-1
31,5,2463,714,96,324,1,-1,-1,-1
31,6,856,530,420,407,1,-1,-1,-1
31,7,1896,559,512,273,1,-1,-1,-1
31,8,866,595,188,372,1,-1,-1,-1
32,0,136,440,836,655,1,-1,-1,-1
32,1,1426,590,860,580,1,-1,-1,-1
32,2,1154,441,392,396,1,-1,-1,-1
32,5,2463,715,96,324,1,-1,-1,-1
32,6,846,531,420,407,1,-1,-1,-1
32,7,1907,566,488,260,1,-1,-1,-1
32,8,868,603,179,354,1,-1,-1,-1
33,0,156,472,828,616,1,-1,-1,-1
33,1,1352,592,892,576,1,-1,-1,-1
33,2,1180,404,396,452,1,-1,-1,-1
33,5,2460,716,96,328,1,-1,-1,-1
33,6,808,480,420,448,1,-1,-1,-1
33,7,1936,568,484,304,1,-1,-1,-1
33,8,868,603,179,354,1,-1,-1,-1
34,0,159,473,828,616,1,-1,-1,-1
34,1,1346,593,892,576,1,-1,-1,-1
34,2,1178,405,396,452,1,-1,-1,-1
34,5,2460,717,96,328,1,-1,-1,-1
34,6,806,481,420,448,1,-1,-1,-1
34,7,1932,568,484,304,1,-1,-1,-1
34,8,871,597,179,354,1,-1,-1,-1
35,0,155,472,828,616,1,-1,-1,-1
35,1,1371,611,850,549,1,-1,-1,-1
35,2,1174,403,396,452,1,-1,-1,-1
35,5,2457,709,101,344,1,-1,-1,-1
35,6,801,483,420,448,1,-1,-1,-1
35,7,1933,568,484,304,1,-1,-1,-1
35,8,875,593,179,354,1,-1,-1,-1
36,0,164,479,828,616,1,-1,-1,-1
36,1,1338,591,892,576,1,-1,-1,-1
36,2,1166,404,396,452,1,-1,-1,-1
36,5,2460,717,96,328,1,-1,-1,-1
36,6,797,480,420,448,1,-1,-1,-1
36,7,1932,571,484,304,1,-1,-1,-1
36,8,869,591,188,372,1,-1,-1,-1
37,0,166,475,828,616,1,-1,-1,-1
37,1,1320,590,892,576,1,-1,-1,-1
37,2,1162,405,396,452,1,-1,-1,-1
37,5,2461,717,96,328,1,-1,-1,-1
37,6,786,485,420,448,1,-1,-1,-1
37,7,1918,562,508,319,1,-1,-1,-1
37,8,863,597,188,372,1,-1,-1,-1
38,0,162,476,828,616,1,-1,-1,-1
38,1,1312,595,892,576,1,-1,-1,-1
38,2,1150,405,396,452,1,-1,-1,-1
38,5,2461,718,96,328,1,-1,-1,-1
38,6,791,498,400,427,1,-1,-1,-1
38,7,1933,573,484,304,1,-1,-1,-1
38,8,858,595,188,372,1,-1,-1,-1
39,0,147,461,869,647,1,-1,-1,-1
39,1,1290,596,892,576,1,-1,-1,-1
39,2,1148,406,396,452,1,-1,-1,-1
39,5,2461,718,96,328,1,-1,-1,-1
39,6,778,500,400,427,1,-1,-1,-1
39,7,1911,564,508,319,1,-1,-1,-1
39,8,863,599,188,372,1,-1,-1,-1
40,0,146,453,869,647,1,-1,-1,-1
40,1,1291,602,892,576,1,-1,-1,-1
40,2,1141,413,396,452,1,-1,-1,-1
40,5,2459,708,101,344,1,-1,-1,-1
40,6,769,499,400,427,1,-1,-1,-1
40,7,1907,564,508,319,1,-1,-1,-1
41,0,156,484,804,604,1,-1,-1,-1
41,1,1272,576,860,588,1,-1,-1,-1
41,2,1184,412,404,444,1,-1,-1,-1
41,5,2464,716,96,328,1,-1,-1,-1
41,6,732,488,448,472,1,-1,-1,-1
41,7,1940,568,484,284,1,-1,-1,-1
42,0,154,486,804,604,1,-1,-1,-1
42,1,1256,576,860,588,1,-1,-1,-1
42,2,1179,412,404,444,1,-1,-1,-1
42,5,2464,716,96,328,1,-1,-1,-1
42,6,730,489,448,472,1,-1,-1,-1
42,7,1937,567,484,284,1,-1,-1,-1
43,0,146,483,804,604,1,-1,-1,-1
43,1,1235,577,860,588,1,-1,-1,-1
43,2,1172,415,404,444,1,-1,-1,-1
43,5,2465,727,91,312,1,-1,-1,-1
43,6,726,494,448,472,1,-1,-1,-1
43,7,1931,568,484,284,1,-1,-1,-1
44,0,142,487,804,604,1,-1,-1,-1
44,1,1221,580,860,588,1,-1,-1,-1
44,2,1170,419,404,444,1,-1,-1,-1
44,5,2463,718,96,328,1,-1,-1,-1
44,6,730,496,448,472,1,-1,-1,-1
44,7,1932,568,484,284,1,-1,-1,-1
45,0,133,490,804,604,1,-1,-1,-1
45,1,1208,575,860,588,1,-1,-1,-1
45,2,1166,424,385,423,1,-1,-1,-1
45,5,2462,717,96,328,1,-1,-1,-1
45,6,729,495,448,472,1,-1,-1,-1
45,7,1930,563,484,284,1,-1,-1,-1
46,0,132,484,804,604,1,-1,-1,-1
46,1,1217,593,819,560,1,-1,-1,-1
46,2,1154,421,404,444,1,-1,-1,-1
46,5,2462,716,96,328,1,-1,-1,-1
46,6,733,510,427,450,1,-1,-1,-1
46,7,1919,555,508,298,1,-1,-1,-1
47,0,127,485,804,604,1,-1,-1,-1
47,1,1231,602,780,533,1,-1,-1,-1
47,2,1148,428,404,444,1,-1,-1,-1
47,5,2462,717,96,328,1,-1,-1,-1
47,6,731,510,427,450,1,-1,-1,-1
47,7,1916,557,508,298,1,-1,-1,-1
48,0,136,483,804,604,1,-1,-1,-1
48,1,1219,600,780,533,1,-1,-1,-1
48,2,1143,429,404,444,1,-1,-1,-1
48,5,2459,710,101,344,1,-1,-1,-1
48,6,719,503,448,472,1,-1,-1,-1
48,7,1911,560,508,298,1,-1,-1,-1
49,0,148,476,768,612,1,-1,-1,-1
49,1,1164,592,876,580,1,-1,-1,-1
49,2,1143,429,404,444,1,-1,-1,-1
49,5,2468,720,92,328,1,-1,-1,-1
49,6,719,503,448,472,1,-1,-1,-1
49,7,1924,568,500,292,1,-1,-1,-1
49,9,1184,400,404,268,1,-1,-1,-1
50,0,146,480,768,612,1,-1,-1,-1
50,1,1162,594,876,580,1,-1,-1,-1
50,2,1130,419,424,466,1,-1,-1,-1
50,5,2468,720,92,328,1,-1,-1,-1
50,6,722,499,448,472,1,-1,-1,-1
50,7,1922,568,500,292,1,-1,-1,-1
50,9,1183,400,404,268,1,-1,-1,-1
51,0,138,476,768,612,1,-1,-1,-1
51,1,1178,612,834,552,1,-1,-1,-1
51,2,1132,425,424,466,1,-1,-1,-1
51,5,2469,721,91,328,1,-1,-1,-1
51,6,722,503,448,472,1,-1,-1,-1
51,7,1922,565,500,292,1,-1,-1,-1
51,9,1184,400,404,268,1,-1,-1,-1
52,0,143,474,768,612,1,-1,-1,-1
52,1,1165,615,834,552,1,-1,-1,-1
52,5,2469,722,91,328,1,-1,-1,-1
52,6,730,508,427,450,1,-1,-1,-1
52,7,1905,557,525,307,1,-1,-1,-1
52,9,1183,401,404,268,1,-1,-1,-1
53,0,140,475,768,612,1,-1,-1,-1
53,1,1164,615,834,552,1,-1,-1,-1
53,5,2469,725,91,328,1,-1,-1,-1
53,6,719,511,427,450,1,-1,-1,-1
53,7,1905,558,525,307,1,-1,-1,-1
53,9,1184,403,404,268,1,-1,-1,-1
54,0,138,475,768,612,1,-1,-1,-1
54,1,1177,628,795,526,1,-1,-1,-1
54,5,2469,722,91,328,1,-1,-1,-1
54,6,717,499,448,472,1,-1,-1,-1
54,7,1904,558,525,307,1,-1,-1,-1
54,9,1187,411,385,255,1,-1,-1,-1
55,0,135,480,768,612,1,-1,-1,-1
55,1,1185,640,757,501,1,-1,-1,-1
55,5,2469,723,91,328,1,-1,-1,-1
55,6,727,514,427,450,1,-1,-1,-1
55,7,1903,560,525,307,1,-1,-1,-1
55,9,1188,412,385,255,1,-1,-1,-1
56,0,138,479,768,612,1,-1,-1,-1
56,1,1151,629,795,526,1,-1,-1,-1
56,5,2467,710,93,344,1,-1,-1,-1
56,6,714,500,448,472,1,-1,-1,-1
56,7,1898,561,525,307,1,-1,-1,-1
56,9,1181,407,404,268,1,-1,-1,-1
57,0,140,484,836,604,1,-1,-1,-1
57,1,1060,568,868,584,1,-1,-1,-1
57,5,2472,716,88,324,1,-1,-1,-1
57,6,588,500,496,436,1,-1,-1,-1
57,7,1912,568,516,308,1,-1,-1,-1
57,9,1184,400,404,284,1,-1,-1,-1
57,10,60,456,660,452,1,-1,-1,-1
57,11,844,576,248,344,1,-1,-1,-1
58,0,139,484,836,604,1,-1,-1,-1
58,1,1053,569,868,584,1,-1,-1,-1
58,5,2472,715,88,324,1,-1,-1,-1
58,6,587,502,496,436,1,-1,-1,-1
58,7,1913,569,516,308,1,-1,-1,-1
58,9,1182,398,404,284,1,-1,-1,-1
58,10,58,458,660,452,1,-1,-1,-1
58,11,841,575,248,344,1,-1,-1,-1
59,0,139,483,836,604,1,-1,-1,-1
59,1,1057,565,868,584,1,-1,-1,-1
59,5,2473,713,87,324,1,-1,-1,-1
59,6,583,503,496,436,1,-1,-1,-1
59,7,1913,570,516,308,1,-1,-1,-1
59,9,1191,408,385,270,1,-1,-1,-1
59,10,58,458,660,452,1,-1,-1,-1
59,11,841,574,248,344,1,-1,-1,-1
60,0,133,484,836,604,1,-1,-1,-1
60,1,1047,565,868,584,1,-1,-1,-1
60,5,2471,702,89,340,1,-1,-1,-1
60,6,597,513,472,415,1,-1,-1,-1
60,7,1912,570,516,308,1,-1,-1,-1
60,9,1183,402,404,284,1,-1,-1,-1
60,10,56,455,660,452,1,-1,-1,-1
60,11,845,584,236,328,1,-1,-1,-1
61,0,151,493,796,575,1,-1,-1,-1
61,1,1044,585,827,556,1,-1,-1,-1
61,5,2469,703,91,340,1,-1,-1,-1
61,6,575,499,496,436,1,-1,-1,-1
61,7,1913,571,516,308,1,-1,-1,-1
61,9,1181,400,404,284,1,-1,-1,-1
61,10,51,455,660,452,1,-1,-1,-1
61,11,840,583,236,328,1,-1,-1,-1
62,0,151,496,796,575,1,-1,-1,-1
62,1,1047,584,827,556,1,-1,-1,-1
62,5,2469,703,91,340,1,-1,-1,-1
62,6,581,504,496,436,1,-1,-1,-1
62,7,1923,577,491,293,1,-1,-1,-1
62,9,1178,399,404,284,1,-1,-1,-1
62,10,57,450,660,452,1,-1,-1,-1
62,11,843,582,236,328,1,-1,-1,-1
63,0,148,499,796,575,1,-1,-1,-1
63,1,1042,581,827,556,1,-1,-1,-1
63,5,2470,704,90,340,1,-1,-1,-1
63,6,572,503,496,436,1,-1,-1,-1
63,7,1912,568,516,308,1,-1,-1,-1
63,9,1178,396,404,284,1,-1,-1,-1
63,10,51,453,660,452,1,-1,-1,-1
63,11,842,582,236,328,1,-1,-1,-1
64,0,150,497,796,575,1,-1,-1,-1
64,1,1043,594,787,530,1,-1,-1,-1
64,5,2470,706,90,340,1,-1,-1,-1
64,6,571,503,496,436,1,-1,-1,-1
64,7,1914,570,516,308,1,-1,-1,-1
64,9,1184,396,404,284,1,-1,-1,-1
64,10,65,465,629,430,1,-1,-1,-1
64,11,842,581,236,328,1,-1,-1,-1
65,0,136,488,844,624,1,-1,-1,-1
65,1,960,576,860,580,1,-1,-1,-1
65,5,2468,716,92,328,1,-1,-1,-1
65,6,571,503,496,436,1,-1,-1,-1
65,7,1912,568,516,288,1,-1,-1,-1
65,9,1180,400,408,280,1,-1,-1,-1
65,10,0,440,700,472,1,-1,-1,-1
65,11,842,581,236,328,1,-1,-1,-1
66,0,133,484,844,624,1,-1,-1,-1
66,1,948,577,860,580,1,-1,-1,-1
66,5,2468,715,92,328,1,-1,-1,-1
66,6,572,505,496,436,1,-1,-1,-1
66,7,1912,568,516,288,1,-1,-1,-1
66,9,1179,399,408,280,1,-1,-1,-1
66,10,1,437,700,472,1,-1,-1,-1
66,11,840,583,236,328,1,-1,-1,-1
67,0,138,495,844,624,1,-1,-1,-1
67,1,945,577,860,580,1,-1,-1,-1
67,5,2468,709,92,328,1,-1,-1,-1
67,6,575,506,496,436,1,-1,-1,-1
67,7,1910,566,516,288,1,-1,-1,-1
67,9,1176,401,408,280,1,-1,-1,-1
67,10,0,436,697,472,1,-1,-1,-1
67,11,838,586,236,328,1,-1,-1,-1
68,0,110,468,886,655,1,-1,-1,-1
68,1,929,577,860,580,1,-1,-1,-1
68,5,2468,704,92,328,1,-1,-1,-1
68,6,579,503,496,436,1,-1,-1,-1
68,7,1908,565,516,288,1,-1,-1,-1
68,9,1174,401,408,280,1,-1,-1,-1
68,10,0,446,689,472,1,-1,-1,-1
68,11,841,594,236,328,1,-1,-1,-1
69,0,120,488,844,624,1,-1,-1,-1
69,1,915,578,860,580,1,-1,-1,-1
69,5,2469,702,91,328,1,-1,-1,-1
69,6,579,506,496,436,1,-1,-1,-1
69,7,1907,567,516,288,1,-1,-1,-1
69,9,1165,398,428,294,1,-1,-1,-1
69,10,6,456,667,450,1,-1,-1,-1
69,11,846,589,248,344,1,-1,-1,-1
70,0,92,472,886,655,1,-1,-1,-1
70,1,908,584,860,580,1,-1,-1,-1
70,5,2468,707,92,328,1,-1,-1,-1
70,6,575,507,496,436,1,-1,-1,-1
70,7,1910,568,516,288,1,-1,-1,-1
70,9,1166,399,428,294,1,-1,-1,-1
70,10,6,458,667,450,1,-1,-1,-1
70,11,846,584,248,344,1,-1,-1,-1
71,0,85,461,886,655,1,-1,-1,-1
71,1,922,597,819,552,1,-1,-1,-1
71,5,2468,711,92,328,1,-1,-1,-1
71,6,580,505,496,436,1,-1,-1,-1
71,7,1909,568,516,288,1,-1,-1,-1
71,9,1165,401,428,294,1,-1,-1,-1
71,10,6,457,667,450,1,-1,-1,-1
72,0,101,465,886,655,1,-1,-1,-1
72,1,930,596,819,552,1,-1,-1,-1
72,5,2470,716,88,312,1,-1,-1,-1
72,7,1909,569,516,288,1,-1,-1,-1
72,9,1163,399,428,294,1,-1,-1,-1
72,10,0,453,661,450,1,-1,-1,-1
73,0,140,472,752,608,1,-1,-1,-1
73,1,848,568,880,580,1,-1,-1,-1
73,5,2504,708,52,332,1,-1,-1,-1
73,7,1912,568,520,288,1,-1,-1,-1
73,9,1180,396,416,272,1,-1,-1,-1
73,10,0,432,636,520,1,-1,-1,-1
74,0,139,468,752,608,1,-1,-1,-1
74,1,832,571,880,580,1,-1,-1,-1
74,5,2469,293,52,332,1,-1,-1,-1
74,7,1913,570,520,288,1,-1,-1,-1
74,9,1181,396,416,272,1,-1,-1,-1
74,10,0,430,635,520,1,-1,-1,-1
75,0,141,459,752,608,1,-1,-1,-1
75,1,820,573,880,580,1,-1,-1,-1
75,7,1913,571,520,288,1,-1,-1,-1
75,9,1180,396,416,272,1,-1,-1,-1
75,10,0,431,633,520,1,-1,-1,-1
76,0,137,463,752,608,1,-1,-1,-1
76,1,808,574,880,580,1,-1,-1,-1
76,7,1917,569,520,288,1,-1,-1,-1
76,9,1181,396,416,272,1,-1,-1,-1
76,10,0,430,624,520,1,-1,-1,-1
77,0,153,481,716,579,1,-1,-1,-1
77,1,804,570,880,580,1,-1,-1,-1
77,7,1915,573,520,288,1,-1,-1,-1
77,9,1178,396,416,272,1,-1,-1,-1
77,10,0,432,627,520,1,-1,-1,-1
78,0,128,472,752,608,1,-1,-1,-1
78,1,789,574,880,580,1,-1,-1,-1
78,7,1919,572,520,288,1,-1,-1,-1
78,9,1179,395,416,272,1,-1,-1,-1
78,10,0,437,630,520,1,-1,-1,-1
79,0,139,471,752,608,1,-1,-1,-1
79,1,796,579,880,580,1,-1,-1,-1
79,7,1920,575,520,288,1,-1,-1,-1
79,9,1177,397,416,272,1,-1,-1,-1
79,10,0,435,629,520,1,-1,-1,-1
80,0,130,475,752,608,1,-1,-1,-1
80,1,767,572,880,580,1,-1,-1,-1
80,7,1922,576,520,288,1,-1,-1,-1
80,9,1177,398,416,272,1,-1,-1,-1
80,10,0,430,619,520,1,-1,-1,-1
81,0,152,472,740,612,1,-1,-1,-1
81,1,724,588,860,560,1,-1,-1,-1
81,7,1912,568,520,288,1,-1,-1,-1
81,9,1180,400,432,400,1,-1,-1,-1
81,10,0,430,619,520,1,-1,-1,-1
81,12,2480,716,80,328,1,-1,-1,-1
81,13,0,468,240,332,1,-1,-1,-1
81,14,36,592,404,404,1,-1,-1,-1
82,0,148,471,740,612,1,-1,-1,-1
82,1,719,586,860,560,1,-1,-1,-1
82,7,1912,569,520,288,1,-1,-1,-1
82,9,1175,400,432,400,1,-1,-1,-1
82,10,0,429,623,520,1,-1,-1,-1
82,12,2480,718,80,328,1,-1,-1,-1
82,13,0,477,228,316,1,-1,-1,-1
82,14,29,592,404,404,1,-1,-1,-1
83,0,146,471,740,612,1,-1,-1,-1
83,1,743,603,819,533,1,-1,-1,-1
83,7,1913,570,520,288,1,-1,-1,-1
83,9,1173,400,432,400,1,-1,-1,-1
83,10,0,434,632,520,1,-1,-1,-1
83,12,2481,719,79,328,1,-1,-1,-1
83,13,0,476,226,316,1,-1,-1,-1
83,14,28,594,404,404,1,-1,-1,-1
84,0,142,465,740,612,1,-1,-1,-1
84,1,708,584,860,560,1,-1,-1,-1
84,7,1914,571,520,288,1,-1,-1,-1
84,9,1171,402,432,400,1,-1,-1,-1
84,10,0,428,623,520,1,-1,-1,-1
84,12,2482,726,76,312,1,-1,-1,-1
84,13,0,480,218,316,1,-1,-1,-1
84,14,23,593,404,404,1,-1,-1,-1
85,0,110,450,777,643,1,-1,-1,-1
85,1,719,596,819,533,1,-1,-1,-1
85,7,1916,572,520,288,1,-1,-1,-1
85,9,1164,404,432,400,1,-1,-1,-1
85,10,0,431,629,520,1,-1,-1,-1
85,12,2479,715,80,328,1,-1,-1,-1
85,13,0,482,208,316,1,-1,-1,-1
85,14,7,585,424,424,1,-1,-1,-1
86,0,130,467,740,612,1,-1,-1,-1
86,1,713,600,819,533,1,-1,-1,-1
86,7,1912,571,520,288,1,-1,-1,-1
86,9,1158,406,432,400,1,-1,-1,-1
86,10,0,424,648,546,1,-1,-1,-1
86,12,2477,713,80,328,1,-1,-1,-1
86,13,0,479,203,316,1,-1,-1,-1
86,14,0,580,422,424,1,-1,-1,-1
87,0,129,469,740,612,1,-1,-1,-1
87,1,726,618,780,508,1,-1,-1,-1
87,7,1917,570,520,288,1,-1,-1,-1
87,9,1153,403,432,400,1,-1,-1,-1
87,10,0,419,637,546,1,-1,-1,-1
87,12,2476,713,80,328,1,-1,-1,-1
87,13,0,482,192,316,1,-1,-1,-1
87,14,0,585,424,424,1,-1,-1,-1
88,0,131,473,740,612,1,-1,-1,-1
88,1,702,609,819,533,1,-1,-1,-1
88,7,1928,579,495,274,1,-1,-1,-1
88,9,1146,394,454,420,1,-1,-1,-1
88,10,0,417,640,546,1,-1,-1,-1
88,12,2476,712,80,328,1,-1,-1,-1
88,13,0,483,184,316,1,-1,-1,-1
88,14,0,585,418,424,1,-1,-1,-1
89,0,160,472,632,612,1,-1,-1,-1
89,1,616,584,868,556,1,-1,-1,-1
89,7,1916,568,512,288,1,-1,-1,-1
89,9,1180,400,432,452,1,-1,-1,-1
89,10,0,417,640,546,1,-1,-1,-1
89,12,2508,720,52,316,1,-1,-1,-1
89,13,0,483,184,316,1,-1,-1,-1
89,14,0,588,424,412,1,-1,-1,-1
90,0,161,472,632,612,1,-1,-1,-1
90,1,601,593,868,556,1,-1,-1,-1
90,7,1914,567,512,288,1,-1,-1,-1
90,9,1177,396,432,452,1,-1,-1,-1
90,12,2475,325,52,316,1,-1,-1,-1
90,13,0,482,175,316,1,-1,-1,-1
90,14,0,582,417,412,1,-1,-1,-1
91,0,146,469,632,612,1,-1,-1,-1
91,1,616,603,827,530,1,-1,-1,-1
91,7,1916,568,512,288,1,-1,-1,-1
91,9,1167,401,432,452,1,-1,-1,-1
91,13,0,479,166,316,1,-1,-1,-1
91,14,0,581,416,412,1,-1,-1,-1
92,0,149,472,632,612,1,-1,-1,-1
92,1,584,594,868,556,1,-1,-1,-1
92,7,1915,565,512,288,1,-1,-1,-1
92,9,1163,406,432,452,1,-1,-1,-1
92,13,0,475,156,316,1,-1,-1,-1
92,14,0,584,417,412,1,-1,-1,-1
93,0,139,468,632,612,1,-1,-1,-1
93,1,565,592,868,556,1,-1,-1,-1
93,7,1917,567,512,288,1,-1,-1,-1
93,9,1154,406,432,452,1,-1,-1,-1
93,13,0,477,151,316,1,-1,-1,-1
93,14,0,583,414,412,1,-1,-1,-1
94,0,156,483,602,583,1,-1,-1,-1
94,1,549,591,868,556,1,-1,-1,-1
94,7,1919,566,512,288,1,-1,-1,-1
94,9,1161,415,411,430,1,-1,-1,-1
94,13,0,476,133,316,1,-1,-1,-1
94,14,0,580,411,412,1,-1,-1,-1
95,0,161,480,602,583,1,-1,-1,-1
95,1,556,603,868,556,1,-1,-1,-1
95,7,1918,566,512,288,1,-1,-1,-1
95,9,1169,415,411,430,1,-1,-1,-1
95,14,0,583,410,412,1,-1,-1,-1
96,0,163,482,602,583,1,-1,-1,-1
96,1,560,615,827,530,1,-1,-1,-1
96,7,1916,564,512,288,1,-1,-1,-1
96,9,1171,417,411,430,1,-1,-1,-1
96,14,0,579,408,412,1,-1,-1,-1
97,0,160,472,428,616,1,-1,-1,-1
97,1,496,572,852,560,1,-1,-1,-1
97,7,1912,568,516,296,1,-1,-1,-1
97,9,1176,400,432,460,1,-1,-1,-1
97,14,0,580,424,420,1,-1,-1,-1
97,15,2432,720,128,324,1,-1,-1,-1
97,16,0,508,236,108,1,-1,-1,-1
98,0,158,473,428,616,1,-1,-1,-1
98,1,501,569,852,560,1,-1,-1,-1
98,7,1910,567,516,296,1,-1,-1,-1
98,9,1172,400,432,460,1,-1,-1,-1
98,14,0,583,419,420,1,-1,-1,-1
98,15,2434,729,126,324,1,-1,-1,-1
98,16,0,508,232,108,1,-1,-1,-1
99,0,146,460,449,647,1,-1,-1,-1
99,1,495,580,852,560,1,-1,-1,-1
99,7,1909,568,516,296,1,-1,-1,-1
99,9,1177,411,411,438,1,-1,-1,-1
99,14,0,583,407,420,1,-1,-1,-1
99,15,2436,733,124,324,1,-1,-1,-1
99,16,0,509,221,108,1,-1,-1,-1
100,0,156,464,428,616,1,-1,-1,-1
100,1,499,582,811,533,1,-1,-1,-1
100,7,1908,566,516,296,1,-1,-1,-1
100,9,1170,407,411,438,1,-1,-1,-1
100,14,0,584,402,420,1,-1,-1,-1
100,15,2431,734,128,324,1,-1,-1,-1
100,16,0,505,217,113,1,-1,-1,-1
101,0,148,464,428,616,1,-1,-1,-1
101,1,496,585,811,533,1,-1,-1,-1
101,7,1910,569,516,296,1,-1,-1,-1
101,9,1168,410,411,438,1,-1,-1,-1
101,14,0,585,404,420,1,-1,-1,-1
101,15,2428,732,128,324,1,-1,-1,-1
101,16,0,502,221,119,1,-1,-1,-1
102,0,144,470,428,616,1,-1,-1,-1
102,1,477,585,811,533,1,-1,-1,-1
102,7,1911,571,516,296,1,-1,-1,-1
102,9,1163,410,411,438,1,-1,-1,-1
102,14,0,594,391,400,1,-1,-1,-1
102,15,2428,726,128,324,1,-1,-1,-1
102,16,0,505,214,119,1,-1,-1,-1
103,0,143,472,428,616,1,-1,-1,-1
103,1,441,581,852,560,1,-1,-1,-1
103,7,1913,574,516,296,1,-1,-1,-1
103,9,1158,395,432,460,1,-1,-1,-1
103,14,0,585,400,420,1,-1,-1,-1
103,15,2427,722,128,324,1,-1,-1,-1
103,16,0,508,219,119,1,-1,-1,-1
104,0,141,470,428,616,1,-1,-1,-1
104,1,456,592,811,533,1,-1,-1,-1
104,7,1909,571,516,296,1,-1,-1,-1
104,9,1159,394,432,460,1,-1,-1,-1
104,14,0,586,390,420,1,-1,-1,-1
104,15,2427,716,128,324,1,-1,-1,-1
104,16,0,509,226,119,1,-1,-1,-1
105,0,164,468,736,616,1,-1,-1,-1
105,1,380,516,876,620,1,-1,-1,-1
105,7,1916,568,516,300,1,-1,-1,-1
105,9,1180,392,432,476,1,-1,-1,-1
105,14,0,580,432,492,1,-1,-1,-1
105,15,2427,716,128,324,1,-1,-1,-1
105,16,0,496,188,116,1,-1,-1,-1
105,17,2512,720,48,324,1,-1,-1,-1
106,0,155,465,736,616,1,-1,-1,-1
106,1,374,521,876,620,1,-1,-1,-1
106,7,1915,569,516,300,1,-1,-1,-1
106,9,1180,391,432,476,1,-1,-1,-1
106,14,0,579,425,492,1,-1,-1,-1
106,16,0,497,178,116,1,-1,-1,-1
106,17,2478,315,48,324,1,-1,-1,-1
107,0,160,466,736,616,1,-1,-1,-1
107,1,369,521,876,620,1,-1,-1,-1
107,7,1915,567,516,300,1,-1,-1,-1
107,9,1180,390,432,476,1,-1,-1,-1
107,14,0,577,425,492,1,-1,-1,-1
107,16,0,498,178,116,1,-1,-1,-1
107,17,2444,0,48,234,1,-1,-1,-1
108,0,160,471,736,616,1,-1,-1,-1
108,1,349,515,876,620,1,-1,-1,-1
108,7,1914,567,516,300,1,-1,-1,-1
108,9,1179,391,432,476,1,-1,-1,-1
108,14,0,576,426,492,1,-1,-1,-1
108,16,0,499,165,116,1,-1,-1,-1
108,17,2411,0,48,2,1,-1,-1,-1
109,0,149,473,736,616,1,-1,-1,-1
109,1,345,509,876,620,1,-1,-1,-1
109,7,1916,569,516,300,1,-1,-1,-1
109,9,1180,393,432,476,1,-1,-1,-1
109,14,0,563,435,517,1,-1,-1,-1
109,16,0,501,151,116,1,-1,-1,-1
109,17,2377,0,48,2,1,-1,-1,-1
110,0,147,471,736,616,1,-1,-1,-1
110,1,357,519,834,590,1,-1,-1,-1
110,7,1922,567,516,300,1,-1,-1,-1
110,9,1182,391,432,476,1,-1,-1,-1
110,14,0,566,437,517,1,-1,-1,-1
110,16,0,505,136,116,1,-1,-1,-1
110,17,2343,0,48,2,1,-1,-1,-1
111,0,155,483,701,587,1,-1,-1,-1
111,1,339,510,834,590,1,-1,-1,-1
111,7,1918,568,516,300,1,-1,-1,-1
111,9,1181,390,432,476,1,-1,-1,-1
111,14,0,551,440,542,1,-1,-1,-1
111,16,0,506,118,116,1,-1,-1,-1
111,17,2310,0,48,2,1,-1,-1,-1
112,0,134,479,701,587,1,-1,-1,-1
112,1,309,516,834,590,1,-1,-1,-1
112,7,1922,567,516,300,1,-1,-1,-1
112,9,1182,390,432,476,1,-1,-1,-1
112,14,0,562,428,517,1,-1,-1,-1
112,16,0,505,106,116,1,-1,-1,-1
113,0,134,479,701,587,1,-1,-1,-1
113,1,264,580,904,552,1,-1,-1,-1
113,7,1916,568,520,288,1,-1,-1,-1
113,9,1128,400,488,456,1,-1,-1,-1
113,14,0,596,400,408,1,-1,-1,-1
113,16,0,505,106,116,1,-1,-1,-1
113,18,2512,720,48,332,1,-1,-1,-1
114,0,124,480,701,587,1,-1,-1,-1
114,1,268,576,904,552,1,-1,-1,-1
114,7,1917,569,520,288,1,-1,-1,-1
114,9,1128,402,488,456,1,-1,-1,-1
114,14,0,597,395,408,1,-1,-1,-1
114,16,0,503,89,116,1,-1,-1,-1
114,18,2477,305,48,332,1,-1,-1,-1
115,0,122,482,701,587,1,-1,-1,-1
115,1,268,589,861,526,1,-1,-1,-1
115,7,1919,570,520,288,1,-1,-1,-1
115,9,1129,402,488,456,1,-1,-1,-1
115,14,0,597,387,408,1,-1,-1,-1
115,16,0,497,75,122,1,-1,-1,-1
115,18,2443,0,48,222,1,-1,-1,-1
116,0,127,483,701,587,1,-1,-1,-1
116,1,257,588,861,526,1,-1,-1,-1
116,7,1921,568,520,288,1,-1,-1,-1
116,9,1130,400,488,456,1,-1,-1,-1
116,14,0,597,385,408,1,-1,-1,-1
116,16,0,490,64,128,1,-1,-1,-1
116,18,2408,0,48,2,1,-1,-1,-1
117,0,124,470,701,587,1,-1,-1,-1
117,1,263,607,820,501,1,-1,-1,-1
117,7,1919,569,520,288,1,-1,-1,-1
117,9,1133,402,488,456,1,-1,-1,-1
117,14,0,599,374,408,1,-1,-1,-1
117,18,2374,0,48,2,1,-1,-1,-1
118,0,129,470,668,559,1,-1,-1,-1
118,1,228,595,861,526,1,-1,-1,-1
118,7,1923,567,520,288,1,-1,-1,-1
118,9,1132,403,488,456,1,-1,-1,-1
118,14,0,607,353,389,1,-1,-1,-1
118,18,2339,0,48,2,1,-1,-1,-1
119,0,109,466,701,587,1,-1,-1,-1
119,1,213,590,861,526,1,-1,-1,-1
119,7,1923,567,520,288,1,-1,-1,-1
119,9,1133,399,488,456,1,-1,-1,-1
119,14,0,605,353,389,1,-1,-1,-1
119,18,2305,0,48,2,1,-1,-1,-1
120,0,138,456,701,587,1,-1,-1,-1
120,1,222,594,861,526,1,-1,-1,-1
120,7,1924,566,520,288,1,-1,-1,-1
120,9,1134,395,488,456,1,-1,-1,-1
120,14,0,618,338,370,1,-1,-1,-1
121,0,138,456,701,587,1,-1,-1,-1
121,1,168,592,904,540,1,-1,-1,-1
121,7,1940,564,520,276,1,-1,-1,-1
121,9,1072,416,572,440,1,-1,-1,-1
121,14,0,596,200,396,1,-1,-1,-1
121,19,192,468,328,528,1,-1,-1,-1
122,0,153,463,701,587,1,-1,-1,-1
122,1,165,587,904,540,1,-1,-1,-1
122,7,1956,565,520,276,1,-1,-1,-1
122,9,1087,416,572,440,1,-1,-1,-1
122,14,9,595,200,396,1,-1,-1,-1
122,19,205,471,328,528,1,-1,-1,-1
123,1,191,592,904,540,1,-1,-1,-1
123,7,1986,566,520,276,1,-1,-1,-1
123,9,1110,418,572,440,1,-1,-1,-1
123,14,23,595,200,396,1,-1,-1,-1
123,19,218,472,328,528,1,-1,-1,-1
124,1,189,577,949,567,1,-1,-1,-1
124,7,2026,566,520,276,1,-1,-1,-1
124,9,1154,417,572,440,1,-1,-1,-1
124,14,57,607,190,377,1,-1,-1,-1
124,19,235,460,344,554,1,-1,-1,-1
125,1,188,573,949,567,1,-1,-1,-1
125,7,2025,566,520,276,1,-1,-1,-1
125,9,1151,416,572,440,1,-1,-1,-1
125,14,59,606,190,377,1,-1,-1,-1
125,19,243,459,344,554,1,-1,-1,-1
126,1,212,568,949,567,1,-1,-1,-1
126,7,2063,564,497,276,1,-1,-1,-1
126,9,1187,415,572,440,1,-1,-1,-1
126,14,84,605,190,377,1,-1,-1,-1
126,19,288,475,328,528,1,-1,-1,-1
127,1,189,555,997,595,1,-1,-1,-1
127,7,2099,566,461,276,1,-1,-1,-1
127,9,1224,416,572,440,1,-1,-1,-1
127,14,111,617,181,359,1,-1,-1,-1
127,19,317,476,328,528,1,-1,-1,-1
128,1,210,555,997,595,1,-1,-1,-1
128,7,2135,565,425,276,1,-1,-1,-1
128,9,1247,415,572,440,1,-1,-1,-1
128,14,127,623,181,359,1,-1,-1,-1
128,19,331,480,328,528,1,-1,-1,-1
129,1,232,580,868,544,1,-1,-1,-1
129,7,2144,564,416,300,1,-1,-1,-1
129,9,1248,436,604,428,1,-1,-1,-1
129,14,127,623,181,359,1,-1,-1,-1
129,19,331,480,328,528,1,-1,-1,-1
129,20,0,592,300,416,1,-1,-1,-1
129,21,0,516,128,124,1,-1,-1,-1
130,1,244,586,827,518,1,-1,-1,-1
130,7,2152,562,408,300,1,-1,-1,-1
130,9,1256,435,604,428,1,-1,-1,-1
130,14,125,618,181,359,1,-1,-1,-1
130,19,307,475,328,528,1,-1,-1,-1
130,20,0,591,297,416,1,-1,-1,-1
130,21,0,515,126,124,1,-1,-1,-1
131,1,244,586,827,518,1,-1,-1,-1
131,7,2155,563,405,300,1,-1,-1,-1
131,9,1255,434,604,428,1,-1,-1,-1
131,14,123,608,190,377,1,-1,-1,-1
131,19,317,488,328,528,1,-1,-1,-1
131,20,0,590,296,416,1,-1,-1,-1
131,21,0,515,126,124,1,-1,-1,-1
132,1,263,582,827,518,1,-1,-1,-1
132,7,2171,564,389,300,1,-1,-1,-1
132,9,1264,433,604,428,1,-1,-1,-1
132,14,120,606,190,377,1,-1,-1,-1
132,20,0,591,298,416,1,-1,-1,-1
132,21,0,515,128,124,1,-1,-1,-1
133,1,272,585,827,518,1,-1,-1,-1
133,7,2187,566,373,300,1,-1,-1,-1
133,9,1286,432,604,428,1,-1,-1,-1
133,20,2,591,300,416,1,-1,-1,-1
133,21,1,514,128,124,1,-1,-1,-1
134,1,271,577,827,518,1,-1,-1,-1
134,7,2219,565,341,300,1,-1,-1,-1
134,9,1317,434,604,428,1,-1,-1,-1
134,20,14,592,300,416,1,-1,-1,-1
134,21,11,513,128,124,1,-1,-1,-1
135,1,300,577,868,544,1,-1,-1,-1
135,7,2248,565,312,300,1,-1,-1,-1
135,9,1353,436,604,428,1,-1,-1,-1
135,20,46,595,286,396,1,-1,-1,-1
135,21,20,508,134,130,1,-1,-1,-1
136,1,319,583,868,544,1,-1,-1,-1
136,7,2278,565,282,300,1,-1,-1,-1
136,9,1370,436,604,428,1,-1,-1,-1
136,20,73,588,286,396,1,-1,-1,-1
136,21,23,504,141,137,1,-1,-1,-1
137,1,276,592,884,528,1,-1,-1,-1
137,7,2284,560,276,276,1,-1,-1,-1
137,9,1384,444,604,412,1,-1,-1,-1
137,20,73,588,286,396,1,-1,-1,-1
137,21,0,476,164,200,1,-1,-1,-1
137,22,0,576,560,468,1,-1,-1,-1
138,1,279,590,884,528,1,-1,-1,-1
138,7,2306,560,254,276,1,-1,-1,-1
138,9,1402,445,604,412,1,-1,-1,-1
138,20,78,589,286,396,1,-1,-1,-1
138,21,4,474,164,200,1,-1,-1,-1
138,22,6,577,560,468,1,-1,-1,-1
139,1,293,596,884,528,1,-1,-1,-1
139,7,2329,560,231,276,1,-1,-1,-1
139,9,1427,445,604,412,1,-1,-1,-1
139,20,82,593,286,396,1,-1,-1,-1
139,21,10,474,164,200,1,-1,-1,-1
139,22,20,574,560,468,1,-1,-1,-1
140,1,323,610,842,503,1,-1,-1,-1
140,7,2347,559,213,276,1,-1,-1,-1
140,9,1452,454,575,392,1,-1,-1,-1
140,20,80,595,286,396,1,-1,-1,-1
140,21,13,472,164,200,1,-1,-1,-1
140,22,26,575,560,468,1,-1,-1,-1
141,1,300,597,884,528,1,-1,-1,-1
141,7,2362,559,198,276,1,-1,-1,-1
141,9,1461,455,575,392,1,-1,-1,-1
141,21,11,470,164,200,1,-1,-1,-1
141,22,22,582,560,468,1,-1,-1,-1
142,1,314,608,842,503,1,-1,-1,-1
142,7,2377,558,183,276,1,-1,-1,-1
142,9,1468,446,604,412,1,-1,-1,-1
142,21,7,462,164,200,1,-1,-1,-1
142,22,28,577,560,468,1,-1,-1,-1
143,1,332,606,842,503,1,-1,-1,-1
143,7,2375,560,185,276,1,-1,-1,-1
143,9,1467,446,604,412,1,-1,-1,-1
143,21,9,463,164,200,1,-1,-1,-1
143,22,31,579,560,468,1,-1,-1,-1
144,1,338,606,842,503,1,-1,-1,-1
144,7,2399,560,161,276,1,-1,-1,-1
144,9,1496,457,575,392,1,-1,-1,-1
144,21,8,472,164,200,1,-1,-1,-1
144,22,29,583,560,468,1,-1,-1,-1
145,1,300,592,884,532,1,-1,-1,-1
145,7,2420,564,136,296,1,-1,-1,-1
145,9,1500,448,612,404,1,-1,-1,-1
145,21,8,472,164,200,1,-1,-1,-1
145,22,0,576,644,472,1,-1,-1,-1
145,23,1068,588,388,496,1,-1,-1,-1
145,24,0,464,236,132,1,-1,-1,-1
146,1,294,596,884,532,1,-1,-1,-1
146,7,2433,564,127,296,1,-1,-1,-1
146,9,1513,449,612,404,1,-1,-1,-1
146,21,11,476,156,190,1,-1,-1,-1
146,22,2,574,644,472,1,-1,-1,-1
146,23,1078,587,388,496,1,-1,-1,-1
146,24,9,465,236,132,1,-1,-1,-1
147,1,316,598,884,532,1,-1,-1,-1
147,7,2455,565,105,296,1,-1,-1,-1
147,9,1523,449,612,404,1,-1,-1,-1
147,21,17,474,156,190,1,-1,-1,-1
147,22,5,577,644,472,1,-1,-1,-1
147,23,1090,589,388,496,1,-1,-1,-1
147,24,20,464,236,132,1,-1,-1,-1
148,1,339,609,842,507,1,-1,-1,-1
148,7,2476,565,84,296,1,-1,-1,-1
148,9,1552,445,612,404,1,-1,-1,-1
148,21,25,473,156,190,1,-1,-1,-1
148,22,33,592,613,450,1,-1,-1,-1
148,23,1106,588,388,496,1,-1,-1,-1
148,24,22,458,248,139,1,-1,-1,-1
149,1,364,618,802,483,1,-1,-1,-1
149,7,2474,567,86,296,1,-1,-1,-1
149,9,1552,449,612,404,1,-1,-1,-1
149,22,31,593,613,450,1,-1,-1,-1
149,23,1109,589,388,496,1,-1,-1,-1
149,24,21,458,260,146,1,-1,-1,-1
150,1,360,626,802,483,1,-1,-1,-1
150,7,2493,562,67,296,1,-1,-1,-1
150,9,1559,448,612,404,1,-1,-1,-1
150,22,30,601,613,450,1,-1,-1,-1
150,23,1119,589,388,496,1,-1,-1,-1
150,24,29,457,260,146,1,-1,-1,-1
151,1,358,617,802,483,1,-1,-1,-1
151,7,2501,571,59,282,1,-1,-1,-1
151,9,1569,451,612,404,1,-1,-1,-1
151,22,33,599,613,450,1,-1,-1,-1
151,23,1130,587,388,496,1,-1,-1,-1
151,24,26,459,273,153,1,-1,-1,-1
152,1,363,621,802,483,1,-1,-1,-1
152,7,2512,585,48,268,1,-1,-1,-1
152,9,1584,452,612,404,1,-1,-1,-1
152,22,34,599,613,450,1,-1,-1,-1
152,23,1131,584,407,521,1,-1,-1,-1
152,24,20,453,287,160,1,-1,-1,-1
153,1,288,600,896,524,1,-1,-1,-1
153,7,2512,585,48,268,1,-1,-1,-1
153,9,1592,444,632,408,1,-1,-1,-1
153,22,36,580,632,280,1,-1,-1,-1
153,23,1131,584,407,521,1,-1,-1,-1
153,24,20,453,287,160,1,-1,-1,-1
153,25,752,548,804,536,1,-1,-1,-1
153,26,0,484,188,356,1,-1,-1,-1
154,1,284,606,896,524,1,-1,-1,-1
154,7,2462,546,98,268,1,-1,-1,-1
154,9,1599,442,632,408,1,-1,-1,-1
154,22,27,576,664,294,1,-1,-1,-1
154,23,1153,580,407,521,1,-1,-1,-1
154,24,0,441,273,153,1,-1,-1,-1
154,25,756,553,804,536,1,-1,-1,-1
154,26,2,487,188,356,1,-1,-1,-1
155,1,280,603,896,524,1,-1,-1,-1
155,9,1598,443,632,408,1,-1,-1,-1
155,22,43,581,632,280,1,-1,-1,-1
155,23,1161,582,407,521,1,-1,-1,-1
155,24,2,443,273,153,1,-1,-1,-1
155,25,764,548,804,536,1,-1,-1,-1
155,26,3,485,188,356,1,-1,-1,-1
156,1,283,606,896,524,1,-1,-1,-1
156,9,1608,444,632,408,1,-1,-1,-1
156,22,42,580,632,280,1,-1,-1,-1
156,23,1171,582,407,521,1,-1,-1,-1
156,24,4,444,273,153,1,-1,-1,-1
156,25,764,552,804,536,1,-1,-1,-1
156,26,6,488,188,356,1,-1,-1,-1
157,1,269,593,941,550,1,-1,-1,-1
157,9,1611,448,632,408,1,-1,-1,-1
157,22,43,577,632,280,1,-1,-1,-1
157,23,1178,580,407,521,1,-1,-1,-1
157,25,775,553,804,536,1,-1,-1,-1
157,26,8,490,188,356,1,-1,-1,-1
158,1,303,615,896,524,1,-1,-1,-1
158,9,1623,450,632,408,1,-1,-1,-1
158,22,46,578,632,280,1,-1,-1,-1
158,23,1180,582,407,521,1,-1,-1,-1
158,25,760,560,804,536,1,-1,-1,-1
158,26,5,489,188,356,1,-1,-1,-1
159,1,309,615,896,524,1,-1,-1,-1
159,9,1643,462,602,389,1,-1,-1,-1
159,22,34,585,632,280,1,-1,-1,-1
159,23,1196,597,388,496,1,-1,-1,-1
159,25,736,539,844,563,1,-1,-1,-1
159,26,6,490,188,356,1,-1,-1,-1
160,1,328,630,853,499,1,-1,-1,-1
160,9,1640,449,632,408,1,-1,-1,-1
160,22,41,580,632,280,1,-1,-1,-1
160,23,1197,597,388,496,1,-1,-1,-1
160,25,741,545,844,563,1,-1,-1,-1
160,26,5,486,188,356,1,-1,-1,-1
161,1,248,596,908,524,1,-1,-1,-1
161,9,1640,448,612,400,1,-1,-1,-1
161,22,48,580,700,392,1,-1,-1,-1
161,23,1197,597,388,496,1,-1,-1,-1
161,25,756,532,856,560,1,-1,-1,-1
161,26,0,500,168,220,1,-1,-1,-1
161,27,0,400,452,204,1,-1,-1,-1
161,28,0,404,72,108,1,-1,-1,-1
162,9,1642,448,612,400,1,-1,-1,-1
162,22,40,580,700,392,1,-1,-1,-1
162,23,1202,600,388,496,1,-1,-1,-1
162,25,755,535,856,560,1,-1,-1,-1
162,26,0,497,168,220,1,-1,-1,-1
162,27,5,399,452,204,1,-1,-1,-1
162,28,9,403,72,108,1,-1,-1,-1
163,9,1634,442,643,420,1,-1,-1,-1
163,23,1197,596,407,521,1,-1,-1,-1
163,25,752,533,856,560,1,-1,-1,-1
163,26,0,494,166,220,1,-1,-1,-1
163,27,2,395,475,214,1,-1,-1,-1
163,28,19,404,72,108,1,-1,-1,-1
164,9,1653,434,643,420,1,-1,-1,-1
164,23,1234,596,407,521,1,-1,-1,-1
164,25,749,537,856,560,1,-1,-1,-1
164,26,0,491,164,220,1,-1,-1,-1
164,27,23,398,452,204,1,-1,-1,-1
164,28,33,403,72,108,1,-1,-1,-1
165,9,1666,434,643,420,1,-1,-1,-1
165,23,1227,581,428,547,1,-1,-1,-1
165,25,756,537,856,560,1,-1,-1,-1
165,26,0,488,165,220,1,-1,-1,-1
165,27,48,400,452,204,1,-1,-1,-1
165,28,51,403,72,108,1,-1,-1,-1
166,9,1687,435,643,420,1,-1,-1,-1
166,23,1238,594,428,547,1,-1,-1,-1
166,25,769,538,856,560,1,-1,-1,-1
166,26,3,488,168,220,1,-1,-1,-1
166,27,52,393,475,214,1,-1,-1,-1
166,28,74,404,72,108,1,-1,-1,-1
167,9,1689,437,643,420,1,-1,-1,-1
167,23,1235,589,428,547,1,-1,-1,-1
167,25,771,541,856,560,1,-1,-1,-1
167,26,3,486,168,220,1,-1,-1,-1
167,27,54,393,475,214,1,-1,-1,-1
167,28,83,407,69,103,1,-1,-1,-1
168,9,1703,431,643,420,1,-1,-1,-1
168,23,1250,588,428,547,1,-1,-1,-1
168,25,784,538,856,560,1,-1,-1,-1
168,26,4,484,168,220,1,-1,-1,-1
168,27,67,393,475,214,1,-1,-1,-1
168,28,101,408,69,103,1,-1,-1,-1
169,9,1728,428,588,420,1,-1,-1,-1
169,23,1250,588,428,547,1,-1,-1,-1
169,25,672,548,972,544,1,-1,-1,-1
169,26,0,480,196,324,1,-1,-1,-1
169,27,4,372,568,244,1,-1,-1,-1
169,28,101,408,69,103,1,-1,-1,-1
169,29,232,596,880,524,1,-1,-1,-1
170,9,1737,429,588,420,1,-1,-1,-1
170,23,1242,587,428,547,1,-1,-1,-1
170,25,675,552,972,544,1,-1,-1,-1
170,26,0,479,195,324,1,-1,-1,-1
170,27,7,374,568,244,1,-1,-1,-1
170,28,123,405,72,108,1,-1,-1,-1
170,29,229,592,880,524,1,-1,-1,-1
171,9,1752,428,588,420,1,-1,-1,-1
171,23,1236,590,428,547,1,-1,-1,-1
171,25,677,559,972,544,1,-1,-1,-1
171,26,1,482,196,324,1,-1,-1,-1
171,27,26,374,568,244,1,-1,-1,-1
171,29,213,596,880,524,1,-1,-1,-1
172,9,1763,426,588,420,1,-1,-1,-1
172,23,1238,584,428,547,1,-1,-1,-1
172,25,692,557,972,544,1,-1,-1,-1
172,26,1,472,206,340,1,-1,-1,-1
172,27,35,376,568,244,1,-1,-1,-1
172,29,212,591,880,524,1,-1,-1,-1
173,9,1767,426,588,420,1,-1,-1,-1
173,25,649,548,1021,571,1,-1,-1,-1
173,26,2,475,206,340,1,-1,-1,-1
173,27,25,365,596,256,1,-1,-1,-1
173,29,212,611,880,524,1,-1,-1,-1
174,9,1781,423,588,420,1,-1,-1,-1
174,25,651,530,1021,571,1,-1,-1,-1
174,26,0,471,215,357,1,-1,-1,-1
174,27,28,365,596,256,1,-1,-1,-1
174,29,240,613,880,524,1,-1,-1,-1
175,9,1799,425,588,420,1,-1,-1,-1
175,25,665,554,1021,571,1,-1,-1,-1
175,26,2,477,216,357,1,-1,-1,-1
175,27,42,368,596,256,1,-1,-1,-1
175,29,221,602,880,524,1,-1,-1,-1
176,9,1800,419,588,420,1,-1,-1,-1
176,25,636,542,1021,571,1,-1,-1,-1
176,26,7,487,206,340,1,-1,-1,-1
176,27,56,368,596,256,1,-1,-1,-1
177,9,1832,420,572,416,1,-1,-1,-1
177,25,752,544,904,536,1,-1,-1,-1
177,26,0,492,212,396,1,-1,-1,-1
177,27,76,372,616,268,1,-1,-1,-1
177,30,208,596,904,524,1,-1,-1,-1
178,9,1838,418,572,416,1,-1,-1,-1
178,25,766,546,904,536,1,-1,-1,-1
178,26,3,490,212,396,1,-1,-1,-1
178,27,85,369,616,268,1,-1,-1,-1
178,30,210,586,904,524,1,-1,-1,-1
179,9,1853,425,545,396,1,-1,-1,-1
179,25,767,549,904,536,1,-1,-1,-1
179,26,2,489,212,396,1,-1,-1,-1
179,27,89,372,616,268,1,-1,-1,-1
179,30,209,579,904,524,1,-1,-1,-1
180,9,1850,411,572,416,1,-1,-1,-1
180,25,790,554,861,510,1,-1,-1,-1
180,26,0,478,221,416,1,-1,-1,-1
180,27,98,368,616,268,1,-1,-1,-1
180,30,183,557,949,550,1,-1,-1,-1
181,9,1852,417,572,416,1,-1,-1,-1
181,25,786,548,861,510,1,-1,-1,-1
181,26,0,480,223,416,1,-1,-1,-1
181,27,120,377,587,255,1,-1,-1,-1
181,30,208,584,904,524,1,-1,-1,-1
182,9,1878,429,545,396,1,-1,-1,-1
182,25,833,559,820,486,1,-1,-1,-1
182,26,4,478,223,416,1,-1,-1,-1
182,27,136,376,587,255,1,-1,-1,-1
182,30,218,568,904,524,1,-1,-1,-1
183,9,1887,433,545,396,1,-1,-1,-1
183,25,830,571,820,486,1,-1,-1,-1
183,26,7,475,223,416,1,-1,-1,-1
183,27,149,378,587,255,1,-1,-1,-1
183,30,233,590,904,524,1,-1,-1,-1
184,9,1890,430,545,396,1,-1,-1,-1
184,25,829,576,820,486,1,-1,-1,-1
184,26,7,475,223,416,1,-1,-1,-1
184,27,166,377,587,255,1,-1,-1,-1
185,9,1896,436,564,408,1,-1,-1,-1
185,25,796,532,888,548,1,-1,-1,-1
185,26,0,484,216,400,1,-1,-1,-1
185,27,166,377,587,255,1,-1,-1,-1
185,31,184,588,932,528,1,-1,-1,-1
186,9,1902,433,564,408,1,-1,-1,-1
186,25,795,534,888,548,1,-1,-1,-1
186,26,0,484,212,400,1,-1,-1,-1
186,27,177,377,587,255,1,-1,-1,-1
186,31,176,588,932,528,1,-1,-1,-1
187,9,1911,438,564,408,1,-1,-1,-1
187,25,786,543,888,548,1,-1,-1,-1
187,26,0,485,213,400,1,-1,-1,-1
187,27,199,377,587,255,1,-1,-1,-1
187,31,185,590,932,528,1,-1,-1,-1
188,9,1928,437,564,408,1,-1,-1,-1
188,25,797,543,888,548,1,-1,-1,-1
188,26,2,486,216,400,1,-1,-1,-1
188,27,211,378,587,255,1,-1,-1,-1
188,31,179,607,932,528,1,-1,-1,-1
189,9,1934,434,564,408,1,-1,-1,-1
189,25,782,534,932,575,1,-1,-1,-1
189,26,12,495,206,381,1,-1,-1,-1
189,27,228,383,587,255,1,-1,-1,-1
189,31,188,613,932,528,1,-1,-1,-1
190,9,1945,433,564,408,1,-1,-1,-1
190,25,775,538,932,575,1,-1,-1,-1
190,26,9,498,206,381,1,-1,-1,-1
190,27,245,384,587,255,1,-1,-1,-1
190,31,181,612,932,528,1,-1,-1,-1
191,9,1946,436,564,408,1,-1,-1,-1
191,25,766,535,932,575,1,-1,-1,-1
191,26,13,500,206,381,1,-1,-1,-1
191,27,240,380,587,255,1,-1,-1,-1
191,31,182,607,932,528,1,-1,-1,-1
192,9,1954,435,564,408,1,-1,-1,-1
192,25,754,537,932,575,1,-1,-1,-1
192,26,21,497,206,381,1,-1,-1,-1
192,27,248,385,587,255,1,-1,-1,-1
193,9,1964,436,560,408,1,-1,-1,-1
193,25,864,560,812,524,1,-1,-1,-1
193,26,0,488,232,400,1,-1,-1,-1
193,27,276,392,608,224,1,-1,-1,-1
193,32,180,580,896,532,1,-1,-1,-1
194,9,1974,438,560,408,1,-1,-1,-1
194,25,873,562,812,524,1,-1,-1,-1
194,26,5,486,232,400,1,-1,-1,-1
194,27,282,394,608,224,1,-1,-1,-1
194,32,179,591,896,532,1,-1,-1,-1
195,9,1987,433,560,408,1,-1,-1,-1
195,25,874,567,812,524,1,-1,-1,-1
195,26,12,486,232,400,1,-1,-1,-1
195,27,296,395,608,224,1,-1,-1,-1
195,32,176,579,941,559,1,-1,-1,-1
196,9,2003,429,557,408,1,-1,-1,-1
196,25,872,565,812,524,1,-1,-1,-1
196,26,19,483,232,400,1,-1,-1,-1
196,27,325,398,608,224,1,-1,-1,-1
196,32,156,577,941,559,1,-1,-1,-1
197,9,2018,443,533,389,1,-1,-1,-1
197,25,872,567,812,524,1,-1,-1,-1
197,26,20,484,232,400,1,-1,-1,-1
197,27,323,397,608,224,1,-1,-1,-1
197,32,163,583,941,559,1,-1,-1,-1
198,9,2005,433,555,408,1,-1,-1,-1
198,25,871,571,812,524,1,-1,-1,-1
198,26,20,485,232,400,1,-1,-1,-1
198,27,332,396,608,224,1,-1,-1,-1
198,32,184,586,941,559,1,-1,-1,-1
199,9,2010,433,550,408,1,-1,-1,-1
199,25,876,573,812,524,1,-1,-1,-1
199,26,18,486,232,400,1,-1,-1,-1
199,27,340,397,608,224,1,-1,-1,-1
199,32,165,558,988,587,1,-1,-1,-1
200,9,2028,440,532,389,1,-1,-1,-1
200,25,867,574,812,524,1,-1,-1,-1
200,26,9,482,232,400,1,-1,-1,-1
200,27,350,403,579,213,1,-1,-1,-1
200,32,168,588,988,587,1,-1,-1,-1
201,9,2004,432,536,408,1,-1,-1,-1
201,25,804,556,852,524,1,-1,-1,-1
201,26,0,480,236,312,1,-1,-1,-1
201,27,352,420,596,196,1,-1,-1,-1
201,32,112,588,944,520,1,-1,-1,-1
202,9,2007,432,536,408,1,-1,-1,-1
202,25,798,553,852,524,1,-1,-1,-1
202,26,0,479,229,312,1,-1,-1,-1
202,27,366,427,568,187,1,-1,-1,-1
202,32,103,593,944,520,1,-1,-1,-1
203,9,2010,435,536,408,1,-1,-1,-1
203,25,801,556,852,524,1,-1,-1,-1
203,26,0,479,228,312,1,-1,-1,-1
203,27,364,428,568,187,1,-1,-1,-1
203,32,101,594,944,520,1,-1,-1,-1
204,9,2017,436,536,408,1,-1,-1,-1
204,25,804,559,852,524,1,-1,-1,-1
204,26,0,479,229,312,1,-1,-1,-1
204,27,370,429,568,187,1,-1,-1,-1
204,32,101,594,944,520,1,-1,-1,-1
205,9,2039,434,521,408,1,-1,-1,-1
205,25,807,560,852,524,1,-1,-1,-1
205,26,0,478,235,312,1,-1,-1,-1
205,27,393,431,541,178,1,-1,-1,-1
205,32,86,592,944,520,1,-1,-1,-1
206,9,2050,436,510,408,1,-1,-1,-1
206,25,815,565,852,524,1,-1,-1,-1
206,26,7,480,236,312,1,-1,-1,-1
206,27,427,432,541,178,1,-1,-1,-1
206,32,116,591,944,520,1,-1,-1,-1
207,9,2055,439,505,408,1,-1,-1,-1
207,25,824,560,852,524,1,-1,-1,-1
207,26,12,481,236,312,1,-1,-1,-1
207,27,435,435,541,178,1,-1,-1,-1
207,32,99,594,944,520,1,-1,-1,-1
208,9,2056,439,504,408,1,-1,-1,-1
208,25,822,555,852,524,1,-1,-1,-1
208,26,1,483,236,312,1,-1,-1,-1
208,27,435,436,541,178,1,-1,-1,-1
208,32,106,587,944,520,1,-1,-1,-1
209,9,2072,444,488,400,1,-1,-1,-1
209,25,800,564,872,512,1,-1,-1,-1
209,26,0,488,252,400,1,-1,-1,-1
209,27,428,416,592,196,1,-1,-1,-1
209,32,120,592,912,520,1,-1,-1,-1
210,9,2075,445,485,400,1,-1,-1,-1
210,25,800,565,872,512,1,-1,-1,-1
210,26,1,487,252,400,1,-1,-1,-1
210,27,442,423,564,187,1,-1,-1,-1
210,32,113,595,912,520,1,-1,-1,-1
211,9,2087,445,473,400,1,-1,-1,-1
211,25,799,562,872,512,1,-1,-1,-1
211,26,5,488,252,400,1,-1,-1,-1
211,27,449,424,564,187,1,-1,-1,-1
212,9,2114,447,446,400,1,-1,-1,-1
212,25,798,568,872,512,1,-1,-1,-1
212,26,8,477,265,420,1,-1,-1,-1
212,27,478,429,537,178,1,-1,-1,-1
213,9,2126,445,434,400,1,-1,-1,-1
213,25,812,575,872,512,1,-1,-1,-1
213,26,10,477,265,420,1,-1,-1,-1
213,27,488,428,537,178,1,-1,-1,-1
214,9,2130,442,430,400,1,-1,-1,-1
214,25,812,575,872,512,1,-1,-1,-1
214,26,9,476,265,420,1,-1,-1,-1
214,27,500,430,511,169,1,-1,-1,-1
215,9,2136,439,424,400,1,-1,-1,-1
215,25,794,553,916,538,1,-1,-1,-1
215,26,7,476,265,420,1,-1,-1,-1
215,27,500,429,511,169,1,-1,-1,-1
216,9,2145,449,415,381,1,-1,-1,-1
216,25,783,551,916,538,1,-1,-1,-1
216,26,3,474,265,420,1,-1,-1,-1
216,27,498,429,511,169,1,-1,-1,-1
217,9,2148,440,412,408,1,-1,-1,-1
217,25,780,556,812,528,1,-1,-1,-1
217,26,0,480,284,228,1,-1,-1,-1
217,27,484,424,596,192,1,-1,-1,-1
217,33,104,588,872,524,1,-1,-1,-1
217,34,1096,560,624,404,1,-1,-1,-1
218,9,2157,440,403,408,1,-1,-1,-1
218,25,779,555,812,528,1,-1,-1,-1
218,26,3,480,284,228,1,-1,-1,-1
218,27,502,425,568,183,1,-1,-1,-1
218,33,107,580,872,524,1,-1,-1,-1
218,34,1091,558,624,404,1,-1,-1,-1
219,9,2179,440,381,408,1,-1,-1,-1
219,25,778,566,812,528,1,-1,-1,-1
219,26,7,479,284,228,1,-1,-1,-1
219,27,510,428,568,183,1,-1,-1,-1
219,33,102,582,872,524,1,-1,-1,-1
219,34,1100,555,624,404,1,-1,-1,-1
220,9,2184,439,376,408,1,-1,-1,-1
220,25,779,564,812,528,1,-1,-1,-1
220,26,4,479,284,228,1,-1,-1,-1
220,27,515,429,568,183,1,-1,-1,-1
220,33,79,571,916,550,1,-1,-1,-1
220,34,1092,557,624,404,1,-1,-1,-1
221,9,2188,437,372,408,1,-1,-1,-1
221,25,794,569,773,503,1,-1,-1,-1
221,26,3,480,284,228,1,-1,-1,-1
221,27,519,430,568,183,1,-1,-1,-1
221,33,72,574,916,550,1,-1,-1,-1
221,34,1086,554,624,404,1,-1,-1,-1
222,9,2189,436,371,408,1,-1,-1,-1
222,25,806,574,773,503,1,-1,-1,-1
222,26,0,479,281,228,1,-1,-1,-1
222,27,532,436,541,174,1,-1,-1,-1
222,33,119,593,872,524,1,-1,-1,-1
222,34,1079,557,624,404,1,-1,-1,-1
223,9,2194,435,366,408,1,-1,-1,-1
223,25,820,581,737,479,1,-1,-1,-1
223,26,0,480,274,228,1,-1,-1,-1
223,27,508,434,568,183,1,-1,-1,-1
223,33,112,591,830,499,1,-1,-1,-1
223,34,1060,551,655,424,1,-1,-1,-1
224,9,2207,444,353,389,1,-1,-1,-1
224,25,774,568,773,503,1,-1,-1,-1
224,26,0,481,269,228,1,-1,-1,-1
224,27,504,435,568,183,1,-1,-1,-1
224,33,120,603,830,499,1,-1,-1,-1
224,34,1068,551,655,424,1,-1,-1,-1
225,9,2200,428,360,416,1,-1,-1,-1
225,25,748,560,872,528,1,-1,-1,-1
225,26,0,488,272,212,1,-1,-1,-1
225,27,508,436,632,180,1,-1,-1,-1
225,33,32,588,896,516,1,-1,-1,-1
225,34,1160,556,524,416,1,-1,-1,-1
226,9,2206,433,354,416,1,-1,-1,-1
226,25,740,551,872,528,1,-1,-1,-1
226,26,0,488,272,212,1,-1,-1,-1
226,27,530,439,602,171,1,-1,-1,-1
226,33,33,585,896,516,1,-1,-1,-1
226,34,1159,551,524,416,1,-1,-1,-1
227,9,2217,444,343,396,1,-1,-1,-1
227,25,755,565,830,503,1,-1,-1,-1
227,26,0,489,272,212,1,-1,-1,-1
227,27,518,434,632,180,1,-1,-1,-1
227,33,0,573,940,542,1,-1,-1,-1
227,34,1158,549,524,416,1,-1,-1,-1
228,9,2215,431,345,416,1,-1,-1,-1
228,25,724,555,872,528,1,-1,-1,-1
228,26,0,487,269,212,1,-1,-1,-1
228,27,543,439,602,171,1,-1,-1,-1
228,33,0,562,931,542,1,-1,-1,-1
228,34,1141,539,550,437,1,-1,-1,-1
229,9,2213,431,347,416,1,-1,-1,-1
229,25,734,551,872,528,1,-1,-1,-1
229,26,0,486,263,212,1,-1,-1,-1
229,27,555,440,602,171,1,-1,-1,-1
229,34,1137,536,550,437,1,-1,-1,-1
230,9,2210,433,350,416,1,-1,-1,-1
230,25,707,552,872,528,1,-1,-1,-1
230,26,0,487,256,212,1,-1,-1,-1
230,27,574,444,573,163,1,-1,-1,-1
230,34,1124,540,550,437,1,-1,-1,-1
231,9,2212,433,348,416,1,-1,-1,-1
231,25,725,566,830,503,1,-1,-1,-1
231,26,0,486,249,212,1,-1,-1,-1
231,27,571,444,573,163,1,-1,-1,-1
231,34,1107,538,550,437,1,-1,-1,-1
232,9,2215,432,345,416,1,-1,-1,-1
232,25,704,558,830,503,1,-1,-1,-1
232,26,0,484,242,212,1,-1,-1,-1
232,27,577,445,573,163,1,-1,-1,-1
232,34,1118,552,524,416,1,-1,-1,-1
233,9,2224,436,332,408,1,-1,-1,-1
233,25,588,548,928,528,1,-1,-1,-1
233,26,0,484,242,212,1,-1,-1,-1
233,27,528,420,608,196,1,-1,-1,-1
233,34,1118,552,524,416,1,-1,-1,-1
233,35,0,592,864,508,1,-1,-1,-1
233,36,0,480,260,408,1,-1,-1,-1
234,9,2225,439,332,408,1,-1,-1,-1
234,26,0,484,233,212,1,-1,-1,-1
234,27,530,419,608,196,1,-1,-1,-1
234,34,1111,552,524,416,1,-1,-1,-1
234,35,0,587,864,508,1,-1,-1,-1
234,36,0,479,255,408,1,-1,-1,-1
235,9,2230,439,330,408,1,-1,-1,-1
235,26,0,484,232,212,1,-1,-1,-1
235,27,526,418,608,196,1,-1,-1,-1
235,34,1117,555,524,416,1,-1,-1,-1
235,35,0,588,853,508,1,-1,-1,-1
235,36,0,480,249,408,1,-1,-1,-1
236,9,2231,440,329,408,1,-1,-1,-1
236,26,0,484,232,212,1,-1,-1,-1
236,27,542,424,579,187,1,-1,-1,-1
236,34,1112,563,524,416,1,-1,-1,-1
236,35,5,595,864,508,1,-1,-1,-1
236,36,0,490,240,389,1,-1,-1,-1
237,9,2238,440,322,408,1,-1,-1,-1
237,26,0,483,224,212,1,-1,-1,-1
237,27,549,426,551,178,1,-1,-1,-1
237,34,1106,561,524,416,1,-1,-1,-1
237,35,7,610,823,484,1,-1,-1,-1
237,36,0,489,227,389,1,-1,-1,-1
238,9,2245,441,315,408,1,-1,-1,-1
238,26,0,482,225,212,1,-1,-1,-1
238,27,539,426,579,187,1,-1,-1,-1
238,34,1085,557,550,437,1,-1,-1,-1
238,35,1,607,823,484,1,-1,-1,-1
238,36,0,485,221,389,1,-1,-1,-1
239,9,2244,443,316,408,1,-1,-1,-1
239,26,0,482,225,212,1,-1,-1,-1
239,27,543,429,579,187,1,-1,-1,-1
239,34,1091,551,550,437,1,-1,-1,-1
239,35,0,596,848,508,1,-1,-1,-1
239,36,0,487,217,389,1,-1,-1,-1
240,9,2252,438,308,408,1,-1,-1,-1
240,26,0,483,227,212,1,-1,-1,-1
240,27,548,429,579,187,1,-1,-1,-1
240,34,1091,557,550,437,1,-1,-1,-1
240,35,0,596,844,508,1,-1,-1,-1
240,36,0,476,224,408,1,-1,-1,-1
241,9,2244,428,316,420,1,-1,-1,-1
241,26,0,488,240,128,1,-1,-1,-1
241,27,532,440,636,180,1,-1,-1,-1
241,34,1091,557,550,437,1,-1,-1,-1
241,35,0,588,848,524,1,-1,-1,-1
241,36,0,476,224,408,1,-1,-1,-1
241,37,552,564,960,512,1,-1,-1,-1
242,9,2254,429,306,420,1,-1,-1,-1
242,26,1,489,240,128,1,-1,-1,-1
242,27,535,445,636,180,1,-1,-1,-1
242,35,3,585,848,524,1,-1,-1,-1
242,36,0,476,225,408,1,-1,-1,-1
242,37,560,565,960,512,1,-1,-1,-1
243,9,2268,430,292,420,1,-1,-1,-1
243,26,4,490,240,128,1,-1,-1,-1
243,27,520,440,668,189,1,-1,-1,-1
243,35,0,566,879,550,1,-1,-1,-1
243,36,0,477,231,408,1,-1,-1,-1
243,37,567,571,960,512,1,-1,-1,-1
244,9,2272,430,288,420,1,-1,-1,-1
244,26,2,492,240,128,1,-1,-1,-1
244,27,536,445,636,180,1,-1,-1,-1
244,35,4,586,848,524,1,-1,-1,-1
244,36,0,478,228,408,1,-1,-1,-1
244,37,559,571,960,512,1,-1,-1,-1
245,9,2274,432,286,420,1,-1,-1,-1
245,26,3,493,240,128,1,-1,-1,-1
245,27,528,439,668,189,1,-1,-1,-1
245,35,0,586,842,524,1,-1,-1,-1
245,36,0,478,224,408,1,-1,-1,-1
245,37,614,587,914,488,1,-1,-1,-1
246,9,2261,422,299,441,1,-1,-1,-1
246,26,0,492,238,128,1,-1,-1,-1
246,27,543,446,636,180,1,-1,-1,-1
246,35,10,600,808,499,1,-1,-1,-1
246,36,0,479,221,408,1,-1,-1,-1
246,37,654,593,871,464,1,-1,-1,-1
247,9,2258,420,302,441,1,-1,-1,-1
247,26,0,491,228,128,1,-1,-1,-1
247,27,541,449,636,180,1,-1,-1,-1
247,35,0,606,801,499,1,-1,-1,-1
247,36,0,474,220,408,1,-1,-1,-1
247,37,640,578,871,464,1,-1,-1,-1
248,9,2256,424,304,441,1,-1,-1,-1
248,26,0,493,216,122,1,-1,-1,-1
248,27,536,451,636,180,1,-1,-1,-1
248,35,0,599,804,499,1,-1,-1,-1
248,36,0,481,224,408,1,-1,-1,-1
249,9,2268,424,288,424,1,-1,-1,-1
249,26,0,493,216,122,1,-1,-1,-1
249,27,532,444,624,172,1,-1,-1,-1
249,35,0,584,732,528,1,-1,-1,-1
249,36,0,488,212,416,1,-1,-1,-1
249,38,536,552,840,524,1,-1,-1,-1
249,39,1292,580,452,400,1,-1,-1,-1
250,9,2272,426,288,424,1,-1,-1,-1
250,26,0,491,201,122,1,-1,-1,-1
250,27,534,442,624,172,1,-1,-1,-1
250,35,0,584,727,528,1,-1,-1,-1
250,36,0,490,211,416,1,-1,-1,-1
250,38,524,562,840,524,1,-1,-1,-1
250,39,1290,579,452,400,1,-1,-1,-1
251,9,2269,425,288,424,1,-1,-1,-1
251,26,0,491,201,122,1,-1,-1,-1
251,27,538,443,624,172,1,-1,-1,-1
251,35,0,583,724,528,1,-1,-1,-1
251,36,0,490,208,416,1,-1,-1,-1
251,38,523,553,840,524,1,-1,-1,-1
251,39,1291,579,452,400,1,-1,-1,-1
252,9,2263,414,297,445,1,-1,-1,-1
252,26,0,492,203,122,1,-1,-1,-1
252,27,541,443,624,172,1,-1,-1,-1
252,35,0,585,730,528,1,-1,-1,-1
252,36,0,482,217,437,1,-1,-1,-1
252,38,523,558,840,524,1,-1,-1,-1
252,39,1295,578,452,400,1,-1,-1,-1
253,9,2283,413,277,445,1,-1,-1,-1
253,26,0,487,216,128,1,-1,-1,-1
253,27,558,445,594,164,1,-1,-1,-1
253,35,0,586,731,528,1,-1,-1,-1
253,36,4,491,212,416,1,-1,-1,-1
253,38,505,547,882,550,1,-1,-1,-1
253,39,1314,579,452,400,1,-1,-1,-1
254,9,2296,409,264,445,1,-1,-1,-1
254,26,0,488,228,128,1,-1,-1,-1
254,27,573,443,594,164,1,-1,-1,-1
254,35,17,591,732,528,1,-1,-1,-1
254,36,6,493,212,416,1,-1,-1,-1
254,38,533,555,882,550,1,-1,-1,-1
254,39,1335,578,452,400,1,-1,-1,-1
255,9,2298,410,262,445,1,-1,-1,-1
255,26,0,489,235,128,1,-1,-1,-1
255,27,582,443,594,164,1,-1,-1,-1
255,35,21,584,732,528,1,-1,-1,-1
255,36,9,497,212,416,1,-1,-1,-1
255,38,515,545,882,550,1,-1,-1,-1
255,39,1354,581,452,400,1,-1,-1,-1
256,9,2300,409,260,445,1,-1,-1,-1
256,26,0,492,237,128,1,-1,-1,-1
256,27,582,446,594,164,1,-1,-1,-1
256,35,5,584,732,528,1,-1,-1,-1
256,36,10,508,202,396,1,-1,-1,-1
256,39,1364,586,452,400,1,-1,-1,-1
257,9,2348,432,212,400,1,-1,-1,-1
257,26,0,492,237,128,1,-1,-1,-1
257,27,592,452,604,168,1,-1,-1,-1
257,35,4,600,764,516,1,-1,-1,-1
257,36,10,508,202,396,1,-1,-1,-1
257,39,1276,580,528,412,1,-1,-1,-1
257,40,288,544,1128,536,1,-1,-1,-1
258,9,2352,437,208,400,1,-1,-1,-1
258,26,0,493,240,128,1,-1,-1,-1
258,27,595,450,604,168,1,-1,-1,-1
258,35,3,599,764,516,1,-1,-1,-1
258,36,8,507,202,396,1,-1,-1,-1
258,39,1285,580,528,412,1,-1,-1,-1
258,40,291,538,1128,536,1,-1,-1,-1
259,9,2366,434,194,400,1,-1,-1,-1
259,26,9,495,240,128,1,-1,-1,-1
259,27,617,451,575,160,1,-1,-1,-1
259,35,18,600,764,516,1,-1,-1,-1
259,36,9,512,202,396,1,-1,-1,-1
259,39,1303,581,528,412,1,-1,-1,-1
259,40,284,530,1128,536,1,-1,-1,-1
260,9,2382,441,178,381,1,-1,-1,-1
260,26,20,497,240,128,1,-1,-1,-1
260,27,624,450,575,160,1,-1,-1,-1
260,35,23,601,764,516,1,-1,-1,-1
260,36,9,512,202,396,1,-1,-1,-1
260,39,1308,582,528,412,1,-1,-1,-1
260,40,291,517,1184,563,1,-1,-1,-1
261,9,2393,435,167,381,1,-1,-1,-1
261,26,25,497,240,128,1,-1,-1,-1
261,27,622,447,604,168,1,-1,-1,-1
261,35,21,602,764,516,1,-1,-1,-1
261,36,13,515,202,396,1,-1,-1,-1
261,39,1322,577,528,412,1,-1,-1,-1
261,40,279,523,1184,563,1,-1,-1,-1
262,9,2391,430,169,400,1,-1,-1,-1
262,26,29,498,240,128,1,-1,-1,-1
262,27,643,451,575,160,1,-1,-1,-1
262,35,23,606,764,516,1,-1,-1,-1
262,36,22,526,192,377,1,-1,-1,-1
262,39,1312,568,554,433,1,-1,-1,-1
262,40,262,504,1244,591,1,-1,-1,-1
263,9,2392,432,168,400,1,-1,-1,-1
263,26,30,500,240,128,1,-1,-1,-1
263,27,647,450,575,160,1,-1,-1,-1
263,35,22,612,764,516,1,-1,-1,-1
263,36,16,515,202,396,1,-1,-1,-1
263,39,1334,577,528,412,1,-1,-1,-1
263,40,302,508,1184,563,1,-1,-1,-1
264,9,2390,429,170,400,1,-1,-1,-1
264,26,25,497,252,134,1,-1,-1,-1
264,27,639,445,604,168,1,-1,-1,-1
264,35,15,613,764,516,1,-1,-1,-1
264,36,21,518,202,396,1,-1,-1,-1
264,39,1336,579,528,412,1,-1,-1,-1
265,9,2390,429,170,400,1,-1,-1,-1
265,26,25,497,252,134,1,-1,-1,-1
265,27,639,445,604,168,1,-1,-1,-1
265,35,0,604,728,516,1,-1,-1,-1
265,36,21,518,202,396,1,-1,-1,-1
265,39,1268,576,580,420,1,-1,-1,-1
265,41,348,524,996,560,1,-1,-1,-1
265,42,2416,424,144,212,1,-1,-1,-1
265,43,0,500,288,568,1,-1,-1,-1
266,9,2416,434,144,381,1,-1,-1,-1
266,26,23,494,265,141,1,-1,-1,-1
266,27,662,446,575,160,1,-1,-1,-1
266,35,0,598,726,516,1,-1,-1,-1
266,36,15,505,212,416,1,-1,-1,-1
266,39,1277,574,580,420,1,-1,-1,-1
266,41,345,523,996,560,1,-1,-1,-1
266,42,2424,424,136,212,1,-1,-1,-1
266,43,6,502,288,568,1,-1,-1,-1
267,26,28,493,265,141,1,-1,-1,-1
267,27,677,447,548,152,1,-1,-1,-1
267,35,0,607,728,516,1,-1,-1,-1
267,36,13,504,212,416,1,-1,-1,-1
267,39,1288,569,580,420,1,-1,-1,-1
267,41,354,529,996,560,1,-1,-1,-1
267,42,2434,425,126,212,1,-1,-1,-1
267,43,12,503,288,568,1,-1,-1,-1
268,26,32,493,265,141,1,-1,-1,-1
268,27,676,440,575,160,1,-1,-1,-1
268,35,0,594,747,542,1,-1,-1,-1
268,36,14,509,212,416,1,-1,-1,-1
268,39,1307,589,552,400,1,-1,-1,-1
268,41,326,510,1046,588,1,-1,-1,-1
268,42,2441,432,119,202,1,-1,-1,-1
268,43,7,500,288,568,1,-1,-1,-1
269,26,32,493,265,141,1,-1,-1,-1
269,27,672,435,604,168,1,-1,-1,-1
269,35,0,581,759,569,1,-1,-1,-1
269,36,11,513,212,416,1,-1,-1,-1
269,39,1306,585,552,400,1,-1,-1,-1
269,41,354,486,1046,588,1,-1,-1,-1
269,42,2444,432,116,202,1,-1,-1,-1
269,43,5,502,288,568,1,-1,-1,-1
270,26,28,493,265,141,1,-1,-1,-1
270,27,674,437,604,168,1,-1,-1,-1
270,35,0,587,758,569,1,-1,-1,-1
270,36,4,501,223,437,1,-1,-1,-1
270,39,1294,577,580,420,1,-1,-1,-1
270,41,389,509,996,560,1,-1,-1,-1
270,42,2441,434,119,202,1,-1,-1,-1
270,43,0,505,281,568,1,-1,-1,-1
271,26,24,493,265,141,1,-1,-1,-1
271,27,676,440,604,168,1,-1,-1,-1
271,35,0,601,728,542,1,-1,-1,-1
271,36,0,506,212,437,1,-1,-1,-1
271,39,1299,573,580,420,1,-1,-1,-1
271,41,353,521,996,560,1,-1,-1,-1
271,42,2440,436,120,202,1,-1,-1,-1
271,43,0,513,275,568,1,-1,-1,-1
272,26,22,495,265,141,1,-1,-1,-1
272,35,0,599,731,542,1,-1,-1,-1
272,36,0,509,208,437,1,-1,-1,-1
272,39,1305,575,580,420,1,-1,-1,-1
272,41,334,530,996,560,1,-1,-1,-1
272,42,2440,435,120,202,1,-1,-1,-1
272,43,0,508,271,568,1,-1,-1,-1
273,26,0,496,296,164,1,-1,-1,-1
273,35,0,624,740,500,1,-1,-1,-1
273,36,0,509,208,437,1,-1,-1,-1
273,39,1168,556,692,448,1,-1,-1,-1
273,41,420,508,976,572,1,-1,-1,-1
273,42,2444,432,112,220,1,-1,-1,-1
273,43,0,508,271,568,1,-1,-1,-1
273,44,680,444,592,160,1,-1,-1,-1
274,26,0,497,295,164,1,-1,-1,-1
274,35,0,626,730,500,1,-1,-1,-1
274,36,0,518,196,437,1,-1,-1,-1
274,39,1167,554,692,448,1,-1,-1,-1
274,41,416,510,976,572,1,-1,-1,-1
274,42,2443,432,112,220,1,-1,-1,-1
274,43,0,506,260,596,1,-1,-1,-1
274,44,671,442,592,160,1,-1,-1,-1
275,26,0,498,295,164,1,-1,-1,-1
275,35,0,631,737,500,1,-1,-1,-1
275,39,1159,554,692,448,1,-1,-1,-1
275,41,413,513,976,572,1,-1,-1,-1
275,42,2443,432,112,220,1,-1,-1,-1
275,43,0,506,261,596,1,-1,-1,-1
275,44,677,443,592,160,1,-1,-1,-1
276,26,0,501,284,164,1,-1,-1,-1
276,35,0,623,719,500,1,-1,-1,-1
276,39,1154,551,692,448,1,-1,-1,-1
276,41,401,494,976,572,1,-1,-1,-1
276,42,2436,429,112,220,1,-1,-1,-1
276,43,0,528,238,568,1,-1,-1,-1
276,44,655,441,622,168,1,-1,-1,-1
277,26,0,502,272,164,1,-1,-1,-1
277,35,0,625,714,500,1,-1,-1,-1
277,39,1135,550,692,448,1,-1,-1,-1
277,41,400,507,976,572,1,-1,-1,-1
277,42,2426,425,118,231,1,-1,-1,-1
277,43,0,520,233,596,1,-1,-1,-1
277,44,661,444,622,168,1,-1,-1,-1
278,26,0,504,262,164,1,-1,-1,-1
278,35,0,626,709,500,1,-1,-1,-1
278,39,1127,537,727,470,1,-1,-1,-1
278,41,381,508,976,572,1,-1,-1,-1
278,42,2416,422,118,231,1,-1,-1,-1
278,43,0,517,223,596,1,-1,-1,-1
278,44,660,447,622,168,1,-1,-1,-1
279,26,0,502,258,164,1,-1,-1,-1
279,35,0,646,677,476,1,-1,-1,-1
279,39,1110,541,727,470,1,-1,-1,-1
279,41,393,521,976,572,1,-1,-1,-1
279,42,2412,414,118,231,1,-1,-1,-1
279,44,639,447,622,168,1,-1,-1,-1
280,26,0,498,256,164,1,-1,-1,-1
280,35,0,639,658,476,1,-1,-1,-1
280,39,1100,532,727,470,1,-1,-1,-1
280,41,396,518,930,545,1,-1,-1,-1
280,42,2407,413,118,231,1,-1,-1,-1
280,44,646,451,592,160,1,-1,-1,-1
281,26,0,500,288,156,1,-1,-1,-1
281,35,0,616,632,512,1,-1,-1,-1
281,39,1088,532,732,484,1,-1,-1,-1
281,41,404,532,872,540,1,-1,-1,-1
281,42,2407,413,118,231,1,-1,-1,-1
281,44,656,464,560,132,1,-1,-1,-1
281,45,2384,416,172,436,1,-1,-1,-1
282,26,0,500,288,156,1,-1,-1,-1
282,35,0,617,619,512,1,-1,-1,-1
282,39,1086,540,732,484,1,-1,-1,-1
282,42,2404,408,118,231,1,-1,-1,-1
282,45,2385,415,172,436,1,-1,-1,-1
283,26,0,499,282,156,1,-1,-1,-1
283,35,0,615,619,512,1,-1,-1,-1
283,39,1103,552,697,461,1,-1,-1,-1
283,42,2395,402,118,231,1,-1,-1,-1
283,45,2384,414,172,436,1,-1,-1,-1
284,26,0,498,279,156,1,-1,-1,-1
284,35,0,599,626,538,1,-1,-1,-1
284,39,1102,556,697,461,1,-1,-1,-1
284,45,2381,412,172,436,1,-1,-1,-1
285,26,0,497,273,156,1,-1,-1,-1
285,35,0,588,641,564,1,-1,-1,-1
285,39,1090,564,697,461,1,-1,-1,-1
285,45,2371,412,172,436,1,-1,-1,-1
286,26,0,496,262,156,1,-1,-1,-1
286,35,0,587,645,564,1,-1,-1,-1
286,39,1108,565,664,439,1,-1,-1,-1
286,45,2366,411,172,436,1,-1,-1,-1
287,26,0,497,253,149,1,-1,-1,-1
287,35,0,588,648,564,1,-1,-1,-1
287,39,1089,557,697,461,1,-1,-1,-1
287,45,2361,409,172,436,1,-1,-1,-1
288,26,0,495,239,149,1,-1,-1,-1
288,35,0,583,627,564,1,-1,-1,-1
288,39,1060,549,732,484,1,-1,-1,-1
288,45,2354,412,172,436,1,-1,-1,-1
289,26,0,496,220,176,1,-1,-1,-1
289,35,0,632,508,496,1,-1,-1,-1
289,39,1044,540,748,472,1,-1,-1,-1
289,45,2324,412,236,276,1,-1,-1,-1
289,46,260,564,952,516,1,-1,-1,-1
289,47,616,440,560,164,1,-1,-1,-1
289,48,112,504,204,136,1,-1,-1,-1
290,26,0,498,213,176,1,-1,-1,-1
290,35,0,632,495,496,1,-1,-1,-1
290,39,1042,538,748,472,1,-1,-1,-1
290,45,2315,413,236,276,1,-1,-1,-1
290,46,250,566,952,516,1,-1,-1,-1
290,47,617,440,560,164,1,-1,-1,-1
290,48,105,505,204,136,1,-1,-1,-1
291,26,0,497,203,176,1,-1,-1,-1
291,35,0,638,474,496,1,-1,-1,-1
291,39,1023,536,748,472,1,-1,-1,-1
291,45,2300,409,236,276,1,-1,-1,-1
291,46,241,560,952,516,1,-1,-1,-1
291,47,613,439,560,164,1,-1,-1,-1
291,48,99,504,204,136,1,-1,-1,-1
292,26,0,492,192,185,1,-1,-1,-1
292,35,0,641,447,472,1,-1,-1,-1
292,39,1019,533,748,472,1,-1,-1,-1
292,45,2286,410,236,276,1,-1,-1,-1
292,46,237,560,952,516,1,-1,-1,-1
292,47,597,438,560,164,1,-1,-1,-1
292,48,86,500,204,136,1,-1,-1,-1
293,26,0,494,191,185,1,-1,-1,-1
293,35,0,647,430,450,1,-1,-1,-1
293,39,1018,535,748,472,1,-1,-1,-1
293,45,2285,407,236,276,1,-1,-1,-1
293,46,229,560,952,516,1,-1,-1,-1
293,47,599,440,560,164,1,-1,-1,-1
293,48,87,502,204,136,1,-1,-1,-1
294,26,0,494,185,185,1,-1,-1,-1
294,35,0,648,421,450,1,-1,-1,-1
294,39,1034,549,712,450,1,-1,-1,-1
294,45,2272,412,236,276,1,-1,-1,-1
294,46,207,565,952,516,1,-1,-1,-1
294,47,590,442,560,164,1,-1,-1,-1
294,48,68,493,214,143,1,-1,-1,-1
295,26,0,489,174,194,1,-1,-1,-1
295,35,0,651,395,450,1,-1,-1,-1
295,39,1008,536,748,472,1,-1,-1,-1
295,45,2257,404,236,276,1,-1,-1,-1
295,46,182,569,952,516,1,-1,-1,-1
295,47,592,445,533,156,1,-1,-1,-1
295,48,51,487,225,150,1,-1,-1,-1
296,26,0,487,161,194,1,-1,-1,-1
296,35,0,657,400,450,1,-1,-1,-1
296,39,994,535,748,472,1,-1,-1,-1
296,45,2242,395,236,276,1,-1,-1,-1
296,46,192,567,952,516,1,-1,-1,-1
296,47,562,441,560,164,1,-1,-1,-1
296,48,35,489,236,157,1,-1,-1,-1
297,26,0,487,161,194,1,-1,-1,-1
297,35,0,628,312,488,1,-1,-1,-1
297,39,980,528,784,492,1,-1,-1,-1
297,45,2242,395,236,276,1,-1,-1,-1
297,46,64,504,952,568,1,-1,-1,-1
297,47,548,456,520,140,1,-1,-1,-1
297,48,35,489,236,157,1,-1,-1,-1
297,49,2224,388,336,456,1,-1,-1,-1
297,50,548,448,644,468,1,-1,-1,-1
298,26,0,484,139,194,1,-1,-1,-1
298,35,0,627,299,488,1,-1,-1,-1
298,39,973,529,784,492,1,-1,-1,-1
298,45,2217,399,225,263,1,-1,-1,-1
298,46,53,506,952,568,1,-1,-1,-1
298,47,541,457,520,140,1,-1,-1,-1
298,48,17,486,236,157,1,-1,-1,-1
298,49,2220,386,336,456,1,-1,-1,-1
298,50,545,451,644,468,1,-1,-1,-1
299,26,0,484,140,194,1,-1,-1,-1
299,35,0,629,297,488,1,-1,-1,-1
299,39,978,526,784,492,1,-1,-1,-1
299,45,2217,399,225,263,1,-1,-1,-1
299,46,51,504,952,568,1,-1,-1,-1
299,47,541,456,520,140,1,-1,-1,-1
299,48,19,487,236,157,1,-1,-1,-1
299,49,2215,386,336,456,1,-1,-1,-1
299,50,540,447,644,468,1,-1,-1,-1
300,26,0,484,135,194,1,-1,-1,-1
300,35,0,632,283,488,1,-1,-1,-1
300,39,970,531,784,492,1,-1,-1,-1
300,45,2211,400,214,250,1,-1,-1,-1
300,46,41,505,952,568,1,-1,-1,-1
300,47,528,456,520,140,1,-1,-1,-1
300,48,16,491,248,165,1,-1,-1,-1
300,49,2209,384,336,456,1,-1,-1,-1
300,50,525,448,644,468,1,-1,-1,-1
301,35,0,635,268,488,1,-1,-1,-1
301,39,963,532,784,492,1,-1,-1,-1
301,45,2199,403,214,250,1,-1,-1,-1
301,46,40,514,952,568,1,-1,-1,-1
301,47,519,456,520,140,1,-1,-1,-1
301,49,2195,383,336,456,1,-1,-1,-1
301,50,520,452,644,468,1,-1,-1,-1
302,35,0,642,248,465,1,-1,-1,-1
302,39,952,529,784,492,1,-1,-1,-1
302,46,8,499,1000,596,1,-1,-1,-1
302,47,515,456,520,140,1,-1,-1,-1
302,49,2188,382,336,456,1,-1,-1,-1
302,50,520,452,644,468,1,-1,-1,-1
303,35,0,640,233,465,1,-1,-1,-1
303,39,946,529,784,492,1,-1,-1,-1
303,46,25,512,952,568,1,-1,-1,-1
303,47,510,454,520,140,1,-1,-1,-1
303,49,2166,376,353,479,1,-1,-1,-1
303,50,504,453,644,468,1,-1,-1,-1
304,35,0,633,222,465,1,-1,-1,-1
304,39,934,533,784,492,1,-1,-1,-1
304,46,38,510,952,568,1,-1,-1,-1
304,47,505,451,520,140,1,-1,-1,-1
304,49,2151,373,353,479,1,-1,-1,-1
304,50,493,455,644,468,1,-1,-1,-1
305,35,0,644,248,464,1,-1,-1,-1
305,39,892,520,856,504,1,-1,-1,-1
305,46,32,552,916,520,1,-1,-1,-1
305,47,508,452,524,148,1,-1,-1,-1
305,49,2144,392,416,452,1,-1,-1,-1
305,50,480,460,552,576,1,-1,-1,-1
305,51,0,496,324,152,1,-1,-1,-1
306,35,0,644,239,464,1,-1,-1,-1
306,39,890,523,856,504,1,-1,-1,-1
306,46,28,558,916,520,1,-1,-1,-1
306,47,507,453,524,148,1,-1,-1,-1
306,49,2139,393,416,452,1,-1,-1,-1
306,50,478,458,552,576,1,-1,-1,-1
306,51,0,495,323,152,1,-1,-1,-1
307,35,0,638,235,464,1,-1,-1,-1
307,39,888,520,856,504,1,-1,-1,-1
307,46,33,573,872,495,1,-1,-1,-1
307,47,513,454,524,148,1,-1,-1,-1
307,49,2146,392,414,452,1,-1,-1,-1
307,50,487,462,552,576,1,-1,-1,-1
307,51,0,494,324,152,1,-1,-1,-1
308,35,0,638,245,464,1,-1,-1,-1
308,39,872,504,899,529,1,-1,-1,-1
308,46,31,574,872,495,1,-1,-1,-1
308,47,541,457,499,141,1,-1,-1,-1
308,49,2152,393,408,452,1,-1,-1,-1
308,50,497,460,552,576,1,-1,-1,-1
308,51,10,493,324,152,1,-1,-1,-1
309,35,0,640,241,464,1,-1,-1,-1
309,39,887,509,899,529,1,-1,-1,-1
309,46,35,572,872,495,1,-1,-1,-1
309,47,556,458,475,134,1,-1,-1,-1
309,49,2156,395,404,452,1,-1,-1,-1
309,50,507,463,552,576,1,-1,-1,-1
309,51,12,493,324,152,1,-1,-1,-1
310,35,0,653,232,464,1,-1,-1,-1
310,39,913,518,856,504,1,-1,-1,-1
310,46,6,553,916,520,1,-1,-1,-1
310,47,537,452,499,141,1,-1,-1,-1
310,49,2138,379,422,475,1,-1,-1,-1
310,50,495,453,580,605,1,-1,-1,-1
310,51,0,497,305,145,1,-1,-1,-1
311,35,0,650,234,464,1,-1,-1,-1
311,39,941,532,815,480,1,-1,-1,-1
311,46,16,554,916,520,1,-1,-1,-1
311,47,542,457,499,141,1,-1,-1,-1
311,49,2153,393,407,452,1,-1,-1,-1
311,50,494,449,580,605,1,-1,-1,-1
311,51,1,496,309,145,1,-1,-1,-1
312,35,0,654,215,464,1,-1,-1,-1
312,39,925,515,856,504,1,-1,-1,-1
312,46,11,552,916,520,1,-1,-1,-1
312,47,540,457,499,141,1,-1,-1,-1
312,49,2129,378,431,475,1,-1,-1,-1
312,50,500,451,580,605,1,-1,-1,-1
312,51,0,496,294,145,1,-1,-1,-1
313,35,0,654,215,464,1,-1,-1,-1
313,39,944,516,764,496,1,-1,-1,-1
313,46,0,552,864,524,1,-1,-1,-1
313,47,516,456,516,144,1,-1,-1,-1
313,49,2120,388,440,452,1,-1,-1,-1
313,50,412,464,720,588,1,-1,-1,-1
313,51,0,496,294,145,1,-1,-1,-1
313,52,0,664,96,464,1,-1,-1,-1
313,53,788,572,344,484,1,-1,-1,-1
314,35,0,650,185,464,1,-1,-1,-1
314,39,952,522,764,496,1,-1,-1,-1
314,46,5,561,864,524,1,-1,-1,-1
314,47,513,458,516,144,1,-1,-1,-1
314,49,2118,392,440,452,1,-1,-1,-1
314,50,429,469,720,588,1,-1,-1,-1
314,51,0,499,287,145,1,-1,-1,-1
314,52,2,666,96,464,1,-1,-1,-1
314,53,792,570,344,484,1,-1,-1,-1
315,39,979,535,728,472,1,-1,-1,-1
315,46,0,565,858,524,1,-1,-1,-1
315,47,519,459,516,144,1,-1,-1,-1
315,49,2121,393,439,452,1,-1,-1,-1
315,50,427,471,720,588,1,-1,-1,-1
315,51,0,501,260,138,1,-1,-1,-1
315,52,3,672,96,464,1,-1,-1,-1
315,53,809,587,328,461,1,-1,-1,-1
316,39,983,535,728,472,1,-1,-1,-1
316,46,0,564,848,524,1,-1,-1,-1
316,47,538,462,491,137,1,-1,-1,-1
316,49,2122,390,438,452,1,-1,-1,-1
316,50,437,476,720,588,1,-1,-1,-1
316,51,0,500,253,138,1,-1,-1,-1
316,52,0,674,92,464,1,-1,-1,-1
316,53,818,587,328,461,1,-1,-1,-1
317,39,984,532,728,472,1,-1,-1,-1
317,46,0,557,843,524,1,-1,-1,-1
317,47,539,461,491,137,1,-1,-1,-1
317,49,2122,391,438,452,1,-1,-1,-1
317,50,407,457,756,617,1,-1,-1,-1
317,52,0,672,90,464,1,-1,-1,-1
317,53,820,581,328,461,1,-1,-1,-1
318,39,994,536,728,472,1,-1,-1,-1
318,46,0,570,856,524,1,-1,-1,-1
318,47,537,461,491,137,1,-1,-1,-1
318,49,2122,392,438,452,1,-1,-1,-1
318,52,0,671,90,464,1,-1,-1,-1
318,53,828,585,328,461,1,-1,-1,-1
319,39,1006,539,728,472,1,-1,-1,-1
319,46,0,553,876,550,1,-1,-1,-1
319,47,562,459,468,131,1,-1,-1,-1
319,49,2120,395,440,452,1,-1,-1,-1
319,52,0,664,93,464,1,-1,-1,-1
319,53,841,586,328,461,1,-1,-1,-1
320,39,1015,538,728,472,1,-1,-1,-1
320,46,0,561,884,550,1,-1,-1,-1
320,47,565,459,468,131,1,-1,-1,-1
320,49,2120,390,440,452,1,-1,-1,-1
320,52,0,661,93,464,1,-1,-1,-1
320,53,861,581,328,461,1,-1,-1,-1
321,39,964,508,780,516,1,-1,-1,-1
321,46,4,572,856,504,1,-1,-1,-1
321,47,552,476,484,124,1,-1,-1,-1
321,49,2120,408,436,436,1,-1,-1,-1
321,52,0,661,93,464,1,-1,-1,-1
321,53,861,581,328,461,1,-1,-1,-1
321,54,468,492,760,572,1,-1,-1,-1
322,39,968,510,780,516,1,-1,-1,-1
322,46,0,578,855,504,1,-1,-1,-1
322,47,555,477,484,124,1,-1,-1,-1
322,49,2115,409,436,436,1,-1,-1,-1
322,53,874,579,328,461,1,-1,-1,-1
322,54,463,492,760,572,1,-1,-1,-1
323,39,968,511,780,516,1,-1,-1,-1
323,46,0,574,843,504,1,-1,-1,-1
323,47,557,478,484,124,1,-1,-1,-1
323,49,2113,410,436,436,1,-1,-1,-1
323,53,875,582,328,461,1,-1,-1,-1
323,54,460,491,760,572,1,-1,-1,-1
324,39,973,515,780,516,1,-1,-1,-1
324,46,0,572,848,504,1,-1,-1,-1
324,47,567,478,484,124,1,-1,-1,-1
324,49,2117,407,436,436,1,-1,-1,-1
324,53,876,581,328,461,1,-1,-1,-1
324,54,466,491,760,572,1,-1,-1,-1
325,39,999,519,743,491,1,-1,-1,-1
325,46,0,566,847,504,1,-1,-1,-1
325,47,572,477,484,124,1,-1,-1,-1
325,49,2122,408,436,436,1,-1,-1,-1
325,53,898,592,312,439,1,-1,-1,-1
325,54,467,487,760,572,1,-1,-1,-1
