1,0,2276,512,280,196,1,-1,-1,-1
1,1,1756,612,240,132,1,-1,-1,-1
1,2,1136,620,296,140,1,-1,-1,-1
1,3,900,624,236,136,1,-1,-1,-1
2,0,2265,512,280,196,1,-1,-1,-1
2,1,1751,613,240,132,1,-1,-1,-1
2,2,1137,620,296,140,1,-1,-1,-1
2,3,903,625,236,136,1,-1,-1,-1
3,0,2253,515,280,196,1,-1,-1,-1
3,1,1745,614,240,132,1,-1,-1,-1
3,2,1144,621,296,140,1,-1,-1,-1
3,3,918,626,236,136,1,-1,-1,-1
4,0,2232,520,267,187,1,-1,-1,-1
4,1,1728,616,240,132,1,-1,-1,-1
4,2,1145,623,296,140,1,-1,-1,-1
4,3,928,626,236,136,1,-1,-1,-1
5,0,2223,525,254,178,1,-1,-1,-1
5,1,1728,620,229,126,1,-1,-1,-1
5,2,1146,626,296,140,1,-1,-1,-1
5,3,926,627,236,136,1,-1,-1,-1
6,0,2210,525,254,178,1,-1,-1,-1
6,1,1721,621,229,126,1,-1,-1,-1
6,2,1146,626,296,140,1,-1,-1,-1
6,3,935,625,236,136,1,-1,-1,-1
7,0,2206,527,254,178,1,-1,-1,-1
7,1,1715,624,229,126,1,-1,-1,-1
7,2,1149,627,296,140,1,-1,-1,-1
7,3,939,628,236,136,1,-1,-1,-1
8,0,2204,525,254,178,1,-1,-1,-1
8,1,1711,624,229,126,1,-1,-1,-1
8,2,1166,629,282,133,1,-1,-1,-1
8,3,947,633,225,130,1,-1,-1,-1
9,0,2208,528,280,184,1,-1,-1,-1
9,1,1716,628,224,120,1,-1,-1,-1
9,2,1224,624,224,124,1,-1,-1,-1
9,3,948,616,256,136,1,-1,-1,-1
9,4,608,632,216,112,1,-1,-1,-1
10,0,2212,526,280,184,1,-1,-1,-1
10,1,1716,628,224,120,1,-1,-1,-1
10,2,1226,624,224,124,1,-1,-1,-1
10,3,949,616,256,136,1,-1,-1,-1
10,4,610,632,216,112,1,-1,-1,-1
11,0,2217,527,280,184,1,-1,-1,-1
11,1,1719,628,224,120,1,-1,-1,-1
11,2,1229,624,224,124,1,-1,-1,-1
11,3,951,617,256,136,1,-1,-1,-1
11,4,614,632,216,112,1,-1,-1,-1
12,0,2228,526,280,184,1,-1,-1,-1
12,1,1725,627,224,120,1,-1,-1,-1
12,2,1234,625,224,124,1,-1,-1,-1
12,3,945,613,269,143,1,-1,-1,-1
12,4,615,633,216,112,1,-1,-1,-1
13,0,2240,530,267,175,1,-1,-1,-1
13,1,1730,628,224,120,1,-1,-1,-1
13,2,1237,626,224,124,1,-1,-1,-1
13,3,945,613,269,143,1,-1,-1,-1
13,4,615,634,216,112,1,-1,-1,-1
14,0,2247,530,267,175,1,-1,-1,-1
14,1,1733,628,224,120,1,-1,-1,-1
14,2,1239,627,224,124,1,-1,-1,-1
14,3,950,614,269,143,1,-1,-1,-1
14,4,617,635,216,112,1,-1,-1,-1
15,0,2251,529,267,175,1,-1,-1,-1
15,1,1736,629,224,120,1,-1,-1,-1
15,2,1242,629,224,124,1,-1,-1,-1
15,3,948,612,269,143,1,-1,-1,-1
15,4,617,636,216,112,1,-1,-1,-1
16,0,2253,526,267,175,1,-1,-1,-1
16,1,1736,628,235,126,1,-1,-1,-1
16,2,1247,631,224,124,1,-1,-1,-1
16,3,956,612,269,143,1,-1,-1,-1
16,4,624,636,216,112,1,-1,-1,-1
17,0,2276,532,272,152,1,-1,-1,-1
17,1,1736,632,240,112,1,-1,-1,-1
17,2,1200,624,288,136,1,-1,-1,-1
17,3,956,612,269,143,1,-1,-1,-1
17,4,596,644,260,144,1,-1,-1,-1
17,5,1044,636,228,104,1,-1,-1,-1
17,6,4,624,220,168,1,-1,-1,-1
18,0,2284,532,272,152,1,-1,-1,-1
18,1,1735,630,252,118,1,-1,-1,-1
18,2,1206,627,288,136,1,-1,-1,-1
18,3,955,614,256,136,1,-1,-1,-1
18,4,599,644,260,144,1,-1,-1,-1
18,5,1051,639,228,104,1,-1,-1,-1
18,6,9,625,220,168,1,-1,-1,-1
19,0,2289,533,271,152,1,-1,-1,-1
19,1,1738,632,252,118,1,-1,-1,-1
19,2,1209,630,288,136,1,-1,-1,-1
19,3,956,615,256,136,1,-1,-1,-1
19,4,603,647,260,144,1,-1,-1,-1
19,5,1051,639,228,104,1,-1,-1,-1
19,6,10,626,220,168,1,-1,-1,-1
20,0,2291,534,269,152,1,-1,-1,-1
20,1,1740,633,252,118,1,-1,-1,-1
20,2,1213,633,288,136,1,-1,-1,-1
20,3,953,618,256,136,1,-1,-1,-1
20,4,600,647,260,144,1,-1,-1,-1
20,5,1062,643,217,99,1,-1,-1,-1
20,6,12,626,220,168,1,-1,-1,-1
21,0,2310,533,250,152,1,-1,-1,-1
21,1,1765,637,240,112,1,-1,-1,-1
21,2,1236,633,288,136,1,-1,-1,-1
21,3,964,621,256,136,1,-1,-1,-1
21,4,615,648,260,144,1,-1,-1,-1
21,5,1075,643,217,99,1,-1,-1,-1
21,6,26,627,220,168,1,-1,-1,-1
22,0,2318,542,242,145,1,-1,-1,-1
22,1,1767,630,252,118,1,-1,-1,-1
22,2,1245,633,288,136,1,-1,-1,-1
22,4,628,650,260,144,1,-1,-1,-1
22,5,1084,642,228,104,1,-1,-1,-1
22,6,40,630,220,168,1,-1,-1,-1
23,0,2322,545,238,145,1,-1,-1,-1
23,1,1776,629,252,118,1,-1,-1,-1
23,2,1259,635,274,130,1,-1,-1,-1
23,4,635,651,260,144,1,-1,-1,-1
23,5,1090,643,228,104,1,-1,-1,-1
23,6,54,629,220,168,1,-1,-1,-1
24,0,2329,544,231,145,1,-1,-1,-1
24,1,1797,630,240,112,1,-1,-1,-1
24,2,1287,640,261,123,1,-1,-1,-1
24,4,646,652,260,144,1,-1,-1,-1
24,6,74,637,210,160,1,-1,-1,-1
25,0,2329,544,231,145,1,-1,-1,-1
25,1,1816,604,220,152,1,-1,-1,-1
25,2,1287,640,261,123,1,-1,-1,-1
25,4,646,652,260,144,1,-1,-1,-1
25,6,74,637,210,160,1,-1,-1,-1
26,0,2376,541,184,145,1,-1,-1,-1
26,1,1843,604,220,152,1,-1,-1,-1
26,4,694,651,260,144,1,-1,-1,-1
26,6,114,640,210,160,1,-1,-1,-1
27,0,2385,538,175,145,1,-1,-1,-1
27,1,1860,608,220,152,1,-1,-1,-1
27,6,135,639,210,160,1,-1,-1,-1
28,1,1873,608,220,152,1,-1,-1,-1
28,6,150,639,210,160,1,-1,-1,-1
29,1,1889,609,220,152,1,-1,-1,-1
29,6,163,639,210,160,1,-1,-1,-1
30,1,1912,611,220,152,1,-1,-1,-1
31,1,1920,610,231,160,1,-1,-1,-1
32,1,1928,611,231,160,1,-1,-1,-1
33,1,1936,632,244,128,1,-1,-1,-1
33,7,876,648,184,124,1,-1,-1,-1
33,8,524,636,220,112,1,-1,-1,-1
34,1,1953,632,244,128,1,-1,-1,-1
34,7,892,648,184,124,1,-1,-1,-1
34,8,540,636,220,112,1,-1,-1,-1
35,1,1958,632,244,128,1,-1,-1,-1
35,7,901,648,184,124,1,-1,-1,-1
35,8,549,637,220,112,1,-1,-1,-1
36,1,1965,631,244,128,1,-1,-1,-1
36,7,908,647,184,124,1,-1,-1,-1
36,8,557,639,210,107,1,-1,-1,-1
37,1,1972,631,244,128,1,-1,-1,-1
37,7,912,649,184,124,1,-1,-1,-1
37,8,558,638,220,112,1,-1,-1,-1
38,1,1986,630,244,128,1,-1,-1,-1
38,7,927,646,184,124,1,-1,-1,-1
38,8,571,636,220,112,1,-1,-1,-1
39,1,1991,628,244,128,1,-1,-1,-1
39,7,930,643,193,130,1,-1,-1,-1
39,8,572,637,220,112,1,-1,-1,-1
40,1,1995,627,244,128,1,-1,-1,-1
40,7,940,642,193,130,1,-1,-1,-1
40,8,579,638,220,112,1,-1,-1,-1
41,1,2004,624,244,132,1,-1,-1,-1
41,7,968,636,228,140,1,-1,-1,-1
41,8,579,638,220,112,1,-1,-1,-1
41,9,88,656,204,140,1,-1,-1,-1
41,10,364,624,156,168,1,-1,-1,-1
41,11,704,628,172,128,1,-1,-1,-1
42,1,2005,619,256,139,1,-1,-1,-1
42,7,980,635,228,140,1,-1,-1,-1
42,8,592,636,231,118,1,-1,-1,-1
42,9,93,655,204,140,1,-1,-1,-1
42,10,370,624,156,168,1,-1,-1,-1
42,11,710,627,172,128,1,-1,-1,-1
43,1,2011,617,256,139,1,-1,-1,-1
43,7,983,633,228,140,1,-1,-1,-1
43,8,594,636,231,118,1,-1,-1,-1
43,9,98,654,204,140,1,-1,-1,-1
43,10,375,625,156,168,1,-1,-1,-1
43,11,715,627,172,128,1,-1,-1,-1
44,1,2017,615,256,139,1,-1,-1,-1
44,7,995,635,217,133,1,-1,-1,-1
44,8,598,635,231,118,1,-1,-1,-1
44,9,102,656,204,140,1,-1,-1,-1
44,10,378,627,156,168,1,-1,-1,-1
44,11,721,627,172,128,1,-1,-1,-1
45,1,2021,614,256,139,1,-1,-1,-1
45,7,1000,633,217,133,1,-1,-1,-1
45,9,106,658,204,140,1,-1,-1,-1
45,10,382,628,156,168,1,-1,-1,-1
45,11,723,628,172,128,1,-1,-1,-1
46,1,2034,612,256,139,1,-1,-1,-1
46,7,1008,633,217,133,1,-1,-1,-1
46,9,112,661,204,140,1,-1,-1,-1
46,10,392,628,156,168,1,-1,-1,-1
46,11,732,626,172,128,1,-1,-1,-1
47,1,2037,611,256,139,1,-1,-1,-1
47,7,1007,627,217,133,1,-1,-1,-1
47,9,116,664,204,140,1,-1,-1,-1
47,10,396,627,156,168,1,-1,-1,-1
47,11,734,626,172,128,1,-1,-1,-1
48,1,2042,609,256,139,1,-1,-1,-1
48,7,1014,631,207,127,1,-1,-1,-1
48,9,126,671,194,133,1,-1,-1,-1
48,10,400,629,156,168,1,-1,-1,-1
48,11,732,623,181,134,1,-1,-1,-1
49,1,2064,608,244,148,1,-1,-1,-1
49,7,1014,631,207,127,1,-1,-1,-1
49,9,126,671,194,133,1,-1,-1,-1
49,10,400,629,156,168,1,-1,-1,-1
49,11,732,623,181,134,1,-1,-1,-1
50,1,2070,609,244,148,1,-1,-1,-1
50,7,1032,634,197,121,1,-1,-1,-1
50,9,132,671,194,133,1,-1,-1,-1
50,10,413,631,156,168,1,-1,-1,-1
50,11,736,625,181,134,1,-1,-1,-1
51,1,2074,609,244,148,1,-1,-1,-1
51,7,1036,634,197,121,1,-1,-1,-1
51,9,132,672,194,133,1,-1,-1,-1
51,10,419,630,156,168,1,-1,-1,-1
51,11,742,623,181,134,1,-1,-1,-1
52,1,2078,610,244,148,1,-1,-1,-1
52,7,1037,634,197,121,1,-1,-1,-1
52,9,137,673,194,133,1,-1,-1,-1
52,10,434,640,156,168,1,-1,-1,-1
52,11,748,625,172,128,1,-1,-1,-1
53,1,2084,610,244,148,1,-1,-1,-1
53,9,140,676,185,127,1,-1,-1,-1
53,10,438,644,156,168,1,-1,-1,-1
53,11,764,623,172,128,1,-1,-1,-1
54,1,2091,607,244,148,1,-1,-1,-1
54,9,145,677,185,127,1,-1,-1,-1
54,10,432,640,164,176,1,-1,-1,-1
54,11,782,629,164,122,1,-1,-1,-1
55,1,2094,605,244,148,1,-1,-1,-1
55,9,148,676,185,127,1,-1,-1,-1
55,10,434,642,164,176,1,-1,-1,-1
55,11,782,631,164,122,1,-1,-1,-1
56,1,2099,603,244,148,1,-1,-1,-1
56,10,433,641,164,176,1,-1,-1,-1
57,1,2108,588,236,168,1,-1,-1,-1
57,10,433,641,164,176,1,-1,-1,-1
57,12,1596,624,288,152,1,-1,-1,-1
57,13,1092,624,172,140,1,-1,-1,-1
57,14,728,656,200,140,1,-1,-1,-1
57,15,156,672,196,124,1,-1,-1,-1
57,16,1480,656,172,108,1,-1,-1,-1
58,1,2114,587,236,168,1,-1,-1,-1
58,12,1599,624,288,152,1,-1,-1,-1
58,13,1094,625,172,140,1,-1,-1,-1
58,14,728,656,200,140,1,-1,-1,-1
58,15,162,671,196,124,1,-1,-1,-1
58,16,1483,657,172,108,1,-1,-1,-1
59,1,2119,586,236,168,1,-1,-1,-1
59,12,1605,625,288,152,1,-1,-1,-1
59,13,1094,628,172,140,1,-1,-1,-1
59,14,729,658,200,140,1,-1,-1,-1
59,15,163,672,196,124,1,-1,-1,-1
59,16,1485,658,172,108,1,-1,-1,-1
60,1,2122,587,236,168,1,-1,-1,-1
60,12,1607,624,288,152,1,-1,-1,-1
60,13,1096,629,172,140,1,-1,-1,-1
60,14,732,658,200,140,1,-1,-1,-1
60,15,165,672,196,124,1,-1,-1,-1
60,16,1488,660,172,108,1,-1,-1,-1
61,1,2126,587,236,168,1,-1,-1,-1
61,12,1610,623,288,152,1,-1,-1,-1
61,13,1095,629,172,140,1,-1,-1,-1
61,14,732,658,200,140,1,-1,-1,-1
61,15,171,674,187,118,1,-1,-1,-1
61,16,1489,661,172,108,1,-1,-1,-1
62,1,2135,588,236,168,1,-1,-1,-1
62,12,1615,624,288,152,1,-1,-1,-1
62,13,1097,629,172,140,1,-1,-1,-1
62,14,735,659,200,140,1,-1,-1,-1
62,15,177,675,187,118,1,-1,-1,-1
62,16,1489,662,172,108,1,-1,-1,-1
63,1,2136,585,248,176,1,-1,-1,-1
63,12,1619,625,288,152,1,-1,-1,-1
63,13,1100,629,172,140,1,-1,-1,-1
63,14,735,659,200,140,1,-1,-1,-1
63,15,179,675,187,118,1,-1,-1,-1
63,16,1489,662,181,113,1,-1,-1,-1
64,1,2141,586,248,176,1,-1,-1,-1
64,12,1611,622,302,160,1,-1,-1,-1
64,13,1099,628,172,140,1,-1,-1,-1
64,14,734,660,200,140,1,-1,-1,-1
64,15,174,672,196,124,1,-1,-1,-1
64,16,1486,659,181,113,1,-1,-1,-1
65,1,2140,596,268,156,1,-1,-1,-1
65,12,1656,636,260,140,1,-1,-1,-1
65,13,1084,628,204,136,1,-1,-1,-1
65,14,776,652,168,128,1,-1,-1,-1
65,15,208,692,184,100,1,-1,-1,-1
65,16,1486,659,181,113,1,-1,-1,-1
65,17,0,676,120,116,1,-1,-1,-1
66,1,2145,598,268,156,1,-1,-1,-1
66,12,1664,637,260,140,1,-1,-1,-1
66,13,1086,629,204,136,1,-1,-1,-1
66,14,778,654,168,128,1,-1,-1,-1
66,15,217,694,175,95,1,-1,-1,-1
66,16,1488,661,181,113,1,-1,-1,-1
66,17,2,676,120,116,1,-1,-1,-1
67,1,2149,600,268,156,1,-1,-1,-1
67,12,1671,642,248,133,1,-1,-1,-1
67,13,1088,630,204,136,1,-1,-1,-1
67,14,779,655,168,128,1,-1,-1,-1
67,15,219,697,175,95,1,-1,-1,-1
67,16,1490,661,181,113,1,-1,-1,-1
67,17,2,677,120,116,1,-1,-1,-1
68,1,2151,600,268,156,1,-1,-1,-1
68,12,1664,644,248,133,1,-1,-1,-1
68,13,1089,631,204,136,1,-1,-1,-1
68,14,781,657,168,128,1,-1,-1,-1
68,15,223,697,175,95,1,-1,-1,-1
68,16,1492,662,181,113,1,-1,-1,-1
68,17,3,678,120,116,1,-1,-1,-1
69,1,2147,595,281,164,1,-1,-1,-1
69,12,1669,646,248,133,1,-1,-1,-1
69,13,1088,631,204,136,1,-1,-1,-1
69,14,781,659,168,128,1,-1,-1,-1
69,15,223,698,175,95,1,-1,-1,-1
69,17,5,681,120,116,1,-1,-1,-1
70,1,2153,596,281,164,1,-1,-1,-1
70,12,1685,646,248,133,1,-1,-1,-1
70,13,1084,634,204,136,1,-1,-1,-1
70,14,787,663,160,122,1,-1,-1,-1
70,15,219,697,184,100,1,-1,-1,-1
70,17,4,684,120,116,1,-1,-1,-1
71,1,2158,595,281,164,1,-1,-1,-1
71,12,1693,650,236,127,1,-1,-1,-1
71,13,1079,634,214,143,1,-1,-1,-1
71,14,788,664,160,122,1,-1,-1,-1
71,15,222,695,184,100,1,-1,-1,-1
71,17,7,684,120,116,1,-1,-1,-1
72,1,2161,597,281,164,1,-1,-1,-1
72,12,1697,657,225,121,1,-1,-1,-1
72,13,1073,636,214,143,1,-1,-1,-1
72,14,790,664,160,122,1,-1,-1,-1
72,15,223,696,184,100,1,-1,-1,-1
72,17,6,682,126,122,1,-1,-1,-1
73,1,2176,600,260,160,1,-1,-1,-1
73,12,1697,657,225,121,1,-1,-1,-1
73,13,1096,652,220,128,1,-1,-1,-1
73,14,820,664,152,144,1,-1,-1,-1
73,15,223,696,184,100,1,-1,-1,-1
73,17,0,684,148,136,1,-1,-1,-1
73,18,628,664,184,128,1,-1,-1,-1
74,1,2174,599,273,168,1,-1,-1,-1
74,12,1717,652,236,127,1,-1,-1,-1
74,13,1098,654,220,128,1,-1,-1,-1
74,14,823,665,152,144,1,-1,-1,-1
74,15,223,687,193,105,1,-1,-1,-1
74,17,4,684,148,136,1,-1,-1,-1
74,18,631,665,184,128,1,-1,-1,-1
75,1,2177,601,273,168,1,-1,-1,-1
75,13,1100,656,220,128,1,-1,-1,-1
75,14,824,667,152,144,1,-1,-1,-1
75,15,223,683,203,110,1,-1,-1,-1
75,17,3,685,148,136,1,-1,-1,-1
75,18,634,667,184,128,1,-1,-1,-1
76,1,2187,606,260,160,1,-1,-1,-1
76,13,1101,658,220,128,1,-1,-1,-1
76,14,825,667,152,144,1,-1,-1,-1
76,17,5,686,148,136,1,-1,-1,-1
76,18,634,669,184,128,1,-1,-1,-1
77,1,2192,606,260,160,1,-1,-1,-1
77,13,1103,659,220,128,1,-1,-1,-1
77,14,825,668,152,144,1,-1,-1,-1
77,17,5,686,148,136,1,-1,-1,-1
77,18,634,671,184,128,1,-1,-1,-1
78,1,2199,605,260,160,1,-1,-1,-1
78,13,1104,660,220,128,1,-1,-1,-1
78,14,825,669,152,144,1,-1,-1,-1
78,17,1,684,155,143,1,-1,-1,-1
78,18,640,673,184,128,1,-1,-1,-1
79,1,2202,606,260,160,1,-1,-1,-1
79,13,1105,660,220,128,1,-1,-1,-1
79,14,825,670,152,144,1,-1,-1,-1
79,17,2,684,155,143,1,-1,-1,-1
79,18,641,672,184,128,1,-1,-1,-1
80,1,2203,604,260,160,1,-1,-1,-1
80,13,1107,660,220,128,1,-1,-1,-1
80,14,823,671,152,144,1,-1,-1,-1
80,17,6,683,155,143,1,-1,-1,-1
80,18,637,668,193,134,1,-1,-1,-1
81,1,2216,616,264,152,1,-1,-1,-1
81,13,1124,656,216,128,1,-1,-1,-1
81,14,823,671,152,144,1,-1,-1,-1
81,17,6,683,155,143,1,-1,-1,-1
81,18,664,656,220,144,1,-1,-1,-1
81,19,1732,700,128,80,1,-1,-1,-1
81,20,488,664,208,156,1,-1,-1,-1
82,1,2220,613,264,152,1,-1,-1,-1
82,13,1125,656,216,128,1,-1,-1,-1
82,14,814,670,152,144,1,-1,-1,-1
82,17,14,685,155,143,1,-1,-1,-1
82,18,667,657,220,144,1,-1,-1,-1
82,19,1741,699,128,80,1,-1,-1,-1
82,20,491,664,208,156,1,-1,-1,-1
83,1,2223,614,264,152,1,-1,-1,-1
83,13,1126,658,216,128,1,-1,-1,-1
83,14,816,673,152,144,1,-1,-1,-1
83,17,16,684,155,143,1,-1,-1,-1
83,18,663,653,231,151,1,-1,-1,-1
83,19,1744,696,128,80,1,-1,-1,-1
83,20,494,665,208,156,1,-1,-1,-1
84,1,2224,614,264,152,1,-1,-1,-1
84,13,1130,659,216,128,1,-1,-1,-1
84,14,814,669,160,151,1,-1,-1,-1
84,17,20,682,155,143,1,-1,-1,-1
84,18,668,654,231,151,1,-1,-1,-1
84,19,1752,694,128,80,1,-1,-1,-1
84,20,496,666,208,156,1,-1,-1,-1
85,1,2228,615,264,152,1,-1,-1,-1
85,13,1125,656,227,134,1,-1,-1,-1
85,14,813,667,160,151,1,-1,-1,-1
85,17,24,692,148,136,1,-1,-1,-1
85,18,675,657,220,144,1,-1,-1,-1
85,19,1761,689,128,80,1,-1,-1,-1
85,20,497,666,208,156,1,-1,-1,-1
86,1,2235,616,264,152,1,-1,-1,-1
86,13,1128,656,227,134,1,-1,-1,-1
86,14,814,669,160,151,1,-1,-1,-1
86,17,30,692,148,136,1,-1,-1,-1
86,18,680,659,220,144,1,-1,-1,-1
86,19,1775,684,128,80,1,-1,-1,-1
86,20,501,668,208,156,1,-1,-1,-1
87,1,2237,615,264,152,1,-1,-1,-1
87,13,1131,655,227,134,1,-1,-1,-1
87,14,813,668,160,151,1,-1,-1,-1
87,17,23,686,155,143,1,-1,-1,-1
87,18,682,657,220,144,1,-1,-1,-1
87,19,1786,683,128,80,1,-1,-1,-1
87,20,502,668,208,156,1,-1,-1,-1
88,1,2240,614,264,152,1,-1,-1,-1
88,13,1137,657,216,128,1,-1,-1,-1
88,18,692,657,210,137,1,-1,-1,-1
88,19,1794,683,128,80,1,-1,-1,-1
88,20,498,662,218,164,1,-1,-1,-1
89,1,2264,604,228,148,1,-1,-1,-1
89,13,1160,660,224,132,1,-1,-1,-1
89,18,692,657,210,137,1,-1,-1,-1
89,19,1794,683,128,80,1,-1,-1,-1
89,20,498,662,218,164,1,-1,-1,-1
89,21,1808,672,260,108,1,-1,-1,-1
89,22,1572,664,200,124,1,-1,-1,-1
90,1,2346,596,214,148,1,-1,-1,-1
90,13,1160,657,235,139,1,-1,-1,-1
90,18,655,651,200,131,1,-1,-1,-1
90,19,1806,696,128,80,1,-1,-1,-1
90,20,470,643,229,172,1,-1,-1,-1
90,21,1861,663,273,113,1,-1,-1,-1
90,22,1610,658,200,124,1,-1,-1,-1
91,1,2386,592,174,148,1,-1,-1,-1
91,13,1158,655,247,146,1,-1,-1,-1
91,18,641,651,200,131,1,-1,-1,-1
91,19,1873,697,122,76,1,-1,-1,-1
91,20,437,653,229,172,1,-1,-1,-1
91,21,1895,660,273,113,1,-1,-1,-1
91,22,1622,655,210,130,1,-1,-1,-1
92,1,2425,590,135,148,1,-1,-1,-1
92,13,1158,648,259,153,1,-1,-1,-1
92,18,658,653,200,131,1,-1,-1,-1
92,19,1901,685,122,76,1,-1,-1,-1
92,20,425,654,229,172,1,-1,-1,-1
92,21,1918,655,287,119,1,-1,-1,-1
92,22,1638,654,210,130,1,-1,-1,-1
93,1,2454,589,106,148,1,-1,-1,-1
93,18,640,651,210,137,1,-1,-1,-1
93,20,417,654,229,172,1,-1,-1,-1
93,21,1933,653,301,125,1,-1,-1,-1
93,22,1655,653,210,130,1,-1,-1,-1
94,1,2496,575,64,148,1,-1,-1,-1
94,21,1964,648,301,125,1,-1,-1,-1
94,22,1688,645,220,137,1,-1,-1,-1
95,1,2496,504,64,148,1,-1,-1,-1
95,21,1987,647,301,125,1,-1,-1,-1
95,22,1708,642,220,137,1,-1,-1,-1
96,21,2005,640,316,131,1,-1,-1,-1
97,21,2020,624,316,160,1,-1,-1,-1
97,23,428,628,220,180,1,-1,-1,-1
97,24,1124,632,336,132,1,-1,-1,-1
97,25,1736,620,260,176,1,-1,-1,-1
97,26,776,596,224,224,1,-1,-1,-1
97,27,8,668,188,140,1,-1,-1,-1
97,28,216,640,228,152,1,-1,-1,-1
98,21,2062,623,316,160,1,-1,-1,-1
98,23,411,627,220,180,1,-1,-1,-1
98,24,1129,629,336,132,1,-1,-1,-1
98,25,1771,619,260,176,1,-1,-1,-1
98,26,775,594,224,224,1,-1,-1,-1
98,27,0,664,170,147,1,-1,-1,-1
98,28,192,637,228,152,1,-1,-1,-1
99,21,2084,617,332,168,1,-1,-1,-1
99,23,401,626,220,180,1,-1,-1,-1
99,24,1135,628,336,132,1,-1,-1,-1
99,25,1796,619,260,176,1,-1,-1,-1
99,26,768,593,224,224,1,-1,-1,-1
99,27,0,665,148,147,1,-1,-1,-1
99,28,172,637,228,152,1,-1,-1,-1
100,21,2115,615,332,168,1,-1,-1,-1
100,23,393,626,220,180,1,-1,-1,-1
100,24,1151,628,336,132,1,-1,-1,-1
100,25,1827,623,248,168,1,-1,-1,-1
100,26,763,594,224,224,1,-1,-1,-1
100,27,0,663,130,147,1,-1,-1,-1
100,28,152,634,239,160,1,-1,-1,-1
101,21,2142,614,332,168,1,-1,-1,-1
101,23,382,625,220,180,1,-1,-1,-1
101,24,1142,627,353,139,1,-1,-1,-1
101,25,1845,619,260,176,1,-1,-1,-1
101,26,753,592,224,224,1,-1,-1,-1
101,27,0,662,108,147,1,-1,-1,-1
101,28,136,633,239,160,1,-1,-1,-1
102,21,2200,612,332,168,1,-1,-1,-1
102,23,353,618,231,189,1,-1,-1,-1
102,24,1169,629,336,132,1,-1,-1,-1
102,25,1896,622,260,176,1,-1,-1,-1
102,26,742,589,224,224,1,-1,-1,-1
102,27,0,659,66,147,1,-1,-1,-1
102,28,98,628,251,168,1,-1,-1,-1
103,21,2216,602,344,176,1,-1,-1,-1
103,23,338,613,243,198,1,-1,-1,-1
103,24,1174,627,336,132,1,-1,-1,-1
103,25,1923,623,260,176,1,-1,-1,-1
103,26,739,589,224,224,1,-1,-1,-1
103,27,0,658,51,147,1,-1,-1,-1
103,28,81,626,264,176,1,-1,-1,-1
104,21,2209,598,351,185,1,-1,-1,-1
104,23,338,614,243,198,1,-1,-1,-1
104,25,1940,624,260,176,1,-1,-1,-1
104,26,732,583,235,235,1,-1,-1,-1
104,27,0,654,51,147,1,-1,-1,-1
104,28,87,632,251,168,1,-1,-1,-1
105,21,2204,592,352,208,1,-1,-1,-1
105,23,336,608,260,216,1,-1,-1,-1
105,25,1924,612,292,180,1,-1,-1,-1
105,26,740,588,280,220,1,-1,-1,-1
105,27,0,654,51,147,1,-1,-1,-1
105,28,104,624,240,176,1,-1,-1,-1
105,29,1224,636,324,168,1,-1,-1,-1
105,30,624,612,164,200,1,-1,-1,-1
105,31,1076,620,148,176,1,-1,-1,-1
106,21,2208,591,352,208,1,-1,-1,-1
106,23,342,608,260,216,1,-1,-1,-1
106,25,1924,610,307,189,1,-1,-1,-1
106,26,743,588,280,220,1,-1,-1,-1
106,27,0,650,57,147,1,-1,-1,-1
106,28,109,626,240,176,1,-1,-1,-1
106,29,1221,631,340,176,1,-1,-1,-1
106,30,628,611,164,200,1,-1,-1,-1
106,31,1080,621,148,176,1,-1,-1,-1
107,21,2209,592,351,208,1,-1,-1,-1
107,23,346,607,260,216,1,-1,-1,-1
107,25,1937,618,292,180,1,-1,-1,-1
107,26,746,586,280,220,1,-1,-1,-1
107,28,117,629,229,168,1,-1,-1,-1
107,29,1235,632,324,168,1,-1,-1,-1
107,30,632,610,164,200,1,-1,-1,-1
107,31,1084,620,148,176,1,-1,-1,-1
108,21,2216,589,344,208,1,-1,-1,-1
108,23,349,605,260,216,1,-1,-1,-1
108,25,1933,617,292,180,1,-1,-1,-1
108,26,748,586,280,220,1,-1,-1,-1
108,28,121,628,229,168,1,-1,-1,-1
108,29,1230,625,340,176,1,-1,-1,-1
108,30,632,611,164,200,1,-1,-1,-1
108,31,1086,621,148,176,1,-1,-1,-1
109,21,2215,589,345,208,1,-1,-1,-1
109,23,354,605,260,216,1,-1,-1,-1
109,25,1936,617,292,180,1,-1,-1,-1
109,26,750,585,280,220,1,-1,-1,-1
109,28,126,629,229,168,1,-1,-1,-1
109,29,1233,626,340,176,1,-1,-1,-1
109,30,633,611,164,200,1,-1,-1,-1
109,31,1089,621,148,176,1,-1,-1,-1
110,21,2209,580,351,218,1,-1,-1,-1
110,23,363,604,260,216,1,-1,-1,-1
110,25,1943,621,278,171,1,-1,-1,-1
110,26,766,589,267,210,1,-1,-1,-1
110,28,135,628,229,168,1,-1,-1,-1
110,29,1237,626,340,176,1,-1,-1,-1
110,30,636,610,164,200,1,-1,-1,-1
110,31,1095,622,148,176,1,-1,-1,-1
111,21,2217,577,343,218,1,-1,-1,-1
111,23,370,602,260,216,1,-1,-1,-1
111,25,1934,618,292,180,1,-1,-1,-1
111,26,770,589,267,210,1,-1,-1,-1
111,28,140,627,229,168,1,-1,-1,-1
111,29,1252,628,324,168,1,-1,-1,-1
111,30,639,610,164,200,1,-1,-1,-1
111,31,1097,624,148,176,1,-1,-1,-1
112,21,2229,583,331,208,1,-1,-1,-1
112,23,366,597,273,227,1,-1,-1,-1
112,25,1940,615,292,180,1,-1,-1,-1
112,26,772,587,267,210,1,-1,-1,-1
112,28,146,627,229,168,1,-1,-1,-1
112,29,1244,623,340,176,1,-1,-1,-1
112,30,640,610,164,200,1,-1,-1,-1
112,31,1102,627,141,168,1,-1,-1,-1
113,21,2248,568,308,216,1,-1,-1,-1
113,23,388,584,276,232,1,-1,-1,-1
113,25,1940,615,292,180,1,-1,-1,-1
113,26,792,584,288,228,1,-1,-1,-1
113,28,168,644,220,176,1,-1,-1,-1
113,29,1248,624,340,172,1,-1,-1,-1
113,30,648,596,156,216,1,-1,-1,-1
113,31,1102,627,141,168,1,-1,-1,-1
113,32,0,640,104,180,1,-1,-1,-1
113,33,1860,824,136,228,1,-1,-1,-1
114,21,2261,571,299,216,1,-1,-1,-1
114,23,397,589,263,221,1,-1,-1,-1
114,26,793,582,288,228,1,-1,-1,-1
114,28,174,644,220,176,1,-1,-1,-1
114,29,1251,622,340,172,1,-1,-1,-1
114,30,651,595,156,216,1,-1,-1,-1
114,31,1108,621,148,176,1,-1,-1,-1
114,32,2,640,104,180,1,-1,-1,-1
114,33,1861,825,136,228,1,-1,-1,-1
115,21,2266,569,294,216,1,-1,-1,-1
115,23,396,583,276,232,1,-1,-1,-1
115,26,790,576,302,239,1,-1,-1,-1
115,28,176,643,220,176,1,-1,-1,-1
115,29,1252,621,340,172,1,-1,-1,-1
115,30,657,602,149,206,1,-1,-1,-1
115,31,1111,620,148,176,1,-1,-1,-1
115,32,3,637,104,180,1,-1,-1,-1
115,33,1862,824,136,228,1,-1,-1,-1
116,21,2270,569,290,216,1,-1,-1,-1
116,23,399,583,276,232,1,-1,-1,-1
116,26,790,578,302,239,1,-1,-1,-1
116,28,177,641,220,176,1,-1,-1,-1
116,29,1254,620,340,172,1,-1,-1,-1
116,30,656,598,156,216,1,-1,-1,-1
116,31,1114,620,148,176,1,-1,-1,-1
116,32,5,636,104,180,1,-1,-1,-1
116,33,1862,825,136,228,1,-1,-1,-1
117,21,2271,569,289,216,1,-1,-1,-1
117,23,401,581,276,232,1,-1,-1,-1
117,26,791,576,302,239,1,-1,-1,-1
117,28,179,641,220,176,1,-1,-1,-1
117,29,1261,618,340,172,1,-1,-1,-1
117,30,653,592,164,227,1,-1,-1,-1
117,31,1114,619,148,176,1,-1,-1,-1
117,32,7,632,104,180,1,-1,-1,-1
117,33,1862,824,136,228,1,-1,-1,-1
118,21,2283,569,277,216,1,-1,-1,-1
118,23,406,580,276,232,1,-1,-1,-1
118,26,798,576,302,239,1,-1,-1,-1
118,28,176,632,231,185,1,-1,-1,-1
118,29,1258,617,357,181,1,-1,-1,-1
118,30,653,591,164,227,1,-1,-1,-1
118,31,1124,618,148,176,1,-1,-1,-1
118,32,11,628,104,180,1,-1,-1,-1
118,33,1863,824,136,228,1,-1,-1,-1
119,21,2283,565,277,216,1,-1,-1,-1
119,23,409,580,276,232,1,-1,-1,-1
119,26,795,577,302,239,1,-1,-1,-1
119,28,177,635,231,185,1,-1,-1,-1
119,29,1257,619,357,181,1,-1,-1,-1
119,30,654,591,164,227,1,-1,-1,-1
119,31,1130,619,148,176,1,-1,-1,-1
119,32,14,626,104,180,1,-1,-1,-1
119,33,1863,823,136,228,1,-1,-1,-1
120,21,2287,566,273,216,1,-1,-1,-1
120,23,412,577,276,232,1,-1,-1,-1
120,26,790,576,302,239,1,-1,-1,-1
120,28,178,631,231,185,1,-1,-1,-1
120,29,1259,618,357,181,1,-1,-1,-1
120,30,654,589,164,227,1,-1,-1,-1
120,31,1133,619,148,176,1,-1,-1,-1
120,32,16,620,109,189,1,-1,-1,-1
120,33,1863,822,136,228,1,-1,-1,-1
121,21,2324,624,236,152,1,-1,-1,-1
121,23,456,540,236,272,1,-1,-1,-1
121,26,832,580,296,216,1,-1,-1,-1
121,28,228,600,164,208,1,-1,-1,-1
121,29,1268,604,368,192,1,-1,-1,-1
121,30,612,600,236,228,1,-1,-1,-1
121,31,1133,619,148,176,1,-1,-1,-1
121,32,0,612,144,220,1,-1,-1,-1
121,33,1863,822,136,228,1,-1,-1,-1
121,34,2068,608,272,196,1,-1,-1,-1
122,21,2333,621,227,152,1,-1,-1,-1
122,23,461,538,236,272,1,-1,-1,-1
122,26,835,582,296,216,1,-1,-1,-1
122,28,232,603,164,208,1,-1,-1,-1
122,29,1269,603,368,192,1,-1,-1,-1
122,30,616,599,236,228,1,-1,-1,-1
122,31,1138,622,141,168,1,-1,-1,-1
122,32,5,611,144,220,1,-1,-1,-1
122,33,1865,821,136,228,1,-1,-1,-1
122,34,2077,606,272,196,1,-1,-1,-1
123,21,2341,620,219,152,1,-1,-1,-1
123,23,464,539,236,272,1,-1,-1,-1
123,26,838,581,296,216,1,-1,-1,-1
123,28,236,606,164,208,1,-1,-1,-1
123,29,1264,600,386,202,1,-1,-1,-1
123,30,619,598,236,228,1,-1,-1,-1
123,31,1148,618,141,168,1,-1,-1,-1
123,32,9,613,144,220,1,-1,-1,-1
123,33,1866,821,136,228,1,-1,-1,-1
123,34,2082,608,272,196,1,-1,-1,-1
124,21,2347,619,213,152,1,-1,-1,-1
124,23,469,538,236,272,1,-1,-1,-1
124,26,840,580,296,216,1,-1,-1,-1
124,28,239,605,164,208,1,-1,-1,-1
124,29,1267,605,386,202,1,-1,-1,-1
124,30,619,596,236,228,1,-1,-1,-1
124,31,1154,624,134,160,1,-1,-1,-1
124,32,13,612,144,220,1,-1,-1,-1
124,33,1866,820,136,228,1,-1,-1,-1
124,34,2082,603,286,206,1,-1,-1,-1
125,21,2353,616,207,152,1,-1,-1,-1
125,23,471,537,236,272,1,-1,-1,-1
125,26,841,580,296,216,1,-1,-1,-1
125,28,240,603,164,208,1,-1,-1,-1
125,29,1278,612,368,192,1,-1,-1,-1
125,30,622,596,236,228,1,-1,-1,-1
125,32,15,611,144,220,1,-1,-1,-1
125,33,1867,820,136,228,1,-1,-1,-1
125,34,2086,603,286,206,1,-1,-1,-1
126,21,2370,612,190,152,1,-1,-1,-1
126,23,480,538,236,272,1,-1,-1,-1
126,26,845,579,296,216,1,-1,-1,-1
126,28,245,603,164,208,1,-1,-1,-1
126,29,1285,614,368,192,1,-1,-1,-1
126,30,637,602,225,217,1,-1,-1,-1
126,32,20,611,144,220,1,-1,-1,-1
126,33,1868,820,136,228,1,-1,-1,-1
126,34,2103,600,286,206,1,-1,-1,-1
127,21,2377,610,183,152,1,-1,-1,-1
127,23,485,539,236,272,1,-1,-1,-1
127,26,848,580,296,216,1,-1,-1,-1
127,28,248,603,164,208,1,-1,-1,-1
127,29,1292,619,368,192,1,-1,-1,-1
127,30,638,605,225,217,1,-1,-1,-1
127,32,21,614,144,220,1,-1,-1,-1
127,33,1868,820,136,228,1,-1,-1,-1
127,34,2109,602,286,206,1,-1,-1,-1
128,21,2384,607,176,152,1,-1,-1,-1
128,23,486,540,236,272,1,-1,-1,-1
128,26,854,579,296,216,1,-1,-1,-1
128,28,250,604,164,208,1,-1,-1,-1
128,29,1312,625,350,183,1,-1,-1,-1
128,30,639,604,225,217,1,-1,-1,-1
128,32,22,614,144,220,1,-1,-1,-1
128,33,1869,819,136,228,1,-1,-1,-1
128,34,2112,602,286,206,1,-1,-1,-1
129,21,2396,612,164,164,1,-1,-1,-1
129,23,516,564,196,244,1,-1,-1,-1
129,26,840,576,320,216,1,-1,-1,-1
129,28,264,624,148,184,1,-1,-1,-1
129,29,1332,620,372,176,1,-1,-1,-1
129,30,660,564,228,240,1,-1,-1,-1
129,32,0,620,204,216,1,-1,-1,-1
129,33,1840,816,168,228,1,-1,-1,-1
129,34,2124,628,284,160,1,-1,-1,-1
130,21,2409,610,151,164,1,-1,-1,-1
130,23,520,563,196,244,1,-1,-1,-1
130,26,847,576,320,216,1,-1,-1,-1
130,28,269,625,148,184,1,-1,-1,-1
130,29,1346,621,372,176,1,-1,-1,-1
130,30,667,562,228,240,1,-1,-1,-1
130,32,4,619,204,216,1,-1,-1,-1
130,33,1841,816,168,228,1,-1,-1,-1
130,34,2125,622,298,168,1,-1,-1,-1
131,21,2417,610,143,164,1,-1,-1,-1
131,23,529,568,187,232,1,-1,-1,-1
131,26,851,577,320,216,1,-1,-1,-1
131,28,277,629,141,175,1,-1,-1,-1
131,29,1351,620,372,176,1,-1,-1,-1
131,30,670,563,228,240,1,-1,-1,-1
131,32,5,619,204,216,1,-1,-1,-1
131,33,1842,816,168,228,1,-1,-1,-1
131,34,2133,620,298,168,1,-1,-1,-1
132,21,2427,607,133,164,1,-1,-1,-1
132,23,536,567,187,232,1,-1,-1,-1
132,26,852,578,320,216,1,-1,-1,-1
132,28,279,628,141,175,1,-1,-1,-1
132,29,1348,612,391,185,1,-1,-1,-1
132,30,671,564,228,240,1,-1,-1,-1
132,32,7,619,204,216,1,-1,-1,-1
132,33,1843,816,168,228,1,-1,-1,-1
132,34,2137,618,298,168,1,-1,-1,-1
133,21,2436,604,124,164,1,-1,-1,-1
133,23,533,569,187,232,1,-1,-1,-1
133,26,852,580,320,216,1,-1,-1,-1
133,28,282,628,141,175,1,-1,-1,-1
133,29,1352,608,391,185,1,-1,-1,-1
133,30,662,559,239,252,1,-1,-1,-1
133,32,8,620,204,216,1,-1,-1,-1
133,33,1843,816,168,228,1,-1,-1,-1
133,34,2140,616,298,168,1,-1,-1,-1
134,21,2447,603,113,164,1,-1,-1,-1
134,23,528,563,196,244,1,-1,-1,-1
134,26,852,581,320,216,1,-1,-1,-1
134,28,283,625,148,184,1,-1,-1,-1
134,29,1364,605,391,185,1,-1,-1,-1
134,30,660,558,239,252,1,-1,-1,-1
134,32,11,619,204,216,1,-1,-1,-1
134,33,1842,814,168,228,1,-1,-1,-1
134,34,2156,617,284,160,1,-1,-1,-1
135,21,2454,605,106,164,1,-1,-1,-1
135,23,531,558,196,244,1,-1,-1,-1
135,26,843,577,336,227,1,-1,-1,-1
135,28,288,624,148,184,1,-1,-1,-1
135,29,1378,608,372,176,1,-1,-1,-1
135,30,660,557,239,252,1,-1,-1,-1
135,32,13,620,204,216,1,-1,-1,-1
135,33,1843,815,168,228,1,-1,-1,-1
135,34,2152,611,298,168,1,-1,-1,-1
136,21,2461,603,99,164,1,-1,-1,-1
136,23,535,557,196,244,1,-1,-1,-1
136,26,848,577,336,227,1,-1,-1,-1
136,28,287,620,155,193,1,-1,-1,-1
136,29,1392,609,372,176,1,-1,-1,-1
136,30,658,557,239,252,1,-1,-1,-1
136,32,17,620,204,216,1,-1,-1,-1
136,33,1843,815,168,228,1,-1,-1,-1
136,34,2155,609,298,168,1,-1,-1,-1
137,21,2472,604,88,164,1,-1,-1,-1
137,23,556,600,200,208,1,-1,-1,-1
137,26,880,576,300,232,1,-1,-1,-1
137,28,296,616,168,172,1,-1,-1,-1
137,29,1408,600,384,184,1,-1,-1,-1
137,30,672,560,300,248,1,-1,-1,-1
137,32,0,628,244,212,1,-1,-1,-1
137,33,1868,808,140,232,1,-1,-1,-1
137,34,2152,608,324,176,1,-1,-1,-1
138,21,2488,603,72,164,1,-1,-1,-1
138,23,561,601,200,208,1,-1,-1,-1
138,26,883,577,300,232,1,-1,-1,-1
138,28,302,616,168,172,1,-1,-1,-1
138,29,1416,597,384,184,1,-1,-1,-1
138,30,672,559,300,248,1,-1,-1,-1
138,32,4,629,244,212,1,-1,-1,-1
138,33,1867,808,140,232,1,-1,-1,-1
138,34,2159,609,324,176,1,-1,-1,-1
139,21,2493,605,67,164,1,-1,-1,-1
139,23,563,602,200,208,1,-1,-1,-1
139,26,885,579,300,232,1,-1,-1,-1
139,28,305,615,168,172,1,-1,-1,-1
139,29,1420,596,384,184,1,-1,-1,-1
139,30,677,563,300,248,1,-1,-1,-1
139,32,9,629,244,212,1,-1,-1,-1
139,33,1866,809,140,232,1,-1,-1,-1
139,34,2164,608,324,176,1,-1,-1,-1
140,21,2503,599,57,172,1,-1,-1,-1
140,23,565,602,200,208,1,-1,-1,-1
140,26,886,581,300,232,1,-1,-1,-1
140,28,304,610,176,181,1,-1,-1,-1
140,29,1425,594,384,184,1,-1,-1,-1
140,30,665,557,315,260,1,-1,-1,-1
140,32,11,629,244,212,1,-1,-1,-1
140,33,1865,809,140,232,1,-1,-1,-1
140,34,2170,608,324,176,1,-1,-1,-1
141,21,2508,598,52,172,1,-1,-1,-1
141,23,566,603,200,208,1,-1,-1,-1
141,26,884,582,300,232,1,-1,-1,-1
141,28,309,608,176,181,1,-1,-1,-1
141,29,1415,589,403,193,1,-1,-1,-1
141,30,671,557,315,260,1,-1,-1,-1
141,32,12,628,244,212,1,-1,-1,-1
141,33,1865,809,140,232,1,-1,-1,-1
141,34,2171,608,324,176,1,-1,-1,-1
142,21,2520,597,40,181,1,-1,-1,-1
142,23,570,602,200,208,1,-1,-1,-1
142,26,880,579,300,232,1,-1,-1,-1
142,28,314,609,176,181,1,-1,-1,-1
142,29,1416,588,403,193,1,-1,-1,-1
142,30,674,566,300,248,1,-1,-1,-1
142,32,18,628,244,212,1,-1,-1,-1
142,33,1864,807,140,232,1,-1,-1,-1
142,34,2173,604,340,185,1,-1,-1,-1
143,21,2523,588,37,181,1,-1,-1,-1
143,23,571,601,200,208,1,-1,-1,-1
143,26,882,579,300,232,1,-1,-1,-1
143,28,318,610,176,181,1,-1,-1,-1
143,29,1415,587,403,193,1,-1,-1,-1
143,30,671,555,315,260,1,-1,-1,-1
143,32,17,629,244,212,1,-1,-1,-1
143,33,1862,806,140,232,1,-1,-1,-1
143,34,2178,603,340,185,1,-1,-1,-1
144,21,2526,591,34,172,1,-1,-1,-1
144,23,572,601,200,208,1,-1,-1,-1
144,26,884,579,300,232,1,-1,-1,-1
144,28,319,605,185,190,1,-1,-1,-1
144,29,1418,587,403,193,1,-1,-1,-1
144,30,670,556,315,260,1,-1,-1,-1
144,32,8,622,256,223,1,-1,-1,-1
144,33,1860,807,140,232,1,-1,-1,-1
144,34,2172,598,357,194,1,-1,-1,-1
145,21,2526,591,34,172,1,-1,-1,-1
145,23,576,556,196,260,1,-1,-1,-1
145,26,908,596,292,212,1,-1,-1,-1
145,28,312,604,220,212,1,-1,-1,-1
145,29,1464,592,360,200,1,-1,-1,-1
145,30,720,528,288,292,1,-1,-1,-1
145,32,48,604,244,216,1,-1,-1,-1
145,33,1848,812,156,220,1,-1,-1,-1
145,34,2180,608,368,184,1,-1,-1,-1
146,23,582,560,187,248,1,-1,-1,-1
146,26,911,595,292,212,1,-1,-1,-1
146,28,317,603,220,212,1,-1,-1,-1
146,29,1467,592,360,200,1,-1,-1,-1
146,30,722,529,288,292,1,-1,-1,-1
146,32,54,607,244,216,1,-1,-1,-1
146,33,1848,811,156,220,1,-1,-1,-1
146,34,2182,609,368,184,1,-1,-1,-1
147,23,585,559,187,248,1,-1,-1,-1
147,26,914,595,292,212,1,-1,-1,-1
147,28,322,603,220,212,1,-1,-1,-1
147,29,1460,588,378,210,1,-1,-1,-1
147,30,726,528,288,292,1,-1,-1,-1
147,32,62,609,244,216,1,-1,-1,-1
147,33,1849,810,156,220,1,-1,-1,-1
147,34,2187,609,368,184,1,-1,-1,-1
