1,0,148,472,852,624,1,-1,-1,-1
1,1,1704,600,712,576,1,-1,-1,-1
1,2,1148,396,468,460,1,-1,-1,-1
1,3,764,452,512,508,1,-1,-1,-1
1,4,1952,568,456,148,1,-1,-1,-1
1,5,2468,728,92,316,1,-1,-1,-1
2,0,142,469,852,624,1,-1,-1,-1
2,1,1695,602,712,576,1,-1,-1,-1
2,2,1144,398,468,460,1,-1,-1,-1
2,3,754,452,512,508,1,-1,-1,-1
2,4,1952,567,456,148,1,-1,-1,-1
2,5,2468,727,92,316,1,-1,-1,-1
3,0,141,472,852,624,1,-1,-1,-1
3,1,1683,603,712,576,1,-1,-1,-1
3,2,1142,400,468,460,1,-1,-1,-1
3,3,749,455,512,508,1,-1,-1,-1
3,4,1952,566,456,148,1,-1,-1,-1
3,5,2468,727,92,316,1,-1,-1,-1
4,0,137,475,852,624,1,-1,-1,-1
4,1,1677,608,712,576,1,-1,-1,-1
4,2,1127,387,491,483,1,-1,-1,-1
4,3,742,455,512,508,1,-1,-1,-1
4,4,1954,567,456,148,1,-1,-1,-1
4,5,2467,727,92,316,1,-1,-1,-1
5,0,140,472,852,624,1,-1,-1,-1
5,1,1648,589,748,605,1,-1,-1,-1
5,2,1125,389,491,483,1,-1,-1,-1
5,3,738,460,512,508,1,-1,-1,-1
5,4,1955,568,456,148,1,-1,-1,-1
5,5,2467,725,92,316,1,-1,-1,-1
6,0,137,479,852,624,1,-1,-1,-1
6,1,1634,582,748,605,1,-1,-1,-1
6,2,1124,385,491,483,1,-1,-1,-1
6,3,736,455,512,508,1,-1,-1,-1
6,4,1959,569,456,148,1,-1,-1,-1
6,5,2467,724,92,316,1,-1,-1,-1
7,0,153,491,811,594,1,-1,-1,-1
7,1,1629,578,748,605,1,-1,-1,-1
7,2,1125,386,491,483,1,-1,-1,-1
7,3,719,438,538,533,1,-1,-1,-1
7,4,1967,571,434,141,1,-1,-1,-1
7,5,2465,717,97,332,1,-1,-1,-1
8,0,175,500,773,566,1,-1,-1,-1
8,1,1625,578,748,605,1,-1,-1,-1
8,2,1122,389,491,483,1,-1,-1,-1
8,3,715,442,538,533,1,-1,-1,-1
8,4,1964,572,434,141,1,-1,-1,-1
8,5,2467,725,92,316,1,-1,-1,-1
9,0,144,468,780,624,1,-1,-1,-1
9,1,1596,596,816,576,1,-1,-1,-1
9,2,1168,408,436,448,1,-1,-1,-1
9,3,620,472,540,512,1,-1,-1,-1
9,4,1964,572,434,141,1,-1,-1,-1
9,5,2464,728,96,316,1,-1,-1,-1
9,6,1024,492,272,408,1,-1,-1,-1
9,7,1932,576,488,260,1,-1,-1,-1
10,0,144,467,780,624,1,-1,-1,-1
10,1,1581,599,816,576,1,-1,-1,-1
10,2,1168,407,436,448,1,-1,-1,-1
10,3,618,473,540,512,1,-1,-1,-1
10,4,1967,568,434,141,1,-1,-1,-1
10,5,2464,729,96,316,1,-1,-1,-1
10,6,1017,492,272,408,1,-1,-1,-1
10,7,1928,577,488,260,1,-1,-1,-1
11,0,140,466,780,624,1,-1,-1,-1
11,1,1580,600,816,576,1,-1,-1,-1
11,2,1167,406,436,448,1,-1,-1,-1
11,3,609,479,540,512,1,-1,-1,-1
11,4,1970,568,434,141,1,-1,-1,-1
11,5,2463,729,96,316,1,-1,-1,-1
11,6,1011,491,272,408,1,-1,-1,-1
11,7,1920,577,488,260,1,-1,-1,-1
12,0,139,467,780,624,1,-1,-1,-1
12,1,1569,598,816,576,1,-1,-1,-1
12,2,1166,405,436,448,1,-1,-1,-1
12,3,605,477,540,512,1,-1,-1,-1
12,4,1970,566,434,141,1,-1,-1,-1
12,5,2464,727,96,316,1,-1,-1,-1
12,6,1013,506,259,389,1,-1,-1,-1
12,7,1912,579,488,260,1,-1,-1,-1
13,0,138,466,780,624,1,-1,-1,-1
13,1,1552,603,816,576,1,-1,-1,-1
13,2,1166,402,436,448,1,-1,-1,-1
13,3,615,488,514,488,1,-1,-1,-1
13,4,1982,566,414,134,1,-1,-1,-1
13,5,2463,727,96,316,1,-1,-1,-1
13,6,1000,493,272,408,1,-1,-1,-1
13,7,1907,579,488,260,1,-1,-1,-1
14,0,136,464,780,624,1,-1,-1,-1
14,1,1521,586,857,605,1,-1,-1,-1
14,2,1167,402,436,448,1,-1,-1,-1
14,3,625,504,490,464,1,-1,-1,-1
14,4,1978,566,414,134,1,-1,-1,-1
14,5,2463,727,96,316,1,-1,-1,-1
14,6,989,495,272,408,1,-1,-1,-1
14,7,1895,577,488,260,1,-1,-1,-1
15,0,134,466,780,624,1,-1,-1,-1
15,1,1519,593,857,605,1,-1,-1,-1
15,2,1163,403,436,448,1,-1,-1,-1
15,3,613,494,514,488,1,-1,-1,-1
15,4,1976,566,414,134,1,-1,-1,-1
15,5,2462,728,96,316,1,-1,-1,-1
15,6,980,484,286,428,1,-1,-1,-1
15,7,1897,576,488,260,1,-1,-1,-1
16,0,131,462,780,624,1,-1,-1,-1
16,1,1520,597,857,605,1,-1,-1,-1
16,2,1166,404,436,448,1,-1,-1,-1
16,3,606,500,514,488,1,-1,-1,-1
16,4,1965,562,434,141,1,-1,-1,-1
16,5,2463,729,96,316,1,-1,-1,-1
16,6,987,500,272,408,1,-1,-1,-1
16,7,1878,573,488,260,1,-1,-1,-1
17,0,152,464,796,624,1,-1,-1,-1
17,1,1460,588,860,580,1,-1,-1,-1
17,2,1176,444,392,396,1,-1,-1,-1
17,3,606,500,514,488,1,-1,-1,-1
17,4,1965,562,434,141,1,-1,-1,-1
17,5,2464,716,96,324,1,-1,-1,-1
17,6,888,532,400,388,1,-1,-1,-1
17,7,1928,568,488,260,1,-1,-1,-1
17,8,872,600,188,372,1,-1,-1,-1
18,0,156,462,796,624,1,-1,-1,-1
18,1,1447,594,860,580,1,-1,-1,-1
18,2,1173,443,392,396,1,-1,-1,-1
18,3,617,477,540,512,1,-1,-1,-1
18,4,1966,562,434,141,1,-1,-1,-1
18,5,2464,716,96,324,1,-1,-1,-1
18,6,884,533,400,388,1,-1,-1,-1
18,7,1924,568,488,260,1,-1,-1,-1
18,8,868,601,188,372,1,-1,-1,-1
19,0,150,466,796,624,1,-1,-1,-1
19,1,1457,606,819,552,1,-1,-1,-1
19,2,1169,442,392,396,1,-1,-1,-1
19,3,619,471,540,512,1,-1,-1,-1
19,4,1958,559,456,148,1,-1,-1,-1
19,5,2464,717,96,324,1,-1,-1,-1
19,6,887,543,381,370,1,-1,-1,-1
19,7,1919,568,488,260,1,-1,-1,-1
19,8,865,604,188,372,1,-1,-1,-1
20,0,150,464,796,624,1,-1,-1,-1
20,1,1458,602,819,552,1,-1,-1,-1
20,2,1163,444,392,396,1,-1,-1,-1
20,3,619,451,567,538,1,-1,-1,-1
20,4,1956,560,456,148,1,-1,-1,-1
20,5,2465,717,96,324,1,-1,-1,-1
20,6,886,543,381,370,1,-1,-1,-1
20,7,1903,563,512,273,1,-1,-1,-1
20,8,866,601,188,372,1,-1,-1,-1
21,0,142,458,796,624,1,-1,-1,-1
21,1,1425,595,860,580,1,-1,-1,-1
21,2,1160,443,392,396,1,-1,-1,-1
21,3,626,459,567,538,1,-1,-1,-1
21,4,1966,562,434,141,1,-1,-1,-1
21,5,2467,723,91,309,1,-1,-1,-1
21,6,879,544,381,370,1,-1,-1,-1
21,7,1895,560,512,273,1,-1,-1,-1
21,8,868,595,188,372,1,-1,-1,-1
22,0,157,472,758,594,1,-1,-1,-1
22,1,1418,591,860,580,1,-1,-1,-1
22,2,1154,442,392,396,1,-1,-1,-1
22,3,622,457,567,538,1,-1,-1,-1
22,4,1968,561,434,141,1,-1,-1,-1
22,5,2464,715,96,324,1,-1,-1,-1
22,6,853,534,400,388,1,-1,-1,-1
22,7,1905,563,488,260,1,-1,-1,-1
22,8,868,592,188,372,1,-1,-1,-1
23,0,161,467,758,594,1,-1,-1,-1
23,1,1427,610,819,552,1,-1,-1,-1
23,2,1160,441,392,396,1,-1,-1,-1
23,3,621,455,567,538,1,-1,-1,-1
23,4,1969,561,434,141,1,-1,-1,-1
23,5,2463,716,96,324,1,-1,-1,-1
23,6,849,526,400,388,1,-1,-1,-1
23,7,1890,557,512,273,1,-1,-1,-1
23,8,868,589,188,372,1,-1,-1,-1
24,0,160,472,758,594,1,-1,-1,-1
24,1,1415,609,819,552,1,-1,-1,-1
24,2,1154,437,392,396,1,-1,-1,-1
24,3,620,468,540,512,1,-1,-1,-1
24,4,1967,560,434,141,1,-1,-1,-1
24,5,2466,722,91,309,1,-1,-1,-1
24,6,852,542,381,370,1,-1,-1,-1
24,7,1891,557,512,273,1,-1,-1,-1
24,8,862,582,197,391,1,-1,-1,-1
25,0,152,476,836,612,1,-1,-1,-1
25,1,1316,584,892,588,1,-1,-1,-1
25,2,1184,404,396,444,1,-1,-1,-1
25,3,768,480,428,456,1,-1,-1,-1
25,4,1967,560,434,141,1,-1,-1,-1
25,5,2464,716,96,332,1,-1,-1,-1
25,6,852,542,381,370,1,-1,-1,-1
25,7,1940,568,484,296,1,-1,-1,-1
25,8,862,582,197,391,1,-1,-1,-1
26,0,151,474,836,612,1,-1,-1,-1
26,1,1297,584,892,588,1,-1,-1,-1
26,2,1174,403,396,444,1,-1,-1,-1
26,3,758,481,428,456,1,-1,-1,-1
26,4,1963,561,434,141,1,-1,-1,-1
26,5,2464,716,96,332,1,-1,-1,-1
26,6,766,540,400,388,1,-1,-1,-1
26,7,1939,568,484,296,1,-1,-1,-1
26,8,867,593,188,372,1,-1,-1,-1
27,0,152,470,836,612,1,-1,-1,-1
27,1,1281,581,892,588,1,-1,-1,-1
27,2,1171,406,396,444,1,-1,-1,-1
27,3,752,480,428,456,1,-1,-1,-1
27,4,1964,562,434,141,1,-1,-1,-1
27,5,2464,716,96,332,1,-1,-1,-1
27,6,739,528,420,407,1,-1,-1,-1
27,7,1937,567,484,296,1,-1,-1,-1
27,8,870,596,188,372,1,-1,-1,-1
28,0,146,471,836,612,1,-1,-1,-1
28,1,1251,578,892,588,1,-1,-1,-1
28,2,1160,404,396,444,1,-1,-1,-1
28,3,747,483,428,456,1,-1,-1,-1
28,4,1978,563,414,134,1,-1,-1,-1
28,5,2464,715,96,332,1,-1,-1,-1
28,6,712,536,420,407,1,-1,-1,-1
28,7,1934,568,484,296,1,-1,-1,-1
28,8,872,596,188,372,1,-1,-1,-1
29,0,130,475,836,612,1,-1,-1,-1
29,1,1261,603,850,560,1,-1,-1,-1
29,2,1151,412,396,444,1,-1,-1,-1
29,3,740,490,428,456,1,-1,-1,-1
29,4,1967,562,434,141,1,-1,-1,-1
29,5,2466,723,91,316,1,-1,-1,-1
29,6,707,539,420,407,1,-1,-1,-1
29,7,1925,559,508,311,1,-1,-1,-1
29,8,878,601,188,372,1,-1,-1,-1
30,0,135,471,836,612,1,-1,-1,-1
30,1,1241,594,850,560,1,-1,-1,-1
30,2,1154,418,377,423,1,-1,-1,-1
30,3,747,504,408,434,1,-1,-1,-1
30,4,1977,566,414,134,1,-1,-1,-1
30,5,2464,719,96,332,1,-1,-1,-1
30,6,686,530,441,428,1,-1,-1,-1
30,7,1929,570,484,296,1,-1,-1,-1
30,8,880,597,188,372,1,-1,-1,-1
31,0,149,494,796,583,1,-1,-1,-1
31,1,1195,585,892,588,1,-1,-1,-1
31,2,1144,419,396,444,1,-1,-1,-1
31,3,751,508,408,434,1,-1,-1,-1
31,4,1968,564,434,141,1,-1,-1,-1
31,5,2460,708,101,349,1,-1,-1,-1
31,6,665,537,420,407,1,-1,-1,-1
31,7,1937,569,484,296,1,-1,-1,-1
31,8,879,600,188,372,1,-1,-1,-1
32,0,135,483,836,612,1,-1,-1,-1
32,1,1153,563,937,617,1,-1,-1,-1
32,2,1151,421,396,444,1,-1,-1,-1
32,3,741,510,408,434,1,-1,-1,-1
32,4,1967,565,434,141,1,-1,-1,-1
32,5,2458,696,106,366,1,-1,-1,-1
32,6,642,534,420,407,1,-1,-1,-1
32,7,1937,570,484,296,1,-1,-1,-1
32,8,877,601,188,372,1,-1,-1,-1
33,0,148,476,768,612,1,-1,-1,-1
33,1,1164,592,876,580,1,-1,-1,-1
33,2,1151,421,396,444,1,-1,-1,-1
33,3,741,510,408,434,1,-1,-1,-1
33,4,1967,565,434,141,1,-1,-1,-1
33,5,2468,720,92,328,1,-1,-1,-1
33,6,642,534,420,407,1,-1,-1,-1
33,7,1924,568,500,292,1,-1,-1,-1
33,8,877,601,188,372,1,-1,-1,-1
33,9,1184,400,404,268,1,-1,-1,-1
34,0,145,479,768,612,1,-1,-1,-1
34,1,1159,591,876,580,1,-1,-1,-1
34,2,1156,433,396,444,1,-1,-1,-1
34,3,740,496,428,456,1,-1,-1,-1
34,4,1964,564,434,141,1,-1,-1,-1
34,5,2468,721,92,328,1,-1,-1,-1
34,6,630,541,420,407,1,-1,-1,-1
34,7,1922,566,500,292,1,-1,-1,-1
34,8,878,596,188,372,1,-1,-1,-1
34,9,1183,399,404,268,1,-1,-1,-1
35,0,147,481,768,612,1,-1,-1,-1
35,1,1139,594,876,580,1,-1,-1,-1
35,2,1149,417,416,466,1,-1,-1,-1
35,3,729,492,428,456,1,-1,-1,-1
35,4,1953,562,456,148,1,-1,-1,-1
35,5,2468,722,92,328,1,-1,-1,-1
35,6,625,545,420,407,1,-1,-1,-1
35,7,1920,564,500,292,1,-1,-1,-1
35,8,876,596,188,372,1,-1,-1,-1
35,9,1182,401,404,268,1,-1,-1,-1
36,0,138,477,768,612,1,-1,-1,-1
36,1,1167,613,834,552,1,-1,-1,-1
36,3,741,493,428,456,1,-1,-1,-1
36,4,1951,563,456,148,1,-1,-1,-1
36,5,2468,724,92,328,1,-1,-1,-1
36,6,620,544,420,407,1,-1,-1,-1
36,7,1909,560,525,307,1,-1,-1,-1
36,8,875,594,188,372,1,-1,-1,-1
36,9,1179,403,404,268,1,-1,-1,-1
37,0,148,484,768,612,1,-1,-1,-1
37,1,1152,614,834,552,1,-1,-1,-1
37,3,747,484,428,456,1,-1,-1,-1
37,4,1950,564,456,148,1,-1,-1,-1
37,5,2471,733,88,312,1,-1,-1,-1
37,6,612,551,420,407,1,-1,-1,-1
37,7,1906,560,525,307,1,-1,-1,-1
37,8,874,594,188,372,1,-1,-1,-1
37,9,1189,414,385,255,1,-1,-1,-1
38,0,137,477,768,612,1,-1,-1,-1
38,1,1117,617,834,552,1,-1,-1,-1
38,3,755,472,428,456,1,-1,-1,-1
38,4,1965,566,434,141,1,-1,-1,-1
38,5,2468,723,92,328,1,-1,-1,-1
38,6,619,557,400,388,1,-1,-1,-1
38,7,1906,559,525,307,1,-1,-1,-1
38,8,871,591,188,372,1,-1,-1,-1
38,9,1183,406,404,268,1,-1,-1,-1
39,0,133,482,768,612,1,-1,-1,-1
39,1,1110,620,834,552,1,-1,-1,-1
39,3,748,488,428,456,1,-1,-1,-1
39,4,1951,563,456,148,1,-1,-1,-1
39,5,2470,733,88,312,1,-1,-1,-1
39,6,620,560,400,388,1,-1,-1,-1
39,7,1900,555,525,307,1,-1,-1,-1
39,8,875,598,179,354,1,-1,-1,-1
39,9,1182,408,404,268,1,-1,-1,-1
40,0,127,482,768,612,1,-1,-1,-1
40,1,1039,598,876,580,1,-1,-1,-1
40,3,757,480,428,456,1,-1,-1,-1
40,4,1951,563,456,148,1,-1,-1,-1
40,5,2471,732,88,312,1,-1,-1,-1
40,6,624,556,400,388,1,-1,-1,-1
40,7,1904,556,525,307,1,-1,-1,-1
40,8,875,602,179,354,1,-1,-1,-1
40,9,1183,407,404,268,1,-1,-1,-1
41,0,127,482,768,612,1,-1,-1,-1
41,1,1024,568,852,592,1,-1,-1,-1
41,3,757,480,428,456,1,-1,-1,-1
41,4,1951,563,456,148,1,-1,-1,-1
41,5,2468,720,92,328,1,-1,-1,-1
41,6,624,556,400,388,1,-1,-1,-1
41,7,1912,568,516,288,1,-1,-1,-1
41,8,875,602,179,354,1,-1,-1,-1
41,9,1180,400,404,268,1,-1,-1,-1
41,10,140,484,856,604,1,-1,-1,-1
41,11,8,456,732,456,1,-1,-1,-1
42,0,126,485,768,612,1,-1,-1,-1
42,1,1012,573,852,592,1,-1,-1,-1
42,3,771,476,428,456,1,-1,-1,-1
42,4,1967,566,434,141,1,-1,-1,-1
42,5,2468,721,92,328,1,-1,-1,-1
42,6,612,561,400,388,1,-1,-1,-1
42,7,1911,568,516,288,1,-1,-1,-1
42,8,871,598,179,354,1,-1,-1,-1
42,9,1178,402,404,268,1,-1,-1,-1
42,10,142,491,856,604,1,-1,-1,-1
42,11,4,456,732,456,1,-1,-1,-1
43,0,120,490,768,612,1,-1,-1,-1
43,1,1020,590,811,564,1,-1,-1,-1
43,3,761,466,428,456,1,-1,-1,-1
43,4,1965,564,434,141,1,-1,-1,-1
43,5,2467,720,92,328,1,-1,-1,-1
43,6,609,565,400,388,1,-1,-1,-1
43,7,1911,567,516,288,1,-1,-1,-1
43,8,867,588,188,372,1,-1,-1,-1
43,9,1173,401,404,268,1,-1,-1,-1
43,10,142,494,856,604,1,-1,-1,-1
43,11,3,456,732,456,1,-1,-1,-1
44,0,102,480,806,643,1,-1,-1,-1
44,1,984,575,852,592,1,-1,-1,-1
44,3,760,473,428,456,1,-1,-1,-1
44,4,1953,561,456,148,1,-1,-1,-1
44,5,2468,719,92,328,1,-1,-1,-1
44,6,611,565,400,388,1,-1,-1,-1
44,7,1912,568,516,288,1,-1,-1,-1
44,8,860,584,197,391,1,-1,-1,-1
44,9,1183,408,385,255,1,-1,-1,-1
44,10,142,488,856,604,1,-1,-1,-1
44,11,6,463,732,456,1,-1,-1,-1
45,0,107,468,806,643,1,-1,-1,-1
45,1,962,580,852,592,1,-1,-1,-1
45,3,763,478,428,456,1,-1,-1,-1
45,4,1951,561,456,148,1,-1,-1,-1
45,5,2466,713,92,328,1,-1,-1,-1
45,6,604,566,400,388,1,-1,-1,-1
45,7,1910,566,516,288,1,-1,-1,-1
45,8,870,588,188,372,1,-1,-1,-1
45,9,1183,409,385,255,1,-1,-1,-1
45,10,165,515,815,575,1,-1,-1,-1
45,11,-10,460,732,456,1,-1,-1,-1
46,0,121,466,806,643,1,-1,-1,-1
46,1,927,565,895,622,1,-1,-1,-1
46,3,770,473,428,456,1,-1,-1,-1
46,4,1967,564,434,141,1,-1,-1,-1
46,5,2468,711,92,328,1,-1,-1,-1
46,6,615,567,400,388,1,-1,-1,-1
46,7,1909,566,516,288,1,-1,-1,-1
46,8,865,581,197,391,1,-1,-1,-1
46,9,1182,410,385,255,1,-1,-1,-1
46,10,161,522,815,575,1,-1,-1,-1
46,11,-9,464,732,456,1,-1,-1,-1
47,0,111,475,806,643,1,-1,-1,-1
47,1,931,586,852,592,1,-1,-1,-1
47,3,774,471,428,456,1,-1,-1,-1
47,4,1964,563,434,141,1,-1,-1,-1
47,5,2465,700,97,344,1,-1,-1,-1
47,6,624,579,381,370,1,-1,-1,-1
47,7,1911,570,516,288,1,-1,-1,-1
47,8,868,575,197,391,1,-1,-1,-1
47,9,1182,411,385,255,1,-1,-1,-1
47,10,134,502,856,604,1,-1,-1,-1
47,11,-8,468,732,456,1,-1,-1,-1
48,0,120,491,768,612,1,-1,-1,-1
48,1,930,599,811,564,1,-1,-1,-1
48,3,775,475,428,456,1,-1,-1,-1
48,4,1976,565,414,134,1,-1,-1,-1
48,5,2463,690,101,362,1,-1,-1,-1
48,6,618,571,381,370,1,-1,-1,-1
48,7,1913,567,516,288,1,-1,-1,-1
48,8,867,589,197,391,1,-1,-1,-1
48,9,1180,413,385,255,1,-1,-1,-1
48,10,138,496,856,604,1,-1,-1,-1
48,11,-17,466,732,456,1,-1,-1,-1
49,0,120,491,768,612,1,-1,-1,-1
49,1,848,568,880,580,1,-1,-1,-1
49,3,775,475,428,456,1,-1,-1,-1
49,4,1976,565,414,134,1,-1,-1,-1
49,5,2463,690,101,362,1,-1,-1,-1
49,6,618,571,381,370,1,-1,-1,-1
49,7,1912,568,520,288,1,-1,-1,-1
49,8,867,589,197,391,1,-1,-1,-1
49,9,1180,396,416,272,1,-1,-1,-1
49,10,140,472,752,608,1,-1,-1,-1
49,11,0,432,636,520,1,-1,-1,-1
49,12,2504,708,52,332,1,-1,-1,-1
50,0,115,480,768,612,1,-1,-1,-1
50,1,828,570,880,580,1,-1,-1,-1
50,3,758,476,449,479,1,-1,-1,-1
50,4,1977,563,414,134,1,-1,-1,-1
50,5,2462,699,101,362,1,-1,-1,-1
50,6,631,582,363,352,1,-1,-1,-1
50,7,1914,571,520,288,1,-1,-1,-1
50,8,865,583,197,391,1,-1,-1,-1
50,9,1180,397,416,272,1,-1,-1,-1
50,10,144,471,752,608,1,-1,-1,-1
50,11,-1,431,636,520,1,-1,-1,-1
51,0,111,482,768,612,1,-1,-1,-1
51,1,819,572,880,580,1,-1,-1,-1
51,3,757,478,449,479,1,-1,-1,-1
51,4,1977,563,414,134,1,-1,-1,-1
51,5,2462,698,101,362,1,-1,-1,-1
51,6,623,580,363,352,1,-1,-1,-1
51,7,1918,569,520,288,1,-1,-1,-1
51,8,859,585,197,391,1,-1,-1,-1
51,9,1178,397,416,272,1,-1,-1,-1
51,10,134,474,752,608,1,-1,-1,-1
51,11,-8,433,636,520,1,-1,-1,-1
52,0,109,476,768,612,1,-1,-1,-1
52,1,795,582,880,580,1,-1,-1,-1
52,3,753,484,449,479,1,-1,-1,-1
52,4,1977,562,414,134,1,-1,-1,-1
52,5,2462,693,101,362,1,-1,-1,-1
52,6,614,569,363,352,1,-1,-1,-1
52,7,1914,570,520,288,1,-1,-1,-1
52,8,866,597,188,372,1,-1,-1,-1
52,9,1175,398,416,272,1,-1,-1,-1
52,10,131,468,752,608,1,-1,-1,-1
52,11,-7,432,636,520,1,-1,-1,-1
53,0,117,490,768,612,1,-1,-1,-1
53,1,781,581,880,580,1,-1,-1,-1
53,3,749,489,449,479,1,-1,-1,-1
53,4,1976,563,414,134,1,-1,-1,-1
53,5,2461,688,101,362,1,-1,-1,-1
53,6,624,567,363,352,1,-1,-1,-1
53,7,1917,569,520,288,1,-1,-1,-1
53,8,865,608,188,372,1,-1,-1,-1
53,9,1179,399,416,272,1,-1,-1,-1
53,10,136,470,752,608,1,-1,-1,-1
53,11,-9,432,636,520,1,-1,-1,-1
54,0,116,495,768,612,1,-1,-1,-1
54,1,789,590,838,552,1,-1,-1,-1
54,3,746,488,449,479,1,-1,-1,-1
54,4,1977,562,414,134,1,-1,-1,-1
54,5,2461,690,101,362,1,-1,-1,-1
54,7,1915,569,520,288,1,-1,-1,-1
54,8,860,622,188,372,1,-1,-1,-1
54,9,1168,391,437,286,1,-1,-1,-1
54,10,121,474,752,608,1,-1,-1,-1
54,11,-9,426,636,520,1,-1,-1,-1
55,0,102,479,806,643,1,-1,-1,-1
55,1,795,593,838,552,1,-1,-1,-1
55,3,746,491,449,479,1,-1,-1,-1
55,4,1977,562,414,134,1,-1,-1,-1
55,5,2460,693,101,362,1,-1,-1,-1
55,7,1916,571,520,288,1,-1,-1,-1
55,9,1165,392,437,286,1,-1,-1,-1
55,10,122,470,752,608,1,-1,-1,-1
55,11,-13,430,636,520,1,-1,-1,-1
56,0,128,507,768,612,1,-1,-1,-1
56,1,711,565,880,580,1,-1,-1,-1
56,3,728,485,449,479,1,-1,-1,-1
56,4,1978,562,414,134,1,-1,-1,-1
56,5,2457,690,101,362,1,-1,-1,-1
56,7,1917,572,520,288,1,-1,-1,-1
56,9,1177,400,416,272,1,-1,-1,-1
56,10,127,476,752,608,1,-1,-1,-1
56,11,-13,430,636,520,1,-1,-1,-1
57,0,128,507,768,612,1,-1,-1,-1
57,1,652,588,896,560,1,-1,-1,-1
57,3,728,485,449,479,1,-1,-1,-1
57,4,1978,562,414,134,1,-1,-1,-1
57,5,2424,716,136,328,1,-1,-1,-1
57,7,1912,568,520,276,1,-1,-1,-1
57,9,1180,400,428,460,1,-1,-1,-1
57,10,156,472,724,612,1,-1,-1,-1
57,11,-13,430,636,520,1,-1,-1,-1
57,13,0,584,412,404,1,-1,-1,-1
57,14,0,468,240,376,1,-1,-1,-1
58,0,110,498,768,612,1,-1,-1,-1
58,1,644,587,896,560,1,-1,-1,-1
58,3,718,502,449,479,1,-1,-1,-1
58,4,1979,564,414,134,1,-1,-1,-1
58,5,2422,702,136,328,1,-1,-1,-1
58,7,1911,569,520,276,1,-1,-1,-1
58,9,1173,398,428,460,1,-1,-1,-1
58,10,147,468,724,612,1,-1,-1,-1
58,11,-4,445,636,520,1,-1,-1,-1
58,13,-10,586,412,404,1,-1,-1,-1
58,14,-10,470,240,376,1,-1,-1,-1
59,0,121,500,768,612,1,-1,-1,-1
59,1,618,591,896,560,1,-1,-1,-1
59,3,714,515,449,479,1,-1,-1,-1
59,4,1979,564,414,134,1,-1,-1,-1
59,5,2418,703,136,328,1,-1,-1,-1
59,7,1909,569,520,276,1,-1,-1,-1
59,9,1156,401,428,460,1,-1,-1,-1
59,10,158,490,690,583,1,-1,-1,-1
59,11,-12,450,636,520,1,-1,-1,-1
59,13,-14,586,412,404,1,-1,-1,-1
59,14,-21,470,240,376,1,-1,-1,-1
60,0,115,501,768,612,1,-1,-1,-1
60,1,621,609,853,533,1,-1,-1,-1
60,3,712,524,449,479,1,-1,-1,-1
60,4,1967,560,434,141,1,-1,-1,-1
60,5,2420,703,136,328,1,-1,-1,-1
60,7,1920,572,495,263,1,-1,-1,-1
60,9,1154,397,428,460,1,-1,-1,-1
60,10,170,496,657,555,1,-1,-1,-1
60,11,-25,426,668,546,1,-1,-1,-1
60,13,-13,581,412,404,1,-1,-1,-1
60,14,-31,470,240,376,1,-1,-1,-1
61,0,114,496,768,612,1,-1,-1,-1
61,1,635,620,813,508,1,-1,-1,-1
61,4,1964,560,434,141,1,-1,-1,-1
61,5,2425,712,130,312,1,-1,-1,-1
61,7,1921,571,495,263,1,-1,-1,-1
61,9,1152,397,428,460,1,-1,-1,-1
61,10,171,498,657,555,1,-1,-1,-1
61,11,-31,423,668,546,1,-1,-1,-1
61,13,-18,576,412,404,1,-1,-1,-1
61,14,-36,468,240,376,1,-1,-1,-1
62,0,85,477,806,643,1,-1,-1,-1
62,1,583,616,853,533,1,-1,-1,-1
62,4,1967,560,434,141,1,-1,-1,-1
62,5,2426,712,136,328,1,-1,-1,-1
62,7,1922,568,495,263,1,-1,-1,-1
62,9,1186,410,408,438,1,-1,-1,-1
62,10,135,481,690,583,1,-1,-1,-1
62,11,-15,435,636,520,1,-1,-1,-1
62,13,-33,566,433,424,1,-1,-1,-1
62,14,-48,466,240,376,1,-1,-1,-1
63,0,113,481,768,612,1,-1,-1,-1
63,1,596,618,853,533,1,-1,-1,-1
63,4,1967,561,434,141,1,-1,-1,-1
63,5,2423,703,143,344,1,-1,-1,-1
63,7,1916,570,495,263,1,-1,-1,-1
63,9,1175,395,428,460,1,-1,-1,-1
63,10,140,471,690,583,1,-1,-1,-1
63,11,-13,434,636,520,1,-1,-1,-1
63,13,-31,565,433,424,1,-1,-1,-1
63,14,-54,464,240,376,1,-1,-1,-1
64,0,106,481,768,612,1,-1,-1,-1
64,1,572,616,853,533,1,-1,-1,-1
64,4,1970,562,434,141,1,-1,-1,-1
64,5,2427,717,136,328,1,-1,-1,-1
64,7,1919,570,495,263,1,-1,-1,-1
64,9,1169,388,449,483,1,-1,-1,-1
64,10,141,477,690,583,1,-1,-1,-1
64,11,-9,435,636,520,1,-1,-1,-1
64,13,-40,560,433,424,1,-1,-1,-1
64,14,-61,463,240,376,1,-1,-1,-1
65,0,106,481,768,612,1,-1,-1,-1
65,1,496,572,852,560,1,-1,-1,-1
65,4,1970,562,434,141,1,-1,-1,-1
65,5,2432,720,128,324,1,-1,-1,-1
65,7,1912,568,516,296,1,-1,-1,-1
65,9,1176,400,432,460,1,-1,-1,-1
65,10,141,477,690,583,1,-1,-1,-1
65,11,160,472,428,616,1,-1,-1,-1
65,13,0,580,424,420,1,-1,-1,-1
65,14,-61,463,240,376,1,-1,-1,-1
65,15,0,508,236,108,1,-1,-1,-1
66,0,97,475,768,612,1,-1,-1,-1
66,1,487,569,852,560,1,-1,-1,-1
66,4,1979,564,414,134,1,-1,-1,-1
66,5,2434,727,128,324,1,-1,-1,-1
66,7,1912,568,516,296,1,-1,-1,-1
66,9,1168,400,432,460,1,-1,-1,-1
66,10,139,465,690,583,1,-1,-1,-1
66,11,154,470,428,616,1,-1,-1,-1
66,13,-12,581,424,420,1,-1,-1,-1
66,14,-88,457,252,395,1,-1,-1,-1
66,15,-24,505,248,113,1,-1,-1,-1
67,0,94,483,768,612,1,-1,-1,-1
67,1,471,572,852,560,1,-1,-1,-1
67,4,1968,561,434,141,1,-1,-1,-1
67,5,2429,731,128,324,1,-1,-1,-1
67,7,1913,568,516,296,1,-1,-1,-1
67,9,1164,397,432,460,1,-1,-1,-1
67,10,138,478,690,583,1,-1,-1,-1
67,11,154,469,428,616,1,-1,-1,-1
67,13,-20,585,424,420,1,-1,-1,-1
67,15,-39,503,260,119,1,-1,-1,-1
68,0,81,485,768,612,1,-1,-1,-1
68,1,457,574,852,560,1,-1,-1,-1
68,4,1969,562,434,141,1,-1,-1,-1
68,5,2430,735,122,309,1,-1,-1,-1
68,7,1910,569,516,296,1,-1,-1,-1
68,9,1149,386,454,483,1,-1,-1,-1
68,10,125,468,690,583,1,-1,-1,-1
68,11,145,468,428,616,1,-1,-1,-1
68,13,-32,575,445,441,1,-1,-1,-1
68,15,-58,500,273,125,1,-1,-1,-1
69,0,123,505,731,583,1,-1,-1,-1
69,1,435,578,852,560,1,-1,-1,-1
69,4,1968,561,434,141,1,-1,-1,-1
69,5,2426,726,128,324,1,-1,-1,-1
69,7,1909,572,516,296,1,-1,-1,-1
69,9,1146,385,454,483,1,-1,-1,-1
69,10,105,449,724,612,1,-1,-1,-1
69,11,134,469,428,616,1,-1,-1,-1
69,13,-40,576,445,441,1,-1,-1,-1
69,15,-71,500,287,131,1,-1,-1,-1
70,0,121,515,731,583,1,-1,-1,-1
70,1,401,565,895,588,1,-1,-1,-1
70,4,1971,562,434,141,1,-1,-1,-1
70,5,2422,711,134,340,1,-1,-1,-1
70,7,1925,579,491,282,1,-1,-1,-1
70,9,1146,384,454,483,1,-1,-1,-1
70,10,112,439,724,612,1,-1,-1,-1
70,11,124,466,428,616,1,-1,-1,-1
70,13,-62,571,445,441,1,-1,-1,-1
71,0,121,485,768,612,1,-1,-1,-1
71,1,413,574,852,560,1,-1,-1,-1
71,4,1970,560,434,141,1,-1,-1,-1
71,5,2421,710,134,340,1,-1,-1,-1
71,7,1923,578,491,282,1,-1,-1,-1
71,9,1147,386,454,483,1,-1,-1,-1
71,10,102,432,724,612,1,-1,-1,-1
71,11,117,471,428,616,1,-1,-1,-1
71,13,-57,577,445,441,1,-1,-1,-1
72,0,143,494,768,612,1,-1,-1,-1
72,1,375,574,852,560,1,-1,-1,-1
72,4,1969,560,434,141,1,-1,-1,-1
72,5,2417,701,141,357,1,-1,-1,-1
72,7,1927,574,491,282,1,-1,-1,-1
72,9,1148,383,454,483,1,-1,-1,-1
72,10,143,462,724,612,1,-1,-1,-1
72,11,130,468,428,616,1,-1,-1,-1
72,13,-44,593,424,420,1,-1,-1,-1
73,0,143,494,768,612,1,-1,-1,-1
73,1,328,572,884,564,1,-1,-1,-1
73,4,1969,560,434,141,1,-1,-1,-1
73,5,2417,701,141,357,1,-1,-1,-1
73,7,1916,568,520,304,1,-1,-1,-1
73,9,1160,392,456,476,1,-1,-1,-1
73,10,143,462,724,612,1,-1,-1,-1
73,11,164,472,400,596,1,-1,-1,-1
73,13,0,548,392,460,1,-1,-1,-1
73,16,2512,712,48,332,1,-1,-1,-1
74,0,146,497,768,612,1,-1,-1,-1
74,1,309,581,884,564,1,-1,-1,-1
74,4,1972,560,434,141,1,-1,-1,-1
74,5,2419,699,141,357,1,-1,-1,-1
74,7,1915,565,520,304,1,-1,-1,-1
74,9,1154,393,456,476,1,-1,-1,-1
74,10,128,461,760,643,1,-1,-1,-1
74,11,159,470,400,596,1,-1,-1,-1
74,13,-5,547,392,460,1,-1,-1,-1
75,0,166,498,768,612,1,-1,-1,-1
75,1,286,561,928,592,1,-1,-1,-1
75,4,1974,561,434,141,1,-1,-1,-1
75,5,2422,701,141,357,1,-1,-1,-1
75,7,1900,560,546,319,1,-1,-1,-1
75,9,1160,396,456,476,1,-1,-1,-1
75,10,157,461,798,675,1,-1,-1,-1
75,11,169,481,381,568,1,-1,-1,-1
75,13,-12,548,392,460,1,-1,-1,-1
76,0,180,514,768,612,1,-1,-1,-1
76,1,266,564,928,592,1,-1,-1,-1
76,4,1973,562,434,141,1,-1,-1,-1
76,5,2420,704,141,357,1,-1,-1,-1
76,7,1914,569,520,304,1,-1,-1,-1
76,9,1162,397,456,476,1,-1,-1,-1
76,10,123,444,838,708,1,-1,-1,-1
76,11,167,485,381,568,1,-1,-1,-1
76,13,-16,547,392,460,1,-1,-1,-1
77,0,161,526,768,612,1,-1,-1,-1
77,1,255,565,928,592,1,-1,-1,-1
77,4,1976,562,434,141,1,-1,-1,-1
77,5,2417,712,141,357,1,-1,-1,-1
77,7,1914,568,520,304,1,-1,-1,-1
77,9,1175,404,434,453,1,-1,-1,-1
77,10,131,449,838,708,1,-1,-1,-1
77,11,152,471,400,596,1,-1,-1,-1
77,13,-18,542,392,460,1,-1,-1,-1
78,0,157,513,768,612,1,-1,-1,-1
78,1,270,570,884,564,1,-1,-1,-1
78,4,1972,563,434,141,1,-1,-1,-1
78,5,2423,718,141,357,1,-1,-1,-1
78,7,1931,574,495,290,1,-1,-1,-1
78,9,1173,405,434,453,1,-1,-1,-1
78,10,109,464,838,708,1,-1,-1,-1
78,11,149,466,400,596,1,-1,-1,-1
78,13,-25,540,392,460,1,-1,-1,-1
79,0,130,506,768,612,1,-1,-1,-1
79,1,271,569,884,564,1,-1,-1,-1
79,4,1985,564,414,134,1,-1,-1,-1
79,5,2427,719,141,357,1,-1,-1,-1
79,7,1917,567,520,304,1,-1,-1,-1
79,9,1176,406,434,453,1,-1,-1,-1
79,10,120,464,838,708,1,-1,-1,-1
79,11,137,466,400,596,1,-1,-1,-1
79,13,-28,538,392,460,1,-1,-1,-1
80,0,135,509,768,612,1,-1,-1,-1
80,1,203,568,884,564,1,-1,-1,-1
80,4,1981,560,434,141,1,-1,-1,-1
80,5,2430,716,148,375,1,-1,-1,-1
80,7,1924,565,520,304,1,-1,-1,-1
80,9,1187,407,434,453,1,-1,-1,-1
80,10,129,466,798,675,1,-1,-1,-1
80,11,166,482,381,568,1,-1,-1,-1
80,13,-28,526,392,460,1,-1,-1,-1
81,0,135,509,768,612,1,-1,-1,-1
81,1,203,568,884,564,1,-1,-1,-1
81,4,1981,560,434,141,1,-1,-1,-1
81,5,2430,716,148,375,1,-1,-1,-1
81,7,1940,564,520,276,1,-1,-1,-1
81,9,1072,416,572,440,1,-1,-1,-1
81,10,168,592,904,540,1,-1,-1,-1
81,11,192,468,328,528,1,-1,-1,-1
81,13,-28,526,392,460,1,-1,-1,-1
81,17,0,596,200,396,1,-1,-1,-1
82,0,157,494,806,643,1,-1,-1,-1
82,1,257,555,928,592,1,-1,-1,-1
82,4,2045,561,434,141,1,-1,-1,-1
82,7,1983,565,520,276,1,-1,-1,-1
82,9,1112,417,572,440,1,-1,-1,-1
82,10,191,593,904,540,1,-1,-1,-1
82,11,223,473,328,528,1,-1,-1,-1
82,13,-18,533,392,460,1,-1,-1,-1
82,17,28,597,200,396,1,-1,-1,-1
83,0,178,495,806,643,1,-1,-1,-1
83,1,316,561,884,564,1,-1,-1,-1
83,4,2080,560,434,141,1,-1,-1,-1
83,7,2024,566,520,276,1,-1,-1,-1
83,9,1150,418,572,440,1,-1,-1,-1
83,10,177,584,949,567,1,-1,-1,-1
83,11,243,471,328,528,1,-1,-1,-1
83,13,-9,542,392,460,1,-1,-1,-1
83,17,51,597,200,396,1,-1,-1,-1
84,0,223,515,768,612,1,-1,-1,-1
84,1,307,575,842,537,1,-1,-1,-1
84,4,2119,560,434,141,1,-1,-1,-1
84,7,2061,565,520,276,1,-1,-1,-1
84,9,1185,419,572,440,1,-1,-1,-1
84,10,223,586,949,567,1,-1,-1,-1
84,11,287,475,328,528,1,-1,-1,-1
84,13,4,548,392,460,1,-1,-1,-1
84,17,76,598,200,396,1,-1,-1,-1
85,0,237,516,768,612,1,-1,-1,-1
85,1,313,571,842,537,1,-1,-1,-1
85,4,2167,563,414,134,1,-1,-1,-1
85,7,2102,567,520,276,1,-1,-1,-1
85,9,1221,414,572,440,1,-1,-1,-1
85,10,218,579,949,567,1,-1,-1,-1
85,11,315,477,328,528,1,-1,-1,-1
85,13,30,547,392,460,1,-1,-1,-1
85,17,105,599,200,396,1,-1,-1,-1
86,0,266,521,768,612,1,-1,-1,-1
86,1,342,591,802,512,1,-1,-1,-1
86,4,2199,560,434,141,1,-1,-1,-1
86,7,2142,561,520,276,1,-1,-1,-1
86,9,1269,415,572,440,1,-1,-1,-1
86,10,310,599,904,540,1,-1,-1,-1
86,11,326,478,328,528,1,-1,-1,-1
86,13,50,562,392,460,1,-1,-1,-1
86,17,115,615,190,377,1,-1,-1,-1
87,0,276,512,768,612,1,-1,-1,-1
87,1,383,588,802,512,1,-1,-1,-1
87,4,2223,562,414,134,1,-1,-1,-1
87,7,2146,562,520,276,1,-1,-1,-1
87,9,1274,413,572,440,1,-1,-1,-1
87,10,280,579,949,567,1,-1,-1,-1
87,11,312,464,344,554,1,-1,-1,-1
87,13,50,554,392,460,1,-1,-1,-1
87,17,113,611,190,377,1,-1,-1,-1
88,0,284,512,768,612,1,-1,-1,-1
88,1,432,586,802,512,1,-1,-1,-1
88,4,2238,563,414,134,1,-1,-1,-1
88,7,2164,566,520,276,1,-1,-1,-1
88,9,1286,415,572,440,1,-1,-1,-1
88,10,287,581,949,567,1,-1,-1,-1
88,11,317,468,344,554,1,-1,-1,-1
88,13,52,555,392,460,1,-1,-1,-1
88,17,118,610,190,377,1,-1,-1,-1
89,0,232,588,876,536,1,-1,-1,-1
89,1,432,586,802,512,1,-1,-1,-1
89,4,2238,563,414,134,1,-1,-1,-1
89,7,2196,564,364,300,1,-1,-1,-1
89,9,1288,440,612,420,1,-1,-1,-1
89,10,287,581,949,567,1,-1,-1,-1
89,11,317,468,344,554,1,-1,-1,-1
89,13,52,555,392,460,1,-1,-1,-1
89,17,0,588,324,416,1,-1,-1,-1
89,18,0,508,128,144,1,-1,-1,-1
90,0,260,594,876,536,1,-1,-1,-1
90,1,465,583,802,512,1,-1,-1,-1
90,7,2262,572,347,286,1,-1,-1,-1
90,9,1342,437,612,420,1,-1,-1,-1
90,10,294,590,949,567,1,-1,-1,-1
90,11,284,443,362,582,1,-1,-1,-1
90,13,24,566,392,460,1,-1,-1,-1
90,17,27,587,324,416,1,-1,-1,-1
90,18,15,502,134,151,1,-1,-1,-1
91,0,252,592,920,563,1,-1,-1,-1
91,1,505,601,802,512,1,-1,-1,-1
91,7,2292,571,347,286,1,-1,-1,-1
91,9,1365,439,612,420,1,-1,-1,-1
91,10,360,558,997,595,1,-1,-1,-1
91,11,293,459,344,554,1,-1,-1,-1
91,13,13,573,392,460,1,-1,-1,-1
91,17,31,584,340,437,1,-1,-1,-1
91,18,26,503,134,151,1,-1,-1,-1
92,0,263,585,920,563,1,-1,-1,-1
92,1,523,593,802,512,1,-1,-1,-1
92,7,2313,571,347,286,1,-1,-1,-1
92,9,1387,440,612,420,1,-1,-1,-1
92,10,346,564,997,595,1,-1,-1,-1
92,11,296,461,344,554,1,-1,-1,-1
92,13,-6,569,412,483,1,-1,-1,-1
92,17,39,593,324,416,1,-1,-1,-1
92,18,31,501,134,151,1,-1,-1,-1
93,0,281,585,920,563,1,-1,-1,-1
93,1,574,597,764,487,1,-1,-1,-1
93,7,2341,571,347,286,1,-1,-1,-1
93,9,1414,439,612,420,1,-1,-1,-1
93,10,319,573,997,595,1,-1,-1,-1
93,11,285,456,344,554,1,-1,-1,-1
93,13,22,568,412,483,1,-1,-1,-1
93,17,57,599,324,416,1,-1,-1,-1
93,18,37,502,134,151,1,-1,-1,-1
94,0,294,603,876,536,1,-1,-1,-1
94,1,575,593,802,512,1,-1,-1,-1
94,7,2367,573,347,286,1,-1,-1,-1
94,9,1437,441,612,420,1,-1,-1,-1
94,10,318,593,949,567,1,-1,-1,-1
94,11,300,480,328,528,1,-1,-1,-1
94,13,44,570,412,483,1,-1,-1,-1
94,17,56,593,324,416,1,-1,-1,-1
94,18,32,500,141,159,1,-1,-1,-1
95,0,278,589,920,563,1,-1,-1,-1
95,1,598,605,764,487,1,-1,-1,-1
95,7,2386,571,347,286,1,-1,-1,-1
95,9,1446,441,612,420,1,-1,-1,-1
95,10,227,574,997,595,1,-1,-1,-1
95,11,298,487,328,528,1,-1,-1,-1
95,13,55,577,412,483,1,-1,-1,-1
95,17,62,602,309,396,1,-1,-1,-1
95,18,32,509,134,151,1,-1,-1,-1
96,0,259,574,966,591,1,-1,-1,-1
96,1,595,596,802,512,1,-1,-1,-1
96,7,2405,570,347,286,1,-1,-1,-1
96,9,1467,442,612,420,1,-1,-1,-1
96,10,231,556,997,595,1,-1,-1,-1
96,11,296,491,328,528,1,-1,-1,-1
96,13,67,578,412,483,1,-1,-1,-1
96,17,52,595,324,416,1,-1,-1,-1
96,18,32,509,134,151,1,-1,-1,-1
97,0,259,574,966,591,1,-1,-1,-1
97,1,595,596,802,512,1,-1,-1,-1
97,7,2405,570,347,286,1,-1,-1,-1
97,9,1500,448,612,404,1,-1,-1,-1
97,10,300,592,884,532,1,-1,-1,-1
97,11,296,491,328,528,1,-1,-1,-1
97,13,0,576,644,472,1,-1,-1,-1
97,17,52,595,324,416,1,-1,-1,-1
97,18,32,509,134,151,1,-1,-1,-1
97,19,2420,564,136,296,1,-1,-1,-1
97,20,1068,588,388,496,1,-1,-1,-1
97,21,0,464,236,132,1,-1,-1,-1
98,0,329,574,966,591,1,-1,-1,-1
98,1,658,584,802,512,1,-1,-1,-1
98,9,1530,447,612,404,1,-1,-1,-1
98,10,305,593,884,532,1,-1,-1,-1
98,11,294,471,344,554,1,-1,-1,-1
98,13,5,578,644,472,1,-1,-1,-1
98,17,60,590,324,416,1,-1,-1,-1
98,18,42,503,134,151,1,-1,-1,-1
98,19,2450,564,136,296,1,-1,-1,-1
98,20,1092,587,388,496,1,-1,-1,-1
98,21,19,466,236,132,1,-1,-1,-1
99,0,301,546,1014,620,1,-1,-1,-1
99,1,678,574,802,512,1,-1,-1,-1
99,9,1551,446,612,404,1,-1,-1,-1
99,10,308,597,884,532,1,-1,-1,-1
99,11,305,481,328,528,1,-1,-1,-1
99,13,33,593,613,450,1,-1,-1,-1
99,17,75,580,324,416,1,-1,-1,-1
99,18,58,503,128,144,1,-1,-1,-1
99,19,2475,565,136,296,1,-1,-1,-1
99,20,1106,588,388,496,1,-1,-1,-1
99,21,28,464,248,139,1,-1,-1,-1
100,0,277,563,1014,620,1,-1,-1,-1
100,1,673,567,842,537,1,-1,-1,-1
100,9,1565,450,612,404,1,-1,-1,-1
100,10,292,588,928,559,1,-1,-1,-1
100,11,307,481,328,528,1,-1,-1,-1
100,13,33,593,613,450,1,-1,-1,-1
100,17,67,578,324,416,1,-1,-1,-1
100,18,59,500,128,144,1,-1,-1,-1
100,19,2491,561,136,296,1,-1,-1,-1
100,20,1119,589,388,496,1,-1,-1,-1
100,21,42,468,248,139,1,-1,-1,-1
101,0,294,565,1014,620,1,-1,-1,-1
101,1,696,571,842,537,1,-1,-1,-1
101,9,1572,448,612,404,1,-1,-1,-1
101,10,291,589,928,559,1,-1,-1,-1
101,11,298,467,344,554,1,-1,-1,-1
101,13,41,600,613,450,1,-1,-1,-1
101,17,72,574,324,416,1,-1,-1,-1
101,18,54,502,128,144,1,-1,-1,-1
101,20,1131,588,388,496,1,-1,-1,-1
101,21,45,464,260,146,1,-1,-1,-1
102,0,322,572,1014,620,1,-1,-1,-1
102,1,735,572,842,537,1,-1,-1,-1
102,9,1601,447,612,404,1,-1,-1,-1
102,10,311,588,928,559,1,-1,-1,-1
102,11,317,480,328,528,1,-1,-1,-1
102,13,58,612,584,428,1,-1,-1,-1
102,17,84,577,324,416,1,-1,-1,-1
102,18,54,496,134,151,1,-1,-1,-1
102,20,1159,589,388,496,1,-1,-1,-1
102,21,20,455,260,146,1,-1,-1,-1
103,0,302,564,1014,620,1,-1,-1,-1
103,1,691,556,884,564,1,-1,-1,-1
103,9,1615,457,583,385,1,-1,-1,-1
103,10,331,608,884,532,1,-1,-1,-1
103,11,316,475,328,528,1,-1,-1,-1
103,13,67,614,584,428,1,-1,-1,-1
103,17,121,570,324,416,1,-1,-1,-1
103,18,56,496,134,151,1,-1,-1,-1
103,20,1175,591,388,496,1,-1,-1,-1
103,21,10,452,273,153,1,-1,-1,-1
104,1,663,542,928,592,1,-1,-1,-1
104,9,1628,457,583,385,1,-1,-1,-1
104,10,339,596,928,559,1,-1,-1,-1
104,11,311,477,328,528,1,-1,-1,-1
104,13,66,616,584,428,1,-1,-1,-1
104,18,57,498,134,151,1,-1,-1,-1
104,20,1187,595,388,496,1,-1,-1,-1
104,21,10,450,273,153,1,-1,-1,-1
105,1,772,540,820,536,1,-1,-1,-1
105,9,1624,444,624,400,1,-1,-1,-1
105,10,284,600,900,524,1,-1,-1,-1
105,11,311,477,328,528,1,-1,-1,-1
105,13,66,616,584,428,1,-1,-1,-1
105,18,0,492,188,204,1,-1,-1,-1
105,20,1187,595,388,496,1,-1,-1,-1
105,21,4,460,416,144,1,-1,-1,-1
105,22,0,432,32,68,1,-1,-1,-1
106,1,769,549,820,536,1,-1,-1,-1
106,9,1638,439,624,400,1,-1,-1,-1
106,10,294,602,900,524,1,-1,-1,-1
106,11,306,489,312,503,1,-1,-1,-1
106,13,44,617,584,428,1,-1,-1,-1
106,18,1,493,188,204,1,-1,-1,-1
106,20,1194,597,388,496,1,-1,-1,-1
106,21,14,462,416,144,1,-1,-1,-1
107,1,769,547,820,536,1,-1,-1,-1
107,9,1652,449,594,381,1,-1,-1,-1
107,10,313,608,857,499,1,-1,-1,-1
107,11,302,494,312,503,1,-1,-1,-1
107,13,32,619,584,428,1,-1,-1,-1
107,18,-1,491,188,204,1,-1,-1,-1
107,20,1198,597,388,496,1,-1,-1,-1
107,21,26,463,416,144,1,-1,-1,-1
108,1,775,548,820,536,1,-1,-1,-1
108,9,1647,437,624,400,1,-1,-1,-1
108,10,302,620,857,499,1,-1,-1,-1
108,11,305,506,298,479,1,-1,-1,-1
108,13,28,612,584,428,1,-1,-1,-1
108,18,-4,487,188,204,1,-1,-1,-1
108,20,1203,601,388,496,1,-1,-1,-1
108,21,26,460,437,151,1,-1,-1,-1
109,1,771,551,820,536,1,-1,-1,-1
109,9,1654,440,624,400,1,-1,-1,-1
109,10,278,609,900,524,1,-1,-1,-1
109,11,288,496,312,503,1,-1,-1,-1
109,13,23,615,584,428,1,-1,-1,-1
109,18,-7,486,188,204,1,-1,-1,-1
109,20,1222,604,388,496,1,-1,-1,-1
109,21,35,460,437,151,1,-1,-1,-1
110,1,815,562,781,510,1,-1,-1,-1
110,9,1676,449,624,400,1,-1,-1,-1
110,10,290,609,900,524,1,-1,-1,-1
110,11,282,492,312,503,1,-1,-1,-1
110,13,11,588,613,450,1,-1,-1,-1
110,18,-8,478,188,204,1,-1,-1,-1
110,20,1246,610,388,496,1,-1,-1,-1
110,21,87,464,416,144,1,-1,-1,-1
111,1,847,576,744,486,1,-1,-1,-1
111,9,1702,447,624,400,1,-1,-1,-1
111,10,293,611,900,524,1,-1,-1,-1
111,11,288,493,312,503,1,-1,-1,-1
111,13,44,576,613,450,1,-1,-1,-1
111,18,-4,477,188,204,1,-1,-1,-1
111,20,1263,613,388,496,1,-1,-1,-1
111,21,119,463,416,144,1,-1,-1,-1
112,1,830,566,781,510,1,-1,-1,-1
112,9,1730,454,594,381,1,-1,-1,-1
112,10,239,607,945,550,1,-1,-1,-1
112,11,303,504,298,479,1,-1,-1,-1
112,13,17,575,613,450,1,-1,-1,-1
112,18,-2,476,188,204,1,-1,-1,-1
112,20,1274,618,388,496,1,-1,-1,-1
112,21,126,460,437,151,1,-1,-1,-1
113,1,672,548,972,544,1,-1,-1,-1
113,9,1728,428,588,420,1,-1,-1,-1
113,10,232,596,880,524,1,-1,-1,-1
113,11,303,504,298,479,1,-1,-1,-1
113,13,17,575,613,450,1,-1,-1,-1
113,18,0,480,196,324,1,-1,-1,-1
113,20,1274,618,388,496,1,-1,-1,-1
113,21,126,460,437,151,1,-1,-1,-1
113,23,4,372,568,244,1,-1,-1,-1
114,1,673,551,972,544,1,-1,-1,-1
114,9,1753,430,588,420,1,-1,-1,-1
114,10,213,599,880,524,1,-1,-1,-1
114,11,292,498,298,479,1,-1,-1,-1
114,13,5,589,613,450,1,-1,-1,-1
114,18,1,481,196,324,1,-1,-1,-1
114,20,1267,612,388,496,1,-1,-1,-1
114,21,180,465,416,144,1,-1,-1,-1
114,23,18,377,568,244,1,-1,-1,-1
115,1,646,545,1021,571,1,-1,-1,-1
115,9,1765,429,588,420,1,-1,-1,-1
115,10,200,599,880,524,1,-1,-1,-1
115,11,287,500,298,479,1,-1,-1,-1
115,13,-10,583,613,450,1,-1,-1,-1
115,18,1,472,206,340,1,-1,-1,-1
115,20,1248,598,407,521,1,-1,-1,-1
115,21,189,466,437,151,1,-1,-1,-1
115,23,21,369,596,256,1,-1,-1,-1
116,1,689,555,972,544,1,-1,-1,-1
116,9,1781,429,588,420,1,-1,-1,-1
116,10,223,593,880,524,1,-1,-1,-1
116,11,281,494,312,503,1,-1,-1,-1
116,13,-1,587,613,450,1,-1,-1,-1
116,18,2,480,206,340,1,-1,-1,-1
116,20,1243,592,407,521,1,-1,-1,-1
116,21,201,468,437,151,1,-1,-1,-1
116,23,39,367,596,256,1,-1,-1,-1
117,1,688,558,972,544,1,-1,-1,-1
117,9,1793,427,588,420,1,-1,-1,-1
117,10,285,596,880,524,1,-1,-1,-1
117,13,-1,597,584,428,1,-1,-1,-1
117,18,6,485,206,340,1,-1,-1,-1
117,20,1241,586,407,521,1,-1,-1,-1
117,21,241,472,416,144,1,-1,-1,-1
117,23,53,368,596,256,1,-1,-1,-1
118,1,739,580,926,518,1,-1,-1,-1
118,9,1819,427,588,420,1,-1,-1,-1
118,10,199,578,924,550,1,-1,-1,-1
118,13,-18,596,613,450,1,-1,-1,-1
118,18,10,486,206,340,1,-1,-1,-1
118,20,1255,592,388,496,1,-1,-1,-1
118,21,267,470,416,144,1,-1,-1,-1
118,23,106,376,568,244,1,-1,-1,-1
119,1,753,583,882,493,1,-1,-1,-1
119,9,1828,422,588,420,1,-1,-1,-1
119,10,157,581,924,550,1,-1,-1,-1
119,13,-7,603,613,450,1,-1,-1,-1
119,18,11,489,206,340,1,-1,-1,-1
119,20,1263,589,388,496,1,-1,-1,-1
119,21,266,468,437,151,1,-1,-1,-1
119,23,95,366,596,256,1,-1,-1,-1
120,1,739,578,882,493,1,-1,-1,-1
120,9,1824,410,617,441,1,-1,-1,-1
120,10,151,575,924,550,1,-1,-1,-1
120,13,-22,606,613,450,1,-1,-1,-1
120,18,16,488,196,324,1,-1,-1,-1
120,20,1257,587,388,496,1,-1,-1,-1
120,21,266,466,459,159,1,-1,-1,-1
120,23,102,364,596,256,1,-1,-1,-1
121,1,756,536,920,548,1,-1,-1,-1
121,9,1868,432,564,408,1,-1,-1,-1
121,10,176,588,892,532,1,-1,-1,-1
121,13,-22,606,613,450,1,-1,-1,-1
121,18,0,488,216,396,1,-1,-1,-1
121,20,1257,587,388,496,1,-1,-1,-1
121,21,266,466,459,159,1,-1,-1,-1
121,23,102,364,596,256,1,-1,-1,-1
122,1,768,532,920,548,1,-1,-1,-1
122,9,1884,432,564,408,1,-1,-1,-1
122,10,180,580,892,532,1,-1,-1,-1
122,13,-36,590,644,472,1,-1,-1,-1
122,18,5,487,216,396,1,-1,-1,-1
122,20,1270,586,388,496,1,-1,-1,-1
122,21,320,466,459,159,1,-1,-1,-1
122,23,155,372,596,256,1,-1,-1,-1
123,1,778,553,876,522,1,-1,-1,-1
123,9,1894,427,564,408,1,-1,-1,-1
123,10,174,586,892,532,1,-1,-1,-1
123,13,-20,605,613,450,1,-1,-1,-1
123,18,3,475,227,416,1,-1,-1,-1
123,20,1274,594,388,496,1,-1,-1,-1
123,21,342,463,459,159,1,-1,-1,-1
123,23,184,376,568,244,1,-1,-1,-1
124,1,762,545,920,548,1,-1,-1,-1
124,9,1901,427,564,408,1,-1,-1,-1
124,10,209,580,892,532,1,-1,-1,-1
124,13,-33,601,613,450,1,-1,-1,-1
124,18,5,487,216,396,1,-1,-1,-1
124,20,1291,611,370,472,1,-1,-1,-1
124,21,346,466,459,159,1,-1,-1,-1
124,23,215,379,568,244,1,-1,-1,-1
125,1,758,543,920,548,1,-1,-1,-1
125,9,1912,429,564,408,1,-1,-1,-1
125,10,199,598,892,532,1,-1,-1,-1
125,13,-25,598,613,450,1,-1,-1,-1
125,18,7,488,216,396,1,-1,-1,-1
125,20,1288,611,370,472,1,-1,-1,-1
125,21,348,463,482,167,1,-1,-1,-1
125,23,204,370,596,256,1,-1,-1,-1
126,1,753,546,920,548,1,-1,-1,-1
126,9,1926,426,564,408,1,-1,-1,-1
126,10,195,608,892,532,1,-1,-1,-1
126,13,-42,594,613,450,1,-1,-1,-1
126,18,14,499,206,377,1,-1,-1,-1
126,20,1282,608,370,472,1,-1,-1,-1
126,21,398,471,459,159,1,-1,-1,-1
126,23,260,379,568,244,1,-1,-1,-1
127,1,754,545,920,548,1,-1,-1,-1
127,9,1945,430,564,408,1,-1,-1,-1
127,10,197,600,892,532,1,-1,-1,-1
127,13,-46,588,613,450,1,-1,-1,-1
127,18,7,504,206,377,1,-1,-1,-1
127,20,1282,606,370,472,1,-1,-1,-1
127,21,407,472,459,159,1,-1,-1,-1
127,23,268,379,568,244,1,-1,-1,-1
128,1,773,545,920,548,1,-1,-1,-1
128,9,1964,440,537,389,1,-1,-1,-1
128,10,209,609,892,532,1,-1,-1,-1
128,18,12,505,206,377,1,-1,-1,-1
128,20,1295,611,352,450,1,-1,-1,-1
128,21,435,472,459,159,1,-1,-1,-1
128,23,272,368,596,256,1,-1,-1,-1
129,1,864,560,812,524,1,-1,-1,-1
129,9,1964,436,560,408,1,-1,-1,-1
129,10,180,580,896,532,1,-1,-1,-1
129,18,0,488,232,400,1,-1,-1,-1
129,20,1295,611,352,450,1,-1,-1,-1
129,21,435,472,459,159,1,-1,-1,-1
129,23,276,392,608,224,1,-1,-1,-1
130,1,875,560,812,524,1,-1,-1,-1
130,9,1988,432,560,408,1,-1,-1,-1
130,10,185,574,896,532,1,-1,-1,-1
130,18,11,486,232,400,1,-1,-1,-1
130,20,1309,609,352,450,1,-1,-1,-1
130,21,485,469,459,159,1,-1,-1,-1
130,23,317,399,579,213,1,-1,-1,-1
131,1,876,563,812,524,1,-1,-1,-1
131,9,2002,431,560,408,1,-1,-1,-1
131,10,204,586,853,507,1,-1,-1,-1
131,18,20,485,232,400,1,-1,-1,-1
131,20,1312,609,352,450,1,-1,-1,-1
131,21,505,469,459,159,1,-1,-1,-1
131,23,330,402,579,213,1,-1,-1,-1
132,1,884,563,812,524,1,-1,-1,-1
132,9,2006,430,560,408,1,-1,-1,-1
132,10,187,579,896,532,1,-1,-1,-1
132,18,20,486,232,400,1,-1,-1,-1
132,20,1307,611,352,450,1,-1,-1,-1
132,21,526,468,459,159,1,-1,-1,-1
132,23,339,404,579,213,1,-1,-1,-1
133,1,881,567,812,524,1,-1,-1,-1
133,9,2011,430,560,408,1,-1,-1,-1
133,10,190,581,896,532,1,-1,-1,-1
133,18,10,473,244,420,1,-1,-1,-1
133,20,1300,609,352,450,1,-1,-1,-1
133,21,527,468,459,159,1,-1,-1,-1
133,23,338,399,608,224,1,-1,-1,-1
134,1,887,595,773,499,1,-1,-1,-1
134,9,2028,438,533,389,1,-1,-1,-1
134,10,179,577,896,532,1,-1,-1,-1
134,18,7,471,244,420,1,-1,-1,-1
134,20,1298,614,352,450,1,-1,-1,-1
134,21,539,469,459,159,1,-1,-1,-1
134,23,346,401,608,224,1,-1,-1,-1
135,1,878,595,773,499,1,-1,-1,-1
135,9,2027,445,533,389,1,-1,-1,-1
135,10,161,592,896,532,1,-1,-1,-1
135,18,4,469,244,420,1,-1,-1,-1
135,20,1293,621,352,450,1,-1,-1,-1
135,21,548,472,437,151,1,-1,-1,-1
135,23,351,408,579,213,1,-1,-1,-1
136,1,896,607,737,475,1,-1,-1,-1
136,9,2045,456,508,370,1,-1,-1,-1
136,10,164,608,853,507,1,-1,-1,-1
136,18,5,467,244,420,1,-1,-1,-1
136,20,1296,625,352,450,1,-1,-1,-1
136,21,563,470,437,151,1,-1,-1,-1
136,23,371,408,579,213,1,-1,-1,-1
137,1,652,564,1012,504,1,-1,-1,-1
137,9,2044,436,516,408,1,-1,-1,-1
137,10,132,588,912,528,1,-1,-1,-1
137,18,0,480,248,392,1,-1,-1,-1
137,20,1296,625,352,450,1,-1,-1,-1
137,21,563,470,437,151,1,-1,-1,-1
137,23,396,420,592,200,1,-1,-1,-1
138,1,632,553,1063,529,1,-1,-1,-1
138,9,2065,434,516,408,1,-1,-1,-1
138,10,138,586,912,528,1,-1,-1,-1
138,18,5,482,248,392,1,-1,-1,-1
138,20,1298,618,352,450,1,-1,-1,-1
138,21,620,473,416,144,1,-1,-1,-1
138,23,425,425,564,190,1,-1,-1,-1
139,1,637,548,1063,529,1,-1,-1,-1
139,9,2067,435,516,408,1,-1,-1,-1
139,10,143,577,912,528,1,-1,-1,-1
139,18,2,484,248,392,1,-1,-1,-1
139,20,1276,618,352,450,1,-1,-1,-1
139,21,625,469,416,144,1,-1,-1,-1
139,23,428,426,564,190,1,-1,-1,-1
140,1,630,556,1063,529,1,-1,-1,-1
140,9,2070,434,516,408,1,-1,-1,-1
140,10,108,574,958,554,1,-1,-1,-1
140,18,2,485,248,392,1,-1,-1,-1
140,20,1259,606,370,472,1,-1,-1,-1
140,21,632,468,416,144,1,-1,-1,-1
140,23,439,428,564,190,1,-1,-1,-1
141,1,627,558,1063,529,1,-1,-1,-1
141,9,2077,436,516,408,1,-1,-1,-1
141,10,112,582,958,554,1,-1,-1,-1
141,18,10,496,236,373,1,-1,-1,-1
141,20,1264,601,370,472,1,-1,-1,-1
141,21,633,461,437,151,1,-1,-1,-1
141,23,462,432,537,181,1,-1,-1,-1
142,1,647,560,1063,529,1,-1,-1,-1
142,9,2123,435,516,408,1,-1,-1,-1
142,10,157,596,912,528,1,-1,-1,-1
142,18,19,494,236,373,1,-1,-1,-1
142,20,1275,597,370,472,1,-1,-1,-1
142,21,675,460,437,151,1,-1,-1,-1
142,23,495,432,537,181,1,-1,-1,-1
143,1,658,543,1063,529,1,-1,-1,-1
143,9,2121,432,516,408,1,-1,-1,-1
143,10,173,611,869,503,1,-1,-1,-1
143,18,15,485,248,392,1,-1,-1,-1
143,20,1271,595,370,472,1,-1,-1,-1
143,21,670,462,437,151,1,-1,-1,-1
143,23,493,432,537,181,1,-1,-1,-1
144,1,648,538,1063,529,1,-1,-1,-1
144,9,2118,431,516,408,1,-1,-1,-1
144,10,175,604,869,503,1,-1,-1,-1
144,18,16,486,248,392,1,-1,-1,-1
144,20,1258,595,370,472,1,-1,-1,-1
144,21,683,466,416,144,1,-1,-1,-1
144,23,494,431,537,181,1,-1,-1,-1
145,1,780,556,812,528,1,-1,-1,-1
145,9,2148,440,412,408,1,-1,-1,-1
145,10,104,588,872,524,1,-1,-1,-1
145,18,0,480,284,228,1,-1,-1,-1
145,20,1258,595,370,472,1,-1,-1,-1
145,21,683,466,416,144,1,-1,-1,-1
145,23,484,424,596,192,1,-1,-1,-1
145,24,1096,560,624,404,1,-1,-1,-1
146,1,775,560,812,528,1,-1,-1,-1
146,9,2178,439,412,408,1,-1,-1,-1
146,10,109,581,872,524,1,-1,-1,-1
146,18,7,479,284,228,1,-1,-1,-1
146,20,1260,603,370,472,1,-1,-1,-1
146,21,718,469,416,144,1,-1,-1,-1
146,23,507,429,568,183,1,-1,-1,-1
146,24,1097,558,624,404,1,-1,-1,-1
147,1,796,574,773,503,1,-1,-1,-1
147,9,2188,437,412,408,1,-1,-1,-1
147,10,128,601,830,499,1,-1,-1,-1
147,18,5,480,284,228,1,-1,-1,-1
147,20,1259,604,370,472,1,-1,-1,-1
147,21,722,469,416,144,1,-1,-1,-1
147,23,524,435,541,174,1,-1,-1,-1
147,24,1086,558,624,404,1,-1,-1,-1
148,1,787,575,773,503,1,-1,-1,-1
148,9,2186,435,412,408,1,-1,-1,-1
148,10,102,581,872,524,1,-1,-1,-1
148,18,-1,479,284,228,1,-1,-1,-1
148,20,1229,606,370,472,1,-1,-1,-1
148,21,708,467,437,151,1,-1,-1,-1
148,23,509,431,568,183,1,-1,-1,-1
148,24,1079,556,624,404,1,-1,-1,-1
149,1,775,570,773,503,1,-1,-1,-1
149,9,2190,434,412,408,1,-1,-1,-1
149,10,117,582,872,524,1,-1,-1,-1
149,18,-9,480,284,228,1,-1,-1,-1
149,20,1219,609,370,472,1,-1,-1,-1
149,21,709,463,437,151,1,-1,-1,-1
149,23,517,429,568,183,1,-1,-1,-1
149,24,1059,550,655,424,1,-1,-1,-1
150,1,752,586,737,479,1,-1,-1,-1
150,9,2200,435,412,408,1,-1,-1,-1
150,10,100,592,872,524,1,-1,-1,-1
150,18,-16,481,284,228,1,-1,-1,-1
150,20,1214,615,352,450,1,-1,-1,-1
150,21,709,463,437,151,1,-1,-1,-1
150,23,515,425,596,192,1,-1,-1,-1
150,24,1045,543,655,424,1,-1,-1,-1
151,1,766,591,737,479,1,-1,-1,-1
151,9,2203,436,412,408,1,-1,-1,-1
151,10,100,601,830,499,1,-1,-1,-1
151,18,-20,479,284,228,1,-1,-1,-1
151,20,1213,607,352,450,1,-1,-1,-1
151,21,717,461,437,151,1,-1,-1,-1
151,23,510,424,596,192,1,-1,-1,-1
151,24,1030,541,655,424,1,-1,-1,-1
152,1,718,580,737,479,1,-1,-1,-1
152,9,2209,434,412,408,1,-1,-1,-1
152,10,88,595,830,499,1,-1,-1,-1
152,18,-17,479,284,228,1,-1,-1,-1
152,20,1210,608,352,450,1,-1,-1,-1
152,21,735,461,416,144,1,-1,-1,-1
152,23,528,429,568,183,1,-1,-1,-1
152,24,1016,535,655,424,1,-1,-1,-1
153,1,716,556,840,528,1,-1,-1,-1
153,9,2224,432,336,412,1,-1,-1,-1
153,10,20,592,876,512,1,-1,-1,-1
153,18,0,492,276,208,1,-1,-1,-1
153,20,1210,608,352,450,1,-1,-1,-1
153,21,532,428,620,180,1,-1,-1,-1
153,23,528,429,568,183,1,-1,-1,-1
153,24,1016,535,655,424,1,-1,-1,-1
153,25,1160,580,520,244,1,-1,-1,-1
154,1,697,552,840,528,1,-1,-1,-1
154,9,2223,433,336,412,1,-1,-1,-1
154,10,22,590,876,512,1,-1,-1,-1
154,18,-16,491,276,208,1,-1,-1,-1
154,20,1168,597,352,450,1,-1,-1,-1
154,21,529,429,620,180,1,-1,-1,-1
154,23,537,431,568,183,1,-1,-1,-1
154,24,994,534,655,424,1,-1,-1,-1
154,25,1142,583,520,244,1,-1,-1,-1
155,1,668,544,882,554,1,-1,-1,-1
155,9,2221,434,336,412,1,-1,-1,-1
155,10,11,588,876,512,1,-1,-1,-1
155,18,-22,492,276,208,1,-1,-1,-1
155,20,1152,596,352,450,1,-1,-1,-1
155,21,526,431,620,180,1,-1,-1,-1
155,23,530,433,568,183,1,-1,-1,-1
155,24,967,538,655,424,1,-1,-1,-1
155,25,1138,584,520,244,1,-1,-1,-1
156,1,680,559,840,528,1,-1,-1,-1
156,9,2217,429,353,433,1,-1,-1,-1
156,10,21,592,876,512,1,-1,-1,-1
156,18,-30,492,276,208,1,-1,-1,-1
156,20,1145,603,352,450,1,-1,-1,-1
156,21,524,432,620,180,1,-1,-1,-1
156,23,532,434,568,183,1,-1,-1,-1
156,24,963,538,655,424,1,-1,-1,-1
156,25,1129,590,520,244,1,-1,-1,-1
157,1,687,559,840,528,1,-1,-1,-1
157,9,2226,428,353,433,1,-1,-1,-1
157,10,1,587,876,512,1,-1,-1,-1
157,18,-40,492,276,208,1,-1,-1,-1
157,20,1147,607,352,450,1,-1,-1,-1
157,21,539,439,590,171,1,-1,-1,-1
157,23,523,433,568,183,1,-1,-1,-1
157,24,947,543,655,424,1,-1,-1,-1
157,25,1127,594,520,244,1,-1,-1,-1
158,1,688,566,840,528,1,-1,-1,-1
158,9,2243,437,336,412,1,-1,-1,-1
158,10,23,589,876,512,1,-1,-1,-1
158,18,-49,490,276,208,1,-1,-1,-1
158,20,1152,624,352,450,1,-1,-1,-1
158,21,550,442,590,171,1,-1,-1,-1
158,23,519,430,596,192,1,-1,-1,-1
158,24,935,550,655,424,1,-1,-1,-1
158,25,1109,592,546,256,1,-1,-1,-1
159,1,664,540,882,554,1,-1,-1,-1
159,9,2242,440,336,412,1,-1,-1,-1
159,10,-11,594,876,512,1,-1,-1,-1
159,18,-50,491,276,208,1,-1,-1,-1
159,20,1136,617,352,450,1,-1,-1,-1
159,21,535,440,620,180,1,-1,-1,-1
159,23,511,428,596,192,1,-1,-1,-1
159,24,924,555,655,424,1,-1,-1,-1
159,25,1098,599,546,256,1,-1,-1,-1
160,1,680,551,882,554,1,-1,-1,-1
160,9,2247,440,336,412,1,-1,-1,-1
160,10,5,605,834,488,1,-1,-1,-1
160,18,-49,491,276,208,1,-1,-1,-1
160,20,1120,623,335,428,1,-1,-1,-1
160,21,545,447,590,171,1,-1,-1,-1
160,23,521,430,596,192,1,-1,-1,-1
160,24,913,556,655,424,1,-1,-1,-1
160,25,1089,603,546,256,1,-1,-1,-1
161,1,552,564,960,512,1,-1,-1,-1
161,9,2244,428,316,420,1,-1,-1,-1
161,10,0,588,848,524,1,-1,-1,-1
161,18,-49,491,276,208,1,-1,-1,-1
161,20,1120,623,335,428,1,-1,-1,-1
161,21,532,440,636,180,1,-1,-1,-1
161,23,521,430,596,192,1,-1,-1,-1
161,24,913,556,655,424,1,-1,-1,-1
161,25,1089,603,546,256,1,-1,-1,-1
161,26,0,488,240,128,1,-1,-1,-1
162,1,571,556,1008,538,1,-1,-1,-1
162,9,2261,429,316,420,1,-1,-1,-1
162,10,1,581,848,524,1,-1,-1,-1
162,18,-41,497,276,208,1,-1,-1,-1
162,20,1080,606,352,450,1,-1,-1,-1
162,21,533,441,636,180,1,-1,-1,-1
162,23,529,433,596,192,1,-1,-1,-1
162,24,906,561,624,404,1,-1,-1,-1
162,25,1044,598,546,256,1,-1,-1,-1
162,26,3,489,240,128,1,-1,-1,-1
163,1,596,559,960,512,1,-1,-1,-1
163,9,2271,431,316,420,1,-1,-1,-1
163,10,-8,587,848,524,1,-1,-1,-1
163,18,-36,501,276,208,1,-1,-1,-1
163,20,1073,608,352,450,1,-1,-1,-1
163,21,525,441,636,180,1,-1,-1,-1
163,23,534,429,626,202,1,-1,-1,-1
163,24,911,573,594,385,1,-1,-1,-1
163,25,1054,595,546,256,1,-1,-1,-1
163,26,1,492,240,128,1,-1,-1,-1
164,1,589,558,960,512,1,-1,-1,-1
164,9,2268,428,316,420,1,-1,-1,-1
164,10,-13,581,848,524,1,-1,-1,-1
164,18,-40,503,276,208,1,-1,-1,-1
164,20,1062,601,352,450,1,-1,-1,-1
164,21,537,446,606,171,1,-1,-1,-1
164,23,532,432,626,202,1,-1,-1,-1
164,24,884,563,624,404,1,-1,-1,-1
164,26,-2,491,240,128,1,-1,-1,-1
165,1,604,569,914,488,1,-1,-1,-1
165,9,2268,432,316,420,1,-1,-1,-1
165,10,-29,587,848,524,1,-1,-1,-1
165,18,-48,501,276,208,1,-1,-1,-1
165,20,1044,607,352,450,1,-1,-1,-1
165,21,542,448,606,171,1,-1,-1,-1
165,23,534,434,626,202,1,-1,-1,-1
165,24,882,568,594,385,1,-1,-1,-1
165,26,-12,491,240,128,1,-1,-1,-1
166,1,528,561,960,512,1,-1,-1,-1
166,9,2255,419,332,441,1,-1,-1,-1
166,10,-25,607,808,499,1,-1,-1,-1
166,18,-62,502,263,198,1,-1,-1,-1
166,20,1022,605,352,450,1,-1,-1,-1
166,21,540,449,606,171,1,-1,-1,-1
166,23,532,437,626,202,1,-1,-1,-1
166,24,855,568,594,385,1,-1,-1,-1
166,26,-30,488,240,128,1,-1,-1,-1
167,1,555,573,960,512,1,-1,-1,-1
167,9,2255,424,332,441,1,-1,-1,-1
167,10,-11,619,769,475,1,-1,-1,-1
167,18,-64,501,263,198,1,-1,-1,-1
167,20,1007,602,352,450,1,-1,-1,-1
167,21,539,450,606,171,1,-1,-1,-1
167,23,544,441,596,192,1,-1,-1,-1
167,24,832,562,624,404,1,-1,-1,-1
167,26,-34,489,240,128,1,-1,-1,-1
168,1,571,579,960,512,1,-1,-1,-1
168,9,2258,418,332,441,1,-1,-1,-1
168,10,-26,627,769,475,1,-1,-1,-1
168,18,-64,502,263,198,1,-1,-1,-1
168,20,1006,604,352,450,1,-1,-1,-1
168,21,525,444,636,180,1,-1,-1,-1
168,23,539,444,568,183,1,-1,-1,-1
168,24,825,553,655,424,1,-1,-1,-1
168,26,-33,489,240,128,1,-1,-1,-1
169,1,256,548,1128,528,1,-1,-1,-1
169,9,2304,432,256,408,1,-1,-1,-1
169,10,0,596,740,520,1,-1,-1,-1
169,18,-64,502,263,198,1,-1,-1,-1
169,20,1006,604,352,450,1,-1,-1,-1
169,21,552,444,632,172,1,-1,-1,-1
169,23,539,444,568,183,1,-1,-1,-1
169,24,825,553,655,424,1,-1,-1,-1
169,26,-33,489,240,128,1,-1,-1,-1
169,27,1276,580,512,408,1,-1,-1,-1
170,1,219,527,1184,554,1,-1,-1,-1
170,9,2330,434,256,408,1,-1,-1,-1
170,10,5,596,740,520,1,-1,-1,-1
170,18,-36,504,263,198,1,-1,-1,-1
170,20,1023,606,352,450,1,-1,-1,-1
170,21,579,442,632,172,1,-1,-1,-1
170,23,574,439,596,192,1,-1,-1,-1
170,24,853,563,624,404,1,-1,-1,-1
170,26,-7,489,240,128,1,-1,-1,-1
170,27,1303,587,512,408,1,-1,-1,-1
171,1,266,539,1128,528,1,-1,-1,-1
171,9,2343,436,256,408,1,-1,-1,-1
171,10,12,599,740,520,1,-1,-1,-1
171,18,-36,506,263,198,1,-1,-1,-1
171,20,1022,607,352,450,1,-1,-1,-1
171,21,585,441,632,172,1,-1,-1,-1
171,23,576,440,596,192,1,-1,-1,-1
171,24,872,575,594,385,1,-1,-1,-1
171,26,-3,491,240,128,1,-1,-1,-1
171,27,1313,585,512,408,1,-1,-1,-1
172,1,261,539,1128,528,1,-1,-1,-1
172,9,2349,439,244,389,1,-1,-1,-1
172,10,-1,599,740,520,1,-1,-1,-1
172,18,-34,508,263,198,1,-1,-1,-1
172,20,1012,596,370,472,1,-1,-1,-1
172,21,576,438,664,181,1,-1,-1,-1
172,23,587,443,596,192,1,-1,-1,-1
172,24,880,582,566,366,1,-1,-1,-1
172,26,0,492,240,128,1,-1,-1,-1
172,27,1323,586,512,408,1,-1,-1,-1
173,1,255,531,1128,528,1,-1,-1,-1
173,9,2356,443,244,389,1,-1,-1,-1
173,10,-20,589,777,546,1,-1,-1,-1
173,18,-26,511,263,198,1,-1,-1,-1
173,20,1015,592,370,472,1,-1,-1,-1
173,21,578,438,664,181,1,-1,-1,-1
173,23,600,441,596,192,1,-1,-1,-1
173,24,882,587,566,366,1,-1,-1,-1
173,26,9,495,240,128,1,-1,-1,-1
173,27,1337,585,512,408,1,-1,-1,-1
174,1,272,523,1128,528,1,-1,-1,-1
174,9,2381,442,244,389,1,-1,-1,-1
174,10,-14,585,777,546,1,-1,-1,-1
174,18,-14,514,263,198,1,-1,-1,-1
174,20,1020,585,370,472,1,-1,-1,-1
174,21,595,444,664,181,1,-1,-1,-1
174,23,594,437,626,202,1,-1,-1,-1
174,24,862,562,594,385,1,-1,-1,-1
174,26,29,501,240,128,1,-1,-1,-1
174,27,1344,577,538,428,1,-1,-1,-1
175,1,251,508,1184,554,1,-1,-1,-1
175,9,2370,426,256,408,1,-1,-1,-1
175,10,9,588,777,546,1,-1,-1,-1
175,18,-11,516,263,198,1,-1,-1,-1
175,20,1019,583,370,472,1,-1,-1,-1
175,21,616,446,632,172,1,-1,-1,-1
175,23,613,441,596,192,1,-1,-1,-1
175,24,876,568,566,366,1,-1,-1,-1
175,26,29,500,240,128,1,-1,-1,-1
175,27,1351,583,538,428,1,-1,-1,-1
176,9,2351,432,256,408,1,-1,-1,-1
176,10,-3,592,777,546,1,-1,-1,-1
176,18,-12,515,263,198,1,-1,-1,-1
176,20,1025,598,352,450,1,-1,-1,-1
176,21,618,442,632,172,1,-1,-1,-1
176,23,635,441,596,192,1,-1,-1,-1
176,24,851,548,594,385,1,-1,-1,-1
176,26,24,497,252,134,1,-1,-1,-1
176,27,1355,579,538,428,1,-1,-1,-1
177,9,2351,432,256,408,1,-1,-1,-1
177,10,0,604,728,516,1,-1,-1,-1
177,18,-12,515,263,198,1,-1,-1,-1
177,20,1025,598,352,450,1,-1,-1,-1
177,21,618,442,632,172,1,-1,-1,-1
177,23,635,441,596,192,1,-1,-1,-1
177,24,851,548,594,385,1,-1,-1,-1
177,26,24,497,252,134,1,-1,-1,-1
177,27,1268,576,580,420,1,-1,-1,-1
177,28,348,524,996,560,1,-1,-1,-1
177,29,2416,424,144,212,1,-1,-1,-1
177,30,0,500,288,568,1,-1,-1,-1
178,9,2324,425,256,408,1,-1,-1,-1
178,10,0,609,728,516,1,-1,-1,-1
178,18,-1,511,263,198,1,-1,-1,-1
178,20,1017,602,352,450,1,-1,-1,-1
178,21,663,437,632,172,1,-1,-1,-1
178,23,663,443,568,183,1,-1,-1,-1
178,24,835,546,624,404,1,-1,-1,-1
178,26,35,496,252,134,1,-1,-1,-1
178,27,1283,579,580,420,1,-1,-1,-1
178,28,363,532,996,560,1,-1,-1,-1
178,29,2435,426,144,212,1,-1,-1,-1
178,30,9,500,288,568,1,-1,-1,-1
179,10,-8,610,728,516,1,-1,-1,-1
179,18,-1,512,263,198,1,-1,-1,-1
179,20,1012,604,352,450,1,-1,-1,-1
179,21,678,437,602,164,1,-1,-1,-1
179,23,674,444,568,183,1,-1,-1,-1
179,24,834,556,624,404,1,-1,-1,-1
179,26,39,495,252,134,1,-1,-1,-1
179,27,1295,575,580,420,1,-1,-1,-1
179,28,382,527,996,560,1,-1,-1,-1
179,29,2439,428,144,212,1,-1,-1,-1
179,30,8,501,288,568,1,-1,-1,-1
180,10,-24,595,764,542,1,-1,-1,-1
180,18,-1,513,263,198,1,-1,-1,-1
180,20,1009,606,352,450,1,-1,-1,-1
180,21,677,436,602,164,1,-1,-1,-1
180,23,678,442,568,183,1,-1,-1,-1
180,24,830,566,624,404,1,-1,-1,-1
180,26,36,496,252,134,1,-1,-1,-1
180,27,1299,572,580,420,1,-1,-1,-1
180,28,391,541,949,533,1,-1,-1,-1
180,29,2437,429,144,212,1,-1,-1,-1
180,30,-3,504,288,568,1,-1,-1,-1
181,10,-42,596,764,542,1,-1,-1,-1
181,18,-5,515,263,198,1,-1,-1,-1
181,20,1010,613,352,450,1,-1,-1,-1
181,21,661,431,632,172,1,-1,-1,-1
181,23,664,439,568,183,1,-1,-1,-1
181,24,815,564,624,404,1,-1,-1,-1
181,26,31,496,252,134,1,-1,-1,-1
181,27,1303,576,580,420,1,-1,-1,-1
181,28,393,563,903,508,1,-1,-1,-1
181,29,2436,432,144,212,1,-1,-1,-1
181,30,-21,507,288,568,1,-1,-1,-1
182,10,-18,613,728,516,1,-1,-1,-1
182,18,-5,518,263,198,1,-1,-1,-1
182,20,996,603,352,450,1,-1,-1,-1
182,21,679,433,632,172,1,-1,-1,-1
182,23,691,437,596,192,1,-1,-1,-1
182,24,792,553,624,404,1,-1,-1,-1
182,26,22,496,265,141,1,-1,-1,-1
182,27,1313,585,552,400,1,-1,-1,-1
182,28,395,538,949,533,1,-1,-1,-1
182,29,2437,432,144,212,1,-1,-1,-1
182,30,-37,512,288,568,1,-1,-1,-1
183,10,-38,619,728,516,1,-1,-1,-1
183,18,-7,524,263,198,1,-1,-1,-1
183,20,987,606,352,450,1,-1,-1,-1
183,21,682,438,632,172,1,-1,-1,-1
183,23,691,438,596,192,1,-1,-1,-1
183,24,793,554,624,404,1,-1,-1,-1
183,26,21,500,265,141,1,-1,-1,-1
183,27,1310,585,552,400,1,-1,-1,-1
183,28,337,531,996,560,1,-1,-1,-1
183,29,2437,431,144,212,1,-1,-1,-1
183,30,-36,528,274,541,1,-1,-1,-1
184,10,-43,620,728,516,1,-1,-1,-1
184,18,-14,524,263,198,1,-1,-1,-1
184,20,974,607,352,450,1,-1,-1,-1
184,21,680,433,632,172,1,-1,-1,-1
184,23,678,442,596,192,1,-1,-1,-1
184,24,778,563,624,404,1,-1,-1,-1
184,26,10,502,265,141,1,-1,-1,-1
184,27,1319,590,526,381,1,-1,-1,-1
184,28,326,529,996,560,1,-1,-1,-1
184,29,2426,425,151,223,1,-1,-1,-1
184,30,-47,529,288,568,1,-1,-1,-1
185,10,0,616,664,508,1,-1,-1,-1
185,18,-14,524,263,198,1,-1,-1,-1
185,20,974,607,352,450,1,-1,-1,-1
185,21,668,456,572,144,1,-1,-1,-1
185,23,678,442,596,192,1,-1,-1,-1
185,24,778,563,624,404,1,-1,-1,-1
185,26,0,500,272,172,1,-1,-1,-1
185,27,1136,540,704,464,1,-1,-1,-1
185,28,412,516,912,556,1,-1,-1,-1
185,29,2426,425,151,223,1,-1,-1,-1
185,30,-47,529,288,568,1,-1,-1,-1
185,31,2416,424,144,416,1,-1,-1,-1
186,10,-10,613,664,508,1,-1,-1,-1
186,18,-38,521,263,198,1,-1,-1,-1
186,20,924,601,352,450,1,-1,-1,-1
186,21,664,455,572,144,1,-1,-1,-1
186,23,650,433,626,202,1,-1,-1,-1
186,24,747,562,594,385,1,-1,-1,-1
186,26,-11,497,272,172,1,-1,-1,-1
186,27,1125,542,704,464,1,-1,-1,-1
186,28,388,514,912,556,1,-1,-1,-1
186,29,2408,414,151,223,1,-1,-1,-1
186,30,-75,529,288,568,1,-1,-1,-1
186,31,2416,432,137,396,1,-1,-1,-1
187,10,-21,615,664,508,1,-1,-1,-1
187,18,-42,520,263,198,1,-1,-1,-1
187,20,897,600,352,450,1,-1,-1,-1
187,21,655,457,572,144,1,-1,-1,-1
187,23,649,434,626,202,1,-1,-1,-1
187,24,722,545,624,404,1,-1,-1,-1
187,26,-14,496,272,172,1,-1,-1,-1
187,27,1123,539,704,464,1,-1,-1,-1
187,28,390,511,912,556,1,-1,-1,-1
187,29,2408,418,144,212,1,-1,-1,-1
187,30,-80,527,288,568,1,-1,-1,-1
187,31,2417,422,144,416,1,-1,-1,-1
188,10,-12,623,664,508,1,-1,-1,-1
188,18,-50,519,263,198,1,-1,-1,-1
188,20,880,603,352,450,1,-1,-1,-1
188,21,637,454,601,151,1,-1,-1,-1
188,23,652,442,596,192,1,-1,-1,-1
188,24,716,561,594,385,1,-1,-1,-1
188,26,-20,494,272,172,1,-1,-1,-1
188,27,1120,543,704,464,1,-1,-1,-1
188,28,383,505,912,556,1,-1,-1,-1
188,29,2401,410,151,223,1,-1,-1,-1
188,30,-94,531,288,568,1,-1,-1,-1
188,31,2416,418,144,416,1,-1,-1,-1
189,10,-39,606,697,533,1,-1,-1,-1
189,18,-55,517,263,198,1,-1,-1,-1
189,20,869,605,352,450,1,-1,-1,-1
189,21,645,455,572,144,1,-1,-1,-1
189,23,644,448,568,183,1,-1,-1,-1
189,24,703,567,594,385,1,-1,-1,-1
189,26,-27,493,272,172,1,-1,-1,-1
189,27,1097,529,739,487,1,-1,-1,-1
189,28,403,516,869,530,1,-1,-1,-1
189,29,2395,408,151,223,1,-1,-1,-1
189,31,2407,406,151,437,1,-1,-1,-1
190,10,-59,617,697,533,1,-1,-1,-1
190,18,-64,517,263,198,1,-1,-1,-1
190,20,854,612,352,450,1,-1,-1,-1
190,21,633,451,601,151,1,-1,-1,-1
190,23,655,454,541,174,1,-1,-1,-1
190,24,694,575,594,385,1,-1,-1,-1
190,26,-35,490,272,172,1,-1,-1,-1
190,27,1073,525,776,512,1,-1,-1,-1
190,28,383,534,869,530,1,-1,-1,-1
190,29,2382,403,151,223,1,-1,-1,-1
190,31,2391,409,151,437,1,-1,-1,-1
191,10,-75,611,697,533,1,-1,-1,-1
191,18,-78,517,263,198,1,-1,-1,-1
191,20,830,608,352,450,1,-1,-1,-1
191,21,632,455,601,151,1,-1,-1,-1
191,23,636,451,568,183,1,-1,-1,-1
191,24,666,584,594,385,1,-1,-1,-1
191,26,-37,492,272,172,1,-1,-1,-1
191,27,1080,528,776,512,1,-1,-1,-1
191,28,375,551,869,530,1,-1,-1,-1
191,29,2371,404,151,223,1,-1,-1,-1
191,31,2384,418,144,416,1,-1,-1,-1
192,10,-68,603,697,533,1,-1,-1,-1
192,18,-90,519,263,198,1,-1,-1,-1
192,20,807,612,352,450,1,-1,-1,-1
192,21,628,457,601,151,1,-1,-1,-1
192,23,635,451,568,183,1,-1,-1,-1
192,24,647,580,594,385,1,-1,-1,-1
192,26,-59,489,272,172,1,-1,-1,-1
192,27,1067,524,776,512,1,-1,-1,-1
192,28,376,564,827,504,1,-1,-1,-1
192,29,2355,402,151,223,1,-1,-1,-1
192,31,2363,421,144,416,1,-1,-1,-1
193,10,0,632,508,496,1,-1,-1,-1
193,18,-90,519,263,198,1,-1,-1,-1
193,20,807,612,352,450,1,-1,-1,-1
193,21,616,440,560,164,1,-1,-1,-1
193,23,635,451,568,183,1,-1,-1,-1
193,24,647,580,594,385,1,-1,-1,-1
193,26,0,496,220,176,1,-1,-1,-1
193,27,1044,540,748,472,1,-1,-1,-1
193,28,260,564,952,516,1,-1,-1,-1
193,29,2355,402,151,223,1,-1,-1,-1
193,31,2363,421,144,416,1,-1,-1,-1
193,32,2324,412,236,276,1,-1,-1,-1
193,33,112,504,204,136,1,-1,-1,-1
194,10,-34,636,508,496,1,-1,-1,-1
194,20,765,600,352,450,1,-1,-1,-1
194,21,604,439,560,164,1,-1,-1,-1
194,23,600,449,568,183,1,-1,-1,-1
194,24,582,557,624,404,1,-1,-1,-1
194,26,-18,496,220,176,1,-1,-1,-1
194,27,1032,541,748,472,1,-1,-1,-1
194,28,272,577,907,491,1,-1,-1,-1
194,29,2319,401,151,223,1,-1,-1,-1
194,31,2341,423,144,416,1,-1,-1,-1
194,32,2300,411,236,276,1,-1,-1,-1
194,33,99,503,204,136,1,-1,-1,-1
195,10,-53,630,508,496,1,-1,-1,-1
195,20,739,599,352,450,1,-1,-1,-1
195,21,589,439,560,164,1,-1,-1,-1
195,23,603,452,541,174,1,-1,-1,-1
195,24,560,555,624,404,1,-1,-1,-1
195,26,-33,496,220,176,1,-1,-1,-1
195,27,1019,539,748,472,1,-1,-1,-1
195,28,233,555,952,516,1,-1,-1,-1
195,29,2299,399,151,223,1,-1,-1,-1
195,31,2336,412,151,437,1,-1,-1,-1
195,32,2286,413,236,276,1,-1,-1,-1
195,33,80,495,214,143,1,-1,-1,-1
196,10,-56,630,508,496,1,-1,-1,-1
196,20,724,601,352,450,1,-1,-1,-1
196,21,585,440,560,164,1,-1,-1,-1
196,23,578,452,541,174,1,-1,-1,-1
196,24,546,540,655,424,1,-1,-1,-1
196,26,-43,497,220,176,1,-1,-1,-1
196,27,1011,536,748,472,1,-1,-1,-1
196,28,230,568,952,516,1,-1,-1,-1
196,29,2285,397,151,223,1,-1,-1,-1
196,31,2325,407,151,437,1,-1,-1,-1
196,32,2270,406,236,276,1,-1,-1,-1
196,33,58,489,225,150,1,-1,-1,-1
197,10,-72,626,508,496,1,-1,-1,-1
197,20,708,598,352,450,1,-1,-1,-1
197,21,574,442,560,164,1,-1,-1,-1
197,23,563,448,568,183,1,-1,-1,-1
197,24,536,549,624,404,1,-1,-1,-1
197,26,-57,495,220,176,1,-1,-1,-1
197,27,1003,529,748,472,1,-1,-1,-1
197,28,181,573,907,491,1,-1,-1,-1
197,29,2272,392,151,223,1,-1,-1,-1
197,31,2323,415,144,416,1,-1,-1,-1
197,32,2260,406,225,263,1,-1,-1,-1
197,33,48,490,236,157,1,-1,-1,-1
198,10,-115,641,508,496,1,-1,-1,-1
198,20,667,603,352,450,1,-1,-1,-1
198,21,537,437,588,172,1,-1,-1,-1
198,23,537,449,541,174,1,-1,-1,-1
198,24,482,558,624,404,1,-1,-1,-1
198,26,-72,497,210,168,1,-1,-1,-1
198,27,1013,545,712,450,1,-1,-1,-1
198,28,168,576,907,491,1,-1,-1,-1
198,29,2250,389,151,223,1,-1,-1,-1
198,32,2232,402,225,263,1,-1,-1,-1
198,33,33,490,236,157,1,-1,-1,-1
199,10,-143,649,508,496,1,-1,-1,-1
199,20,628,593,370,472,1,-1,-1,-1
199,21,524,433,617,181,1,-1,-1,-1
199,23,529,447,541,174,1,-1,-1,-1
199,24,479,553,624,404,1,-1,-1,-1
199,26,-83,496,210,168,1,-1,-1,-1
199,27,997,546,712,450,1,-1,-1,-1
199,28,169,588,863,468,1,-1,-1,-1
199,29,2236,385,151,223,1,-1,-1,-1
199,32,2221,401,214,250,1,-1,-1,-1
199,33,17,488,236,157,1,-1,-1,-1
200,10,-178,653,508,496,1,-1,-1,-1
200,20,610,590,370,472,1,-1,-1,-1
200,21,525,438,588,172,1,-1,-1,-1
200,23,524,445,541,174,1,-1,-1,-1
200,24,430,547,624,404,1,-1,-1,-1
200,26,-88,493,210,168,1,-1,-1,-1
200,27,1002,553,678,428,1,-1,-1,-1
200,28,166,605,822,446,1,-1,-1,-1
200,29,2225,387,151,223,1,-1,-1,-1
200,32,2210,402,214,250,1,-1,-1,-1
200,33,14,492,236,157,1,-1,-1,-1
201,10,0,648,288,464,1,-1,-1,-1
201,20,610,590,370,472,1,-1,-1,-1
201,21,525,438,588,172,1,-1,-1,-1
201,23,524,445,541,174,1,-1,-1,-1
201,24,376,460,756,544,1,-1,-1,-1
201,26,-88,493,210,168,1,-1,-1,-1
201,27,936,528,832,492,1,-1,-1,-1
201,28,96,544,872,536,1,-1,-1,-1
201,29,2225,387,151,223,1,-1,-1,-1
201,32,2210,402,214,250,1,-1,-1,-1
201,33,0,496,304,168,1,-1,-1,-1
201,34,2184,384,376,460,1,-1,-1,-1
202,10,-28,644,288,464,1,-1,-1,-1
202,20,567,601,370,472,1,-1,-1,-1
202,21,469,438,588,172,1,-1,-1,-1
202,23,505,446,541,174,1,-1,-1,-1
202,24,366,461,756,544,1,-1,-1,-1
202,26,-118,484,220,176,1,-1,-1,-1
202,27,929,525,832,492,1,-1,-1,-1
202,28,73,536,872,536,1,-1,-1,-1
202,29,2188,392,144,212,1,-1,-1,-1
202,32,2175,404,214,250,1,-1,-1,-1
202,33,-19,500,304,168,1,-1,-1,-1
202,34,2165,386,376,460,1,-1,-1,-1
203,10,-48,646,288,464,1,-1,-1,-1
203,20,532,599,370,472,1,-1,-1,-1
203,21,488,443,560,164,1,-1,-1,-1
203,23,505,448,541,174,1,-1,-1,-1
203,24,360,459,756,544,1,-1,-1,-1
203,26,-116,489,220,176,1,-1,-1,-1
203,27,904,537,832,492,1,-1,-1,-1
203,28,72,546,830,510,1,-1,-1,-1
203,29,2170,393,144,212,1,-1,-1,-1
203,32,2152,398,225,263,1,-1,-1,-1
203,33,-35,498,304,168,1,-1,-1,-1
203,34,2151,384,376,460,1,-1,-1,-1
204,10,-58,643,288,464,1,-1,-1,-1
204,20,519,598,370,472,1,-1,-1,-1
204,21,488,444,560,164,1,-1,-1,-1
204,23,495,446,541,174,1,-1,-1,-1
204,24,352,462,756,544,1,-1,-1,-1
204,26,-121,489,231,185,1,-1,-1,-1
204,27,924,547,792,469,1,-1,-1,-1
204,28,87,548,830,510,1,-1,-1,-1
204,29,2165,394,144,212,1,-1,-1,-1
204,32,2149,401,225,263,1,-1,-1,-1
204,33,-47,491,319,176,1,-1,-1,-1
204,34,2144,383,376,460,1,-1,-1,-1
205,10,-65,637,288,464,1,-1,-1,-1
205,20,513,593,370,472,1,-1,-1,-1
205,21,508,447,533,156,1,-1,-1,-1
205,23,477,441,568,183,1,-1,-1,-1
205,24,354,460,756,544,1,-1,-1,-1
205,26,-112,488,231,185,1,-1,-1,-1
205,27,920,543,792,469,1,-1,-1,-1
205,28,78,540,830,510,1,-1,-1,-1
205,29,2165,395,144,212,1,-1,-1,-1
205,32,2151,403,225,263,1,-1,-1,-1
205,33,-35,496,304,168,1,-1,-1,-1
205,34,2142,381,376,460,1,-1,-1,-1
206,10,-41,633,288,464,1,-1,-1,-1
206,20,510,590,370,472,1,-1,-1,-1
206,21,539,442,560,164,1,-1,-1,-1
206,24,355,477,720,518,1,-1,-1,-1
206,26,-120,487,243,194,1,-1,-1,-1
206,27,955,533,792,469,1,-1,-1,-1
206,28,80,540,830,510,1,-1,-1,-1
206,29,2165,394,151,223,1,-1,-1,-1
206,32,2154,404,225,263,1,-1,-1,-1
206,33,-38,492,304,168,1,-1,-1,-1
206,34,2130,368,395,483,1,-1,-1,-1
207,10,-42,670,274,442,1,-1,-1,-1
207,20,507,585,370,472,1,-1,-1,-1
207,21,529,441,560,164,1,-1,-1,-1
207,24,376,488,686,493,1,-1,-1,-1
207,26,-113,489,231,185,1,-1,-1,-1
207,27,938,525,832,492,1,-1,-1,-1
207,28,46,526,872,536,1,-1,-1,-1
207,29,2162,394,151,223,1,-1,-1,-1
207,32,2149,407,225,263,1,-1,-1,-1
207,33,-60,491,304,168,1,-1,-1,-1
207,34,2130,371,395,483,1,-1,-1,-1
208,10,-74,665,274,442,1,-1,-1,-1
208,20,485,573,370,472,1,-1,-1,-1
208,21,514,440,560,164,1,-1,-1,-1
208,24,324,478,686,493,1,-1,-1,-1
208,27,940,519,832,492,1,-1,-1,-1
208,28,43,523,872,536,1,-1,-1,-1
208,29,2148,388,159,234,1,-1,-1,-1
208,32,2135,405,225,263,1,-1,-1,-1
208,33,-71,494,290,160,1,-1,-1,-1
208,34,2117,367,395,483,1,-1,-1,-1
209,10,-74,665,274,442,1,-1,-1,-1
209,20,485,573,370,472,1,-1,-1,-1
209,21,516,456,516,144,1,-1,-1,-1
209,24,412,464,720,588,1,-1,-1,-1
209,27,944,516,764,496,1,-1,-1,-1
209,28,0,552,864,524,1,-1,-1,-1
209,29,2148,388,159,234,1,-1,-1,-1
209,32,2135,405,225,263,1,-1,-1,-1
209,33,-71,494,290,160,1,-1,-1,-1
209,34,2120,388,440,452,1,-1,-1,-1
209,35,0,664,96,464,1,-1,-1,-1
209,36,788,572,344,484,1,-1,-1,-1
210,10,-128,666,288,464,1,-1,-1,-1
210,20,448,578,370,472,1,-1,-1,-1
210,21,517,456,516,144,1,-1,-1,-1
210,24,418,468,720,588,1,-1,-1,-1
210,27,958,523,764,496,1,-1,-1,-1
210,28,-7,550,864,524,1,-1,-1,-1
210,29,2140,392,159,234,1,-1,-1,-1
210,32,2128,416,214,250,1,-1,-1,-1
210,33,-95,494,290,160,1,-1,-1,-1
210,34,2119,388,440,452,1,-1,-1,-1
210,35,3,682,91,442,1,-1,-1,-1
210,36,799,574,344,484,1,-1,-1,-1
211,10,-119,678,274,442,1,-1,-1,-1
211,20,444,586,370,472,1,-1,-1,-1
211,21,542,461,491,137,1,-1,-1,-1
211,24,442,483,686,560,1,-1,-1,-1
211,27,980,531,728,472,1,-1,-1,-1
211,28,-10,558,864,524,1,-1,-1,-1
211,29,2137,391,159,234,1,-1,-1,-1
211,32,2127,411,214,250,1,-1,-1,-1
211,33,-118,491,304,168,1,-1,-1,-1
211,34,2122,388,440,452,1,-1,-1,-1
211,35,-3,682,91,442,1,-1,-1,-1
211,36,810,577,344,484,1,-1,-1,-1
212,10,-121,673,274,442,1,-1,-1,-1
212,20,447,590,370,472,1,-1,-1,-1
212,21,557,463,468,131,1,-1,-1,-1
212,24,429,470,720,588,1,-1,-1,-1
212,27,990,532,728,472,1,-1,-1,-1
212,28,9,569,823,499,1,-1,-1,-1
212,29,2136,391,159,234,1,-1,-1,-1
212,32,2128,412,214,250,1,-1,-1,-1
212,33,-123,497,304,168,1,-1,-1,-1
212,34,2123,391,440,452,1,-1,-1,-1
212,35,-3,696,91,442,1,-1,-1,-1
212,36,818,577,344,484,1,-1,-1,-1
213,10,-115,684,261,421,1,-1,-1,-1
213,20,443,596,370,472,1,-1,-1,-1
213,21,553,461,491,137,1,-1,-1,-1
213,24,425,465,756,617,1,-1,-1,-1
213,27,1000,533,728,472,1,-1,-1,-1
213,28,7,574,823,499,1,-1,-1,-1
213,29,2137,394,159,234,1,-1,-1,-1
213,32,2133,412,214,250,1,-1,-1,-1
213,34,2120,394,440,452,1,-1,-1,-1
213,36,820,563,361,508,1,-1,-1,-1
214,20,435,594,370,472,1,-1,-1,-1
214,21,561,461,491,137,1,-1,-1,-1
214,24,417,466,756,617,1,-1,-1,-1
214,27,1038,537,693,450,1,-1,-1,-1
214,28,13,572,823,499,1,-1,-1,-1
214,29,2140,402,151,223,1,-1,-1,-1
214,32,2134,413,214,250,1,-1,-1,-1
214,34,2120,389,440,452,1,-1,-1,-1
214,36,855,575,344,484,1,-1,-1,-1
215,20,420,589,370,472,1,-1,-1,-1
215,21,581,462,468,131,1,-1,-1,-1
215,24,423,463,756,617,1,-1,-1,-1
215,27,1041,551,660,428,1,-1,-1,-1
215,28,7,574,823,499,1,-1,-1,-1
215,29,2140,402,151,223,1,-1,-1,-1
215,32,2133,417,214,250,1,-1,-1,-1
215,34,2109,375,462,475,1,-1,-1,-1
215,36,865,571,344,484,1,-1,-1,-1
216,20,424,598,352,450,1,-1,-1,-1
216,21,594,466,446,124,1,-1,-1,-1
216,24,417,461,756,617,1,-1,-1,-1
216,27,1065,544,660,428,1,-1,-1,-1
216,28,-37,566,823,499,1,-1,-1,-1
216,29,2137,401,151,223,1,-1,-1,-1
216,32,2130,413,214,250,1,-1,-1,-1
216,34,2108,374,462,475,1,-1,-1,-1
216,36,865,567,344,484,1,-1,-1,-1
217,20,424,598,352,450,1,-1,-1,-1
217,21,572,468,472,128,1,-1,-1,-1
217,24,516,492,756,572,1,-1,-1,-1
217,27,968,508,792,512,1,-1,-1,-1
217,28,0,556,852,520,1,-1,-1,-1
217,29,2137,401,151,223,1,-1,-1,-1
217,32,2130,413,214,250,1,-1,-1,-1
217,34,2116,416,440,432,1,-1,-1,-1
217,36,865,567,344,484,1,-1,-1,-1
