1,0,1004,644,280,400,1,-1,-1,-1
1,1,1940,568,228,392,1,-1,-1,-1
1,2,1520,612,196,336,1,-1,-1,-1
1,3,1656,596,212,356,1,-1,-1,-1
1,4,1392,624,200,324,1,-1,-1,-1
1,5,1820,592,124,308,1,-1,-1,-1
2,0,1004,640,280,400,1,-1,-1,-1
2,1,1946,568,228,392,1,-1,-1,-1
2,2,1523,615,196,336,1,-1,-1,-1
2,3,1662,601,212,356,1,-1,-1,-1
2,4,1394,625,200,324,1,-1,-1,-1
2,5,1828,594,124,308,1,-1,-1,-1
3,0,1005,640,280,400,1,-1,-1,-1
3,1,1961,566,228,392,1,-1,-1,-1
3,2,1526,621,196,336,1,-1,-1,-1
3,3,1689,615,202,339,1,-1,-1,-1
3,4,1394,628,200,324,1,-1,-1,-1
4,0,994,640,280,400,1,-1,-1,-1
4,1,1974,564,228,392,1,-1,-1,-1
4,2,1528,628,196,336,1,-1,-1,-1
4,3,1696,623,202,339,1,-1,-1,-1
4,4,1391,633,200,324,1,-1,-1,-1
5,0,989,640,280,400,1,-1,-1,-1
5,1,1987,569,217,373,1,-1,-1,-1
5,3,1694,617,212,356,1,-1,-1,-1
5,4,1396,636,200,324,1,-1,-1,-1
6,0,985,649,280,400,1,-1,-1,-1
6,1,1997,577,207,356,1,-1,-1,-1
6,3,1689,616,212,356,1,-1,-1,-1
6,4,1391,635,200,324,1,-1,-1,-1
7,0,983,659,280,400,1,-1,-1,-1
7,1,2003,567,217,373,1,-1,-1,-1
8,0,981,665,280,400,1,-1,-1,-1
8,1,2011,569,217,373,1,-1,-1,-1
9,0,960,688,280,364,1,-1,-1,-1
9,1,2040,636,172,328,1,-1,-1,-1
9,6,1212,644,320,356,1,-1,-1,-1
9,7,1652,604,228,304,1,-1,-1,-1
9,8,1912,664,156,300,1,-1,-1,-1
9,9,1528,672,248,320,1,-1,-1,-1
9,10,1388,616,172,300,1,-1,-1,-1
10,0,956,687,280,364,1,-1,-1,-1
10,1,2044,644,172,328,1,-1,-1,-1
10,6,1208,649,320,356,1,-1,-1,-1
10,7,1646,596,239,319,1,-1,-1,-1
10,8,1916,661,156,300,1,-1,-1,-1
10,9,1525,667,248,320,1,-1,-1,-1
10,10,1387,615,172,300,1,-1,-1,-1
11,0,948,685,280,364,1,-1,-1,-1
11,1,2050,652,172,328,1,-1,-1,-1
11,6,1206,647,320,356,1,-1,-1,-1
11,7,1647,598,239,319,1,-1,-1,-1
11,8,1924,666,149,286,1,-1,-1,-1
11,9,1525,666,248,320,1,-1,-1,-1
11,10,1386,615,172,300,1,-1,-1,-1
12,0,937,671,294,382,1,-1,-1,-1
12,1,2053,660,172,328,1,-1,-1,-1
12,6,1200,649,320,356,1,-1,-1,-1
12,7,1643,599,239,319,1,-1,-1,-1
12,8,1924,668,149,286,1,-1,-1,-1
12,9,1517,671,248,320,1,-1,-1,-1
12,10,1380,617,172,300,1,-1,-1,-1
13,0,933,663,294,382,1,-1,-1,-1
13,6,1191,653,320,356,1,-1,-1,-1
13,7,1635,606,239,319,1,-1,-1,-1
13,8,1920,677,149,286,1,-1,-1,-1
13,9,1517,681,236,305,1,-1,-1,-1
13,10,1373,622,172,300,1,-1,-1,-1
14,0,941,672,280,364,1,-1,-1,-1
14,7,1629,613,239,319,1,-1,-1,-1
14,9,1517,686,236,305,1,-1,-1,-1
14,10,1370,626,172,300,1,-1,-1,-1
15,0,940,670,280,364,1,-1,-1,-1
16,0,939,677,280,364,1,-1,-1,-1
17,0,944,680,320,364,1,-1,-1,-1
17,11,1596,664,332,324,1,-1,-1,-1
17,12,2012,708,228,292,1,-1,-1,-1
17,13,1876,680,168,288,1,-1,-1,-1
17,14,1192,676,256,308,1,-1,-1,-1
17,15,1484,672,172,328,1,-1,-1,-1
17,16,1368,668,164,300,1,-1,-1,-1
18,0,950,682,320,364,1,-1,-1,-1
18,11,1593,665,332,324,1,-1,-1,-1
18,12,2005,705,228,292,1,-1,-1,-1
18,13,1871,682,168,288,1,-1,-1,-1
18,14,1191,675,256,308,1,-1,-1,-1
18,15,1479,676,172,328,1,-1,-1,-1
18,16,1366,667,164,300,1,-1,-1,-1
19,0,947,682,320,364,1,-1,-1,-1
19,11,1578,665,332,324,1,-1,-1,-1
19,12,1994,697,228,292,1,-1,-1,-1
19,14,1183,678,256,308,1,-1,-1,-1
19,15,1468,680,172,328,1,-1,-1,-1
19,16,1362,669,164,300,1,-1,-1,-1
20,0,953,687,305,347,1,-1,-1,-1
20,11,1569,665,332,324,1,-1,-1,-1
20,12,1989,696,228,292,1,-1,-1,-1
20,14,1184,681,256,308,1,-1,-1,-1
20,15,1464,688,164,312,1,-1,-1,-1
20,16,1358,670,164,300,1,-1,-1,-1
21,0,951,683,305,347,1,-1,-1,-1
21,11,1559,663,332,324,1,-1,-1,-1
21,12,1975,687,239,307,1,-1,-1,-1
21,14,1182,684,256,308,1,-1,-1,-1
21,15,1456,687,164,312,1,-1,-1,-1
21,16,1356,673,164,300,1,-1,-1,-1
22,0,952,677,305,347,1,-1,-1,-1
22,11,1534,649,349,340,1,-1,-1,-1
22,12,1964,690,239,307,1,-1,-1,-1
22,14,1185,687,256,308,1,-1,-1,-1
22,15,1448,687,164,312,1,-1,-1,-1
23,0,958,676,305,347,1,-1,-1,-1
23,11,1532,657,332,324,1,-1,-1,-1
23,12,1960,692,239,307,1,-1,-1,-1
23,14,1193,699,244,293,1,-1,-1,-1
24,0,960,675,305,347,1,-1,-1,-1
24,11,1523,649,332,324,1,-1,-1,-1
24,12,1949,695,239,307,1,-1,-1,-1
24,14,1194,704,244,293,1,-1,-1,-1
25,0,960,664,256,340,1,-1,-1,-1
25,11,1504,644,244,300,1,-1,-1,-1
25,12,1932,700,232,316,1,-1,-1,-1
25,14,1192,660,292,328,1,-1,-1,-1
25,17,1812,704,160,216,1,-1,-1,-1
25,18,1360,664,232,288,1,-1,-1,-1
26,0,970,675,244,324,1,-1,-1,-1
26,11,1501,645,244,300,1,-1,-1,-1
26,12,1930,702,232,316,1,-1,-1,-1
26,14,1192,660,292,328,1,-1,-1,-1
26,17,1808,703,160,216,1,-1,-1,-1
26,18,1359,663,232,288,1,-1,-1,-1
27,0,979,679,244,324,1,-1,-1,-1
27,11,1501,650,232,286,1,-1,-1,-1
27,12,1930,712,221,301,1,-1,-1,-1
27,14,1194,656,292,328,1,-1,-1,-1
27,17,1792,702,168,227,1,-1,-1,-1
27,18,1359,661,232,288,1,-1,-1,-1
28,0,984,681,244,324,1,-1,-1,-1
28,11,1498,650,232,286,1,-1,-1,-1
28,12,1912,711,221,301,1,-1,-1,-1
28,14,1194,656,292,328,1,-1,-1,-1
28,17,1784,705,168,227,1,-1,-1,-1
28,18,1359,662,221,274,1,-1,-1,-1
29,0,983,678,244,324,1,-1,-1,-1
29,11,1485,645,244,300,1,-1,-1,-1
29,12,1905,714,221,301,1,-1,-1,-1
29,17,1780,707,168,227,1,-1,-1,-1
29,18,1357,660,221,274,1,-1,-1,-1
30,0,982,674,244,324,1,-1,-1,-1
30,11,1481,645,244,300,1,-1,-1,-1
31,0,986,677,232,308,1,-1,-1,-1
31,11,1473,650,244,300,1,-1,-1,-1
32,0,986,674,232,308,1,-1,-1,-1
32,11,1476,652,244,300,1,-1,-1,-1
33,0,992,696,304,276,1,-1,-1,-1
33,11,1476,652,244,300,1,-1,-1,-1
33,19,1240,708,212,220,1,-1,-1,-1
33,20,1752,736,152,204,1,-1,-1,-1
33,21,1852,692,200,260,1,-1,-1,-1
34,0,1006,694,304,276,1,-1,-1,-1
34,19,1243,708,212,220,1,-1,-1,-1
34,20,1746,735,152,204,1,-1,-1,-1
34,21,1841,684,210,273,1,-1,-1,-1
35,0,1009,696,304,276,1,-1,-1,-1
35,19,1244,708,212,220,1,-1,-1,-1
35,20,1740,733,152,204,1,-1,-1,-1
35,21,1835,680,210,273,1,-1,-1,-1
36,0,1013,700,290,263,1,-1,-1,-1
36,19,1246,710,212,220,1,-1,-1,-1
36,20,1731,729,152,204,1,-1,-1,-1
36,21,1825,677,210,273,1,-1,-1,-1
37,19,1251,715,212,220,1,-1,-1,-1
37,21,1827,684,200,260,1,-1,-1,-1
38,19,1255,719,212,220,1,-1,-1,-1
41,22,1800,712,236,240,1,-1,-1,-1
41,23,1020,732,268,240,1,-1,-1,-1
41,24,1700,712,136,200,1,-1,-1,-1
41,25,1280,728,216,216,1,-1,-1,-1
41,26,1460,684,208,224,1,-1,-1,-1
42,22,1801,717,225,229,1,-1,-1,-1
42,23,1025,731,268,240,1,-1,-1,-1
42,24,1689,712,136,200,1,-1,-1,-1
42,25,1287,728,216,216,1,-1,-1,-1
42,26,1459,686,208,224,1,-1,-1,-1
43,22,1785,715,225,229,1,-1,-1,-1
43,23,1020,734,268,240,1,-1,-1,-1
43,24,1680,720,130,190,1,-1,-1,-1
43,26,1455,688,208,224,1,-1,-1,-1
44,22,1779,713,225,229,1,-1,-1,-1
44,23,1019,736,268,240,1,-1,-1,-1
44,24,1677,721,130,190,1,-1,-1,-1
44,26,1455,691,208,224,1,-1,-1,-1
45,24,1675,729,123,181,1,-1,-1,-1
45,26,1457,698,198,213,1,-1,-1,-1
46,26,1457,704,198,213,1,-1,-1,-1
47,26,1461,712,189,203,1,-1,-1,-1
49,27,1024,744,272,228,1,-1,-1,-1
49,28,1732,724,184,196,1,-1,-1,-1
49,29,1276,740,168,184,1,-1,-1,-1
50,27,1029,743,272,228,1,-1,-1,-1
50,28,1735,724,184,196,1,-1,-1,-1
50,29,1278,741,168,184,1,-1,-1,-1
51,27,1031,740,272,228,1,-1,-1,-1
51,28,1731,722,193,206,1,-1,-1,-1
51,29,1282,746,168,184,1,-1,-1,-1
52,28,1730,724,193,206,1,-1,-1,-1
52,29,1286,751,160,175,1,-1,-1,-1
53,29,1287,753,160,175,1,-1,-1,-1
57,30,1456,720,224,184,1,-1,-1,-1
58,30,1452,720,235,193,1,-1,-1,-1
59,30,1452,721,235,193,1,-1,-1,-1
60,30,1452,726,235,193,1,-1,-1,-1
61,30,1454,733,224,184,1,-1,-1,-1
62,30,1447,731,235,193,1,-1,-1,-1
65,31,1648,748,256,204,1,-1,-1,-1
65,32,948,772,236,244,1,-1,-1,-1
66,31,1647,749,256,204,1,-1,-1,-1
66,32,951,771,236,244,1,-1,-1,-1
67,31,1642,749,256,204,1,-1,-1,-1
67,32,939,778,225,232,1,-1,-1,-1
68,32,946,785,214,221,1,-1,-1,-1
73,33,1256,808,352,180,1,-1,-1,-1
74,33,1262,809,352,180,1,-1,-1,-1
81,34,1612,796,260,164,1,-1,-1,-1
81,35,936,868,212,120,1,-1,-1,-1
81,36,1284,824,256,116,1,-1,-1,-1
81,37,1512,804,116,136,1,-1,-1,-1
82,34,1609,795,273,172,1,-1,-1,-1
82,36,1281,827,256,116,1,-1,-1,-1
82,37,1509,806,116,136,1,-1,-1,-1
83,34,1601,796,273,172,1,-1,-1,-1
83,36,1280,829,256,116,1,-1,-1,-1
83,37,1506,807,116,136,1,-1,-1,-1
97,38,984,952,264,132,1,-1,-1,-1
97,39,1672,764,260,156,1,-1,-1,-1
97,40,1284,812,312,160,1,-1,-1,-1
98,38,1000,948,264,132,1,-1,-1,-1
98,39,1688,762,260,156,1,-1,-1,-1
98,40,1298,813,312,160,1,-1,-1,-1
99,38,1023,941,264,132,1,-1,-1,-1
99,39,1691,755,273,164,1,-1,-1,-1
121,41,1080,660,248,152,1,-1,-1,-1
122,41,1067,663,248,152,1,-1,-1,-1
129,42,852,752,304,200,1,-1,-1,-1
129,43,2060,548,184,156,1,-1,-1,-1
129,44,1216,732,312,236,1,-1,-1,-1
129,45,1540,612,284,256,1,-1,-1,-1
129,46,1644,568,180,136,1,-1,-1,-1
129,47,16,44,2492,1200,1,-1,-1,-1
130,42,831,762,304,200,1,-1,-1,-1
130,43,2093,542,184,156,1,-1,-1,-1
130,44,1202,735,312,236,1,-1,-1,-1
130,45,1554,613,284,256,1,-1,-1,-1
130,46,1646,576,180,136,1,-1,-1,-1
130,47,42,27,2492,1200,1,-1,-1,-1
131,42,810,768,304,200,1,-1,-1,-1
131,43,2108,538,184,156,1,-1,-1,-1
131,45,1549,607,298,269,1,-1,-1,-1
131,46,1645,581,180,136,1,-1,-1,-1
131,47,50,21,2492,1200,1,-1,-1,-1
132,43,2139,531,184,156,1,-1,-1,-1
132,47,63,20,2492,1200,1,-1,-1,-1
133,43,2170,524,184,156,1,-1,-1,-1
133,47,136,11,2492,1200,1,-1,-1,-1
134,43,2197,523,175,149,1,-1,-1,-1
134,47,127,13,2492,1200,1,-1,-1,-1
135,43,2232,521,175,149,1,-1,-1,-1
135,47,216,36,2373,1143,1,-1,-1,-1
136,43,2269,514,175,149,1,-1,-1,-1
136,47,285,51,2373,1143,1,-1,-1,-1
137,43,2268,504,180,136,1,-1,-1,-1
137,47,285,51,2373,1143,1,-1,-1,-1
137,48,664,760,296,244,1,-1,-1,-1
137,49,972,812,360,196,1,-1,-1,-1
137,50,320,880,68,64,1,-1,-1,-1
138,43,2311,502,180,136,1,-1,-1,-1
138,48,657,769,296,244,1,-1,-1,-1
138,49,959,823,343,187,1,-1,-1,-1
139,43,2355,500,180,136,1,-1,-1,-1
139,48,623,783,296,244,1,-1,-1,-1
140,43,2377,499,180,136,1,-1,-1,-1
140,48,612,790,296,244,1,-1,-1,-1
169,51,2356,388,136,88,1,-1,-1,-1
169,52,920,1036,128,124,1,-1,-1,-1
169,53,1924,376,48,36,1,-1,-1,-1
170,51,2358,393,136,88,1,-1,-1,-1
170,52,971,1047,128,124,1,-1,-1,-1
171,51,2359,403,136,88,1,-1,-1,-1
171,52,1020,1059,128,124,1,-1,-1,-1
172,51,2355,407,143,92,1,-1,-1,-1
172,52,1045,1067,128,124,1,-1,-1,-1
173,52,1098,1080,128,124,1,-1,-1,-1
174,52,1147,1098,128,124,1,-1,-1,-1
175,52,1170,1109,128,124,1,-1,-1,-1
176,52,1214,1126,128,124,1,-1,-1,-1
177,52,1214,1126,128,124,1,-1,-1,-1
185,54,264,292,72,44,1,-1,-1,-1
193,55,1164,736,140,140,1,-1,-1,-1
193,56,868,788,232,144,1,-1,-1,-1
193,57,2188,776,104,84,1,-1,-1,-1
193,58,1484,652,192,112,1,-1,-1,-1
193,59,1332,776,164,108,1,-1,-1,-1
193,60,788,680,128,112,1,-1,-1,-1
194,55,1166,736,140,140,1,-1,-1,-1
194,56,869,791,232,144,1,-1,-1,-1
194,58,1485,659,192,112,1,-1,-1,-1
194,59,1330,783,164,108,1,-1,-1,-1
194,60,792,680,128,112,1,-1,-1,-1
195,55,1168,743,140,140,1,-1,-1,-1
195,59,1329,794,164,108,1,-1,-1,-1
195,60,793,676,128,112,1,-1,-1,-1
196,55,1170,748,140,140,1,-1,-1,-1
196,59,1327,797,164,108,1,-1,-1,-1
196,60,793,674,128,112,1,-1,-1,-1
197,55,1172,751,140,140,1,-1,-1,-1
197,59,1327,806,164,108,1,-1,-1,-1
198,55,1176,756,140,140,1,-1,-1,-1
198,59,1324,813,164,108,1,-1,-1,-1
199,55,1177,758,140,140,1,-1,-1,-1
201,61,1472,680,168,160,1,-1,-1,-1
201,62,796,632,164,148,1,-1,-1,-1
201,63,852,816,172,148,1,-1,-1,-1
201,64,2092,804,140,120,1,-1,-1,-1
201,65,1172,780,160,128,1,-1,-1,-1
201,66,1384,772,184,164,1,-1,-1,-1
201,67,560,328,160,88,1,-1,-1,-1
202,61,1472,679,168,160,1,-1,-1,-1
202,62,800,629,164,148,1,-1,-1,-1
202,63,854,816,172,148,1,-1,-1,-1
202,64,2091,805,140,120,1,-1,-1,-1
202,65,1177,781,160,128,1,-1,-1,-1
202,66,1384,774,184,164,1,-1,-1,-1
202,67,578,329,160,88,1,-1,-1,-1
203,61,1473,678,168,160,1,-1,-1,-1
203,62,813,624,164,148,1,-1,-1,-1
203,63,854,819,172,148,1,-1,-1,-1
203,64,2086,810,140,120,1,-1,-1,-1
203,65,1177,783,160,128,1,-1,-1,-1
203,66,1385,777,184,164,1,-1,-1,-1
203,67,619,331,160,88,1,-1,-1,-1
204,61,1475,679,168,160,1,-1,-1,-1
204,62,817,611,164,148,1,-1,-1,-1
204,63,859,823,172,148,1,-1,-1,-1
204,65,1183,784,160,128,1,-1,-1,-1
204,66,1387,781,184,164,1,-1,-1,-1
204,67,662,333,160,88,1,-1,-1,-1
205,61,1479,679,168,160,1,-1,-1,-1
205,62,826,611,164,148,1,-1,-1,-1
205,63,862,819,172,148,1,-1,-1,-1
205,66,1388,783,184,164,1,-1,-1,-1
205,67,682,334,160,88,1,-1,-1,-1
206,62,834,600,164,148,1,-1,-1,-1
206,66,1391,783,184,164,1,-1,-1,-1
206,67,726,336,160,88,1,-1,-1,-1
207,67,772,339,152,84,1,-1,-1,-1
208,67,787,339,160,88,1,-1,-1,-1
209,67,787,339,160,88,1,-1,-1,-1
209,68,1500,660,128,120,1,-1,-1,-1
209,69,876,776,196,156,1,-1,-1,-1
209,70,888,564,116,148,1,-1,-1,-1
209,71,836,344,160,88,1,-1,-1,-1
209,72,1220,756,144,136,1,-1,-1,-1
210,68,1502,652,128,120,1,-1,-1,-1
210,69,887,779,187,149,1,-1,-1,-1
210,70,902,555,116,148,1,-1,-1,-1
210,71,879,345,160,88,1,-1,-1,-1
210,72,1228,754,144,136,1,-1,-1,-1
211,68,1504,650,128,120,1,-1,-1,-1
211,69,890,778,187,149,1,-1,-1,-1
211,70,908,550,116,148,1,-1,-1,-1
211,71,900,346,160,88,1,-1,-1,-1
211,72,1230,754,144,136,1,-1,-1,-1
212,69,896,776,187,149,1,-1,-1,-1
212,70,924,549,110,141,1,-1,-1,-1
212,71,942,349,160,88,1,-1,-1,-1
212,72,1242,755,144,136,1,-1,-1,-1
213,71,984,353,160,88,1,-1,-1,-1
214,71,1003,355,160,88,1,-1,-1,-1
215,71,1045,358,160,88,1,-1,-1,-1
216,71,1084,361,160,88,1,-1,-1,-1
217,71,1084,361,160,88,1,-1,-1,-1
217,73,1496,604,184,132,1,-1,-1,-1
217,74,1444,820,160,152,1,-1,-1,-1
217,75,920,740,160,156,1,-1,-1,-1
217,76,1256,740,124,124,1,-1,-1,-1
217,77,2044,844,136,108,1,-1,-1,-1
217,78,1340,844,136,128,1,-1,-1,-1
217,79,960,520,144,156,1,-1,-1,-1
218,73,1508,603,175,126,1,-1,-1,-1
218,74,1451,820,160,152,1,-1,-1,-1
218,75,921,730,160,156,1,-1,-1,-1
218,76,1256,731,124,124,1,-1,-1,-1
218,77,2041,850,136,108,1,-1,-1,-1
218,78,1347,842,136,128,1,-1,-1,-1
218,79,979,525,137,149,1,-1,-1,-1
219,73,1507,599,175,126,1,-1,-1,-1
219,75,932,726,160,156,1,-1,-1,-1
219,76,1261,723,124,124,1,-1,-1,-1
219,77,2038,859,136,108,1,-1,-1,-1
219,79,992,522,137,149,1,-1,-1,-1
220,73,1511,596,175,126,1,-1,-1,-1
220,75,936,724,160,156,1,-1,-1,-1
220,76,1264,721,124,124,1,-1,-1,-1
220,77,2037,862,136,108,1,-1,-1,-1
220,79,1001,523,137,149,1,-1,-1,-1
221,75,949,723,160,156,1,-1,-1,-1
221,77,2031,864,143,113,1,-1,-1,-1
222,75,959,720,160,156,1,-1,-1,-1
222,77,2030,870,143,113,1,-1,-1,-1
223,75,963,718,160,156,1,-1,-1,-1
223,77,2029,872,143,113,1,-1,-1,-1
224,75,974,719,160,156,1,-1,-1,-1
224,77,2031,876,136,108,1,-1,-1,-1
225,75,980,684,156,172,1,-1,-1,-1
225,77,2032,872,136,136,1,-1,-1,-1
225,80,1080,508,116,136,1,-1,-1,-1
225,81,1544,556,140,156,1,-1,-1,-1
225,82,1492,784,168,204,1,-1,-1,-1
225,83,1300,704,132,124,1,-1,-1,-1
225,84,1384,396,160,88,1,-1,-1,-1
226,75,986,681,156,172,1,-1,-1,-1
226,77,2033,874,136,136,1,-1,-1,-1
226,80,1088,508,116,136,1,-1,-1,-1
226,81,1550,557,140,156,1,-1,-1,-1
226,82,1500,784,168,204,1,-1,-1,-1
226,83,1303,703,132,124,1,-1,-1,-1
226,84,1403,398,160,88,1,-1,-1,-1
227,75,995,674,156,172,1,-1,-1,-1
227,77,2029,879,136,136,1,-1,-1,-1
227,80,1102,509,116,136,1,-1,-1,-1
227,81,1552,554,140,156,1,-1,-1,-1
227,82,1509,780,168,204,1,-1,-1,-1
227,83,1310,697,132,124,1,-1,-1,-1
227,84,1442,404,160,88,1,-1,-1,-1
228,75,1000,669,156,172,1,-1,-1,-1
228,77,2029,885,136,136,1,-1,-1,-1
228,80,1116,511,116,136,1,-1,-1,-1
228,81,1556,559,133,149,1,-1,-1,-1
228,82,1520,777,168,204,1,-1,-1,-1
228,83,1315,696,132,124,1,-1,-1,-1
228,84,1479,409,160,88,1,-1,-1,-1
229,75,1005,667,156,172,1,-1,-1,-1
229,77,2028,888,136,136,1,-1,-1,-1
229,80,1125,513,116,136,1,-1,-1,-1
229,81,1560,561,133,149,1,-1,-1,-1
229,82,1525,774,168,204,1,-1,-1,-1
229,83,1318,693,132,124,1,-1,-1,-1
229,84,1499,412,160,88,1,-1,-1,-1
230,75,1013,661,156,172,1,-1,-1,-1
230,80,1135,513,116,136,1,-1,-1,-1
230,84,1535,416,160,88,1,-1,-1,-1
231,80,1151,508,116,136,1,-1,-1,-1
231,84,1574,420,160,88,1,-1,-1,-1
232,80,1156,506,116,136,1,-1,-1,-1
232,84,1592,424,160,88,1,-1,-1,-1
233,80,1164,508,148,148,1,-1,-1,-1
233,84,1592,424,160,88,1,-1,-1,-1
233,85,1580,564,132,128,1,-1,-1,-1
233,86,1552,748,128,144,1,-1,-1,-1
233,87,1036,676,188,172,1,-1,-1,-1
233,88,1344,680,148,120,1,-1,-1,-1
233,89,1636,432,160,96,1,-1,-1,-1
233,90,1404,796,160,116,1,-1,-1,-1
233,91,2024,924,136,128,1,-1,-1,-1
234,80,1179,508,148,148,1,-1,-1,-1
234,85,1583,560,132,128,1,-1,-1,-1
234,86,1559,744,128,144,1,-1,-1,-1
234,87,1047,678,188,172,1,-1,-1,-1
234,88,1353,679,148,120,1,-1,-1,-1
234,89,1667,433,168,101,1,-1,-1,-1
234,90,1412,796,160,116,1,-1,-1,-1
234,91,2021,926,136,128,1,-1,-1,-1
235,80,1186,507,148,148,1,-1,-1,-1
235,85,1585,558,132,128,1,-1,-1,-1
235,86,1563,743,128,144,1,-1,-1,-1
235,87,1050,674,188,172,1,-1,-1,-1
235,88,1352,676,148,120,1,-1,-1,-1
235,89,1685,437,168,101,1,-1,-1,-1
236,80,1199,504,148,148,1,-1,-1,-1
236,85,1592,557,132,128,1,-1,-1,-1
236,86,1571,740,128,144,1,-1,-1,-1
236,87,1059,671,188,172,1,-1,-1,-1
236,88,1360,673,148,120,1,-1,-1,-1
236,89,1722,443,168,101,1,-1,-1,-1
237,80,1213,502,148,148,1,-1,-1,-1
237,85,1595,553,132,128,1,-1,-1,-1
237,86,1581,735,128,144,1,-1,-1,-1
237,87,1080,675,179,164,1,-1,-1,-1
237,89,1759,446,168,101,1,-1,-1,-1
238,80,1218,501,148,148,1,-1,-1,-1
238,85,1597,551,132,128,1,-1,-1,-1
238,86,1583,733,128,144,1,-1,-1,-1
238,87,1079,668,188,172,1,-1,-1,-1
238,89,1777,450,168,101,1,-1,-1,-1
239,80,1231,505,148,148,1,-1,-1,-1
239,85,1604,550,132,128,1,-1,-1,-1
239,86,1591,732,128,144,1,-1,-1,-1
239,87,1084,660,188,172,1,-1,-1,-1
239,89,1809,452,176,106,1,-1,-1,-1
240,80,1244,509,141,141,1,-1,-1,-1
240,86,1598,729,128,144,1,-1,-1,-1
240,87,1096,660,179,164,1,-1,-1,-1
240,89,1845,460,176,106,1,-1,-1,-1
241,80,1252,512,116,144,1,-1,-1,-1
241,86,1596,732,140,164,1,-1,-1,-1
241,87,1100,652,144,152,1,-1,-1,-1
241,89,1868,468,160,104,1,-1,-1,-1
241,92,1608,552,156,136,1,-1,-1,-1
241,93,1424,740,164,144,1,-1,-1,-1
241,94,2004,892,148,176,1,-1,-1,-1
241,95,1408,652,104,104,1,-1,-1,-1
242,80,1260,517,116,144,1,-1,-1,-1
242,86,1607,733,140,164,1,-1,-1,-1
242,87,1103,650,144,152,1,-1,-1,-1
242,89,1898,473,160,104,1,-1,-1,-1
242,92,1609,552,156,136,1,-1,-1,-1
242,93,1430,737,164,144,1,-1,-1,-1
242,94,2010,895,148,176,1,-1,-1,-1
242,95,1411,650,104,104,1,-1,-1,-1
243,80,1266,518,116,144,1,-1,-1,-1
243,86,1606,727,133,156,1,-1,-1,-1
243,87,1108,653,137,145,1,-1,-1,-1
243,89,1925,475,168,109,1,-1,-1,-1
243,92,1607,552,156,136,1,-1,-1,-1
243,93,1433,734,164,144,1,-1,-1,-1
243,95,1413,647,104,104,1,-1,-1,-1
244,80,1270,522,110,137,1,-1,-1,-1
244,86,1609,726,133,156,1,-1,-1,-1
244,87,1109,654,137,145,1,-1,-1,-1
244,89,1939,477,168,109,1,-1,-1,-1
244,92,1608,552,156,136,1,-1,-1,-1
244,93,1432,733,164,144,1,-1,-1,-1
244,95,1412,647,104,104,1,-1,-1,-1
245,80,1273,521,110,137,1,-1,-1,-1
245,86,1616,723,127,149,1,-1,-1,-1
245,87,1109,653,137,145,1,-1,-1,-1
245,89,1961,482,168,109,1,-1,-1,-1
245,95,1409,645,104,104,1,-1,-1,-1
246,80,1274,521,110,137,1,-1,-1,-1
246,87,1107,655,137,145,1,-1,-1,-1
246,89,1984,487,168,109,1,-1,-1,-1
246,95,1408,644,104,104,1,-1,-1,-1
247,80,1274,520,110,137,1,-1,-1,-1
247,87,1106,656,137,145,1,-1,-1,-1
247,89,2001,491,160,104,1,-1,-1,-1
247,95,1407,645,104,104,1,-1,-1,-1
248,80,1277,517,110,137,1,-1,-1,-1
248,87,1106,657,137,145,1,-1,-1,-1
248,89,2021,497,160,104,1,-1,-1,-1
248,95,1403,641,104,104,1,-1,-1,-1
249,80,1276,508,116,136,1,-1,-1,-1
249,87,1108,664,164,148,1,-1,-1,-1
249,89,2040,500,164,104,1,-1,-1,-1
249,95,1403,641,104,104,1,-1,-1,-1
249,96,1968,848,112,144,1,-1,-1,-1
249,97,1620,692,108,140,1,-1,-1,-1
249,98,1404,648,136,180,1,-1,-1,-1
249,99,1584,548,128,120,1,-1,-1,-1
250,80,1275,508,116,136,1,-1,-1,-1
250,87,1109,665,164,148,1,-1,-1,-1
250,89,2049,501,164,104,1,-1,-1,-1
250,96,1966,847,112,144,1,-1,-1,-1
250,97,1621,691,108,140,1,-1,-1,-1
250,98,1405,651,130,171,1,-1,-1,-1
250,99,1579,547,128,120,1,-1,-1,-1
251,80,1270,505,116,136,1,-1,-1,-1
251,87,1103,665,164,148,1,-1,-1,-1
251,89,2065,504,164,104,1,-1,-1,-1
251,96,1952,836,112,144,1,-1,-1,-1
251,97,1612,684,108,140,1,-1,-1,-1
251,98,1400,653,123,163,1,-1,-1,-1
251,99,1571,550,122,114,1,-1,-1,-1
252,80,1268,503,116,136,1,-1,-1,-1
252,87,1097,663,164,148,1,-1,-1,-1
252,89,2085,508,164,104,1,-1,-1,-1
252,96,1945,831,107,137,1,-1,-1,-1
252,97,1605,680,113,147,1,-1,-1,-1
252,98,1394,650,123,163,1,-1,-1,-1
252,99,1562,552,122,114,1,-1,-1,-1
253,80,1266,503,116,136,1,-1,-1,-1
253,87,1093,660,164,148,1,-1,-1,-1
253,89,2098,509,164,104,1,-1,-1,-1
253,97,1603,680,113,147,1,-1,-1,-1
253,98,1392,649,123,163,1,-1,-1,-1
253,99,1559,553,122,114,1,-1,-1,-1
254,80,1264,504,116,136,1,-1,-1,-1
254,87,1088,657,172,155,1,-1,-1,-1
254,89,2115,512,164,104,1,-1,-1,-1
254,97,1601,677,113,147,1,-1,-1,-1
254,99,1550,554,122,114,1,-1,-1,-1
255,80,1263,507,116,136,1,-1,-1,-1
255,87,1086,653,172,155,1,-1,-1,-1
255,89,2133,515,164,104,1,-1,-1,-1
255,97,1598,676,113,147,1,-1,-1,-1
255,99,1542,556,122,114,1,-1,-1,-1
256,80,1263,508,116,136,1,-1,-1,-1
256,87,1084,651,172,155,1,-1,-1,-1
256,89,2143,518,164,104,1,-1,-1,-1
256,97,1594,675,113,147,1,-1,-1,-1
256,99,1537,557,122,114,1,-1,-1,-1
257,80,1252,508,120,136,1,-1,-1,-1
257,87,1076,648,128,140,1,-1,-1,-1
257,89,2143,518,164,104,1,-1,-1,-1
257,97,1592,680,132,140,1,-1,-1,-1
257,99,1528,548,144,136,1,-1,-1,-1
257,100,1368,628,128,188,1,-1,-1,-1
257,101,1916,812,108,120,1,-1,-1,-1
258,80,1255,508,120,136,1,-1,-1,-1
258,87,1074,650,128,140,1,-1,-1,-1
258,89,2180,528,164,104,1,-1,-1,-1
258,97,1592,678,132,140,1,-1,-1,-1
258,99,1526,548,144,136,1,-1,-1,-1
258,100,1366,627,128,188,1,-1,-1,-1
258,101,1915,809,108,120,1,-1,-1,-1
259,80,1256,509,120,136,1,-1,-1,-1
259,87,1072,652,128,140,1,-1,-1,-1
259,89,2194,530,164,104,1,-1,-1,-1
259,97,1591,676,132,140,1,-1,-1,-1
259,99,1525,548,144,136,1,-1,-1,-1
259,100,1364,626,128,188,1,-1,-1,-1
259,101,1908,805,108,120,1,-1,-1,-1
260,80,1258,507,120,136,1,-1,-1,-1
260,87,1067,653,128,140,1,-1,-1,-1
260,89,2214,534,164,104,1,-1,-1,-1
260,97,1591,670,132,140,1,-1,-1,-1
260,99,1521,542,144,136,1,-1,-1,-1
260,100,1365,626,128,188,1,-1,-1,-1
260,101,1902,799,103,114,1,-1,-1,-1
261,80,1261,502,120,136,1,-1,-1,-1
261,87,1066,659,128,140,1,-1,-1,-1
261,89,2237,537,164,104,1,-1,-1,-1
261,97,1592,663,132,140,1,-1,-1,-1
261,99,1518,538,144,136,1,-1,-1,-1
261,100,1365,627,128,188,1,-1,-1,-1
262,80,1262,499,120,136,1,-1,-1,-1
262,87,1068,661,128,140,1,-1,-1,-1
262,89,2250,540,164,104,1,-1,-1,-1
262,97,1593,664,132,140,1,-1,-1,-1
262,99,1514,536,144,136,1,-1,-1,-1
262,100,1367,628,122,179,1,-1,-1,-1
263,80,1264,498,120,136,1,-1,-1,-1
263,87,1064,664,128,140,1,-1,-1,-1
263,89,2269,544,164,104,1,-1,-1,-1
263,97,1592,663,132,140,1,-1,-1,-1
263,99,1510,534,144,136,1,-1,-1,-1
263,100,1365,630,116,171,1,-1,-1,-1
264,80,1265,499,120,136,1,-1,-1,-1
264,89,2289,551,164,104,1,-1,-1,-1
264,97,1588,666,132,140,1,-1,-1,-1
264,99,1503,537,144,136,1,-1,-1,-1
264,100,1363,628,116,171,1,-1,-1,-1
265,80,1280,500,92,132,1,-1,-1,-1
265,89,2300,556,168,92,1,-1,-1,-1
265,97,1596,668,104,144,1,-1,-1,-1
265,99,1504,544,112,120,1,-1,-1,-1
265,100,1363,628,116,171,1,-1,-1,-1
265,102,1876,764,108,144,1,-1,-1,-1
265,103,1060,636,164,172,1,-1,-1,-1
266,80,1280,502,92,132,1,-1,-1,-1
266,89,2318,559,168,92,1,-1,-1,-1
266,97,1595,669,104,144,1,-1,-1,-1
266,99,1500,545,112,120,1,-1,-1,-1
266,100,1354,623,122,179,1,-1,-1,-1
266,102,1876,763,108,144,1,-1,-1,-1
266,103,1062,637,164,172,1,-1,-1,-1
267,80,1280,505,92,132,1,-1,-1,-1
267,89,2336,566,168,92,1,-1,-1,-1
267,97,1593,671,104,144,1,-1,-1,-1
267,99,1493,548,112,120,1,-1,-1,-1
267,100,1348,623,122,179,1,-1,-1,-1
267,102,1864,753,108,144,1,-1,-1,-1
267,103,1053,634,164,172,1,-1,-1,-1
268,80,1277,503,97,139,1,-1,-1,-1
268,89,2346,567,168,92,1,-1,-1,-1
268,97,1592,670,104,144,1,-1,-1,-1
268,99,1491,550,112,120,1,-1,-1,-1
268,100,1346,624,122,179,1,-1,-1,-1
268,103,1051,634,164,172,1,-1,-1,-1
269,80,1277,506,97,139,1,-1,-1,-1
269,89,2361,570,176,97,1,-1,-1,-1
269,97,1592,672,99,137,1,-1,-1,-1
269,99,1487,556,112,120,1,-1,-1,-1
269,100,1350,630,116,171,1,-1,-1,-1
269,103,1049,635,164,172,1,-1,-1,-1
270,80,1277,508,97,139,1,-1,-1,-1
270,89,2380,574,176,97,1,-1,-1,-1
270,99,1484,558,112,120,1,-1,-1,-1
270,100,1351,632,116,171,1,-1,-1,-1
270,103,1047,637,164,172,1,-1,-1,-1
271,80,1281,508,97,139,1,-1,-1,-1
271,89,2398,580,168,92,1,-1,-1,-1
271,99,1485,559,112,120,1,-1,-1,-1
271,100,1352,633,116,171,1,-1,-1,-1
271,103,1047,639,164,172,1,-1,-1,-1
272,80,1283,507,97,139,1,-1,-1,-1
272,89,2417,583,168,92,1,-1,-1,-1
272,99,1482,562,112,120,1,-1,-1,-1
272,100,1356,635,116,171,1,-1,-1,-1
272,103,1042,639,164,172,1,-1,-1,-1
273,80,1284,508,104,124,1,-1,-1,-1
273,89,2417,583,168,92,1,-1,-1,-1
273,99,1480,540,112,132,1,-1,-1,-1
273,100,1348,652,128,144,1,-1,-1,-1
273,103,1040,668,124,144,1,-1,-1,-1
273,104,1848,748,100,124,1,-1,-1,-1
273,105,1572,652,124,136,1,-1,-1,-1
274,80,1284,507,104,124,1,-1,-1,-1
274,99,1478,539,112,132,1,-1,-1,-1
274,100,1346,651,128,144,1,-1,-1,-1
274,103,1038,670,124,144,1,-1,-1,-1
274,104,1845,747,100,124,1,-1,-1,-1
274,105,1570,651,124,136,1,-1,-1,-1
275,80,1285,503,104,124,1,-1,-1,-1
275,99,1477,536,112,132,1,-1,-1,-1
275,100,1344,649,128,144,1,-1,-1,-1
275,103,1030,674,124,144,1,-1,-1,-1
275,104,1839,745,100,124,1,-1,-1,-1
275,105,1569,648,124,136,1,-1,-1,-1
276,80,1282,498,104,124,1,-1,-1,-1
276,99,1468,532,112,132,1,-1,-1,-1
276,100,1339,645,128,144,1,-1,-1,-1
276,103,1018,678,124,144,1,-1,-1,-1
276,104,1838,744,100,124,1,-1,-1,-1
276,105,1565,646,124,136,1,-1,-1,-1
277,80,1280,497,104,124,1,-1,-1,-1
277,99,1465,530,112,132,1,-1,-1,-1
277,100,1337,643,128,144,1,-1,-1,-1
277,103,1013,682,124,144,1,-1,-1,-1
277,104,1839,743,100,124,1,-1,-1,-1
277,105,1563,646,124,136,1,-1,-1,-1
278,80,1278,496,104,124,1,-1,-1,-1
278,99,1461,530,112,132,1,-1,-1,-1
278,100,1335,641,128,144,1,-1,-1,-1
278,103,1001,684,124,144,1,-1,-1,-1
278,104,1839,744,100,124,1,-1,-1,-1
278,105,1560,647,124,136,1,-1,-1,-1
279,80,1277,495,104,124,1,-1,-1,-1
279,99,1456,531,112,132,1,-1,-1,-1
279,100,1335,642,122,137,1,-1,-1,-1
279,103,991,684,130,151,1,-1,-1,-1
279,104,1839,745,100,124,1,-1,-1,-1
279,105,1560,647,124,136,1,-1,-1,-1
280,80,1276,495,104,124,1,-1,-1,-1
280,99,1450,527,118,139,1,-1,-1,-1
280,100,1333,644,122,137,1,-1,-1,-1
280,104,1839,745,100,124,1,-1,-1,-1
280,105,1559,648,124,136,1,-1,-1,-1
281,80,1272,496,96,128,1,-1,-1,-1
281,99,1444,540,112,120,1,-1,-1,-1
281,100,1333,644,122,137,1,-1,-1,-1
281,104,1836,744,136,140,1,-1,-1,-1
281,105,1560,648,140,160,1,-1,-1,-1
281,106,972,688,140,148,1,-1,-1,-1
282,80,1268,497,96,128,1,-1,-1,-1
282,99,1439,543,112,120,1,-1,-1,-1
282,104,1834,745,136,140,1,-1,-1,-1
282,105,1559,650,140,160,1,-1,-1,-1
282,106,960,689,140,148,1,-1,-1,-1
283,80,1267,498,96,128,1,-1,-1,-1
283,99,1437,543,112,120,1,-1,-1,-1
283,104,1834,745,136,140,1,-1,-1,-1
283,105,1559,649,140,160,1,-1,-1,-1
283,106,951,687,140,148,1,-1,-1,-1
284,80,1265,497,96,128,1,-1,-1,-1
284,99,1432,540,112,120,1,-1,-1,-1
284,104,1836,743,136,140,1,-1,-1,-1
284,105,1554,644,147,168,1,-1,-1,-1
284,106,939,690,140,148,1,-1,-1,-1
285,80,1266,493,96,128,1,-1,-1,-1
285,99,1433,537,112,120,1,-1,-1,-1
285,105,1560,645,147,168,1,-1,-1,-1
285,106,931,692,140,148,1,-1,-1,-1
286,80,1267,491,96,128,1,-1,-1,-1
286,99,1434,535,112,120,1,-1,-1,-1
286,105,1558,638,154,176,1,-1,-1,-1
286,106,928,694,140,148,1,-1,-1,-1
287,80,1271,487,96,128,1,-1,-1,-1
287,99,1438,531,112,120,1,-1,-1,-1
287,105,1564,637,147,168,1,-1,-1,-1
287,106,922,694,147,155,1,-1,-1,-1
288,80,1275,478,101,134,1,-1,-1,-1
288,99,1440,522,112,120,1,-1,-1,-1
288,105,1568,631,147,168,1,-1,-1,-1
288,106,914,697,147,155,1,-1,-1,-1
289,80,1275,478,101,134,1,-1,-1,-1
289,99,1436,508,136,156,1,-1,-1,-1
289,105,1568,631,147,168,1,-1,-1,-1
289,106,914,697,147,155,1,-1,-1,-1
289,107,1864,724,112,136,1,-1,-1,-1
290,80,1281,471,101,134,1,-1,-1,-1
290,99,1439,505,136,156,1,-1,-1,-1
290,105,1574,626,147,168,1,-1,-1,-1
290,106,909,706,147,155,1,-1,-1,-1
290,107,1870,725,112,136,1,-1,-1,-1
291,80,1284,469,101,134,1,-1,-1,-1
291,99,1443,502,136,156,1,-1,-1,-1
291,105,1576,624,147,168,1,-1,-1,-1
291,106,906,710,140,148,1,-1,-1,-1
291,107,1874,725,112,136,1,-1,-1,-1
292,80,1289,468,101,134,1,-1,-1,-1
292,99,1446,499,136,156,1,-1,-1,-1
292,105,1581,627,140,160,1,-1,-1,-1
292,106,907,712,140,148,1,-1,-1,-1
292,107,1877,725,112,136,1,-1,-1,-1
293,80,1292,464,106,141,1,-1,-1,-1
293,99,1450,498,136,156,1,-1,-1,-1
293,105,1587,626,140,160,1,-1,-1,-1
293,106,914,715,133,141,1,-1,-1,-1
293,107,1882,724,112,136,1,-1,-1,-1
294,80,1294,465,106,141,1,-1,-1,-1
294,99,1450,496,143,164,1,-1,-1,-1
294,105,1590,627,140,160,1,-1,-1,-1
294,107,1888,726,112,136,1,-1,-1,-1
295,80,1297,465,106,141,1,-1,-1,-1
295,99,1452,498,143,164,1,-1,-1,-1
295,105,1592,629,140,160,1,-1,-1,-1
295,107,1889,724,118,143,1,-1,-1,-1
296,80,1298,465,106,141,1,-1,-1,-1
296,99,1454,499,143,164,1,-1,-1,-1
296,105,1599,631,140,160,1,-1,-1,-1
296,107,1894,726,112,136,1,-1,-1,-1
297,80,1284,472,156,156,1,-1,-1,-1
297,99,1464,496,136,168,1,-1,-1,-1
297,105,1588,620,176,188,1,-1,-1,-1
297,107,1896,728,152,164,1,-1,-1,-1
297,108,1396,644,128,152,1,-1,-1,-1
298,80,1285,472,156,156,1,-1,-1,-1
298,99,1467,496,136,168,1,-1,-1,-1
298,105,1593,621,176,188,1,-1,-1,-1
298,107,1905,731,145,156,1,-1,-1,-1
298,108,1400,646,128,152,1,-1,-1,-1
299,80,1288,469,156,156,1,-1,-1,-1
299,99,1471,494,136,168,1,-1,-1,-1
299,105,1599,620,176,188,1,-1,-1,-1
299,107,1909,729,145,156,1,-1,-1,-1
299,108,1407,646,128,152,1,-1,-1,-1
300,80,1289,466,156,156,1,-1,-1,-1
300,99,1473,491,136,168,1,-1,-1,-1
300,105,1607,624,168,179,1,-1,-1,-1
300,107,1914,725,145,156,1,-1,-1,-1
300,108,1413,639,128,152,1,-1,-1,-1
301,80,1285,461,164,164,1,-1,-1,-1
301,99,1475,489,136,168,1,-1,-1,-1
301,105,1608,621,168,179,1,-1,-1,-1
301,107,1917,723,145,156,1,-1,-1,-1
301,108,1414,638,128,152,1,-1,-1,-1
302,80,1284,456,164,164,1,-1,-1,-1
302,99,1479,482,136,168,1,-1,-1,-1
302,105,1611,617,168,179,1,-1,-1,-1
302,108,1417,635,128,152,1,-1,-1,-1
303,80,1285,449,164,164,1,-1,-1,-1
303,99,1481,474,136,168,1,-1,-1,-1
303,105,1614,611,168,179,1,-1,-1,-1
303,108,1419,630,128,152,1,-1,-1,-1
304,80,1282,447,164,164,1,-1,-1,-1
304,99,1481,473,136,168,1,-1,-1,-1
304,105,1615,611,168,179,1,-1,-1,-1
304,108,1420,630,128,152,1,-1,-1,-1
305,80,1282,447,164,164,1,-1,-1,-1
305,99,1481,473,136,168,1,-1,-1,-1
305,105,1615,611,168,179,1,-1,-1,-1
305,108,1420,630,128,152,1,-1,-1,-1
306,80,1277,440,172,172,1,-1,-1,-1
306,99,1480,469,143,176,1,-1,-1,-1
306,105,1621,613,168,179,1,-1,-1,-1
306,108,1421,631,128,152,1,-1,-1,-1
307,80,1274,440,172,172,1,-1,-1,-1
307,99,1478,470,143,176,1,-1,-1,-1
307,105,1620,615,168,179,1,-1,-1,-1
307,108,1416,630,134,160,1,-1,-1,-1
308,80,1264,443,172,172,1,-1,-1,-1
308,99,1470,470,150,185,1,-1,-1,-1
308,105,1616,619,168,179,1,-1,-1,-1
308,108,1413,633,134,160,1,-1,-1,-1
309,80,1255,447,172,172,1,-1,-1,-1
309,99,1461,473,150,185,1,-1,-1,-1
309,105,1610,618,176,188,1,-1,-1,-1
309,108,1413,638,134,160,1,-1,-1,-1
310,80,1248,449,172,172,1,-1,-1,-1
310,99,1455,475,150,185,1,-1,-1,-1
310,105,1600,617,185,197,1,-1,-1,-1
310,108,1410,641,134,160,1,-1,-1,-1
311,80,1234,452,172,172,1,-1,-1,-1
311,99,1448,480,150,185,1,-1,-1,-1
311,105,1591,621,185,197,1,-1,-1,-1
311,108,1402,646,134,160,1,-1,-1,-1
312,80,1224,456,172,172,1,-1,-1,-1
312,99,1436,482,150,185,1,-1,-1,-1
312,105,1578,619,194,207,1,-1,-1,-1
312,108,1398,650,134,160,1,-1,-1,-1
313,80,1212,444,168,192,1,-1,-1,-1
313,99,1436,482,150,185,1,-1,-1,-1
313,105,1568,604,196,220,1,-1,-1,-1
313,108,1398,650,134,160,1,-1,-1,-1
313,109,1876,724,148,164,1,-1,-1,-1
313,110,800,660,140,212,1,-1,-1,-1
314,80,1206,448,168,192,1,-1,-1,-1
314,99,1418,483,150,185,1,-1,-1,-1
314,105,1562,607,196,220,1,-1,-1,-1
314,108,1390,650,134,160,1,-1,-1,-1
314,109,1864,722,148,164,1,-1,-1,-1
314,110,798,665,140,212,1,-1,-1,-1
315,80,1194,449,168,192,1,-1,-1,-1
315,99,1408,485,150,185,1,-1,-1,-1
315,105,1555,607,196,220,1,-1,-1,-1
315,108,1385,648,134,160,1,-1,-1,-1
315,109,1851,720,148,164,1,-1,-1,-1
315,110,800,674,133,202,1,-1,-1,-1
316,80,1189,449,168,192,1,-1,-1,-1
316,99,1403,487,150,185,1,-1,-1,-1
316,105,1546,607,187,210,1,-1,-1,-1
316,108,1376,643,141,168,1,-1,-1,-1
316,109,1844,723,141,156,1,-1,-1,-1
316,110,797,676,133,202,1,-1,-1,-1
317,80,1173,446,168,192,1,-1,-1,-1
317,99,1388,484,150,185,1,-1,-1,-1
317,105,1529,601,187,210,1,-1,-1,-1
317,108,1362,640,141,168,1,-1,-1,-1
317,109,1823,722,141,156,1,-1,-1,-1
317,110,790,674,133,202,1,-1,-1,-1
318,80,1161,443,168,192,1,-1,-1,-1
318,99,1374,483,150,185,1,-1,-1,-1
318,105,1515,596,187,210,1,-1,-1,-1
318,110,786,668,133,202,1,-1,-1,-1
319,80,1156,443,168,192,1,-1,-1,-1
319,99,1366,482,150,185,1,-1,-1,-1
319,105,1513,600,178,200,1,-1,-1,-1
319,110,783,666,133,202,1,-1,-1,-1
320,80,1145,446,168,192,1,-1,-1,-1
320,99,1351,487,150,185,1,-1,-1,-1
320,105,1500,606,178,200,1,-1,-1,-1
320,110,781,662,133,202,1,-1,-1,-1
321,80,1145,446,168,192,1,-1,-1,-1
321,99,1351,487,150,185,1,-1,-1,-1
321,105,1496,620,156,216,1,-1,-1,-1
321,110,788,664,128,224,1,-1,-1,-1
321,111,1780,712,144,204,1,-1,-1,-1
322,80,1126,455,168,192,1,-1,-1,-1
322,99,1333,499,150,185,1,-1,-1,-1
322,105,1492,622,156,216,1,-1,-1,-1
322,110,788,664,128,224,1,-1,-1,-1
322,111,1776,712,144,204,1,-1,-1,-1
323,80,1111,460,168,192,1,-1,-1,-1
323,99,1318,501,150,185,1,-1,-1,-1
323,105,1481,626,156,216,1,-1,-1,-1
323,110,784,658,134,235,1,-1,-1,-1
323,111,1760,709,144,204,1,-1,-1,-1
324,80,1096,467,168,192,1,-1,-1,-1
324,99,1301,508,150,185,1,-1,-1,-1
324,105,1466,627,156,216,1,-1,-1,-1
324,110,782,659,134,235,1,-1,-1,-1
324,111,1747,713,137,194,1,-1,-1,-1
325,80,1089,468,168,192,1,-1,-1,-1
325,99,1296,508,150,185,1,-1,-1,-1
325,105,1459,628,156,216,1,-1,-1,-1
325,110,781,659,134,235,1,-1,-1,-1
325,111,1746,719,131,185,1,-1,-1,-1
326,80,1073,467,168,192,1,-1,-1,-1
326,99,1282,511,150,185,1,-1,-1,-1
326,105,1446,625,156,216,1,-1,-1,-1
326,110,773,650,141,247,1,-1,-1,-1
327,80,1064,474,160,183,1,-1,-1,-1
327,99,1265,512,150,185,1,-1,-1,-1
327,105,1438,631,156,216,1,-1,-1,-1
327,110,768,650,141,247,1,-1,-1,-1
328,80,1063,476,160,183,1,-1,-1,-1
328,99,1258,513,150,185,1,-1,-1,-1
328,105,1430,629,156,216,1,-1,-1,-1
328,110,765,650,141,247,1,-1,-1,-1
329,80,1063,476,160,183,1,-1,-1,-1
329,99,1258,513,150,185,1,-1,-1,-1
329,105,1430,629,156,216,1,-1,-1,-1
329,110,765,650,141,247,1,-1,-1,-1
