1,0,396,135,600,153,1,-1,-1,-1
1,1,1263,438,327,270,1,-1,-1,-1
1,2,879,459,204,135,1,-1,-1,-1
1,3,174,921,459,126,1,-1,-1,-1
1,4,1749,324,168,72,1,-1,-1,-1
1,5,1098,3,768,282,1,-1,-1,-1
2,0,387,135,600,153,1,-1,-1,-1
2,1,1245,449,327,270,1,-1,-1,-1
2,2,873,463,204,135,1,-1,-1,-1
2,3,175,919,459,126,1,-1,-1,-1
2,4,1719,327,168,72,1,-1,-1,-1
2,5,1082,1,768,282,1,-1,-1,-1
3,0,361,140,571,146,1,-1,-1,-1
3,1,1227,460,327,270,1,-1,-1,-1
3,2,865,469,204,135,1,-1,-1,-1
3,3,172,916,459,126,1,-1,-1,-1
3,4,1693,329,168,72,1,-1,-1,-1
3,5,1061,2,768,282,1,-1,-1,-1
4,0,331,138,600,153,1,-1,-1,-1
4,1,1211,472,327,270,1,-1,-1,-1
4,2,856,476,204,135,1,-1,-1,-1
4,3,170,912,459,126,1,-1,-1,-1
4,4,1671,335,160,69,1,-1,-1,-1
4,5,1042,4,768,282,1,-1,-1,-1
5,0,289,135,630,161,1,-1,-1,-1
5,1,1191,484,327,270,1,-1,-1,-1
5,2,850,479,204,135,1,-1,-1,-1
5,3,170,907,459,126,1,-1,-1,-1
5,4,1642,339,160,69,1,-1,-1,-1
5,5,1028,5,768,282,1,-1,-1,-1
6,0,261,135,630,161,1,-1,-1,-1
6,1,1179,494,327,270,1,-1,-1,-1
6,2,843,483,204,135,1,-1,-1,-1
6,3,174,905,459,126,1,-1,-1,-1
6,4,1620,342,160,69,1,-1,-1,-1
6,5,1020,1,768,282,1,-1,-1,-1
7,0,234,134,662,169,1,-1,-1,-1
7,1,1159,507,327,270,1,-1,-1,-1
7,2,837,487,204,135,1,-1,-1,-1
7,3,174,901,459,126,1,-1,-1,-1
7,4,1603,347,152,65,1,-1,-1,-1
7,5,1023,3,731,269,1,-1,-1,-1
8,0,203,136,630,161,1,-1,-1,-1
8,1,1145,515,327,270,1,-1,-1,-1
8,2,830,491,204,135,1,-1,-1,-1
8,3,173,898,459,126,1,-1,-1,-1
8,4,1576,351,152,65,1,-1,-1,-1
8,5,1008,3,731,269,1,-1,-1,-1
9,0,177,138,633,156,1,-1,-1,-1
9,1,1095,531,360,270,1,-1,-1,-1
9,2,825,495,189,135,1,-1,-1,-1
9,3,114,891,534,132,1,-1,-1,-1
9,4,1576,351,152,65,1,-1,-1,-1
9,5,1008,3,731,269,1,-1,-1,-1
9,6,951,162,573,171,1,-1,-1,-1
9,7,1572,177,348,264,1,-1,-1,-1
9,8,1515,66,405,216,1,-1,-1,-1
10,0,164,139,633,156,1,-1,-1,-1
10,1,1084,538,360,270,1,-1,-1,-1
10,2,820,498,189,135,1,-1,-1,-1
10,3,117,890,534,132,1,-1,-1,-1
10,4,1533,359,152,65,1,-1,-1,-1
10,5,982,3,731,269,1,-1,-1,-1
10,6,930,163,573,171,1,-1,-1,-1
10,7,1553,176,348,264,1,-1,-1,-1
10,8,1497,64,405,216,1,-1,-1,-1
11,0,137,141,633,156,1,-1,-1,-1
11,1,1066,549,360,270,1,-1,-1,-1
11,2,814,501,189,135,1,-1,-1,-1
11,3,133,891,509,126,1,-1,-1,-1
11,4,1519,364,145,62,1,-1,-1,-1
11,5,986,0,731,267,1,-1,-1,-1
11,6,909,167,573,171,1,-1,-1,-1
11,7,1532,175,348,264,1,-1,-1,-1
11,8,1474,57,405,216,1,-1,-1,-1
12,0,100,139,665,164,1,-1,-1,-1
12,1,1048,561,360,270,1,-1,-1,-1
12,2,804,500,198,142,1,-1,-1,-1
12,3,134,886,509,126,1,-1,-1,-1
12,4,1497,369,145,62,1,-1,-1,-1
12,5,998,3,697,256,1,-1,-1,-1
12,6,890,172,573,171,1,-1,-1,-1
12,7,1510,175,348,264,1,-1,-1,-1
12,8,1448,50,405,216,1,-1,-1,-1
13,0,73,141,665,164,1,-1,-1,-1
13,1,1032,573,360,270,1,-1,-1,-1
13,2,796,504,198,142,1,-1,-1,-1
13,3,122,878,534,132,1,-1,-1,-1
13,4,1476,373,145,62,1,-1,-1,-1
13,5,1042,7,663,244,1,-1,-1,-1
13,6,826,163,602,180,1,-1,-1,-1
13,7,1487,175,348,264,1,-1,-1,-1
13,8,1424,42,405,216,1,-1,-1,-1
14,0,48,143,665,164,1,-1,-1,-1
14,1,1016,583,360,270,1,-1,-1,-1
14,2,790,507,198,142,1,-1,-1,-1
14,3,123,874,534,132,1,-1,-1,-1
14,4,1459,379,145,62,1,-1,-1,-1
14,5,1002,0,663,243,1,-1,-1,-1
14,6,815,163,602,180,1,-1,-1,-1
14,7,1461,167,348,264,1,-1,-1,-1
14,8,1398,35,405,216,1,-1,-1,-1
15,0,30,145,665,164,1,-1,-1,-1
15,1,998,593,360,270,1,-1,-1,-1
15,2,780,511,198,142,1,-1,-1,-1
15,3,129,868,534,132,1,-1,-1,-1
15,4,1435,381,145,62,1,-1,-1,-1
15,5,875,0,663,186,1,-1,-1,-1
15,6,794,166,602,180,1,-1,-1,-1
15,7,1446,174,348,264,1,-1,-1,-1
15,8,1385,34,386,206,1,-1,-1,-1
16,0,5,145,665,164,1,-1,-1,-1
16,1,981,604,360,270,1,-1,-1,-1
16,2,775,515,198,142,1,-1,-1,-1
16,3,115,861,561,139,1,-1,-1,-1
16,4,1422,385,138,59,1,-1,-1,-1
16,5,907,0,632,171,1,-1,-1,-1
16,6,781,176,573,171,1,-1,-1,-1
16,7,1426,164,348,264,1,-1,-1,-1
16,8,1359,26,386,206,1,-1,-1,-1
17,0,0,150,627,159,1,-1,-1,-1
17,1,924,609,417,291,1,-1,-1,-1
17,2,792,522,168,135,1,-1,-1,-1
17,3,115,861,561,139,1,-1,-1,-1
17,4,1422,385,138,59,1,-1,-1,-1
17,5,907,0,632,171,1,-1,-1,-1
17,6,828,141,462,228,1,-1,-1,-1
17,7,1426,164,348,264,1,-1,-1,-1
17,8,1359,26,386,206,1,-1,-1,-1
17,9,1338,15,558,300,1,-1,-1,-1
18,0,0,149,611,159,1,-1,-1,-1
18,1,911,614,417,291,1,-1,-1,-1
18,2,788,523,168,135,1,-1,-1,-1
18,3,111,860,561,139,1,-1,-1,-1
18,4,1382,389,138,59,1,-1,-1,-1
18,6,813,142,462,228,1,-1,-1,-1
18,7,1389,183,348,264,1,-1,-1,-1
18,8,1322,12,386,206,1,-1,-1,-1
18,9,1325,16,558,300,1,-1,-1,-1
19,0,0,155,604,159,1,-1,-1,-1
19,1,891,621,417,291,1,-1,-1,-1
19,2,778,521,176,142,1,-1,-1,-1
19,3,126,861,534,132,1,-1,-1,-1
19,4,1365,390,138,59,1,-1,-1,-1
19,6,794,138,462,228,1,-1,-1,-1
19,7,1364,194,348,264,1,-1,-1,-1
19,8,1291,5,386,206,1,-1,-1,-1
19,9,1308,13,558,300,1,-1,-1,-1
20,0,0,157,555,159,1,-1,-1,-1
20,1,875,629,417,291,1,-1,-1,-1
20,2,766,519,185,149,1,-1,-1,-1
20,3,113,861,561,139,1,-1,-1,-1
20,4,1343,389,145,62,1,-1,-1,-1
20,6,769,129,462,228,1,-1,-1,-1
20,7,1341,199,348,264,1,-1,-1,-1
20,8,1268,0,386,205,1,-1,-1,-1
20,9,1284,9,558,300,1,-1,-1,-1
21,0,0,155,565,167,1,-1,-1,-1
21,1,856,639,417,291,1,-1,-1,-1
21,2,765,527,176,142,1,-1,-1,-1
21,3,107,861,561,139,1,-1,-1,-1
21,4,1325,389,145,62,1,-1,-1,-1
21,6,740,126,462,228,1,-1,-1,-1
21,7,1325,199,348,264,1,-1,-1,-1
21,8,1246,0,386,199,1,-1,-1,-1
21,9,1259,7,558,300,1,-1,-1,-1
22,0,0,154,525,175,1,-1,-1,-1
22,1,836,648,417,291,1,-1,-1,-1
22,2,758,530,176,142,1,-1,-1,-1
22,3,90,857,589,146,1,-1,-1,-1
22,4,1314,389,138,59,1,-1,-1,-1
22,6,727,126,462,228,1,-1,-1,-1
22,7,1304,197,348,264,1,-1,-1,-1
22,8,1237,0,367,192,1,-1,-1,-1
22,9,1242,4,558,300,1,-1,-1,-1
23,0,0,157,496,175,1,-1,-1,-1
23,1,808,648,438,306,1,-1,-1,-1
23,2,752,533,176,142,1,-1,-1,-1
23,3,80,857,589,146,1,-1,-1,-1
23,4,1295,388,138,59,1,-1,-1,-1
23,6,718,128,440,217,1,-1,-1,-1
23,7,1300,190,348,264,1,-1,-1,-1
23,8,1220,0,350,180,1,-1,-1,-1
23,9,1227,6,558,300,1,-1,-1,-1
24,0,0,157,480,175,1,-1,-1,-1
24,1,787,655,438,306,1,-1,-1,-1
24,2,747,535,176,142,1,-1,-1,-1
24,3,28,856,589,146,1,-1,-1,-1
24,4,1277,387,138,59,1,-1,-1,-1
24,6,696,124,440,217,1,-1,-1,-1
24,7,1291,205,331,251,1,-1,-1,-1
24,8,1204,0,350,182,1,-1,-1,-1
24,9,1213,4,558,300,1,-1,-1,-1
25,0,0,177,447,171,1,-1,-1,-1
25,1,780,657,447,336,1,-1,-1,-1
25,2,726,540,192,147,1,-1,-1,-1
25,3,28,856,589,146,1,-1,-1,-1
25,4,1277,387,138,59,1,-1,-1,-1
25,6,669,99,423,204,1,-1,-1,-1
25,7,1291,205,331,251,1,-1,-1,-1
25,8,1204,0,350,182,1,-1,-1,-1
25,9,1158,3,540,222,1,-1,-1,-1
25,10,1293,369,372,126,1,-1,-1,-1
25,11,345,756,339,186,1,-1,-1,-1
26,0,0,178,430,171,1,-1,-1,-1
26,1,773,656,447,336,1,-1,-1,-1
26,2,720,541,192,147,1,-1,-1,-1
26,4,1239,383,138,59,1,-1,-1,-1
26,6,656,97,423,204,1,-1,-1,-1
26,7,1278,181,331,251,1,-1,-1,-1
26,8,1162,0,367,182,1,-1,-1,-1
26,9,1164,11,514,211,1,-1,-1,-1
26,10,1283,369,372,126,1,-1,-1,-1
26,11,351,753,339,186,1,-1,-1,-1
27,0,0,183,391,163,1,-1,-1,-1
27,1,765,656,447,336,1,-1,-1,-1
27,2,716,543,192,147,1,-1,-1,-1
27,4,1219,378,138,59,1,-1,-1,-1
27,6,633,90,423,204,1,-1,-1,-1
27,7,1263,175,331,251,1,-1,-1,-1
27,8,1140,0,367,178,1,-1,-1,-1
27,9,1142,9,514,211,1,-1,-1,-1
27,10,1262,371,354,120,1,-1,-1,-1
27,11,369,751,339,186,1,-1,-1,-1
28,0,0,185,394,163,1,-1,-1,-1
28,1,758,656,447,336,1,-1,-1,-1
28,2,709,543,192,147,1,-1,-1,-1
28,4,1203,374,138,59,1,-1,-1,-1
28,6,625,89,423,204,1,-1,-1,-1
28,7,1262,181,331,251,1,-1,-1,-1
28,8,1122,0,367,186,1,-1,-1,-1
28,9,1128,8,514,211,1,-1,-1,-1
28,10,1242,367,372,126,1,-1,-1,-1
28,11,379,747,339,186,1,-1,-1,-1
29,0,0,188,354,163,1,-1,-1,-1
29,1,761,656,447,336,1,-1,-1,-1
29,2,708,549,183,140,1,-1,-1,-1
29,4,1185,368,138,59,1,-1,-1,-1
29,6,595,82,423,204,1,-1,-1,-1
29,7,1236,176,331,251,1,-1,-1,-1
29,8,1079,0,350,172,1,-1,-1,-1
29,9,1113,8,514,211,1,-1,-1,-1
29,10,1217,363,372,126,1,-1,-1,-1
29,11,381,740,356,195,1,-1,-1,-1
30,0,0,193,321,163,1,-1,-1,-1
30,1,770,670,426,320,1,-1,-1,-1
30,2,704,552,174,133,1,-1,-1,-1
30,4,1166,362,138,59,1,-1,-1,-1
30,6,566,67,423,204,1,-1,-1,-1
30,7,1225,182,316,239,1,-1,-1,-1
30,8,1053,0,333,170,1,-1,-1,-1
30,9,1102,5,514,211,1,-1,-1,-1
30,10,1213,362,372,126,1,-1,-1,-1
30,11,397,737,356,195,1,-1,-1,-1
31,0,0,200,294,163,1,-1,-1,-1
31,1,763,674,426,320,1,-1,-1,-1
31,2,698,559,174,133,1,-1,-1,-1
31,4,1151,357,138,59,1,-1,-1,-1
31,6,541,62,423,204,1,-1,-1,-1
31,7,1228,185,301,228,1,-1,-1,-1
31,8,1037,0,317,165,1,-1,-1,-1
31,9,1083,2,514,211,1,-1,-1,-1
31,10,1192,361,354,120,1,-1,-1,-1
31,11,408,737,356,195,1,-1,-1,-1
32,0,0,206,290,163,1,-1,-1,-1
32,1,778,686,405,305,1,-1,-1,-1
32,2,692,562,174,133,1,-1,-1,-1
32,4,1134,352,138,59,1,-1,-1,-1
32,6,517,57,423,204,1,-1,-1,-1
32,7,1209,182,301,228,1,-1,-1,-1
32,8,1009,0,317,164,1,-1,-1,-1
32,9,1047,0,514,199,1,-1,-1,-1
32,10,1165,356,354,120,1,-1,-1,-1
32,11,411,734,374,205,1,-1,-1,-1
33,0,0,210,240,141,1,-1,-1,-1
33,1,768,594,330,360,1,-1,-1,-1
33,2,692,562,174,133,1,-1,-1,-1
33,4,1134,352,138,59,1,-1,-1,-1
33,6,471,66,444,156,1,-1,-1,-1
33,7,1209,182,301,228,1,-1,-1,-1
33,8,1009,0,317,164,1,-1,-1,-1
33,9,993,9,537,135,1,-1,-1,-1
33,10,1146,348,342,141,1,-1,-1,-1
33,11,411,734,374,205,1,-1,-1,-1
33,12,330,705,480,366,1,-1,-1,-1
33,13,1755,567,165,159,1,-1,-1,-1
34,0,0,214,221,141,1,-1,-1,-1
34,1,766,587,330,360,1,-1,-1,-1
34,2,678,559,174,133,1,-1,-1,-1
34,4,1095,342,132,56,1,-1,-1,-1
34,6,442,63,444,156,1,-1,-1,-1
34,7,1227,173,301,228,1,-1,-1,-1
34,8,972,0,317,163,1,-1,-1,-1
34,9,976,9,537,135,1,-1,-1,-1
34,10,1137,348,342,141,1,-1,-1,-1
34,11,433,729,392,215,1,-1,-1,-1
34,12,336,705,480,366,1,-1,-1,-1
34,13,1734,563,165,159,1,-1,-1,-1
35,0,0,218,201,141,1,-1,-1,-1
35,1,763,570,330,360,1,-1,-1,-1
35,2,673,560,174,133,1,-1,-1,-1
35,4,1079,333,132,56,1,-1,-1,-1
35,6,434,63,444,156,1,-1,-1,-1
35,8,938,5,317,169,1,-1,-1,-1
35,9,969,7,537,135,1,-1,-1,-1
35,10,1109,343,342,141,1,-1,-1,-1
35,11,436,734,392,215,1,-1,-1,-1
35,12,333,697,504,383,1,-1,-1,-1
35,13,1704,558,165,159,1,-1,-1,-1
36,0,0,234,158,141,1,-1,-1,-1
36,1,758,561,330,360,1,-1,-1,-1
36,2,663,561,174,133,1,-1,-1,-1
36,6,412,67,423,149,1,-1,-1,-1
36,8,906,7,317,169,1,-1,-1,-1
36,9,928,9,537,135,1,-1,-1,-1
36,10,1091,337,342,141,1,-1,-1,-1
36,11,445,731,392,215,1,-1,-1,-1
36,12,340,696,504,384,1,-1,-1,-1
36,13,1679,552,165,159,1,-1,-1,-1
37,0,0,238,130,141,1,-1,-1,-1
37,1,755,554,346,378,1,-1,-1,-1
37,2,664,582,166,127,1,-1,-1,-1
37,6,386,61,423,149,1,-1,-1,-1
37,9,917,11,537,135,1,-1,-1,-1
37,10,1072,332,342,141,1,-1,-1,-1
37,11,461,740,374,205,1,-1,-1,-1
37,12,347,696,504,384,1,-1,-1,-1
37,13,1657,552,157,151,1,-1,-1,-1
38,0,0,243,111,141,1,-1,-1,-1
38,1,758,552,346,378,1,-1,-1,-1
38,2,662,585,166,127,1,-1,-1,-1
38,6,366,56,423,149,1,-1,-1,-1
38,9,895,7,564,142,1,-1,-1,-1
38,10,1061,330,342,141,1,-1,-1,-1
38,11,487,729,374,205,1,-1,-1,-1
38,12,350,695,504,384,1,-1,-1,-1
38,13,1635,543,157,151,1,-1,-1,-1
39,0,0,252,99,134,1,-1,-1,-1
39,1,772,565,346,378,1,-1,-1,-1
39,2,651,590,166,127,1,-1,-1,-1
39,6,339,52,423,149,1,-1,-1,-1
39,9,846,10,564,142,1,-1,-1,-1
39,10,1043,325,326,134,1,-1,-1,-1
39,11,475,717,392,215,1,-1,-1,-1
39,12,353,692,504,384,1,-1,-1,-1
39,13,1612,532,157,151,1,-1,-1,-1
40,0,0,251,119,134,1,-1,-1,-1
40,1,773,584,364,397,1,-1,-1,-1
40,2,644,587,174,133,1,-1,-1,-1
40,6,324,54,423,149,1,-1,-1,-1
40,9,838,13,564,142,1,-1,-1,-1
40,10,1039,323,326,134,1,-1,-1,-1
40,11,467,723,412,226,1,-1,-1,-1
40,12,366,690,504,384,1,-1,-1,-1
40,13,1589,527,157,151,1,-1,-1,-1
41,0,0,251,119,134,1,-1,-1,-1
41,1,773,584,364,397,1,-1,-1,-1
41,2,644,587,174,133,1,-1,-1,-1
41,6,324,54,423,149,1,-1,-1,-1
41,9,831,3,498,165,1,-1,-1,-1
41,10,1014,300,309,144,1,-1,-1,-1
41,11,467,723,412,226,1,-1,-1,-1
41,12,351,705,516,351,1,-1,-1,-1
41,13,1589,527,157,151,1,-1,-1,-1
41,14,1572,564,345,138,1,-1,-1,-1
41,15,747,372,219,537,1,-1,-1,-1
41,16,1572,93,348,138,1,-1,-1,-1
41,17,1497,0,345,84,1,-1,-1,-1
42,0,0,223,112,134,1,-1,-1,-1
42,1,786,584,364,397,1,-1,-1,-1
42,2,634,591,174,133,1,-1,-1,-1
42,6,250,42,444,156,1,-1,-1,-1
42,9,816,3,498,165,1,-1,-1,-1
42,10,999,298,309,144,1,-1,-1,-1
42,11,453,767,412,226,1,-1,-1,-1
42,12,356,702,516,351,1,-1,-1,-1
42,13,1550,508,157,151,1,-1,-1,-1
42,14,1547,559,362,145,1,-1,-1,-1
42,15,746,358,219,537,1,-1,-1,-1
42,16,1537,91,348,138,1,-1,-1,-1
42,17,1477,0,345,84,1,-1,-1,-1
43,0,0,218,122,134,1,-1,-1,-1
43,1,765,575,382,417,1,-1,-1,-1
43,2,632,601,166,127,1,-1,-1,-1
43,6,227,43,423,149,1,-1,-1,-1
43,9,795,3,498,165,1,-1,-1,-1
43,10,986,295,309,144,1,-1,-1,-1
43,11,451,781,412,226,1,-1,-1,-1
43,12,367,700,516,351,1,-1,-1,-1
43,13,1531,495,157,151,1,-1,-1,-1
43,14,1535,553,362,145,1,-1,-1,-1
43,15,744,327,219,537,1,-1,-1,-1
43,16,1505,86,348,138,1,-1,-1,-1
43,17,1465,0,345,81,1,-1,-1,-1
44,0,0,187,112,141,1,-1,-1,-1
44,1,760,590,382,417,1,-1,-1,-1
44,6,200,38,444,156,1,-1,-1,-1
44,9,782,3,498,165,1,-1,-1,-1
44,10,968,288,309,144,1,-1,-1,-1
44,11,441,791,412,226,1,-1,-1,-1
44,12,384,698,516,351,1,-1,-1,-1
44,13,1499,479,165,159,1,-1,-1,-1
44,14,1504,540,362,145,1,-1,-1,-1
44,15,736,302,230,564,1,-1,-1,-1
44,16,1478,84,331,131,1,-1,-1,-1
44,17,1438,0,345,79,1,-1,-1,-1
45,0,0,209,107,134,1,-1,-1,-1
45,1,750,604,382,417,1,-1,-1,-1
45,6,168,39,444,156,1,-1,-1,-1
45,9,757,8,498,165,1,-1,-1,-1
45,10,950,280,309,144,1,-1,-1,-1
45,12,399,700,516,351,1,-1,-1,-1
45,13,1483,473,165,159,1,-1,-1,-1
45,14,1480,534,362,145,1,-1,-1,-1
45,15,730,271,241,592,1,-1,-1,-1
45,16,1455,84,316,125,1,-1,-1,-1
45,17,1404,0,362,81,1,-1,-1,-1
46,0,0,198,106,141,1,-1,-1,-1
46,1,744,662,364,397,1,-1,-1,-1
46,6,146,38,466,164,1,-1,-1,-1
46,9,751,12,498,165,1,-1,-1,-1
46,10,936,279,309,144,1,-1,-1,-1
46,12,404,692,542,369,1,-1,-1,-1
46,13,1463,473,157,151,1,-1,-1,-1
46,14,1468,532,362,145,1,-1,-1,-1
46,15,741,240,230,564,1,-1,-1,-1
46,16,1420,81,316,125,1,-1,-1,-1
46,17,1396,0,362,77,1,-1,-1,-1
47,0,0,188,104,134,1,-1,-1,-1
47,9,723,13,523,173,1,-1,-1,-1
47,10,918,273,309,144,1,-1,-1,-1
47,12,414,700,542,369,1,-1,-1,-1
47,13,1446,467,157,151,1,-1,-1,-1
47,14,1443,521,362,145,1,-1,-1,-1
47,15,743,230,230,564,1,-1,-1,-1
47,16,1389,78,316,125,1,-1,-1,-1
47,17,1376,0,345,73,1,-1,-1,-1
48,9,709,29,498,165,1,-1,-1,-1
48,10,907,271,309,144,1,-1,-1,-1
48,12,441,717,516,351,1,-1,-1,-1
48,13,1434,465,150,144,1,-1,-1,-1
48,14,1425,517,345,138,1,-1,-1,-1
48,15,738,198,241,592,1,-1,-1,-1
48,16,1361,74,316,125,1,-1,-1,-1
48,17,1375,0,345,73,1,-1,-1,-1
49,9,709,29,498,165,1,-1,-1,-1
49,10,907,271,309,144,1,-1,-1,-1
49,12,489,639,591,429,1,-1,-1,-1
49,13,1434,465,150,144,1,-1,-1,-1
49,14,1404,534,375,159,1,-1,-1,-1
49,15,738,198,241,592,1,-1,-1,-1
49,16,1361,74,316,125,1,-1,-1,-1
49,17,1375,0,345,73,1,-1,-1,-1
49,18,1332,60,588,282,1,-1,-1,-1
49,19,42,48,561,168,1,-1,-1,-1
50,9,663,37,474,157,1,-1,-1,-1
50,10,874,266,309,144,1,-1,-1,-1
50,12,500,640,591,429,1,-1,-1,-1
50,13,1450,462,150,144,1,-1,-1,-1
50,14,1397,533,375,159,1,-1,-1,-1
50,15,743,167,230,564,1,-1,-1,-1
50,16,1301,71,316,125,1,-1,-1,-1
50,17,1346,0,345,72,1,-1,-1,-1
50,18,1311,59,588,282,1,-1,-1,-1
50,19,32,48,561,168,1,-1,-1,-1
51,9,653,42,474,157,1,-1,-1,-1
51,10,873,267,294,137,1,-1,-1,-1
51,12,511,645,591,429,1,-1,-1,-1
51,13,1433,453,157,151,1,-1,-1,-1
51,14,1374,526,375,159,1,-1,-1,-1
51,15,743,143,241,592,1,-1,-1,-1
51,16,1280,73,301,119,1,-1,-1,-1
51,17,1335,0,329,70,1,-1,-1,-1
51,18,1277,58,588,282,1,-1,-1,-1
51,19,21,54,561,168,1,-1,-1,-1
52,9,618,41,498,165,1,-1,-1,-1
52,10,869,267,280,131,1,-1,-1,-1
52,12,526,648,591,429,1,-1,-1,-1
52,14,1352,520,375,159,1,-1,-1,-1
52,15,745,124,241,592,1,-1,-1,-1
52,16,1252,71,301,119,1,-1,-1,-1
52,17,1322,0,329,70,1,-1,-1,-1
52,18,1253,57,588,282,1,-1,-1,-1
52,19,0,58,539,168,1,-1,-1,-1
53,9,613,46,498,165,1,-1,-1,-1
53,10,853,263,280,131,1,-1,-1,-1
53,12,537,651,591,429,1,-1,-1,-1
53,14,1347,521,357,151,1,-1,-1,-1
53,15,764,240,241,592,1,-1,-1,-1
53,16,1230,73,286,114,1,-1,-1,-1
53,17,1301,0,313,69,1,-1,-1,-1
53,18,1221,57,588,282,1,-1,-1,-1
53,19,0,63,540,168,1,-1,-1,-1
54,9,581,66,498,165,1,-1,-1,-1
54,10,851,258,280,131,1,-1,-1,-1
54,12,551,652,591,428,1,-1,-1,-1
54,14,1335,517,357,151,1,-1,-1,-1
54,15,772,235,241,592,1,-1,-1,-1
54,16,1201,72,286,114,1,-1,-1,-1
54,18,1186,56,588,282,1,-1,-1,-1
54,19,0,65,508,168,1,-1,-1,-1
55,9,543,74,498,165,1,-1,-1,-1
55,10,853,251,280,131,1,-1,-1,-1
55,12,567,655,591,425,1,-1,-1,-1
55,14,1312,507,357,151,1,-1,-1,-1
55,16,1175,73,286,114,1,-1,-1,-1
55,18,1162,52,588,282,1,-1,-1,-1
55,19,0,74,500,160,1,-1,-1,-1
56,9,542,81,498,165,1,-1,-1,-1
56,10,848,244,280,131,1,-1,-1,-1
56,12,581,658,591,422,1,-1,-1,-1
56,14,1299,505,357,151,1,-1,-1,-1
56,16,1148,73,286,114,1,-1,-1,-1
56,18,1134,46,617,296,1,-1,-1,-1
56,19,0,74,496,160,1,-1,-1,-1
57,9,542,81,498,165,1,-1,-1,-1
57,10,848,244,280,131,1,-1,-1,-1
57,12,597,621,642,423,1,-1,-1,-1
57,14,1281,486,342,150,1,-1,-1,-1
57,16,1148,73,286,114,1,-1,-1,-1
57,18,1119,54,678,189,1,-1,-1,-1
57,19,0,74,496,160,1,-1,-1,-1
57,20,531,108,537,501,1,-1,-1,-1
58,10,864,239,280,131,1,-1,-1,-1
58,12,609,621,642,423,1,-1,-1,-1
58,14,1272,484,342,150,1,-1,-1,-1
58,16,1101,73,286,114,1,-1,-1,-1
58,18,1106,51,678,189,1,-1,-1,-1
58,19,0,76,491,160,1,-1,-1,-1
58,20,533,102,537,501,1,-1,-1,-1
59,10,877,233,280,131,1,-1,-1,-1
59,12,625,624,642,423,1,-1,-1,-1
59,14,1259,481,342,150,1,-1,-1,-1
59,16,1075,75,286,114,1,-1,-1,-1
59,18,1083,50,678,189,1,-1,-1,-1
59,19,0,78,473,152,1,-1,-1,-1
59,20,535,92,537,501,1,-1,-1,-1
60,10,870,209,280,131,1,-1,-1,-1
60,12,643,624,642,423,1,-1,-1,-1
60,14,1243,477,342,150,1,-1,-1,-1
60,16,1058,77,273,108,1,-1,-1,-1
60,18,1051,45,712,198,1,-1,-1,-1
60,19,0,83,430,152,1,-1,-1,-1
60,20,541,81,537,501,1,-1,-1,-1
61,10,888,206,267,124,1,-1,-1,-1
61,12,660,625,642,423,1,-1,-1,-1
61,14,1220,469,359,158,1,-1,-1,-1
61,16,1035,78,273,108,1,-1,-1,-1
61,18,1024,47,678,189,1,-1,-1,-1
61,19,0,81,438,152,1,-1,-1,-1
61,20,542,70,537,501,1,-1,-1,-1
62,10,872,189,254,118,1,-1,-1,-1
62,12,683,629,642,423,1,-1,-1,-1
62,14,1213,464,359,158,1,-1,-1,-1
62,16,1015,80,273,108,1,-1,-1,-1
62,18,1015,45,678,189,1,-1,-1,-1
62,19,6,80,509,152,1,-1,-1,-1
62,20,537,72,537,501,1,-1,-1,-1
63,10,863,171,242,113,1,-1,-1,-1
63,12,706,629,642,423,1,-1,-1,-1
63,14,1191,449,359,158,1,-1,-1,-1
63,16,992,80,273,108,1,-1,-1,-1
63,18,995,46,678,189,1,-1,-1,-1
63,19,38,92,509,152,1,-1,-1,-1
63,20,531,90,537,501,1,-1,-1,-1
64,10,833,195,242,113,1,-1,-1,-1
64,12,739,632,642,423,1,-1,-1,-1
64,14,1178,449,359,158,1,-1,-1,-1
64,16,970,80,273,108,1,-1,-1,-1
64,18,979,47,678,189,1,-1,-1,-1
64,20,549,88,537,501,1,-1,-1,-1
65,10,833,195,242,113,1,-1,-1,-1
65,12,720,642,732,426,1,-1,-1,-1
65,14,1167,444,345,144,1,-1,-1,-1
65,16,970,80,273,108,1,-1,-1,-1
65,18,963,48,648,180,1,-1,-1,-1
65,20,549,88,537,501,1,-1,-1,-1
65,21,384,33,669,306,1,-1,-1,-1
65,22,1785,252,135,123,1,-1,-1,-1
66,12,734,639,732,426,1,-1,-1,-1
66,14,1162,441,345,144,1,-1,-1,-1
66,16,916,80,286,114,1,-1,-1,-1
66,18,954,48,648,180,1,-1,-1,-1
66,20,587,82,537,501,1,-1,-1,-1
66,21,376,29,669,306,1,-1,-1,-1
66,22,1786,255,134,123,1,-1,-1,-1
67,12,751,638,732,426,1,-1,-1,-1
67,14,1153,440,345,144,1,-1,-1,-1
67,16,913,89,273,108,1,-1,-1,-1
67,18,935,47,648,180,1,-1,-1,-1
67,20,631,84,537,501,1,-1,-1,-1
67,21,383,33,637,291,1,-1,-1,-1
67,22,1790,256,130,123,1,-1,-1,-1
68,12,788,651,697,406,1,-1,-1,-1
68,14,1142,438,345,144,1,-1,-1,-1
68,16,892,90,273,108,1,-1,-1,-1
68,18,907,47,648,180,1,-1,-1,-1
68,20,641,87,537,501,1,-1,-1,-1
68,21,382,36,607,278,1,-1,-1,-1
68,22,1793,260,127,123,1,-1,-1,-1
69,12,804,649,697,406,1,-1,-1,-1
69,14,1124,432,362,151,1,-1,-1,-1
69,16,859,91,273,108,1,-1,-1,-1
69,18,908,52,617,171,1,-1,-1,-1
69,20,645,89,537,501,1,-1,-1,-1
69,21,361,34,637,291,1,-1,-1,-1
69,22,1793,258,127,129,1,-1,-1,-1
70,12,823,653,697,406,1,-1,-1,-1
70,14,1105,427,362,151,1,-1,-1,-1
70,16,841,92,273,108,1,-1,-1,-1
70,18,899,52,617,171,1,-1,-1,-1
70,20,664,61,537,501,1,-1,-1,-1
70,21,363,38,637,291,1,-1,-1,-1
70,22,1792,264,128,129,1,-1,-1,-1
71,12,839,644,732,426,1,-1,-1,-1
71,14,1100,423,362,151,1,-1,-1,-1
71,16,825,96,260,103,1,-1,-1,-1
71,18,861,52,617,171,1,-1,-1,-1
71,20,664,70,537,501,1,-1,-1,-1
71,21,335,37,637,291,1,-1,-1,-1
71,22,1794,265,126,129,1,-1,-1,-1
72,12,841,634,769,446,1,-1,-1,-1
72,14,1098,418,362,151,1,-1,-1,-1
72,16,825,103,260,103,1,-1,-1,-1
72,18,852,55,617,171,1,-1,-1,-1
72,21,308,35,669,306,1,-1,-1,-1
72,22,1796,271,124,123,1,-1,-1,-1
73,12,879,678,753,396,1,-1,-1,-1
73,14,1101,417,321,129,1,-1,-1,-1
73,16,825,103,260,103,1,-1,-1,-1
73,18,825,51,615,186,1,-1,-1,-1
73,21,6,21,906,345,1,-1,-1,-1
73,22,1796,271,124,123,1,-1,-1,-1
73,23,1584,21,336,186,1,-1,-1,-1
74,12,900,678,753,396,1,-1,-1,-1
74,14,1097,416,321,129,1,-1,-1,-1
74,16,795,109,273,108,1,-1,-1,-1
74,18,819,50,615,186,1,-1,-1,-1
74,21,0,20,904,345,1,-1,-1,-1
74,22,1795,271,125,123,1,-1,-1,-1
74,23,1575,21,336,186,1,-1,-1,-1
75,12,925,681,753,396,1,-1,-1,-1
75,14,1086,415,321,129,1,-1,-1,-1
75,16,776,124,273,108,1,-1,-1,-1
75,18,798,49,615,186,1,-1,-1,-1
75,21,11,27,863,329,1,-1,-1,-1
75,22,1799,270,121,123,1,-1,-1,-1
75,23,1571,19,336,186,1,-1,-1,-1
76,12,954,684,753,396,1,-1,-1,-1
76,14,1085,415,306,123,1,-1,-1,-1
76,18,783,50,615,186,1,-1,-1,-1
76,21,10,36,822,313,1,-1,-1,-1
76,22,1793,271,127,123,1,-1,-1,-1
76,23,1559,22,336,186,1,-1,-1,-1
77,12,977,690,753,390,1,-1,-1,-1
77,14,1071,413,306,123,1,-1,-1,-1
77,18,773,54,615,186,1,-1,-1,-1
77,21,0,36,815,313,1,-1,-1,-1
77,22,1775,284,135,123,1,-1,-1,-1
77,23,1545,23,336,186,1,-1,-1,-1
78,12,984,687,791,393,1,-1,-1,-1
78,14,1056,407,321,129,1,-1,-1,-1
78,18,756,56,615,186,1,-1,-1,-1
78,21,0,29,834,329,1,-1,-1,-1
78,22,1777,301,135,123,1,-1,-1,-1
78,23,1540,25,336,186,1,-1,-1,-1
79,12,1013,690,791,390,1,-1,-1,-1
79,14,1046,403,321,129,1,-1,-1,-1
79,18,728,61,615,186,1,-1,-1,-1
79,21,0,29,831,329,1,-1,-1,-1
79,22,1775,310,135,123,1,-1,-1,-1
79,23,1517,22,353,195,1,-1,-1,-1
80,12,1039,698,791,382,1,-1,-1,-1
80,14,1046,404,306,123,1,-1,-1,-1
80,18,722,64,615,186,1,-1,-1,-1
80,21,0,36,813,329,1,-1,-1,-1
80,23,1507,22,353,195,1,-1,-1,-1
81,12,1089,651,708,423,1,-1,-1,-1
81,14,1020,393,330,135,1,-1,-1,-1
81,18,717,63,558,261,1,-1,-1,-1
81,21,24,0,747,366,1,-1,-1,-1
81,23,1509,9,411,213,1,-1,-1,-1
82,12,1100,653,708,423,1,-1,-1,-1
82,14,1014,392,330,135,1,-1,-1,-1
82,18,711,66,558,261,1,-1,-1,-1
82,21,11,1,747,366,1,-1,-1,-1
82,23,1502,10,411,213,1,-1,-1,-1
83,12,1118,654,708,423,1,-1,-1,-1
83,14,1005,392,330,135,1,-1,-1,-1
83,18,701,70,558,261,1,-1,-1,-1
83,21,2,7,747,366,1,-1,-1,-1
83,23,1497,10,411,213,1,-1,-1,-1
84,12,1132,656,708,423,1,-1,-1,-1
84,14,998,391,330,135,1,-1,-1,-1
84,18,683,75,558,261,1,-1,-1,-1
84,21,13,21,711,349,1,-1,-1,-1
84,23,1490,12,411,213,1,-1,-1,-1
85,12,1145,661,708,419,1,-1,-1,-1
85,14,993,391,330,135,1,-1,-1,-1
85,18,671,80,558,261,1,-1,-1,-1
85,21,6,30,711,349,1,-1,-1,-1
85,23,1477,17,411,213,1,-1,-1,-1
86,12,1173,679,674,401,1,-1,-1,-1
86,14,967,386,330,135,1,-1,-1,-1
86,18,653,82,586,274,1,-1,-1,-1
86,21,0,22,701,366,1,-1,-1,-1
86,23,1465,14,432,224,1,-1,-1,-1
87,12,1197,682,674,398,1,-1,-1,-1
87,14,965,386,330,135,1,-1,-1,-1
87,18,631,80,615,288,1,-1,-1,-1
87,21,0,32,709,366,1,-1,-1,-1
87,23,1463,21,432,224,1,-1,-1,-1
88,12,1214,685,674,395,1,-1,-1,-1
88,14,954,384,330,135,1,-1,-1,-1
88,18,614,78,615,288,1,-1,-1,-1
88,21,0,32,717,366,1,-1,-1,-1
88,23,1439,23,432,224,1,-1,-1,-1
89,12,1214,685,674,395,1,-1,-1,-1
89,14,957,384,303,123,1,-1,-1,-1
89,18,612,102,507,297,1,-1,-1,-1
89,21,6,15,714,474,1,-1,-1,-1
89,23,1439,23,432,224,1,-1,-1,-1
89,24,1434,66,432,93,1,-1,-1,-1
89,25,1512,345,276,96,1,-1,-1,-1
90,12,1279,689,641,391,1,-1,-1,-1
90,14,951,384,303,123,1,-1,-1,-1
90,18,603,106,507,297,1,-1,-1,-1
90,21,0,18,709,474,1,-1,-1,-1
90,23,1434,24,432,224,1,-1,-1,-1
90,24,1429,66,432,93,1,-1,-1,-1
90,25,1510,346,276,96,1,-1,-1,-1
91,12,1339,700,581,380,1,-1,-1,-1
91,14,942,384,303,123,1,-1,-1,-1
91,18,593,106,507,297,1,-1,-1,-1
91,21,0,19,699,474,1,-1,-1,-1
91,23,1410,27,432,224,1,-1,-1,-1
91,24,1411,65,454,98,1,-1,-1,-1
91,25,1495,342,276,96,1,-1,-1,-1
92,12,1365,703,555,377,1,-1,-1,-1
92,14,932,380,303,123,1,-1,-1,-1
92,18,574,109,507,297,1,-1,-1,-1
92,21,0,24,690,474,1,-1,-1,-1
92,23,1408,27,432,224,1,-1,-1,-1
92,24,1405,65,454,98,1,-1,-1,-1
92,25,1482,339,276,96,1,-1,-1,-1
93,12,1395,708,525,372,1,-1,-1,-1
93,14,923,378,303,123,1,-1,-1,-1
93,18,564,113,507,297,1,-1,-1,-1
93,21,0,30,680,474,1,-1,-1,-1
93,23,1393,23,453,235,1,-1,-1,-1
93,24,1390,64,454,98,1,-1,-1,-1
93,25,1478,337,276,96,1,-1,-1,-1
94,12,1412,703,508,377,1,-1,-1,-1
94,14,909,375,303,123,1,-1,-1,-1
94,18,539,109,532,312,1,-1,-1,-1
94,21,0,42,655,451,1,-1,-1,-1
94,23,1382,19,453,235,1,-1,-1,-1
94,24,1376,64,454,98,1,-1,-1,-1
94,25,1460,334,276,96,1,-1,-1,-1
95,12,1427,705,493,375,1,-1,-1,-1
95,14,910,375,303,123,1,-1,-1,-1
95,18,527,110,532,312,1,-1,-1,-1
95,21,0,46,641,451,1,-1,-1,-1
95,23,1358,19,453,235,1,-1,-1,-1
95,24,1376,67,432,93,1,-1,-1,-1
95,25,1455,332,276,96,1,-1,-1,-1
96,12,1456,714,464,365,1,-1,-1,-1
96,14,892,373,289,117,1,-1,-1,-1
96,18,513,113,532,312,1,-1,-1,-1
96,21,0,33,648,474,1,-1,-1,-1
96,23,1355,20,453,235,1,-1,-1,-1
96,24,1377,69,432,93,1,-1,-1,-1
96,25,1443,331,276,96,1,-1,-1,-1
97,12,1456,714,464,365,1,-1,-1,-1
97,14,897,372,279,102,1,-1,-1,-1
97,18,438,114,567,318,1,-1,-1,-1
97,21,0,33,648,474,1,-1,-1,-1
97,23,1355,20,453,235,1,-1,-1,-1
97,24,1347,57,414,105,1,-1,-1,-1
97,25,1446,336,252,84,1,-1,-1,-1
97,26,1713,171,207,108,1,-1,-1,-1
97,27,0,123,408,405,1,-1,-1,-1
98,12,1518,731,402,349,1,-1,-1,-1
98,14,893,371,279,102,1,-1,-1,-1
98,18,435,117,567,318,1,-1,-1,-1
98,21,0,30,630,474,1,-1,-1,-1
98,23,1348,19,453,235,1,-1,-1,-1
98,24,1344,57,414,105,1,-1,-1,-1
98,25,1440,336,252,84,1,-1,-1,-1
98,26,1694,168,207,108,1,-1,-1,-1
98,27,0,126,401,405,1,-1,-1,-1
99,12,1552,728,368,352,1,-1,-1,-1
99,14,878,370,279,102,1,-1,-1,-1
99,18,416,117,567,318,1,-1,-1,-1
99,21,0,31,623,474,1,-1,-1,-1
99,23,1329,11,453,235,1,-1,-1,-1
99,24,1334,58,414,105,1,-1,-1,-1
99,25,1428,336,252,84,1,-1,-1,-1
99,26,1664,165,207,108,1,-1,-1,-1
99,27,0,132,392,405,1,-1,-1,-1
100,12,1575,730,345,350,1,-1,-1,-1
100,14,871,370,279,102,1,-1,-1,-1
100,18,408,117,567,318,1,-1,-1,-1
100,21,0,34,614,474,1,-1,-1,-1
100,23,1312,1,476,247,1,-1,-1,-1
100,24,1326,56,414,105,1,-1,-1,-1
100,25,1417,337,252,84,1,-1,-1,-1
100,26,1640,162,207,108,1,-1,-1,-1
100,27,0,137,379,405,1,-1,-1,-1
101,12,1591,729,329,351,1,-1,-1,-1
101,14,856,368,293,107,1,-1,-1,-1
101,18,384,108,595,334,1,-1,-1,-1
101,21,0,32,618,474,1,-1,-1,-1
101,23,1281,8,476,247,1,-1,-1,-1
101,24,1307,55,414,105,1,-1,-1,-1
101,25,1409,337,252,84,1,-1,-1,-1
101,26,1613,159,207,108,1,-1,-1,-1
101,27,0,142,366,405,1,-1,-1,-1
102,14,848,370,293,107,1,-1,-1,-1
102,18,371,107,595,334,1,-1,-1,-1
102,21,0,21,613,474,1,-1,-1,-1
102,23,1278,12,453,235,1,-1,-1,-1
102,24,1312,56,394,100,1,-1,-1,-1
102,25,1402,340,252,84,1,-1,-1,-1
102,26,1588,158,207,108,1,-1,-1,-1
102,27,0,139,365,405,1,-1,-1,-1
103,14,835,368,293,107,1,-1,-1,-1
103,18,349,109,595,334,1,-1,-1,-1
103,21,0,13,618,474,1,-1,-1,-1
103,23,1285,18,432,224,1,-1,-1,-1
103,24,1302,58,394,100,1,-1,-1,-1
103,25,1391,341,252,84,1,-1,-1,-1
103,26,1563,156,207,108,1,-1,-1,-1
103,27,0,164,305,405,1,-1,-1,-1
104,14,830,368,293,107,1,-1,-1,-1
104,18,341,114,595,334,1,-1,-1,-1
104,21,0,5,634,474,1,-1,-1,-1
104,23,1255,12,432,224,1,-1,-1,-1
104,24,1297,60,394,100,1,-1,-1,-1
104,25,1375,342,265,88,1,-1,-1,-1
104,26,1545,156,197,103,1,-1,-1,-1
104,27,0,207,265,386,1,-1,-1,-1
105,14,813,378,285,69,1,-1,-1,-1
105,18,315,240,534,201,1,-1,-1,-1
105,21,0,5,634,474,1,-1,-1,-1
105,23,1284,60,363,165,1,-1,-1,-1
105,24,1297,60,394,100,1,-1,-1,-1
105,25,1375,342,265,88,1,-1,-1,-1
105,26,1545,156,197,103,1,-1,-1,-1
105,27,0,207,265,386,1,-1,-1,-1
105,28,1518,141,402,171,1,-1,-1,-1
105,29,573,3,429,72,1,-1,-1,-1
105,30,321,63,294,114,1,-1,-1,-1
106,14,799,376,299,72,1,-1,-1,-1
106,18,302,239,534,201,1,-1,-1,-1
106,21,0,8,591,451,1,-1,-1,-1
106,23,1275,59,363,165,1,-1,-1,-1
106,24,1273,63,376,95,1,-1,-1,-1
106,25,1359,345,252,84,1,-1,-1,-1
106,26,1500,151,197,103,1,-1,-1,-1
106,27,0,252,217,367,1,-1,-1,-1
106,28,1502,140,402,171,1,-1,-1,-1
106,29,565,3,429,72,1,-1,-1,-1
106,30,315,61,294,114,1,-1,-1,-1
107,14,787,375,299,72,1,-1,-1,-1
107,18,280,247,509,191,1,-1,-1,-1
107,21,0,12,578,430,1,-1,-1,-1
107,23,1255,56,363,165,1,-1,-1,-1
107,24,1266,66,376,95,1,-1,-1,-1
107,25,1348,347,252,84,1,-1,-1,-1
107,26,1470,147,197,103,1,-1,-1,-1
107,27,0,260,198,367,1,-1,-1,-1
107,28,1465,131,422,180,1,-1,-1,-1
107,29,566,4,429,72,1,-1,-1,-1
107,30,303,58,294,114,1,-1,-1,-1
108,14,777,375,299,72,1,-1,-1,-1
108,18,258,245,534,201,1,-1,-1,-1
108,21,0,9,570,430,1,-1,-1,-1
108,23,1262,62,346,157,1,-1,-1,-1
108,24,1261,66,376,95,1,-1,-1,-1
108,25,1344,349,252,84,1,-1,-1,-1
108,26,1445,142,197,103,1,-1,-1,-1
108,27,0,264,194,367,1,-1,-1,-1
108,28,1442,127,422,180,1,-1,-1,-1
108,29,526,0,450,76,1,-1,-1,-1
108,30,297,53,294,114,1,-1,-1,-1
109,14,767,377,285,69,1,-1,-1,-1
109,18,233,247,534,201,1,-1,-1,-1
109,21,0,2,563,430,1,-1,-1,-1
109,23,1247,64,346,157,1,-1,-1,-1
109,24,1254,63,376,95,1,-1,-1,-1
109,25,1332,351,240,80,1,-1,-1,-1
109,26,1424,138,197,103,1,-1,-1,-1
109,27,0,269,192,350,1,-1,-1,-1
109,28,1412,119,422,180,1,-1,-1,-1
109,29,510,0,450,75,1,-1,-1,-1
109,30,272,42,309,120,1,-1,-1,-1
110,14,753,377,299,72,1,-1,-1,-1
110,18,212,248,534,201,1,-1,-1,-1
110,23,1248,63,346,157,1,-1,-1,-1
110,24,1228,59,376,95,1,-1,-1,-1
110,25,1320,348,252,84,1,-1,-1,-1
110,26,1400,135,197,103,1,-1,-1,-1
110,27,0,189,239,350,1,-1,-1,-1
110,28,1388,117,422,180,1,-1,-1,-1
110,29,498,0,450,76,1,-1,-1,-1
110,30,263,39,309,120,1,-1,-1,-1
111,14,748,377,285,69,1,-1,-1,-1
111,18,175,244,561,211,1,-1,-1,-1
111,23,1238,64,346,157,1,-1,-1,-1
111,24,1220,53,394,100,1,-1,-1,-1
111,25,1319,349,240,80,1,-1,-1,-1
111,26,1372,131,197,103,1,-1,-1,-1
111,27,0,137,309,350,1,-1,-1,-1
111,28,1363,111,422,180,1,-1,-1,-1
111,29,496,0,450,75,1,-1,-1,-1
111,30,246,30,294,114,1,-1,-1,-1
112,14,728,378,285,69,1,-1,-1,-1
112,18,152,248,561,211,1,-1,-1,-1
112,23,1191,55,363,165,1,-1,-1,-1
112,24,1201,52,376,95,1,-1,-1,-1
112,25,1304,346,252,84,1,-1,-1,-1
112,26,1350,129,197,103,1,-1,-1,-1
112,27,0,110,296,333,1,-1,-1,-1
112,28,1344,112,402,171,1,-1,-1,-1
112,29,464,0,450,72,1,-1,-1,-1
112,30,245,25,294,114,1,-1,-1,-1
113,14,726,378,288,75,1,-1,-1,-1
113,18,135,273,549,219,1,-1,-1,-1
113,23,1191,55,363,165,1,-1,-1,-1
113,24,1201,52,376,95,1,-1,-1,-1
113,25,1304,346,252,84,1,-1,-1,-1
113,26,1350,129,197,103,1,-1,-1,-1
113,27,0,110,296,333,1,-1,-1,-1
113,28,1344,112,402,171,1,-1,-1,-1
113,29,507,3,363,63,1,-1,-1,-1
113,30,245,25,294,114,1,-1,-1,-1
113,31,1191,33,726,240,1,-1,-1,-1
114,14,711,376,302,79,1,-1,-1,-1
114,18,120,273,549,219,1,-1,-1,-1
114,23,1193,53,346,157,1,-1,-1,-1
114,24,1167,45,394,100,1,-1,-1,-1
114,25,1279,349,252,84,1,-1,-1,-1
114,26,1308,126,197,103,1,-1,-1,-1
114,28,1297,108,402,171,1,-1,-1,-1
114,29,494,5,363,63,1,-1,-1,-1
114,30,215,18,294,114,1,-1,-1,-1
114,31,1188,32,726,240,1,-1,-1,-1
115,14,702,376,302,79,1,-1,-1,-1
115,18,94,274,549,219,1,-1,-1,-1
115,23,1176,45,346,157,1,-1,-1,-1
115,24,1164,43,394,100,1,-1,-1,-1
115,25,1265,352,240,80,1,-1,-1,-1
115,26,1291,126,188,98,1,-1,-1,-1
115,28,1274,103,402,171,1,-1,-1,-1
115,29,479,5,363,63,1,-1,-1,-1
115,30,184,11,309,120,1,-1,-1,-1
115,31,1175,32,726,240,1,-1,-1,-1
116,14,687,380,288,75,1,-1,-1,-1
116,18,82,275,549,219,1,-1,-1,-1
116,23,1157,42,346,157,1,-1,-1,-1
116,24,1162,39,394,100,1,-1,-1,-1
116,25,1268,357,229,76,1,-1,-1,-1
116,26,1275,126,179,93,1,-1,-1,-1
116,28,1256,105,383,163,1,-1,-1,-1
116,29,470,7,363,63,1,-1,-1,-1
116,30,174,7,309,120,1,-1,-1,-1
116,31,1152,28,726,240,1,-1,-1,-1
117,14,690,383,274,71,1,-1,-1,-1
117,18,47,277,549,219,1,-1,-1,-1
117,23,1149,37,346,157,1,-1,-1,-1
117,25,1258,359,218,73,1,-1,-1,-1
117,26,1256,128,170,89,1,-1,-1,-1
117,28,1235,105,402,171,1,-1,-1,-1
117,29,447,7,363,63,1,-1,-1,-1
117,30,172,2,309,120,1,-1,-1,-1
117,31,1152,28,726,240,1,-1,-1,-1
118,14,682,385,274,71,1,-1,-1,-1
118,18,24,277,576,230,1,-1,-1,-1
118,23,1134,29,363,165,1,-1,-1,-1
118,25,1241,363,218,73,1,-1,-1,-1
118,26,1236,128,170,89,1,-1,-1,-1
118,28,1212,107,383,163,1,-1,-1,-1
118,29,439,8,363,63,1,-1,-1,-1
118,30,149,2,309,120,1,-1,-1,-1
118,31,1097,28,726,240,1,-1,-1,-1
119,14,664,388,274,71,1,-1,-1,-1
119,18,0,277,564,230,1,-1,-1,-1
119,25,1238,365,218,73,1,-1,-1,-1
119,26,1214,127,170,89,1,-1,-1,-1
119,28,1194,110,383,163,1,-1,-1,-1
119,29,419,8,381,66,1,-1,-1,-1
119,30,142,0,309,118,1,-1,-1,-1
119,31,1094,22,762,252,1,-1,-1,-1
120,14,656,391,274,71,1,-1,-1,-1
120,18,0,279,553,230,1,-1,-1,-1
120,25,1235,366,218,73,1,-1,-1,-1
120,26,1192,127,170,89,1,-1,-1,-1
120,28,1168,103,383,163,1,-1,-1,-1
120,29,393,2,381,66,1,-1,-1,-1
120,30,129,0,309,118,1,-1,-1,-1
120,31,1089,27,762,252,1,-1,-1,-1
121,14,651,384,267,81,1,-1,-1,-1
121,18,3,294,519,201,1,-1,-1,-1
121,25,1215,366,246,63,1,-1,-1,-1
121,26,1192,127,170,89,1,-1,-1,-1
121,28,1168,103,383,163,1,-1,-1,-1
121,29,393,2,381,66,1,-1,-1,-1
121,30,129,0,309,118,1,-1,-1,-1
121,31,1134,24,783,237,1,-1,-1,-1
122,14,651,384,267,81,1,-1,-1,-1
122,18,0,295,507,201,1,-1,-1,-1
122,25,1209,366,246,63,1,-1,-1,-1
122,26,1150,127,170,89,1,-1,-1,-1
122,28,1140,108,365,155,1,-1,-1,-1
122,29,368,0,381,65,1,-1,-1,-1
122,30,132,0,294,113,1,-1,-1,-1
122,31,1127,23,783,237,1,-1,-1,-1
123,14,638,386,254,77,1,-1,-1,-1
123,18,0,302,479,191,1,-1,-1,-1
123,25,1198,370,246,63,1,-1,-1,-1
123,26,1130,129,170,89,1,-1,-1,-1
123,28,1121,113,347,148,1,-1,-1,-1
123,29,367,1,381,66,1,-1,-1,-1
123,30,120,0,309,113,1,-1,-1,-1
123,31,1110,23,783,237,1,-1,-1,-1
124,14,641,391,242,73,1,-1,-1,-1
124,18,0,303,452,191,1,-1,-1,-1
124,25,1187,373,246,63,1,-1,-1,-1
124,26,1109,130,170,89,1,-1,-1,-1
124,28,1107,117,347,148,1,-1,-1,-1
124,29,374,4,363,63,1,-1,-1,-1
124,30,130,0,294,111,1,-1,-1,-1
124,31,1083,17,822,249,1,-1,-1,-1
125,14,625,390,242,73,1,-1,-1,-1
125,18,0,309,437,191,1,-1,-1,-1
125,25,1182,375,246,63,1,-1,-1,-1
125,26,1089,131,170,89,1,-1,-1,-1
125,28,1079,119,347,148,1,-1,-1,-1
125,29,347,5,363,63,1,-1,-1,-1
125,30,76,0,294,104,1,-1,-1,-1
125,31,1079,20,822,249,1,-1,-1,-1
126,14,614,390,254,77,1,-1,-1,-1
126,18,0,310,424,191,1,-1,-1,-1
126,25,1180,381,246,63,1,-1,-1,-1
126,26,1069,135,170,89,1,-1,-1,-1
126,28,1065,124,347,148,1,-1,-1,-1
126,31,1050,30,783,237,1,-1,-1,-1
127,14,599,391,254,77,1,-1,-1,-1
127,18,0,319,396,182,1,-1,-1,-1
127,25,1164,387,234,60,1,-1,-1,-1
127,26,1050,138,170,89,1,-1,-1,-1
127,28,1051,129,347,148,1,-1,-1,-1
127,31,1036,35,783,237,1,-1,-1,-1
128,14,599,392,254,77,1,-1,-1,-1
128,18,0,324,380,182,1,-1,-1,-1
128,25,1157,389,246,63,1,-1,-1,-1
128,26,1038,143,162,85,1,-1,-1,-1
128,28,1030,132,347,148,1,-1,-1,-1
128,31,991,42,783,237,1,-1,-1,-1
129,14,576,399,255,84,1,-1,-1,-1
129,18,0,318,378,201,1,-1,-1,-1
129,25,1157,389,246,63,1,-1,-1,-1
129,26,1038,143,162,85,1,-1,-1,-1
129,28,1030,132,347,148,1,-1,-1,-1
129,31,1020,51,618,210,1,-1,-1,-1
129,32,522,903,438,174,1,-1,-1,-1
129,33,1629,171,291,129,1,-1,-1,-1
130,14,567,399,255,84,1,-1,-1,-1
130,18,0,321,368,201,1,-1,-1,-1
130,25,1140,405,234,60,1,-1,-1,-1
130,26,1003,151,162,85,1,-1,-1,-1
130,28,995,138,347,148,1,-1,-1,-1
130,31,1007,49,618,210,1,-1,-1,-1
130,32,522,901,438,174,1,-1,-1,-1
130,33,1617,171,291,129,1,-1,-1,-1
131,14,552,397,268,88,1,-1,-1,-1
131,18,0,323,353,201,1,-1,-1,-1
131,25,1138,408,234,60,1,-1,-1,-1
131,26,985,155,162,85,1,-1,-1,-1
131,28,973,141,347,148,1,-1,-1,-1
131,31,995,50,618,210,1,-1,-1,-1
131,32,527,897,438,174,1,-1,-1,-1
131,33,1604,172,291,129,1,-1,-1,-1
132,14,546,399,255,84,1,-1,-1,-1
132,18,0,327,330,191,1,-1,-1,-1
132,25,1141,413,223,57,1,-1,-1,-1
132,26,968,159,162,85,1,-1,-1,-1
132,28,961,149,347,148,1,-1,-1,-1
132,31,973,56,618,210,1,-1,-1,-1
132,32,520,890,460,183,1,-1,-1,-1
132,33,1593,172,291,129,1,-1,-1,-1
133,14,544,399,255,84,1,-1,-1,-1
133,18,0,329,313,191,1,-1,-1,-1
133,25,1126,429,213,54,1,-1,-1,-1
133,26,955,163,162,85,1,-1,-1,-1
133,28,948,153,347,148,1,-1,-1,-1
133,31,970,64,618,210,1,-1,-1,-1
133,32,526,885,460,183,1,-1,-1,-1
133,33,1578,169,306,135,1,-1,-1,-1
134,14,531,396,268,88,1,-1,-1,-1
134,18,0,333,306,191,1,-1,-1,-1
134,25,1121,430,213,54,1,-1,-1,-1
134,26,939,165,162,85,1,-1,-1,-1
134,28,938,157,331,141,1,-1,-1,-1
134,31,935,64,618,210,1,-1,-1,-1
134,32,536,882,460,183,1,-1,-1,-1
134,33,1570,169,306,135,1,-1,-1,-1
135,14,515,393,281,93,1,-1,-1,-1
135,18,0,334,295,191,1,-1,-1,-1
135,25,1128,433,202,52,1,-1,-1,-1
135,26,926,167,162,85,1,-1,-1,-1
135,28,927,160,331,141,1,-1,-1,-1
135,31,929,65,618,210,1,-1,-1,-1
135,32,558,881,460,183,1,-1,-1,-1
135,33,1553,169,306,135,1,-1,-1,-1
136,14,511,392,281,93,1,-1,-1,-1
136,18,0,338,281,182,1,-1,-1,-1
136,25,1116,435,213,54,1,-1,-1,-1
136,26,917,170,154,81,1,-1,-1,-1
136,28,911,163,331,141,1,-1,-1,-1
136,31,925,68,618,210,1,-1,-1,-1
136,32,563,872,460,183,1,-1,-1,-1
136,33,1548,167,306,135,1,-1,-1,-1
137,14,507,387,255,96,1,-1,-1,-1
137,18,0,312,273,141,1,-1,-1,-1
137,25,1116,435,213,54,1,-1,-1,-1
137,26,917,170,154,81,1,-1,-1,-1
137,28,911,163,331,141,1,-1,-1,-1
137,31,912,36,570,246,1,-1,-1,-1
137,32,563,872,460,183,1,-1,-1,-1
137,33,1515,171,405,96,1,-1,-1,-1
138,14,507,387,255,96,1,-1,-1,-1
138,18,0,312,271,141,1,-1,-1,-1
138,26,897,175,154,81,1,-1,-1,-1
138,28,890,166,331,141,1,-1,-1,-1
138,31,910,38,570,246,1,-1,-1,-1
138,32,594,871,460,183,1,-1,-1,-1
138,33,1514,172,405,96,1,-1,-1,-1
139,14,507,388,255,96,1,-1,-1,-1
139,18,2,314,260,134,1,-1,-1,-1
139,26,887,176,154,81,1,-1,-1,-1
139,28,886,168,331,141,1,-1,-1,-1
139,31,900,42,570,246,1,-1,-1,-1
139,32,581,866,483,192,1,-1,-1,-1
139,33,1503,172,417,101,1,-1,-1,-1
140,14,498,385,268,101,1,-1,-1,-1
140,18,0,314,254,134,1,-1,-1,-1
140,26,880,179,154,81,1,-1,-1,-1
140,28,868,167,347,148,1,-1,-1,-1
140,31,892,46,570,246,1,-1,-1,-1
140,32,607,864,483,192,1,-1,-1,-1
140,33,1499,173,421,101,1,-1,-1,-1
141,14,489,380,281,106,1,-1,-1,-1
141,18,0,313,247,134,1,-1,-1,-1
141,26,868,177,154,81,1,-1,-1,-1
141,28,853,164,347,148,1,-1,-1,-1
141,31,892,51,570,246,1,-1,-1,-1
141,32,610,859,483,192,1,-1,-1,-1
141,33,1485,175,425,101,1,-1,-1,-1
142,14,482,377,281,106,1,-1,-1,-1
142,18,0,316,238,128,1,-1,-1,-1
142,26,859,175,154,81,1,-1,-1,-1
142,28,839,164,347,148,1,-1,-1,-1
142,31,878,54,570,246,1,-1,-1,-1
142,32,617,848,483,192,1,-1,-1,-1
142,33,1480,179,425,101,1,-1,-1,-1
143,14,481,377,281,106,1,-1,-1,-1
143,18,0,319,227,122,1,-1,-1,-1
143,26,858,175,147,77,1,-1,-1,-1
143,28,832,161,347,148,1,-1,-1,-1
143,31,862,47,598,258,1,-1,-1,-1
143,32,606,839,507,201,1,-1,-1,-1
143,33,1474,181,425,101,1,-1,-1,-1
144,14,478,375,281,106,1,-1,-1,-1
144,18,0,318,222,122,1,-1,-1,-1
144,26,843,168,154,81,1,-1,-1,-1
144,28,835,161,331,141,1,-1,-1,-1
144,31,873,56,570,246,1,-1,-1,-1
144,32,599,831,532,211,1,-1,-1,-1
144,33,1482,187,405,96,1,-1,-1,-1
145,14,510,378,228,117,1,-1,-1,-1
145,18,0,324,222,96,1,-1,-1,-1
145,26,843,168,154,81,1,-1,-1,-1
145,28,835,161,331,141,1,-1,-1,-1
145,31,873,56,570,246,1,-1,-1,-1
145,32,599,831,532,211,1,-1,-1,-1
145,33,1479,198,399,147,1,-1,-1,-1
145,34,792,888,357,189,1,-1,-1,-1
145,35,852,156,534,165,1,-1,-1,-1
145,36,924,51,345,99,1,-1,-1,-1
146,14,511,378,228,117,1,-1,-1,-1
146,18,1,324,222,96,1,-1,-1,-1
146,26,826,159,154,81,1,-1,-1,-1
146,28,805,152,347,148,1,-1,-1,-1
146,31,871,66,543,234,1,-1,-1,-1
146,33,1474,201,399,147,1,-1,-1,-1
146,34,802,888,357,189,1,-1,-1,-1
146,35,847,157,534,165,1,-1,-1,-1
146,36,924,52,345,99,1,-1,-1,-1
147,14,509,376,228,117,1,-1,-1,-1
147,18,7,326,222,96,1,-1,-1,-1
147,26,820,155,154,81,1,-1,-1,-1
147,28,809,151,347,148,1,-1,-1,-1
147,31,850,66,543,234,1,-1,-1,-1
147,33,1470,203,399,147,1,-1,-1,-1
147,34,814,888,357,189,1,-1,-1,-1
147,35,849,159,534,165,1,-1,-1,-1
147,36,923,52,345,99,1,-1,-1,-1
148,14,507,374,228,117,1,-1,-1,-1
148,18,0,327,210,96,1,-1,-1,-1
148,26,807,145,154,81,1,-1,-1,-1
148,28,801,141,347,148,1,-1,-1,-1
148,31,859,76,517,223,1,-1,-1,-1
148,33,1465,206,399,147,1,-1,-1,-1
148,34,814,885,375,195,1,-1,-1,-1
148,35,833,157,534,165,1,-1,-1,-1
148,36,929,54,329,94,1,-1,-1,-1
149,14,511,373,217,111,1,-1,-1,-1
149,18,0,329,206,91,1,-1,-1,-1
149,26,810,139,147,77,1,-1,-1,-1
149,28,798,133,347,148,1,-1,-1,-1
149,31,869,78,517,223,1,-1,-1,-1
149,33,1469,212,380,140,1,-1,-1,-1
149,34,815,880,394,200,1,-1,-1,-1
149,35,843,159,509,157,1,-1,-1,-1
149,36,928,54,329,94,1,-1,-1,-1
150,14,510,371,217,111,1,-1,-1,-1
150,18,0,326,192,91,1,-1,-1,-1
150,26,806,139,147,77,1,-1,-1,-1
150,28,791,127,347,148,1,-1,-1,-1
150,31,841,82,492,213,1,-1,-1,-1
150,33,1466,215,380,140,1,-1,-1,-1
150,34,812,876,413,204,1,-1,-1,-1
150,35,842,156,509,157,1,-1,-1,-1
150,36,928,54,329,94,1,-1,-1,-1
151,14,509,368,217,111,1,-1,-1,-1
151,18,0,322,192,96,1,-1,-1,-1
151,26,808,136,140,73,1,-1,-1,-1
151,28,785,117,347,148,1,-1,-1,-1
151,31,862,90,469,202,1,-1,-1,-1
151,33,1463,217,380,140,1,-1,-1,-1
151,34,822,873,413,207,1,-1,-1,-1
151,35,825,152,509,157,1,-1,-1,-1
151,36,926,54,329,94,1,-1,-1,-1
152,14,508,364,217,111,1,-1,-1,-1
152,18,0,321,198,96,1,-1,-1,-1
152,26,804,126,140,73,1,-1,-1,-1
152,28,782,103,347,148,1,-1,-1,-1
152,31,845,92,469,202,1,-1,-1,-1
152,33,1460,221,380,140,1,-1,-1,-1
152,34,834,882,413,198,1,-1,-1,-1
152,35,825,147,509,157,1,-1,-1,-1
152,36,923,55,329,94,1,-1,-1,-1
153,14,516,357,204,120,1,-1,-1,-1
153,18,0,321,198,96,1,-1,-1,-1
153,26,804,126,140,73,1,-1,-1,-1
153,28,782,103,347,148,1,-1,-1,-1
153,31,798,72,498,234,1,-1,-1,-1
153,33,1449,216,378,117,1,-1,-1,-1
153,34,891,870,372,204,1,-1,-1,-1
153,35,825,147,509,157,1,-1,-1,-1
153,36,923,55,329,94,1,-1,-1,-1
154,14,517,354,204,120,1,-1,-1,-1
154,18,0,318,188,96,1,-1,-1,-1
154,26,789,108,147,77,1,-1,-1,-1
154,28,740,73,365,155,1,-1,-1,-1
154,31,798,70,498,234,1,-1,-1,-1
154,33,1449,217,378,117,1,-1,-1,-1
154,34,899,871,372,204,1,-1,-1,-1
154,35,794,127,509,157,1,-1,-1,-1
154,36,905,52,345,99,1,-1,-1,-1
155,14,518,352,204,120,1,-1,-1,-1
155,18,0,319,169,96,1,-1,-1,-1
155,26,774,90,154,81,1,-1,-1,-1
155,28,746,57,365,155,1,-1,-1,-1
155,31,797,66,498,234,1,-1,-1,-1
155,33,1452,219,378,117,1,-1,-1,-1
155,34,908,872,372,204,1,-1,-1,-1
155,35,798,114,509,157,1,-1,-1,-1
155,36,900,51,345,99,1,-1,-1,-1
156,14,519,350,204,120,1,-1,-1,-1
156,18,0,320,168,96,1,-1,-1,-1
156,31,803,62,498,234,1,-1,-1,-1
156,33,1450,222,378,117,1,-1,-1,-1
156,34,905,870,391,210,1,-1,-1,-1
156,35,790,111,509,157,1,-1,-1,-1
156,36,894,51,345,99,1,-1,-1,-1
157,14,520,346,204,120,1,-1,-1,-1
157,18,0,323,161,91,1,-1,-1,-1
157,31,793,51,523,246,1,-1,-1,-1
157,33,1459,228,360,111,1,-1,-1,-1
157,34,907,868,410,212,1,-1,-1,-1
157,35,784,103,509,157,1,-1,-1,-1
157,36,889,52,345,99,1,-1,-1,-1
158,14,521,342,204,120,1,-1,-1,-1
158,18,0,327,160,91,1,-1,-1,-1
158,31,793,44,523,246,1,-1,-1,-1
158,33,1464,233,360,111,1,-1,-1,-1
158,34,905,871,431,209,1,-1,-1,-1
158,35,780,95,509,157,1,-1,-1,-1
158,36,879,52,362,104,1,-1,-1,-1
159,14,522,340,204,120,1,-1,-1,-1
159,31,803,40,498,234,1,-1,-1,-1
159,33,1465,237,360,111,1,-1,-1,-1
159,34,914,876,431,204,1,-1,-1,-1
159,35,802,88,484,150,1,-1,-1,-1
159,36,891,53,362,104,1,-1,-1,-1
160,14,523,337,204,120,1,-1,-1,-1
160,31,793,38,498,234,1,-1,-1,-1
160,33,1462,242,378,117,1,-1,-1,-1
160,34,926,877,431,203,1,-1,-1,-1
160,35,782,74,509,157,1,-1,-1,-1
160,36,883,51,362,104,1,-1,-1,-1
161,14,528,333,192,102,1,-1,-1,-1
161,31,793,38,498,234,1,-1,-1,-1
161,33,1452,237,378,138,1,-1,-1,-1
161,34,926,877,431,203,1,-1,-1,-1
161,35,782,74,509,157,1,-1,-1,-1
161,36,883,51,362,104,1,-1,-1,-1
161,37,1008,459,402,126,1,-1,-1,-1
161,38,990,738,408,336,1,-1,-1,-1
162,14,532,332,192,102,1,-1,-1,-1
162,31,798,13,523,246,1,-1,-1,-1
162,33,1451,240,378,138,1,-1,-1,-1
162,34,943,864,452,216,1,-1,-1,-1
162,36,904,53,362,104,1,-1,-1,-1
162,37,1007,458,402,126,1,-1,-1,-1
162,38,997,739,408,336,1,-1,-1,-1
163,14,540,332,183,97,1,-1,-1,-1
163,31,797,12,549,258,1,-1,-1,-1
163,33,1456,247,378,138,1,-1,-1,-1
163,34,941,862,475,218,1,-1,-1,-1
163,36,901,52,362,104,1,-1,-1,-1
163,37,1013,460,383,120,1,-1,-1,-1
163,38,1006,741,408,336,1,-1,-1,-1
164,14,542,329,183,97,1,-1,-1,-1
164,31,826,15,576,271,1,-1,-1,-1
164,33,1467,256,360,131,1,-1,-1,-1
164,34,935,854,499,226,1,-1,-1,-1
164,37,1019,461,383,120,1,-1,-1,-1
164,38,1017,744,408,336,1,-1,-1,-1
165,14,545,325,183,97,1,-1,-1,-1
165,31,861,20,605,284,1,-1,-1,-1
165,33,1467,263,360,131,1,-1,-1,-1
165,34,928,851,523,229,1,-1,-1,-1
165,37,1016,456,402,126,1,-1,-1,-1
165,38,1029,744,408,336,1,-1,-1,-1
166,14,549,321,183,97,1,-1,-1,-1
166,31,865,17,605,284,1,-1,-1,-1
166,33,1466,270,360,131,1,-1,-1,-1
166,34,946,854,523,226,1,-1,-1,-1
166,37,1010,456,402,126,1,-1,-1,-1
166,38,1040,747,408,333,1,-1,-1,-1
167,14,552,317,183,97,1,-1,-1,-1
167,31,877,13,605,284,1,-1,-1,-1
167,33,1466,276,360,131,1,-1,-1,-1
167,34,950,853,550,227,1,-1,-1,-1
167,37,1009,457,402,126,1,-1,-1,-1
167,38,1050,750,408,330,1,-1,-1,-1
168,14,556,313,183,97,1,-1,-1,-1
168,33,1468,282,360,131,1,-1,-1,-1
168,34,947,838,577,242,1,-1,-1,-1
168,37,998,453,422,132,1,-1,-1,-1
168,38,1072,760,389,320,1,-1,-1,-1
169,14,556,313,183,97,1,-1,-1,-1
169,33,1468,282,360,131,1,-1,-1,-1
169,34,960,642,561,432,1,-1,-1,-1
169,37,998,453,422,132,1,-1,-1,-1
169,38,1072,760,389,320,1,-1,-1,-1
169,39,993,414,288,120,1,-1,-1,-1
169,40,294,27,315,96,1,-1,-1,-1
170,14,573,302,174,93,1,-1,-1,-1
170,33,1490,282,360,131,1,-1,-1,-1
170,34,966,645,561,432,1,-1,-1,-1
170,37,1004,456,422,132,1,-1,-1,-1
170,38,1087,752,408,328,1,-1,-1,-1
170,39,995,414,288,120,1,-1,-1,-1
170,40,310,29,300,91,1,-1,-1,-1
171,14,577,298,174,93,1,-1,-1,-1
171,33,1488,282,378,138,1,-1,-1,-1
171,34,972,648,561,432,1,-1,-1,-1
171,37,998,455,422,132,1,-1,-1,-1
171,38,1089,763,408,317,1,-1,-1,-1
171,39,996,414,288,120,1,-1,-1,-1
171,40,317,26,300,91,1,-1,-1,-1
172,14,578,294,183,97,1,-1,-1,-1
172,33,1505,293,378,138,1,-1,-1,-1
172,34,977,651,561,429,1,-1,-1,-1
172,37,1006,456,402,126,1,-1,-1,-1
172,38,1087,751,428,329,1,-1,-1,-1
172,39,997,413,288,120,1,-1,-1,-1
172,40,318,24,315,96,1,-1,-1,-1
173,14,589,295,174,93,1,-1,-1,-1
173,33,1501,293,397,145,1,-1,-1,-1
173,34,966,638,589,442,1,-1,-1,-1
173,37,1001,454,402,126,1,-1,-1,-1
173,38,1086,747,450,333,1,-1,-1,-1
173,39,995,412,288,120,1,-1,-1,-1
173,40,329,20,331,101,1,-1,-1,-1
174,14,594,287,174,93,1,-1,-1,-1
174,33,1527,292,393,145,1,-1,-1,-1
174,34,968,642,589,438,1,-1,-1,-1
174,37,994,451,422,132,1,-1,-1,-1
174,38,1089,733,472,347,1,-1,-1,-1
174,39,997,412,288,120,1,-1,-1,-1
174,40,320,24,347,106,1,-1,-1,-1
175,14,602,280,166,88,1,-1,-1,-1
175,33,1528,294,392,145,1,-1,-1,-1
175,34,970,646,589,434,1,-1,-1,-1
175,37,994,449,422,132,1,-1,-1,-1
175,38,1086,751,450,329,1,-1,-1,-1
175,39,997,409,288,120,1,-1,-1,-1
175,40,314,29,347,106,1,-1,-1,-1
176,14,613,278,166,88,1,-1,-1,-1
176,33,1542,294,378,145,1,-1,-1,-1
176,34,951,634,619,446,1,-1,-1,-1
176,37,999,446,422,132,1,-1,-1,-1
176,38,1088,750,450,330,1,-1,-1,-1
176,39,1000,408,288,120,1,-1,-1,-1
176,40,329,28,365,111,1,-1,-1,-1
177,14,613,278,166,88,1,-1,-1,-1
177,33,1509,288,390,243,1,-1,-1,-1
177,34,951,634,619,446,1,-1,-1,-1
177,37,999,446,422,132,1,-1,-1,-1
177,38,1088,750,450,330,1,-1,-1,-1
177,39,1000,408,288,120,1,-1,-1,-1
177,40,329,28,365,111,1,-1,-1,-1
177,41,612,582,693,489,1,-1,-1,-1
178,14,612,261,174,93,1,-1,-1,-1
178,33,1513,291,390,243,1,-1,-1,-1
178,34,934,657,589,423,1,-1,-1,-1
178,37,995,448,422,132,1,-1,-1,-1
178,38,1052,769,428,311,1,-1,-1,-1
178,39,1004,405,274,114,1,-1,-1,-1
178,40,355,52,365,111,1,-1,-1,-1
178,41,612,576,693,489,1,-1,-1,-1
179,14,610,255,174,93,1,-1,-1,-1
179,33,1514,300,390,243,1,-1,-1,-1
179,34,923,652,589,428,1,-1,-1,-1
179,37,985,445,443,139,1,-1,-1,-1
179,38,1048,767,428,313,1,-1,-1,-1
179,39,998,403,274,114,1,-1,-1,-1
179,40,363,58,347,106,1,-1,-1,-1
179,41,617,576,693,489,1,-1,-1,-1
180,33,1519,307,390,243,1,-1,-1,-1
180,34,920,654,589,426,1,-1,-1,-1
180,37,975,446,443,139,1,-1,-1,-1
180,39,988,397,288,120,1,-1,-1,-1
180,40,365,68,331,101,1,-1,-1,-1
180,41,609,572,693,489,1,-1,-1,-1
181,33,1523,316,390,243,1,-1,-1,-1
181,34,909,643,589,437,1,-1,-1,-1
181,37,973,442,443,139,1,-1,-1,-1
181,39,987,394,288,120,1,-1,-1,-1
181,40,375,75,331,101,1,-1,-1,-1
181,41,596,571,693,489,1,-1,-1,-1
182,33,1525,322,390,243,1,-1,-1,-1
182,34,909,657,561,423,1,-1,-1,-1
182,37,974,438,443,139,1,-1,-1,-1
182,39,983,391,288,120,1,-1,-1,-1
182,41,576,564,693,489,1,-1,-1,-1
183,33,1525,330,390,243,1,-1,-1,-1
183,34,890,658,561,422,1,-1,-1,-1
183,39,983,388,288,120,1,-1,-1,-1
183,41,573,562,693,489,1,-1,-1,-1
184,33,1523,339,390,243,1,-1,-1,-1
184,34,881,662,561,418,1,-1,-1,-1
184,39,978,386,288,120,1,-1,-1,-1
184,41,561,563,693,489,1,-1,-1,-1
185,33,1494,342,411,246,1,-1,-1,-1
185,34,881,662,561,418,1,-1,-1,-1
185,39,978,386,288,120,1,-1,-1,-1
185,41,453,645,795,429,1,-1,-1,-1
185,42,798,3,411,60,1,-1,-1,-1
186,33,1495,344,411,246,1,-1,-1,-1
186,34,842,668,561,412,1,-1,-1,-1
186,39,971,379,288,120,1,-1,-1,-1
186,41,448,639,795,429,1,-1,-1,-1
186,42,284,0,411,20,1,-1,-1,-1
187,33,1495,346,411,246,1,-1,-1,-1
187,34,841,669,561,411,1,-1,-1,-1
187,39,966,377,288,120,1,-1,-1,-1
187,41,434,634,795,429,1,-1,-1,-1
187,42,0,0,182,2,1,-1,-1,-1
188,33,1497,346,411,246,1,-1,-1,-1
188,34,806,661,561,419,1,-1,-1,-1
188,39,961,376,288,120,1,-1,-1,-1
188,41,429,624,795,429,1,-1,-1,-1
188,42,0,0,2,2,1,-1,-1,-1
189,33,1491,340,429,258,1,-1,-1,-1
189,34,796,662,589,418,1,-1,-1,-1
189,39,961,375,288,120,1,-1,-1,-1
189,41,420,611,795,429,1,-1,-1,-1
189,42,0,0,2,2,1,-1,-1,-1
190,33,1489,338,431,258,1,-1,-1,-1
190,34,763,649,619,431,1,-1,-1,-1
190,39,959,375,288,120,1,-1,-1,-1
190,41,410,597,795,429,1,-1,-1,-1
190,42,0,0,2,2,1,-1,-1,-1
191,33,1496,343,424,258,1,-1,-1,-1
191,34,756,658,619,422,1,-1,-1,-1
191,39,953,374,288,120,1,-1,-1,-1
191,41,398,585,795,429,1,-1,-1,-1
191,42,0,0,2,2,1,-1,-1,-1
192,33,1455,375,432,258,1,-1,-1,-1
192,34,734,647,619,433,1,-1,-1,-1
192,39,952,373,288,120,1,-1,-1,-1
192,41,383,571,795,429,1,-1,-1,-1
192,42,0,0,2,2,1,-1,-1,-1
193,33,1440,420,441,219,1,-1,-1,-1
193,34,734,647,619,433,1,-1,-1,-1
193,39,952,373,288,120,1,-1,-1,-1
193,41,383,571,795,429,1,-1,-1,-1
193,42,0,0,2,2,1,-1,-1,-1
193,43,300,732,933,339,1,-1,-1,-1
194,33,1438,421,441,219,1,-1,-1,-1
194,34,690,644,589,436,1,-1,-1,-1
194,39,927,375,288,120,1,-1,-1,-1
194,41,313,492,795,429,1,-1,-1,-1
194,42,0,0,2,2,1,-1,-1,-1
194,43,293,724,933,339,1,-1,-1,-1
195,33,1435,424,441,219,1,-1,-1,-1
195,39,926,372,288,120,1,-1,-1,-1
195,41,266,422,835,450,1,-1,-1,-1
195,42,0,0,2,2,1,-1,-1,-1
195,43,277,714,933,339,1,-1,-1,-1
196,33,1429,427,441,219,1,-1,-1,-1
196,39,926,370,288,120,1,-1,-1,-1
196,41,283,404,835,450,1,-1,-1,-1
196,43,260,690,933,339,1,-1,-1,-1
197,33,1413,425,463,230,1,-1,-1,-1
197,39,923,371,288,120,1,-1,-1,-1
197,41,279,382,835,450,1,-1,-1,-1
197,43,247,657,933,339,1,-1,-1,-1
198,33,1404,427,463,230,1,-1,-1,-1
198,39,921,372,274,114,1,-1,-1,-1
198,41,219,341,795,429,1,-1,-1,-1
198,43,241,630,933,339,1,-1,-1,-1
199,33,1399,431,463,230,1,-1,-1,-1
199,39,924,377,261,109,1,-1,-1,-1
199,41,220,320,795,429,1,-1,-1,-1
199,43,213,595,980,356,1,-1,-1,-1
200,33,1379,427,486,241,1,-1,-1,-1
200,39,917,373,261,109,1,-1,-1,-1
200,41,156,246,795,429,1,-1,-1,-1
200,43,192,565,1029,374,1,-1,-1,-1
201,33,1383,462,471,222,1,-1,-1,-1
201,39,917,373,261,109,1,-1,-1,-1
201,41,156,246,795,429,1,-1,-1,-1
201,43,114,471,1098,597,1,-1,-1,-1
202,33,1383,463,471,222,1,-1,-1,-1
202,39,912,370,261,109,1,-1,-1,-1
202,41,103,165,835,450,1,-1,-1,-1
202,43,110,451,1098,597,1,-1,-1,-1
203,33,1376,467,471,222,1,-1,-1,-1
203,39,911,371,261,109,1,-1,-1,-1
203,43,74,419,1153,627,1,-1,-1,-1
204,33,1369,471,471,222,1,-1,-1,-1
204,39,901,365,274,114,1,-1,-1,-1
204,43,60,396,1153,627,1,-1,-1,-1
205,33,1364,475,471,222,1,-1,-1,-1
205,39,898,365,274,114,1,-1,-1,-1
205,43,56,366,1153,627,1,-1,-1,-1
206,33,1358,479,471,222,1,-1,-1,-1
206,39,900,365,261,109,1,-1,-1,-1
206,43,43,345,1153,627,1,-1,-1,-1
207,33,1353,482,471,222,1,-1,-1,-1
207,39,903,367,249,104,1,-1,-1,-1
207,43,27,312,1153,627,1,-1,-1,-1
208,33,1341,487,471,222,1,-1,-1,-1
208,39,904,366,249,104,1,-1,-1,-1
208,43,9,279,1153,627,1,-1,-1,-1
209,33,1335,492,471,204,1,-1,-1,-1
209,39,904,366,249,104,1,-1,-1,-1
209,43,3,144,1203,921,1,-1,-1,-1
210,33,1333,495,471,204,1,-1,-1,-1
210,39,891,362,249,104,1,-1,-1,-1
210,43,0,122,1189,921,1,-1,-1,-1
211,33,1308,498,495,214,1,-1,-1,-1
211,39,880,356,261,109,1,-1,-1,-1
211,43,0,100,1175,921,1,-1,-1,-1
212,33,1302,502,495,214,1,-1,-1,-1
212,39,884,357,249,104,1,-1,-1,-1
212,43,0,74,1155,921,1,-1,-1,-1
213,33,1296,505,495,214,1,-1,-1,-1
213,39,876,350,249,104,1,-1,-1,-1
213,43,0,39,1140,921,1,-1,-1,-1
214,33,1281,510,495,214,1,-1,-1,-1
214,39,869,341,261,109,1,-1,-1,-1
214,43,0,14,1127,921,1,-1,-1,-1
215,33,1263,513,519,225,1,-1,-1,-1
215,39,857,335,261,109,1,-1,-1,-1
215,43,0,0,1122,909,1,-1,-1,-1
216,33,1248,519,519,225,1,-1,-1,-1
216,39,827,313,274,114,1,-1,-1,-1
216,43,0,0,1117,898,1,-1,-1,-1
217,33,1248,519,519,225,1,-1,-1,-1
217,39,827,313,274,114,1,-1,-1,-1
217,43,51,6,1014,894,1,-1,-1,-1
218,33,1227,527,519,225,1,-1,-1,-1
218,39,822,309,274,114,1,-1,-1,-1
218,43,48,0,1014,884,1,-1,-1,-1
219,33,1209,525,545,236,1,-1,-1,-1
219,39,823,300,274,114,1,-1,-1,-1
219,43,39,0,1014,861,1,-1,-1,-1
220,33,1201,534,545,236,1,-1,-1,-1
220,43,33,0,1014,833,1,-1,-1,-1
221,33,1198,545,519,225,1,-1,-1,-1
221,43,29,0,1014,811,1,-1,-1,-1
222,33,1183,553,519,225,1,-1,-1,-1
222,43,24,0,1014,779,1,-1,-1,-1
223,33,1154,559,519,225,1,-1,-1,-1
223,43,17,0,1014,763,1,-1,-1,-1
224,33,1122,565,519,225,1,-1,-1,-1
224,43,19,0,966,683,1,-1,-1,-1
225,33,1122,565,519,225,1,-1,-1,-1
225,43,0,3,969,576,1,-1,-1,-1
225,44,1155,612,474,123,1,-1,-1,-1
226,33,1113,575,495,214,1,-1,-1,-1
226,43,0,0,966,559,1,-1,-1,-1
226,44,1146,613,474,123,1,-1,-1,-1
227,33,1090,576,519,225,1,-1,-1,-1
227,43,0,0,968,534,1,-1,-1,-1
227,44,1128,614,474,123,1,-1,-1,-1
228,33,1080,575,519,225,1,-1,-1,-1
228,43,0,0,965,510,1,-1,-1,-1
228,44,1125,614,474,123,1,-1,-1,-1
229,33,1053,575,519,225,1,-1,-1,-1
229,43,0,0,969,487,1,-1,-1,-1
229,44,1110,614,474,123,1,-1,-1,-1
230,33,1034,578,545,236,1,-1,-1,-1
230,43,3,0,969,456,1,-1,-1,-1
230,44,1090,614,498,129,1,-1,-1,-1
231,33,1025,578,545,236,1,-1,-1,-1
231,43,0,0,960,419,1,-1,-1,-1
231,44,1066,610,523,136,1,-1,-1,-1
232,33,1038,589,519,225,1,-1,-1,-1
232,43,7,0,923,408,1,-1,-1,-1
232,44,1056,608,549,142,1,-1,-1,-1
233,33,1038,589,519,225,1,-1,-1,-1
233,43,7,0,923,408,1,-1,-1,-1
233,44,1047,642,459,102,1,-1,-1,-1
234,33,981,594,545,236,1,-1,-1,-1
234,43,4,0,923,333,1,-1,-1,-1
234,44,1042,642,459,102,1,-1,-1,-1
235,33,989,608,519,225,1,-1,-1,-1
235,43,87,0,923,441,1,-1,-1,-1
235,44,1033,642,459,102,1,-1,-1,-1
236,33,1005,619,495,214,1,-1,-1,-1
236,43,103,0,923,519,1,-1,-1,-1
236,44,1039,646,437,97,1,-1,-1,-1
237,43,100,0,969,530,1,-1,-1,-1
237,44,1030,645,437,97,1,-1,-1,-1
238,43,86,0,969,543,1,-1,-1,-1
238,44,1014,646,459,102,1,-1,-1,-1
239,43,113,0,923,507,1,-1,-1,-1
239,44,993,648,482,107,1,-1,-1,-1
240,43,90,0,923,515,1,-1,-1,-1
240,44,991,652,482,107,1,-1,-1,-1
241,43,90,0,923,515,1,-1,-1,-1
241,44,991,652,482,107,1,-1,-1,-1
241,45,1005,684,444,222,1,-1,-1,-1
242,43,60,0,969,558,1,-1,-1,-1
242,44,987,667,482,107,1,-1,-1,-1
242,45,1002,691,444,222,1,-1,-1,-1
243,43,15,0,969,546,1,-1,-1,-1
243,44,978,672,506,112,1,-1,-1,-1
243,45,1001,698,444,222,1,-1,-1,-1
244,44,958,676,531,118,1,-1,-1,-1
244,45,994,706,444,222,1,-1,-1,-1
245,44,955,683,531,118,1,-1,-1,-1
245,45,994,714,444,222,1,-1,-1,-1
246,44,968,691,531,118,1,-1,-1,-1
246,45,988,722,444,222,1,-1,-1,-1
247,44,949,695,558,124,1,-1,-1,-1
247,45,987,732,444,222,1,-1,-1,-1
248,44,953,699,586,130,1,-1,-1,-1
248,45,982,740,444,222,1,-1,-1,-1
249,44,953,699,586,130,1,-1,-1,-1
249,45,993,738,441,234,1,-1,-1,-1
249,46,0,3,900,243,1,-1,-1,-1
249,47,831,0,312,69,1,-1,-1,-1
250,44,960,702,615,137,1,-1,-1,-1
250,45,992,741,441,234,1,-1,-1,-1
250,46,0,0,922,253,1,-1,-1,-1
250,47,840,0,312,69,1,-1,-1,-1
251,44,966,705,615,137,1,-1,-1,-1
251,45,988,747,441,234,1,-1,-1,-1
251,46,0,5,922,255,1,-1,-1,-1
251,47,845,1,312,69,1,-1,-1,-1
252,45,983,756,441,234,1,-1,-1,-1
252,46,10,16,900,243,1,-1,-1,-1
252,47,866,1,312,69,1,-1,-1,-1
253,45,979,766,441,234,1,-1,-1,-1
253,46,44,31,857,231,1,-1,-1,-1
253,47,865,4,297,66,1,-1,-1,-1
254,45,976,773,441,234,1,-1,-1,-1
254,46,61,41,857,231,1,-1,-1,-1
254,47,858,2,297,66,1,-1,-1,-1
255,45,972,780,441,234,1,-1,-1,-1
255,46,66,42,900,243,1,-1,-1,-1
255,47,794,6,297,66,1,-1,-1,-1
256,45,969,787,441,234,1,-1,-1,-1
256,46,65,44,900,243,1,-1,-1,-1
256,47,893,7,283,63,1,-1,-1,-1
257,45,966,774,444,270,1,-1,-1,-1
257,46,6,3,1035,312,1,-1,-1,-1
257,47,893,7,283,63,1,-1,-1,-1
257,48,516,111,414,207,1,-1,-1,-1
258,45,963,778,444,270,1,-1,-1,-1
258,46,15,5,1035,312,1,-1,-1,-1
258,47,909,8,297,66,1,-1,-1,-1
258,48,518,114,414,207,1,-1,-1,-1
259,45,968,787,423,257,1,-1,-1,-1
259,46,28,7,1035,312,1,-1,-1,-1
259,47,934,4,297,66,1,-1,-1,-1
259,48,533,124,394,197,1,-1,-1,-1
260,45,964,792,423,257,1,-1,-1,-1
260,46,38,7,1035,312,1,-1,-1,-1
260,47,898,3,312,69,1,-1,-1,-1
260,48,536,126,394,197,1,-1,-1,-1
261,45,961,798,423,257,1,-1,-1,-1
261,46,39,9,1035,312,1,-1,-1,-1
261,47,908,2,312,69,1,-1,-1,-1
261,48,542,128,394,197,1,-1,-1,-1
262,45,958,803,423,257,1,-1,-1,-1
262,46,37,12,1035,312,1,-1,-1,-1
262,47,918,1,312,69,1,-1,-1,-1
262,48,543,130,394,197,1,-1,-1,-1
263,45,952,807,423,257,1,-1,-1,-1
263,46,29,12,1035,312,1,-1,-1,-1
263,48,551,135,394,197,1,-1,-1,-1
264,45,948,807,423,257,1,-1,-1,-1
264,46,0,2,1080,328,1,-1,-1,-1
264,48,545,144,394,197,1,-1,-1,-1
265,45,933,741,426,300,1,-1,-1,-1
265,46,0,0,1215,303,1,-1,-1,-1
265,48,545,144,394,197,1,-1,-1,-1
266,45,932,740,426,300,1,-1,-1,-1
266,46,12,0,1215,303,1,-1,-1,-1
266,48,545,153,394,197,1,-1,-1,-1
267,45,919,734,447,315,1,-1,-1,-1
267,46,30,5,1215,303,1,-1,-1,-1
267,48,542,163,394,197,1,-1,-1,-1
268,45,911,737,447,315,1,-1,-1,-1
268,46,46,5,1215,303,1,-1,-1,-1
268,48,552,170,394,197,1,-1,-1,-1
269,45,910,733,447,315,1,-1,-1,-1
269,46,71,9,1215,303,1,-1,-1,-1
269,48,606,174,376,188,1,-1,-1,-1
270,45,907,735,447,315,1,-1,-1,-1
270,46,88,14,1215,303,1,-1,-1,-1
270,48,639,172,376,188,1,-1,-1,-1
271,45,904,732,447,315,1,-1,-1,-1
271,46,77,12,1276,318,1,-1,-1,-1
271,48,682,181,376,188,1,-1,-1,-1
272,45,898,728,447,315,1,-1,-1,-1
272,46,67,9,1340,334,1,-1,-1,-1
273,45,903,792,411,261,1,-1,-1,-1
273,46,67,9,1340,334,1,-1,-1,-1
273,49,720,396,324,81,1,-1,-1,-1
274,45,901,789,411,261,1,-1,-1,-1
274,46,84,6,1340,334,1,-1,-1,-1
274,49,724,396,324,81,1,-1,-1,-1
275,45,898,784,411,261,1,-1,-1,-1
275,46,92,1,1340,334,1,-1,-1,-1
275,49,730,397,309,77,1,-1,-1,-1
276,45,882,772,432,274,1,-1,-1,-1
276,46,101,0,1276,318,1,-1,-1,-1
276,49,722,395,324,81,1,-1,-1,-1
277,45,877,766,432,274,1,-1,-1,-1
277,46,66,0,1340,327,1,-1,-1,-1
277,49,732,396,309,77,1,-1,-1,-1
278,45,872,756,432,274,1,-1,-1,-1
278,46,111,0,1276,316,1,-1,-1,-1
278,49,731,396,309,77,1,-1,-1,-1
279,45,868,751,432,274,1,-1,-1,-1
279,46,96,0,1340,309,1,-1,-1,-1
279,49,714,393,324,81,1,-1,-1,-1
280,45,865,744,432,274,1,-1,-1,-1
280,46,131,0,1340,298,1,-1,-1,-1
280,49,711,393,324,81,1,-1,-1,-1
281,45,870,732,396,243,1,-1,-1,-1
281,46,131,0,1340,298,1,-1,-1,-1
281,49,711,393,324,81,1,-1,-1,-1
282,45,869,730,396,243,1,-1,-1,-1
282,46,0,0,1051,313,1,-1,-1,-1
282,49,878,391,324,81,1,-1,-1,-1
283,45,866,722,396,243,1,-1,-1,-1
283,49,916,395,309,77,1,-1,-1,-1
284,45,865,719,396,243,1,-1,-1,-1
284,49,868,393,294,73,1,-1,-1,-1
285,45,862,713,396,243,1,-1,-1,-1
285,49,912,397,280,70,1,-1,-1,-1
286,45,858,706,396,243,1,-1,-1,-1
286,49,924,399,267,67,1,-1,-1,-1
287,45,850,699,396,243,1,-1,-1,-1
287,49,958,402,267,67,1,-1,-1,-1
288,45,846,693,396,243,1,-1,-1,-1
289,45,846,693,396,243,1,-1,-1,-1
289,50,708,6,825,1032,1,-1,-1,-1
290,45,833,677,396,243,1,-1,-1,-1
290,50,721,13,825,1032,1,-1,-1,-1
291,45,823,666,396,243,1,-1,-1,-1
291,50,731,29,825,1032,1,-1,-1,-1
292,45,835,670,377,231,1,-1,-1,-1
292,50,743,41,825,1032,1,-1,-1,-1
293,45,852,676,359,220,1,-1,-1,-1
293,50,763,69,825,1011,1,-1,-1,-1
294,45,776,686,359,220,1,-1,-1,-1
294,50,770,117,825,963,1,-1,-1,-1
295,45,770,724,359,220,1,-1,-1,-1
295,50,787,136,825,944,1,-1,-1,-1
296,45,779,750,377,231,1,-1,-1,-1
296,50,788,132,825,948,1,-1,-1,-1
297,45,779,750,377,231,1,-1,-1,-1
297,50,788,132,825,948,1,-1,-1,-1
297,51,78,18,654,153,1,-1,-1,-1
297,52,426,0,1440,1062,1,-1,-1,-1
298,45,810,802,396,243,1,-1,-1,-1
298,50,767,106,866,974,1,-1,-1,-1
298,51,68,19,654,153,1,-1,-1,-1
298,52,440,18,1440,1062,1,-1,-1,-1
299,45,848,845,377,231,1,-1,-1,-1
299,50,748,67,910,1013,1,-1,-1,-1
299,51,74,23,623,146,1,-1,-1,-1
299,52,448,64,1440,1016,1,-1,-1,-1
300,45,882,885,377,195,1,-1,-1,-1
300,50,771,55,910,1025,1,-1,-1,-1
300,51,39,24,623,146,1,-1,-1,-1
300,52,425,57,1495,1023,1,-1,-1,-1
301,45,920,926,359,154,1,-1,-1,-1
301,50,772,38,910,1042,1,-1,-1,-1
301,51,12,20,654,153,1,-1,-1,-1
301,52,428,84,1492,996,1,-1,-1,-1
302,45,917,933,359,147,1,-1,-1,-1
302,50,778,51,910,1029,1,-1,-1,-1
302,51,0,22,649,153,1,-1,-1,-1
302,52,436,94,1484,986,1,-1,-1,-1
303,50,774,52,910,1028,1,-1,-1,-1
303,51,0,25,611,153,1,-1,-1,-1
303,52,408,66,1512,1014,1,-1,-1,-1
304,50,811,16,910,1064,1,-1,-1,-1
304,51,0,23,613,161,1,-1,-1,-1
304,52,434,99,1486,981,1,-1,-1,-1
305,50,579,57,1128,1011,1,-1,-1,-1
305,51,3,27,600,183,1,-1,-1,-1
305,52,434,99,1486,981,1,-1,-1,-1
306,50,585,64,1128,1011,1,-1,-1,-1
306,51,0,26,588,183,1,-1,-1,-1
306,52,448,99,1472,981,1,-1,-1,-1
307,50,583,69,1128,1011,1,-1,-1,-1
307,51,0,29,575,183,1,-1,-1,-1
307,52,447,120,1473,960,1,-1,-1,-1
308,50,583,73,1128,1007,1,-1,-1,-1
308,51,0,27,540,183,1,-1,-1,-1
308,52,444,140,1476,940,1,-1,-1,-1
309,50,583,75,1128,1005,1,-1,-1,-1
309,51,0,30,512,183,1,-1,-1,-1
309,52,412,98,1508,982,1,-1,-1,-1
310,50,570,84,1128,996,1,-1,-1,-1
310,51,0,29,500,183,1,-1,-1,-1
310,52,414,79,1506,1001,1,-1,-1,-1
311,50,580,100,1074,963,1,-1,-1,-1
311,51,0,30,467,183,1,-1,-1,-1
311,52,409,88,1511,992,1,-1,-1,-1
312,50,585,111,1074,963,1,-1,-1,-1
312,51,0,31,464,183,1,-1,-1,-1
312,52,407,86,1513,994,1,-1,-1,-1
313,50,585,111,1074,963,1,-1,-1,-1
313,51,0,66,423,183,1,-1,-1,-1
313,52,407,86,1513,994,1,-1,-1,-1
314,50,581,114,1074,963,1,-1,-1,-1
314,51,0,66,404,183,1,-1,-1,-1
314,52,387,73,1533,1007,1,-1,-1,-1
315,50,575,124,1074,956,1,-1,-1,-1
315,51,0,70,372,183,1,-1,-1,-1
315,52,406,58,1514,1022,1,-1,-1,-1
316,50,579,104,1074,963,1,-1,-1,-1
316,51,0,69,354,192,1,-1,-1,-1
316,52,440,76,1480,1004,1,-1,-1,-1
317,50,580,113,1074,963,1,-1,-1,-1
317,51,0,71,333,192,1,-1,-1,-1
317,52,402,37,1518,1043,1,-1,-1,-1
318,50,594,112,1074,963,1,-1,-1,-1
318,51,0,70,300,192,1,-1,-1,-1
318,52,408,28,1512,1052,1,-1,-1,-1
319,50,585,84,1128,996,1,-1,-1,-1
319,51,0,67,267,202,1,-1,-1,-1
319,52,482,43,1438,1037,1,-1,-1,-1
320,50,621,100,1074,963,1,-1,-1,-1
320,51,0,67,235,192,1,-1,-1,-1
320,52,501,28,1419,1052,1,-1,-1,-1
321,50,621,100,1074,963,1,-1,-1,-1
321,51,0,67,235,192,1,-1,-1,-1
321,52,501,28,1419,1052,1,-1,-1,-1
321,53,1569,633,348,282,1,-1,-1,-1
321,54,1008,612,483,459,1,-1,-1,-1
321,55,351,462,480,369,1,-1,-1,-1
322,50,593,77,1128,1003,1,-1,-1,-1
322,51,0,62,182,192,1,-1,-1,-1
322,53,1555,632,348,282,1,-1,-1,-1
322,54,1016,618,483,459,1,-1,-1,-1
322,55,346,463,480,369,1,-1,-1,-1
