1,0,2276,512,280,196,1,-1,-1,-1
1,1,1756,612,240,132,1,-1,-1,-1
1,2,1136,620,296,140,1,-1,-1,-1
1,3,900,624,236,136,1,-1,-1,-1
2,0,2265,512,280,196,1,-1,-1,-1
2,1,1751,613,240,132,1,-1,-1,-1
2,2,1137,620,296,140,1,-1,-1,-1
2,3,903,625,236,136,1,-1,-1,-1
3,0,2253,515,280,196,1,-1,-1,-1
3,1,1745,614,240,132,1,-1,-1,-1
3,2,1144,621,296,140,1,-1,-1,-1
3,3,918,626,236,136,1,-1,-1,-1
4,0,2232,520,267,187,1,-1,-1,-1
4,1,1728,616,240,132,1,-1,-1,-1
4,2,1145,623,296,140,1,-1,-1,-1
4,3,928,626,236,136,1,-1,-1,-1
5,0,2223,525,254,178,1,-1,-1,-1
5,1,1728,620,229,126,1,-1,-1,-1
5,2,1146,626,296,140,1,-1,-1,-1
5,3,926,627,236,136,1,-1,-1,-1
6,0,2210,525,254,178,1,-1,-1,-1
6,1,1721,621,229,126,1,-1,-1,-1
6,2,1146,626,296,140,1,-1,-1,-1
6,3,935,625,236,136,1,-1,-1,-1
7,0,2206,527,254,178,1,-1,-1,-1
7,1,1715,624,229,126,1,-1,-1,-1
7,2,1149,627,296,140,1,-1,-1,-1
7,3,939,628,236,136,1,-1,-1,-1
8,0,2204,525,254,178,1,-1,-1,-1
8,1,1711,624,229,126,1,-1,-1,-1
8,2,1166,629,282,133,1,-1,-1,-1
8,3,947,633,225,130,1,-1,-1,-1
9,0,2208,528,280,184,1,-1,-1,-1
9,1,1716,628,224,120,1,-1,-1,-1
9,2,1166,629,282,133,1,-1,-1,-1
9,3,948,616,256,136,1,-1,-1,-1
9,4,1224,624,224,124,1,-1,-1,-1
9,5,608,632,216,112,1,-1,-1,-1
10,0,2212,526,280,184,1,-1,-1,-1
10,1,1716,628,224,120,1,-1,-1,-1
10,2,1178,632,268,127,1,-1,-1,-1
10,3,949,616,256,136,1,-1,-1,-1
10,4,1226,624,224,124,1,-1,-1,-1
10,5,610,632,216,112,1,-1,-1,-1
11,0,2217,527,280,184,1,-1,-1,-1
11,1,1719,628,224,120,1,-1,-1,-1
11,2,1180,631,268,127,1,-1,-1,-1
11,3,951,617,256,136,1,-1,-1,-1
11,4,1229,624,224,124,1,-1,-1,-1
11,5,614,632,216,112,1,-1,-1,-1
12,0,2228,526,280,184,1,-1,-1,-1
12,1,1725,627,224,120,1,-1,-1,-1
12,2,1172,628,282,133,1,-1,-1,-1
12,3,945,613,269,143,1,-1,-1,-1
12,4,1234,625,224,124,1,-1,-1,-1
12,5,615,633,216,112,1,-1,-1,-1
13,0,2240,530,267,175,1,-1,-1,-1
13,1,1730,628,224,120,1,-1,-1,-1
13,2,1178,628,282,133,1,-1,-1,-1
13,3,945,613,269,143,1,-1,-1,-1
13,4,1237,626,224,124,1,-1,-1,-1
13,5,615,634,216,112,1,-1,-1,-1
14,0,2247,530,267,175,1,-1,-1,-1
14,1,1733,628,224,120,1,-1,-1,-1
14,2,1194,630,282,133,1,-1,-1,-1
14,3,950,614,269,143,1,-1,-1,-1
14,4,1239,627,224,124,1,-1,-1,-1
14,5,617,635,216,112,1,-1,-1,-1
15,0,2251,529,267,175,1,-1,-1,-1
15,1,1736,629,224,120,1,-1,-1,-1
15,2,1196,633,268,127,1,-1,-1,-1
15,3,948,612,269,143,1,-1,-1,-1
15,4,1242,629,224,124,1,-1,-1,-1
15,5,617,636,216,112,1,-1,-1,-1
16,0,2253,526,267,175,1,-1,-1,-1
16,1,1736,628,235,126,1,-1,-1,-1
16,2,1199,633,268,127,1,-1,-1,-1
16,3,956,612,269,143,1,-1,-1,-1
16,4,1247,631,224,124,1,-1,-1,-1
16,5,624,636,216,112,1,-1,-1,-1
17,0,2276,532,272,152,1,-1,-1,-1
17,1,1736,632,240,112,1,-1,-1,-1
17,2,1200,624,288,136,1,-1,-1,-1
17,3,956,612,269,143,1,-1,-1,-1
17,4,1247,631,224,124,1,-1,-1,-1
17,5,596,644,260,144,1,-1,-1,-1
17,6,1044,636,228,104,1,-1,-1,-1
17,7,4,624,220,168,1,-1,-1,-1
18,0,2284,532,272,152,1,-1,-1,-1
18,1,1735,630,252,118,1,-1,-1,-1
18,2,1206,627,288,136,1,-1,-1,-1
18,3,955,614,256,136,1,-1,-1,-1
18,4,1261,629,235,130,1,-1,-1,-1
18,5,599,644,260,144,1,-1,-1,-1
18,6,1051,639,228,104,1,-1,-1,-1
18,7,9,625,220,168,1,-1,-1,-1
19,0,2289,533,272,152,1,-1,-1,-1
19,1,1738,632,252,118,1,-1,-1,-1
19,2,1209,630,288,136,1,-1,-1,-1
19,3,956,615,256,136,1,-1,-1,-1
19,4,1260,627,235,130,1,-1,-1,-1
19,5,603,647,260,144,1,-1,-1,-1
19,6,1051,639,228,104,1,-1,-1,-1
19,7,10,626,220,168,1,-1,-1,-1
20,0,2291,534,272,152,1,-1,-1,-1
20,1,1740,633,252,118,1,-1,-1,-1
20,2,1213,633,288,136,1,-1,-1,-1
20,3,953,618,256,136,1,-1,-1,-1
20,4,1269,628,235,130,1,-1,-1,-1
20,5,600,647,260,144,1,-1,-1,-1
20,6,1062,643,217,99,1,-1,-1,-1
20,7,13,626,220,168,1,-1,-1,-1
21,0,2310,533,272,152,1,-1,-1,-1
21,1,1765,637,240,112,1,-1,-1,-1
21,2,1236,633,288,136,1,-1,-1,-1
21,3,964,621,256,136,1,-1,-1,-1
21,4,1297,633,224,124,1,-1,-1,-1
21,5,615,648,260,144,1,-1,-1,-1
21,6,1075,643,217,99,1,-1,-1,-1
21,7,27,626,220,168,1,-1,-1,-1
22,0,2318,542,259,145,1,-1,-1,-1
22,1,1767,630,252,118,1,-1,-1,-1
22,2,1245,633,288,136,1,-1,-1,-1
22,3,968,622,256,136,1,-1,-1,-1
22,4,1308,633,224,124,1,-1,-1,-1
22,5,628,650,260,144,1,-1,-1,-1
22,6,1084,642,228,104,1,-1,-1,-1
22,7,31,624,231,176,1,-1,-1,-1
23,0,2322,545,259,145,1,-1,-1,-1
23,1,1776,629,252,118,1,-1,-1,-1
23,2,1259,635,274,130,1,-1,-1,-1
23,3,977,625,256,136,1,-1,-1,-1
23,4,1323,632,224,124,1,-1,-1,-1
23,5,635,651,260,144,1,-1,-1,-1
23,6,1090,643,228,104,1,-1,-1,-1
23,7,52,630,220,168,1,-1,-1,-1
24,0,2329,544,259,145,1,-1,-1,-1
24,1,1797,630,240,112,1,-1,-1,-1
24,2,1287,640,261,123,1,-1,-1,-1
24,3,994,625,256,136,1,-1,-1,-1
24,4,1334,628,235,130,1,-1,-1,-1
24,5,646,652,260,144,1,-1,-1,-1
24,6,1099,642,239,109,1,-1,-1,-1
24,7,56,628,231,176,1,-1,-1,-1
25,0,2329,544,259,145,1,-1,-1,-1
25,1,1816,604,220,152,1,-1,-1,-1
25,2,1287,640,261,123,1,-1,-1,-1
25,3,994,625,256,136,1,-1,-1,-1
25,4,1334,628,235,130,1,-1,-1,-1
25,5,646,652,260,144,1,-1,-1,-1
25,6,1099,642,239,109,1,-1,-1,-1
25,7,56,628,231,176,1,-1,-1,-1
26,0,2376,541,259,145,1,-1,-1,-1
26,1,1843,604,220,152,1,-1,-1,-1
26,2,1326,640,274,130,1,-1,-1,-1
26,3,1030,630,256,136,1,-1,-1,-1
26,4,1385,635,224,124,1,-1,-1,-1
26,5,694,651,260,144,1,-1,-1,-1
26,7,100,629,231,176,1,-1,-1,-1
27,1,1860,608,220,152,1,-1,-1,-1
27,2,1341,640,274,130,1,-1,-1,-1
27,3,1048,629,256,136,1,-1,-1,-1
27,4,1397,636,235,130,1,-1,-1,-1
27,5,708,649,260,144,1,-1,-1,-1
27,7,127,634,220,168,1,-1,-1,-1
28,1,1873,608,220,152,1,-1,-1,-1
28,2,1359,641,274,130,1,-1,-1,-1
28,3,1059,633,256,136,1,-1,-1,-1
28,4,1417,641,224,124,1,-1,-1,-1
28,5,730,652,248,137,1,-1,-1,-1
28,7,144,633,220,168,1,-1,-1,-1
29,1,1889,609,220,152,1,-1,-1,-1
29,3,1071,634,256,136,1,-1,-1,-1
29,4,1431,639,224,124,1,-1,-1,-1
29,5,743,655,248,137,1,-1,-1,-1
29,7,158,634,220,168,1,-1,-1,-1
30,1,1912,611,220,152,1,-1,-1,-1
30,3,1088,627,269,143,1,-1,-1,-1
30,4,1453,638,213,118,1,-1,-1,-1
30,5,768,657,248,137,1,-1,-1,-1
30,7,184,636,210,160,1,-1,-1,-1
31,1,1920,610,231,160,1,-1,-1,-1
31,3,1094,628,269,143,1,-1,-1,-1
31,4,1467,636,224,124,1,-1,-1,-1
31,5,787,658,248,137,1,-1,-1,-1
31,7,194,636,210,160,1,-1,-1,-1
32,1,1928,611,231,160,1,-1,-1,-1
32,3,1107,628,269,143,1,-1,-1,-1
32,4,1477,639,213,118,1,-1,-1,-1
32,5,806,653,248,137,1,-1,-1,-1
32,7,211,636,200,152,1,-1,-1,-1
33,1,1936,632,244,128,1,-1,-1,-1
33,3,1107,628,269,143,1,-1,-1,-1
33,4,1477,639,213,118,1,-1,-1,-1
33,5,876,648,184,124,1,-1,-1,-1
33,7,211,636,200,152,1,-1,-1,-1
33,8,524,636,220,112,1,-1,-1,-1
34,1,1953,632,244,128,1,-1,-1,-1
34,3,1124,625,269,143,1,-1,-1,-1
34,4,1500,636,224,124,1,-1,-1,-1
34,5,892,648,184,124,1,-1,-1,-1
34,7,236,637,200,152,1,-1,-1,-1
34,8,540,636,220,112,1,-1,-1,-1
35,1,1958,632,244,128,1,-1,-1,-1
35,3,1127,628,269,143,1,-1,-1,-1
35,4,1521,640,224,124,1,-1,-1,-1
35,5,901,648,184,124,1,-1,-1,-1
35,7,248,635,200,152,1,-1,-1,-1
35,8,549,637,220,112,1,-1,-1,-1
36,1,1965,631,244,128,1,-1,-1,-1
36,3,1132,625,269,143,1,-1,-1,-1
36,4,1524,639,224,124,1,-1,-1,-1
36,5,908,647,184,124,1,-1,-1,-1
36,7,250,635,200,152,1,-1,-1,-1
36,8,557,639,210,107,1,-1,-1,-1
37,1,1972,631,244,128,1,-1,-1,-1
37,3,1137,628,269,143,1,-1,-1,-1
37,4,1536,641,213,118,1,-1,-1,-1
37,5,912,649,184,124,1,-1,-1,-1
37,7,261,632,200,152,1,-1,-1,-1
37,8,558,638,220,112,1,-1,-1,-1
38,1,1986,630,244,128,1,-1,-1,-1
38,3,1146,632,256,136,1,-1,-1,-1
38,4,1554,644,213,118,1,-1,-1,-1
38,5,927,646,184,124,1,-1,-1,-1
38,7,267,626,210,160,1,-1,-1,-1
38,8,571,636,220,112,1,-1,-1,-1
39,1,1991,628,244,128,1,-1,-1,-1
39,3,1151,631,256,136,1,-1,-1,-1
39,4,1559,644,213,118,1,-1,-1,-1
39,5,930,643,193,130,1,-1,-1,-1
39,7,270,629,210,160,1,-1,-1,-1
39,8,572,637,220,112,1,-1,-1,-1
40,1,1995,627,244,128,1,-1,-1,-1
40,3,1153,632,256,136,1,-1,-1,-1
40,4,1563,646,213,118,1,-1,-1,-1
40,5,940,642,193,130,1,-1,-1,-1
40,7,270,628,210,160,1,-1,-1,-1
40,8,579,638,220,112,1,-1,-1,-1
41,1,2004,624,244,132,1,-1,-1,-1
41,3,1153,632,256,136,1,-1,-1,-1
41,4,1563,646,213,118,1,-1,-1,-1
41,5,940,642,193,130,1,-1,-1,-1
41,7,270,628,210,160,1,-1,-1,-1
41,8,579,638,220,112,1,-1,-1,-1
41,9,88,656,204,140,1,-1,-1,-1
41,10,968,636,228,140,1,-1,-1,-1
41,11,364,624,156,168,1,-1,-1,-1
41,12,704,628,172,128,1,-1,-1,-1
42,1,2005,619,256,139,1,-1,-1,-1
42,3,1165,633,256,136,1,-1,-1,-1
42,4,1583,651,213,118,1,-1,-1,-1
42,5,974,641,193,130,1,-1,-1,-1
42,7,284,629,210,160,1,-1,-1,-1
42,8,592,636,231,118,1,-1,-1,-1
42,9,93,655,204,140,1,-1,-1,-1
42,10,980,635,228,140,1,-1,-1,-1
42,11,370,624,156,168,1,-1,-1,-1
42,12,710,627,172,128,1,-1,-1,-1
43,1,2011,617,256,139,1,-1,-1,-1
43,3,1165,632,256,136,1,-1,-1,-1
43,4,1586,648,213,118,1,-1,-1,-1
43,5,966,642,193,130,1,-1,-1,-1
43,7,290,632,210,160,1,-1,-1,-1
43,8,594,636,231,118,1,-1,-1,-1
43,9,98,654,204,140,1,-1,-1,-1
43,10,983,633,228,140,1,-1,-1,-1
43,11,375,625,156,168,1,-1,-1,-1
43,12,715,627,172,128,1,-1,-1,-1
44,1,2017,615,256,139,1,-1,-1,-1
44,3,1165,633,256,136,1,-1,-1,-1
44,4,1592,646,224,124,1,-1,-1,-1
44,5,963,641,203,137,1,-1,-1,-1
44,7,295,632,210,160,1,-1,-1,-1
44,8,598,635,231,118,1,-1,-1,-1
44,9,102,656,204,140,1,-1,-1,-1
44,10,995,635,217,133,1,-1,-1,-1
44,11,378,627,156,168,1,-1,-1,-1
44,12,721,627,172,128,1,-1,-1,-1
45,1,2021,614,256,139,1,-1,-1,-1
45,3,1165,633,256,136,1,-1,-1,-1
45,4,1586,641,235,130,1,-1,-1,-1
45,5,964,642,203,137,1,-1,-1,-1
45,7,299,632,210,160,1,-1,-1,-1
45,8,602,635,231,118,1,-1,-1,-1
45,9,106,658,204,140,1,-1,-1,-1
45,10,1000,633,217,133,1,-1,-1,-1
45,11,382,628,156,168,1,-1,-1,-1
45,12,723,628,172,128,1,-1,-1,-1
46,1,2034,612,256,139,1,-1,-1,-1
46,3,1171,633,256,136,1,-1,-1,-1
46,4,1592,641,235,130,1,-1,-1,-1
46,5,965,633,213,144,1,-1,-1,-1
46,7,312,629,210,160,1,-1,-1,-1
46,8,616,631,231,118,1,-1,-1,-1
46,9,112,661,204,140,1,-1,-1,-1
46,10,1008,633,217,133,1,-1,-1,-1
46,11,392,628,156,168,1,-1,-1,-1
46,12,732,626,172,128,1,-1,-1,-1
47,1,2037,611,256,139,1,-1,-1,-1
47,3,1175,631,256,136,1,-1,-1,-1
47,4,1597,639,235,130,1,-1,-1,-1
47,5,961,624,224,151,1,-1,-1,-1
47,7,315,630,210,160,1,-1,-1,-1
47,8,615,632,231,118,1,-1,-1,-1
47,9,116,664,204,140,1,-1,-1,-1
47,10,1007,627,217,133,1,-1,-1,-1
47,11,396,627,156,168,1,-1,-1,-1
47,12,734,626,172,128,1,-1,-1,-1
48,1,2042,609,256,139,1,-1,-1,-1
48,3,1176,629,256,136,1,-1,-1,-1
48,4,1602,638,235,130,1,-1,-1,-1
48,5,963,629,224,151,1,-1,-1,-1
48,7,319,631,210,160,1,-1,-1,-1
48,8,619,629,231,118,1,-1,-1,-1
48,9,126,671,194,133,1,-1,-1,-1
48,10,1014,631,207,127,1,-1,-1,-1
48,11,400,629,156,168,1,-1,-1,-1
48,12,732,623,181,134,1,-1,-1,-1
49,1,2064,608,244,148,1,-1,-1,-1
49,3,1176,629,256,136,1,-1,-1,-1
49,4,1602,638,235,130,1,-1,-1,-1
49,5,963,629,224,151,1,-1,-1,-1
49,7,319,631,210,160,1,-1,-1,-1
49,8,619,629,231,118,1,-1,-1,-1
49,9,126,671,194,133,1,-1,-1,-1
49,10,1014,631,207,127,1,-1,-1,-1
49,11,400,629,156,168,1,-1,-1,-1
49,12,732,623,181,134,1,-1,-1,-1
50,1,2070,609,244,148,1,-1,-1,-1
50,3,1170,625,269,143,1,-1,-1,-1
50,4,1612,639,235,130,1,-1,-1,-1
50,5,967,632,224,151,1,-1,-1,-1
50,7,326,637,210,160,1,-1,-1,-1
50,8,641,630,220,112,1,-1,-1,-1
50,9,132,671,194,133,1,-1,-1,-1
50,10,1032,634,197,121,1,-1,-1,-1
50,11,413,631,156,168,1,-1,-1,-1
50,12,736,625,181,134,1,-1,-1,-1
51,1,2074,609,244,148,1,-1,-1,-1
51,3,1172,626,269,143,1,-1,-1,-1
51,4,1615,638,235,130,1,-1,-1,-1
51,5,983,629,235,158,1,-1,-1,-1
51,7,323,635,220,168,1,-1,-1,-1
51,8,652,632,210,107,1,-1,-1,-1
51,9,132,672,194,133,1,-1,-1,-1
51,10,1036,634,197,121,1,-1,-1,-1
51,11,419,630,156,168,1,-1,-1,-1
51,12,742,623,181,134,1,-1,-1,-1
52,1,2078,610,244,148,1,-1,-1,-1
52,3,1170,624,269,143,1,-1,-1,-1
52,4,1618,637,235,130,1,-1,-1,-1
52,5,992,630,235,158,1,-1,-1,-1
52,8,653,633,210,107,1,-1,-1,-1
52,9,137,673,194,133,1,-1,-1,-1
52,10,1037,634,197,121,1,-1,-1,-1
52,11,434,640,156,168,1,-1,-1,-1
52,12,748,625,172,128,1,-1,-1,-1
53,1,2084,610,244,148,1,-1,-1,-1
53,3,1169,623,269,143,1,-1,-1,-1
53,4,1622,635,235,130,1,-1,-1,-1
53,5,978,629,235,158,1,-1,-1,-1
53,8,659,636,200,102,1,-1,-1,-1
53,9,140,676,185,127,1,-1,-1,-1
53,10,1034,632,207,127,1,-1,-1,-1
53,11,438,644,156,168,1,-1,-1,-1
53,12,764,623,172,128,1,-1,-1,-1
54,1,2091,607,244,148,1,-1,-1,-1
54,3,1178,628,256,136,1,-1,-1,-1
54,4,1626,634,235,130,1,-1,-1,-1
54,8,667,632,210,107,1,-1,-1,-1
54,9,145,677,185,127,1,-1,-1,-1
54,10,1032,631,207,127,1,-1,-1,-1
54,11,432,640,164,176,1,-1,-1,-1
54,12,782,629,164,122,1,-1,-1,-1
55,1,2094,605,244,148,1,-1,-1,-1
55,3,1180,627,256,136,1,-1,-1,-1
55,4,1623,629,247,137,1,-1,-1,-1
55,8,674,636,200,102,1,-1,-1,-1
55,9,148,676,185,127,1,-1,-1,-1
55,10,1034,630,207,127,1,-1,-1,-1
55,11,434,642,164,176,1,-1,-1,-1
55,12,782,631,164,122,1,-1,-1,-1
56,1,2099,603,244,148,1,-1,-1,-1
56,3,1179,627,256,136,1,-1,-1,-1
56,4,1628,629,247,137,1,-1,-1,-1
56,8,669,638,200,102,1,-1,-1,-1
56,9,149,678,185,127,1,-1,-1,-1
56,11,433,641,164,176,1,-1,-1,-1
56,12,786,632,164,122,1,-1,-1,-1
57,1,2108,588,236,168,1,-1,-1,-1
57,3,1179,627,256,136,1,-1,-1,-1
57,4,1596,624,288,152,1,-1,-1,-1
57,8,669,638,200,102,1,-1,-1,-1
57,9,156,672,196,124,1,-1,-1,-1
57,11,433,641,164,176,1,-1,-1,-1
57,12,786,632,164,122,1,-1,-1,-1
57,13,1092,624,172,140,1,-1,-1,-1
57,14,728,656,200,140,1,-1,-1,-1
57,15,1480,656,172,108,1,-1,-1,-1
58,1,2114,587,236,168,1,-1,-1,-1
58,3,1178,629,256,136,1,-1,-1,-1
58,4,1599,624,288,152,1,-1,-1,-1
58,8,668,639,200,102,1,-1,-1,-1
58,9,162,671,196,124,1,-1,-1,-1
58,11,441,645,164,176,1,-1,-1,-1
58,12,789,635,164,122,1,-1,-1,-1
58,13,1093,626,172,140,1,-1,-1,-1
58,14,728,656,200,140,1,-1,-1,-1
58,15,1483,657,172,108,1,-1,-1,-1
59,1,2119,586,236,168,1,-1,-1,-1
59,3,1176,629,256,136,1,-1,-1,-1
59,4,1605,625,288,152,1,-1,-1,-1
59,8,667,640,200,102,1,-1,-1,-1
59,9,163,672,196,124,1,-1,-1,-1
59,11,440,641,164,176,1,-1,-1,-1
59,12,792,636,164,122,1,-1,-1,-1
59,13,1094,627,172,140,1,-1,-1,-1
59,14,729,658,200,140,1,-1,-1,-1
59,15,1485,658,172,108,1,-1,-1,-1
60,1,2122,587,236,168,1,-1,-1,-1
60,3,1178,630,256,136,1,-1,-1,-1
60,4,1607,624,288,152,1,-1,-1,-1
60,8,663,639,210,107,1,-1,-1,-1
60,9,165,672,196,124,1,-1,-1,-1
60,11,448,647,164,176,1,-1,-1,-1
60,12,792,636,164,122,1,-1,-1,-1
60,13,1096,627,172,140,1,-1,-1,-1
60,14,732,658,200,140,1,-1,-1,-1
60,15,1488,660,172,108,1,-1,-1,-1
61,1,2126,587,236,168,1,-1,-1,-1
61,3,1175,630,256,136,1,-1,-1,-1
61,4,1610,623,288,152,1,-1,-1,-1
61,8,666,639,210,107,1,-1,-1,-1
61,9,171,674,187,118,1,-1,-1,-1
61,11,450,652,164,176,1,-1,-1,-1
61,12,794,636,164,122,1,-1,-1,-1
61,13,1097,627,172,140,1,-1,-1,-1
61,14,732,658,200,140,1,-1,-1,-1
61,15,1489,661,172,108,1,-1,-1,-1
62,1,2135,588,236,168,1,-1,-1,-1
62,3,1174,629,256,136,1,-1,-1,-1
62,4,1615,624,288,152,1,-1,-1,-1
62,8,670,639,210,107,1,-1,-1,-1
62,9,177,675,187,118,1,-1,-1,-1
62,11,465,641,164,176,1,-1,-1,-1
62,12,794,635,164,122,1,-1,-1,-1
62,13,1097,628,172,140,1,-1,-1,-1
62,14,735,659,200,140,1,-1,-1,-1
62,15,1489,662,172,108,1,-1,-1,-1
63,1,2136,585,248,176,1,-1,-1,-1
63,3,1173,628,256,136,1,-1,-1,-1
63,4,1619,625,288,152,1,-1,-1,-1
63,8,679,642,210,107,1,-1,-1,-1
63,9,179,675,187,118,1,-1,-1,-1
63,11,473,645,156,168,1,-1,-1,-1
63,12,796,634,164,122,1,-1,-1,-1
63,13,1095,625,181,147,1,-1,-1,-1
63,14,735,659,200,140,1,-1,-1,-1
63,15,1489,662,181,113,1,-1,-1,-1
64,1,2141,586,248,176,1,-1,-1,-1
64,3,1172,630,256,136,1,-1,-1,-1
64,4,1611,622,302,160,1,-1,-1,-1
64,8,683,644,210,107,1,-1,-1,-1
64,9,174,672,196,124,1,-1,-1,-1
64,11,466,639,164,176,1,-1,-1,-1
64,12,797,634,164,122,1,-1,-1,-1
64,13,1096,626,181,147,1,-1,-1,-1
64,14,734,660,200,140,1,-1,-1,-1
64,15,1486,659,181,113,1,-1,-1,-1
65,1,2140,596,268,156,1,-1,-1,-1
65,3,1172,630,256,136,1,-1,-1,-1
65,4,1656,636,260,140,1,-1,-1,-1
65,8,683,644,210,107,1,-1,-1,-1
65,9,208,692,184,100,1,-1,-1,-1
65,11,466,639,164,176,1,-1,-1,-1
65,12,797,634,164,122,1,-1,-1,-1
65,13,1084,628,204,136,1,-1,-1,-1
65,14,776,652,168,128,1,-1,-1,-1
65,15,1486,659,181,113,1,-1,-1,-1
65,16,0,676,120,116,1,-1,-1,-1
66,1,2145,598,268,156,1,-1,-1,-1
66,3,1170,630,256,136,1,-1,-1,-1
66,4,1664,637,260,140,1,-1,-1,-1
66,9,217,694,175,95,1,-1,-1,-1
66,11,468,640,164,176,1,-1,-1,-1
66,12,802,641,164,122,1,-1,-1,-1
66,13,1086,629,204,136,1,-1,-1,-1
66,14,778,654,168,128,1,-1,-1,-1
66,15,1488,661,181,113,1,-1,-1,-1
66,16,2,677,120,116,1,-1,-1,-1
67,1,2149,600,268,156,1,-1,-1,-1
67,3,1169,632,256,136,1,-1,-1,-1
67,4,1671,642,248,133,1,-1,-1,-1
67,9,219,697,175,95,1,-1,-1,-1
67,11,466,632,172,185,1,-1,-1,-1
67,12,801,643,164,122,1,-1,-1,-1
67,13,1088,630,204,136,1,-1,-1,-1
67,14,779,655,168,128,1,-1,-1,-1
67,15,1490,661,181,113,1,-1,-1,-1
67,16,3,678,120,116,1,-1,-1,-1
68,1,2151,600,268,156,1,-1,-1,-1
68,3,1167,634,256,136,1,-1,-1,-1
68,4,1664,644,248,133,1,-1,-1,-1
68,9,223,697,175,95,1,-1,-1,-1
68,11,469,632,172,185,1,-1,-1,-1
68,12,802,645,164,122,1,-1,-1,-1
68,13,1089,631,204,136,1,-1,-1,-1
68,14,781,657,168,128,1,-1,-1,-1
68,15,1492,662,181,113,1,-1,-1,-1
68,16,5,678,120,116,1,-1,-1,-1
69,1,2147,595,281,164,1,-1,-1,-1
69,3,1165,636,256,136,1,-1,-1,-1
69,4,1669,646,248,133,1,-1,-1,-1
69,9,223,698,175,95,1,-1,-1,-1
69,11,468,635,172,185,1,-1,-1,-1
69,12,804,646,164,122,1,-1,-1,-1
69,13,1088,631,204,136,1,-1,-1,-1
69,14,781,659,168,128,1,-1,-1,-1
69,15,1493,661,181,113,1,-1,-1,-1
69,16,5,680,120,116,1,-1,-1,-1
70,1,2153,596,281,164,1,-1,-1,-1
70,3,1164,637,256,136,1,-1,-1,-1
70,4,1685,646,248,133,1,-1,-1,-1
70,9,219,697,184,100,1,-1,-1,-1
70,11,473,639,172,185,1,-1,-1,-1
70,12,809,650,164,122,1,-1,-1,-1
70,13,1084,634,204,136,1,-1,-1,-1
70,14,787,663,160,122,1,-1,-1,-1
70,15,1496,663,181,113,1,-1,-1,-1
70,16,4,683,120,116,1,-1,-1,-1
71,1,2158,595,281,164,1,-1,-1,-1
71,3,1164,638,256,136,1,-1,-1,-1
71,4,1693,650,236,127,1,-1,-1,-1
71,9,222,695,184,100,1,-1,-1,-1
71,11,475,639,172,185,1,-1,-1,-1
71,12,810,650,164,122,1,-1,-1,-1
71,13,1079,634,214,143,1,-1,-1,-1
71,14,788,664,160,122,1,-1,-1,-1
71,15,1501,663,181,113,1,-1,-1,-1
71,16,8,684,120,116,1,-1,-1,-1
72,1,2161,597,281,164,1,-1,-1,-1
72,3,1162,639,256,136,1,-1,-1,-1
72,4,1697,657,225,121,1,-1,-1,-1
72,9,223,696,184,100,1,-1,-1,-1
72,11,480,641,172,185,1,-1,-1,-1
72,12,814,650,164,122,1,-1,-1,-1
72,13,1073,636,214,143,1,-1,-1,-1
72,14,790,664,160,122,1,-1,-1,-1
72,15,1502,665,181,113,1,-1,-1,-1
72,16,7,682,126,122,1,-1,-1,-1
73,1,2176,600,260,160,1,-1,-1,-1
73,3,1162,639,256,136,1,-1,-1,-1
73,4,1697,657,225,121,1,-1,-1,-1
73,9,223,696,184,100,1,-1,-1,-1
73,11,480,641,172,185,1,-1,-1,-1
73,12,814,650,164,122,1,-1,-1,-1
73,13,1073,636,214,143,1,-1,-1,-1
73,14,820,664,152,144,1,-1,-1,-1
73,15,1502,665,181,113,1,-1,-1,-1
73,16,0,684,148,136,1,-1,-1,-1
73,17,1096,652,220,128,1,-1,-1,-1
73,18,628,664,184,128,1,-1,-1,-1
74,1,2174,599,273,168,1,-1,-1,-1
74,3,1165,637,256,136,1,-1,-1,-1
74,9,223,687,193,105,1,-1,-1,-1
74,11,482,641,172,185,1,-1,-1,-1
74,13,1069,641,214,143,1,-1,-1,-1
74,14,823,665,152,144,1,-1,-1,-1
74,15,1504,666,181,113,1,-1,-1,-1
74,16,4,684,148,136,1,-1,-1,-1
74,17,1098,654,220,128,1,-1,-1,-1
74,18,631,665,184,128,1,-1,-1,-1
75,1,2177,601,273,168,1,-1,-1,-1
75,3,1167,638,256,136,1,-1,-1,-1
75,9,223,683,203,110,1,-1,-1,-1
75,11,479,636,181,194,1,-1,-1,-1
75,13,1067,645,214,143,1,-1,-1,-1
75,14,824,667,152,144,1,-1,-1,-1
75,15,1506,669,181,113,1,-1,-1,-1
75,16,3,685,148,136,1,-1,-1,-1
75,17,1100,656,220,128,1,-1,-1,-1
75,18,634,667,184,128,1,-1,-1,-1
76,1,2187,606,260,160,1,-1,-1,-1
76,3,1169,638,256,136,1,-1,-1,-1
76,9,224,679,213,116,1,-1,-1,-1
76,11,485,637,181,194,1,-1,-1,-1
76,13,1068,643,214,143,1,-1,-1,-1
76,14,825,667,152,144,1,-1,-1,-1
76,15,1513,670,172,108,1,-1,-1,-1
76,16,5,686,148,136,1,-1,-1,-1
76,17,1101,658,220,128,1,-1,-1,-1
76,18,634,669,184,128,1,-1,-1,-1
77,1,2192,606,260,160,1,-1,-1,-1
77,3,1167,639,256,136,1,-1,-1,-1
77,9,221,677,213,116,1,-1,-1,-1
77,11,481,633,190,204,1,-1,-1,-1
77,13,1070,646,204,136,1,-1,-1,-1
77,14,825,668,152,144,1,-1,-1,-1
77,15,1518,668,172,108,1,-1,-1,-1
77,16,5,686,148,136,1,-1,-1,-1
77,17,1103,659,220,128,1,-1,-1,-1
77,18,634,671,184,128,1,-1,-1,-1
78,1,2199,605,260,160,1,-1,-1,-1
78,3,1168,640,256,136,1,-1,-1,-1
78,9,223,677,213,116,1,-1,-1,-1
78,11,489,638,190,204,1,-1,-1,-1
78,13,1070,647,204,136,1,-1,-1,-1
78,14,825,669,152,144,1,-1,-1,-1
78,15,1529,671,172,108,1,-1,-1,-1
78,16,1,684,155,143,1,-1,-1,-1
78,17,1104,660,220,128,1,-1,-1,-1
78,18,640,673,184,128,1,-1,-1,-1
79,1,2202,606,260,160,1,-1,-1,-1
79,3,1170,640,256,136,1,-1,-1,-1
79,9,224,678,213,116,1,-1,-1,-1
79,11,491,640,190,204,1,-1,-1,-1
79,13,1066,648,204,136,1,-1,-1,-1
79,14,825,670,152,144,1,-1,-1,-1
79,15,1526,671,181,113,1,-1,-1,-1
79,16,2,684,155,143,1,-1,-1,-1
79,17,1105,660,220,128,1,-1,-1,-1
79,18,641,672,184,128,1,-1,-1,-1
80,1,2203,604,260,160,1,-1,-1,-1
80,3,1170,641,256,136,1,-1,-1,-1
80,9,232,678,213,116,1,-1,-1,-1
80,11,495,644,190,204,1,-1,-1,-1
80,13,1066,647,204,136,1,-1,-1,-1
80,14,823,671,152,144,1,-1,-1,-1
80,15,1528,669,181,113,1,-1,-1,-1
80,16,6,683,155,143,1,-1,-1,-1
80,17,1107,660,220,128,1,-1,-1,-1
80,18,637,668,193,134,1,-1,-1,-1
81,1,2216,616,264,152,1,-1,-1,-1
81,3,1170,641,256,136,1,-1,-1,-1
81,9,232,678,213,116,1,-1,-1,-1
81,11,488,664,208,156,1,-1,-1,-1
81,13,1124,656,216,128,1,-1,-1,-1
81,14,823,671,152,144,1,-1,-1,-1
81,15,1528,669,181,113,1,-1,-1,-1
81,16,6,683,155,143,1,-1,-1,-1
81,17,1107,660,220,128,1,-1,-1,-1
81,18,664,656,220,144,1,-1,-1,-1
81,19,1732,700,128,80,1,-1,-1,-1
82,1,2220,613,264,152,1,-1,-1,-1
82,3,1168,643,256,136,1,-1,-1,-1
82,9,235,679,203,110,1,-1,-1,-1
82,11,491,664,208,156,1,-1,-1,-1
82,13,1125,656,216,128,1,-1,-1,-1
82,14,814,670,152,144,1,-1,-1,-1
82,15,1535,670,181,113,1,-1,-1,-1
82,16,14,685,155,143,1,-1,-1,-1
82,17,1110,662,220,128,1,-1,-1,-1
82,18,667,657,220,144,1,-1,-1,-1
82,19,1741,699,128,80,1,-1,-1,-1
83,1,2223,614,264,152,1,-1,-1,-1
83,3,1166,644,256,136,1,-1,-1,-1
83,9,237,678,203,110,1,-1,-1,-1
83,11,494,665,208,156,1,-1,-1,-1
83,13,1126,658,216,128,1,-1,-1,-1
83,14,816,673,152,144,1,-1,-1,-1
83,15,1537,670,181,113,1,-1,-1,-1
83,16,16,684,155,143,1,-1,-1,-1
83,17,1109,665,220,128,1,-1,-1,-1
83,18,663,653,231,151,1,-1,-1,-1
83,19,1744,696,128,80,1,-1,-1,-1
84,1,2224,614,264,152,1,-1,-1,-1
84,3,1164,646,256,136,1,-1,-1,-1
84,9,238,679,203,110,1,-1,-1,-1
84,11,496,666,208,156,1,-1,-1,-1
84,13,1130,659,216,128,1,-1,-1,-1
84,14,814,669,160,151,1,-1,-1,-1
84,15,1541,671,181,113,1,-1,-1,-1
84,16,20,682,155,143,1,-1,-1,-1
84,17,1115,667,220,128,1,-1,-1,-1
84,18,668,654,231,151,1,-1,-1,-1
84,19,1752,694,128,80,1,-1,-1,-1
85,1,2228,615,264,152,1,-1,-1,-1
85,3,1173,649,244,130,1,-1,-1,-1
85,9,243,680,203,110,1,-1,-1,-1
85,11,497,666,208,156,1,-1,-1,-1
85,13,1125,656,227,134,1,-1,-1,-1
85,14,813,667,160,151,1,-1,-1,-1
85,15,1553,671,172,108,1,-1,-1,-1
85,16,24,692,148,136,1,-1,-1,-1
85,17,1114,667,220,128,1,-1,-1,-1
85,18,675,657,220,144,1,-1,-1,-1
85,19,1761,689,128,80,1,-1,-1,-1
86,1,2235,616,264,152,1,-1,-1,-1
86,3,1176,647,244,130,1,-1,-1,-1
86,9,243,682,203,110,1,-1,-1,-1
86,11,501,668,208,156,1,-1,-1,-1
86,13,1128,656,227,134,1,-1,-1,-1
86,14,814,669,160,151,1,-1,-1,-1
86,15,1565,670,172,108,1,-1,-1,-1
86,16,30,692,148,136,1,-1,-1,-1
86,17,1124,662,220,128,1,-1,-1,-1
86,18,680,659,220,144,1,-1,-1,-1
86,19,1775,684,128,80,1,-1,-1,-1
87,1,2237,615,264,152,1,-1,-1,-1
87,9,245,683,203,110,1,-1,-1,-1
87,11,502,668,208,156,1,-1,-1,-1
87,13,1131,655,227,134,1,-1,-1,-1
87,14,813,668,160,151,1,-1,-1,-1
87,15,1570,670,172,108,1,-1,-1,-1
87,16,23,686,155,143,1,-1,-1,-1
87,17,1120,656,231,134,1,-1,-1,-1
87,18,682,657,220,144,1,-1,-1,-1
87,19,1786,683,128,80,1,-1,-1,-1
88,1,2240,614,264,152,1,-1,-1,-1
88,9,250,685,203,110,1,-1,-1,-1
88,11,498,662,218,164,1,-1,-1,-1
88,13,1137,657,216,128,1,-1,-1,-1
88,14,811,668,160,151,1,-1,-1,-1
88,15,1576,671,172,108,1,-1,-1,-1
88,16,17,686,155,143,1,-1,-1,-1
88,17,1127,659,231,134,1,-1,-1,-1
88,18,692,657,210,137,1,-1,-1,-1
88,19,1794,683,128,80,1,-1,-1,-1
89,1,2264,604,228,148,1,-1,-1,-1
89,9,250,685,203,110,1,-1,-1,-1
89,11,498,662,218,164,1,-1,-1,-1
89,13,1160,660,224,132,1,-1,-1,-1
89,14,811,668,160,151,1,-1,-1,-1
89,15,1572,664,200,124,1,-1,-1,-1
89,16,17,686,155,143,1,-1,-1,-1
89,17,1127,659,231,134,1,-1,-1,-1
89,18,692,657,210,137,1,-1,-1,-1
89,19,1794,683,128,80,1,-1,-1,-1
89,20,1808,672,260,108,1,-1,-1,-1
90,13,1160,657,235,139,1,-1,-1,-1
90,18,655,651,200,131,1,-1,-1,-1
90,20,1861,663,273,113,1,-1,-1,-1
91,13,1158,655,247,146,1,-1,-1,-1
91,20,1895,660,273,113,1,-1,-1,-1
92,13,1158,648,259,153,1,-1,-1,-1
92,20,1918,655,287,119,1,-1,-1,-1
93,13,1163,646,259,153,1,-1,-1,-1
93,20,1933,653,301,125,1,-1,-1,-1
94,13,1176,644,259,153,1,-1,-1,-1
94,20,1964,648,301,125,1,-1,-1,-1
95,13,1177,642,259,153,1,-1,-1,-1
95,20,1987,647,301,125,1,-1,-1,-1
96,13,1169,635,272,160,1,-1,-1,-1
96,20,2005,640,316,131,1,-1,-1,-1
97,13,1169,635,272,160,1,-1,-1,-1
97,20,2005,640,316,131,1,-1,-1,-1
97,21,2020,624,316,160,1,-1,-1,-1
97,22,428,628,220,180,1,-1,-1,-1
97,23,1124,632,336,132,1,-1,-1,-1
97,24,1736,620,260,176,1,-1,-1,-1
97,25,776,596,224,224,1,-1,-1,-1
97,26,8,668,188,140,1,-1,-1,-1
97,27,216,640,228,152,1,-1,-1,-1
98,13,1193,632,272,160,1,-1,-1,-1
98,20,2071,638,316,131,1,-1,-1,-1
98,21,2062,623,316,160,1,-1,-1,-1
98,22,411,627,220,180,1,-1,-1,-1
98,23,1129,629,336,132,1,-1,-1,-1
98,24,1771,619,260,176,1,-1,-1,-1
98,25,775,594,224,224,1,-1,-1,-1
98,26,-27,664,197,147,1,-1,-1,-1
98,27,192,637,228,152,1,-1,-1,-1
99,13,1196,627,286,168,1,-1,-1,-1
99,20,2099,636,316,131,1,-1,-1,-1
99,21,2084,617,332,168,1,-1,-1,-1
99,22,401,626,220,180,1,-1,-1,-1
99,23,1135,628,336,132,1,-1,-1,-1
99,24,1796,619,260,176,1,-1,-1,-1
99,25,768,593,224,224,1,-1,-1,-1
99,26,-49,665,197,147,1,-1,-1,-1
99,27,172,637,228,152,1,-1,-1,-1
100,13,1181,631,286,168,1,-1,-1,-1
100,20,2127,633,316,131,1,-1,-1,-1
100,21,2115,615,332,168,1,-1,-1,-1
100,22,393,626,220,180,1,-1,-1,-1
100,23,1151,628,336,132,1,-1,-1,-1
100,24,1827,623,248,168,1,-1,-1,-1
100,25,763,594,224,224,1,-1,-1,-1
100,26,-67,663,197,147,1,-1,-1,-1
100,27,152,634,239,160,1,-1,-1,-1
101,13,1199,631,286,168,1,-1,-1,-1
101,20,2147,629,332,138,1,-1,-1,-1
101,21,2142,614,332,168,1,-1,-1,-1
101,22,382,625,220,180,1,-1,-1,-1
101,23,1142,627,353,139,1,-1,-1,-1
101,24,1845,619,260,176,1,-1,-1,-1
101,25,753,592,224,224,1,-1,-1,-1
101,26,-89,662,197,147,1,-1,-1,-1
101,27,136,633,239,160,1,-1,-1,-1
102,13,1235,630,286,168,1,-1,-1,-1
102,20,2208,630,332,138,1,-1,-1,-1
102,21,2200,612,332,168,1,-1,-1,-1
102,22,353,618,231,189,1,-1,-1,-1
102,24,1896,622,260,176,1,-1,-1,-1
102,25,742,589,224,224,1,-1,-1,-1
102,27,98,628,251,168,1,-1,-1,-1
103,13,1247,633,286,168,1,-1,-1,-1
103,21,2216,602,348,176,1,-1,-1,-1
103,22,338,613,243,198,1,-1,-1,-1
103,24,1923,623,260,176,1,-1,-1,-1
103,25,739,589,224,224,1,-1,-1,-1
103,27,81,626,264,176,1,-1,-1,-1
104,13,1242,635,286,168,1,-1,-1,-1
104,21,2209,598,366,185,1,-1,-1,-1
104,22,338,614,243,198,1,-1,-1,-1
104,24,1940,624,260,176,1,-1,-1,-1
104,25,732,583,235,235,1,-1,-1,-1
104,27,87,632,251,168,1,-1,-1,-1
105,13,1242,635,286,168,1,-1,-1,-1
105,21,2204,592,352,208,1,-1,-1,-1
105,22,336,608,260,216,1,-1,-1,-1
105,24,1924,612,292,180,1,-1,-1,-1
105,25,740,588,280,220,1,-1,-1,-1
105,27,104,624,240,176,1,-1,-1,-1
105,28,1224,636,324,168,1,-1,-1,-1
105,29,624,612,164,200,1,-1,-1,-1
105,30,1076,620,148,176,1,-1,-1,-1
106,13,1261,629,300,177,1,-1,-1,-1
106,21,2208,591,352,208,1,-1,-1,-1
106,22,342,608,260,216,1,-1,-1,-1
106,24,1924,610,307,189,1,-1,-1,-1
106,25,743,588,280,220,1,-1,-1,-1
106,27,109,626,240,176,1,-1,-1,-1
106,28,1221,631,340,176,1,-1,-1,-1
106,29,628,613,164,200,1,-1,-1,-1
106,30,1080,621,148,176,1,-1,-1,-1
107,13,1270,627,300,177,1,-1,-1,-1
107,21,2209,592,352,208,1,-1,-1,-1
107,22,346,607,260,216,1,-1,-1,-1
107,24,1937,618,292,180,1,-1,-1,-1
107,25,746,586,280,220,1,-1,-1,-1
107,27,117,629,229,168,1,-1,-1,-1
107,28,1235,632,324,168,1,-1,-1,-1
107,29,630,611,164,200,1,-1,-1,-1
107,30,1084,620,148,176,1,-1,-1,-1
108,13,1277,627,300,177,1,-1,-1,-1
108,21,2216,589,352,208,1,-1,-1,-1
108,22,349,605,260,216,1,-1,-1,-1
108,24,1933,617,292,180,1,-1,-1,-1
108,25,748,586,280,220,1,-1,-1,-1
108,27,121,628,229,168,1,-1,-1,-1
108,28,1230,625,340,176,1,-1,-1,-1
108,29,632,612,164,200,1,-1,-1,-1
108,30,1086,621,148,176,1,-1,-1,-1
109,13,1274,625,300,177,1,-1,-1,-1
109,21,2215,589,352,208,1,-1,-1,-1
109,22,354,605,260,216,1,-1,-1,-1
109,24,1936,617,292,180,1,-1,-1,-1
109,25,750,585,280,220,1,-1,-1,-1
109,27,126,629,229,168,1,-1,-1,-1
109,28,1233,626,340,176,1,-1,-1,-1
109,29,632,611,164,200,1,-1,-1,-1
109,30,1089,621,148,176,1,-1,-1,-1
110,13,1283,626,300,177,1,-1,-1,-1
110,21,2209,580,370,218,1,-1,-1,-1
110,22,363,604,260,216,1,-1,-1,-1
110,24,1943,621,278,171,1,-1,-1,-1
110,25,766,589,267,210,1,-1,-1,-1
110,27,135,628,229,168,1,-1,-1,-1
110,28,1237,626,340,176,1,-1,-1,-1
110,29,636,610,164,200,1,-1,-1,-1
110,30,1095,622,148,176,1,-1,-1,-1
111,13,1307,629,286,168,1,-1,-1,-1
111,21,2217,577,370,218,1,-1,-1,-1
111,22,370,602,260,216,1,-1,-1,-1
111,24,1934,618,292,180,1,-1,-1,-1
111,25,770,589,267,210,1,-1,-1,-1
111,27,140,627,229,168,1,-1,-1,-1
111,28,1252,628,324,168,1,-1,-1,-1
111,29,639,610,164,200,1,-1,-1,-1
111,30,1097,624,148,176,1,-1,-1,-1
112,13,1314,626,286,168,1,-1,-1,-1
112,21,2229,583,352,208,1,-1,-1,-1
112,22,366,597,273,227,1,-1,-1,-1
112,24,1940,615,292,180,1,-1,-1,-1
112,25,772,587,267,210,1,-1,-1,-1
112,27,146,627,229,168,1,-1,-1,-1
112,28,1244,623,340,176,1,-1,-1,-1
112,29,639,610,164,200,1,-1,-1,-1
112,30,1102,627,141,168,1,-1,-1,-1
113,13,1314,626,286,168,1,-1,-1,-1
113,21,2248,568,308,216,1,-1,-1,-1
113,22,388,584,276,232,1,-1,-1,-1
113,24,1940,615,292,180,1,-1,-1,-1
113,25,792,584,288,228,1,-1,-1,-1
113,27,146,627,229,168,1,-1,-1,-1
113,28,1248,624,340,172,1,-1,-1,-1
113,29,648,596,156,216,1,-1,-1,-1
113,30,1102,627,141,168,1,-1,-1,-1
113,31,168,644,220,176,1,-1,-1,-1
113,32,0,640,104,180,1,-1,-1,-1
113,33,1860,824,136,228,1,-1,-1,-1
114,13,1326,621,300,177,1,-1,-1,-1
114,21,2261,571,308,216,1,-1,-1,-1
114,22,397,589,263,221,1,-1,-1,-1
114,25,793,582,288,228,1,-1,-1,-1
114,27,164,623,229,168,1,-1,-1,-1
114,28,1251,622,340,172,1,-1,-1,-1
114,29,651,595,156,216,1,-1,-1,-1
114,30,1108,621,148,176,1,-1,-1,-1
114,31,174,644,220,176,1,-1,-1,-1
114,32,2,640,104,180,1,-1,-1,-1
114,33,1861,825,136,228,1,-1,-1,-1
115,13,1333,621,286,168,1,-1,-1,-1
115,21,2266,569,308,216,1,-1,-1,-1
115,22,396,583,276,232,1,-1,-1,-1
115,25,790,576,302,239,1,-1,-1,-1
115,27,171,626,218,160,1,-1,-1,-1
115,28,1252,621,340,172,1,-1,-1,-1
115,29,657,602,149,206,1,-1,-1,-1
115,30,1111,620,148,176,1,-1,-1,-1
115,31,176,643,220,176,1,-1,-1,-1
115,32,3,637,104,180,1,-1,-1,-1
115,33,1862,824,136,228,1,-1,-1,-1
116,13,1340,620,286,168,1,-1,-1,-1
116,21,2270,569,308,216,1,-1,-1,-1
116,22,399,583,276,232,1,-1,-1,-1
116,25,790,578,302,239,1,-1,-1,-1
116,27,176,626,218,160,1,-1,-1,-1
116,28,1254,620,340,172,1,-1,-1,-1
116,29,656,598,156,216,1,-1,-1,-1
116,30,1114,620,148,176,1,-1,-1,-1
116,31,177,641,220,176,1,-1,-1,-1
116,32,5,636,104,180,1,-1,-1,-1
116,33,1862,825,136,228,1,-1,-1,-1
117,13,1330,615,300,177,1,-1,-1,-1
117,21,2271,569,308,216,1,-1,-1,-1
117,22,401,581,276,232,1,-1,-1,-1
117,25,791,576,302,239,1,-1,-1,-1
117,27,169,620,229,168,1,-1,-1,-1
117,28,1261,618,340,172,1,-1,-1,-1
117,29,653,592,164,227,1,-1,-1,-1
117,30,1114,619,148,176,1,-1,-1,-1
117,31,179,641,220,176,1,-1,-1,-1
117,32,7,632,104,180,1,-1,-1,-1
117,33,1862,824,136,228,1,-1,-1,-1
118,13,1330,610,315,186,1,-1,-1,-1
118,21,2283,569,308,216,1,-1,-1,-1
118,22,406,580,276,232,1,-1,-1,-1
118,25,798,576,302,239,1,-1,-1,-1
118,27,174,622,229,168,1,-1,-1,-1
118,28,1258,617,357,181,1,-1,-1,-1
118,29,653,591,164,227,1,-1,-1,-1
118,30,1124,618,148,176,1,-1,-1,-1
118,31,176,632,231,185,1,-1,-1,-1
118,32,11,628,104,180,1,-1,-1,-1
118,33,1863,824,136,228,1,-1,-1,-1
119,13,1346,616,300,177,1,-1,-1,-1
119,21,2283,565,308,216,1,-1,-1,-1
119,22,409,580,276,232,1,-1,-1,-1
119,25,795,577,302,239,1,-1,-1,-1
119,27,176,618,229,168,1,-1,-1,-1
119,28,1257,619,357,181,1,-1,-1,-1
119,29,654,591,164,227,1,-1,-1,-1
119,30,1130,619,148,176,1,-1,-1,-1
119,31,177,635,231,185,1,-1,-1,-1
119,32,14,626,104,180,1,-1,-1,-1
119,33,1863,823,136,228,1,-1,-1,-1
120,13,1348,618,300,177,1,-1,-1,-1
120,21,2287,566,308,216,1,-1,-1,-1
120,22,412,577,276,232,1,-1,-1,-1
120,25,790,576,302,239,1,-1,-1,-1
120,27,178,619,229,168,1,-1,-1,-1
120,28,1259,618,357,181,1,-1,-1,-1
120,29,654,589,164,227,1,-1,-1,-1
120,30,1133,619,148,176,1,-1,-1,-1
120,31,178,631,231,185,1,-1,-1,-1
120,32,16,620,109,189,1,-1,-1,-1
120,33,1863,822,136,228,1,-1,-1,-1
121,13,1348,618,300,177,1,-1,-1,-1
121,21,2287,566,308,216,1,-1,-1,-1
121,22,456,540,236,272,1,-1,-1,-1
121,25,832,580,296,216,1,-1,-1,-1
121,27,228,600,164,208,1,-1,-1,-1
121,28,1268,604,368,192,1,-1,-1,-1
121,29,612,600,236,228,1,-1,-1,-1
121,30,1133,619,148,176,1,-1,-1,-1
121,31,178,631,231,185,1,-1,-1,-1
121,32,0,612,144,220,1,-1,-1,-1
121,33,1863,822,136,228,1,-1,-1,-1
121,34,2324,624,236,152,1,-1,-1,-1
121,35,2068,608,272,196,1,-1,-1,-1
122,13,1354,617,315,186,1,-1,-1,-1
122,21,2293,563,308,216,1,-1,-1,-1
122,22,461,538,236,272,1,-1,-1,-1
122,25,835,582,296,216,1,-1,-1,-1
122,27,232,603,164,208,1,-1,-1,-1
122,28,1269,603,368,192,1,-1,-1,-1
122,29,616,599,236,228,1,-1,-1,-1
122,30,1138,622,141,168,1,-1,-1,-1
122,31,190,635,220,176,1,-1,-1,-1
122,32,5,611,144,220,1,-1,-1,-1
122,33,1865,821,136,228,1,-1,-1,-1
122,34,2333,621,236,152,1,-1,-1,-1
122,35,2077,606,272,196,1,-1,-1,-1
123,13,1354,617,315,186,1,-1,-1,-1
123,21,2296,560,308,216,1,-1,-1,-1
123,22,464,539,236,272,1,-1,-1,-1
123,25,838,581,296,216,1,-1,-1,-1
123,27,236,606,164,208,1,-1,-1,-1
123,28,1264,600,386,202,1,-1,-1,-1
123,29,619,598,236,228,1,-1,-1,-1
123,30,1148,618,141,168,1,-1,-1,-1
123,31,193,639,220,176,1,-1,-1,-1
123,32,9,613,144,220,1,-1,-1,-1
123,33,1866,821,136,228,1,-1,-1,-1
123,34,2341,620,236,152,1,-1,-1,-1
123,35,2082,608,272,196,1,-1,-1,-1
124,13,1364,622,315,186,1,-1,-1,-1
124,21,2312,559,308,216,1,-1,-1,-1
124,22,469,538,236,272,1,-1,-1,-1
124,25,840,580,296,216,1,-1,-1,-1
124,27,239,605,164,208,1,-1,-1,-1
124,28,1267,605,386,202,1,-1,-1,-1
124,29,619,596,236,228,1,-1,-1,-1
124,30,1154,624,134,160,1,-1,-1,-1
124,31,192,640,220,176,1,-1,-1,-1
124,32,13,612,144,220,1,-1,-1,-1
124,33,1866,820,136,228,1,-1,-1,-1
124,34,2347,619,236,152,1,-1,-1,-1
124,35,2082,603,286,206,1,-1,-1,-1
125,13,1358,621,331,195,1,-1,-1,-1
125,21,2312,554,308,216,1,-1,-1,-1
125,22,471,537,236,272,1,-1,-1,-1
125,25,841,580,296,216,1,-1,-1,-1
125,27,240,603,164,208,1,-1,-1,-1
125,28,1278,612,368,192,1,-1,-1,-1
125,29,622,596,236,228,1,-1,-1,-1
125,30,1154,625,134,160,1,-1,-1,-1
125,31,198,641,220,176,1,-1,-1,-1
125,32,15,611,144,220,1,-1,-1,-1
125,33,1867,820,136,228,1,-1,-1,-1
125,34,2353,616,236,152,1,-1,-1,-1
125,35,2086,603,286,206,1,-1,-1,-1
126,13,1370,632,315,186,1,-1,-1,-1
126,21,2250,576,308,216,1,-1,-1,-1
126,22,480,538,236,272,1,-1,-1,-1
126,25,845,579,296,216,1,-1,-1,-1
126,27,245,603,164,208,1,-1,-1,-1
126,28,1285,614,368,192,1,-1,-1,-1
126,29,637,602,225,217,1,-1,-1,-1
126,30,1157,622,141,168,1,-1,-1,-1
126,31,200,641,220,176,1,-1,-1,-1
126,32,20,611,144,220,1,-1,-1,-1
126,33,1868,820,136,228,1,-1,-1,-1
126,34,2370,612,236,152,1,-1,-1,-1
126,35,2103,600,286,206,1,-1,-1,-1
127,13,1397,635,300,177,1,-1,-1,-1
127,21,2239,575,308,216,1,-1,-1,-1
127,22,485,539,236,272,1,-1,-1,-1
127,25,848,580,296,216,1,-1,-1,-1
127,27,248,603,164,208,1,-1,-1,-1
127,28,1292,619,368,192,1,-1,-1,-1
127,29,638,605,225,217,1,-1,-1,-1
127,30,1159,628,141,168,1,-1,-1,-1
127,31,202,637,220,176,1,-1,-1,-1
127,32,21,614,144,220,1,-1,-1,-1
127,33,1868,820,136,228,1,-1,-1,-1
127,34,2377,610,236,152,1,-1,-1,-1
127,35,2109,602,286,206,1,-1,-1,-1
128,21,2237,574,308,216,1,-1,-1,-1
128,22,486,540,236,272,1,-1,-1,-1
128,25,854,579,296,216,1,-1,-1,-1
128,27,250,604,164,208,1,-1,-1,-1
128,28,1312,625,350,183,1,-1,-1,-1
128,29,639,604,225,217,1,-1,-1,-1
128,30,1174,634,134,160,1,-1,-1,-1
128,31,202,639,220,176,1,-1,-1,-1
128,32,22,614,144,220,1,-1,-1,-1
128,33,1869,819,136,228,1,-1,-1,-1
128,34,2384,607,236,152,1,-1,-1,-1
128,35,2112,602,286,206,1,-1,-1,-1
129,21,2237,574,308,216,1,-1,-1,-1
129,22,516,564,196,244,1,-1,-1,-1
129,25,840,576,320,216,1,-1,-1,-1
129,27,264,624,148,184,1,-1,-1,-1
129,28,1332,620,372,176,1,-1,-1,-1
129,29,660,564,228,240,1,-1,-1,-1
129,30,1174,634,134,160,1,-1,-1,-1
129,31,202,639,220,176,1,-1,-1,-1
129,32,0,620,204,216,1,-1,-1,-1
129,33,1840,816,168,228,1,-1,-1,-1
129,34,2396,612,164,164,1,-1,-1,-1
129,35,2124,628,284,160,1,-1,-1,-1
130,21,2238,565,323,227,1,-1,-1,-1
130,22,520,563,196,244,1,-1,-1,-1
130,25,847,576,320,216,1,-1,-1,-1
130,27,269,625,148,184,1,-1,-1,-1
130,28,1346,621,372,176,1,-1,-1,-1
130,29,667,562,228,240,1,-1,-1,-1
130,31,216,639,231,185,1,-1,-1,-1
130,32,4,619,204,216,1,-1,-1,-1
130,33,1841,816,168,228,1,-1,-1,-1
130,34,2409,610,164,164,1,-1,-1,-1
130,35,2125,622,298,168,1,-1,-1,-1
131,21,2244,563,323,227,1,-1,-1,-1
131,22,529,568,187,232,1,-1,-1,-1
131,25,851,577,320,216,1,-1,-1,-1
131,27,277,629,141,175,1,-1,-1,-1
131,28,1351,620,372,176,1,-1,-1,-1
131,29,670,563,228,240,1,-1,-1,-1
131,31,218,638,231,185,1,-1,-1,-1
131,32,5,619,204,216,1,-1,-1,-1
131,33,1842,816,168,228,1,-1,-1,-1
131,34,2417,610,164,164,1,-1,-1,-1
131,35,2133,620,298,168,1,-1,-1,-1
132,21,2248,563,323,227,1,-1,-1,-1
132,22,536,567,187,232,1,-1,-1,-1
132,25,852,578,320,216,1,-1,-1,-1
132,27,279,628,141,175,1,-1,-1,-1
132,28,1348,612,391,185,1,-1,-1,-1
132,29,671,564,228,240,1,-1,-1,-1
132,31,217,637,231,185,1,-1,-1,-1
132,32,7,619,204,216,1,-1,-1,-1
132,33,1843,816,168,228,1,-1,-1,-1
132,34,2427,607,164,164,1,-1,-1,-1
132,35,2137,618,298,168,1,-1,-1,-1
133,21,2256,561,323,227,1,-1,-1,-1
133,22,533,569,187,232,1,-1,-1,-1
133,25,852,580,320,216,1,-1,-1,-1
133,27,282,628,141,175,1,-1,-1,-1
133,28,1352,608,391,185,1,-1,-1,-1
133,29,662,559,239,252,1,-1,-1,-1
133,31,219,638,231,185,1,-1,-1,-1
133,32,8,620,204,216,1,-1,-1,-1
133,33,1843,816,168,228,1,-1,-1,-1
133,34,2436,604,164,164,1,-1,-1,-1
133,35,2140,616,298,168,1,-1,-1,-1
134,21,2249,561,323,227,1,-1,-1,-1
134,22,528,563,196,244,1,-1,-1,-1
134,25,852,581,320,216,1,-1,-1,-1
134,27,283,625,148,184,1,-1,-1,-1
134,28,1364,605,391,185,1,-1,-1,-1
134,29,660,558,239,252,1,-1,-1,-1
134,31,217,633,243,194,1,-1,-1,-1
134,32,11,619,204,216,1,-1,-1,-1
134,33,1842,814,168,228,1,-1,-1,-1
134,34,2447,603,164,164,1,-1,-1,-1
134,35,2156,617,284,160,1,-1,-1,-1
135,21,2244,563,323,227,1,-1,-1,-1
135,22,531,558,196,244,1,-1,-1,-1
135,25,843,577,336,227,1,-1,-1,-1
135,27,288,624,148,184,1,-1,-1,-1
135,28,1378,608,372,176,1,-1,-1,-1
135,29,660,557,239,252,1,-1,-1,-1
135,31,217,634,243,194,1,-1,-1,-1
135,32,13,620,204,216,1,-1,-1,-1
135,33,1843,815,168,228,1,-1,-1,-1
135,34,2454,605,164,164,1,-1,-1,-1
135,35,2152,611,298,168,1,-1,-1,-1
136,21,2241,563,323,227,1,-1,-1,-1
136,22,535,557,196,244,1,-1,-1,-1
136,25,848,577,336,227,1,-1,-1,-1
136,27,287,620,155,193,1,-1,-1,-1
136,28,1392,609,372,176,1,-1,-1,-1
136,29,658,557,239,252,1,-1,-1,-1
136,31,214,629,255,204,1,-1,-1,-1
136,32,17,620,204,216,1,-1,-1,-1
136,33,1843,815,168,228,1,-1,-1,-1
136,34,2461,603,164,164,1,-1,-1,-1
136,35,2155,609,298,168,1,-1,-1,-1
137,21,2241,563,323,227,1,-1,-1,-1
137,22,556,600,200,208,1,-1,-1,-1
137,25,880,576,300,232,1,-1,-1,-1
137,27,296,616,168,172,1,-1,-1,-1
137,28,1408,600,384,184,1,-1,-1,-1
137,29,672,560,300,248,1,-1,-1,-1
137,31,214,629,255,204,1,-1,-1,-1
137,32,0,628,244,212,1,-1,-1,-1
137,33,1868,808,140,232,1,-1,-1,-1
137,34,2472,604,88,164,1,-1,-1,-1
137,35,2152,608,324,176,1,-1,-1,-1
138,21,2235,563,323,227,1,-1,-1,-1
138,22,561,601,200,208,1,-1,-1,-1
138,25,883,577,300,232,1,-1,-1,-1
138,27,302,616,168,172,1,-1,-1,-1
138,28,1416,597,384,184,1,-1,-1,-1
138,29,672,559,300,248,1,-1,-1,-1
138,31,227,630,255,204,1,-1,-1,-1
138,32,4,629,244,212,1,-1,-1,-1
138,33,1867,808,140,232,1,-1,-1,-1
138,34,2488,603,88,164,1,-1,-1,-1
138,35,2159,609,324,176,1,-1,-1,-1
139,21,2229,565,323,227,1,-1,-1,-1
139,22,563,602,200,208,1,-1,-1,-1
139,25,885,579,300,232,1,-1,-1,-1
139,27,305,615,168,172,1,-1,-1,-1
139,28,1420,596,384,184,1,-1,-1,-1
139,29,677,563,300,248,1,-1,-1,-1
139,31,236,631,255,204,1,-1,-1,-1
139,32,9,629,244,212,1,-1,-1,-1
139,33,1866,809,140,232,1,-1,-1,-1
139,34,2493,605,88,164,1,-1,-1,-1
139,35,2164,608,324,176,1,-1,-1,-1
140,21,2227,564,323,227,1,-1,-1,-1
140,22,565,602,200,208,1,-1,-1,-1
140,25,886,581,300,232,1,-1,-1,-1
140,27,304,610,176,181,1,-1,-1,-1
140,28,1425,594,384,184,1,-1,-1,-1
140,29,665,557,315,260,1,-1,-1,-1
140,31,235,631,255,204,1,-1,-1,-1
140,32,11,629,244,212,1,-1,-1,-1
140,33,1865,809,140,232,1,-1,-1,-1
140,34,2503,599,92,172,1,-1,-1,-1
140,35,2170,608,324,176,1,-1,-1,-1
141,21,2226,564,323,227,1,-1,-1,-1
141,22,566,603,200,208,1,-1,-1,-1
141,25,884,582,300,232,1,-1,-1,-1
141,27,309,608,176,181,1,-1,-1,-1
141,28,1415,589,403,193,1,-1,-1,-1
141,29,671,557,315,260,1,-1,-1,-1
141,31,246,634,255,204,1,-1,-1,-1
141,32,12,628,244,212,1,-1,-1,-1
141,33,1865,809,140,232,1,-1,-1,-1
141,34,2508,598,92,172,1,-1,-1,-1
141,35,2171,608,324,176,1,-1,-1,-1
142,21,2216,559,340,238,1,-1,-1,-1
142,22,570,602,200,208,1,-1,-1,-1
142,25,880,579,300,232,1,-1,-1,-1
142,27,314,609,176,181,1,-1,-1,-1
142,28,1416,588,403,193,1,-1,-1,-1
142,29,674,566,300,248,1,-1,-1,-1
142,31,243,628,267,214,1,-1,-1,-1
142,32,18,628,244,212,1,-1,-1,-1
142,33,1864,807,140,232,1,-1,-1,-1
142,35,2173,604,340,185,1,-1,-1,-1
143,21,2220,561,340,238,1,-1,-1,-1
143,22,571,601,200,208,1,-1,-1,-1
143,25,882,579,300,232,1,-1,-1,-1
143,27,318,610,176,181,1,-1,-1,-1
143,28,1415,587,403,193,1,-1,-1,-1
143,29,671,555,315,260,1,-1,-1,-1
143,31,252,629,267,214,1,-1,-1,-1
143,32,17,629,244,212,1,-1,-1,-1
143,33,1862,806,140,232,1,-1,-1,-1
143,35,2178,603,340,185,1,-1,-1,-1
144,21,2227,561,340,238,1,-1,-1,-1
144,22,572,601,200,208,1,-1,-1,-1
144,25,884,579,300,232,1,-1,-1,-1
144,27,319,605,185,190,1,-1,-1,-1
144,28,1418,587,403,193,1,-1,-1,-1
144,29,670,556,315,260,1,-1,-1,-1
144,31,267,635,255,204,1,-1,-1,-1
144,32,8,622,256,223,1,-1,-1,-1
144,33,1860,807,140,232,1,-1,-1,-1
144,35,2172,598,357,194,1,-1,-1,-1
145,21,2227,561,340,238,1,-1,-1,-1
145,22,576,556,196,260,1,-1,-1,-1
145,25,908,596,292,212,1,-1,-1,-1
145,27,312,604,220,212,1,-1,-1,-1
145,28,1464,592,360,200,1,-1,-1,-1
145,29,720,528,288,292,1,-1,-1,-1
145,31,267,635,255,204,1,-1,-1,-1
145,32,48,604,244,216,1,-1,-1,-1
145,33,1848,812,156,220,1,-1,-1,-1
145,35,2180,608,368,184,1,-1,-1,-1
146,21,2229,560,340,238,1,-1,-1,-1
146,22,582,560,187,248,1,-1,-1,-1
146,25,911,595,292,212,1,-1,-1,-1
146,27,317,603,220,212,1,-1,-1,-1
146,28,1467,592,360,200,1,-1,-1,-1
146,29,722,529,288,292,1,-1,-1,-1
146,31,276,644,255,204,1,-1,-1,-1
146,32,54,607,244,216,1,-1,-1,-1
146,33,1848,811,156,220,1,-1,-1,-1
146,35,2182,609,368,184,1,-1,-1,-1
147,21,2231,560,340,238,1,-1,-1,-1
147,22,585,559,187,248,1,-1,-1,-1
147,25,914,595,292,212,1,-1,-1,-1
147,27,322,603,220,212,1,-1,-1,-1
147,28,1460,588,378,210,1,-1,-1,-1
147,29,726,528,288,292,1,-1,-1,-1
147,31,269,644,255,204,1,-1,-1,-1
147,32,62,609,244,216,1,-1,-1,-1
147,33,1849,810,156,220,1,-1,-1,-1
147,35,2187,609,368,184,1,-1,-1,-1
