1,0,1556,468,108,172,1,-1,-1,-1
1,1,1456,560,76,156,1,-1,-1,-1
1,2,848,544,84,160,1,-1,-1,-1
1,3,292,500,160,208,1,-1,-1,-1
1,4,1088,544,48,140,1,-1,-1,-1
2,0,1552,466,108,172,1,-1,-1,-1
2,1,1452,557,76,156,1,-1,-1,-1
2,2,853,543,84,160,1,-1,-1,-1
2,3,288,499,160,208,1,-1,-1,-1
2,4,1084,540,50,147,1,-1,-1,-1
3,0,1549,464,108,172,1,-1,-1,-1
3,1,1443,553,76,156,1,-1,-1,-1
3,2,855,542,84,160,1,-1,-1,-1
3,3,284,498,160,208,1,-1,-1,-1
3,4,1080,539,50,147,1,-1,-1,-1
4,0,1546,466,108,172,1,-1,-1,-1
4,1,1440,548,76,156,1,-1,-1,-1
4,2,855,531,84,160,1,-1,-1,-1
4,3,279,496,160,208,1,-1,-1,-1
4,4,1076,538,50,147,1,-1,-1,-1
5,0,1537,462,108,172,1,-1,-1,-1
5,1,1433,543,80,164,1,-1,-1,-1
5,3,275,495,160,208,1,-1,-1,-1
5,4,1071,536,50,147,1,-1,-1,-1
6,0,1534,460,108,172,1,-1,-1,-1
6,1,1427,542,80,164,1,-1,-1,-1
6,3,271,494,160,208,1,-1,-1,-1
6,4,1066,535,50,147,1,-1,-1,-1
7,0,1530,458,108,172,1,-1,-1,-1
7,1,1421,540,80,164,1,-1,-1,-1
7,3,266,492,160,208,1,-1,-1,-1
7,4,1062,533,50,147,1,-1,-1,-1
8,0,1522,454,113,181,1,-1,-1,-1
8,1,1418,539,80,164,1,-1,-1,-1
8,3,260,492,160,208,1,-1,-1,-1
8,4,1057,533,50,147,1,-1,-1,-1
9,0,1520,456,108,176,1,-1,-1,-1
9,1,1404,520,68,184,1,-1,-1,-1
9,3,256,492,156,204,1,-1,-1,-1
9,4,1057,533,50,147,1,-1,-1,-1
9,5,1784,500,136,196,1,-1,-1,-1
9,6,888,520,76,160,1,-1,-1,-1
10,0,1518,457,108,176,1,-1,-1,-1
10,1,1400,518,68,184,1,-1,-1,-1
10,3,253,491,156,204,1,-1,-1,-1
10,4,1049,533,48,140,1,-1,-1,-1
10,5,1781,499,136,196,1,-1,-1,-1
10,6,889,519,76,160,1,-1,-1,-1
11,0,1513,456,108,176,1,-1,-1,-1
11,1,1395,516,68,184,1,-1,-1,-1
11,3,249,491,156,204,1,-1,-1,-1
11,4,1047,533,48,140,1,-1,-1,-1
11,5,1776,499,136,196,1,-1,-1,-1
11,6,889,518,76,160,1,-1,-1,-1
12,0,1507,456,108,176,1,-1,-1,-1
12,1,1388,513,68,184,1,-1,-1,-1
12,3,245,490,156,204,1,-1,-1,-1
12,4,1040,532,48,140,1,-1,-1,-1
12,5,1772,498,136,196,1,-1,-1,-1
12,6,885,511,80,168,1,-1,-1,-1
13,0,1503,454,108,176,1,-1,-1,-1
13,1,1382,511,68,184,1,-1,-1,-1
13,3,242,490,156,204,1,-1,-1,-1
13,4,1037,531,48,140,1,-1,-1,-1
13,5,1769,498,136,196,1,-1,-1,-1
13,6,883,509,80,168,1,-1,-1,-1
14,0,1500,454,108,176,1,-1,-1,-1
14,1,1379,516,68,184,1,-1,-1,-1
14,3,237,491,156,204,1,-1,-1,-1
14,4,1031,531,48,140,1,-1,-1,-1
14,5,1764,497,136,196,1,-1,-1,-1
14,6,887,512,76,160,1,-1,-1,-1
15,0,1495,453,108,176,1,-1,-1,-1
15,1,1373,516,71,193,1,-1,-1,-1
15,3,234,490,156,204,1,-1,-1,-1
15,4,1026,532,48,140,1,-1,-1,-1
15,5,1760,496,136,196,1,-1,-1,-1
15,6,886,512,72,152,1,-1,-1,-1
16,0,1492,453,108,176,1,-1,-1,-1
16,1,1368,516,71,193,1,-1,-1,-1
16,3,229,490,156,204,1,-1,-1,-1
16,4,1023,539,46,133,1,-1,-1,-1
16,5,1756,497,136,196,1,-1,-1,-1
16,6,885,510,72,152,1,-1,-1,-1
17,0,1492,453,108,176,1,-1,-1,-1
17,1,1368,516,71,193,1,-1,-1,-1
17,3,229,490,156,204,1,-1,-1,-1
17,4,1023,539,46,133,1,-1,-1,-1
17,5,1756,497,136,196,1,-1,-1,-1
17,6,885,510,72,152,1,-1,-1,-1
18,0,1485,452,108,176,1,-1,-1,-1
18,3,222,490,156,204,1,-1,-1,-1
18,4,1013,538,46,133,1,-1,-1,-1
18,5,1748,496,136,196,1,-1,-1,-1
19,0,1482,451,108,176,1,-1,-1,-1
19,3,219,490,156,204,1,-1,-1,-1
19,4,1004,537,46,133,1,-1,-1,-1
19,5,1746,495,136,196,1,-1,-1,-1
20,0,1479,451,108,176,1,-1,-1,-1
20,3,217,490,156,204,1,-1,-1,-1
20,4,997,537,46,133,1,-1,-1,-1
20,5,1743,492,136,196,1,-1,-1,-1
21,0,1475,450,108,176,1,-1,-1,-1
21,3,214,489,156,204,1,-1,-1,-1
21,4,993,537,46,133,1,-1,-1,-1
21,5,1738,491,136,196,1,-1,-1,-1
22,0,1472,450,108,176,1,-1,-1,-1
22,3,211,489,156,204,1,-1,-1,-1
22,4,985,539,46,133,1,-1,-1,-1
22,5,1736,490,136,196,1,-1,-1,-1
23,0,1470,449,108,176,1,-1,-1,-1
23,3,209,488,156,204,1,-1,-1,-1
23,4,980,541,46,133,1,-1,-1,-1
23,5,1734,488,136,196,1,-1,-1,-1
24,0,1469,448,108,176,1,-1,-1,-1
24,3,204,484,164,214,1,-1,-1,-1
24,4,973,544,44,127,1,-1,-1,-1
24,5,1733,488,136,196,1,-1,-1,-1
25,0,1460,440,108,168,1,-1,-1,-1
25,3,204,484,164,214,1,-1,-1,-1
25,4,973,544,44,127,1,-1,-1,-1
25,5,1728,500,128,176,1,-1,-1,-1
25,7,1320,528,80,148,1,-1,-1,-1
26,0,1459,440,108,168,1,-1,-1,-1
26,3,200,482,164,214,1,-1,-1,-1
26,4,968,544,46,133,1,-1,-1,-1
26,5,1726,500,128,176,1,-1,-1,-1
26,7,1318,526,80,148,1,-1,-1,-1
27,0,1457,440,108,168,1,-1,-1,-1
27,3,202,486,156,204,1,-1,-1,-1
27,4,966,545,46,133,1,-1,-1,-1
27,5,1723,503,128,176,1,-1,-1,-1
27,7,1313,522,84,155,1,-1,-1,-1
28,0,1459,443,103,160,1,-1,-1,-1
28,3,199,486,156,204,1,-1,-1,-1
28,4,961,539,48,140,1,-1,-1,-1
28,5,1721,505,128,176,1,-1,-1,-1
28,7,1308,525,84,155,1,-1,-1,-1
29,0,1457,443,103,160,1,-1,-1,-1
29,3,197,486,156,204,1,-1,-1,-1
29,5,1717,506,128,176,1,-1,-1,-1
29,7,1307,532,80,148,1,-1,-1,-1
30,0,1455,442,103,160,1,-1,-1,-1
30,3,194,487,156,204,1,-1,-1,-1
30,5,1714,506,128,176,1,-1,-1,-1
30,7,1301,530,84,155,1,-1,-1,-1
31,0,1453,442,103,160,1,-1,-1,-1
31,3,192,487,156,204,1,-1,-1,-1
31,5,1711,504,128,176,1,-1,-1,-1
31,7,1298,532,84,155,1,-1,-1,-1
32,0,1447,437,108,168,1,-1,-1,-1
32,3,190,486,156,204,1,-1,-1,-1
32,5,1709,503,128,176,1,-1,-1,-1
32,7,1295,530,84,155,1,-1,-1,-1
33,0,1448,436,108,180,1,-1,-1,-1
33,3,184,488,160,200,1,-1,-1,-1
33,5,1712,492,112,176,1,-1,-1,-1
33,7,1295,530,84,155,1,-1,-1,-1
33,8,940,524,116,132,1,-1,-1,-1
33,9,1260,524,76,140,1,-1,-1,-1
34,0,1447,436,108,180,1,-1,-1,-1
34,3,182,488,160,200,1,-1,-1,-1
34,5,1710,491,112,176,1,-1,-1,-1
34,7,1282,524,84,155,1,-1,-1,-1
34,8,937,522,116,132,1,-1,-1,-1
34,9,1252,524,76,140,1,-1,-1,-1
35,0,1446,435,108,180,1,-1,-1,-1
35,3,182,489,160,200,1,-1,-1,-1
35,5,1704,492,112,176,1,-1,-1,-1
35,8,932,520,116,132,1,-1,-1,-1
35,9,1245,523,76,140,1,-1,-1,-1
36,0,1444,434,108,180,1,-1,-1,-1
36,3,180,489,160,200,1,-1,-1,-1
36,5,1698,491,112,176,1,-1,-1,-1
36,8,934,522,110,126,1,-1,-1,-1
36,9,1234,517,72,133,1,-1,-1,-1
37,0,1442,435,108,180,1,-1,-1,-1
37,3,178,490,160,200,1,-1,-1,-1
37,5,1689,488,118,185,1,-1,-1,-1
37,8,929,522,110,126,1,-1,-1,-1
37,9,1222,520,72,133,1,-1,-1,-1
38,0,1438,432,113,189,1,-1,-1,-1
38,3,178,491,160,200,1,-1,-1,-1
38,5,1681,488,118,185,1,-1,-1,-1
38,8,928,522,110,126,1,-1,-1,-1
38,9,1220,526,69,127,1,-1,-1,-1
39,0,1442,437,108,180,1,-1,-1,-1
39,3,179,492,160,200,1,-1,-1,-1
39,5,1668,487,118,185,1,-1,-1,-1
39,8,931,526,110,126,1,-1,-1,-1
39,9,1217,525,72,133,1,-1,-1,-1
40,0,1442,437,108,180,1,-1,-1,-1
40,3,180,492,160,200,1,-1,-1,-1
40,5,1673,488,112,176,1,-1,-1,-1
40,8,931,532,110,126,1,-1,-1,-1
40,9,1218,527,69,127,1,-1,-1,-1
41,0,1444,436,108,172,1,-1,-1,-1
41,3,188,488,160,212,1,-1,-1,-1
41,5,1673,488,112,176,1,-1,-1,-1
41,8,932,536,72,128,1,-1,-1,-1
41,9,1216,520,68,148,1,-1,-1,-1
41,10,1636,528,100,140,1,-1,-1,-1
42,0,1448,440,103,164,1,-1,-1,-1
42,3,189,489,160,212,1,-1,-1,-1
42,5,1704,487,112,176,1,-1,-1,-1
42,8,930,536,72,128,1,-1,-1,-1
42,9,1215,521,68,148,1,-1,-1,-1
42,10,1633,528,100,140,1,-1,-1,-1
43,0,1451,439,103,164,1,-1,-1,-1
43,3,195,490,160,212,1,-1,-1,-1
43,5,1713,485,112,176,1,-1,-1,-1
43,8,931,537,72,128,1,-1,-1,-1
43,9,1214,523,68,148,1,-1,-1,-1
43,10,1633,527,100,140,1,-1,-1,-1
44,0,1455,440,103,164,1,-1,-1,-1
44,3,202,496,152,202,1,-1,-1,-1
44,5,1716,487,112,176,1,-1,-1,-1
44,8,942,526,72,128,1,-1,-1,-1
44,9,1212,513,71,155,1,-1,-1,-1
44,10,1631,525,100,140,1,-1,-1,-1
45,0,1458,438,103,164,1,-1,-1,-1
45,3,205,496,152,202,1,-1,-1,-1
45,5,1720,487,112,176,1,-1,-1,-1
45,8,945,525,72,128,1,-1,-1,-1
45,9,1210,512,71,155,1,-1,-1,-1
45,10,1627,525,100,140,1,-1,-1,-1
46,0,1461,438,103,164,1,-1,-1,-1
46,3,210,496,152,202,1,-1,-1,-1
46,5,1726,485,112,176,1,-1,-1,-1
46,8,945,520,76,134,1,-1,-1,-1
46,9,1209,509,71,155,1,-1,-1,-1
46,10,1626,529,100,140,1,-1,-1,-1
47,0,1466,437,103,164,1,-1,-1,-1
47,3,213,496,152,202,1,-1,-1,-1
47,5,1724,486,112,176,1,-1,-1,-1
47,8,945,515,79,141,1,-1,-1,-1
47,9,1205,506,71,155,1,-1,-1,-1
47,10,1625,537,100,140,1,-1,-1,-1
48,0,1467,437,103,164,1,-1,-1,-1
48,3,216,497,152,202,1,-1,-1,-1
48,5,1731,483,112,176,1,-1,-1,-1
48,8,947,510,83,148,1,-1,-1,-1
48,9,1201,504,75,163,1,-1,-1,-1
48,10,1622,536,100,140,1,-1,-1,-1
49,0,1472,432,104,176,1,-1,-1,-1
49,3,216,497,152,202,1,-1,-1,-1
49,5,1731,483,112,176,1,-1,-1,-1
49,8,947,510,83,148,1,-1,-1,-1
49,9,1192,520,84,144,1,-1,-1,-1
49,10,1624,520,92,140,1,-1,-1,-1
50,0,1475,436,99,168,1,-1,-1,-1
50,3,221,497,152,202,1,-1,-1,-1
50,5,1732,483,112,176,1,-1,-1,-1
50,8,950,506,88,156,1,-1,-1,-1
50,9,1190,518,84,144,1,-1,-1,-1
50,10,1623,517,92,140,1,-1,-1,-1
51,0,1476,431,104,176,1,-1,-1,-1
51,3,225,497,152,202,1,-1,-1,-1
51,5,1737,481,112,176,1,-1,-1,-1
51,9,1187,517,84,144,1,-1,-1,-1
51,10,1621,514,92,140,1,-1,-1,-1
52,0,1480,431,104,176,1,-1,-1,-1
52,3,228,498,152,202,1,-1,-1,-1
52,5,1741,482,112,176,1,-1,-1,-1
52,9,1178,509,88,151,1,-1,-1,-1
52,10,1618,511,92,140,1,-1,-1,-1
53,0,1484,432,104,176,1,-1,-1,-1
53,3,230,496,152,202,1,-1,-1,-1
53,5,1744,482,112,176,1,-1,-1,-1
53,9,1175,509,88,151,1,-1,-1,-1
53,10,1614,509,92,140,1,-1,-1,-1
54,0,1487,432,104,176,1,-1,-1,-1
54,3,234,496,152,202,1,-1,-1,-1
54,5,1748,483,112,176,1,-1,-1,-1
54,9,1169,506,93,159,1,-1,-1,-1
54,10,1611,510,92,140,1,-1,-1,-1
55,0,1490,433,104,176,1,-1,-1,-1
55,3,237,497,152,202,1,-1,-1,-1
55,5,1752,482,112,176,1,-1,-1,-1
55,9,1163,502,97,167,1,-1,-1,-1
55,10,1606,509,92,140,1,-1,-1,-1
56,0,1493,433,104,176,1,-1,-1,-1
56,3,239,497,152,202,1,-1,-1,-1
56,5,1756,483,112,176,1,-1,-1,-1
56,9,1158,496,102,175,1,-1,-1,-1
56,10,1603,509,92,140,1,-1,-1,-1
57,0,1496,436,124,172,1,-1,-1,-1
57,3,239,497,152,202,1,-1,-1,-1
57,5,1764,484,132,172,1,-1,-1,-1
57,9,1144,500,96,164,1,-1,-1,-1
57,10,1612,524,84,136,1,-1,-1,-1
57,11,948,536,60,120,1,-1,-1,-1
58,0,1497,437,124,172,1,-1,-1,-1
58,3,245,499,152,202,1,-1,-1,-1
58,5,1766,484,132,172,1,-1,-1,-1
58,9,1140,501,96,164,1,-1,-1,-1
58,10,1608,524,84,136,1,-1,-1,-1
58,11,948,539,60,120,1,-1,-1,-1
59,0,1500,439,124,172,1,-1,-1,-1
59,3,247,499,152,202,1,-1,-1,-1
59,5,1769,484,132,172,1,-1,-1,-1
59,9,1139,505,96,164,1,-1,-1,-1
59,10,1607,524,84,136,1,-1,-1,-1
59,11,949,544,60,120,1,-1,-1,-1
60,0,1502,440,124,172,1,-1,-1,-1
60,3,251,502,152,202,1,-1,-1,-1
60,5,1772,486,132,172,1,-1,-1,-1
60,9,1138,514,96,164,1,-1,-1,-1
60,10,1605,521,88,143,1,-1,-1,-1
60,11,948,548,63,126,1,-1,-1,-1
61,0,1504,442,124,172,1,-1,-1,-1
61,3,252,502,152,202,1,-1,-1,-1
61,5,1774,488,132,172,1,-1,-1,-1
61,9,1132,513,96,164,1,-1,-1,-1
61,10,1603,523,88,143,1,-1,-1,-1
61,11,949,547,63,126,1,-1,-1,-1
62,0,1506,444,124,172,1,-1,-1,-1
62,3,254,505,152,202,1,-1,-1,-1
62,5,1776,490,132,172,1,-1,-1,-1
62,9,1115,513,96,164,1,-1,-1,-1
62,10,1601,525,88,143,1,-1,-1,-1
62,11,952,546,63,126,1,-1,-1,-1
63,0,1507,446,124,172,1,-1,-1,-1
63,3,257,508,152,202,1,-1,-1,-1
63,5,1781,498,126,164,1,-1,-1,-1
63,9,1100,514,96,164,1,-1,-1,-1
63,10,1597,530,88,143,1,-1,-1,-1
63,11,953,549,60,120,1,-1,-1,-1
64,0,1509,448,124,172,1,-1,-1,-1
64,3,259,513,152,202,1,-1,-1,-1
64,5,1783,502,126,164,1,-1,-1,-1
64,9,1089,520,96,164,1,-1,-1,-1
64,10,1593,537,88,143,1,-1,-1,-1
64,11,954,550,60,120,1,-1,-1,-1
65,0,1509,448,124,172,1,-1,-1,-1
65,3,256,512,164,208,1,-1,-1,-1
65,5,1783,502,126,164,1,-1,-1,-1
65,9,1068,540,92,132,1,-1,-1,-1
65,10,1572,536,92,152,1,-1,-1,-1
65,11,952,544,60,116,1,-1,-1,-1
66,0,1512,462,124,172,1,-1,-1,-1
66,3,257,517,164,208,1,-1,-1,-1
66,5,1787,515,126,164,1,-1,-1,-1
66,9,1062,547,92,132,1,-1,-1,-1
66,10,1572,544,92,152,1,-1,-1,-1
66,11,952,547,60,116,1,-1,-1,-1
67,0,1518,468,118,164,1,-1,-1,-1
67,3,258,522,164,208,1,-1,-1,-1
67,5,1789,519,126,164,1,-1,-1,-1
67,9,1055,555,88,126,1,-1,-1,-1
67,10,1572,551,92,152,1,-1,-1,-1
67,11,951,554,60,116,1,-1,-1,-1
68,0,1519,473,124,172,1,-1,-1,-1
68,3,261,527,164,208,1,-1,-1,-1
68,5,1790,525,126,164,1,-1,-1,-1
68,9,1043,556,92,132,1,-1,-1,-1
68,10,1571,557,92,152,1,-1,-1,-1
68,11,949,560,60,116,1,-1,-1,-1
69,0,1521,479,124,172,1,-1,-1,-1
69,3,262,534,164,208,1,-1,-1,-1
69,5,1792,530,126,164,1,-1,-1,-1
69,9,1038,561,92,132,1,-1,-1,-1
69,10,1573,561,92,152,1,-1,-1,-1
69,11,951,568,60,116,1,-1,-1,-1
70,0,1524,484,124,172,1,-1,-1,-1
70,3,264,539,164,208,1,-1,-1,-1
70,5,1795,536,126,164,1,-1,-1,-1
70,9,1033,562,92,132,1,-1,-1,-1
70,10,1570,564,92,152,1,-1,-1,-1
70,11,954,581,57,110,1,-1,-1,-1
71,0,1527,488,124,172,1,-1,-1,-1
71,3,266,543,164,208,1,-1,-1,-1
71,5,1798,541,126,164,1,-1,-1,-1
71,9,1032,563,88,126,1,-1,-1,-1
71,10,1564,576,88,145,1,-1,-1,-1
71,11,955,600,57,110,1,-1,-1,-1
72,0,1529,494,124,172,1,-1,-1,-1
72,3,269,547,164,208,1,-1,-1,-1
72,5,1800,546,126,164,1,-1,-1,-1
72,9,1028,561,88,126,1,-1,-1,-1
72,10,1554,578,88,145,1,-1,-1,-1
72,11,954,606,57,110,1,-1,-1,-1
73,0,1524,496,128,228,1,-1,-1,-1
73,3,280,560,152,200,1,-1,-1,-1
73,5,1812,556,120,168,1,-1,-1,-1
73,9,1028,556,72,168,1,-1,-1,-1
73,10,1554,578,88,145,1,-1,-1,-1
73,11,954,606,57,110,1,-1,-1,-1
74,0,1524,498,128,228,1,-1,-1,-1
74,3,282,563,152,200,1,-1,-1,-1
74,5,1815,559,120,168,1,-1,-1,-1
74,9,1025,562,72,168,1,-1,-1,-1
74,10,1540,583,92,152,1,-1,-1,-1
74,11,946,602,57,110,1,-1,-1,-1
75,0,1524,508,128,228,1,-1,-1,-1
75,3,287,573,145,190,1,-1,-1,-1
75,5,1819,565,120,168,1,-1,-1,-1
75,9,1020,567,72,168,1,-1,-1,-1
75,10,1536,593,92,152,1,-1,-1,-1
75,11,940,595,54,105,1,-1,-1,-1
76,0,1522,512,128,228,1,-1,-1,-1
76,3,286,572,152,200,1,-1,-1,-1
76,5,1821,569,120,168,1,-1,-1,-1
76,9,1016,569,76,176,1,-1,-1,-1
76,10,1530,597,92,152,1,-1,-1,-1
77,0,1519,516,128,228,1,-1,-1,-1
77,3,290,576,152,200,1,-1,-1,-1
77,5,1823,573,120,168,1,-1,-1,-1
77,9,1011,572,76,176,1,-1,-1,-1
77,10,1527,599,92,152,1,-1,-1,-1
78,0,1523,524,122,217,1,-1,-1,-1
78,3,293,580,152,200,1,-1,-1,-1
78,5,1826,578,120,168,1,-1,-1,-1
78,9,1000,582,72,168,1,-1,-1,-1
78,10,1520,596,97,160,1,-1,-1,-1
79,0,1539,523,122,217,1,-1,-1,-1
79,3,295,585,152,200,1,-1,-1,-1
79,5,1829,581,120,168,1,-1,-1,-1
79,9,1000,588,69,160,1,-1,-1,-1
79,10,1517,598,97,160,1,-1,-1,-1
80,0,1546,521,128,228,1,-1,-1,-1
80,3,298,590,152,200,1,-1,-1,-1
80,5,1831,585,120,168,1,-1,-1,-1
80,9,996,592,69,160,1,-1,-1,-1
80,10,1517,597,97,160,1,-1,-1,-1
81,0,1546,521,128,228,1,-1,-1,-1
81,3,296,588,160,204,1,-1,-1,-1
81,5,1832,588,116,160,1,-1,-1,-1
81,9,996,592,69,160,1,-1,-1,-1
81,10,1517,597,97,160,1,-1,-1,-1
81,12,1488,524,112,232,1,-1,-1,-1
82,0,1551,528,128,228,1,-1,-1,-1
82,3,297,590,160,204,1,-1,-1,-1
82,5,1834,590,116,160,1,-1,-1,-1
82,9,982,614,65,152,1,-1,-1,-1
82,10,1508,613,92,152,1,-1,-1,-1
82,12,1488,527,112,232,1,-1,-1,-1
83,0,1552,529,128,228,1,-1,-1,-1
83,3,300,592,160,204,1,-1,-1,-1
83,5,1836,593,116,160,1,-1,-1,-1
83,9,980,614,65,152,1,-1,-1,-1
83,10,1504,619,92,152,1,-1,-1,-1
83,12,1488,532,112,232,1,-1,-1,-1
84,0,1556,533,128,228,1,-1,-1,-1
84,3,302,594,160,204,1,-1,-1,-1
84,5,1838,595,116,160,1,-1,-1,-1
84,9,977,607,65,152,1,-1,-1,-1
84,10,1501,625,92,152,1,-1,-1,-1
84,12,1487,537,112,232,1,-1,-1,-1
85,0,1557,536,128,228,1,-1,-1,-1
85,3,300,593,168,214,1,-1,-1,-1
85,5,1840,598,116,160,1,-1,-1,-1
85,9,975,594,65,152,1,-1,-1,-1
85,10,1499,633,92,152,1,-1,-1,-1
85,12,1487,542,112,232,1,-1,-1,-1
86,0,1557,538,128,228,1,-1,-1,-1
86,3,305,599,160,204,1,-1,-1,-1
86,5,1841,601,116,160,1,-1,-1,-1
86,9,972,592,62,145,1,-1,-1,-1
86,10,1497,637,88,145,1,-1,-1,-1
86,12,1487,545,112,232,1,-1,-1,-1
87,0,1558,540,128,228,1,-1,-1,-1
87,3,307,601,160,204,1,-1,-1,-1
87,5,1843,603,116,160,1,-1,-1,-1
87,9,969,594,62,145,1,-1,-1,-1
87,10,1495,641,88,145,1,-1,-1,-1
87,12,1487,547,112,232,1,-1,-1,-1
88,0,1559,543,128,228,1,-1,-1,-1
88,3,308,603,160,204,1,-1,-1,-1
88,5,1845,605,116,160,1,-1,-1,-1
88,9,965,596,62,145,1,-1,-1,-1
88,10,1491,642,88,145,1,-1,-1,-1
88,12,1487,543,118,244,1,-1,-1,-1
89,0,1559,543,128,228,1,-1,-1,-1
89,3,308,596,160,216,1,-1,-1,-1
89,5,1845,605,116,160,1,-1,-1,-1
89,9,965,596,62,145,1,-1,-1,-1
89,10,1484,640,76,136,1,-1,-1,-1
89,12,1487,543,118,244,1,-1,-1,-1
90,0,1562,548,122,217,1,-1,-1,-1
90,3,309,597,160,216,1,-1,-1,-1
90,5,1847,608,116,160,1,-1,-1,-1
90,9,950,606,65,152,1,-1,-1,-1
90,10,1484,639,76,136,1,-1,-1,-1
90,12,1486,539,123,256,1,-1,-1,-1
91,0,1563,550,122,217,1,-1,-1,-1
91,3,310,599,160,216,1,-1,-1,-1
91,5,1846,610,116,160,1,-1,-1,-1
91,9,942,601,69,160,1,-1,-1,-1
91,10,1484,639,76,136,1,-1,-1,-1
91,12,1489,544,118,244,1,-1,-1,-1
92,0,1563,553,122,217,1,-1,-1,-1
92,3,311,600,160,216,1,-1,-1,-1
92,5,1847,611,116,160,1,-1,-1,-1
92,9,940,604,69,160,1,-1,-1,-1
92,10,1483,639,76,136,1,-1,-1,-1
92,12,1488,542,123,256,1,-1,-1,-1
93,0,1565,554,122,217,1,-1,-1,-1
93,3,311,601,160,216,1,-1,-1,-1
93,5,1847,613,116,160,1,-1,-1,-1
93,9,938,607,65,152,1,-1,-1,-1
93,10,1483,640,76,136,1,-1,-1,-1
93,12,1490,541,123,256,1,-1,-1,-1
94,0,1564,554,122,217,1,-1,-1,-1
94,3,311,602,160,216,1,-1,-1,-1
94,5,1846,614,116,160,1,-1,-1,-1
94,9,929,610,65,152,1,-1,-1,-1
94,10,1480,641,76,136,1,-1,-1,-1
94,12,1491,543,130,269,1,-1,-1,-1
95,0,1563,557,122,217,1,-1,-1,-1
95,3,310,602,160,216,1,-1,-1,-1
95,5,1846,615,116,160,1,-1,-1,-1
95,9,920,615,69,160,1,-1,-1,-1
95,10,1473,640,76,136,1,-1,-1,-1
95,12,1497,546,123,256,1,-1,-1,-1
96,0,1566,555,122,217,1,-1,-1,-1
96,3,310,603,160,216,1,-1,-1,-1
96,5,1846,616,116,160,1,-1,-1,-1
96,9,916,626,65,152,1,-1,-1,-1
96,10,1466,643,72,130,1,-1,-1,-1
96,12,1497,549,123,256,1,-1,-1,-1
97,0,1572,560,120,180,1,-1,-1,-1
97,3,312,616,156,212,1,-1,-1,-1
97,5,1846,616,116,160,1,-1,-1,-1
97,9,916,626,65,152,1,-1,-1,-1
97,10,1468,640,68,148,1,-1,-1,-1
97,12,1497,549,123,256,1,-1,-1,-1
98,0,1573,560,120,180,1,-1,-1,-1
98,3,312,616,156,212,1,-1,-1,-1
98,5,1842,614,122,168,1,-1,-1,-1
98,10,1466,640,68,148,1,-1,-1,-1
98,12,1498,548,123,256,1,-1,-1,-1
99,0,1572,561,120,180,1,-1,-1,-1
99,3,313,616,156,212,1,-1,-1,-1
99,5,1841,615,122,168,1,-1,-1,-1
99,10,1464,640,68,148,1,-1,-1,-1
99,12,1500,550,123,256,1,-1,-1,-1
100,0,1573,562,120,180,1,-1,-1,-1
100,3,313,617,156,212,1,-1,-1,-1
100,5,1839,617,122,168,1,-1,-1,-1
100,10,1462,639,68,148,1,-1,-1,-1
100,12,1500,549,123,256,1,-1,-1,-1
101,0,1574,562,120,180,1,-1,-1,-1
101,3,313,618,156,212,1,-1,-1,-1
101,5,1841,621,116,160,1,-1,-1,-1
101,10,1459,638,68,148,1,-1,-1,-1
101,12,1502,549,123,256,1,-1,-1,-1
102,0,1573,562,120,180,1,-1,-1,-1
102,3,313,618,156,212,1,-1,-1,-1
102,5,1840,621,116,160,1,-1,-1,-1
102,10,1456,641,68,148,1,-1,-1,-1
102,12,1505,552,118,244,1,-1,-1,-1
103,0,1572,563,120,180,1,-1,-1,-1
103,3,312,618,156,212,1,-1,-1,-1
103,5,1839,623,116,160,1,-1,-1,-1
103,10,1452,651,68,148,1,-1,-1,-1
103,12,1507,557,112,232,1,-1,-1,-1
104,0,1572,564,120,180,1,-1,-1,-1
104,3,311,618,156,212,1,-1,-1,-1
104,5,1838,624,116,160,1,-1,-1,-1
104,10,1452,657,65,141,1,-1,-1,-1
104,12,1508,557,112,232,1,-1,-1,-1
105,0,1568,560,116,180,1,-1,-1,-1
105,3,312,620,160,208,1,-1,-1,-1
105,5,1832,628,128,176,1,-1,-1,-1
105,10,1452,632,68,156,1,-1,-1,-1
105,12,1508,557,112,232,1,-1,-1,-1
105,13,876,592,64,156,1,-1,-1,-1
105,14,1004,552,56,132,1,-1,-1,-1
106,0,1567,560,116,180,1,-1,-1,-1
106,3,312,620,160,208,1,-1,-1,-1
106,5,1831,628,128,176,1,-1,-1,-1
106,10,1451,631,68,156,1,-1,-1,-1
106,12,1507,556,112,232,1,-1,-1,-1
106,13,874,595,64,156,1,-1,-1,-1
106,14,1006,553,56,132,1,-1,-1,-1
107,0,1567,560,116,180,1,-1,-1,-1
107,3,313,621,160,208,1,-1,-1,-1
107,5,1829,628,128,176,1,-1,-1,-1
107,10,1450,632,68,156,1,-1,-1,-1
107,12,1506,555,112,232,1,-1,-1,-1
107,13,872,599,64,156,1,-1,-1,-1
107,14,1010,555,56,132,1,-1,-1,-1
108,0,1567,561,116,180,1,-1,-1,-1
108,3,313,622,160,208,1,-1,-1,-1
108,5,1828,628,128,176,1,-1,-1,-1
108,10,1449,632,68,156,1,-1,-1,-1
108,12,1505,558,112,232,1,-1,-1,-1
108,13,870,597,64,156,1,-1,-1,-1
108,14,1014,558,56,132,1,-1,-1,-1
109,0,1566,561,116,180,1,-1,-1,-1
109,3,312,623,160,208,1,-1,-1,-1
109,5,1827,630,128,176,1,-1,-1,-1
109,10,1445,625,71,164,1,-1,-1,-1
109,12,1504,560,112,232,1,-1,-1,-1
109,13,873,598,61,149,1,-1,-1,-1
109,14,1017,554,59,139,1,-1,-1,-1
110,0,1566,561,116,180,1,-1,-1,-1
110,3,312,622,160,208,1,-1,-1,-1
110,5,1827,630,128,176,1,-1,-1,-1
110,10,1441,622,71,164,1,-1,-1,-1
110,12,1503,559,112,232,1,-1,-1,-1
110,13,873,599,61,149,1,-1,-1,-1
111,0,1566,562,116,180,1,-1,-1,-1
111,3,310,622,160,208,1,-1,-1,-1
111,5,1825,631,128,176,1,-1,-1,-1
111,10,1437,621,71,164,1,-1,-1,-1
111,12,1502,559,112,232,1,-1,-1,-1
112,0,1566,562,116,180,1,-1,-1,-1
112,3,310,622,160,208,1,-1,-1,-1
112,5,1823,632,128,176,1,-1,-1,-1
112,10,1434,619,71,164,1,-1,-1,-1
112,12,1502,559,112,232,1,-1,-1,-1
113,0,1564,564,112,176,1,-1,-1,-1
113,3,312,620,160,208,1,-1,-1,-1
113,5,1816,632,108,168,1,-1,-1,-1
113,10,1424,628,92,160,1,-1,-1,-1
113,12,1502,559,112,232,1,-1,-1,-1
113,15,1036,540,56,120,1,-1,-1,-1
113,16,868,584,52,156,1,-1,-1,-1
114,0,1563,564,112,176,1,-1,-1,-1
114,3,311,620,160,208,1,-1,-1,-1
114,5,1814,632,108,168,1,-1,-1,-1
114,10,1422,630,92,160,1,-1,-1,-1
114,12,1501,561,112,232,1,-1,-1,-1
114,15,1038,539,56,120,1,-1,-1,-1
114,16,867,584,52,156,1,-1,-1,-1
115,0,1563,565,112,176,1,-1,-1,-1
115,3,310,620,160,208,1,-1,-1,-1
115,5,1813,632,108,168,1,-1,-1,-1
115,10,1418,632,92,160,1,-1,-1,-1
115,12,1501,560,112,232,1,-1,-1,-1
115,15,1040,534,59,126,1,-1,-1,-1
115,16,865,584,52,156,1,-1,-1,-1
116,0,1564,565,112,176,1,-1,-1,-1
116,3,311,620,160,208,1,-1,-1,-1
116,5,1811,631,108,168,1,-1,-1,-1
116,10,1413,630,92,160,1,-1,-1,-1
116,12,1500,561,112,232,1,-1,-1,-1
116,15,1045,533,56,120,1,-1,-1,-1
116,16,864,578,55,164,1,-1,-1,-1
117,0,1564,565,112,176,1,-1,-1,-1
117,3,311,620,160,208,1,-1,-1,-1
117,5,1807,628,113,176,1,-1,-1,-1
117,10,1405,625,97,168,1,-1,-1,-1
117,12,1500,561,112,232,1,-1,-1,-1
117,15,1049,531,56,120,1,-1,-1,-1
117,16,864,583,52,156,1,-1,-1,-1
118,0,1562,565,112,176,1,-1,-1,-1
118,3,310,620,160,208,1,-1,-1,-1
118,5,1803,628,113,176,1,-1,-1,-1
118,10,1402,625,97,168,1,-1,-1,-1
118,12,1500,561,112,232,1,-1,-1,-1
118,15,1052,532,56,120,1,-1,-1,-1
118,16,864,588,50,149,1,-1,-1,-1
119,0,1562,565,112,176,1,-1,-1,-1
119,3,309,620,160,208,1,-1,-1,-1
119,5,1802,628,113,176,1,-1,-1,-1
119,10,1400,623,97,168,1,-1,-1,-1
119,12,1499,562,112,232,1,-1,-1,-1
119,15,1051,531,56,120,1,-1,-1,-1
119,16,862,585,50,149,1,-1,-1,-1
120,0,1561,566,112,176,1,-1,-1,-1
120,3,308,620,160,208,1,-1,-1,-1
120,5,1800,629,113,176,1,-1,-1,-1
120,10,1396,624,97,168,1,-1,-1,-1
120,12,1498,564,112,232,1,-1,-1,-1
120,15,1052,533,56,120,1,-1,-1,-1
120,16,859,584,52,156,1,-1,-1,-1
121,0,1560,564,108,180,1,-1,-1,-1
121,3,304,620,160,208,1,-1,-1,-1
121,5,1800,628,108,176,1,-1,-1,-1
121,10,1380,636,84,148,1,-1,-1,-1
121,12,1498,564,112,232,1,-1,-1,-1
121,15,1052,533,56,120,1,-1,-1,-1
121,16,859,584,52,156,1,-1,-1,-1
121,17,876,572,72,168,1,-1,-1,-1
122,0,1560,563,108,180,1,-1,-1,-1
122,3,303,622,160,208,1,-1,-1,-1
122,5,1796,624,113,185,1,-1,-1,-1
122,10,1378,637,84,148,1,-1,-1,-1
122,12,1497,560,112,232,1,-1,-1,-1
122,17,877,573,72,168,1,-1,-1,-1
123,0,1559,564,108,180,1,-1,-1,-1
123,3,305,627,152,198,1,-1,-1,-1
123,5,1795,624,113,185,1,-1,-1,-1
123,10,1374,637,84,148,1,-1,-1,-1
123,12,1494,560,112,232,1,-1,-1,-1
123,17,878,575,72,168,1,-1,-1,-1
124,0,1557,564,108,180,1,-1,-1,-1
124,3,308,631,145,189,1,-1,-1,-1
124,5,1793,625,113,185,1,-1,-1,-1
124,10,1371,640,84,148,1,-1,-1,-1
124,12,1493,561,112,232,1,-1,-1,-1
124,17,877,578,72,168,1,-1,-1,-1
125,0,1555,565,108,180,1,-1,-1,-1
125,3,307,633,145,189,1,-1,-1,-1
125,5,1791,625,113,185,1,-1,-1,-1
125,10,1367,643,84,148,1,-1,-1,-1
125,12,1493,563,112,232,1,-1,-1,-1
125,17,877,576,72,168,1,-1,-1,-1
126,0,1555,566,108,180,1,-1,-1,-1
126,3,306,634,145,189,1,-1,-1,-1
126,5,1792,629,108,176,1,-1,-1,-1
126,10,1363,646,84,148,1,-1,-1,-1
126,12,1491,564,112,232,1,-1,-1,-1
126,17,880,579,69,160,1,-1,-1,-1
127,0,1553,566,108,180,1,-1,-1,-1
127,3,303,634,145,189,1,-1,-1,-1
127,5,1790,629,108,176,1,-1,-1,-1
127,10,1362,646,84,148,1,-1,-1,-1
127,12,1490,562,112,232,1,-1,-1,-1
127,17,882,587,65,152,1,-1,-1,-1
128,0,1553,567,108,180,1,-1,-1,-1
128,3,303,633,145,189,1,-1,-1,-1
128,5,1792,634,103,168,1,-1,-1,-1
128,10,1361,646,84,148,1,-1,-1,-1
128,12,1489,564,112,232,1,-1,-1,-1
129,0,1548,568,108,180,1,-1,-1,-1
129,3,292,620,164,212,1,-1,-1,-1
129,5,1780,632,116,192,1,-1,-1,-1
129,10,1356,628,76,148,1,-1,-1,-1
129,12,1489,564,112,232,1,-1,-1,-1
130,0,1547,567,108,180,1,-1,-1,-1
130,3,291,620,164,212,1,-1,-1,-1
130,5,1780,632,116,192,1,-1,-1,-1
130,10,1355,627,76,148,1,-1,-1,-1
130,12,1488,563,112,232,1,-1,-1,-1
131,0,1546,566,108,180,1,-1,-1,-1
131,3,289,620,164,212,1,-1,-1,-1
131,5,1779,632,116,192,1,-1,-1,-1
131,10,1353,627,76,148,1,-1,-1,-1
131,12,1487,563,112,232,1,-1,-1,-1
132,0,1544,568,108,180,1,-1,-1,-1
132,3,288,621,164,212,1,-1,-1,-1
132,5,1776,633,116,192,1,-1,-1,-1
132,10,1348,623,80,155,1,-1,-1,-1
132,12,1485,563,112,232,1,-1,-1,-1
133,0,1543,569,108,180,1,-1,-1,-1
133,3,287,621,164,212,1,-1,-1,-1
133,5,1776,632,116,192,1,-1,-1,-1
133,10,1346,622,80,155,1,-1,-1,-1
133,12,1484,564,112,232,1,-1,-1,-1
134,0,1543,569,108,180,1,-1,-1,-1
134,3,285,621,164,212,1,-1,-1,-1
134,5,1775,632,116,192,1,-1,-1,-1
134,10,1342,622,80,155,1,-1,-1,-1
134,12,1485,568,107,221,1,-1,-1,-1
135,0,1541,570,108,180,1,-1,-1,-1
135,3,284,622,164,212,1,-1,-1,-1
135,5,1776,637,110,183,1,-1,-1,-1
135,10,1338,621,80,155,1,-1,-1,-1
135,12,1483,570,107,221,1,-1,-1,-1
136,0,1541,570,108,180,1,-1,-1,-1
136,3,283,622,164,212,1,-1,-1,-1
136,5,1775,637,110,183,1,-1,-1,-1
136,10,1336,620,80,155,1,-1,-1,-1
136,12,1482,568,107,221,1,-1,-1,-1
137,0,1540,580,112,172,1,-1,-1,-1
137,3,280,632,160,200,1,-1,-1,-1
137,5,1764,640,124,160,1,-1,-1,-1
137,10,1324,648,88,140,1,-1,-1,-1
137,12,1482,568,107,221,1,-1,-1,-1
138,0,1535,576,112,172,1,-1,-1,-1
138,3,262,627,160,200,1,-1,-1,-1
138,5,1761,635,124,160,1,-1,-1,-1
138,10,1314,643,88,140,1,-1,-1,-1
138,12,1477,562,112,232,1,-1,-1,-1
139,0,1540,574,112,172,1,-1,-1,-1
139,3,255,628,160,200,1,-1,-1,-1
139,5,1770,635,124,160,1,-1,-1,-1
139,10,1315,642,88,140,1,-1,-1,-1
139,12,1478,561,112,232,1,-1,-1,-1
140,0,1551,576,112,172,1,-1,-1,-1
140,3,248,630,160,200,1,-1,-1,-1
140,5,1783,636,124,160,1,-1,-1,-1
140,10,1317,642,88,140,1,-1,-1,-1
140,12,1483,563,112,232,1,-1,-1,-1
141,0,1561,578,112,172,1,-1,-1,-1
141,3,230,633,160,200,1,-1,-1,-1
141,5,1798,639,124,160,1,-1,-1,-1
141,10,1323,646,84,133,1,-1,-1,-1
141,12,1494,565,112,232,1,-1,-1,-1
142,0,1568,578,112,172,1,-1,-1,-1
142,3,213,635,160,200,1,-1,-1,-1
142,5,1812,641,124,160,1,-1,-1,-1
142,10,1324,646,84,133,1,-1,-1,-1
142,12,1501,565,112,232,1,-1,-1,-1
143,0,1580,580,112,172,1,-1,-1,-1
143,3,201,639,160,200,1,-1,-1,-1
143,5,1825,643,124,160,1,-1,-1,-1
143,10,1328,652,80,127,1,-1,-1,-1
143,12,1508,561,118,244,1,-1,-1,-1
144,0,1586,583,112,172,1,-1,-1,-1
144,3,183,643,160,200,1,-1,-1,-1
144,5,1836,645,124,160,1,-1,-1,-1
144,10,1330,655,80,127,1,-1,-1,-1
144,12,1512,562,118,244,1,-1,-1,-1
145,0,1596,564,120,200,1,-1,-1,-1
145,3,183,643,160,200,1,-1,-1,-1
145,5,1856,636,128,192,1,-1,-1,-1
145,10,1332,632,88,172,1,-1,-1,-1
145,12,1512,562,118,244,1,-1,-1,-1
146,0,1601,564,120,200,1,-1,-1,-1
146,3,149,641,168,210,1,-1,-1,-1
146,5,1868,636,128,192,1,-1,-1,-1
146,10,1333,633,88,172,1,-1,-1,-1
146,12,1529,561,118,244,1,-1,-1,-1
147,0,1609,565,120,200,1,-1,-1,-1
147,3,122,636,176,220,1,-1,-1,-1
147,5,1880,637,128,192,1,-1,-1,-1
147,10,1333,634,88,172,1,-1,-1,-1
147,12,1529,556,123,256,1,-1,-1,-1
148,0,1615,563,120,200,1,-1,-1,-1
148,3,101,635,176,220,1,-1,-1,-1
148,5,1893,636,128,192,1,-1,-1,-1
148,10,1333,633,88,172,1,-1,-1,-1
148,12,1536,554,123,256,1,-1,-1,-1
149,0,1622,561,120,200,1,-1,-1,-1
149,3,82,634,176,220,1,-1,-1,-1
149,5,1904,637,128,192,1,-1,-1,-1
149,10,1334,632,88,172,1,-1,-1,-1
149,12,1543,553,123,256,1,-1,-1,-1
150,0,1625,555,126,210,1,-1,-1,-1
150,3,61,634,176,220,1,-1,-1,-1
150,5,1911,633,134,202,1,-1,-1,-1
150,10,1333,631,88,172,1,-1,-1,-1
150,12,1545,545,130,269,1,-1,-1,-1
151,0,1629,554,126,210,1,-1,-1,-1
151,3,35,628,185,232,1,-1,-1,-1
151,5,1922,631,134,202,1,-1,-1,-1
151,10,1331,631,88,172,1,-1,-1,-1
151,12,1549,544,130,269,1,-1,-1,-1
152,0,1637,553,126,210,1,-1,-1,-1
152,3,15,628,185,232,1,-1,-1,-1
152,5,1934,625,141,212,1,-1,-1,-1
152,10,1331,628,88,172,1,-1,-1,-1
152,12,1552,535,136,282,1,-1,-1,-1
153,0,1632,532,144,244,1,-1,-1,-1
153,3,15,628,185,232,1,-1,-1,-1
153,5,1928,608,156,224,1,-1,-1,-1
153,10,1308,612,100,196,1,-1,-1,-1
153,12,1552,535,136,282,1,-1,-1,-1
154,0,1637,529,144,244,1,-1,-1,-1
154,3,-32,625,185,232,1,-1,-1,-1
154,5,1938,606,156,224,1,-1,-1,-1
154,10,1308,609,100,196,1,-1,-1,-1
154,12,1555,529,136,282,1,-1,-1,-1
155,0,1648,528,144,244,1,-1,-1,-1
155,3,-54,626,185,232,1,-1,-1,-1
155,5,1956,606,156,224,1,-1,-1,-1
155,10,1311,608,100,196,1,-1,-1,-1
155,12,1565,527,136,282,1,-1,-1,-1
156,0,1649,523,144,244,1,-1,-1,-1
156,3,-87,613,194,243,1,-1,-1,-1
156,5,1961,602,156,224,1,-1,-1,-1
156,10,1309,602,100,196,1,-1,-1,-1
156,12,1563,515,143,296,1,-1,-1,-1
157,0,1659,522,144,244,1,-1,-1,-1
157,3,-104,614,194,243,1,-1,-1,-1
157,5,1977,601,156,224,1,-1,-1,-1
157,10,1309,599,100,196,1,-1,-1,-1
157,12,1565,506,150,311,1,-1,-1,-1
158,0,1663,514,151,256,1,-1,-1,-1
158,3,-129,607,204,255,1,-1,-1,-1
158,5,1989,595,164,235,1,-1,-1,-1
158,10,1308,594,105,206,1,-1,-1,-1
158,12,1571,505,150,311,1,-1,-1,-1
159,0,1671,510,151,256,1,-1,-1,-1
159,5,1997,589,172,247,1,-1,-1,-1
159,10,1309,591,105,206,1,-1,-1,-1
159,12,1573,496,158,326,1,-1,-1,-1
160,0,1681,504,159,269,1,-1,-1,-1
160,5,2016,589,172,247,1,-1,-1,-1
160,10,1308,587,110,216,1,-1,-1,-1
160,12,1579,488,165,343,1,-1,-1,-1
161,0,1688,492,160,272,1,-1,-1,-1
161,5,2020,584,184,264,1,-1,-1,-1
161,10,1296,584,124,236,1,-1,-1,-1
161,12,1579,488,165,343,1,-1,-1,-1
162,0,1688,488,160,272,1,-1,-1,-1
162,5,2023,580,184,264,1,-1,-1,-1
162,10,1291,581,124,236,1,-1,-1,-1
162,12,1583,485,165,343,1,-1,-1,-1
163,0,1687,484,160,272,1,-1,-1,-1
163,5,2025,577,184,264,1,-1,-1,-1
163,10,1287,578,124,236,1,-1,-1,-1
163,12,1585,479,165,343,1,-1,-1,-1
164,0,1683,482,160,272,1,-1,-1,-1
164,5,2023,574,184,264,1,-1,-1,-1
164,10,1277,572,130,248,1,-1,-1,-1
164,12,1583,477,165,343,1,-1,-1,-1
165,0,1678,480,160,272,1,-1,-1,-1
165,5,2021,572,184,264,1,-1,-1,-1
165,10,1273,570,130,248,1,-1,-1,-1
165,12,1579,475,165,343,1,-1,-1,-1
166,0,1675,478,160,272,1,-1,-1,-1
166,5,2016,570,184,264,1,-1,-1,-1
166,10,1269,568,130,248,1,-1,-1,-1
166,12,1575,473,165,343,1,-1,-1,-1
167,0,1672,477,160,272,1,-1,-1,-1
167,5,2013,567,184,264,1,-1,-1,-1
167,10,1265,564,130,248,1,-1,-1,-1
167,12,1573,469,165,343,1,-1,-1,-1
168,0,1669,475,160,272,1,-1,-1,-1
168,5,2010,565,184,264,1,-1,-1,-1
168,10,1265,570,124,236,1,-1,-1,-1
168,12,1570,468,165,343,1,-1,-1,-1
169,0,1664,468,168,268,1,-1,-1,-1
169,5,2008,568,176,268,1,-1,-1,-1
169,10,1252,568,128,240,1,-1,-1,-1
169,12,1570,468,165,343,1,-1,-1,-1
169,18,792,320,140,312,1,-1,-1,-1
170,0,1663,466,168,268,1,-1,-1,-1
170,5,2007,568,176,268,1,-1,-1,-1
170,10,1249,567,128,240,1,-1,-1,-1
170,12,1566,466,165,343,1,-1,-1,-1
170,18,789,318,140,312,1,-1,-1,-1
171,0,1661,466,168,268,1,-1,-1,-1
171,5,2004,567,176,268,1,-1,-1,-1
171,10,1247,567,128,240,1,-1,-1,-1
171,12,1562,464,165,343,1,-1,-1,-1
171,18,788,320,140,312,1,-1,-1,-1
172,0,1659,466,168,268,1,-1,-1,-1
172,5,2002,566,176,268,1,-1,-1,-1
172,10,1245,566,128,240,1,-1,-1,-1
172,12,1558,464,165,343,1,-1,-1,-1
172,18,789,316,140,312,1,-1,-1,-1
173,0,1656,466,168,268,1,-1,-1,-1
173,5,2000,567,176,268,1,-1,-1,-1
173,10,1237,559,134,252,1,-1,-1,-1
173,12,1556,463,165,343,1,-1,-1,-1
173,18,789,315,140,312,1,-1,-1,-1
174,0,1651,459,176,281,1,-1,-1,-1
174,5,1996,566,176,268,1,-1,-1,-1
174,10,1234,560,134,252,1,-1,-1,-1
174,12,1554,463,165,343,1,-1,-1,-1
174,18,792,311,140,312,1,-1,-1,-1
175,0,1651,467,168,268,1,-1,-1,-1
175,5,1993,566,176,268,1,-1,-1,-1
175,10,1229,561,134,252,1,-1,-1,-1
175,12,1550,463,165,343,1,-1,-1,-1
175,18,790,309,140,312,1,-1,-1,-1
176,0,1647,467,168,268,1,-1,-1,-1
176,5,1990,567,176,268,1,-1,-1,-1
176,10,1226,561,134,252,1,-1,-1,-1
176,12,1546,465,165,343,1,-1,-1,-1
176,18,788,311,140,312,1,-1,-1,-1
177,0,1640,468,184,264,1,-1,-1,-1
177,5,1980,564,188,268,1,-1,-1,-1
177,10,1216,552,144,252,1,-1,-1,-1
177,12,1546,465,165,343,1,-1,-1,-1
177,18,788,311,140,312,1,-1,-1,-1
178,0,1637,468,184,264,1,-1,-1,-1
178,5,1977,565,188,268,1,-1,-1,-1
178,10,1213,551,144,252,1,-1,-1,-1
178,12,1541,466,165,343,1,-1,-1,-1
178,18,780,324,140,312,1,-1,-1,-1
179,0,1632,470,184,264,1,-1,-1,-1
179,5,1974,566,188,268,1,-1,-1,-1
179,10,1209,552,144,252,1,-1,-1,-1
179,12,1537,467,165,343,1,-1,-1,-1
179,18,775,325,140,312,1,-1,-1,-1
180,0,1628,471,184,264,1,-1,-1,-1
180,5,1968,566,188,268,1,-1,-1,-1
180,10,1203,551,144,252,1,-1,-1,-1
180,12,1532,469,165,343,1,-1,-1,-1
180,18,769,329,140,312,1,-1,-1,-1
181,0,1616,472,184,264,1,-1,-1,-1
181,5,1954,563,197,281,1,-1,-1,-1
181,10,1192,552,144,252,1,-1,-1,-1
181,12,1522,469,165,343,1,-1,-1,-1
181,18,751,327,140,312,1,-1,-1,-1
182,0,1606,474,184,264,1,-1,-1,-1
182,5,1943,566,197,281,1,-1,-1,-1
182,10,1180,553,144,252,1,-1,-1,-1
182,12,1508,463,174,360,1,-1,-1,-1
182,18,738,315,147,328,1,-1,-1,-1
183,0,1596,477,184,264,1,-1,-1,-1
183,5,1933,566,197,281,1,-1,-1,-1
183,10,1168,554,144,252,1,-1,-1,-1
183,12,1497,465,174,360,1,-1,-1,-1
183,18,732,319,147,328,1,-1,-1,-1
184,0,1583,478,184,264,1,-1,-1,-1
184,5,1919,568,197,281,1,-1,-1,-1
184,10,1156,553,144,252,1,-1,-1,-1
184,12,1491,474,165,343,1,-1,-1,-1
184,18,716,323,147,328,1,-1,-1,-1
185,0,1576,472,172,292,1,-1,-1,-1
185,5,1916,576,180,268,1,-1,-1,-1
185,10,1144,560,136,252,1,-1,-1,-1
185,12,1491,474,165,343,1,-1,-1,-1
185,18,716,323,147,328,1,-1,-1,-1
185,19,624,336,64,204,1,-1,-1,-1
186,0,1563,468,181,307,1,-1,-1,-1
186,5,1903,571,189,281,1,-1,-1,-1
186,10,1138,565,130,240,1,-1,-1,-1
186,12,1466,479,165,343,1,-1,-1,-1
186,18,708,321,147,328,1,-1,-1,-1
186,19,620,339,64,204,1,-1,-1,-1
187,0,1555,471,181,307,1,-1,-1,-1
187,5,1893,573,189,281,1,-1,-1,-1
187,10,1128,568,130,240,1,-1,-1,-1
187,12,1457,478,165,343,1,-1,-1,-1
187,18,702,325,140,312,1,-1,-1,-1
187,19,611,332,67,214,1,-1,-1,-1
188,0,1544,471,181,307,1,-1,-1,-1
188,5,1886,573,189,281,1,-1,-1,-1
188,10,1118,568,130,240,1,-1,-1,-1
188,12,1448,480,165,343,1,-1,-1,-1
188,18,692,312,147,328,1,-1,-1,-1
188,19,600,333,71,225,1,-1,-1,-1
189,0,1536,471,181,307,1,-1,-1,-1
189,5,1877,575,189,281,1,-1,-1,-1
189,10,1110,568,130,240,1,-1,-1,-1
189,12,1441,480,165,343,1,-1,-1,-1
189,18,677,312,147,328,1,-1,-1,-1
190,0,1529,469,181,307,1,-1,-1,-1
190,5,1870,575,189,281,1,-1,-1,-1
190,10,1101,569,130,240,1,-1,-1,-1
190,12,1431,481,165,343,1,-1,-1,-1
190,18,679,322,140,312,1,-1,-1,-1
191,0,1523,469,181,307,1,-1,-1,-1
191,5,1863,576,189,281,1,-1,-1,-1
191,10,1092,570,130,240,1,-1,-1,-1
191,12,1427,482,165,343,1,-1,-1,-1
191,18,672,319,147,328,1,-1,-1,-1
192,0,1515,471,181,307,1,-1,-1,-1
192,5,1856,576,189,281,1,-1,-1,-1
192,10,1084,569,130,240,1,-1,-1,-1
192,12,1419,482,165,343,1,-1,-1,-1
192,18,669,329,140,312,1,-1,-1,-1
193,0,1512,484,168,296,1,-1,-1,-1
193,5,1852,580,180,280,1,-1,-1,-1
193,10,1072,580,136,232,1,-1,-1,-1
193,12,1419,482,165,343,1,-1,-1,-1
193,18,664,356,132,256,1,-1,-1,-1
194,0,1507,485,168,296,1,-1,-1,-1
194,5,1848,580,180,280,1,-1,-1,-1
194,10,1068,580,136,232,1,-1,-1,-1
194,12,1409,483,165,343,1,-1,-1,-1
194,18,659,356,132,256,1,-1,-1,-1
195,0,1502,485,168,296,1,-1,-1,-1
195,5,1843,580,180,280,1,-1,-1,-1
195,10,1061,581,136,232,1,-1,-1,-1
195,12,1402,484,165,343,1,-1,-1,-1
195,18,653,362,132,256,1,-1,-1,-1
196,0,1497,486,168,296,1,-1,-1,-1
196,5,1838,581,180,280,1,-1,-1,-1
196,10,1053,581,136,232,1,-1,-1,-1
196,12,1397,485,165,343,1,-1,-1,-1
196,18,650,364,132,256,1,-1,-1,-1
197,0,1492,488,168,296,1,-1,-1,-1
197,5,1831,583,180,280,1,-1,-1,-1
197,10,1044,583,136,232,1,-1,-1,-1
197,12,1388,485,165,343,1,-1,-1,-1
197,18,639,367,132,256,1,-1,-1,-1
198,0,1483,478,176,311,1,-1,-1,-1
198,5,1825,582,180,280,1,-1,-1,-1
198,10,1037,584,136,232,1,-1,-1,-1
198,12,1384,485,165,343,1,-1,-1,-1
198,18,634,363,132,256,1,-1,-1,-1
199,0,1477,478,176,311,1,-1,-1,-1
199,5,1819,582,180,280,1,-1,-1,-1
199,10,1033,585,136,232,1,-1,-1,-1
199,12,1377,486,165,343,1,-1,-1,-1
199,18,626,364,132,256,1,-1,-1,-1
200,0,1470,478,176,311,1,-1,-1,-1
200,5,1812,583,180,280,1,-1,-1,-1
200,10,1029,593,130,221,1,-1,-1,-1
200,12,1373,487,165,343,1,-1,-1,-1
200,18,618,365,132,256,1,-1,-1,-1
201,0,1460,492,164,284,1,-1,-1,-1
201,5,1804,584,184,276,1,-1,-1,-1
201,10,1024,576,112,244,1,-1,-1,-1
201,18,618,365,132,256,1,-1,-1,-1
201,20,428,348,80,176,1,-1,-1,-1
202,0,1455,492,164,284,1,-1,-1,-1
202,5,1799,584,184,276,1,-1,-1,-1
202,10,1018,576,112,244,1,-1,-1,-1
202,18,599,364,132,256,1,-1,-1,-1
202,20,422,350,80,176,1,-1,-1,-1
203,0,1449,493,164,284,1,-1,-1,-1
203,5,1789,576,193,290,1,-1,-1,-1
203,10,1012,576,112,244,1,-1,-1,-1
203,18,593,364,132,256,1,-1,-1,-1
203,20,417,348,80,176,1,-1,-1,-1
204,0,1442,493,164,284,1,-1,-1,-1
204,5,1782,578,193,290,1,-1,-1,-1
204,10,1005,577,112,244,1,-1,-1,-1
204,18,584,359,132,256,1,-1,-1,-1
204,20,411,348,80,176,1,-1,-1,-1
205,0,1436,492,164,284,1,-1,-1,-1
205,5,1775,578,193,290,1,-1,-1,-1
205,10,995,571,118,256,1,-1,-1,-1
205,18,577,357,132,256,1,-1,-1,-1
205,20,405,353,80,176,1,-1,-1,-1
206,0,1430,491,164,284,1,-1,-1,-1
206,5,1768,578,193,290,1,-1,-1,-1
206,10,987,571,118,256,1,-1,-1,-1
206,18,567,348,139,269,1,-1,-1,-1
206,20,404,358,76,168,1,-1,-1,-1
207,0,1424,491,164,284,1,-1,-1,-1
207,5,1767,585,184,276,1,-1,-1,-1
207,10,980,569,118,256,1,-1,-1,-1
207,18,563,350,132,256,1,-1,-1,-1
208,0,1417,491,164,284,1,-1,-1,-1
208,5,1763,584,184,276,1,-1,-1,-1
208,10,976,567,118,256,1,-1,-1,-1
208,18,557,349,139,269,1,-1,-1,-1
209,0,1412,488,160,288,1,-1,-1,-1
209,5,1752,584,180,280,1,-1,-1,-1
209,10,972,560,100,252,1,-1,-1,-1
209,18,557,349,139,269,1,-1,-1,-1
209,21,360,336,108,180,1,-1,-1,-1
210,0,1408,486,160,288,1,-1,-1,-1
210,5,1749,583,180,280,1,-1,-1,-1
210,10,969,559,100,252,1,-1,-1,-1
210,18,547,343,139,269,1,-1,-1,-1
210,21,355,336,108,180,1,-1,-1,-1
211,0,1404,486,160,288,1,-1,-1,-1
211,5,1746,583,180,280,1,-1,-1,-1
211,10,965,557,100,252,1,-1,-1,-1
211,18,550,348,132,256,1,-1,-1,-1
211,21,346,334,108,180,1,-1,-1,-1
212,0,1399,484,160,288,1,-1,-1,-1
212,5,1745,589,171,267,1,-1,-1,-1
212,10,961,556,100,252,1,-1,-1,-1
212,18,548,342,132,256,1,-1,-1,-1
212,21,338,337,103,171,1,-1,-1,-1
213,0,1395,484,160,288,1,-1,-1,-1
213,5,1736,579,180,280,1,-1,-1,-1
213,10,957,553,100,252,1,-1,-1,-1
213,18,544,344,132,256,1,-1,-1,-1
213,21,333,333,108,180,1,-1,-1,-1
214,0,1389,473,168,302,1,-1,-1,-1
214,5,1733,578,180,280,1,-1,-1,-1
214,10,952,549,100,252,1,-1,-1,-1
214,18,545,339,132,256,1,-1,-1,-1
214,21,332,329,108,180,1,-1,-1,-1
215,0,1387,474,168,302,1,-1,-1,-1
215,5,1727,575,180,280,1,-1,-1,-1
215,10,947,546,100,252,1,-1,-1,-1
215,18,542,327,132,256,1,-1,-1,-1
215,21,329,324,108,180,1,-1,-1,-1
216,0,1384,473,168,302,1,-1,-1,-1
216,5,1722,572,180,280,1,-1,-1,-1
216,10,943,542,100,252,1,-1,-1,-1
216,18,530,323,139,269,1,-1,-1,-1
216,21,327,321,108,180,1,-1,-1,-1
217,0,1372,468,176,276,1,-1,-1,-1
217,5,1716,560,184,272,1,-1,-1,-1
217,10,932,536,108,256,1,-1,-1,-1
217,18,540,340,88,220,1,-1,-1,-1
217,21,327,321,108,180,1,-1,-1,-1
217,22,260,320,112,156,1,-1,-1,-1
217,23,472,320,64,200,1,-1,-1,-1
218,0,1374,472,168,263,1,-1,-1,-1
218,5,1717,564,175,259,1,-1,-1,-1
218,10,930,533,108,256,1,-1,-1,-1
218,18,534,338,92,231,1,-1,-1,-1
218,21,324,315,108,180,1,-1,-1,-1
218,22,256,318,112,156,1,-1,-1,-1
218,23,470,319,64,200,1,-1,-1,-1
219,0,1370,470,168,263,1,-1,-1,-1
219,5,1715,560,175,259,1,-1,-1,-1
219,10,925,527,108,256,1,-1,-1,-1
219,18,530,338,92,231,1,-1,-1,-1
219,21,318,314,108,180,1,-1,-1,-1
219,22,250,317,112,156,1,-1,-1,-1
219,23,468,309,64,200,1,-1,-1,-1
220,0,1366,467,168,263,1,-1,-1,-1
220,5,1710,557,175,259,1,-1,-1,-1
220,10,921,524,108,256,1,-1,-1,-1
220,18,527,333,97,243,1,-1,-1,-1
220,21,316,308,108,180,1,-1,-1,-1
220,22,238,310,112,156,1,-1,-1,-1
221,0,1362,463,168,263,1,-1,-1,-1
221,5,1708,554,175,259,1,-1,-1,-1
221,10,917,521,108,256,1,-1,-1,-1
221,18,527,328,97,243,1,-1,-1,-1
221,21,319,304,108,180,1,-1,-1,-1
221,22,230,306,118,164,1,-1,-1,-1
222,0,1360,461,168,263,1,-1,-1,-1
222,5,1705,550,175,259,1,-1,-1,-1
222,10,913,518,108,256,1,-1,-1,-1
222,18,526,324,92,231,1,-1,-1,-1
222,21,313,300,108,180,1,-1,-1,-1
222,22,215,302,123,172,1,-1,-1,-1
223,0,1357,457,168,263,1,-1,-1,-1
223,5,1701,546,175,259,1,-1,-1,-1
223,10,910,516,108,256,1,-1,-1,-1
223,18,522,317,92,231,1,-1,-1,-1
223,21,311,299,108,180,1,-1,-1,-1
223,22,209,299,123,172,1,-1,-1,-1
224,0,1359,451,168,263,1,-1,-1,-1
224,5,1705,541,175,259,1,-1,-1,-1
224,10,911,513,108,256,1,-1,-1,-1
224,18,519,296,97,243,1,-1,-1,-1
224,21,314,295,108,180,1,-1,-1,-1
224,22,204,298,118,164,1,-1,-1,-1
225,0,1356,440,168,268,1,-1,-1,-1
225,5,1700,536,184,264,1,-1,-1,-1
225,10,920,500,88,264,1,-1,-1,-1
225,18,524,320,100,220,1,-1,-1,-1
225,21,314,295,108,180,1,-1,-1,-1
225,22,184,288,184,172,1,-1,-1,-1
226,0,1358,446,160,255,1,-1,-1,-1
226,5,1699,534,184,264,1,-1,-1,-1
226,10,918,499,88,264,1,-1,-1,-1
226,18,522,317,100,220,1,-1,-1,-1
226,21,315,292,108,180,1,-1,-1,-1
226,22,180,285,184,172,1,-1,-1,-1
227,0,1356,443,160,255,1,-1,-1,-1
227,5,1696,532,184,264,1,-1,-1,-1
227,10,916,498,88,264,1,-1,-1,-1
227,18,519,313,100,220,1,-1,-1,-1
227,21,311,288,108,180,1,-1,-1,-1
227,22,176,281,184,172,1,-1,-1,-1
228,0,1353,441,160,255,1,-1,-1,-1
228,5,1694,530,184,264,1,-1,-1,-1
228,10,913,497,88,264,1,-1,-1,-1
228,18,515,307,100,220,1,-1,-1,-1
228,21,311,286,108,180,1,-1,-1,-1
228,22,173,277,184,172,1,-1,-1,-1
229,0,1351,440,160,255,1,-1,-1,-1
229,5,1693,528,184,264,1,-1,-1,-1
229,10,911,495,88,264,1,-1,-1,-1
229,18,512,305,100,220,1,-1,-1,-1
229,21,310,284,108,180,1,-1,-1,-1
229,22,169,274,184,172,1,-1,-1,-1
230,0,1347,432,168,268,1,-1,-1,-1
230,5,1691,526,184,264,1,-1,-1,-1
230,10,909,494,88,264,1,-1,-1,-1
230,18,509,307,100,220,1,-1,-1,-1
230,21,309,285,108,180,1,-1,-1,-1
230,22,165,271,184,172,1,-1,-1,-1
231,0,1346,429,168,268,1,-1,-1,-1
231,5,1690,524,184,264,1,-1,-1,-1
231,10,906,492,88,264,1,-1,-1,-1
231,18,508,309,100,220,1,-1,-1,-1
231,21,307,280,108,180,1,-1,-1,-1
231,22,162,270,184,172,1,-1,-1,-1
232,0,1346,428,168,268,1,-1,-1,-1
232,5,1688,524,184,264,1,-1,-1,-1
232,10,905,490,88,264,1,-1,-1,-1
232,18,507,311,100,220,1,-1,-1,-1
232,21,307,280,108,180,1,-1,-1,-1
232,22,163,270,184,172,1,-1,-1,-1
233,0,1352,424,160,280,1,-1,-1,-1
233,5,1688,524,188,264,1,-1,-1,-1
233,10,896,488,96,268,1,-1,-1,-1
233,18,460,308,148,208,1,-1,-1,-1
233,21,307,280,108,180,1,-1,-1,-1
233,22,132,268,204,184,1,-1,-1,-1
233,24,384,304,88,164,1,-1,-1,-1
234,0,1352,422,160,280,1,-1,-1,-1
234,5,1688,523,188,264,1,-1,-1,-1
234,10,896,487,96,268,1,-1,-1,-1
234,18,458,306,148,208,1,-1,-1,-1
234,21,307,276,108,180,1,-1,-1,-1
234,22,131,267,204,184,1,-1,-1,-1
234,24,382,301,88,164,1,-1,-1,-1
235,0,1352,422,160,280,1,-1,-1,-1
235,5,1686,523,188,264,1,-1,-1,-1
235,10,895,487,96,268,1,-1,-1,-1
235,18,456,303,148,208,1,-1,-1,-1
235,21,303,274,108,180,1,-1,-1,-1
235,22,130,266,204,184,1,-1,-1,-1
235,24,381,297,88,164,1,-1,-1,-1
236,0,1353,421,160,280,1,-1,-1,-1
236,5,1684,522,188,264,1,-1,-1,-1
236,10,895,487,96,268,1,-1,-1,-1
236,18,454,301,148,208,1,-1,-1,-1
236,21,302,272,108,180,1,-1,-1,-1
236,22,130,263,204,184,1,-1,-1,-1
236,24,378,291,88,164,1,-1,-1,-1
237,0,1359,425,152,267,1,-1,-1,-1
237,5,1687,520,188,264,1,-1,-1,-1
237,10,897,486,96,268,1,-1,-1,-1
237,18,453,298,148,208,1,-1,-1,-1
237,21,305,273,108,180,1,-1,-1,-1
237,22,133,262,204,184,1,-1,-1,-1
237,24,377,288,88,164,1,-1,-1,-1
238,0,1364,424,152,267,1,-1,-1,-1
238,5,1693,519,188,264,1,-1,-1,-1
238,10,904,483,96,268,1,-1,-1,-1
238,18,457,295,148,208,1,-1,-1,-1
238,21,307,269,113,189,1,-1,-1,-1
238,22,140,261,204,184,1,-1,-1,-1
238,24,381,286,88,164,1,-1,-1,-1
239,0,1373,423,152,267,1,-1,-1,-1
239,5,1702,518,188,264,1,-1,-1,-1
239,10,910,484,96,268,1,-1,-1,-1
239,18,462,292,148,208,1,-1,-1,-1
239,21,317,266,113,189,1,-1,-1,-1
239,22,148,259,204,184,1,-1,-1,-1
239,24,384,286,88,164,1,-1,-1,-1
240,0,1384,423,152,267,1,-1,-1,-1
240,5,1710,517,188,264,1,-1,-1,-1
240,10,921,484,96,268,1,-1,-1,-1
240,18,468,290,148,208,1,-1,-1,-1
240,21,325,264,113,189,1,-1,-1,-1
240,22,158,258,204,184,1,-1,-1,-1
240,24,391,285,88,164,1,-1,-1,-1
241,0,1388,408,168,272,1,-1,-1,-1
241,5,1712,512,208,256,1,-1,-1,-1
241,10,928,500,108,248,1,-1,-1,-1
241,18,468,290,148,208,1,-1,-1,-1
241,21,325,264,113,189,1,-1,-1,-1
241,22,188,248,180,188,1,-1,-1,-1
241,24,391,285,88,164,1,-1,-1,-1
242,0,1400,414,160,259,1,-1,-1,-1
242,5,1721,511,208,256,1,-1,-1,-1
242,10,937,499,108,248,1,-1,-1,-1
242,18,483,291,141,198,1,-1,-1,-1
242,21,344,263,113,189,1,-1,-1,-1
242,22,198,247,180,188,1,-1,-1,-1
242,24,410,288,88,164,1,-1,-1,-1
243,0,1413,412,160,259,1,-1,-1,-1
243,5,1731,511,208,256,1,-1,-1,-1
243,10,949,499,108,248,1,-1,-1,-1
243,18,491,296,134,189,1,-1,-1,-1
243,22,209,245,180,188,1,-1,-1,-1
243,24,424,287,88,164,1,-1,-1,-1
244,0,1422,413,160,259,1,-1,-1,-1
244,5,1741,511,208,256,1,-1,-1,-1
244,10,961,499,108,248,1,-1,-1,-1
244,18,500,296,134,189,1,-1,-1,-1
244,22,219,245,180,188,1,-1,-1,-1
244,24,431,285,88,164,1,-1,-1,-1
245,0,1433,413,160,259,1,-1,-1,-1
245,5,1754,517,198,244,1,-1,-1,-1
245,10,970,497,108,248,1,-1,-1,-1
245,18,507,295,134,189,1,-1,-1,-1
245,22,230,245,180,188,1,-1,-1,-1
245,24,437,284,88,164,1,-1,-1,-1
246,0,1446,411,160,259,1,-1,-1,-1
246,5,1769,522,189,232,1,-1,-1,-1
246,10,982,497,108,248,1,-1,-1,-1
246,18,514,292,141,198,1,-1,-1,-1
246,22,242,244,180,188,1,-1,-1,-1
246,24,450,281,88,164,1,-1,-1,-1
247,0,1455,410,160,259,1,-1,-1,-1
247,5,1780,523,189,232,1,-1,-1,-1
247,10,990,493,108,248,1,-1,-1,-1
247,18,528,291,141,198,1,-1,-1,-1
247,22,252,242,180,188,1,-1,-1,-1
247,24,457,277,88,164,1,-1,-1,-1
248,0,1465,411,160,259,1,-1,-1,-1
248,5,1791,522,189,232,1,-1,-1,-1
248,10,997,488,113,260,1,-1,-1,-1
248,18,542,289,141,198,1,-1,-1,-1
248,22,262,242,180,188,1,-1,-1,-1
248,24,467,277,88,164,1,-1,-1,-1
249,0,1480,400,168,276,1,-1,-1,-1
249,5,1784,512,204,252,1,-1,-1,-1
249,10,997,488,113,260,1,-1,-1,-1
249,18,542,289,141,198,1,-1,-1,-1
249,22,262,242,180,188,1,-1,-1,-1
249,24,467,277,88,164,1,-1,-1,-1
250,0,1493,399,168,276,1,-1,-1,-1
250,5,1802,511,204,252,1,-1,-1,-1
250,10,1019,484,113,260,1,-1,-1,-1
250,18,554,279,141,198,1,-1,-1,-1
250,22,277,233,180,188,1,-1,-1,-1
250,24,481,267,88,164,1,-1,-1,-1
251,0,1511,393,168,276,1,-1,-1,-1
251,5,1821,508,204,252,1,-1,-1,-1
251,10,1027,479,113,260,1,-1,-1,-1
251,18,573,276,141,198,1,-1,-1,-1
251,22,279,228,180,188,1,-1,-1,-1
251,24,483,261,92,172,1,-1,-1,-1
252,0,1518,385,176,290,1,-1,-1,-1
252,5,1839,508,204,252,1,-1,-1,-1
252,10,1035,473,119,273,1,-1,-1,-1
252,18,577,269,141,198,1,-1,-1,-1
252,22,280,222,180,188,1,-1,-1,-1
252,24,487,256,92,172,1,-1,-1,-1
253,0,1541,382,176,290,1,-1,-1,-1
253,5,1860,507,204,252,1,-1,-1,-1
253,10,1045,472,119,273,1,-1,-1,-1
253,18,580,265,141,198,1,-1,-1,-1
253,22,283,216,180,188,1,-1,-1,-1
253,24,488,254,92,172,1,-1,-1,-1
254,0,1564,386,168,276,1,-1,-1,-1
254,5,1884,508,204,252,1,-1,-1,-1
254,10,1061,465,119,273,1,-1,-1,-1
254,18,582,260,141,198,1,-1,-1,-1
254,22,285,212,180,188,1,-1,-1,-1
254,24,494,249,92,172,1,-1,-1,-1
255,0,1588,383,168,276,1,-1,-1,-1
255,5,1913,506,204,252,1,-1,-1,-1
255,10,1074,464,119,273,1,-1,-1,-1
255,18,579,250,148,208,1,-1,-1,-1
255,22,282,200,189,197,1,-1,-1,-1
255,24,500,243,92,172,1,-1,-1,-1
256,0,1607,382,168,276,1,-1,-1,-1
256,5,1938,505,204,252,1,-1,-1,-1
256,10,1083,467,119,273,1,-1,-1,-1
256,18,572,244,148,208,1,-1,-1,-1
256,22,278,196,189,197,1,-1,-1,-1
256,24,502,237,92,172,1,-1,-1,-1
257,0,1616,368,208,304,1,-1,-1,-1
257,5,1964,500,216,260,1,-1,-1,-1
257,10,1084,456,144,276,1,-1,-1,-1
257,18,572,244,148,208,1,-1,-1,-1
257,22,268,180,200,220,1,-1,-1,-1
257,24,502,237,92,172,1,-1,-1,-1
257,25,484,228,264,244,1,-1,-1,-1
258,0,1638,367,208,304,1,-1,-1,-1
258,5,1987,502,216,260,1,-1,-1,-1
258,10,1090,458,144,276,1,-1,-1,-1
258,18,564,235,148,208,1,-1,-1,-1
258,22,264,176,200,220,1,-1,-1,-1
258,24,506,232,92,172,1,-1,-1,-1
258,25,484,225,264,244,1,-1,-1,-1
259,0,1656,364,208,304,1,-1,-1,-1
259,5,2006,495,227,273,1,-1,-1,-1
259,10,1098,458,144,276,1,-1,-1,-1
259,18,549,241,148,208,1,-1,-1,-1
259,22,258,171,200,220,1,-1,-1,-1
259,24,494,231,97,181,1,-1,-1,-1
259,25,481,223,264,244,1,-1,-1,-1
260,0,1676,365,208,304,1,-1,-1,-1
260,5,2032,494,227,273,1,-1,-1,-1
260,10,1107,458,144,276,1,-1,-1,-1
260,18,528,241,148,208,1,-1,-1,-1
260,22,254,164,200,220,1,-1,-1,-1
260,24,513,227,102,190,1,-1,-1,-1
260,25,479,220,264,244,1,-1,-1,-1
261,0,1693,365,208,304,1,-1,-1,-1
261,5,2057,496,227,273,1,-1,-1,-1
261,10,1115,459,144,276,1,-1,-1,-1
261,18,510,235,155,218,1,-1,-1,-1
261,22,246,158,200,220,1,-1,-1,-1
261,24,520,218,107,199,1,-1,-1,-1
261,25,473,212,264,244,1,-1,-1,-1
262,0,1706,356,218,319,1,-1,-1,-1
262,5,2077,494,227,273,1,-1,-1,-1
262,10,1121,457,144,276,1,-1,-1,-1
262,18,509,229,155,218,1,-1,-1,-1
262,22,235,147,200,220,1,-1,-1,-1
262,24,518,203,112,209,1,-1,-1,-1
262,25,469,207,264,244,1,-1,-1,-1
263,0,1723,353,218,319,1,-1,-1,-1
263,5,2093,487,238,287,1,-1,-1,-1
263,10,1125,456,144,276,1,-1,-1,-1
263,18,507,213,155,218,1,-1,-1,-1
263,22,227,138,200,220,1,-1,-1,-1
263,24,513,190,118,220,1,-1,-1,-1
263,25,457,191,277,256,1,-1,-1,-1
264,0,1742,362,208,304,1,-1,-1,-1
264,5,2116,489,238,287,1,-1,-1,-1
264,10,1129,456,144,276,1,-1,-1,-1
264,18,500,209,155,218,1,-1,-1,-1
264,22,214,133,200,220,1,-1,-1,-1
264,24,515,179,124,231,1,-1,-1,-1
264,25,451,184,277,256,1,-1,-1,-1
265,0,1756,328,248,352,1,-1,-1,-1
265,5,2116,489,238,287,1,-1,-1,-1
265,10,1128,436,168,320,1,-1,-1,-1
265,18,500,209,155,218,1,-1,-1,-1
265,22,214,133,200,220,1,-1,-1,-1
265,24,515,179,124,231,1,-1,-1,-1
265,25,451,184,277,256,1,-1,-1,-1
266,0,1772,326,248,352,1,-1,-1,-1
266,5,2158,488,238,287,1,-1,-1,-1
266,10,1130,437,168,320,1,-1,-1,-1
266,18,492,195,155,218,1,-1,-1,-1
266,22,195,118,200,220,1,-1,-1,-1
266,24,510,153,130,242,1,-1,-1,-1
266,25,434,167,291,269,1,-1,-1,-1
267,0,1786,317,260,370,1,-1,-1,-1
267,5,2180,484,250,301,1,-1,-1,-1
267,10,1130,427,176,336,1,-1,-1,-1
267,18,481,191,155,218,1,-1,-1,-1
267,22,179,103,210,231,1,-1,-1,-1
267,24,505,150,130,242,1,-1,-1,-1
267,25,428,160,291,269,1,-1,-1,-1
268,0,1800,316,260,370,1,-1,-1,-1
268,5,2203,489,250,301,1,-1,-1,-1
268,10,1132,430,176,336,1,-1,-1,-1
268,18,467,187,155,218,1,-1,-1,-1
268,22,165,97,210,231,1,-1,-1,-1
268,24,490,147,130,242,1,-1,-1,-1
268,25,420,154,291,269,1,-1,-1,-1
269,0,1823,316,260,370,1,-1,-1,-1
269,5,2227,490,250,301,1,-1,-1,-1
269,10,1136,431,176,336,1,-1,-1,-1
269,18,455,180,163,229,1,-1,-1,-1
269,22,153,95,210,231,1,-1,-1,-1
269,24,479,137,137,254,1,-1,-1,-1
269,25,418,151,291,269,1,-1,-1,-1
