1,0,1004,644,280,400,1,-1,-1,-1
1,1,1940,568,228,392,1,-1,-1,-1
1,2,1520,612,196,336,1,-1,-1,-1
1,3,1656,596,212,356,1,-1,-1,-1
1,4,1392,624,200,324,1,-1,-1,-1
1,5,1820,592,124,308,1,-1,-1,-1
2,0,1004,640,280,400,1,-1,-1,-1
2,1,1946,568,228,392,1,-1,-1,-1
2,2,1523,615,196,336,1,-1,-1,-1
2,3,1662,601,212,356,1,-1,-1,-1
2,4,1394,625,200,324,1,-1,-1,-1
2,5,1828,594,124,308,1,-1,-1,-1
3,0,1005,640,280,400,1,-1,-1,-1
3,1,1961,566,228,392,1,-1,-1,-1
3,2,1526,621,196,336,1,-1,-1,-1
3,3,1689,615,202,339,1,-1,-1,-1
3,4,1394,628,200,324,1,-1,-1,-1
3,5,1847,605,124,308,1,-1,-1,-1
4,0,994,640,280,400,1,-1,-1,-1
4,1,1974,564,228,392,1,-1,-1,-1
4,2,1528,628,196,336,1,-1,-1,-1
4,3,1696,623,202,339,1,-1,-1,-1
4,4,1391,633,200,324,1,-1,-1,-1
4,5,1862,623,124,308,1,-1,-1,-1
5,0,989,640,280,400,1,-1,-1,-1
5,1,1987,569,217,373,1,-1,-1,-1
5,2,1529,639,196,336,1,-1,-1,-1
5,3,1694,617,212,356,1,-1,-1,-1
5,4,1396,636,200,324,1,-1,-1,-1
5,5,1875,626,124,308,1,-1,-1,-1
6,0,985,649,280,400,1,-1,-1,-1
6,1,1997,577,207,356,1,-1,-1,-1
6,2,1520,634,206,353,1,-1,-1,-1
6,3,1689,616,212,356,1,-1,-1,-1
6,4,1391,635,200,324,1,-1,-1,-1
6,5,1888,645,118,293,1,-1,-1,-1
7,0,983,659,280,400,1,-1,-1,-1
7,1,2003,567,217,373,1,-1,-1,-1
7,2,1523,631,206,353,1,-1,-1,-1
7,3,1685,616,212,356,1,-1,-1,-1
7,4,1391,633,200,324,1,-1,-1,-1
7,5,1904,648,118,293,1,-1,-1,-1
8,0,981,665,280,400,1,-1,-1,-1
8,1,2011,569,217,373,1,-1,-1,-1
8,2,1519,631,206,353,1,-1,-1,-1
8,3,1684,616,212,356,1,-1,-1,-1
8,4,1397,632,200,324,1,-1,-1,-1
8,5,1909,652,118,293,1,-1,-1,-1
9,0,960,688,280,364,1,-1,-1,-1
9,1,2040,636,172,328,1,-1,-1,-1
9,2,1528,672,248,320,1,-1,-1,-1
9,3,1652,604,228,304,1,-1,-1,-1
9,4,1388,616,172,300,1,-1,-1,-1
9,5,1912,664,156,300,1,-1,-1,-1
9,6,1212,644,320,356,1,-1,-1,-1
10,0,956,687,280,364,1,-1,-1,-1
10,1,2044,644,172,328,1,-1,-1,-1
10,2,1525,667,248,320,1,-1,-1,-1
10,3,1646,594,239,319,1,-1,-1,-1
10,4,1387,615,172,300,1,-1,-1,-1
10,5,1916,661,156,300,1,-1,-1,-1
10,6,1208,649,320,356,1,-1,-1,-1
11,0,948,685,280,364,1,-1,-1,-1
11,1,2050,652,172,328,1,-1,-1,-1
11,2,1525,666,248,320,1,-1,-1,-1
11,3,1648,596,239,319,1,-1,-1,-1
11,4,1386,615,172,300,1,-1,-1,-1
11,5,1924,666,149,286,1,-1,-1,-1
11,6,1206,647,320,356,1,-1,-1,-1
12,0,937,671,294,382,1,-1,-1,-1
12,1,2053,660,172,328,1,-1,-1,-1
12,2,1517,671,248,320,1,-1,-1,-1
12,3,1647,597,239,319,1,-1,-1,-1
12,4,1380,617,172,300,1,-1,-1,-1
12,5,1924,668,149,286,1,-1,-1,-1
12,6,1200,649,320,356,1,-1,-1,-1
13,0,933,663,294,382,1,-1,-1,-1
13,1,2050,677,172,328,1,-1,-1,-1
13,2,1517,681,236,305,1,-1,-1,-1
13,3,1638,607,239,319,1,-1,-1,-1
13,4,1373,622,172,300,1,-1,-1,-1
13,5,1920,677,149,286,1,-1,-1,-1
13,6,1191,653,320,356,1,-1,-1,-1
14,0,941,672,280,364,1,-1,-1,-1
14,1,2044,685,172,328,1,-1,-1,-1
14,2,1517,686,236,305,1,-1,-1,-1
14,3,1631,612,239,319,1,-1,-1,-1
14,4,1370,626,172,300,1,-1,-1,-1
14,5,1913,679,149,286,1,-1,-1,-1
14,6,1191,653,320,356,1,-1,-1,-1
15,0,940,670,280,364,1,-1,-1,-1
15,1,2038,696,164,312,1,-1,-1,-1
15,2,1504,693,236,305,1,-1,-1,-1
15,3,1620,622,239,319,1,-1,-1,-1
15,4,1366,643,172,300,1,-1,-1,-1
15,5,1904,680,156,300,1,-1,-1,-1
15,6,1191,655,320,356,1,-1,-1,-1
16,0,939,677,280,364,1,-1,-1,-1
16,1,2027,694,164,312,1,-1,-1,-1
16,2,1489,701,236,305,1,-1,-1,-1
16,3,1612,633,239,319,1,-1,-1,-1
16,4,1366,649,172,300,1,-1,-1,-1
16,5,1897,688,156,300,1,-1,-1,-1
16,6,1188,650,320,356,1,-1,-1,-1
17,0,944,680,320,364,1,-1,-1,-1
17,1,2012,708,228,292,1,-1,-1,-1
17,2,1484,672,172,328,1,-1,-1,-1
17,3,1596,664,332,324,1,-1,-1,-1
17,4,1368,668,164,300,1,-1,-1,-1
17,5,1876,680,168,288,1,-1,-1,-1
17,6,1192,676,256,308,1,-1,-1,-1
18,0,950,682,320,364,1,-1,-1,-1
18,1,2005,705,228,292,1,-1,-1,-1
18,2,1479,676,172,328,1,-1,-1,-1
18,3,1593,665,332,324,1,-1,-1,-1
18,4,1366,667,164,300,1,-1,-1,-1
18,5,1871,682,168,288,1,-1,-1,-1
18,6,1190,675,256,308,1,-1,-1,-1
19,0,947,682,320,364,1,-1,-1,-1
19,1,1994,697,228,292,1,-1,-1,-1
19,2,1468,680,172,328,1,-1,-1,-1
19,3,1578,665,332,324,1,-1,-1,-1
19,4,1362,669,164,300,1,-1,-1,-1
19,5,1851,679,176,302,1,-1,-1,-1
19,6,1182,679,256,308,1,-1,-1,-1
20,0,953,687,305,347,1,-1,-1,-1
20,1,1989,696,228,292,1,-1,-1,-1
20,2,1464,688,164,312,1,-1,-1,-1
20,3,1569,665,332,324,1,-1,-1,-1
20,4,1358,670,164,300,1,-1,-1,-1
20,5,1847,680,176,302,1,-1,-1,-1
20,6,1182,682,256,308,1,-1,-1,-1
21,0,951,683,305,347,1,-1,-1,-1
21,1,1975,687,239,307,1,-1,-1,-1
21,2,1456,687,164,312,1,-1,-1,-1
21,3,1559,663,332,324,1,-1,-1,-1
21,4,1356,673,164,300,1,-1,-1,-1
21,5,1844,688,168,288,1,-1,-1,-1
21,6,1181,686,256,308,1,-1,-1,-1
22,0,952,677,305,347,1,-1,-1,-1
22,1,1964,690,239,307,1,-1,-1,-1
22,2,1448,687,164,312,1,-1,-1,-1
22,3,1534,649,349,340,1,-1,-1,-1
22,4,1349,669,164,300,1,-1,-1,-1
22,5,1833,687,168,288,1,-1,-1,-1
22,6,1185,689,256,308,1,-1,-1,-1
23,0,958,676,305,347,1,-1,-1,-1
23,1,1960,692,239,307,1,-1,-1,-1
23,2,1447,684,164,312,1,-1,-1,-1
23,3,1532,657,332,324,1,-1,-1,-1
23,4,1346,673,164,300,1,-1,-1,-1
23,5,1829,684,168,288,1,-1,-1,-1
23,6,1186,692,256,308,1,-1,-1,-1
24,0,960,675,305,347,1,-1,-1,-1
24,1,1949,695,239,307,1,-1,-1,-1
24,2,1446,675,164,312,1,-1,-1,-1
24,3,1523,649,332,324,1,-1,-1,-1
24,4,1347,676,164,300,1,-1,-1,-1
24,5,1822,685,160,274,1,-1,-1,-1
24,6,1188,699,256,308,1,-1,-1,-1
25,0,960,664,256,340,1,-1,-1,-1
25,1,1932,700,232,316,1,-1,-1,-1
25,2,1446,675,164,312,1,-1,-1,-1
25,3,1504,644,244,300,1,-1,-1,-1
25,4,1360,664,232,288,1,-1,-1,-1
25,5,1812,704,160,216,1,-1,-1,-1
25,6,1192,660,292,328,1,-1,-1,-1
26,0,970,675,244,324,1,-1,-1,-1
26,1,1930,702,232,316,1,-1,-1,-1
26,2,1438,660,164,312,1,-1,-1,-1
26,3,1501,645,244,300,1,-1,-1,-1
26,4,1359,663,232,288,1,-1,-1,-1
26,5,1808,703,160,216,1,-1,-1,-1
26,6,1192,660,292,328,1,-1,-1,-1
27,0,979,679,244,324,1,-1,-1,-1
27,1,1930,712,221,301,1,-1,-1,-1
27,2,1438,656,164,312,1,-1,-1,-1
27,3,1501,650,232,286,1,-1,-1,-1
27,4,1359,661,232,288,1,-1,-1,-1
27,5,1792,702,168,227,1,-1,-1,-1
27,6,1194,656,292,328,1,-1,-1,-1
28,0,984,681,244,324,1,-1,-1,-1
28,1,1912,711,221,301,1,-1,-1,-1
28,2,1440,661,156,298,1,-1,-1,-1
28,3,1498,650,232,286,1,-1,-1,-1
28,4,1359,662,221,274,1,-1,-1,-1
28,5,1784,705,168,227,1,-1,-1,-1
28,6,1194,656,292,328,1,-1,-1,-1
29,0,983,678,244,324,1,-1,-1,-1
29,1,1905,714,221,301,1,-1,-1,-1
29,2,1437,659,156,298,1,-1,-1,-1
29,3,1485,645,244,300,1,-1,-1,-1
29,4,1357,660,221,274,1,-1,-1,-1
29,5,1780,707,168,227,1,-1,-1,-1
29,6,1197,654,292,328,1,-1,-1,-1
30,0,982,674,244,324,1,-1,-1,-1
30,1,1902,716,210,287,1,-1,-1,-1
30,2,1432,668,149,283,1,-1,-1,-1
30,3,1481,645,244,300,1,-1,-1,-1
30,4,1355,660,221,274,1,-1,-1,-1
30,5,1772,710,168,227,1,-1,-1,-1
30,6,1203,647,292,328,1,-1,-1,-1
31,0,986,677,232,308,1,-1,-1,-1
31,1,1885,709,210,287,1,-1,-1,-1
31,2,1431,667,149,283,1,-1,-1,-1
31,3,1473,650,244,300,1,-1,-1,-1
31,4,1355,668,210,261,1,-1,-1,-1
31,5,1761,714,168,227,1,-1,-1,-1
31,6,1208,647,278,312,1,-1,-1,-1
32,0,986,674,232,308,1,-1,-1,-1
32,1,1880,706,210,287,1,-1,-1,-1
32,2,1430,678,142,270,1,-1,-1,-1
32,3,1476,652,244,300,1,-1,-1,-1
32,4,1352,664,210,261,1,-1,-1,-1
32,5,1758,715,168,227,1,-1,-1,-1
32,6,1211,646,278,312,1,-1,-1,-1
33,0,992,696,304,276,1,-1,-1,-1
33,1,1852,692,200,260,1,-1,-1,-1
33,2,1430,678,142,270,1,-1,-1,-1
33,3,1476,652,244,300,1,-1,-1,-1
33,4,1352,664,210,261,1,-1,-1,-1
33,5,1752,736,152,204,1,-1,-1,-1
33,6,1240,708,212,220,1,-1,-1,-1
34,0,1006,694,304,276,1,-1,-1,-1
34,1,1840,682,210,273,1,-1,-1,-1
34,2,1422,690,135,257,1,-1,-1,-1
34,3,1477,643,244,300,1,-1,-1,-1
34,4,1337,654,221,274,1,-1,-1,-1
34,5,1746,735,152,204,1,-1,-1,-1
34,6,1243,708,212,220,1,-1,-1,-1
35,0,1009,696,304,276,1,-1,-1,-1
35,1,1835,680,210,273,1,-1,-1,-1
35,2,1418,690,135,257,1,-1,-1,-1
35,3,1475,640,244,300,1,-1,-1,-1
35,4,1350,663,210,261,1,-1,-1,-1
35,5,1740,733,152,204,1,-1,-1,-1
35,6,1244,708,212,220,1,-1,-1,-1
36,0,1013,700,290,263,1,-1,-1,-1
36,1,1827,679,210,273,1,-1,-1,-1
36,2,1421,691,135,257,1,-1,-1,-1
36,3,1468,637,244,300,1,-1,-1,-1
36,4,1359,664,210,261,1,-1,-1,-1
36,5,1731,729,152,204,1,-1,-1,-1
36,6,1246,710,212,220,1,-1,-1,-1
37,0,1013,706,290,263,1,-1,-1,-1
37,1,1815,678,210,273,1,-1,-1,-1
37,2,1417,691,135,257,1,-1,-1,-1
37,3,1453,635,244,300,1,-1,-1,-1
37,4,1368,665,210,261,1,-1,-1,-1
37,5,1723,719,160,214,1,-1,-1,-1
37,6,1251,715,212,220,1,-1,-1,-1
38,0,1010,710,290,263,1,-1,-1,-1
38,1,1810,682,210,273,1,-1,-1,-1
38,2,1417,687,135,257,1,-1,-1,-1
38,3,1460,641,232,286,1,-1,-1,-1
38,4,1371,672,200,249,1,-1,-1,-1
38,5,1714,713,160,214,1,-1,-1,-1
38,6,1255,719,212,220,1,-1,-1,-1
39,0,1010,707,290,263,1,-1,-1,-1
39,1,1813,680,210,273,1,-1,-1,-1
39,2,1413,688,135,257,1,-1,-1,-1
39,3,1455,636,232,286,1,-1,-1,-1
39,4,1375,672,200,249,1,-1,-1,-1
39,5,1712,713,152,204,1,-1,-1,-1
39,6,1266,731,202,210,1,-1,-1,-1
40,0,1016,711,290,263,1,-1,-1,-1
40,1,1808,684,210,273,1,-1,-1,-1
40,2,1403,683,135,257,1,-1,-1,-1
40,3,1450,630,232,286,1,-1,-1,-1
40,4,1383,678,191,237,1,-1,-1,-1
40,5,1699,713,152,204,1,-1,-1,-1
40,6,1271,735,202,210,1,-1,-1,-1
41,0,1020,732,268,240,1,-1,-1,-1
41,1,1800,712,236,240,1,-1,-1,-1
41,2,1403,683,135,257,1,-1,-1,-1
41,3,1460,684,208,224,1,-1,-1,-1
41,4,1383,678,191,237,1,-1,-1,-1
41,5,1700,712,136,200,1,-1,-1,-1
41,6,1280,728,216,216,1,-1,-1,-1
42,0,1025,731,268,240,1,-1,-1,-1
42,1,1801,717,225,229,1,-1,-1,-1
42,2,1395,674,142,270,1,-1,-1,-1
42,3,1459,686,208,224,1,-1,-1,-1
42,4,1367,685,182,226,1,-1,-1,-1
42,5,1689,712,136,200,1,-1,-1,-1
42,6,1287,728,216,216,1,-1,-1,-1
43,0,1020,734,268,240,1,-1,-1,-1
43,1,1785,715,225,229,1,-1,-1,-1
43,2,1407,678,135,257,1,-1,-1,-1
43,3,1455,688,208,224,1,-1,-1,-1
43,4,1364,686,182,226,1,-1,-1,-1
43,5,1680,720,130,190,1,-1,-1,-1
43,6,1276,729,216,216,1,-1,-1,-1
44,0,1019,736,268,240,1,-1,-1,-1
44,1,1779,713,225,229,1,-1,-1,-1
44,2,1407,680,135,257,1,-1,-1,-1
44,3,1455,691,208,224,1,-1,-1,-1
44,4,1355,686,182,226,1,-1,-1,-1
44,5,1677,721,130,190,1,-1,-1,-1
44,6,1273,728,216,216,1,-1,-1,-1
45,0,1024,741,268,240,1,-1,-1,-1
45,1,1769,713,225,229,1,-1,-1,-1
45,2,1402,679,135,257,1,-1,-1,-1
45,3,1457,698,198,213,1,-1,-1,-1
45,4,1355,687,182,226,1,-1,-1,-1
45,5,1675,729,123,181,1,-1,-1,-1
45,6,1277,724,216,216,1,-1,-1,-1
46,0,1020,747,268,240,1,-1,-1,-1
46,1,1764,719,214,218,1,-1,-1,-1
46,2,1405,680,135,257,1,-1,-1,-1
46,3,1457,704,198,213,1,-1,-1,-1
46,4,1345,689,182,226,1,-1,-1,-1
46,5,1663,735,123,181,1,-1,-1,-1
46,6,1277,722,216,216,1,-1,-1,-1
47,0,1025,757,255,229,1,-1,-1,-1
47,1,1757,716,214,218,1,-1,-1,-1
47,2,1407,686,135,257,1,-1,-1,-1
47,3,1461,712,189,203,1,-1,-1,-1
47,4,1341,695,182,226,1,-1,-1,-1
47,5,1657,735,123,181,1,-1,-1,-1
47,6,1274,725,216,216,1,-1,-1,-1
48,0,1033,760,243,218,1,-1,-1,-1
48,1,1747,711,214,218,1,-1,-1,-1
48,2,1404,691,135,257,1,-1,-1,-1
48,3,1462,716,189,203,1,-1,-1,-1
48,4,1340,696,182,226,1,-1,-1,-1
48,5,1653,739,123,181,1,-1,-1,-1
48,6,1276,732,206,206,1,-1,-1,-1
49,0,1024,744,272,228,1,-1,-1,-1
49,1,1732,724,184,196,1,-1,-1,-1
49,2,1404,691,135,257,1,-1,-1,-1
49,3,1462,716,189,203,1,-1,-1,-1
49,4,1340,696,182,226,1,-1,-1,-1
49,5,1653,739,123,181,1,-1,-1,-1
49,6,1276,740,168,184,1,-1,-1,-1
50,0,1029,743,272,228,1,-1,-1,-1
50,1,1735,724,184,196,1,-1,-1,-1
50,2,1410,702,128,245,1,-1,-1,-1
50,3,1465,716,189,203,1,-1,-1,-1
50,4,1363,701,173,215,1,-1,-1,-1
50,5,1651,736,123,181,1,-1,-1,-1
50,6,1278,741,168,184,1,-1,-1,-1
51,0,1031,740,272,228,1,-1,-1,-1
51,1,1731,722,193,206,1,-1,-1,-1
51,2,1421,706,128,245,1,-1,-1,-1
51,3,1469,717,189,203,1,-1,-1,-1
51,4,1383,709,165,205,1,-1,-1,-1
51,5,1654,736,123,181,1,-1,-1,-1
51,6,1282,746,168,184,1,-1,-1,-1
52,0,1018,735,286,239,1,-1,-1,-1
52,1,1730,724,193,206,1,-1,-1,-1
52,2,1425,707,128,245,1,-1,-1,-1
52,3,1473,716,189,203,1,-1,-1,-1
52,4,1392,712,165,205,1,-1,-1,-1
52,5,1677,735,117,173,1,-1,-1,-1
52,6,1286,751,160,175,1,-1,-1,-1
53,0,1010,742,286,239,1,-1,-1,-1
53,1,1729,727,193,206,1,-1,-1,-1
53,2,1430,714,122,233,1,-1,-1,-1
53,3,1475,717,189,203,1,-1,-1,-1
53,4,1400,715,165,205,1,-1,-1,-1
53,5,1679,733,117,173,1,-1,-1,-1
53,6,1287,753,160,175,1,-1,-1,-1
54,0,1005,750,286,239,1,-1,-1,-1
54,1,1732,734,184,196,1,-1,-1,-1
54,2,1428,711,122,233,1,-1,-1,-1
54,3,1474,714,189,203,1,-1,-1,-1
54,4,1396,715,165,205,1,-1,-1,-1
54,5,1678,736,117,173,1,-1,-1,-1
54,6,1277,756,160,175,1,-1,-1,-1
55,0,1005,754,286,239,1,-1,-1,-1
55,1,1733,739,184,196,1,-1,-1,-1
55,2,1421,718,116,222,1,-1,-1,-1
55,3,1470,709,198,213,1,-1,-1,-1
55,4,1385,719,165,205,1,-1,-1,-1
55,5,1678,738,117,173,1,-1,-1,-1
55,6,1278,764,160,175,1,-1,-1,-1
56,0,1004,754,286,239,1,-1,-1,-1
56,1,1735,740,184,196,1,-1,-1,-1
56,2,1427,717,116,222,1,-1,-1,-1
56,3,1472,710,198,213,1,-1,-1,-1
56,4,1376,721,165,205,1,-1,-1,-1
56,5,1676,739,117,173,1,-1,-1,-1
56,6,1285,770,152,167,1,-1,-1,-1
57,0,1004,754,286,239,1,-1,-1,-1
57,1,1735,740,184,196,1,-1,-1,-1
57,2,1427,717,116,222,1,-1,-1,-1
57,3,1472,710,198,213,1,-1,-1,-1
57,4,1376,721,165,205,1,-1,-1,-1
57,5,1676,739,117,173,1,-1,-1,-1
57,6,1285,770,152,167,1,-1,-1,-1
58,0,993,762,286,239,1,-1,-1,-1
58,1,1729,751,175,187,1,-1,-1,-1
58,2,1426,713,122,233,1,-1,-1,-1
58,3,1471,723,198,213,1,-1,-1,-1
58,4,1368,723,165,205,1,-1,-1,-1
58,6,1286,770,152,167,1,-1,-1,-1
59,0,986,757,300,251,1,-1,-1,-1
59,1,1728,748,184,196,1,-1,-1,-1
59,2,1421,713,122,233,1,-1,-1,-1
59,3,1474,731,189,203,1,-1,-1,-1
59,4,1366,727,165,205,1,-1,-1,-1
59,6,1288,770,152,167,1,-1,-1,-1
60,0,987,765,286,239,1,-1,-1,-1
60,1,1732,749,175,187,1,-1,-1,-1
60,2,1416,712,128,245,1,-1,-1,-1
60,3,1479,735,189,203,1,-1,-1,-1
60,4,1357,718,173,215,1,-1,-1,-1
60,6,1280,770,152,167,1,-1,-1,-1
61,0,978,760,286,239,1,-1,-1,-1
61,1,1728,743,184,196,1,-1,-1,-1
61,2,1410,711,135,257,1,-1,-1,-1
61,3,1485,743,180,193,1,-1,-1,-1
61,4,1347,714,182,226,1,-1,-1,-1
61,6,1280,768,160,175,1,-1,-1,-1
62,0,975,757,286,239,1,-1,-1,-1
62,1,1729,743,184,196,1,-1,-1,-1
62,2,1410,715,135,257,1,-1,-1,-1
62,3,1475,739,189,203,1,-1,-1,-1
62,4,1336,711,191,237,1,-1,-1,-1
62,6,1275,767,160,175,1,-1,-1,-1
63,0,973,760,286,239,1,-1,-1,-1
63,1,1722,742,184,196,1,-1,-1,-1
63,2,1408,725,128,245,1,-1,-1,-1
63,3,1469,742,189,203,1,-1,-1,-1
63,4,1330,708,200,249,1,-1,-1,-1
63,6,1280,773,152,167,1,-1,-1,-1
64,0,970,762,286,239,1,-1,-1,-1
64,1,1700,743,193,206,1,-1,-1,-1
64,2,1403,728,128,245,1,-1,-1,-1
64,3,1462,743,189,203,1,-1,-1,-1
64,4,1337,713,200,249,1,-1,-1,-1
64,6,1266,777,152,167,1,-1,-1,-1
65,0,970,762,286,239,1,-1,-1,-1
65,1,1648,748,256,204,1,-1,-1,-1
65,2,1403,728,128,245,1,-1,-1,-1
65,3,1462,743,189,203,1,-1,-1,-1
65,4,1337,713,200,249,1,-1,-1,-1
65,6,1266,777,152,167,1,-1,-1,-1
66,0,961,771,286,239,1,-1,-1,-1
66,1,1647,749,256,204,1,-1,-1,-1
66,2,1397,731,128,245,1,-1,-1,-1
66,3,1455,745,189,203,1,-1,-1,-1
66,4,1349,716,200,249,1,-1,-1,-1
66,6,1258,786,152,167,1,-1,-1,-1
67,0,947,773,286,239,1,-1,-1,-1
67,1,1640,743,269,214,1,-1,-1,-1
67,2,1400,733,128,245,1,-1,-1,-1
67,3,1451,745,189,203,1,-1,-1,-1
67,4,1355,723,200,249,1,-1,-1,-1
67,6,1253,789,152,167,1,-1,-1,-1
68,0,945,767,300,251,1,-1,-1,-1
68,1,1635,746,269,214,1,-1,-1,-1
68,2,1396,740,128,245,1,-1,-1,-1
68,3,1453,750,189,203,1,-1,-1,-1
68,4,1359,724,200,249,1,-1,-1,-1
68,6,1243,795,152,167,1,-1,-1,-1
69,0,947,770,300,251,1,-1,-1,-1
69,1,1638,759,269,214,1,-1,-1,-1
69,2,1391,735,128,245,1,-1,-1,-1
69,3,1452,755,189,203,1,-1,-1,-1
69,4,1342,730,191,237,1,-1,-1,-1
69,6,1235,792,160,175,1,-1,-1,-1
70,0,946,772,315,264,1,-1,-1,-1
70,1,1648,763,256,204,1,-1,-1,-1
70,2,1379,730,135,257,1,-1,-1,-1
70,3,1450,756,189,203,1,-1,-1,-1
70,4,1319,731,191,237,1,-1,-1,-1
70,6,1239,796,160,175,1,-1,-1,-1
71,0,917,766,331,277,1,-1,-1,-1
71,1,1655,770,244,194,1,-1,-1,-1
71,2,1367,731,135,257,1,-1,-1,-1
71,3,1444,752,198,213,1,-1,-1,-1
71,4,1314,733,191,237,1,-1,-1,-1
71,6,1238,800,160,175,1,-1,-1,-1
72,0,920,768,331,277,1,-1,-1,-1
72,1,1639,770,244,194,1,-1,-1,-1
72,2,1361,734,135,257,1,-1,-1,-1
72,3,1435,748,208,224,1,-1,-1,-1
72,4,1303,731,191,237,1,-1,-1,-1
72,6,1225,801,160,175,1,-1,-1,-1
73,0,920,768,331,277,1,-1,-1,-1
73,1,1639,770,244,194,1,-1,-1,-1
73,2,1361,734,135,257,1,-1,-1,-1
73,3,1435,748,208,224,1,-1,-1,-1
73,4,1303,731,191,237,1,-1,-1,-1
73,6,1225,801,160,175,1,-1,-1,-1
74,0,908,753,347,291,1,-1,-1,-1
74,1,1620,773,244,194,1,-1,-1,-1
74,2,1356,734,142,270,1,-1,-1,-1
74,3,1433,751,208,224,1,-1,-1,-1
74,4,1299,727,200,249,1,-1,-1,-1
74,6,1230,799,160,175,1,-1,-1,-1
75,0,909,757,331,277,1,-1,-1,-1
75,1,1623,773,244,194,1,-1,-1,-1
75,2,1355,732,142,270,1,-1,-1,-1
75,3,1441,749,208,224,1,-1,-1,-1
75,4,1306,735,191,237,1,-1,-1,-1
75,6,1247,808,152,167,1,-1,-1,-1
76,0,897,752,347,291,1,-1,-1,-1
76,1,1633,771,256,204,1,-1,-1,-1
76,2,1355,736,142,270,1,-1,-1,-1
76,3,1443,748,208,224,1,-1,-1,-1
76,4,1290,734,200,249,1,-1,-1,-1
76,6,1238,817,145,159,1,-1,-1,-1
77,0,904,760,331,277,1,-1,-1,-1
77,1,1634,774,256,204,1,-1,-1,-1
77,2,1357,731,142,270,1,-1,-1,-1
77,3,1429,750,208,224,1,-1,-1,-1
77,4,1293,730,200,249,1,-1,-1,-1
77,6,1238,822,145,159,1,-1,-1,-1
78,0,908,772,331,277,1,-1,-1,-1
78,1,1634,780,244,194,1,-1,-1,-1
78,2,1354,727,142,270,1,-1,-1,-1
78,3,1423,752,208,224,1,-1,-1,-1
78,4,1281,732,200,249,1,-1,-1,-1
78,6,1238,817,145,159,1,-1,-1,-1
79,0,895,781,331,277,1,-1,-1,-1
79,1,1626,779,244,194,1,-1,-1,-1
79,2,1352,733,142,270,1,-1,-1,-1
79,3,1416,751,218,235,1,-1,-1,-1
79,4,1278,723,210,261,1,-1,-1,-1
79,6,1228,813,145,159,1,-1,-1,-1
80,0,891,784,331,277,1,-1,-1,-1
80,1,1629,777,244,194,1,-1,-1,-1
80,2,1352,727,142,270,1,-1,-1,-1
80,3,1424,755,208,224,1,-1,-1,-1
80,6,1233,815,145,159,1,-1,-1,-1
81,0,891,784,331,277,1,-1,-1,-1
81,1,1612,796,260,164,1,-1,-1,-1
81,2,1352,727,142,270,1,-1,-1,-1
81,3,1424,755,208,224,1,-1,-1,-1
81,6,1233,815,145,159,1,-1,-1,-1
81,7,936,868,212,120,1,-1,-1,-1
81,8,1284,824,256,116,1,-1,-1,-1
82,0,888,788,331,277,1,-1,-1,-1
82,1,1609,795,273,172,1,-1,-1,-1
82,2,1350,726,142,270,1,-1,-1,-1
82,3,1417,758,198,213,1,-1,-1,-1
82,6,1219,834,138,151,1,-1,-1,-1
82,7,946,867,212,120,1,-1,-1,-1
82,8,1281,827,256,116,1,-1,-1,-1
83,0,889,791,331,277,1,-1,-1,-1
83,1,1601,796,273,172,1,-1,-1,-1
83,3,1412,757,198,213,1,-1,-1,-1
83,6,1216,841,138,151,1,-1,-1,-1
83,7,936,866,212,120,1,-1,-1,-1
83,8,1280,829,256,116,1,-1,-1,-1
84,0,886,792,331,277,1,-1,-1,-1
84,1,1605,802,260,164,1,-1,-1,-1
84,3,1408,765,198,213,1,-1,-1,-1
84,6,1207,851,138,151,1,-1,-1,-1
84,7,921,870,212,120,1,-1,-1,-1
84,8,1262,830,269,122,1,-1,-1,-1
85,0,891,808,315,264,1,-1,-1,-1
85,1,1599,803,260,164,1,-1,-1,-1
85,3,1408,771,189,203,1,-1,-1,-1
85,6,1212,854,138,151,1,-1,-1,-1
85,7,925,874,212,120,1,-1,-1,-1
85,8,1253,831,269,122,1,-1,-1,-1
86,0,885,820,315,264,1,-1,-1,-1
86,1,1592,798,260,164,1,-1,-1,-1
86,3,1413,777,180,193,1,-1,-1,-1
86,6,1196,851,138,151,1,-1,-1,-1
86,7,903,878,223,126,1,-1,-1,-1
86,8,1251,836,269,122,1,-1,-1,-1
87,0,880,832,300,251,1,-1,-1,-1
87,1,1582,777,273,172,1,-1,-1,-1
87,3,1407,778,180,193,1,-1,-1,-1
87,6,1180,848,138,151,1,-1,-1,-1
87,7,900,887,223,126,1,-1,-1,-1
87,8,1246,840,269,122,1,-1,-1,-1
88,1,1566,781,273,172,1,-1,-1,-1
88,3,1400,782,180,193,1,-1,-1,-1
88,6,1183,842,138,151,1,-1,-1,-1
88,7,893,891,223,126,1,-1,-1,-1
88,8,1240,845,269,122,1,-1,-1,-1
89,1,1566,781,273,172,1,-1,-1,-1
89,3,1400,782,180,193,1,-1,-1,-1
89,6,1183,842,138,151,1,-1,-1,-1
89,7,893,891,223,126,1,-1,-1,-1
89,8,1240,845,269,122,1,-1,-1,-1
90,1,1562,776,273,172,1,-1,-1,-1
90,3,1386,783,180,193,1,-1,-1,-1
90,8,1249,847,256,116,1,-1,-1,-1
91,1,1562,765,273,172,1,-1,-1,-1
91,3,1381,782,189,203,1,-1,-1,-1
91,8,1256,849,244,110,1,-1,-1,-1
92,1,1577,763,273,172,1,-1,-1,-1
92,3,1389,781,189,203,1,-1,-1,-1
92,8,1267,847,244,110,1,-1,-1,-1
93,1,1601,761,273,172,1,-1,-1,-1
93,3,1405,776,189,203,1,-1,-1,-1
93,8,1289,841,244,110,1,-1,-1,-1
94,1,1609,763,273,172,1,-1,-1,-1
94,3,1418,765,198,213,1,-1,-1,-1
94,8,1310,838,244,110,1,-1,-1,-1
95,1,1615,761,273,172,1,-1,-1,-1
95,8,1321,838,244,110,1,-1,-1,-1
96,1,1642,757,273,172,1,-1,-1,-1
96,8,1333,835,244,110,1,-1,-1,-1
97,1,1672,764,260,156,1,-1,-1,-1
97,8,1284,812,312,160,1,-1,-1,-1
97,9,984,952,264,132,1,-1,-1,-1
98,1,1688,762,260,156,1,-1,-1,-1
98,8,1298,813,312,160,1,-1,-1,-1
98,9,1000,948,264,132,1,-1,-1,-1
99,1,1691,755,273,164,1,-1,-1,-1
99,8,1309,809,312,160,1,-1,-1,-1
99,9,1023,941,264,132,1,-1,-1,-1
100,1,1699,751,273,164,1,-1,-1,-1
100,8,1330,802,312,160,1,-1,-1,-1
100,9,1052,930,264,132,1,-1,-1,-1
101,1,1711,752,260,156,1,-1,-1,-1
101,8,1339,796,312,160,1,-1,-1,-1
101,9,1067,919,277,139,1,-1,-1,-1
102,1,1715,743,260,156,1,-1,-1,-1
102,8,1366,785,312,160,1,-1,-1,-1
102,9,1086,911,277,139,1,-1,-1,-1
103,1,1742,724,248,149,1,-1,-1,-1
103,8,1364,772,312,160,1,-1,-1,-1
103,9,1092,906,291,146,1,-1,-1,-1
104,1,1740,717,236,141,1,-1,-1,-1
104,8,1371,766,297,152,1,-1,-1,-1
104,9,1099,907,291,146,1,-1,-1,-1
105,1,1740,717,236,141,1,-1,-1,-1
105,8,1371,766,297,152,1,-1,-1,-1
105,9,1099,907,291,146,1,-1,-1,-1
106,1,1736,696,236,141,1,-1,-1,-1
106,8,1378,738,297,152,1,-1,-1,-1
107,1,1712,690,236,141,1,-1,-1,-1
107,8,1369,725,312,160,1,-1,-1,-1
108,1,1712,685,236,141,1,-1,-1,-1
108,8,1350,708,297,152,1,-1,-1,-1
109,1,1719,669,236,141,1,-1,-1,-1
109,8,1352,688,297,152,1,-1,-1,-1
110,1,1705,662,236,141,1,-1,-1,-1
110,8,1360,685,297,152,1,-1,-1,-1
111,1,1693,658,236,141,1,-1,-1,-1
112,1,1672,665,225,135,1,-1,-1,-1
113,1,1672,665,225,135,1,-1,-1,-1
114,1,1629,664,225,135,1,-1,-1,-1
115,1,1612,669,214,128,1,-1,-1,-1
116,1,1611,673,204,122,1,-1,-1,-1
117,1,1578,672,204,122,1,-1,-1,-1
118,1,1558,675,204,122,1,-1,-1,-1
119,1,1542,679,204,122,1,-1,-1,-1
120,1,1532,689,194,116,1,-1,-1,-1
121,1,1532,689,194,116,1,-1,-1,-1
129,10,852,752,304,200,1,-1,-1,-1
129,11,2060,548,184,156,1,-1,-1,-1
129,12,1216,732,312,236,1,-1,-1,-1
129,13,1540,612,284,256,1,-1,-1,-1
130,10,831,762,304,200,1,-1,-1,-1
130,11,2093,542,184,156,1,-1,-1,-1
130,12,1202,735,312,236,1,-1,-1,-1
130,13,1554,613,284,256,1,-1,-1,-1
131,10,810,768,304,200,1,-1,-1,-1
131,11,2108,538,184,156,1,-1,-1,-1
131,12,1196,737,312,236,1,-1,-1,-1
131,13,1549,607,298,269,1,-1,-1,-1
132,10,783,782,304,200,1,-1,-1,-1
132,11,2139,531,184,156,1,-1,-1,-1
132,12,1174,748,312,236,1,-1,-1,-1
132,13,1548,613,298,269,1,-1,-1,-1
133,10,760,797,304,200,1,-1,-1,-1
133,11,2170,524,184,156,1,-1,-1,-1
133,12,1117,750,312,236,1,-1,-1,-1
133,13,1543,616,313,282,1,-1,-1,-1
134,10,744,798,319,210,1,-1,-1,-1
134,11,2197,523,175,149,1,-1,-1,-1
134,12,1091,772,312,236,1,-1,-1,-1
134,13,1540,631,298,269,1,-1,-1,-1
135,10,715,802,319,210,1,-1,-1,-1
135,11,2232,521,175,149,1,-1,-1,-1
135,12,1069,786,312,236,1,-1,-1,-1
135,13,1530,634,298,269,1,-1,-1,-1
136,10,670,802,319,210,1,-1,-1,-1
136,11,2269,514,175,149,1,-1,-1,-1
136,12,1033,790,328,248,1,-1,-1,-1
136,13,1519,644,298,269,1,-1,-1,-1
137,10,664,760,296,244,1,-1,-1,-1
137,11,2268,504,180,136,1,-1,-1,-1
137,12,972,812,360,196,1,-1,-1,-1
137,13,1519,644,298,269,1,-1,-1,-1
137,14,320,880,68,64,1,-1,-1,-1
138,10,657,769,296,244,1,-1,-1,-1
138,11,2311,502,180,136,1,-1,-1,-1
138,12,959,823,343,187,1,-1,-1,-1
138,13,1502,644,298,269,1,-1,-1,-1
139,10,623,783,296,244,1,-1,-1,-1
139,11,2355,500,180,136,1,-1,-1,-1
139,12,924,846,343,187,1,-1,-1,-1
139,13,1511,651,284,256,1,-1,-1,-1
140,10,612,790,296,244,1,-1,-1,-1
140,11,2377,499,180,136,1,-1,-1,-1
140,12,916,847,343,187,1,-1,-1,-1
140,13,1519,664,270,244,1,-1,-1,-1
141,10,598,799,296,244,1,-1,-1,-1
141,11,2411,505,180,136,1,-1,-1,-1
141,12,886,862,327,178,1,-1,-1,-1
141,13,1508,688,258,232,1,-1,-1,-1
142,10,569,806,296,244,1,-1,-1,-1
142,11,2449,514,171,130,1,-1,-1,-1
142,12,849,874,327,178,1,-1,-1,-1
142,13,1503,711,258,232,1,-1,-1,-1
143,10,544,809,296,244,1,-1,-1,-1
143,12,830,871,343,187,1,-1,-1,-1
143,13,1503,717,258,232,1,-1,-1,-1
144,10,517,811,296,244,1,-1,-1,-1
144,12,801,862,343,187,1,-1,-1,-1
144,13,1500,722,258,232,1,-1,-1,-1
145,10,517,811,296,244,1,-1,-1,-1
145,12,801,862,343,187,1,-1,-1,-1
145,13,1500,722,258,232,1,-1,-1,-1
146,10,499,817,296,244,1,-1,-1,-1
146,12,778,879,343,187,1,-1,-1,-1
146,13,1493,727,258,232,1,-1,-1,-1
147,10,516,820,296,244,1,-1,-1,-1
147,12,773,884,343,187,1,-1,-1,-1
147,13,1490,732,258,232,1,-1,-1,-1
148,10,519,815,296,244,1,-1,-1,-1
148,12,776,885,343,187,1,-1,-1,-1
148,13,1495,734,258,232,1,-1,-1,-1
149,10,546,813,296,244,1,-1,-1,-1
149,12,776,888,343,187,1,-1,-1,-1
149,13,1496,741,258,232,1,-1,-1,-1
150,10,585,809,282,232,1,-1,-1,-1
150,12,809,890,327,178,1,-1,-1,-1
150,13,1510,752,245,221,1,-1,-1,-1
151,10,593,801,282,232,1,-1,-1,-1
151,12,799,879,343,187,1,-1,-1,-1
152,10,612,799,282,232,1,-1,-1,-1
152,12,812,873,343,187,1,-1,-1,-1
153,10,612,799,282,232,1,-1,-1,-1
153,12,812,873,343,187,1,-1,-1,-1
154,10,651,756,282,232,1,-1,-1,-1
155,10,647,702,282,232,1,-1,-1,-1
156,10,674,679,282,232,1,-1,-1,-1
157,10,681,652,282,232,1,-1,-1,-1
169,15,2356,388,136,88,1,-1,-1,-1
170,15,2358,393,136,88,1,-1,-1,-1
171,15,2359,403,136,88,1,-1,-1,-1
172,15,2355,407,143,92,1,-1,-1,-1
173,15,2360,416,143,92,1,-1,-1,-1
174,15,2344,431,150,97,1,-1,-1,-1
175,15,2342,444,150,97,1,-1,-1,-1
176,15,2328,458,157,102,1,-1,-1,-1
177,15,2328,458,157,102,1,-1,-1,-1
178,15,2309,489,165,107,1,-1,-1,-1
179,15,2293,514,165,107,1,-1,-1,-1
180,15,2278,536,165,107,1,-1,-1,-1
181,15,2278,554,157,102,1,-1,-1,-1
182,15,2262,572,157,102,1,-1,-1,-1
183,15,2252,592,157,102,1,-1,-1,-1
184,15,2245,607,150,97,1,-1,-1,-1
185,15,2245,607,150,97,1,-1,-1,-1
193,16,1164,736,140,140,1,-1,-1,-1
193,17,868,788,232,144,1,-1,-1,-1
193,18,2188,776,104,84,1,-1,-1,-1
193,19,1484,652,192,112,1,-1,-1,-1
193,20,1332,776,164,108,1,-1,-1,-1
193,21,788,680,128,112,1,-1,-1,-1
194,16,1166,736,140,140,1,-1,-1,-1
194,17,869,791,232,144,1,-1,-1,-1
194,18,2174,781,109,88,1,-1,-1,-1
194,19,1485,659,192,112,1,-1,-1,-1
194,20,1330,783,164,108,1,-1,-1,-1
194,21,792,680,128,112,1,-1,-1,-1
195,16,1168,743,140,140,1,-1,-1,-1
195,17,865,799,232,144,1,-1,-1,-1
195,18,2158,794,109,88,1,-1,-1,-1
195,19,1478,675,192,112,1,-1,-1,-1
195,20,1329,794,164,108,1,-1,-1,-1
195,21,793,676,128,112,1,-1,-1,-1
196,16,1170,748,140,140,1,-1,-1,-1
196,17,867,800,232,144,1,-1,-1,-1
196,18,2167,796,115,93,1,-1,-1,-1
196,19,1478,680,192,112,1,-1,-1,-1
196,20,1327,797,164,108,1,-1,-1,-1
196,21,793,674,128,112,1,-1,-1,-1
197,16,1172,751,140,140,1,-1,-1,-1
197,17,862,805,232,144,1,-1,-1,-1
197,19,1474,683,192,112,1,-1,-1,-1
197,20,1327,806,164,108,1,-1,-1,-1
197,21,799,659,134,118,1,-1,-1,-1
198,16,1176,756,140,140,1,-1,-1,-1
198,17,865,812,232,144,1,-1,-1,-1
198,19,1469,683,192,112,1,-1,-1,-1
198,20,1324,813,164,108,1,-1,-1,-1
198,21,809,646,141,123,1,-1,-1,-1
199,16,1177,758,140,140,1,-1,-1,-1
199,17,863,810,244,151,1,-1,-1,-1
199,19,1470,683,192,112,1,-1,-1,-1
199,20,1323,815,164,108,1,-1,-1,-1
199,21,809,643,141,123,1,-1,-1,-1
200,16,1177,764,140,140,1,-1,-1,-1
200,17,841,811,244,151,1,-1,-1,-1
200,19,1469,678,192,112,1,-1,-1,-1
200,20,1319,819,164,108,1,-1,-1,-1
200,21,817,641,141,123,1,-1,-1,-1
201,16,1172,780,160,128,1,-1,-1,-1
201,17,852,816,172,148,1,-1,-1,-1
201,19,1472,680,168,160,1,-1,-1,-1
201,20,1319,819,164,108,1,-1,-1,-1
201,21,796,632,164,148,1,-1,-1,-1
201,22,2092,804,140,120,1,-1,-1,-1
201,23,1384,772,184,164,1,-1,-1,-1
202,16,1177,781,160,128,1,-1,-1,-1
202,17,854,816,172,148,1,-1,-1,-1
202,19,1472,679,168,160,1,-1,-1,-1
202,20,1317,824,156,103,1,-1,-1,-1
202,21,800,629,164,148,1,-1,-1,-1
202,22,2091,805,140,120,1,-1,-1,-1
202,23,1384,774,184,164,1,-1,-1,-1
203,16,1177,783,160,128,1,-1,-1,-1
203,17,854,819,172,148,1,-1,-1,-1
203,19,1473,678,168,160,1,-1,-1,-1
203,20,1316,824,156,103,1,-1,-1,-1
203,21,813,624,164,148,1,-1,-1,-1
203,22,2086,810,140,120,1,-1,-1,-1
203,23,1385,777,184,164,1,-1,-1,-1
204,16,1183,784,160,128,1,-1,-1,-1
204,17,859,823,172,148,1,-1,-1,-1
204,19,1475,679,168,160,1,-1,-1,-1
204,20,1316,825,156,103,1,-1,-1,-1
204,21,817,611,164,148,1,-1,-1,-1
204,22,2077,817,140,120,1,-1,-1,-1
204,23,1387,781,184,164,1,-1,-1,-1
205,16,1188,785,160,128,1,-1,-1,-1
205,17,862,819,172,148,1,-1,-1,-1
205,19,1479,679,168,160,1,-1,-1,-1
205,20,1320,828,149,98,1,-1,-1,-1
205,21,826,611,164,148,1,-1,-1,-1
205,22,2075,821,140,120,1,-1,-1,-1
205,23,1388,783,184,164,1,-1,-1,-1
206,16,1194,786,152,122,1,-1,-1,-1
206,17,861,807,181,155,1,-1,-1,-1
206,19,1484,682,168,160,1,-1,-1,-1
206,20,1320,829,149,98,1,-1,-1,-1
206,21,834,600,164,148,1,-1,-1,-1
206,22,2078,831,140,120,1,-1,-1,-1
206,23,1391,783,184,164,1,-1,-1,-1
207,16,1197,783,152,122,1,-1,-1,-1
207,17,865,800,181,155,1,-1,-1,-1
207,19,1484,681,168,160,1,-1,-1,-1
207,20,1322,832,149,98,1,-1,-1,-1
207,21,848,599,164,148,1,-1,-1,-1
207,22,2082,834,133,114,1,-1,-1,-1
207,23,1389,782,184,164,1,-1,-1,-1
208,16,1196,782,152,122,1,-1,-1,-1
208,17,866,798,181,155,1,-1,-1,-1
208,20,1323,836,149,98,1,-1,-1,-1
208,21,847,592,156,141,1,-1,-1,-1
208,22,2079,834,133,114,1,-1,-1,-1
208,23,1393,785,175,156,1,-1,-1,-1
209,16,1220,756,144,136,1,-1,-1,-1
209,17,876,776,196,156,1,-1,-1,-1
209,20,1323,836,149,98,1,-1,-1,-1
209,21,888,564,116,148,1,-1,-1,-1
209,22,2079,834,133,114,1,-1,-1,-1
209,23,1393,785,175,156,1,-1,-1,-1
209,24,1500,660,128,120,1,-1,-1,-1
209,25,836,344,160,88,1,-1,-1,-1
210,16,1228,754,144,136,1,-1,-1,-1
210,17,887,779,187,149,1,-1,-1,-1
210,20,1328,841,149,98,1,-1,-1,-1
210,21,902,555,116,148,1,-1,-1,-1
210,22,2076,843,133,114,1,-1,-1,-1
210,23,1398,786,175,156,1,-1,-1,-1
210,24,1502,652,128,120,1,-1,-1,-1
210,25,879,345,160,88,1,-1,-1,-1
211,16,1230,754,144,136,1,-1,-1,-1
211,17,890,778,187,149,1,-1,-1,-1
211,20,1332,844,149,98,1,-1,-1,-1
211,21,908,550,116,148,1,-1,-1,-1
211,22,2079,845,127,109,1,-1,-1,-1
211,23,1400,787,175,156,1,-1,-1,-1
211,24,1504,650,128,120,1,-1,-1,-1
211,25,900,346,160,88,1,-1,-1,-1
212,16,1242,755,144,136,1,-1,-1,-1
212,17,896,776,187,149,1,-1,-1,-1
212,20,1338,857,142,93,1,-1,-1,-1
212,21,924,549,110,141,1,-1,-1,-1
212,22,2075,847,127,109,1,-1,-1,-1
212,23,1406,795,175,156,1,-1,-1,-1
212,24,1504,638,128,120,1,-1,-1,-1
212,25,942,349,160,88,1,-1,-1,-1
213,16,1251,758,144,136,1,-1,-1,-1
213,17,901,771,187,149,1,-1,-1,-1
213,20,1339,857,142,93,1,-1,-1,-1
213,21,937,547,110,141,1,-1,-1,-1
213,22,2076,853,121,104,1,-1,-1,-1
213,23,1410,802,175,156,1,-1,-1,-1
213,24,1512,635,128,120,1,-1,-1,-1
213,25,984,353,160,88,1,-1,-1,-1
214,16,1254,760,144,136,1,-1,-1,-1
214,17,906,765,187,149,1,-1,-1,-1
214,20,1339,853,142,93,1,-1,-1,-1
214,21,947,544,110,141,1,-1,-1,-1
214,22,2073,854,121,104,1,-1,-1,-1
214,23,1413,802,175,156,1,-1,-1,-1
214,24,1507,623,134,126,1,-1,-1,-1
214,25,1003,355,160,88,1,-1,-1,-1
215,16,1254,752,144,136,1,-1,-1,-1
215,17,918,762,187,149,1,-1,-1,-1
215,20,1342,851,142,93,1,-1,-1,-1
215,21,958,538,116,148,1,-1,-1,-1
215,22,2068,858,115,99,1,-1,-1,-1
215,23,1406,803,184,164,1,-1,-1,-1
215,24,1496,607,134,126,1,-1,-1,-1
215,25,1045,358,160,88,1,-1,-1,-1
216,16,1256,741,144,136,1,-1,-1,-1
216,17,916,745,187,149,1,-1,-1,-1
216,20,1346,846,142,93,1,-1,-1,-1
216,21,971,532,122,155,1,-1,-1,-1
216,22,2071,865,115,99,1,-1,-1,-1
216,23,1411,805,184,164,1,-1,-1,-1
216,24,1507,602,141,132,1,-1,-1,-1
216,25,1084,361,160,88,1,-1,-1,-1
217,16,1256,740,124,124,1,-1,-1,-1
217,17,920,740,160,156,1,-1,-1,-1
217,20,1340,844,136,128,1,-1,-1,-1
217,21,960,520,144,156,1,-1,-1,-1
217,22,2044,844,136,108,1,-1,-1,-1
217,23,1444,820,160,152,1,-1,-1,-1
217,24,1496,604,184,132,1,-1,-1,-1
217,25,1084,361,160,88,1,-1,-1,-1
218,16,1256,731,124,124,1,-1,-1,-1
218,17,921,730,160,156,1,-1,-1,-1
218,20,1347,842,136,128,1,-1,-1,-1
218,21,979,525,137,149,1,-1,-1,-1
218,22,2041,850,136,108,1,-1,-1,-1
218,23,1451,820,160,152,1,-1,-1,-1
218,24,1508,603,175,126,1,-1,-1,-1
218,25,1145,368,160,88,1,-1,-1,-1
219,16,1261,723,124,124,1,-1,-1,-1
219,17,932,726,160,156,1,-1,-1,-1
219,20,1351,836,136,128,1,-1,-1,-1
219,21,992,522,137,149,1,-1,-1,-1
219,22,2038,859,136,108,1,-1,-1,-1
219,23,1457,814,160,152,1,-1,-1,-1
219,24,1507,599,175,126,1,-1,-1,-1
219,25,1185,371,160,88,1,-1,-1,-1
220,16,1264,721,124,124,1,-1,-1,-1
220,17,936,724,160,156,1,-1,-1,-1
220,20,1349,832,143,134,1,-1,-1,-1
220,21,1001,523,137,149,1,-1,-1,-1
220,22,2037,862,136,108,1,-1,-1,-1
220,23,1458,812,160,152,1,-1,-1,-1
220,24,1511,596,175,126,1,-1,-1,-1
220,25,1203,375,160,88,1,-1,-1,-1
221,16,1269,716,130,130,1,-1,-1,-1
221,17,949,723,160,156,1,-1,-1,-1
221,20,1353,834,143,134,1,-1,-1,-1
221,21,1015,519,137,149,1,-1,-1,-1
221,22,2031,864,143,113,1,-1,-1,-1
221,23,1467,807,152,145,1,-1,-1,-1
221,24,1515,592,175,126,1,-1,-1,-1
221,25,1246,380,160,88,1,-1,-1,-1
222,16,1277,712,130,130,1,-1,-1,-1
222,17,959,720,160,156,1,-1,-1,-1
222,20,1359,838,143,134,1,-1,-1,-1
222,21,1026,518,137,149,1,-1,-1,-1
222,22,2030,870,143,113,1,-1,-1,-1
222,23,1473,804,152,145,1,-1,-1,-1
222,24,1527,588,175,126,1,-1,-1,-1
222,25,1285,386,160,88,1,-1,-1,-1
223,16,1278,705,137,137,1,-1,-1,-1
223,17,963,718,160,156,1,-1,-1,-1
223,20,1357,835,150,141,1,-1,-1,-1
223,21,1033,513,137,149,1,-1,-1,-1
223,22,2029,872,143,113,1,-1,-1,-1
223,23,1474,803,152,145,1,-1,-1,-1
223,24,1529,585,175,126,1,-1,-1,-1
223,25,1304,389,160,88,1,-1,-1,-1
224,16,1286,702,137,137,1,-1,-1,-1
224,17,974,719,160,156,1,-1,-1,-1
224,20,1359,825,150,141,1,-1,-1,-1
224,21,1047,505,144,156,1,-1,-1,-1
224,22,2031,876,136,108,1,-1,-1,-1
224,23,1475,799,152,145,1,-1,-1,-1
224,24,1534,585,167,120,1,-1,-1,-1
224,25,1345,392,160,88,1,-1,-1,-1
225,16,1300,704,132,124,1,-1,-1,-1
225,17,980,684,156,172,1,-1,-1,-1
225,20,1359,825,150,141,1,-1,-1,-1
225,21,1080,508,116,136,1,-1,-1,-1
225,22,2032,872,136,136,1,-1,-1,-1
225,23,1492,784,168,204,1,-1,-1,-1
225,24,1544,556,140,156,1,-1,-1,-1
225,25,1384,396,160,88,1,-1,-1,-1
226,16,1303,703,132,124,1,-1,-1,-1
226,17,986,681,156,172,1,-1,-1,-1
226,20,1372,818,150,141,1,-1,-1,-1
226,21,1088,508,116,136,1,-1,-1,-1
226,22,2033,874,136,136,1,-1,-1,-1
226,23,1498,785,168,204,1,-1,-1,-1
226,24,1550,557,140,156,1,-1,-1,-1
226,25,1403,398,160,88,1,-1,-1,-1
227,16,1310,697,132,124,1,-1,-1,-1
227,17,995,674,156,172,1,-1,-1,-1
227,20,1379,812,143,134,1,-1,-1,-1
227,21,1102,509,116,136,1,-1,-1,-1
227,22,2029,879,136,136,1,-1,-1,-1
227,23,1509,785,168,204,1,-1,-1,-1
227,24,1552,554,140,156,1,-1,-1,-1
227,25,1442,404,160,88,1,-1,-1,-1
228,16,1315,696,132,124,1,-1,-1,-1
228,17,1000,669,156,172,1,-1,-1,-1
228,20,1386,805,143,134,1,-1,-1,-1
228,21,1116,511,116,136,1,-1,-1,-1
228,22,2029,885,136,136,1,-1,-1,-1
228,23,1522,781,168,204,1,-1,-1,-1
228,24,1556,559,133,149,1,-1,-1,-1
228,25,1479,409,160,88,1,-1,-1,-1
229,16,1318,693,132,124,1,-1,-1,-1
229,17,1005,667,156,172,1,-1,-1,-1
229,20,1388,805,143,134,1,-1,-1,-1
229,21,1125,513,116,136,1,-1,-1,-1
229,22,2028,888,136,136,1,-1,-1,-1
229,23,1526,776,168,204,1,-1,-1,-1
229,24,1560,561,133,149,1,-1,-1,-1
229,25,1499,412,160,88,1,-1,-1,-1
230,16,1324,689,132,124,1,-1,-1,-1
230,17,1013,661,156,172,1,-1,-1,-1
230,20,1392,796,143,134,1,-1,-1,-1
230,21,1135,513,116,136,1,-1,-1,-1
230,22,2024,893,136,136,1,-1,-1,-1
230,23,1526,759,168,204,1,-1,-1,-1
230,24,1561,556,133,149,1,-1,-1,-1
230,25,1535,416,160,88,1,-1,-1,-1
231,16,1333,687,132,124,1,-1,-1,-1
231,17,1023,659,156,172,1,-1,-1,-1
231,20,1399,791,143,134,1,-1,-1,-1
231,21,1151,508,116,136,1,-1,-1,-1
231,22,2024,897,136,136,1,-1,-1,-1
231,23,1542,753,168,204,1,-1,-1,-1
231,24,1570,556,133,149,1,-1,-1,-1
231,25,1574,420,160,88,1,-1,-1,-1
232,16,1338,688,126,118,1,-1,-1,-1
232,17,1027,658,156,172,1,-1,-1,-1
232,20,1402,793,143,134,1,-1,-1,-1
232,21,1156,506,116,136,1,-1,-1,-1
232,22,2023,903,136,136,1,-1,-1,-1
232,23,1543,747,168,204,1,-1,-1,-1
232,24,1568,554,133,149,1,-1,-1,-1
232,25,1592,424,160,88,1,-1,-1,-1
233,16,1344,680,148,120,1,-1,-1,-1
233,17,1036,676,188,172,1,-1,-1,-1
233,20,1404,796,160,116,1,-1,-1,-1
233,21,1164,508,148,148,1,-1,-1,-1
233,22,2024,924,136,128,1,-1,-1,-1
233,23,1552,748,128,144,1,-1,-1,-1
233,24,1580,564,132,128,1,-1,-1,-1
233,25,1592,424,160,88,1,-1,-1,-1
233,26,1636,432,160,96,1,-1,-1,-1
234,16,1353,679,148,120,1,-1,-1,-1
234,17,1047,678,188,172,1,-1,-1,-1
234,20,1412,796,160,116,1,-1,-1,-1
234,21,1179,508,148,148,1,-1,-1,-1
234,22,2021,926,136,128,1,-1,-1,-1
234,23,1559,744,128,144,1,-1,-1,-1
234,24,1583,560,132,128,1,-1,-1,-1
234,25,1664,436,160,88,1,-1,-1,-1
234,26,1667,433,168,101,1,-1,-1,-1
235,16,1352,676,148,120,1,-1,-1,-1
235,17,1050,674,188,172,1,-1,-1,-1
235,20,1406,787,168,122,1,-1,-1,-1
235,21,1186,507,148,148,1,-1,-1,-1
235,22,2022,927,136,128,1,-1,-1,-1
235,23,1563,743,128,144,1,-1,-1,-1
235,24,1585,558,132,128,1,-1,-1,-1
235,25,1683,439,160,88,1,-1,-1,-1
235,26,1685,437,168,101,1,-1,-1,-1
236,16,1360,673,148,120,1,-1,-1,-1
236,17,1059,671,188,172,1,-1,-1,-1
236,20,1403,778,168,122,1,-1,-1,-1
236,21,1199,504,148,148,1,-1,-1,-1
236,22,2020,930,136,128,1,-1,-1,-1
236,23,1571,740,128,144,1,-1,-1,-1
236,24,1592,557,132,128,1,-1,-1,-1
236,25,1718,443,160,88,1,-1,-1,-1
236,26,1722,443,168,101,1,-1,-1,-1
237,16,1369,664,141,114,1,-1,-1,-1
237,17,1080,675,179,164,1,-1,-1,-1
237,20,1412,771,168,122,1,-1,-1,-1
237,21,1213,502,148,148,1,-1,-1,-1
237,22,2022,925,136,128,1,-1,-1,-1
237,23,1581,735,128,144,1,-1,-1,-1
237,24,1595,553,132,128,1,-1,-1,-1
237,25,1757,448,160,88,1,-1,-1,-1
237,26,1759,446,168,101,1,-1,-1,-1
238,16,1374,662,141,114,1,-1,-1,-1
238,17,1079,668,188,172,1,-1,-1,-1
238,20,1420,769,168,122,1,-1,-1,-1
238,21,1218,501,148,148,1,-1,-1,-1
238,22,2026,924,136,128,1,-1,-1,-1
238,23,1583,733,128,144,1,-1,-1,-1
238,24,1597,551,132,128,1,-1,-1,-1
238,25,1776,451,160,88,1,-1,-1,-1
238,26,1777,450,168,101,1,-1,-1,-1
239,16,1389,662,134,109,1,-1,-1,-1
239,17,1084,660,188,172,1,-1,-1,-1
239,20,1424,762,168,122,1,-1,-1,-1
239,21,1231,505,148,148,1,-1,-1,-1
239,23,1591,732,128,144,1,-1,-1,-1
239,24,1604,550,132,128,1,-1,-1,-1
239,25,1810,456,160,88,1,-1,-1,-1
239,26,1809,452,176,106,1,-1,-1,-1
240,16,1397,659,134,109,1,-1,-1,-1
240,17,1096,660,179,164,1,-1,-1,-1
240,20,1420,759,176,128,1,-1,-1,-1
240,21,1244,509,141,141,1,-1,-1,-1
240,23,1598,729,128,144,1,-1,-1,-1
240,24,1610,550,132,128,1,-1,-1,-1
240,25,1845,463,160,88,1,-1,-1,-1
240,26,1845,460,176,106,1,-1,-1,-1
241,16,1397,659,134,109,1,-1,-1,-1
241,17,1100,652,144,152,1,-1,-1,-1
241,20,1424,740,164,144,1,-1,-1,-1
241,21,1252,512,116,144,1,-1,-1,-1
241,23,1596,732,140,164,1,-1,-1,-1
241,24,1608,552,156,136,1,-1,-1,-1
241,25,1845,463,160,88,1,-1,-1,-1
241,26,1868,468,160,104,1,-1,-1,-1
241,27,2004,892,148,176,1,-1,-1,-1
242,16,1399,656,134,109,1,-1,-1,-1
242,17,1103,650,144,152,1,-1,-1,-1
242,20,1430,737,164,144,1,-1,-1,-1
242,21,1260,517,116,144,1,-1,-1,-1
242,23,1607,733,140,164,1,-1,-1,-1
242,24,1609,552,156,136,1,-1,-1,-1
242,25,1893,473,160,88,1,-1,-1,-1
242,26,1898,473,160,104,1,-1,-1,-1
242,27,2010,895,148,176,1,-1,-1,-1
243,16,1400,653,134,109,1,-1,-1,-1
243,17,1108,653,137,145,1,-1,-1,-1
243,20,1433,734,164,144,1,-1,-1,-1
243,21,1266,518,116,144,1,-1,-1,-1
243,23,1606,727,133,156,1,-1,-1,-1
243,24,1607,552,156,136,1,-1,-1,-1
243,25,1924,477,160,88,1,-1,-1,-1
243,26,1925,475,168,109,1,-1,-1,-1
243,27,1998,891,148,176,1,-1,-1,-1
244,16,1399,651,134,109,1,-1,-1,-1
244,17,1109,654,137,145,1,-1,-1,-1
244,20,1432,733,164,144,1,-1,-1,-1
244,21,1270,522,110,137,1,-1,-1,-1
244,23,1609,726,133,156,1,-1,-1,-1
244,24,1608,552,156,136,1,-1,-1,-1
244,25,1938,480,160,88,1,-1,-1,-1
244,26,1939,477,168,109,1,-1,-1,-1
244,27,1994,884,155,185,1,-1,-1,-1
245,16,1400,654,128,104,1,-1,-1,-1
245,17,1109,653,137,145,1,-1,-1,-1
245,20,1436,734,156,137,1,-1,-1,-1
245,21,1273,521,110,137,1,-1,-1,-1
245,23,1616,723,127,149,1,-1,-1,-1
245,24,1605,553,156,136,1,-1,-1,-1
245,25,1961,484,160,88,1,-1,-1,-1
245,26,1961,482,168,109,1,-1,-1,-1
245,27,1997,880,155,185,1,-1,-1,-1
246,16,1401,654,128,104,1,-1,-1,-1
246,17,1107,655,137,145,1,-1,-1,-1
246,20,1434,732,156,137,1,-1,-1,-1
246,21,1274,521,110,137,1,-1,-1,-1
246,23,1614,717,127,149,1,-1,-1,-1
246,24,1595,548,164,143,1,-1,-1,-1
246,25,1984,489,160,88,1,-1,-1,-1
246,26,1984,487,168,109,1,-1,-1,-1
246,27,1982,866,148,176,1,-1,-1,-1
247,16,1400,654,128,104,1,-1,-1,-1
247,17,1106,656,137,145,1,-1,-1,-1
247,20,1430,729,156,137,1,-1,-1,-1
247,21,1274,520,110,137,1,-1,-1,-1
247,23,1615,712,127,149,1,-1,-1,-1
247,24,1591,547,164,143,1,-1,-1,-1
247,25,1998,491,160,88,1,-1,-1,-1
247,26,2001,491,160,104,1,-1,-1,-1
247,27,1981,856,155,185,1,-1,-1,-1
248,16,1398,652,128,104,1,-1,-1,-1
248,17,1106,657,137,145,1,-1,-1,-1
248,20,1414,714,156,137,1,-1,-1,-1
248,21,1277,517,110,137,1,-1,-1,-1
248,23,1614,708,127,149,1,-1,-1,-1
248,24,1583,541,164,143,1,-1,-1,-1
248,25,2018,495,160,88,1,-1,-1,-1
248,26,2021,497,160,104,1,-1,-1,-1
248,27,1956,843,155,185,1,-1,-1,-1
249,16,1404,648,136,180,1,-1,-1,-1
249,17,1108,664,164,148,1,-1,-1,-1
249,20,1414,714,156,137,1,-1,-1,-1
249,21,1276,508,116,136,1,-1,-1,-1
249,23,1620,692,108,140,1,-1,-1,-1
249,24,1584,548,128,120,1,-1,-1,-1
249,25,2018,495,160,88,1,-1,-1,-1
249,26,2040,500,164,104,1,-1,-1,-1
249,27,1968,848,112,144,1,-1,-1,-1
250,16,1405,651,130,171,1,-1,-1,-1
250,17,1109,665,164,148,1,-1,-1,-1
250,20,1397,700,156,137,1,-1,-1,-1
250,21,1275,508,116,136,1,-1,-1,-1
250,23,1620,691,108,140,1,-1,-1,-1
250,24,1579,547,128,120,1,-1,-1,-1
250,25,2049,500,160,88,1,-1,-1,-1
250,26,2049,501,164,104,1,-1,-1,-1
250,27,1966,847,112,144,1,-1,-1,-1
251,16,1400,653,123,163,1,-1,-1,-1
251,17,1103,665,164,148,1,-1,-1,-1
251,20,1386,696,156,137,1,-1,-1,-1
251,21,1270,505,116,136,1,-1,-1,-1
251,23,1611,686,113,147,1,-1,-1,-1
251,24,1571,550,122,114,1,-1,-1,-1
251,25,2061,502,168,92,1,-1,-1,-1
251,26,2065,504,164,104,1,-1,-1,-1
251,27,1952,836,112,144,1,-1,-1,-1
252,16,1394,650,123,163,1,-1,-1,-1
252,17,1097,663,164,148,1,-1,-1,-1
252,20,1380,698,149,131,1,-1,-1,-1
252,21,1268,503,116,136,1,-1,-1,-1
252,23,1606,683,113,147,1,-1,-1,-1
252,24,1562,552,122,114,1,-1,-1,-1
252,25,2081,505,168,92,1,-1,-1,-1
252,26,2085,508,164,104,1,-1,-1,-1
252,27,1945,831,107,137,1,-1,-1,-1
253,16,1392,649,123,163,1,-1,-1,-1
253,17,1093,660,164,148,1,-1,-1,-1
253,20,1382,701,142,124,1,-1,-1,-1
253,21,1266,503,116,136,1,-1,-1,-1
253,23,1605,680,113,147,1,-1,-1,-1
253,24,1559,553,122,114,1,-1,-1,-1
253,25,2093,507,168,92,1,-1,-1,-1
253,26,2098,509,164,104,1,-1,-1,-1
253,27,1939,826,107,137,1,-1,-1,-1
254,16,1387,648,123,163,1,-1,-1,-1
254,17,1088,657,172,155,1,-1,-1,-1
254,20,1372,699,142,124,1,-1,-1,-1
254,21,1264,504,116,136,1,-1,-1,-1
254,23,1601,677,113,147,1,-1,-1,-1
254,24,1550,554,122,114,1,-1,-1,-1
254,25,2111,511,168,92,1,-1,-1,-1
254,26,2115,512,164,104,1,-1,-1,-1
254,27,1930,819,102,131,1,-1,-1,-1
255,16,1383,647,123,163,1,-1,-1,-1
255,17,1086,653,172,155,1,-1,-1,-1
255,20,1370,698,142,124,1,-1,-1,-1
255,21,1263,507,116,136,1,-1,-1,-1
255,23,1598,676,113,147,1,-1,-1,-1
255,24,1542,556,122,114,1,-1,-1,-1
255,25,2133,516,160,88,1,-1,-1,-1
255,26,2133,515,164,104,1,-1,-1,-1
255,27,1926,809,102,131,1,-1,-1,-1
256,16,1380,645,123,163,1,-1,-1,-1
256,17,1084,651,172,155,1,-1,-1,-1
256,20,1366,696,142,124,1,-1,-1,-1
256,21,1263,508,116,136,1,-1,-1,-1
256,23,1595,675,113,147,1,-1,-1,-1
256,24,1537,557,122,114,1,-1,-1,-1
256,25,2148,521,152,84,1,-1,-1,-1
256,26,2143,518,164,104,1,-1,-1,-1
256,27,1920,808,102,131,1,-1,-1,-1
257,16,1368,628,128,188,1,-1,-1,-1
257,17,1076,648,128,140,1,-1,-1,-1
257,20,1366,696,142,124,1,-1,-1,-1
257,21,1252,508,120,136,1,-1,-1,-1
257,23,1592,680,132,140,1,-1,-1,-1
257,24,1528,548,144,136,1,-1,-1,-1
257,25,2148,521,152,84,1,-1,-1,-1
257,26,2143,518,164,104,1,-1,-1,-1
257,27,1916,812,108,120,1,-1,-1,-1
258,16,1366,627,128,188,1,-1,-1,-1
258,17,1074,650,128,140,1,-1,-1,-1
258,20,1364,692,149,131,1,-1,-1,-1
258,21,1255,508,120,136,1,-1,-1,-1
258,23,1592,678,132,140,1,-1,-1,-1
258,24,1526,548,144,136,1,-1,-1,-1
258,25,2181,525,160,88,1,-1,-1,-1
258,26,2180,528,164,104,1,-1,-1,-1
258,27,1915,809,108,120,1,-1,-1,-1
259,16,1364,626,128,188,1,-1,-1,-1
259,17,1072,652,128,140,1,-1,-1,-1
259,20,1356,688,149,131,1,-1,-1,-1
259,21,1256,509,120,136,1,-1,-1,-1
259,23,1591,676,132,140,1,-1,-1,-1
259,24,1525,548,144,136,1,-1,-1,-1
259,25,2195,528,160,88,1,-1,-1,-1
259,26,2194,530,164,104,1,-1,-1,-1
259,27,1908,805,108,120,1,-1,-1,-1
260,16,1365,626,128,188,1,-1,-1,-1
260,17,1067,653,128,140,1,-1,-1,-1
260,20,1353,689,149,131,1,-1,-1,-1
260,21,1258,507,120,136,1,-1,-1,-1
260,23,1591,670,132,140,1,-1,-1,-1
260,24,1521,542,144,136,1,-1,-1,-1
260,25,2215,533,160,88,1,-1,-1,-1
260,26,2214,534,164,104,1,-1,-1,-1
260,27,1902,799,103,114,1,-1,-1,-1
261,16,1365,627,128,188,1,-1,-1,-1
261,17,1066,659,128,140,1,-1,-1,-1
261,20,1350,686,149,131,1,-1,-1,-1
261,21,1261,502,120,136,1,-1,-1,-1
261,23,1592,663,132,140,1,-1,-1,-1
261,24,1518,538,144,136,1,-1,-1,-1
261,25,2233,536,168,92,1,-1,-1,-1
261,26,2237,537,164,104,1,-1,-1,-1
261,27,1902,797,103,114,1,-1,-1,-1
262,16,1367,628,122,179,1,-1,-1,-1
262,17,1068,661,128,140,1,-1,-1,-1
262,20,1336,672,149,131,1,-1,-1,-1
262,21,1262,499,120,136,1,-1,-1,-1
262,23,1593,664,132,140,1,-1,-1,-1
262,24,1514,536,144,136,1,-1,-1,-1
262,25,2247,537,168,92,1,-1,-1,-1
262,26,2250,540,164,104,1,-1,-1,-1
262,27,1899,797,103,114,1,-1,-1,-1
263,16,1365,630,116,171,1,-1,-1,-1
263,17,1064,664,128,140,1,-1,-1,-1
263,20,1335,671,149,131,1,-1,-1,-1
263,21,1264,498,120,136,1,-1,-1,-1
263,23,1592,663,132,140,1,-1,-1,-1
263,24,1510,534,144,136,1,-1,-1,-1
263,25,2266,542,168,92,1,-1,-1,-1
263,26,2269,544,164,104,1,-1,-1,-1
263,27,1893,794,103,114,1,-1,-1,-1
264,16,1363,628,116,171,1,-1,-1,-1
264,17,1062,667,128,140,1,-1,-1,-1
264,20,1335,675,142,124,1,-1,-1,-1
264,21,1265,499,120,136,1,-1,-1,-1
264,23,1588,666,132,140,1,-1,-1,-1
264,24,1503,537,144,136,1,-1,-1,-1
264,25,2280,545,176,97,1,-1,-1,-1
264,26,2289,551,164,104,1,-1,-1,-1
264,27,1891,792,103,114,1,-1,-1,-1
265,16,1363,628,116,171,1,-1,-1,-1
265,17,1060,636,164,172,1,-1,-1,-1
265,20,1335,675,142,124,1,-1,-1,-1
265,21,1280,500,92,132,1,-1,-1,-1
265,23,1596,668,104,144,1,-1,-1,-1
265,24,1504,544,112,120,1,-1,-1,-1
265,25,2280,545,176,97,1,-1,-1,-1
265,26,2300,556,168,92,1,-1,-1,-1
265,27,1876,764,108,144,1,-1,-1,-1
266,16,1354,623,122,179,1,-1,-1,-1
266,17,1062,637,164,172,1,-1,-1,-1
266,20,1331,681,142,124,1,-1,-1,-1
266,21,1280,502,92,132,1,-1,-1,-1
266,23,1595,669,104,144,1,-1,-1,-1
266,24,1500,545,112,120,1,-1,-1,-1
266,25,2315,554,168,92,1,-1,-1,-1
266,26,2318,559,168,92,1,-1,-1,-1
266,27,1875,763,108,144,1,-1,-1,-1
267,16,1348,623,122,179,1,-1,-1,-1
267,17,1053,634,164,172,1,-1,-1,-1
267,20,1326,681,142,124,1,-1,-1,-1
267,21,1280,505,92,132,1,-1,-1,-1
267,23,1593,671,104,144,1,-1,-1,-1
267,24,1493,548,112,120,1,-1,-1,-1
267,25,2332,560,168,92,1,-1,-1,-1
267,26,2336,566,168,92,1,-1,-1,-1
267,27,1860,750,113,151,1,-1,-1,-1
268,16,1346,624,122,179,1,-1,-1,-1
268,17,1051,634,164,172,1,-1,-1,-1
268,20,1326,681,142,124,1,-1,-1,-1
268,21,1277,503,97,139,1,-1,-1,-1
268,23,1592,670,104,144,1,-1,-1,-1
268,24,1491,550,112,120,1,-1,-1,-1
268,25,2340,563,168,92,1,-1,-1,-1
268,26,2346,567,168,92,1,-1,-1,-1
268,27,1856,746,119,159,1,-1,-1,-1
269,16,1350,630,116,171,1,-1,-1,-1
269,17,1049,635,164,172,1,-1,-1,-1
269,20,1328,686,142,124,1,-1,-1,-1
269,21,1277,506,97,139,1,-1,-1,-1
269,23,1592,672,99,137,1,-1,-1,-1
269,24,1487,556,112,120,1,-1,-1,-1
269,25,2359,567,168,92,1,-1,-1,-1
269,26,2361,570,176,97,1,-1,-1,-1
269,27,1852,744,119,159,1,-1,-1,-1
270,16,1351,632,116,171,1,-1,-1,-1
270,17,1047,637,164,172,1,-1,-1,-1
270,20,1327,687,142,124,1,-1,-1,-1
270,21,1277,508,97,139,1,-1,-1,-1
270,23,1591,672,99,137,1,-1,-1,-1
270,24,1484,558,112,120,1,-1,-1,-1
270,25,2379,571,168,92,1,-1,-1,-1
270,26,2380,574,176,97,1,-1,-1,-1
270,27,1851,742,119,159,1,-1,-1,-1
271,16,1352,633,116,171,1,-1,-1,-1
271,17,1047,639,164,172,1,-1,-1,-1
271,20,1331,685,142,124,1,-1,-1,-1
271,21,1281,508,97,139,1,-1,-1,-1
271,23,1591,669,99,137,1,-1,-1,-1
271,24,1485,559,112,120,1,-1,-1,-1
271,25,2393,574,168,92,1,-1,-1,-1
271,26,2398,580,168,92,1,-1,-1,-1
271,27,1850,745,119,159,1,-1,-1,-1
272,16,1356,635,116,171,1,-1,-1,-1
272,17,1042,639,164,172,1,-1,-1,-1
272,20,1333,685,142,124,1,-1,-1,-1
272,21,1283,507,97,139,1,-1,-1,-1
272,23,1589,667,99,137,1,-1,-1,-1
272,24,1482,562,112,120,1,-1,-1,-1
272,25,2414,578,168,92,1,-1,-1,-1
272,26,2417,583,168,92,1,-1,-1,-1
272,27,1848,739,119,159,1,-1,-1,-1
273,16,1348,652,128,144,1,-1,-1,-1
273,17,1040,668,124,144,1,-1,-1,-1
273,20,1333,685,142,124,1,-1,-1,-1
273,21,1284,508,104,124,1,-1,-1,-1
273,23,1572,652,124,136,1,-1,-1,-1
273,24,1480,540,112,132,1,-1,-1,-1
273,25,2414,578,168,92,1,-1,-1,-1
273,26,2417,583,168,92,1,-1,-1,-1
273,27,1848,748,100,124,1,-1,-1,-1
274,16,1346,651,128,144,1,-1,-1,-1
274,17,1038,670,124,144,1,-1,-1,-1
274,20,1333,679,135,118,1,-1,-1,-1
274,21,1284,507,104,124,1,-1,-1,-1
274,23,1570,651,124,136,1,-1,-1,-1
274,24,1478,539,112,132,1,-1,-1,-1
274,25,2446,581,168,92,1,-1,-1,-1
274,26,2450,586,168,92,1,-1,-1,-1
274,27,1845,747,100,124,1,-1,-1,-1
275,16,1344,649,128,144,1,-1,-1,-1
275,17,1030,674,124,144,1,-1,-1,-1
275,20,1332,675,135,118,1,-1,-1,-1
275,21,1285,503,104,124,1,-1,-1,-1
275,23,1569,648,124,136,1,-1,-1,-1
275,24,1477,536,112,132,1,-1,-1,-1
275,25,2469,584,160,88,1,-1,-1,-1
275,26,2473,590,160,88,1,-1,-1,-1
275,27,1840,747,95,118,1,-1,-1,-1
276,16,1339,645,128,144,1,-1,-1,-1
276,17,1018,678,124,144,1,-1,-1,-1
276,20,1327,670,128,113,1,-1,-1,-1
276,21,1282,498,104,124,1,-1,-1,-1
276,23,1565,646,124,136,1,-1,-1,-1
276,24,1468,532,112,132,1,-1,-1,-1
276,25,2501,588,160,88,1,-1,-1,-1
276,26,2504,593,160,88,1,-1,-1,-1
276,27,1840,746,95,118,1,-1,-1,-1
277,16,1337,643,128,144,1,-1,-1,-1
277,17,1013,682,124,144,1,-1,-1,-1
277,20,1328,669,128,113,1,-1,-1,-1
277,21,1280,497,104,124,1,-1,-1,-1
277,23,1563,646,124,136,1,-1,-1,-1
277,24,1465,530,112,132,1,-1,-1,-1
277,27,1840,746,95,118,1,-1,-1,-1
278,16,1335,641,128,144,1,-1,-1,-1
278,17,1001,684,124,144,1,-1,-1,-1
278,20,1326,671,128,113,1,-1,-1,-1
278,21,1278,496,104,124,1,-1,-1,-1
278,23,1560,647,124,136,1,-1,-1,-1
278,24,1461,530,112,132,1,-1,-1,-1
278,27,1842,746,95,118,1,-1,-1,-1
279,16,1335,642,122,137,1,-1,-1,-1
279,17,991,684,130,151,1,-1,-1,-1
279,20,1328,675,122,107,1,-1,-1,-1
279,21,1277,495,104,124,1,-1,-1,-1
279,23,1560,647,124,136,1,-1,-1,-1
279,24,1456,531,112,132,1,-1,-1,-1
279,27,1840,744,100,124,1,-1,-1,-1
280,16,1333,644,122,137,1,-1,-1,-1
280,17,985,682,130,151,1,-1,-1,-1
280,20,1328,676,122,107,1,-1,-1,-1
280,21,1276,495,104,124,1,-1,-1,-1
280,23,1559,648,124,136,1,-1,-1,-1
280,24,1450,527,118,139,1,-1,-1,-1
280,27,1839,746,100,124,1,-1,-1,-1
281,16,1333,644,122,137,1,-1,-1,-1
281,17,972,688,140,148,1,-1,-1,-1
281,20,1328,676,122,107,1,-1,-1,-1
281,21,1272,496,96,128,1,-1,-1,-1
281,23,1560,648,140,160,1,-1,-1,-1
281,24,1444,540,112,120,1,-1,-1,-1
281,27,1836,744,136,140,1,-1,-1,-1
282,16,1325,645,122,137,1,-1,-1,-1
282,17,960,689,140,148,1,-1,-1,-1
282,20,1326,685,122,107,1,-1,-1,-1
282,21,1268,497,96,128,1,-1,-1,-1
282,23,1559,650,140,160,1,-1,-1,-1
282,24,1439,543,112,120,1,-1,-1,-1
282,27,1834,745,136,140,1,-1,-1,-1
283,16,1324,645,122,137,1,-1,-1,-1
283,17,951,687,140,148,1,-1,-1,-1
283,20,1326,685,122,107,1,-1,-1,-1
283,21,1267,498,96,128,1,-1,-1,-1
283,23,1559,649,140,160,1,-1,-1,-1
283,24,1437,543,112,120,1,-1,-1,-1
283,27,1834,745,136,140,1,-1,-1,-1
284,16,1321,645,128,144,1,-1,-1,-1
284,17,939,690,140,148,1,-1,-1,-1
284,20,1326,683,122,107,1,-1,-1,-1
284,21,1265,497,96,128,1,-1,-1,-1
284,23,1554,644,147,168,1,-1,-1,-1
284,24,1432,540,112,120,1,-1,-1,-1
284,27,1836,743,136,140,1,-1,-1,-1
285,16,1325,645,128,144,1,-1,-1,-1
285,17,931,692,140,148,1,-1,-1,-1
285,20,1329,681,122,107,1,-1,-1,-1
285,21,1266,493,96,128,1,-1,-1,-1
285,23,1560,645,147,168,1,-1,-1,-1
285,24,1433,537,112,120,1,-1,-1,-1
285,27,1840,742,136,140,1,-1,-1,-1
286,16,1333,648,122,137,1,-1,-1,-1
286,17,928,694,140,148,1,-1,-1,-1
286,20,1327,676,128,113,1,-1,-1,-1
286,21,1267,491,96,128,1,-1,-1,-1
286,23,1558,638,154,176,1,-1,-1,-1
286,24,1434,535,112,120,1,-1,-1,-1
286,27,1843,741,136,140,1,-1,-1,-1
287,16,1341,651,122,137,1,-1,-1,-1
287,17,922,694,147,155,1,-1,-1,-1
287,20,1337,678,128,113,1,-1,-1,-1
287,21,1271,487,96,128,1,-1,-1,-1
287,23,1564,637,147,168,1,-1,-1,-1
287,24,1438,531,112,120,1,-1,-1,-1
287,27,1852,741,136,140,1,-1,-1,-1
288,16,1343,642,122,137,1,-1,-1,-1
288,17,914,697,147,155,1,-1,-1,-1
288,20,1337,666,128,113,1,-1,-1,-1
288,21,1275,478,101,134,1,-1,-1,-1
288,23,1568,631,147,168,1,-1,-1,-1
288,24,1440,522,112,120,1,-1,-1,-1
288,27,1860,738,136,140,1,-1,-1,-1
289,16,1343,642,122,137,1,-1,-1,-1
289,17,914,697,147,155,1,-1,-1,-1
289,20,1337,666,128,113,1,-1,-1,-1
289,21,1275,478,101,134,1,-1,-1,-1
289,23,1568,631,147,168,1,-1,-1,-1
289,24,1436,508,136,156,1,-1,-1,-1
289,27,1860,738,136,140,1,-1,-1,-1
290,16,1355,635,122,137,1,-1,-1,-1
290,17,909,706,147,155,1,-1,-1,-1
290,20,1348,660,128,113,1,-1,-1,-1
290,21,1281,471,101,134,1,-1,-1,-1
290,23,1574,626,147,168,1,-1,-1,-1
290,24,1439,505,136,156,1,-1,-1,-1
290,27,1873,739,136,140,1,-1,-1,-1
291,16,1356,632,122,137,1,-1,-1,-1
291,17,906,710,140,148,1,-1,-1,-1
291,20,1351,657,128,113,1,-1,-1,-1
291,21,1284,469,101,134,1,-1,-1,-1
291,23,1576,624,147,168,1,-1,-1,-1
291,24,1443,502,136,156,1,-1,-1,-1
291,27,1875,739,136,140,1,-1,-1,-1
292,16,1354,628,128,144,1,-1,-1,-1
292,17,907,712,140,148,1,-1,-1,-1
292,20,1355,657,128,113,1,-1,-1,-1
292,21,1289,468,101,134,1,-1,-1,-1
292,23,1581,627,140,160,1,-1,-1,-1
292,24,1446,499,136,156,1,-1,-1,-1
292,27,1876,741,136,140,1,-1,-1,-1
293,16,1360,629,128,144,1,-1,-1,-1
293,17,914,715,133,141,1,-1,-1,-1
293,20,1361,658,128,113,1,-1,-1,-1
293,21,1292,464,106,141,1,-1,-1,-1
293,23,1587,626,140,160,1,-1,-1,-1
293,24,1450,498,136,156,1,-1,-1,-1
293,27,1883,742,136,140,1,-1,-1,-1
294,16,1366,632,128,144,1,-1,-1,-1
294,17,915,715,133,141,1,-1,-1,-1
294,20,1362,657,135,118,1,-1,-1,-1
294,21,1294,465,106,141,1,-1,-1,-1
294,23,1590,627,140,160,1,-1,-1,-1
294,24,1450,496,143,164,1,-1,-1,-1
294,27,1889,738,143,147,1,-1,-1,-1
295,16,1369,631,128,144,1,-1,-1,-1
295,17,916,714,127,134,1,-1,-1,-1
295,20,1364,658,135,118,1,-1,-1,-1
295,21,1297,465,106,141,1,-1,-1,-1
295,23,1592,629,140,160,1,-1,-1,-1
295,24,1452,498,143,164,1,-1,-1,-1
295,27,1894,738,143,147,1,-1,-1,-1
296,16,1385,641,128,144,1,-1,-1,-1
296,17,897,706,133,141,1,-1,-1,-1
296,20,1372,664,135,118,1,-1,-1,-1
296,21,1298,465,106,141,1,-1,-1,-1
296,23,1599,631,140,160,1,-1,-1,-1
296,24,1454,499,143,164,1,-1,-1,-1
296,27,1898,736,143,147,1,-1,-1,-1
297,16,1396,644,128,152,1,-1,-1,-1
297,17,897,706,133,141,1,-1,-1,-1
297,20,1372,664,135,118,1,-1,-1,-1
297,21,1284,472,156,156,1,-1,-1,-1
297,23,1588,620,176,188,1,-1,-1,-1
297,24,1464,496,136,168,1,-1,-1,-1
297,27,1896,728,152,164,1,-1,-1,-1
298,16,1400,646,128,152,1,-1,-1,-1
298,17,891,703,140,148,1,-1,-1,-1
298,20,1379,663,135,118,1,-1,-1,-1
298,21,1285,472,156,156,1,-1,-1,-1
298,23,1593,621,176,188,1,-1,-1,-1
298,24,1467,496,136,168,1,-1,-1,-1
298,27,1905,731,145,156,1,-1,-1,-1
299,16,1407,646,128,152,1,-1,-1,-1
299,20,1388,665,135,118,1,-1,-1,-1
299,21,1288,469,156,156,1,-1,-1,-1
299,23,1599,620,176,188,1,-1,-1,-1
299,24,1471,494,136,168,1,-1,-1,-1
299,27,1909,729,145,156,1,-1,-1,-1
300,16,1413,639,128,152,1,-1,-1,-1
300,20,1398,664,135,118,1,-1,-1,-1
300,21,1289,466,156,156,1,-1,-1,-1
300,23,1607,624,168,179,1,-1,-1,-1
300,24,1473,491,136,168,1,-1,-1,-1
300,27,1914,725,145,156,1,-1,-1,-1
301,16,1414,638,128,152,1,-1,-1,-1
301,20,1397,658,142,124,1,-1,-1,-1
301,21,1285,461,164,164,1,-1,-1,-1
301,23,1608,621,168,179,1,-1,-1,-1
301,24,1475,489,136,168,1,-1,-1,-1
301,27,1917,723,145,156,1,-1,-1,-1
302,16,1417,635,128,152,1,-1,-1,-1
302,20,1396,654,142,124,1,-1,-1,-1
302,21,1284,456,164,164,1,-1,-1,-1
302,23,1611,617,168,179,1,-1,-1,-1
302,24,1479,482,136,168,1,-1,-1,-1
302,27,1923,723,145,156,1,-1,-1,-1
303,16,1419,630,128,152,1,-1,-1,-1
303,20,1394,646,149,131,1,-1,-1,-1
303,21,1285,449,164,164,1,-1,-1,-1
303,23,1614,611,168,179,1,-1,-1,-1
303,24,1481,474,136,168,1,-1,-1,-1
303,27,1927,720,145,156,1,-1,-1,-1
304,16,1420,630,128,152,1,-1,-1,-1
304,20,1393,644,149,131,1,-1,-1,-1
304,21,1282,447,164,164,1,-1,-1,-1
304,23,1615,611,168,179,1,-1,-1,-1
304,24,1481,473,136,168,1,-1,-1,-1
304,27,1930,723,145,156,1,-1,-1,-1
305,16,1420,630,128,152,1,-1,-1,-1
305,20,1393,644,149,131,1,-1,-1,-1
305,21,1282,447,164,164,1,-1,-1,-1
305,23,1615,611,168,179,1,-1,-1,-1
305,24,1481,473,136,168,1,-1,-1,-1
305,27,1930,723,145,156,1,-1,-1,-1
306,16,1421,631,128,152,1,-1,-1,-1
306,20,1396,644,149,131,1,-1,-1,-1
306,21,1277,440,172,172,1,-1,-1,-1
306,23,1621,613,168,179,1,-1,-1,-1
306,24,1480,469,143,176,1,-1,-1,-1
306,27,1930,719,145,156,1,-1,-1,-1
307,16,1416,630,134,160,1,-1,-1,-1
307,20,1396,645,149,131,1,-1,-1,-1
307,21,1274,440,172,172,1,-1,-1,-1
307,23,1620,615,168,179,1,-1,-1,-1
307,24,1478,470,143,176,1,-1,-1,-1
307,27,1928,718,152,164,1,-1,-1,-1
308,16,1413,633,134,160,1,-1,-1,-1
308,20,1393,650,149,131,1,-1,-1,-1
308,21,1264,443,172,172,1,-1,-1,-1
308,23,1616,619,168,179,1,-1,-1,-1
308,24,1470,470,150,185,1,-1,-1,-1
308,27,1928,722,152,164,1,-1,-1,-1
309,16,1413,638,134,160,1,-1,-1,-1
309,20,1390,655,149,131,1,-1,-1,-1
309,21,1255,447,172,172,1,-1,-1,-1
309,23,1610,618,176,188,1,-1,-1,-1
309,24,1461,473,150,185,1,-1,-1,-1
309,27,1918,721,152,164,1,-1,-1,-1
310,16,1410,641,134,160,1,-1,-1,-1
310,20,1390,658,149,131,1,-1,-1,-1
310,21,1248,449,172,172,1,-1,-1,-1
310,23,1600,617,185,197,1,-1,-1,-1
310,24,1455,475,150,185,1,-1,-1,-1
310,27,1913,721,152,164,1,-1,-1,-1
311,16,1402,646,134,160,1,-1,-1,-1
311,20,1378,661,149,131,1,-1,-1,-1
311,21,1234,452,172,172,1,-1,-1,-1
311,23,1591,621,185,197,1,-1,-1,-1
311,24,1448,480,150,185,1,-1,-1,-1
311,27,1897,722,152,164,1,-1,-1,-1
312,16,1398,650,134,160,1,-1,-1,-1
312,20,1373,667,149,131,1,-1,-1,-1
312,21,1224,456,172,172,1,-1,-1,-1
312,23,1578,619,194,207,1,-1,-1,-1
312,24,1436,482,150,185,1,-1,-1,-1
312,27,1886,722,152,164,1,-1,-1,-1
313,16,1398,650,134,160,1,-1,-1,-1
313,20,1373,667,149,131,1,-1,-1,-1
313,21,1212,444,168,192,1,-1,-1,-1
313,23,1578,619,194,207,1,-1,-1,-1
313,24,1436,482,150,185,1,-1,-1,-1
313,27,1876,724,148,164,1,-1,-1,-1
314,16,1390,650,134,160,1,-1,-1,-1
314,20,1370,668,149,131,1,-1,-1,-1
314,21,1206,448,168,192,1,-1,-1,-1
314,23,1567,624,185,197,1,-1,-1,-1
314,24,1418,483,150,185,1,-1,-1,-1
314,27,1864,722,148,164,1,-1,-1,-1
315,16,1385,648,134,160,1,-1,-1,-1
315,20,1364,667,149,131,1,-1,-1,-1
315,21,1194,449,168,192,1,-1,-1,-1
315,23,1559,623,185,197,1,-1,-1,-1
315,24,1408,485,150,185,1,-1,-1,-1
315,27,1851,720,148,164,1,-1,-1,-1
316,16,1376,643,141,168,1,-1,-1,-1
316,20,1355,662,149,131,1,-1,-1,-1
316,21,1189,449,168,192,1,-1,-1,-1
316,23,1549,619,185,197,1,-1,-1,-1
316,24,1403,487,150,185,1,-1,-1,-1
316,27,1844,723,141,156,1,-1,-1,-1
317,16,1362,640,141,168,1,-1,-1,-1
317,20,1343,657,149,131,1,-1,-1,-1
317,21,1173,446,168,192,1,-1,-1,-1
317,23,1533,614,185,197,1,-1,-1,-1
317,24,1388,484,150,185,1,-1,-1,-1
317,27,1823,722,141,156,1,-1,-1,-1
318,16,1350,633,141,168,1,-1,-1,-1
318,20,1332,654,149,131,1,-1,-1,-1
318,21,1161,443,168,192,1,-1,-1,-1
318,23,1518,611,185,197,1,-1,-1,-1
318,24,1374,483,150,185,1,-1,-1,-1
318,27,1814,732,134,149,1,-1,-1,-1
319,16,1345,631,141,168,1,-1,-1,-1
319,20,1327,654,149,131,1,-1,-1,-1
319,21,1156,443,168,192,1,-1,-1,-1
319,23,1513,611,185,197,1,-1,-1,-1
319,24,1366,482,150,185,1,-1,-1,-1
319,27,1809,732,134,149,1,-1,-1,-1
320,16,1333,634,141,168,1,-1,-1,-1
320,20,1317,658,149,131,1,-1,-1,-1
320,21,1145,446,168,192,1,-1,-1,-1
320,23,1503,615,185,197,1,-1,-1,-1
320,24,1351,487,150,185,1,-1,-1,-1
320,27,1799,743,134,149,1,-1,-1,-1
321,16,1333,634,141,168,1,-1,-1,-1
321,20,1317,658,149,131,1,-1,-1,-1
321,21,1145,446,168,192,1,-1,-1,-1
321,23,1496,620,156,216,1,-1,-1,-1
321,24,1351,487,150,185,1,-1,-1,-1
321,27,1780,712,144,204,1,-1,-1,-1
321,28,788,664,128,224,1,-1,-1,-1
322,16,1323,642,141,168,1,-1,-1,-1
322,20,1304,664,149,131,1,-1,-1,-1
322,21,1126,455,168,192,1,-1,-1,-1
322,23,1492,622,156,216,1,-1,-1,-1
322,24,1333,499,150,185,1,-1,-1,-1
322,27,1776,712,144,204,1,-1,-1,-1
322,28,788,664,128,224,1,-1,-1,-1
323,16,1310,644,141,168,1,-1,-1,-1
323,20,1294,667,149,131,1,-1,-1,-1
323,21,1111,460,168,192,1,-1,-1,-1
323,23,1481,626,156,216,1,-1,-1,-1
323,24,1318,501,150,185,1,-1,-1,-1
323,27,1760,709,144,204,1,-1,-1,-1
323,28,784,658,134,235,1,-1,-1,-1
324,16,1302,649,141,168,1,-1,-1,-1
324,20,1282,670,149,131,1,-1,-1,-1
324,21,1096,467,168,192,1,-1,-1,-1
324,23,1466,627,156,216,1,-1,-1,-1
324,24,1301,508,150,185,1,-1,-1,-1
324,27,1747,713,137,194,1,-1,-1,-1
324,28,782,659,134,235,1,-1,-1,-1
325,16,1299,650,141,168,1,-1,-1,-1
325,20,1279,673,149,131,1,-1,-1,-1
325,21,1089,468,168,192,1,-1,-1,-1
325,23,1459,628,156,216,1,-1,-1,-1
325,24,1296,508,150,185,1,-1,-1,-1
325,27,1746,719,131,185,1,-1,-1,-1
325,28,781,659,134,235,1,-1,-1,-1
326,16,1289,645,141,168,1,-1,-1,-1
326,20,1272,672,149,131,1,-1,-1,-1
326,21,1073,467,168,192,1,-1,-1,-1
326,23,1446,625,156,216,1,-1,-1,-1
326,24,1282,511,150,185,1,-1,-1,-1
326,27,1727,716,131,185,1,-1,-1,-1
326,28,773,650,141,247,1,-1,-1,-1
327,16,1277,643,141,168,1,-1,-1,-1
327,20,1256,665,149,131,1,-1,-1,-1
327,21,1064,474,160,183,1,-1,-1,-1
327,23,1438,631,156,216,1,-1,-1,-1
327,24,1265,512,150,185,1,-1,-1,-1
327,27,1708,714,131,185,1,-1,-1,-1
327,28,768,650,141,247,1,-1,-1,-1
328,16,1272,644,141,168,1,-1,-1,-1
328,20,1251,664,149,131,1,-1,-1,-1
328,21,1063,476,160,183,1,-1,-1,-1
328,23,1430,629,156,216,1,-1,-1,-1
328,24,1258,513,150,185,1,-1,-1,-1
328,27,1699,715,131,185,1,-1,-1,-1
328,28,765,650,141,247,1,-1,-1,-1
329,16,1272,644,141,168,1,-1,-1,-1
329,20,1251,664,149,131,1,-1,-1,-1
329,21,1063,476,160,183,1,-1,-1,-1
329,23,1430,629,156,216,1,-1,-1,-1
329,24,1258,513,150,185,1,-1,-1,-1
329,27,1699,715,131,185,1,-1,-1,-1
329,28,765,650,141,247,1,-1,-1,-1
