1,0,2276,512,280,196,1,-1,-1,-1
1,1,1756,612,240,132,1,-1,-1,-1
1,2,1136,620,296,140,1,-1,-1,-1
1,3,900,624,236,136,1,-1,-1,-1
2,0,2265,512,280,196,1,-1,-1,-1
2,1,1751,613,240,132,1,-1,-1,-1
2,2,1137,620,296,140,1,-1,-1,-1
2,3,903,625,236,136,1,-1,-1,-1
3,0,2253,515,280,196,1,-1,-1,-1
3,1,1745,614,240,132,1,-1,-1,-1
3,2,1144,621,296,140,1,-1,-1,-1
3,3,918,626,236,136,1,-1,-1,-1
4,0,2232,520,267,187,1,-1,-1,-1
4,1,1728,616,240,132,1,-1,-1,-1
4,2,1145,623,296,140,1,-1,-1,-1
4,3,928,626,236,136,1,-1,-1,-1
5,0,2223,525,254,178,1,-1,-1,-1
5,1,1728,620,229,126,1,-1,-1,-1
5,2,1146,626,296,140,1,-1,-1,-1
5,3,926,627,236,136,1,-1,-1,-1
6,0,2210,525,254,178,1,-1,-1,-1
6,1,1721,621,229,126,1,-1,-1,-1
6,2,1146,626,296,140,1,-1,-1,-1
6,3,935,625,236,136,1,-1,-1,-1
7,0,2206,527,254,178,1,-1,-1,-1
7,1,1715,624,229,126,1,-1,-1,-1
7,2,1149,627,296,140,1,-1,-1,-1
7,3,939,628,236,136,1,-1,-1,-1
8,0,2204,525,254,178,1,-1,-1,-1
8,1,1711,624,229,126,1,-1,-1,-1
8,2,1166,629,282,133,1,-1,-1,-1
8,3,947,633,225,130,1,-1,-1,-1
9,0,2208,528,280,184,1,-1,-1,-1
9,1,1716,628,224,120,1,-1,-1,-1
9,2,1224,624,224,124,1,-1,-1,-1
9,3,948,616,256,136,1,-1,-1,-1
9,4,608,632,216,112,1,-1,-1,-1
10,0,2212,526,280,184,1,-1,-1,-1
10,1,1716,628,224,120,1,-1,-1,-1
10,2,1226,624,224,124,1,-1,-1,-1
10,3,949,616,256,136,1,-1,-1,-1
10,4,610,632,216,112,1,-1,-1,-1
11,0,2217,527,280,184,1,-1,-1,-1
11,1,1719,628,224,120,1,-1,-1,-1
11,2,1229,624,224,124,1,-1,-1,-1
11,3,951,617,256,136,1,-1,-1,-1
11,4,614,632,216,112,1,-1,-1,-1
12,0,2228,526,280,184,1,-1,-1,-1
12,1,1725,627,224,120,1,-1,-1,-1
12,2,1234,625,224,124,1,-1,-1,-1
12,3,945,613,269,143,1,-1,-1,-1
12,4,615,633,216,112,1,-1,-1,-1
13,0,2240,530,267,175,1,-1,-1,-1
13,1,1730,628,224,120,1,-1,-1,-1
13,2,1237,626,224,124,1,-1,-1,-1
13,3,945,613,269,143,1,-1,-1,-1
13,4,615,634,216,112,1,-1,-1,-1
14,0,2247,530,267,175,1,-1,-1,-1
14,1,1733,628,224,120,1,-1,-1,-1
14,2,1239,627,224,124,1,-1,-1,-1
14,3,950,614,269,143,1,-1,-1,-1
14,4,617,635,216,112,1,-1,-1,-1
15,0,2251,529,267,175,1,-1,-1,-1
15,1,1736,629,224,120,1,-1,-1,-1
15,2,1242,629,224,124,1,-1,-1,-1
15,3,948,612,269,143,1,-1,-1,-1
15,4,617,636,216,112,1,-1,-1,-1
16,0,2253,526,267,175,1,-1,-1,-1
16,1,1736,628,235,126,1,-1,-1,-1
16,2,1247,631,224,124,1,-1,-1,-1
16,3,956,612,269,143,1,-1,-1,-1
16,4,624,636,216,112,1,-1,-1,-1
17,0,2276,532,272,152,1,-1,-1,-1
17,1,1736,632,240,112,1,-1,-1,-1
17,2,1200,624,288,136,1,-1,-1,-1
17,3,956,612,269,143,1,-1,-1,-1
17,4,596,644,260,144,1,-1,-1,-1
17,5,1044,636,228,104,1,-1,-1,-1
18,0,2284,532,272,152,1,-1,-1,-1
18,1,1735,630,252,118,1,-1,-1,-1
18,2,1206,627,288,136,1,-1,-1,-1
18,3,955,614,256,136,1,-1,-1,-1
18,4,599,644,260,144,1,-1,-1,-1
18,5,1051,639,228,104,1,-1,-1,-1
19,0,2289,533,272,152,1,-1,-1,-1
19,1,1738,632,252,118,1,-1,-1,-1
19,2,1209,630,288,136,1,-1,-1,-1
19,3,956,615,256,136,1,-1,-1,-1
19,4,603,647,260,144,1,-1,-1,-1
19,5,1051,639,228,104,1,-1,-1,-1
20,0,2291,534,272,152,1,-1,-1,-1
20,1,1740,633,252,118,1,-1,-1,-1
20,2,1213,633,288,136,1,-1,-1,-1
20,3,953,618,256,136,1,-1,-1,-1
20,4,600,647,260,144,1,-1,-1,-1
20,5,1062,643,217,99,1,-1,-1,-1
21,0,2310,533,272,152,1,-1,-1,-1
21,1,1765,637,240,112,1,-1,-1,-1
21,2,1236,633,288,136,1,-1,-1,-1
21,3,964,621,256,136,1,-1,-1,-1
21,4,615,648,260,144,1,-1,-1,-1
21,5,1075,643,217,99,1,-1,-1,-1
22,0,2318,542,259,145,1,-1,-1,-1
22,1,1767,630,252,118,1,-1,-1,-1
22,2,1245,633,288,136,1,-1,-1,-1
22,3,968,622,256,136,1,-1,-1,-1
22,4,628,650,260,144,1,-1,-1,-1
22,5,1084,642,228,104,1,-1,-1,-1
23,0,2322,545,259,145,1,-1,-1,-1
23,1,1776,629,252,118,1,-1,-1,-1
23,2,1259,635,274,130,1,-1,-1,-1
23,3,977,625,256,136,1,-1,-1,-1
23,4,635,651,260,144,1,-1,-1,-1
23,5,1090,643,228,104,1,-1,-1,-1
24,0,2329,544,259,145,1,-1,-1,-1
24,1,1797,630,240,112,1,-1,-1,-1
24,2,1287,640,261,123,1,-1,-1,-1
24,3,994,625,256,136,1,-1,-1,-1
24,4,646,652,260,144,1,-1,-1,-1
24,5,1099,642,239,109,1,-1,-1,-1
25,0,2329,544,259,145,1,-1,-1,-1
25,1,1816,604,220,152,1,-1,-1,-1
25,2,1287,640,261,123,1,-1,-1,-1
25,3,994,625,256,136,1,-1,-1,-1
25,4,646,652,260,144,1,-1,-1,-1
25,5,1099,642,239,109,1,-1,-1,-1
26,0,2376,541,259,145,1,-1,-1,-1
26,1,1843,604,220,152,1,-1,-1,-1
26,2,1326,640,274,130,1,-1,-1,-1
26,3,1030,630,256,136,1,-1,-1,-1
26,4,694,651,260,144,1,-1,-1,-1
26,5,1126,647,239,109,1,-1,-1,-1
27,0,2385,538,259,145,1,-1,-1,-1
27,1,1860,608,220,152,1,-1,-1,-1
27,2,1341,640,274,130,1,-1,-1,-1
27,3,1048,629,256,136,1,-1,-1,-1
27,4,708,649,260,144,1,-1,-1,-1
27,5,1141,650,228,104,1,-1,-1,-1
28,0,2408,539,259,145,1,-1,-1,-1
28,1,1873,608,220,152,1,-1,-1,-1
28,2,1359,641,274,130,1,-1,-1,-1
28,3,1059,633,256,136,1,-1,-1,-1
28,4,730,652,248,137,1,-1,-1,-1
28,5,1155,646,239,109,1,-1,-1,-1
29,0,2414,541,259,145,1,-1,-1,-1
29,1,1889,609,220,152,1,-1,-1,-1
29,2,1371,633,274,130,1,-1,-1,-1
29,3,1071,634,256,136,1,-1,-1,-1
29,4,743,655,248,137,1,-1,-1,-1
29,5,1174,645,251,115,1,-1,-1,-1
30,1,1912,611,220,152,1,-1,-1,-1
30,2,1380,630,274,130,1,-1,-1,-1
30,3,1088,627,269,143,1,-1,-1,-1
30,4,768,657,248,137,1,-1,-1,-1
30,5,1193,647,251,115,1,-1,-1,-1
31,1,1920,610,231,160,1,-1,-1,-1
31,2,1369,629,274,130,1,-1,-1,-1
31,3,1094,628,269,143,1,-1,-1,-1
31,4,787,658,248,137,1,-1,-1,-1
31,5,1197,646,251,115,1,-1,-1,-1
32,1,1928,611,231,160,1,-1,-1,-1
32,2,1380,630,274,130,1,-1,-1,-1
32,3,1107,628,269,143,1,-1,-1,-1
32,4,806,653,248,137,1,-1,-1,-1
32,5,1205,646,251,115,1,-1,-1,-1
33,1,1936,632,244,128,1,-1,-1,-1
33,2,1380,630,274,130,1,-1,-1,-1
33,3,1107,628,269,143,1,-1,-1,-1
33,4,876,648,184,124,1,-1,-1,-1
33,5,1205,646,251,115,1,-1,-1,-1
33,6,524,636,220,112,1,-1,-1,-1
34,1,1953,632,244,128,1,-1,-1,-1
34,2,1437,629,274,130,1,-1,-1,-1
34,3,1124,625,269,143,1,-1,-1,-1
34,4,892,648,184,124,1,-1,-1,-1
34,5,1230,646,251,115,1,-1,-1,-1
34,6,540,636,220,112,1,-1,-1,-1
35,1,1958,632,244,128,1,-1,-1,-1
35,2,1468,640,261,123,1,-1,-1,-1
35,3,1127,628,269,143,1,-1,-1,-1
35,4,901,648,184,124,1,-1,-1,-1
35,5,1233,644,251,115,1,-1,-1,-1
35,6,549,637,220,112,1,-1,-1,-1
36,1,1965,631,244,128,1,-1,-1,-1
36,2,1478,639,261,123,1,-1,-1,-1
36,3,1132,625,269,143,1,-1,-1,-1
36,4,908,647,184,124,1,-1,-1,-1
36,5,1241,644,239,109,1,-1,-1,-1
36,6,557,639,210,107,1,-1,-1,-1
37,1,1972,631,244,128,1,-1,-1,-1
37,2,1484,643,261,123,1,-1,-1,-1
37,3,1137,628,269,143,1,-1,-1,-1
37,4,912,649,184,124,1,-1,-1,-1
37,5,1249,647,228,104,1,-1,-1,-1
37,6,558,638,220,112,1,-1,-1,-1
38,1,1986,630,244,128,1,-1,-1,-1
38,2,1492,644,274,130,1,-1,-1,-1
38,3,1146,632,256,136,1,-1,-1,-1
38,4,927,646,184,124,1,-1,-1,-1
38,5,1260,645,228,104,1,-1,-1,-1
38,6,571,636,220,112,1,-1,-1,-1
39,1,1991,628,244,128,1,-1,-1,-1
39,2,1514,649,274,130,1,-1,-1,-1
39,3,1151,631,256,136,1,-1,-1,-1
39,4,930,643,193,130,1,-1,-1,-1
39,5,1261,646,228,104,1,-1,-1,-1
39,6,572,637,220,112,1,-1,-1,-1
40,1,1995,627,244,128,1,-1,-1,-1
40,2,1517,646,274,130,1,-1,-1,-1
40,3,1153,632,256,136,1,-1,-1,-1
40,4,940,642,193,130,1,-1,-1,-1
40,5,1264,647,228,104,1,-1,-1,-1
40,6,579,638,220,112,1,-1,-1,-1
41,1,2004,624,244,132,1,-1,-1,-1
41,2,1517,646,274,130,1,-1,-1,-1
41,3,1153,632,256,136,1,-1,-1,-1
41,4,968,636,228,140,1,-1,-1,-1
41,5,1264,647,228,104,1,-1,-1,-1
41,6,579,638,220,112,1,-1,-1,-1
41,7,88,656,204,140,1,-1,-1,-1
41,8,364,624,156,168,1,-1,-1,-1
41,9,704,628,172,128,1,-1,-1,-1
42,1,2005,619,256,139,1,-1,-1,-1
42,2,1535,649,261,123,1,-1,-1,-1
42,3,1165,633,256,136,1,-1,-1,-1
42,4,980,635,228,140,1,-1,-1,-1
42,5,1270,649,217,99,1,-1,-1,-1
42,6,592,636,231,118,1,-1,-1,-1
42,7,93,655,204,140,1,-1,-1,-1
42,8,370,624,156,168,1,-1,-1,-1
42,9,710,627,172,128,1,-1,-1,-1
43,1,2011,617,256,139,1,-1,-1,-1
43,2,1538,650,261,123,1,-1,-1,-1
43,3,1165,632,256,136,1,-1,-1,-1
43,4,983,633,228,140,1,-1,-1,-1
43,5,1277,652,207,94,1,-1,-1,-1
43,6,594,636,231,118,1,-1,-1,-1
43,7,98,654,204,140,1,-1,-1,-1
43,8,375,625,156,168,1,-1,-1,-1
43,9,715,627,172,128,1,-1,-1,-1
44,1,2017,615,256,139,1,-1,-1,-1
44,2,1553,654,249,117,1,-1,-1,-1
44,3,1165,633,256,136,1,-1,-1,-1
44,4,995,635,217,133,1,-1,-1,-1
44,5,1278,652,207,94,1,-1,-1,-1
44,6,598,635,231,118,1,-1,-1,-1
44,7,102,656,204,140,1,-1,-1,-1
44,8,378,627,156,168,1,-1,-1,-1
44,9,721,627,172,128,1,-1,-1,-1
45,1,2021,614,256,139,1,-1,-1,-1
45,2,1560,653,249,117,1,-1,-1,-1
45,3,1165,633,256,136,1,-1,-1,-1
45,4,1000,633,217,133,1,-1,-1,-1
45,5,1280,652,207,94,1,-1,-1,-1
45,6,602,635,231,118,1,-1,-1,-1
45,7,106,658,204,140,1,-1,-1,-1
45,8,382,628,156,168,1,-1,-1,-1
45,9,723,628,172,128,1,-1,-1,-1
46,1,2034,612,256,139,1,-1,-1,-1
46,2,1566,654,249,117,1,-1,-1,-1
46,3,1171,633,256,136,1,-1,-1,-1
46,4,1008,633,217,133,1,-1,-1,-1
46,5,1279,652,207,94,1,-1,-1,-1
46,6,616,631,231,118,1,-1,-1,-1
46,7,112,661,204,140,1,-1,-1,-1
46,8,392,628,156,168,1,-1,-1,-1
46,9,732,626,172,128,1,-1,-1,-1
47,1,2037,611,256,139,1,-1,-1,-1
47,2,1570,652,249,117,1,-1,-1,-1
47,3,1175,631,256,136,1,-1,-1,-1
47,4,1007,627,217,133,1,-1,-1,-1
47,5,1283,652,207,94,1,-1,-1,-1
47,6,615,632,231,118,1,-1,-1,-1
47,7,116,664,204,140,1,-1,-1,-1
47,8,396,627,156,168,1,-1,-1,-1
47,9,734,626,172,128,1,-1,-1,-1
48,1,2042,609,256,139,1,-1,-1,-1
48,2,1567,649,261,123,1,-1,-1,-1
48,3,1176,629,256,136,1,-1,-1,-1
48,4,1014,631,207,127,1,-1,-1,-1
48,5,1282,650,207,94,1,-1,-1,-1
48,6,619,629,231,118,1,-1,-1,-1
48,7,126,671,194,133,1,-1,-1,-1
48,8,400,629,156,168,1,-1,-1,-1
48,9,732,623,181,134,1,-1,-1,-1
49,1,2064,608,244,148,1,-1,-1,-1
49,2,1567,649,261,123,1,-1,-1,-1
49,3,1176,629,256,136,1,-1,-1,-1
49,4,1014,631,207,127,1,-1,-1,-1
49,5,1282,650,207,94,1,-1,-1,-1
49,6,619,629,231,118,1,-1,-1,-1
49,7,126,671,194,133,1,-1,-1,-1
49,8,400,629,156,168,1,-1,-1,-1
49,9,732,623,181,134,1,-1,-1,-1
50,1,2070,609,244,148,1,-1,-1,-1
50,2,1582,650,261,123,1,-1,-1,-1
50,3,1170,625,269,143,1,-1,-1,-1
50,4,1032,634,197,121,1,-1,-1,-1
50,5,1278,650,207,94,1,-1,-1,-1
50,6,641,630,220,112,1,-1,-1,-1
50,7,132,671,194,133,1,-1,-1,-1
50,8,413,631,156,168,1,-1,-1,-1
50,9,736,625,181,134,1,-1,-1,-1
51,1,2074,609,244,148,1,-1,-1,-1
51,2,1580,651,261,123,1,-1,-1,-1
51,3,1172,626,269,143,1,-1,-1,-1
51,4,1036,634,197,121,1,-1,-1,-1
51,5,1279,651,207,94,1,-1,-1,-1
51,6,652,632,210,107,1,-1,-1,-1
51,7,132,672,194,133,1,-1,-1,-1
51,8,419,630,156,168,1,-1,-1,-1
51,9,742,623,181,134,1,-1,-1,-1
52,1,2078,610,244,148,1,-1,-1,-1
52,2,1578,647,274,130,1,-1,-1,-1
52,3,1170,624,269,143,1,-1,-1,-1
52,4,1037,634,197,121,1,-1,-1,-1
52,5,1282,651,207,94,1,-1,-1,-1
52,6,653,633,210,107,1,-1,-1,-1
52,7,137,673,194,133,1,-1,-1,-1
52,8,434,640,156,168,1,-1,-1,-1
52,9,748,625,172,128,1,-1,-1,-1
53,1,2084,610,244,148,1,-1,-1,-1
53,2,1573,642,288,136,1,-1,-1,-1
53,3,1169,623,269,143,1,-1,-1,-1
53,4,1034,632,207,127,1,-1,-1,-1
53,5,1281,650,207,94,1,-1,-1,-1
53,6,659,636,200,102,1,-1,-1,-1
53,7,140,676,185,127,1,-1,-1,-1
53,8,438,644,156,168,1,-1,-1,-1
53,9,764,623,172,128,1,-1,-1,-1
54,1,2091,607,244,148,1,-1,-1,-1
54,2,1577,637,288,136,1,-1,-1,-1
54,3,1178,628,256,136,1,-1,-1,-1
54,4,1032,631,207,127,1,-1,-1,-1
54,5,1277,648,217,99,1,-1,-1,-1
54,6,667,632,210,107,1,-1,-1,-1
54,7,145,677,185,127,1,-1,-1,-1
54,8,432,640,164,176,1,-1,-1,-1
54,9,782,629,164,122,1,-1,-1,-1
55,1,2094,605,244,148,1,-1,-1,-1
55,2,1581,634,288,136,1,-1,-1,-1
55,3,1180,627,256,136,1,-1,-1,-1
55,4,1034,630,207,127,1,-1,-1,-1
55,5,1278,648,217,99,1,-1,-1,-1
55,6,674,636,200,102,1,-1,-1,-1
55,7,148,676,185,127,1,-1,-1,-1
55,8,434,642,164,176,1,-1,-1,-1
55,9,782,631,164,122,1,-1,-1,-1
56,1,2099,603,244,148,1,-1,-1,-1
56,2,1581,635,288,136,1,-1,-1,-1
56,3,1179,627,256,136,1,-1,-1,-1
56,4,1040,631,207,127,1,-1,-1,-1
56,5,1281,649,217,99,1,-1,-1,-1
56,6,669,638,200,102,1,-1,-1,-1
56,7,149,678,185,127,1,-1,-1,-1
56,8,433,641,164,176,1,-1,-1,-1
56,9,786,632,164,122,1,-1,-1,-1
57,1,2108,588,236,168,1,-1,-1,-1
57,2,1596,624,288,152,1,-1,-1,-1
57,3,1179,627,256,136,1,-1,-1,-1
57,4,1092,624,172,140,1,-1,-1,-1
57,5,1281,649,217,99,1,-1,-1,-1
57,6,669,638,200,102,1,-1,-1,-1
57,7,156,672,196,124,1,-1,-1,-1
57,8,433,641,164,176,1,-1,-1,-1
57,9,786,632,164,122,1,-1,-1,-1
57,10,728,656,200,140,1,-1,-1,-1
58,1,2114,587,236,168,1,-1,-1,-1
58,2,1599,624,288,152,1,-1,-1,-1
58,3,1178,629,256,136,1,-1,-1,-1
58,4,1094,625,172,140,1,-1,-1,-1
58,5,1281,650,217,99,1,-1,-1,-1
58,6,668,639,200,102,1,-1,-1,-1
58,7,162,671,196,124,1,-1,-1,-1
58,8,441,645,164,176,1,-1,-1,-1
58,9,789,635,164,122,1,-1,-1,-1
58,10,728,656,200,140,1,-1,-1,-1
59,1,2119,586,236,168,1,-1,-1,-1
59,2,1605,625,288,152,1,-1,-1,-1
59,3,1176,629,256,136,1,-1,-1,-1
59,4,1094,628,172,140,1,-1,-1,-1
59,5,1281,651,217,99,1,-1,-1,-1
59,6,667,640,200,102,1,-1,-1,-1
59,7,163,672,196,124,1,-1,-1,-1
59,8,440,641,164,176,1,-1,-1,-1
59,9,792,636,164,122,1,-1,-1,-1
59,10,729,658,200,140,1,-1,-1,-1
60,1,2122,587,236,168,1,-1,-1,-1
60,2,1607,624,288,152,1,-1,-1,-1
60,3,1178,630,256,136,1,-1,-1,-1
60,4,1096,629,172,140,1,-1,-1,-1
60,5,1281,652,217,99,1,-1,-1,-1
60,6,663,639,210,107,1,-1,-1,-1
60,7,165,672,196,124,1,-1,-1,-1
60,8,448,647,164,176,1,-1,-1,-1
60,9,792,636,164,122,1,-1,-1,-1
60,10,732,658,200,140,1,-1,-1,-1
61,1,2126,587,236,168,1,-1,-1,-1
61,2,1610,623,288,152,1,-1,-1,-1
61,3,1175,630,256,136,1,-1,-1,-1
61,4,1095,629,172,140,1,-1,-1,-1
61,5,1280,652,217,99,1,-1,-1,-1
61,6,666,639,210,107,1,-1,-1,-1
61,7,171,674,187,118,1,-1,-1,-1
61,8,450,652,164,176,1,-1,-1,-1
61,9,794,636,164,122,1,-1,-1,-1
61,10,732,658,200,140,1,-1,-1,-1
62,1,2135,588,236,168,1,-1,-1,-1
62,2,1615,624,288,152,1,-1,-1,-1
62,3,1174,629,256,136,1,-1,-1,-1
62,4,1097,629,172,140,1,-1,-1,-1
62,5,1278,653,217,99,1,-1,-1,-1
62,6,670,639,210,107,1,-1,-1,-1
62,7,177,675,187,118,1,-1,-1,-1
62,8,465,641,164,176,1,-1,-1,-1
62,9,794,635,164,122,1,-1,-1,-1
62,10,735,659,200,140,1,-1,-1,-1
63,1,2136,585,248,176,1,-1,-1,-1
63,2,1619,625,288,152,1,-1,-1,-1
63,3,1173,628,256,136,1,-1,-1,-1
63,4,1100,629,172,140,1,-1,-1,-1
63,5,1279,654,217,99,1,-1,-1,-1
63,6,679,642,210,107,1,-1,-1,-1
63,7,179,675,187,118,1,-1,-1,-1
63,8,473,645,156,168,1,-1,-1,-1
63,9,796,634,164,122,1,-1,-1,-1
63,10,735,659,200,140,1,-1,-1,-1
64,1,2141,586,248,176,1,-1,-1,-1
64,2,1611,622,302,160,1,-1,-1,-1
64,3,1172,630,256,136,1,-1,-1,-1
64,4,1099,628,172,140,1,-1,-1,-1
64,5,1276,654,217,99,1,-1,-1,-1
64,6,683,644,210,107,1,-1,-1,-1
64,7,174,672,196,124,1,-1,-1,-1
64,8,466,639,164,176,1,-1,-1,-1
64,9,797,634,164,122,1,-1,-1,-1
64,10,734,660,200,140,1,-1,-1,-1
65,1,2140,596,268,156,1,-1,-1,-1
65,2,1611,622,302,160,1,-1,-1,-1
65,3,1172,630,256,136,1,-1,-1,-1
65,4,1084,628,204,136,1,-1,-1,-1
65,5,1276,654,217,99,1,-1,-1,-1
65,6,683,644,210,107,1,-1,-1,-1
65,7,208,692,184,100,1,-1,-1,-1
65,8,466,639,164,176,1,-1,-1,-1
65,9,797,634,164,122,1,-1,-1,-1
65,10,776,652,168,128,1,-1,-1,-1
65,11,0,676,120,116,1,-1,-1,-1
66,1,2145,598,268,156,1,-1,-1,-1
66,2,1622,622,302,160,1,-1,-1,-1
66,3,1170,630,256,136,1,-1,-1,-1
66,4,1086,629,204,136,1,-1,-1,-1
66,5,1274,656,217,99,1,-1,-1,-1
66,6,681,648,210,107,1,-1,-1,-1
66,7,217,694,175,95,1,-1,-1,-1
66,8,468,640,164,176,1,-1,-1,-1
66,9,802,641,164,122,1,-1,-1,-1
66,10,778,654,168,128,1,-1,-1,-1
66,11,2,677,120,116,1,-1,-1,-1
67,1,2149,600,268,156,1,-1,-1,-1
67,2,1613,622,318,168,1,-1,-1,-1
67,3,1169,632,256,136,1,-1,-1,-1
67,4,1088,630,204,136,1,-1,-1,-1
67,5,1267,654,228,104,1,-1,-1,-1
67,6,681,650,210,107,1,-1,-1,-1
67,7,219,697,175,95,1,-1,-1,-1
67,8,466,632,172,185,1,-1,-1,-1
67,9,801,643,164,122,1,-1,-1,-1
67,10,779,655,168,128,1,-1,-1,-1
67,11,3,678,120,116,1,-1,-1,-1
68,1,2151,600,268,156,1,-1,-1,-1
68,2,1611,623,318,168,1,-1,-1,-1
68,3,1167,634,256,136,1,-1,-1,-1
68,4,1089,631,204,136,1,-1,-1,-1
68,5,1265,656,228,104,1,-1,-1,-1
68,6,678,649,220,112,1,-1,-1,-1
68,7,223,697,175,95,1,-1,-1,-1
68,8,469,632,172,185,1,-1,-1,-1
68,9,802,645,164,122,1,-1,-1,-1
68,10,781,657,168,128,1,-1,-1,-1
68,11,5,678,120,116,1,-1,-1,-1
69,1,2147,595,281,164,1,-1,-1,-1
69,2,1602,626,318,168,1,-1,-1,-1
69,3,1165,636,256,136,1,-1,-1,-1
69,4,1088,631,204,136,1,-1,-1,-1
69,5,1264,657,228,104,1,-1,-1,-1
69,6,704,648,210,107,1,-1,-1,-1
69,7,223,698,175,95,1,-1,-1,-1
69,8,468,635,172,185,1,-1,-1,-1
69,9,804,646,164,122,1,-1,-1,-1
69,10,781,659,168,128,1,-1,-1,-1
69,11,5,680,120,116,1,-1,-1,-1
70,1,2153,596,281,164,1,-1,-1,-1
70,2,1622,624,318,168,1,-1,-1,-1
70,3,1164,637,256,136,1,-1,-1,-1
70,4,1084,634,204,136,1,-1,-1,-1
70,5,1262,659,228,104,1,-1,-1,-1
70,6,692,650,210,107,1,-1,-1,-1
70,7,219,697,184,100,1,-1,-1,-1
70,8,473,639,172,185,1,-1,-1,-1
70,9,809,650,164,122,1,-1,-1,-1
70,10,787,663,160,122,1,-1,-1,-1
70,11,4,683,120,116,1,-1,-1,-1
71,1,2158,595,281,164,1,-1,-1,-1
71,2,1634,616,318,168,1,-1,-1,-1
71,3,1164,638,256,136,1,-1,-1,-1
71,4,1079,634,214,143,1,-1,-1,-1
71,5,1262,659,228,104,1,-1,-1,-1
71,6,685,647,220,112,1,-1,-1,-1
71,7,222,695,184,100,1,-1,-1,-1
71,8,475,639,172,185,1,-1,-1,-1
71,9,810,650,164,122,1,-1,-1,-1
71,10,788,664,160,122,1,-1,-1,-1
71,11,8,684,120,116,1,-1,-1,-1
72,1,2161,597,281,164,1,-1,-1,-1
72,2,1649,624,302,160,1,-1,-1,-1
72,3,1162,639,256,136,1,-1,-1,-1
72,4,1073,636,214,143,1,-1,-1,-1
72,5,1262,658,228,104,1,-1,-1,-1
72,6,687,648,220,112,1,-1,-1,-1
72,7,223,696,184,100,1,-1,-1,-1
72,8,480,641,172,185,1,-1,-1,-1
72,9,814,650,164,122,1,-1,-1,-1
72,10,790,664,160,122,1,-1,-1,-1
72,11,7,682,126,122,1,-1,-1,-1
73,1,2176,600,260,160,1,-1,-1,-1
73,2,1649,624,302,160,1,-1,-1,-1
73,3,1162,639,256,136,1,-1,-1,-1
73,4,1096,652,220,128,1,-1,-1,-1
73,5,1262,658,228,104,1,-1,-1,-1
73,6,687,648,220,112,1,-1,-1,-1
73,7,223,696,184,100,1,-1,-1,-1
73,8,480,641,172,185,1,-1,-1,-1
73,9,820,664,152,144,1,-1,-1,-1
73,10,790,664,160,122,1,-1,-1,-1
73,11,0,684,148,136,1,-1,-1,-1
74,1,2174,599,273,168,1,-1,-1,-1
74,2,1681,633,288,152,1,-1,-1,-1
74,3,1165,637,256,136,1,-1,-1,-1
74,4,1098,654,220,128,1,-1,-1,-1
74,5,1265,662,228,104,1,-1,-1,-1
74,6,690,652,210,107,1,-1,-1,-1
74,7,223,687,193,105,1,-1,-1,-1
74,8,482,641,172,185,1,-1,-1,-1
74,9,823,665,152,144,1,-1,-1,-1
74,10,794,666,160,122,1,-1,-1,-1
74,11,4,684,148,136,1,-1,-1,-1
75,1,2177,601,273,168,1,-1,-1,-1
75,2,1674,620,302,160,1,-1,-1,-1
75,3,1167,638,256,136,1,-1,-1,-1
75,4,1100,656,220,128,1,-1,-1,-1
75,5,1266,665,228,104,1,-1,-1,-1
75,6,698,652,210,107,1,-1,-1,-1
75,7,223,683,203,110,1,-1,-1,-1
75,8,479,636,181,194,1,-1,-1,-1
75,9,824,667,152,144,1,-1,-1,-1
75,10,806,668,152,116,1,-1,-1,-1
75,11,3,685,148,136,1,-1,-1,-1
76,1,2187,606,260,160,1,-1,-1,-1
76,3,1169,638,256,136,1,-1,-1,-1
76,4,1101,658,220,128,1,-1,-1,-1
76,5,1268,665,228,104,1,-1,-1,-1
76,6,701,651,210,107,1,-1,-1,-1
76,7,224,679,213,116,1,-1,-1,-1
76,8,485,637,181,194,1,-1,-1,-1
76,9,825,667,152,144,1,-1,-1,-1
76,10,801,666,152,116,1,-1,-1,-1
76,11,5,686,148,136,1,-1,-1,-1
77,1,2192,606,260,160,1,-1,-1,-1
77,3,1167,639,256,136,1,-1,-1,-1
77,4,1103,659,220,128,1,-1,-1,-1
77,5,1265,664,228,104,1,-1,-1,-1
77,6,699,648,220,112,1,-1,-1,-1
77,7,221,677,213,116,1,-1,-1,-1
77,8,481,633,190,204,1,-1,-1,-1
77,9,825,668,152,144,1,-1,-1,-1
77,10,813,663,152,116,1,-1,-1,-1
77,11,5,686,148,136,1,-1,-1,-1
78,1,2199,605,260,160,1,-1,-1,-1
78,3,1168,640,256,136,1,-1,-1,-1
78,4,1104,660,220,128,1,-1,-1,-1
78,5,1264,664,228,104,1,-1,-1,-1
78,6,702,649,220,112,1,-1,-1,-1
78,7,223,677,213,116,1,-1,-1,-1
78,8,489,638,190,204,1,-1,-1,-1
78,9,825,669,152,144,1,-1,-1,-1
78,10,821,668,152,116,1,-1,-1,-1
78,11,1,684,155,143,1,-1,-1,-1
79,1,2202,606,260,160,1,-1,-1,-1
79,3,1170,640,256,136,1,-1,-1,-1
79,4,1105,660,220,128,1,-1,-1,-1
79,5,1263,665,228,104,1,-1,-1,-1
79,6,706,651,220,112,1,-1,-1,-1
79,7,224,678,213,116,1,-1,-1,-1
79,8,491,640,190,204,1,-1,-1,-1
79,9,825,670,152,144,1,-1,-1,-1
79,10,826,667,152,116,1,-1,-1,-1
79,11,2,684,155,143,1,-1,-1,-1
80,1,2203,604,260,160,1,-1,-1,-1
80,3,1170,641,256,136,1,-1,-1,-1
80,4,1107,660,220,128,1,-1,-1,-1
80,5,1262,666,228,104,1,-1,-1,-1
80,6,713,651,220,112,1,-1,-1,-1
80,7,232,678,213,116,1,-1,-1,-1
80,8,495,644,190,204,1,-1,-1,-1
80,9,823,671,152,144,1,-1,-1,-1
80,10,828,666,152,116,1,-1,-1,-1
80,11,6,683,155,143,1,-1,-1,-1
81,1,2216,616,264,152,1,-1,-1,-1
81,3,1170,641,256,136,1,-1,-1,-1
81,4,1124,656,216,128,1,-1,-1,-1
81,5,1262,666,228,104,1,-1,-1,-1
81,6,713,651,220,112,1,-1,-1,-1
81,7,232,678,213,116,1,-1,-1,-1
81,8,488,664,208,156,1,-1,-1,-1
81,9,823,671,152,144,1,-1,-1,-1
81,10,828,666,152,116,1,-1,-1,-1
81,11,6,683,155,143,1,-1,-1,-1
81,12,1732,700,128,80,1,-1,-1,-1
81,13,664,656,220,144,1,-1,-1,-1
82,1,2220,613,264,152,1,-1,-1,-1
82,3,1168,643,256,136,1,-1,-1,-1
82,4,1125,656,216,128,1,-1,-1,-1
82,5,1260,667,228,104,1,-1,-1,-1
82,6,722,653,220,112,1,-1,-1,-1
82,7,235,679,203,110,1,-1,-1,-1
82,8,491,664,208,156,1,-1,-1,-1
82,9,814,670,152,144,1,-1,-1,-1
82,10,827,669,160,122,1,-1,-1,-1
82,11,14,685,155,143,1,-1,-1,-1
82,12,1741,699,128,80,1,-1,-1,-1
82,13,667,657,220,144,1,-1,-1,-1
83,1,2223,614,264,152,1,-1,-1,-1
83,3,1166,644,256,136,1,-1,-1,-1
83,4,1126,658,216,128,1,-1,-1,-1
83,5,1259,667,228,104,1,-1,-1,-1
83,6,729,656,220,112,1,-1,-1,-1
83,7,237,678,203,110,1,-1,-1,-1
83,8,494,665,208,156,1,-1,-1,-1
83,9,816,673,152,144,1,-1,-1,-1
83,10,827,668,160,122,1,-1,-1,-1
83,11,16,684,155,143,1,-1,-1,-1
83,12,1744,696,128,80,1,-1,-1,-1
83,13,663,653,231,151,1,-1,-1,-1
84,1,2224,614,264,152,1,-1,-1,-1
84,3,1164,646,256,136,1,-1,-1,-1
84,4,1130,659,216,128,1,-1,-1,-1
84,5,1260,668,228,104,1,-1,-1,-1
84,6,731,656,220,112,1,-1,-1,-1
84,7,238,679,203,110,1,-1,-1,-1
84,8,496,666,208,156,1,-1,-1,-1
84,9,814,669,160,151,1,-1,-1,-1
84,10,834,671,152,116,1,-1,-1,-1
84,11,20,682,155,143,1,-1,-1,-1
84,12,1752,694,128,80,1,-1,-1,-1
84,13,668,654,231,151,1,-1,-1,-1
85,1,2228,615,264,152,1,-1,-1,-1
85,3,1173,649,244,130,1,-1,-1,-1
85,4,1125,656,227,134,1,-1,-1,-1
85,5,1262,669,228,104,1,-1,-1,-1
85,6,727,653,231,118,1,-1,-1,-1
85,7,243,680,203,110,1,-1,-1,-1
85,8,497,666,208,156,1,-1,-1,-1
85,9,813,667,160,151,1,-1,-1,-1
85,10,834,673,152,116,1,-1,-1,-1
85,11,24,692,148,136,1,-1,-1,-1
85,12,1761,689,128,80,1,-1,-1,-1
85,13,675,657,220,144,1,-1,-1,-1
86,1,2235,616,264,152,1,-1,-1,-1
86,3,1176,647,244,130,1,-1,-1,-1
86,4,1128,656,227,134,1,-1,-1,-1
86,5,1264,667,228,104,1,-1,-1,-1
86,6,737,653,231,118,1,-1,-1,-1
86,7,243,682,203,110,1,-1,-1,-1
86,8,501,668,208,156,1,-1,-1,-1
86,9,814,669,160,151,1,-1,-1,-1
86,10,839,672,152,116,1,-1,-1,-1
86,11,30,692,148,136,1,-1,-1,-1
86,12,1775,684,128,80,1,-1,-1,-1
86,13,680,659,220,144,1,-1,-1,-1
87,1,2237,615,264,152,1,-1,-1,-1
87,3,1168,640,256,136,1,-1,-1,-1
87,4,1131,655,227,134,1,-1,-1,-1
87,5,1264,664,228,104,1,-1,-1,-1
87,6,741,651,231,118,1,-1,-1,-1
87,7,245,683,203,110,1,-1,-1,-1
87,8,502,668,208,156,1,-1,-1,-1
87,9,813,668,160,151,1,-1,-1,-1
87,10,836,670,160,122,1,-1,-1,-1
87,11,23,686,155,143,1,-1,-1,-1
87,12,1786,683,128,80,1,-1,-1,-1
87,13,682,657,220,144,1,-1,-1,-1
88,1,2240,614,264,152,1,-1,-1,-1
88,3,1159,638,269,143,1,-1,-1,-1
88,4,1137,657,216,128,1,-1,-1,-1
88,5,1266,664,228,104,1,-1,-1,-1
88,6,741,651,231,118,1,-1,-1,-1
88,7,250,685,203,110,1,-1,-1,-1
88,8,498,662,218,164,1,-1,-1,-1
88,9,811,668,160,151,1,-1,-1,-1
88,10,833,667,168,128,1,-1,-1,-1
88,11,17,686,155,143,1,-1,-1,-1
88,12,1794,683,128,80,1,-1,-1,-1
88,13,692,657,210,137,1,-1,-1,-1
89,1,2264,604,228,148,1,-1,-1,-1
89,3,1159,638,269,143,1,-1,-1,-1
89,4,1160,660,224,132,1,-1,-1,-1
89,5,1266,664,228,104,1,-1,-1,-1
89,6,741,651,231,118,1,-1,-1,-1
89,7,250,685,203,110,1,-1,-1,-1
89,8,498,662,218,164,1,-1,-1,-1
89,9,811,668,160,151,1,-1,-1,-1
89,10,833,667,168,128,1,-1,-1,-1
89,11,17,686,155,143,1,-1,-1,-1
89,12,1794,683,128,80,1,-1,-1,-1
89,13,692,657,210,137,1,-1,-1,-1
89,14,1808,672,260,108,1,-1,-1,-1
89,15,1572,664,200,124,1,-1,-1,-1
90,3,1149,644,269,143,1,-1,-1,-1
90,4,1160,657,235,139,1,-1,-1,-1
90,8,470,643,229,172,1,-1,-1,-1
90,9,784,668,160,151,1,-1,-1,-1
90,13,655,651,200,131,1,-1,-1,-1
90,14,1861,663,273,113,1,-1,-1,-1
90,15,1610,658,200,124,1,-1,-1,-1
91,3,1129,640,269,143,1,-1,-1,-1
91,4,1158,655,247,146,1,-1,-1,-1
91,8,437,653,229,172,1,-1,-1,-1
91,9,768,666,160,151,1,-1,-1,-1
91,13,641,651,200,131,1,-1,-1,-1
91,14,1895,660,273,113,1,-1,-1,-1
91,15,1622,655,210,130,1,-1,-1,-1
92,3,1131,638,269,143,1,-1,-1,-1
92,4,1158,648,259,153,1,-1,-1,-1
92,8,425,654,229,172,1,-1,-1,-1
92,9,760,662,168,159,1,-1,-1,-1
92,13,658,653,200,131,1,-1,-1,-1
92,14,1918,655,287,119,1,-1,-1,-1
92,15,1638,654,210,130,1,-1,-1,-1
93,3,1128,629,282,150,1,-1,-1,-1
93,4,1163,646,259,153,1,-1,-1,-1
93,8,417,654,229,172,1,-1,-1,-1
93,9,751,663,168,159,1,-1,-1,-1
93,13,640,651,210,137,1,-1,-1,-1
93,14,1933,653,301,125,1,-1,-1,-1
93,15,1655,653,210,130,1,-1,-1,-1
94,3,1129,620,296,157,1,-1,-1,-1
94,4,1176,644,259,153,1,-1,-1,-1
94,8,403,653,229,172,1,-1,-1,-1
94,9,739,657,176,167,1,-1,-1,-1
94,13,631,647,220,144,1,-1,-1,-1
94,14,1964,648,301,125,1,-1,-1,-1
94,15,1688,645,220,137,1,-1,-1,-1
95,3,1129,616,296,157,1,-1,-1,-1
95,4,1177,642,259,153,1,-1,-1,-1
95,8,395,646,241,181,1,-1,-1,-1
95,9,723,649,185,175,1,-1,-1,-1
95,13,620,644,231,151,1,-1,-1,-1
95,14,1987,647,301,125,1,-1,-1,-1
95,15,1708,642,220,137,1,-1,-1,-1
96,3,1128,611,311,165,1,-1,-1,-1
96,4,1169,635,272,160,1,-1,-1,-1
96,8,386,643,241,181,1,-1,-1,-1
96,9,716,648,185,175,1,-1,-1,-1
96,13,625,642,231,151,1,-1,-1,-1
96,14,2005,640,316,131,1,-1,-1,-1
96,15,1726,627,232,144,1,-1,-1,-1
97,3,1124,632,336,132,1,-1,-1,-1
97,4,1169,635,272,160,1,-1,-1,-1
97,8,428,628,220,180,1,-1,-1,-1
97,9,716,648,185,175,1,-1,-1,-1
97,13,625,642,231,151,1,-1,-1,-1
97,14,2020,624,316,160,1,-1,-1,-1
97,15,1736,620,260,176,1,-1,-1,-1
97,16,776,596,224,224,1,-1,-1,-1
97,17,8,668,188,140,1,-1,-1,-1
97,18,216,640,228,152,1,-1,-1,-1
98,3,1129,629,336,132,1,-1,-1,-1
98,4,1193,632,272,160,1,-1,-1,-1
98,8,411,627,220,180,1,-1,-1,-1
98,9,688,643,194,184,1,-1,-1,-1
98,13,620,641,231,151,1,-1,-1,-1
98,14,2062,623,316,160,1,-1,-1,-1
98,15,1771,619,260,176,1,-1,-1,-1
98,16,775,594,224,224,1,-1,-1,-1
98,17,-27,664,197,147,1,-1,-1,-1
98,18,192,637,228,152,1,-1,-1,-1
99,3,1135,628,336,132,1,-1,-1,-1
99,4,1196,627,286,168,1,-1,-1,-1
99,8,401,626,220,180,1,-1,-1,-1
99,9,679,644,194,184,1,-1,-1,-1
99,13,621,644,220,144,1,-1,-1,-1
99,14,2084,617,332,168,1,-1,-1,-1
99,15,1796,619,260,176,1,-1,-1,-1
99,16,768,593,224,224,1,-1,-1,-1
99,17,-49,665,197,147,1,-1,-1,-1
99,18,172,637,228,152,1,-1,-1,-1
100,3,1151,628,336,132,1,-1,-1,-1
100,4,1181,631,286,168,1,-1,-1,-1
100,8,393,626,220,180,1,-1,-1,-1
100,9,664,639,204,193,1,-1,-1,-1
100,13,616,640,220,144,1,-1,-1,-1
100,14,2115,615,332,168,1,-1,-1,-1
100,15,1827,623,248,168,1,-1,-1,-1
100,16,763,594,224,224,1,-1,-1,-1
100,17,-67,663,197,147,1,-1,-1,-1
100,18,152,634,239,160,1,-1,-1,-1
101,3,1142,627,353,139,1,-1,-1,-1
101,4,1199,631,286,168,1,-1,-1,-1
101,8,382,625,220,180,1,-1,-1,-1
101,9,646,630,214,203,1,-1,-1,-1
101,13,603,636,231,151,1,-1,-1,-1
101,14,2142,614,332,168,1,-1,-1,-1
101,15,1845,619,260,176,1,-1,-1,-1
101,16,753,592,224,224,1,-1,-1,-1
101,17,-89,662,197,147,1,-1,-1,-1
101,18,136,633,239,160,1,-1,-1,-1
102,3,1169,629,336,132,1,-1,-1,-1
102,4,1235,630,286,168,1,-1,-1,-1
102,8,353,618,231,189,1,-1,-1,-1
102,9,625,625,225,213,1,-1,-1,-1
102,13,589,636,220,144,1,-1,-1,-1
102,14,2200,612,332,168,1,-1,-1,-1
102,15,1896,622,260,176,1,-1,-1,-1
102,16,742,589,224,224,1,-1,-1,-1
102,17,-131,659,197,147,1,-1,-1,-1
102,18,98,628,251,168,1,-1,-1,-1
103,3,1174,627,336,132,1,-1,-1,-1
103,4,1247,633,286,168,1,-1,-1,-1
103,8,338,613,243,198,1,-1,-1,-1
103,9,613,624,225,213,1,-1,-1,-1
103,13,576,629,231,151,1,-1,-1,-1
103,14,2216,602,348,176,1,-1,-1,-1
103,15,1923,623,260,176,1,-1,-1,-1
103,16,739,589,224,224,1,-1,-1,-1
103,18,81,626,264,176,1,-1,-1,-1
104,3,1164,626,353,139,1,-1,-1,-1
104,4,1242,635,286,168,1,-1,-1,-1
104,8,338,614,243,198,1,-1,-1,-1
104,9,614,623,225,213,1,-1,-1,-1
104,13,571,624,243,159,1,-1,-1,-1
104,14,2209,598,366,185,1,-1,-1,-1
104,15,1940,624,260,176,1,-1,-1,-1
104,16,732,583,235,235,1,-1,-1,-1
104,18,87,632,251,168,1,-1,-1,-1
105,3,1164,626,353,139,1,-1,-1,-1
105,4,1224,636,324,168,1,-1,-1,-1
105,8,336,608,260,216,1,-1,-1,-1
105,9,624,612,164,200,1,-1,-1,-1
105,13,571,624,243,159,1,-1,-1,-1
105,14,2204,592,352,208,1,-1,-1,-1
105,15,1924,612,292,180,1,-1,-1,-1
105,16,740,588,280,220,1,-1,-1,-1
105,18,104,624,240,176,1,-1,-1,-1
105,19,1076,620,148,176,1,-1,-1,-1
106,3,1169,629,353,139,1,-1,-1,-1
106,4,1221,631,340,176,1,-1,-1,-1
106,8,342,608,260,216,1,-1,-1,-1
106,9,628,611,164,200,1,-1,-1,-1
106,13,577,623,243,159,1,-1,-1,-1
106,14,2208,591,352,208,1,-1,-1,-1
106,15,1924,610,307,189,1,-1,-1,-1
106,16,743,588,280,220,1,-1,-1,-1
106,18,109,626,240,176,1,-1,-1,-1
106,19,1080,621,148,176,1,-1,-1,-1
107,3,1164,629,353,139,1,-1,-1,-1
107,4,1235,632,324,168,1,-1,-1,-1
107,8,346,607,260,216,1,-1,-1,-1
107,9,632,610,164,200,1,-1,-1,-1
107,13,579,623,243,159,1,-1,-1,-1
107,14,2209,592,352,208,1,-1,-1,-1
107,15,1937,618,292,180,1,-1,-1,-1
107,16,746,586,280,220,1,-1,-1,-1
107,18,117,629,229,168,1,-1,-1,-1
107,19,1084,620,148,176,1,-1,-1,-1
108,3,1187,627,370,146,1,-1,-1,-1
108,4,1230,625,340,176,1,-1,-1,-1
108,8,349,605,260,216,1,-1,-1,-1
108,9,632,611,164,200,1,-1,-1,-1
108,13,574,620,255,167,1,-1,-1,-1
108,14,2216,589,352,208,1,-1,-1,-1
108,15,1933,617,292,180,1,-1,-1,-1
108,16,748,586,280,220,1,-1,-1,-1
108,18,121,628,229,168,1,-1,-1,-1
108,19,1086,621,148,176,1,-1,-1,-1
109,3,1184,621,389,153,1,-1,-1,-1
109,4,1233,626,340,176,1,-1,-1,-1
109,8,354,605,260,216,1,-1,-1,-1
109,9,633,611,164,200,1,-1,-1,-1
109,13,581,620,255,167,1,-1,-1,-1
109,14,2215,589,352,208,1,-1,-1,-1
109,15,1936,617,292,180,1,-1,-1,-1
109,16,750,585,280,220,1,-1,-1,-1
109,18,126,629,229,168,1,-1,-1,-1
109,19,1089,621,148,176,1,-1,-1,-1
110,3,1178,622,389,153,1,-1,-1,-1
110,4,1237,626,340,176,1,-1,-1,-1
110,8,363,604,260,216,1,-1,-1,-1
110,9,636,610,164,200,1,-1,-1,-1
110,13,606,621,243,159,1,-1,-1,-1
110,14,2209,580,370,218,1,-1,-1,-1
110,15,1943,621,278,171,1,-1,-1,-1
110,16,766,589,267,210,1,-1,-1,-1
110,18,135,628,229,168,1,-1,-1,-1
110,19,1095,622,148,176,1,-1,-1,-1
111,3,1178,619,389,153,1,-1,-1,-1
111,4,1252,628,324,168,1,-1,-1,-1
111,8,370,602,260,216,1,-1,-1,-1
111,9,639,610,164,200,1,-1,-1,-1
111,13,603,623,243,159,1,-1,-1,-1
111,14,2217,577,370,218,1,-1,-1,-1
111,15,1934,618,292,180,1,-1,-1,-1
111,16,770,589,267,210,1,-1,-1,-1
111,18,140,627,229,168,1,-1,-1,-1
111,19,1097,624,148,176,1,-1,-1,-1
112,3,1200,623,389,153,1,-1,-1,-1
112,4,1244,623,340,176,1,-1,-1,-1
112,8,366,597,273,227,1,-1,-1,-1
112,9,640,610,164,200,1,-1,-1,-1
112,13,603,614,255,167,1,-1,-1,-1
112,14,2229,583,352,208,1,-1,-1,-1
112,15,1940,615,292,180,1,-1,-1,-1
112,16,772,587,267,210,1,-1,-1,-1
112,18,146,627,229,168,1,-1,-1,-1
112,19,1102,627,141,168,1,-1,-1,-1
113,3,1200,623,389,153,1,-1,-1,-1
113,4,1248,624,340,172,1,-1,-1,-1
113,8,388,584,276,232,1,-1,-1,-1
113,9,648,596,156,216,1,-1,-1,-1
113,13,603,614,255,167,1,-1,-1,-1
113,14,2248,568,308,216,1,-1,-1,-1
113,15,1940,615,292,180,1,-1,-1,-1
113,16,792,584,288,228,1,-1,-1,-1
113,18,168,644,220,176,1,-1,-1,-1
113,19,1102,627,141,168,1,-1,-1,-1
113,20,0,640,104,180,1,-1,-1,-1
114,3,1209,615,389,153,1,-1,-1,-1
114,4,1251,622,340,172,1,-1,-1,-1
114,8,397,589,263,221,1,-1,-1,-1
114,9,651,595,156,216,1,-1,-1,-1
114,13,603,616,255,167,1,-1,-1,-1
114,14,2261,571,308,216,1,-1,-1,-1
114,15,1939,612,292,180,1,-1,-1,-1
114,16,793,582,288,228,1,-1,-1,-1
114,18,174,644,220,176,1,-1,-1,-1
114,19,1108,621,148,176,1,-1,-1,-1
114,20,2,640,104,180,1,-1,-1,-1
115,3,1224,616,370,146,1,-1,-1,-1
115,4,1252,621,340,172,1,-1,-1,-1
115,8,396,583,276,232,1,-1,-1,-1
115,9,657,602,149,206,1,-1,-1,-1
115,13,607,618,255,167,1,-1,-1,-1
115,14,2266,569,308,216,1,-1,-1,-1
115,15,1942,611,292,180,1,-1,-1,-1
115,16,790,576,302,239,1,-1,-1,-1
115,18,176,643,220,176,1,-1,-1,-1
115,19,1111,620,148,176,1,-1,-1,-1
115,20,3,637,104,180,1,-1,-1,-1
116,3,1230,617,370,146,1,-1,-1,-1
116,4,1254,620,340,172,1,-1,-1,-1
116,8,399,583,276,232,1,-1,-1,-1
116,9,656,598,156,216,1,-1,-1,-1
116,13,607,609,267,175,1,-1,-1,-1
116,14,2270,569,308,216,1,-1,-1,-1
116,15,1948,611,292,180,1,-1,-1,-1
116,16,790,578,302,239,1,-1,-1,-1
116,18,177,641,220,176,1,-1,-1,-1
116,19,1114,620,148,176,1,-1,-1,-1
116,20,5,636,104,180,1,-1,-1,-1
117,3,1264,622,353,139,1,-1,-1,-1
117,4,1261,618,340,172,1,-1,-1,-1
117,8,401,581,276,232,1,-1,-1,-1
117,9,653,592,164,227,1,-1,-1,-1
117,13,611,613,267,175,1,-1,-1,-1
117,14,2271,569,308,216,1,-1,-1,-1
117,15,1951,610,292,180,1,-1,-1,-1
117,16,791,576,302,239,1,-1,-1,-1
117,18,179,641,220,176,1,-1,-1,-1
117,19,1114,619,148,176,1,-1,-1,-1
117,20,7,632,104,180,1,-1,-1,-1
118,3,1274,627,336,132,1,-1,-1,-1
118,4,1258,617,357,181,1,-1,-1,-1
118,8,406,580,276,232,1,-1,-1,-1
118,9,653,591,164,227,1,-1,-1,-1
118,13,626,615,255,167,1,-1,-1,-1
118,14,2283,569,308,216,1,-1,-1,-1
118,15,1950,608,292,180,1,-1,-1,-1
118,16,798,576,302,239,1,-1,-1,-1
118,18,176,632,231,185,1,-1,-1,-1
118,19,1124,618,148,176,1,-1,-1,-1
118,20,11,628,104,180,1,-1,-1,-1
119,3,1268,624,353,139,1,-1,-1,-1
119,4,1257,619,357,181,1,-1,-1,-1
119,8,409,580,276,232,1,-1,-1,-1
119,9,654,591,164,227,1,-1,-1,-1
119,13,628,613,255,167,1,-1,-1,-1
119,14,2283,565,308,216,1,-1,-1,-1
119,15,1943,605,292,180,1,-1,-1,-1
119,16,795,577,302,239,1,-1,-1,-1
119,18,177,635,231,185,1,-1,-1,-1
119,19,1130,619,148,176,1,-1,-1,-1
119,20,14,626,104,180,1,-1,-1,-1
120,3,1258,624,370,146,1,-1,-1,-1
120,4,1259,618,357,181,1,-1,-1,-1
120,8,412,577,276,232,1,-1,-1,-1
120,9,654,589,164,227,1,-1,-1,-1
120,13,625,607,267,175,1,-1,-1,-1
120,14,2287,566,308,216,1,-1,-1,-1
120,15,1942,602,292,180,1,-1,-1,-1
120,16,790,576,302,239,1,-1,-1,-1
120,18,178,631,231,185,1,-1,-1,-1
120,19,1133,619,148,176,1,-1,-1,-1
120,20,16,620,109,189,1,-1,-1,-1
121,3,1258,624,370,146,1,-1,-1,-1
121,4,1268,604,368,192,1,-1,-1,-1
121,8,456,540,236,272,1,-1,-1,-1
121,9,612,600,236,228,1,-1,-1,-1
121,13,625,607,267,175,1,-1,-1,-1
121,14,2324,624,236,152,1,-1,-1,-1
121,15,1942,602,292,180,1,-1,-1,-1
121,16,832,580,296,216,1,-1,-1,-1
121,18,228,600,164,208,1,-1,-1,-1
121,19,1133,619,148,176,1,-1,-1,-1
121,20,0,612,144,220,1,-1,-1,-1
121,21,2068,608,272,196,1,-1,-1,-1
122,3,1241,620,389,153,1,-1,-1,-1
122,4,1269,603,368,192,1,-1,-1,-1
122,8,461,538,236,272,1,-1,-1,-1
122,9,616,599,236,228,1,-1,-1,-1
122,13,636,608,255,167,1,-1,-1,-1
122,14,2333,621,236,152,1,-1,-1,-1
122,15,1942,604,292,180,1,-1,-1,-1
122,16,835,582,296,216,1,-1,-1,-1
122,18,232,603,164,208,1,-1,-1,-1
122,19,1138,622,141,168,1,-1,-1,-1
122,20,5,611,144,220,1,-1,-1,-1
122,21,2077,606,272,196,1,-1,-1,-1
123,4,1264,600,386,202,1,-1,-1,-1
123,8,464,539,236,272,1,-1,-1,-1
123,9,619,598,236,228,1,-1,-1,-1
123,13,630,606,267,175,1,-1,-1,-1
123,14,2341,620,236,152,1,-1,-1,-1
123,15,1950,608,278,171,1,-1,-1,-1
123,16,838,581,296,216,1,-1,-1,-1
123,18,236,606,164,208,1,-1,-1,-1
123,19,1148,618,141,168,1,-1,-1,-1
123,20,9,613,144,220,1,-1,-1,-1
123,21,2082,608,272,196,1,-1,-1,-1
124,4,1267,605,386,202,1,-1,-1,-1
124,8,469,538,236,272,1,-1,-1,-1
124,9,619,596,236,228,1,-1,-1,-1
124,13,639,613,255,167,1,-1,-1,-1
124,14,2347,619,236,152,1,-1,-1,-1
124,15,1945,610,278,171,1,-1,-1,-1
124,16,840,580,296,216,1,-1,-1,-1
124,18,239,605,164,208,1,-1,-1,-1
124,19,1154,624,134,160,1,-1,-1,-1
124,20,13,612,144,220,1,-1,-1,-1
124,21,2082,603,286,206,1,-1,-1,-1
125,4,1278,612,368,192,1,-1,-1,-1
125,8,471,537,236,272,1,-1,-1,-1
125,9,622,596,236,228,1,-1,-1,-1
125,13,646,609,255,167,1,-1,-1,-1
125,14,2353,616,236,152,1,-1,-1,-1
125,15,1946,608,278,171,1,-1,-1,-1
125,16,841,580,296,216,1,-1,-1,-1
125,18,240,603,164,208,1,-1,-1,-1
125,19,1154,625,134,160,1,-1,-1,-1
125,20,15,611,144,220,1,-1,-1,-1
125,21,2086,603,286,206,1,-1,-1,-1
126,4,1285,614,368,192,1,-1,-1,-1
126,8,480,538,236,272,1,-1,-1,-1
126,9,637,602,225,217,1,-1,-1,-1
126,13,654,604,255,167,1,-1,-1,-1
126,14,2370,612,236,152,1,-1,-1,-1
126,15,1948,608,278,171,1,-1,-1,-1
126,16,845,579,296,216,1,-1,-1,-1
126,18,245,603,164,208,1,-1,-1,-1
126,19,1157,622,141,168,1,-1,-1,-1
126,20,20,611,144,220,1,-1,-1,-1
126,21,2103,600,286,206,1,-1,-1,-1
127,4,1292,619,368,192,1,-1,-1,-1
127,8,485,539,236,272,1,-1,-1,-1
127,9,638,605,225,217,1,-1,-1,-1
127,13,657,605,255,167,1,-1,-1,-1
127,14,2377,610,236,152,1,-1,-1,-1
127,15,1952,608,278,171,1,-1,-1,-1
127,16,848,580,296,216,1,-1,-1,-1
127,18,248,603,164,208,1,-1,-1,-1
127,19,1159,628,141,168,1,-1,-1,-1
127,20,21,614,144,220,1,-1,-1,-1
127,21,2109,602,286,206,1,-1,-1,-1
128,4,1312,625,350,183,1,-1,-1,-1
128,8,486,540,236,272,1,-1,-1,-1
128,9,639,604,225,217,1,-1,-1,-1
128,13,658,601,255,167,1,-1,-1,-1
128,14,2384,607,236,152,1,-1,-1,-1
128,15,1945,604,292,180,1,-1,-1,-1
128,16,854,579,296,216,1,-1,-1,-1
128,18,250,604,164,208,1,-1,-1,-1
128,19,1174,634,134,160,1,-1,-1,-1
128,20,22,614,144,220,1,-1,-1,-1
128,21,2112,602,286,206,1,-1,-1,-1
129,4,1332,620,372,176,1,-1,-1,-1
129,8,516,564,196,244,1,-1,-1,-1
129,9,660,564,228,240,1,-1,-1,-1
129,13,658,601,255,167,1,-1,-1,-1
129,14,2396,612,164,164,1,-1,-1,-1
129,15,1945,604,292,180,1,-1,-1,-1
129,16,840,576,320,216,1,-1,-1,-1
129,18,264,624,148,184,1,-1,-1,-1
129,19,1174,634,134,160,1,-1,-1,-1
129,20,0,620,204,216,1,-1,-1,-1
129,21,2124,628,284,160,1,-1,-1,-1
130,4,1346,621,372,176,1,-1,-1,-1
130,8,520,563,196,244,1,-1,-1,-1
130,9,667,562,228,240,1,-1,-1,-1
130,13,673,590,267,175,1,-1,-1,-1
130,14,2409,610,164,164,1,-1,-1,-1
130,15,1949,603,292,180,1,-1,-1,-1
130,16,847,576,320,216,1,-1,-1,-1
130,18,269,625,148,184,1,-1,-1,-1
130,19,1203,637,134,160,1,-1,-1,-1
130,20,4,619,204,216,1,-1,-1,-1
130,21,2125,622,298,168,1,-1,-1,-1
131,4,1351,620,372,176,1,-1,-1,-1
131,8,529,568,187,232,1,-1,-1,-1
131,9,670,563,228,240,1,-1,-1,-1
131,13,681,595,267,175,1,-1,-1,-1
131,14,2417,610,164,164,1,-1,-1,-1
131,16,851,577,320,216,1,-1,-1,-1
131,18,277,629,141,175,1,-1,-1,-1
131,19,1211,643,134,160,1,-1,-1,-1
131,20,5,619,204,216,1,-1,-1,-1
131,21,2133,620,298,168,1,-1,-1,-1
132,4,1348,612,391,185,1,-1,-1,-1
132,8,536,567,187,232,1,-1,-1,-1
132,9,671,564,228,240,1,-1,-1,-1
132,13,681,598,267,175,1,-1,-1,-1
132,14,2427,607,164,164,1,-1,-1,-1
132,16,852,578,320,216,1,-1,-1,-1
132,18,279,628,141,175,1,-1,-1,-1
132,19,1210,648,134,160,1,-1,-1,-1
132,20,7,619,204,216,1,-1,-1,-1
132,21,2137,618,298,168,1,-1,-1,-1
133,4,1352,608,391,185,1,-1,-1,-1
133,8,533,569,187,232,1,-1,-1,-1
133,9,662,559,239,252,1,-1,-1,-1
133,13,683,603,267,175,1,-1,-1,-1
133,14,2436,604,164,164,1,-1,-1,-1
133,16,852,580,320,216,1,-1,-1,-1
133,18,282,628,141,175,1,-1,-1,-1
133,19,1212,660,134,160,1,-1,-1,-1
133,20,8,620,204,216,1,-1,-1,-1
133,21,2140,616,298,168,1,-1,-1,-1
134,4,1364,605,391,185,1,-1,-1,-1
134,8,528,563,196,244,1,-1,-1,-1
134,9,660,558,239,252,1,-1,-1,-1
134,14,2447,603,164,164,1,-1,-1,-1
134,16,852,581,320,216,1,-1,-1,-1
134,18,283,625,148,184,1,-1,-1,-1
134,19,1221,654,128,152,1,-1,-1,-1
134,20,11,619,204,216,1,-1,-1,-1
134,21,2156,617,284,160,1,-1,-1,-1
135,4,1378,608,372,176,1,-1,-1,-1
135,8,531,558,196,244,1,-1,-1,-1
135,9,660,557,239,252,1,-1,-1,-1
135,14,2454,605,164,164,1,-1,-1,-1
135,16,843,577,336,227,1,-1,-1,-1
135,18,288,624,148,184,1,-1,-1,-1
135,19,1216,650,128,152,1,-1,-1,-1
135,20,13,620,204,216,1,-1,-1,-1
135,21,2152,611,298,168,1,-1,-1,-1
136,4,1392,609,372,176,1,-1,-1,-1
136,8,535,557,196,244,1,-1,-1,-1
136,9,658,557,239,252,1,-1,-1,-1
136,14,2461,603,164,164,1,-1,-1,-1
136,16,848,577,336,227,1,-1,-1,-1
136,18,287,620,155,193,1,-1,-1,-1
136,19,1218,650,128,152,1,-1,-1,-1
136,20,17,620,204,216,1,-1,-1,-1
136,21,2155,609,298,168,1,-1,-1,-1
137,4,1408,600,384,184,1,-1,-1,-1
137,8,556,600,200,208,1,-1,-1,-1
137,9,672,560,300,248,1,-1,-1,-1
137,14,2472,604,88,164,1,-1,-1,-1
137,16,880,576,300,232,1,-1,-1,-1
137,18,296,616,168,172,1,-1,-1,-1
137,19,1218,650,128,152,1,-1,-1,-1
137,20,0,628,244,212,1,-1,-1,-1
137,21,2152,608,324,176,1,-1,-1,-1
138,4,1416,597,384,184,1,-1,-1,-1
138,8,561,601,200,208,1,-1,-1,-1
138,9,672,559,300,248,1,-1,-1,-1
138,14,2488,603,88,164,1,-1,-1,-1
138,16,883,577,300,232,1,-1,-1,-1
138,18,302,616,168,172,1,-1,-1,-1
138,19,1227,650,128,152,1,-1,-1,-1
138,20,4,629,244,212,1,-1,-1,-1
138,21,2159,609,324,176,1,-1,-1,-1
139,4,1420,596,384,184,1,-1,-1,-1
139,8,563,602,200,208,1,-1,-1,-1
139,9,677,563,300,248,1,-1,-1,-1
139,14,2493,605,88,164,1,-1,-1,-1
139,16,885,579,300,232,1,-1,-1,-1
139,18,305,615,168,172,1,-1,-1,-1
139,19,1230,652,128,152,1,-1,-1,-1
139,20,9,629,244,212,1,-1,-1,-1
139,21,2164,608,324,176,1,-1,-1,-1
140,4,1425,594,384,184,1,-1,-1,-1
140,8,565,602,200,208,1,-1,-1,-1
140,9,665,557,315,260,1,-1,-1,-1
140,14,2503,599,92,172,1,-1,-1,-1
140,16,886,581,300,232,1,-1,-1,-1
140,18,304,610,176,181,1,-1,-1,-1
140,19,1232,653,128,152,1,-1,-1,-1
140,20,11,629,244,212,1,-1,-1,-1
140,21,2170,608,324,176,1,-1,-1,-1
141,4,1415,589,403,193,1,-1,-1,-1
141,8,566,603,200,208,1,-1,-1,-1
141,9,671,557,315,260,1,-1,-1,-1
141,14,2508,598,92,172,1,-1,-1,-1
141,16,884,582,300,232,1,-1,-1,-1
141,18,309,608,176,181,1,-1,-1,-1
141,19,1263,643,128,152,1,-1,-1,-1
141,20,12,628,244,212,1,-1,-1,-1
141,21,2171,608,324,176,1,-1,-1,-1
142,4,1416,588,403,193,1,-1,-1,-1
142,8,570,602,200,208,1,-1,-1,-1
142,9,674,566,300,248,1,-1,-1,-1
142,14,2520,597,97,181,1,-1,-1,-1
142,16,880,579,300,232,1,-1,-1,-1
142,18,314,609,176,181,1,-1,-1,-1
142,19,1248,657,128,152,1,-1,-1,-1
142,20,18,628,244,212,1,-1,-1,-1
142,21,2173,604,340,185,1,-1,-1,-1
143,4,1415,587,403,193,1,-1,-1,-1
143,8,571,601,200,208,1,-1,-1,-1
143,9,671,555,315,260,1,-1,-1,-1
143,16,882,579,300,232,1,-1,-1,-1
143,18,318,610,176,181,1,-1,-1,-1
143,19,1247,654,128,152,1,-1,-1,-1
143,20,17,629,244,212,1,-1,-1,-1
143,21,2178,603,340,185,1,-1,-1,-1
144,4,1418,587,403,193,1,-1,-1,-1
144,8,572,601,200,208,1,-1,-1,-1
144,9,670,556,315,260,1,-1,-1,-1
144,16,884,579,300,232,1,-1,-1,-1
144,18,319,605,185,190,1,-1,-1,-1
144,19,1249,654,122,145,1,-1,-1,-1
144,20,8,622,256,223,1,-1,-1,-1
144,21,2172,598,357,194,1,-1,-1,-1
145,4,1464,592,360,200,1,-1,-1,-1
145,8,576,556,196,260,1,-1,-1,-1
145,9,720,528,288,292,1,-1,-1,-1
145,16,908,596,292,212,1,-1,-1,-1
145,18,312,604,220,212,1,-1,-1,-1
145,19,1249,654,122,145,1,-1,-1,-1
145,20,48,604,244,216,1,-1,-1,-1
145,21,2180,608,368,184,1,-1,-1,-1
145,22,1848,812,156,220,1,-1,-1,-1
146,4,1467,592,360,200,1,-1,-1,-1
146,8,582,560,187,248,1,-1,-1,-1
146,9,722,529,288,292,1,-1,-1,-1
146,16,911,595,292,212,1,-1,-1,-1
146,18,317,603,220,212,1,-1,-1,-1
146,19,1253,659,122,145,1,-1,-1,-1
146,20,54,607,244,216,1,-1,-1,-1
146,21,2182,609,368,184,1,-1,-1,-1
146,22,1848,811,156,220,1,-1,-1,-1
147,4,1460,588,378,210,1,-1,-1,-1
147,8,585,559,187,248,1,-1,-1,-1
147,9,726,528,288,292,1,-1,-1,-1
147,16,914,595,292,212,1,-1,-1,-1
147,18,322,603,220,212,1,-1,-1,-1
147,19,1251,661,122,145,1,-1,-1,-1
147,20,62,609,244,216,1,-1,-1,-1
147,21,2187,609,368,184,1,-1,-1,-1
147,22,1849,810,156,220,1,-1,-1,-1
