1,0,176,1052,60,28,1,-1,-1,-1
1,1,1752,1012,100,56,1,-1,-1,-1
1,2,928,1040,56,36,1,-1,-1,-1
1,3,60,1048,64,32,1,-1,-1,-1
1,4,340,1048,68,32,1,-1,-1,-1
1,5,1352,1028,80,40,1,-1,-1,-1
1,6,432,1044,64,28,1,-1,-1,-1
1,7,1084,1032,64,40,1,-1,-1,-1
1,8,2388,1004,104,48,1,-1,-1,-1
1,9,1868,1016,108,44,1,-1,-1,-1
2,0,181,1052,60,28,1,-1,-1,-1
2,1,1754,1012,100,56,1,-1,-1,-1
2,2,932,1040,56,36,1,-1,-1,-1
2,3,65,1048,64,32,1,-1,-1,-1
2,4,344,1048,68,32,1,-1,-1,-1
2,5,1355,1028,80,40,1,-1,-1,-1
2,6,436,1044,64,28,1,-1,-1,-1
2,7,1088,1032,64,40,1,-1,-1,-1
2,8,2390,1004,104,48,1,-1,-1,-1
2,9,1872,1017,103,42,1,-1,-1,-1
3,0,183,1052,60,28,1,-1,-1,-1
3,1,1756,1012,100,56,1,-1,-1,-1
3,2,934,1040,56,36,1,-1,-1,-1
3,3,67,1048,64,32,1,-1,-1,-1
3,4,346,1048,68,32,1,-1,-1,-1
3,5,1357,1028,80,40,1,-1,-1,-1
3,6,437,1044,64,28,1,-1,-1,-1
3,7,1090,1031,64,40,1,-1,-1,-1
3,8,2392,1004,104,48,1,-1,-1,-1
3,9,1873,1017,103,42,1,-1,-1,-1
4,0,185,1052,60,28,1,-1,-1,-1
4,1,1757,1012,100,56,1,-1,-1,-1
4,2,938,1042,53,34,1,-1,-1,-1
4,3,69,1047,64,32,1,-1,-1,-1
4,4,348,1048,68,32,1,-1,-1,-1
4,5,1358,1028,80,40,1,-1,-1,-1
4,6,439,1044,64,28,1,-1,-1,-1
4,7,1093,1031,64,40,1,-1,-1,-1
4,8,2393,1003,104,48,1,-1,-1,-1
4,9,1874,1017,103,42,1,-1,-1,-1
5,0,187,1052,60,28,1,-1,-1,-1
5,1,1759,1012,100,56,1,-1,-1,-1
5,2,939,1041,53,34,1,-1,-1,-1
5,3,71,1047,64,32,1,-1,-1,-1
5,4,351,1049,65,30,1,-1,-1,-1
5,5,1359,1027,80,40,1,-1,-1,-1
5,6,441,1043,64,28,1,-1,-1,-1
5,7,1095,1031,64,40,1,-1,-1,-1
5,8,2394,1003,104,48,1,-1,-1,-1
5,9,1876,1017,103,42,1,-1,-1,-1
6,0,193,1052,60,28,1,-1,-1,-1
6,1,1762,1012,100,56,1,-1,-1,-1
6,2,945,1041,53,34,1,-1,-1,-1
6,3,77,1046,64,32,1,-1,-1,-1
6,4,355,1048,65,30,1,-1,-1,-1
6,5,1364,1026,80,40,1,-1,-1,-1
6,6,446,1043,64,28,1,-1,-1,-1
6,7,1099,1031,64,40,1,-1,-1,-1
6,8,2396,1002,104,48,1,-1,-1,-1
6,9,1879,1017,103,42,1,-1,-1,-1
7,0,197,1052,60,28,1,-1,-1,-1
7,1,1764,1011,100,56,1,-1,-1,-1
7,2,946,1040,53,34,1,-1,-1,-1
7,3,80,1046,64,32,1,-1,-1,-1
7,4,357,1047,65,30,1,-1,-1,-1
7,5,1364,1025,84,42,1,-1,-1,-1
7,6,448,1043,64,28,1,-1,-1,-1
7,7,1101,1030,64,40,1,-1,-1,-1
7,8,2398,1001,104,48,1,-1,-1,-1
7,9,1881,1017,103,42,1,-1,-1,-1
8,0,200,1052,60,28,1,-1,-1,-1
8,1,1763,1010,105,59,1,-1,-1,-1
8,2,948,1040,53,34,1,-1,-1,-1
8,3,82,1046,64,32,1,-1,-1,-1
8,4,361,1046,65,30,1,-1,-1,-1
8,5,1365,1024,88,44,1,-1,-1,-1
8,6,450,1043,64,28,1,-1,-1,-1
8,7,1103,1030,64,40,1,-1,-1,-1
8,8,2400,1000,104,48,1,-1,-1,-1
8,9,1882,1017,103,42,1,-1,-1,-1
9,0,200,1048,60,28,1,-1,-1,-1
9,1,1776,1012,92,52,1,-1,-1,-1
9,2,944,1036,60,36,1,-1,-1,-1
9,3,84,1048,68,32,1,-1,-1,-1
9,4,364,1044,64,32,1,-1,-1,-1
9,5,1368,1024,84,40,1,-1,-1,-1
9,6,452,1044,64,28,1,-1,-1,-1
9,7,1103,1030,64,40,1,-1,-1,-1
9,8,2404,1000,112,52,1,-1,-1,-1
9,9,1888,1016,92,44,1,-1,-1,-1
9,10,2272,1004,96,48,1,-1,-1,-1
10,0,206,1048,60,28,1,-1,-1,-1
10,1,1779,1012,92,52,1,-1,-1,-1
10,2,948,1036,60,36,1,-1,-1,-1
10,3,90,1048,68,32,1,-1,-1,-1
10,4,369,1044,64,32,1,-1,-1,-1
10,5,1372,1024,84,40,1,-1,-1,-1
10,6,457,1044,64,28,1,-1,-1,-1
10,7,1110,1029,64,40,1,-1,-1,-1
10,8,2407,1000,112,52,1,-1,-1,-1
10,9,1891,1016,92,44,1,-1,-1,-1
10,10,2275,1003,96,48,1,-1,-1,-1
11,0,208,1047,60,28,1,-1,-1,-1
11,1,1781,1012,92,52,1,-1,-1,-1
11,2,950,1036,60,36,1,-1,-1,-1
11,3,91,1048,68,32,1,-1,-1,-1
11,4,371,1044,64,32,1,-1,-1,-1
11,5,1374,1024,84,40,1,-1,-1,-1
11,6,458,1044,64,28,1,-1,-1,-1
11,7,1112,1028,64,40,1,-1,-1,-1
11,8,2410,999,112,52,1,-1,-1,-1
11,9,1893,1015,92,44,1,-1,-1,-1
11,10,2276,1002,96,48,1,-1,-1,-1
12,0,210,1047,60,28,1,-1,-1,-1
12,1,1782,1012,92,52,1,-1,-1,-1
12,2,952,1036,60,36,1,-1,-1,-1
12,3,92,1047,71,34,1,-1,-1,-1
12,4,373,1044,64,32,1,-1,-1,-1
12,5,1376,1024,84,40,1,-1,-1,-1
12,6,461,1044,64,28,1,-1,-1,-1
12,7,1115,1028,64,40,1,-1,-1,-1
12,8,2412,999,112,52,1,-1,-1,-1
12,9,1894,1014,92,44,1,-1,-1,-1
12,10,2277,1002,96,48,1,-1,-1,-1
13,0,212,1047,60,28,1,-1,-1,-1
13,1,1784,1012,92,52,1,-1,-1,-1
13,2,954,1036,60,36,1,-1,-1,-1
13,3,94,1046,71,34,1,-1,-1,-1
13,4,376,1044,64,32,1,-1,-1,-1
13,5,1378,1023,84,40,1,-1,-1,-1
13,6,464,1044,64,28,1,-1,-1,-1
13,7,1117,1028,64,40,1,-1,-1,-1
13,8,2414,999,112,52,1,-1,-1,-1
13,9,1895,1014,92,44,1,-1,-1,-1
13,10,2279,1001,96,48,1,-1,-1,-1
14,0,217,1046,60,28,1,-1,-1,-1
14,1,1788,1011,92,52,1,-1,-1,-1
14,2,959,1035,60,36,1,-1,-1,-1
14,3,102,1046,68,32,1,-1,-1,-1
14,4,380,1043,64,32,1,-1,-1,-1
14,5,1382,1022,84,40,1,-1,-1,-1
14,6,469,1044,64,28,1,-1,-1,-1
14,7,1121,1026,67,42,1,-1,-1,-1
14,8,2418,999,112,52,1,-1,-1,-1
14,9,1899,1013,92,44,1,-1,-1,-1
14,10,2279,999,101,50,1,-1,-1,-1
15,0,219,1045,60,28,1,-1,-1,-1
15,1,1791,1010,92,52,1,-1,-1,-1
15,2,961,1034,60,36,1,-1,-1,-1
15,3,104,1046,68,32,1,-1,-1,-1
15,4,382,1043,64,32,1,-1,-1,-1
15,5,1384,1021,84,40,1,-1,-1,-1
15,6,470,1043,64,28,1,-1,-1,-1
15,7,1124,1027,64,40,1,-1,-1,-1
15,8,2420,999,112,52,1,-1,-1,-1
15,9,1901,1013,92,44,1,-1,-1,-1
15,10,2281,998,101,50,1,-1,-1,-1
16,0,223,1045,60,28,1,-1,-1,-1
16,1,1791,1009,92,52,1,-1,-1,-1
16,2,964,1034,60,36,1,-1,-1,-1
16,3,106,1045,68,32,1,-1,-1,-1
16,4,384,1043,64,32,1,-1,-1,-1
16,5,1386,1021,84,40,1,-1,-1,-1
16,6,472,1042,64,28,1,-1,-1,-1
16,7,1127,1027,64,40,1,-1,-1,-1
16,8,2422,999,112,52,1,-1,-1,-1
16,9,1903,1012,92,44,1,-1,-1,-1
16,10,2285,999,96,48,1,-1,-1,-1
17,0,224,1044,60,32,1,-1,-1,-1
17,1,1791,1009,92,52,1,-1,-1,-1
17,2,968,1036,56,32,1,-1,-1,-1
17,3,112,1044,64,32,1,-1,-1,-1
17,4,388,1040,64,28,1,-1,-1,-1
17,5,1384,1016,92,44,1,-1,-1,-1
17,6,472,1040,68,32,1,-1,-1,-1
17,7,1116,1024,72,40,1,-1,-1,-1
17,8,2424,996,112,44,1,-1,-1,-1
17,9,1900,1012,96,44,1,-1,-1,-1
17,10,2285,999,96,48,1,-1,-1,-1
17,11,2060,1004,108,44,1,-1,-1,-1
18,0,229,1044,60,32,1,-1,-1,-1
18,1,1796,1008,92,52,1,-1,-1,-1
18,2,973,1035,56,32,1,-1,-1,-1
18,3,117,1043,64,32,1,-1,-1,-1
18,4,393,1039,64,28,1,-1,-1,-1
18,5,1387,1016,92,44,1,-1,-1,-1
18,6,476,1039,68,32,1,-1,-1,-1
18,7,1121,1023,72,40,1,-1,-1,-1
18,8,2427,995,112,44,1,-1,-1,-1
18,9,1903,1012,96,44,1,-1,-1,-1
18,10,2289,998,96,48,1,-1,-1,-1
18,11,2062,1004,108,44,1,-1,-1,-1
19,0,232,1044,60,32,1,-1,-1,-1
19,1,1797,1008,92,52,1,-1,-1,-1
19,2,975,1035,56,32,1,-1,-1,-1
19,3,120,1043,64,32,1,-1,-1,-1
19,4,396,1038,64,28,1,-1,-1,-1
19,5,1390,1015,92,44,1,-1,-1,-1
19,6,476,1038,71,34,1,-1,-1,-1
19,7,1123,1023,72,40,1,-1,-1,-1
19,8,2428,995,112,44,1,-1,-1,-1
19,9,1905,1012,96,44,1,-1,-1,-1
19,10,2290,997,96,48,1,-1,-1,-1
19,11,2064,1003,108,44,1,-1,-1,-1
20,0,234,1043,60,32,1,-1,-1,-1
20,1,1798,1007,92,52,1,-1,-1,-1
20,2,977,1034,56,32,1,-1,-1,-1
20,3,123,1043,64,32,1,-1,-1,-1
20,4,398,1038,64,28,1,-1,-1,-1
20,5,1391,1015,92,44,1,-1,-1,-1
20,6,478,1038,71,34,1,-1,-1,-1
20,7,1125,1022,72,40,1,-1,-1,-1
20,8,2430,994,112,44,1,-1,-1,-1
20,9,1907,1011,96,44,1,-1,-1,-1
20,10,2291,997,96,48,1,-1,-1,-1
20,11,2065,1003,108,44,1,-1,-1,-1
21,0,236,1043,60,32,1,-1,-1,-1
21,1,1800,1006,92,52,1,-1,-1,-1
21,2,978,1034,56,32,1,-1,-1,-1
21,3,125,1043,64,32,1,-1,-1,-1
21,4,400,1038,64,28,1,-1,-1,-1
21,5,1392,1015,92,44,1,-1,-1,-1
21,6,480,1038,71,34,1,-1,-1,-1
21,7,1127,1022,72,40,1,-1,-1,-1
21,8,2432,993,112,44,1,-1,-1,-1
21,9,1909,1011,96,44,1,-1,-1,-1
21,10,2292,996,96,48,1,-1,-1,-1
21,11,2066,1003,108,44,1,-1,-1,-1
22,0,242,1043,60,32,1,-1,-1,-1
22,1,1806,1006,92,52,1,-1,-1,-1
22,2,983,1034,56,32,1,-1,-1,-1
22,3,131,1042,64,32,1,-1,-1,-1
22,4,406,1037,64,28,1,-1,-1,-1
22,5,1397,1014,92,44,1,-1,-1,-1
22,6,485,1038,71,34,1,-1,-1,-1
22,7,1134,1021,72,40,1,-1,-1,-1
22,8,2437,992,112,44,1,-1,-1,-1
22,9,1912,1010,96,44,1,-1,-1,-1
22,10,2297,997,91,46,1,-1,-1,-1
22,11,2065,1001,113,46,1,-1,-1,-1
23,0,245,1042,60,32,1,-1,-1,-1
23,1,1807,1005,92,52,1,-1,-1,-1
23,2,987,1033,56,32,1,-1,-1,-1
23,3,134,1042,64,32,1,-1,-1,-1
23,4,408,1036,64,28,1,-1,-1,-1
23,5,1399,1013,92,44,1,-1,-1,-1
23,6,487,1037,71,34,1,-1,-1,-1
23,7,1135,1021,72,40,1,-1,-1,-1
23,8,2439,991,112,44,1,-1,-1,-1
23,9,1914,1009,96,44,1,-1,-1,-1
23,10,2297,995,96,48,1,-1,-1,-1
23,11,2067,1000,113,46,1,-1,-1,-1
24,0,248,1041,63,34,1,-1,-1,-1
24,1,1809,1004,92,52,1,-1,-1,-1
24,2,989,1032,56,32,1,-1,-1,-1
24,3,138,1040,64,32,1,-1,-1,-1
24,4,412,1036,64,28,1,-1,-1,-1
24,5,1401,1013,92,44,1,-1,-1,-1
24,6,492,1036,71,34,1,-1,-1,-1
24,7,1139,1020,72,40,1,-1,-1,-1
24,8,2441,991,112,44,1,-1,-1,-1
24,9,1916,1009,96,44,1,-1,-1,-1
24,10,2300,994,96,48,1,-1,-1,-1
24,11,2068,999,113,46,1,-1,-1,-1
25,0,252,1040,64,32,1,-1,-1,-1
25,1,1809,1004,92,52,1,-1,-1,-1
25,2,988,1028,60,32,1,-1,-1,-1
25,3,140,1040,68,28,1,-1,-1,-1
25,4,416,1036,64,32,1,-1,-1,-1
25,5,1404,1016,84,40,1,-1,-1,-1
25,6,496,1036,68,28,1,-1,-1,-1
25,7,1139,1020,72,40,1,-1,-1,-1
25,8,2444,988,104,48,1,-1,-1,-1
25,9,1916,1009,96,44,1,-1,-1,-1
25,10,2300,994,96,48,1,-1,-1,-1
25,11,2072,996,116,44,1,-1,-1,-1
26,0,258,1040,64,32,1,-1,-1,-1
26,1,1816,1002,92,52,1,-1,-1,-1
26,2,994,1028,60,32,1,-1,-1,-1
26,3,146,1040,68,28,1,-1,-1,-1
26,4,422,1036,64,32,1,-1,-1,-1
26,5,1412,1016,84,40,1,-1,-1,-1
26,6,502,1036,68,28,1,-1,-1,-1
26,7,1148,1019,69,38,1,-1,-1,-1
26,8,2448,988,104,48,1,-1,-1,-1
26,9,1923,1008,96,44,1,-1,-1,-1
26,10,2307,994,96,48,1,-1,-1,-1
26,11,2075,996,116,44,1,-1,-1,-1
27,0,260,1039,64,32,1,-1,-1,-1
27,1,1817,1002,92,52,1,-1,-1,-1
27,2,996,1028,60,32,1,-1,-1,-1
27,3,148,1039,68,28,1,-1,-1,-1
27,4,424,1036,64,32,1,-1,-1,-1
27,5,1412,1016,84,40,1,-1,-1,-1
27,6,504,1036,68,28,1,-1,-1,-1
27,7,1149,1019,69,38,1,-1,-1,-1
27,8,2450,987,104,48,1,-1,-1,-1
27,9,1924,1007,96,44,1,-1,-1,-1
27,10,2308,994,96,48,1,-1,-1,-1
27,11,2077,996,116,44,1,-1,-1,-1
28,0,264,1038,64,32,1,-1,-1,-1
28,1,1817,1002,92,52,1,-1,-1,-1
28,2,998,1027,60,32,1,-1,-1,-1
28,3,152,1039,68,28,1,-1,-1,-1
28,4,427,1035,67,34,1,-1,-1,-1
28,5,1413,1015,84,40,1,-1,-1,-1
28,6,507,1036,65,27,1,-1,-1,-1
28,7,1152,1017,72,40,1,-1,-1,-1
28,8,2455,988,99,46,1,-1,-1,-1
28,9,1922,1005,101,46,1,-1,-1,-1
28,10,2310,993,96,48,1,-1,-1,-1
28,11,2079,997,116,44,1,-1,-1,-1
29,0,265,1038,64,32,1,-1,-1,-1
29,1,1818,1002,92,52,1,-1,-1,-1
29,2,999,1027,60,32,1,-1,-1,-1
29,3,154,1039,68,28,1,-1,-1,-1
29,4,428,1034,67,34,1,-1,-1,-1
29,5,1414,1015,84,40,1,-1,-1,-1
29,6,509,1036,65,27,1,-1,-1,-1
29,7,1153,1017,72,40,1,-1,-1,-1
29,8,2456,988,99,46,1,-1,-1,-1
29,9,1924,1004,101,46,1,-1,-1,-1
29,10,2310,992,96,48,1,-1,-1,-1
29,11,2080,998,116,44,1,-1,-1,-1
30,0,271,1038,64,32,1,-1,-1,-1
30,1,1824,1002,92,52,1,-1,-1,-1
30,2,1005,1027,60,32,1,-1,-1,-1
30,3,158,1038,71,29,1,-1,-1,-1
30,4,434,1033,67,34,1,-1,-1,-1
30,5,1419,1014,84,40,1,-1,-1,-1
30,6,513,1034,68,28,1,-1,-1,-1
30,7,1159,1017,72,40,1,-1,-1,-1
30,8,2459,988,99,46,1,-1,-1,-1
30,9,1927,1004,101,46,1,-1,-1,-1
30,10,2311,991,96,48,1,-1,-1,-1
30,11,2081,996,116,44,1,-1,-1,-1
31,0,274,1037,64,32,1,-1,-1,-1
31,1,1825,1001,92,52,1,-1,-1,-1
31,2,1006,1026,60,32,1,-1,-1,-1
31,3,160,1037,71,29,1,-1,-1,-1
31,4,436,1033,67,34,1,-1,-1,-1
31,5,1421,1013,84,40,1,-1,-1,-1
31,6,514,1033,68,28,1,-1,-1,-1
31,7,1161,1016,72,40,1,-1,-1,-1
31,8,2464,988,94,44,1,-1,-1,-1
31,9,1930,1004,101,46,1,-1,-1,-1
31,10,2312,990,96,48,1,-1,-1,-1
31,11,2083,995,116,44,1,-1,-1,-1
32,0,277,1038,61,30,1,-1,-1,-1
32,1,1826,1000,92,52,1,-1,-1,-1
32,2,1008,1025,60,32,1,-1,-1,-1
32,3,163,1036,71,29,1,-1,-1,-1
32,4,439,1032,64,32,1,-1,-1,-1
32,5,1423,1012,84,40,1,-1,-1,-1
32,6,517,1033,68,28,1,-1,-1,-1
32,7,1163,1016,72,40,1,-1,-1,-1
32,8,2465,988,94,44,1,-1,-1,-1
32,9,1932,1004,101,46,1,-1,-1,-1
32,10,2313,990,96,48,1,-1,-1,-1
32,11,2084,995,116,44,1,-1,-1,-1
33,0,272,1036,68,32,1,-1,-1,-1
33,1,1820,1000,96,48,1,-1,-1,-1
33,2,1008,1025,60,32,1,-1,-1,-1
33,3,168,1036,64,32,1,-1,-1,-1
33,4,440,1032,60,28,1,-1,-1,-1
33,5,1424,1012,88,40,1,-1,-1,-1
33,6,520,1032,68,28,1,-1,-1,-1
33,7,1163,1016,72,40,1,-1,-1,-1
33,8,2464,988,96,44,1,-1,-1,-1
33,9,1948,1004,88,44,1,-1,-1,-1
33,10,2313,990,96,48,1,-1,-1,-1
33,11,2088,992,120,48,1,-1,-1,-1
34,0,278,1036,68,32,1,-1,-1,-1
34,1,1825,1000,96,48,1,-1,-1,-1
34,2,1016,1025,60,32,1,-1,-1,-1
34,3,174,1036,64,32,1,-1,-1,-1
34,4,446,1031,60,28,1,-1,-1,-1
34,5,1430,1011,88,40,1,-1,-1,-1
34,6,526,1032,68,28,1,-1,-1,-1
34,7,1172,1016,69,38,1,-1,-1,-1
34,8,2470,987,96,44,1,-1,-1,-1
34,9,1953,1003,88,44,1,-1,-1,-1
34,10,2320,990,96,48,1,-1,-1,-1
34,11,2091,992,120,48,1,-1,-1,-1
35,0,280,1036,68,32,1,-1,-1,-1
35,1,1827,999,96,48,1,-1,-1,-1
35,2,1018,1024,60,32,1,-1,-1,-1
35,3,179,1036,64,32,1,-1,-1,-1
35,4,450,1031,60,28,1,-1,-1,-1
35,5,1432,1011,88,40,1,-1,-1,-1
35,6,529,1032,65,27,1,-1,-1,-1
35,7,1176,1015,69,38,1,-1,-1,-1
35,8,2473,988,91,42,1,-1,-1,-1
35,9,1956,1003,88,44,1,-1,-1,-1
35,11,2094,991,120,48,1,-1,-1,-1
36,0,286,1035,68,32,1,-1,-1,-1
36,1,1829,999,96,48,1,-1,-1,-1
36,2,1022,1024,60,32,1,-1,-1,-1
36,3,183,1035,64,32,1,-1,-1,-1
36,4,454,1030,60,28,1,-1,-1,-1
36,5,1436,1012,84,38,1,-1,-1,-1
36,6,534,1031,68,28,1,-1,-1,-1
36,7,1178,1014,69,38,1,-1,-1,-1
36,8,2475,987,91,42,1,-1,-1,-1
36,9,1958,1002,88,44,1,-1,-1,-1
36,11,2096,991,120,48,1,-1,-1,-1
37,0,287,1035,68,32,1,-1,-1,-1
37,1,1832,999,96,48,1,-1,-1,-1
37,2,1025,1023,60,32,1,-1,-1,-1
37,3,186,1036,61,30,1,-1,-1,-1
37,4,455,1030,60,28,1,-1,-1,-1
37,5,1439,1012,84,38,1,-1,-1,-1
37,6,536,1032,65,27,1,-1,-1,-1
37,7,1180,1014,69,38,1,-1,-1,-1
37,8,2477,987,91,42,1,-1,-1,-1
37,9,1959,1002,88,44,1,-1,-1,-1
37,11,2099,990,120,48,1,-1,-1,-1
38,0,294,1034,68,32,1,-1,-1,-1
38,1,1838,998,96,48,1,-1,-1,-1
38,2,1030,1023,60,32,1,-1,-1,-1
38,3,192,1035,61,30,1,-1,-1,-1
38,4,462,1030,60,28,1,-1,-1,-1
38,5,1444,1011,84,38,1,-1,-1,-1
38,6,542,1031,65,27,1,-1,-1,-1
38,7,1186,1013,69,38,1,-1,-1,-1
38,8,2483,985,96,44,1,-1,-1,-1
38,9,1963,1000,88,44,1,-1,-1,-1
38,11,2102,990,120,48,1,-1,-1,-1
39,0,297,1034,65,30,1,-1,-1,-1
39,1,1840,997,96,48,1,-1,-1,-1
39,2,1031,1022,60,32,1,-1,-1,-1
39,3,195,1034,61,30,1,-1,-1,-1
39,4,465,1029,60,28,1,-1,-1,-1
39,5,1446,1010,84,38,1,-1,-1,-1
39,6,543,1031,65,27,1,-1,-1,-1
39,7,1189,1012,69,38,1,-1,-1,-1
39,8,2484,985,96,44,1,-1,-1,-1
39,9,1965,999,88,44,1,-1,-1,-1
39,11,2104,990,120,48,1,-1,-1,-1
40,0,301,1033,65,30,1,-1,-1,-1
40,1,1841,997,96,48,1,-1,-1,-1
40,2,1033,1022,60,32,1,-1,-1,-1
40,3,197,1033,61,30,1,-1,-1,-1
40,4,467,1028,60,28,1,-1,-1,-1
40,5,1448,1010,84,38,1,-1,-1,-1
40,6,545,1030,65,27,1,-1,-1,-1
40,7,1191,1011,69,38,1,-1,-1,-1
40,8,2487,985,91,42,1,-1,-1,-1
40,9,1967,999,88,44,1,-1,-1,-1
40,11,2106,989,120,48,1,-1,-1,-1
41,0,304,1032,68,32,1,-1,-1,-1
41,1,1844,992,96,48,1,-1,-1,-1
41,2,1033,1022,60,32,1,-1,-1,-1
41,3,196,1036,64,28,1,-1,-1,-1
41,4,467,1028,60,28,1,-1,-1,-1
41,5,1456,1004,84,44,1,-1,-1,-1
41,6,545,1030,65,27,1,-1,-1,-1
41,7,1196,1012,68,40,1,-1,-1,-1
41,8,2488,980,72,48,1,-1,-1,-1
41,9,1956,996,104,48,1,-1,-1,-1
41,11,2108,988,116,48,1,-1,-1,-1
41,12,1748,1000,88,44,1,-1,-1,-1
42,0,310,1031,68,32,1,-1,-1,-1
42,1,1848,991,96,48,1,-1,-1,-1
42,2,1041,1020,60,32,1,-1,-1,-1
42,3,203,1036,61,27,1,-1,-1,-1
42,4,475,1026,60,28,1,-1,-1,-1
42,5,1460,1002,88,46,1,-1,-1,-1
42,6,553,1029,65,27,1,-1,-1,-1
42,7,1202,1011,68,40,1,-1,-1,-1
42,8,2493,980,72,48,1,-1,-1,-1
42,9,1959,996,104,48,1,-1,-1,-1
42,11,2111,988,116,48,1,-1,-1,-1
42,12,1752,999,88,44,1,-1,-1,-1
43,0,311,1031,71,34,1,-1,-1,-1
43,1,1851,991,96,48,1,-1,-1,-1
43,2,1044,1019,60,32,1,-1,-1,-1
43,3,208,1036,61,27,1,-1,-1,-1
43,4,478,1026,60,28,1,-1,-1,-1
43,5,1462,1001,88,46,1,-1,-1,-1
43,7,1205,1011,68,40,1,-1,-1,-1
43,8,2495,979,72,48,1,-1,-1,-1
43,9,1962,996,104,48,1,-1,-1,-1
43,11,2115,988,110,46,1,-1,-1,-1
43,12,1755,999,88,44,1,-1,-1,-1
44,0,315,1031,71,34,1,-1,-1,-1
44,1,1853,991,96,48,1,-1,-1,-1
44,2,1046,1019,60,32,1,-1,-1,-1
44,3,211,1036,58,25,1,-1,-1,-1
44,4,480,1025,60,28,1,-1,-1,-1
44,5,1466,1002,84,44,1,-1,-1,-1
44,7,1209,1011,68,40,1,-1,-1,-1
44,8,2497,979,72,48,1,-1,-1,-1
44,9,1964,995,104,48,1,-1,-1,-1
44,11,2117,987,110,46,1,-1,-1,-1
44,12,1757,999,88,44,1,-1,-1,-1
45,0,317,1031,71,34,1,-1,-1,-1
45,1,1855,991,96,48,1,-1,-1,-1
45,2,1049,1019,60,32,1,-1,-1,-1
45,3,215,1036,58,25,1,-1,-1,-1
45,4,483,1025,60,28,1,-1,-1,-1
45,5,1468,1002,84,44,1,-1,-1,-1
45,7,1212,1011,68,40,1,-1,-1,-1
45,8,2499,979,72,48,1,-1,-1,-1
45,9,1967,995,104,48,1,-1,-1,-1
45,11,2121,988,105,44,1,-1,-1,-1
45,12,1760,999,88,44,1,-1,-1,-1
46,0,324,1031,71,34,1,-1,-1,-1
46,1,1862,991,91,46,1,-1,-1,-1
46,2,1055,1018,60,32,1,-1,-1,-1
46,3,219,1036,58,25,1,-1,-1,-1
46,4,489,1024,60,28,1,-1,-1,-1
46,5,1473,1002,84,44,1,-1,-1,-1
46,7,1217,1010,68,40,1,-1,-1,-1
46,8,2503,979,72,48,1,-1,-1,-1
46,9,1970,995,104,48,1,-1,-1,-1
46,11,2123,988,105,44,1,-1,-1,-1
46,12,1764,999,88,44,1,-1,-1,-1
47,0,325,1031,71,34,1,-1,-1,-1
47,1,1863,990,91,46,1,-1,-1,-1
47,2,1056,1018,60,32,1,-1,-1,-1
47,3,222,1036,58,25,1,-1,-1,-1
47,4,491,1024,60,28,1,-1,-1,-1
47,5,1474,1002,84,44,1,-1,-1,-1
47,7,1219,1010,68,40,1,-1,-1,-1
47,8,2504,978,72,48,1,-1,-1,-1
47,9,1972,995,104,48,1,-1,-1,-1
47,11,2125,987,105,44,1,-1,-1,-1
47,12,1765,998,88,44,1,-1,-1,-1
48,0,327,1031,71,34,1,-1,-1,-1
48,1,1864,990,91,46,1,-1,-1,-1
48,2,1058,1017,60,32,1,-1,-1,-1
48,3,225,1036,58,25,1,-1,-1,-1
48,4,494,1024,60,28,1,-1,-1,-1
48,5,1476,1002,84,44,1,-1,-1,-1
48,7,1221,1010,68,40,1,-1,-1,-1
48,8,2507,979,69,46,1,-1,-1,-1
48,9,1973,995,104,48,1,-1,-1,-1
48,11,2126,987,105,44,1,-1,-1,-1
48,12,1767,997,88,44,1,-1,-1,-1
49,0,332,1032,68,28,1,-1,-1,-1
49,1,1864,992,96,44,1,-1,-1,-1
49,2,1060,1016,64,32,1,-1,-1,-1
49,3,228,1028,64,32,1,-1,-1,-1
49,4,494,1024,60,28,1,-1,-1,-1
49,5,1476,1004,92,44,1,-1,-1,-1
49,7,1224,1008,68,36,1,-1,-1,-1
49,8,2504,976,52,52,1,-1,-1,-1
49,9,1980,992,104,44,1,-1,-1,-1
49,11,2126,987,105,44,1,-1,-1,-1
49,12,1767,997,88,44,1,-1,-1,-1
49,13,2300,984,64,48,1,-1,-1,-1
50,0,338,1032,68,28,1,-1,-1,-1
50,1,1868,991,96,44,1,-1,-1,-1
50,2,1065,1016,64,32,1,-1,-1,-1
50,3,234,1028,64,32,1,-1,-1,-1
50,4,503,1024,60,28,1,-1,-1,-1
50,5,1482,1004,92,44,1,-1,-1,-1
50,7,1229,1008,68,36,1,-1,-1,-1
50,8,2509,976,52,52,1,-1,-1,-1
50,9,1984,992,104,44,1,-1,-1,-1
50,11,2131,988,100,41,1,-1,-1,-1
50,12,1775,997,88,44,1,-1,-1,-1
50,13,2305,984,64,48,1,-1,-1,-1
51,0,341,1032,68,28,1,-1,-1,-1
51,1,1870,992,96,44,1,-1,-1,-1
51,2,1068,1016,64,32,1,-1,-1,-1
51,3,237,1028,64,32,1,-1,-1,-1
51,4,506,1024,60,28,1,-1,-1,-1
51,5,1485,1005,88,42,1,-1,-1,-1
51,7,1232,1008,68,36,1,-1,-1,-1
51,8,2511,976,52,52,1,-1,-1,-1
51,9,1986,991,104,44,1,-1,-1,-1
51,11,2133,988,100,41,1,-1,-1,-1
51,12,1775,998,88,44,1,-1,-1,-1
51,13,2307,985,64,48,1,-1,-1,-1
52,0,340,1031,71,29,1,-1,-1,-1
52,1,1872,991,96,44,1,-1,-1,-1
52,2,1069,1016,64,32,1,-1,-1,-1
52,3,239,1028,64,32,1,-1,-1,-1
52,4,508,1024,60,28,1,-1,-1,-1
52,5,1487,1005,88,42,1,-1,-1,-1
52,7,1235,1007,68,36,1,-1,-1,-1
52,8,2513,976,52,52,1,-1,-1,-1
52,9,1988,991,104,44,1,-1,-1,-1
52,11,2134,988,100,41,1,-1,-1,-1
52,12,1778,997,88,44,1,-1,-1,-1
52,13,2309,984,64,48,1,-1,-1,-1
53,0,344,1031,71,29,1,-1,-1,-1
53,1,1874,991,96,44,1,-1,-1,-1
53,2,1073,1016,64,32,1,-1,-1,-1
53,3,241,1028,64,32,1,-1,-1,-1
53,4,511,1024,60,28,1,-1,-1,-1
53,5,1490,1006,88,42,1,-1,-1,-1
53,7,1235,1007,71,38,1,-1,-1,-1
53,8,2516,976,52,52,1,-1,-1,-1
53,9,1990,991,104,44,1,-1,-1,-1
53,11,2136,988,100,41,1,-1,-1,-1
53,12,1780,997,88,44,1,-1,-1,-1
53,13,2313,984,64,48,1,-1,-1,-1
54,0,349,1031,71,29,1,-1,-1,-1
54,1,1878,992,91,42,1,-1,-1,-1
54,2,1074,1015,67,34,1,-1,-1,-1
54,3,246,1027,64,32,1,-1,-1,-1
54,4,517,1024,60,28,1,-1,-1,-1
54,5,1494,1006,88,42,1,-1,-1,-1
54,7,1241,1007,71,38,1,-1,-1,-1
54,8,2520,977,52,52,1,-1,-1,-1
54,9,1992,990,104,44,1,-1,-1,-1
54,11,2138,988,100,41,1,-1,-1,-1
54,12,1783,997,88,44,1,-1,-1,-1
55,0,350,1030,71,29,1,-1,-1,-1
55,1,1879,991,96,44,1,-1,-1,-1
55,2,1076,1015,67,34,1,-1,-1,-1
55,3,248,1028,64,32,1,-1,-1,-1
55,4,518,1023,60,28,1,-1,-1,-1
55,5,1498,1007,83,40,1,-1,-1,-1
55,7,1242,1007,71,38,1,-1,-1,-1
55,8,2523,978,50,50,1,-1,-1,-1
55,9,1993,990,104,44,1,-1,-1,-1
55,11,2139,987,100,41,1,-1,-1,-1
55,12,1785,996,88,44,1,-1,-1,-1
56,0,352,1030,71,29,1,-1,-1,-1
56,1,1881,991,96,44,1,-1,-1,-1
56,2,1077,1015,67,34,1,-1,-1,-1
56,3,250,1027,64,32,1,-1,-1,-1
56,4,521,1023,60,28,1,-1,-1,-1
56,5,1498,1007,83,40,1,-1,-1,-1
56,7,1245,1006,71,38,1,-1,-1,-1
56,8,2525,978,50,50,1,-1,-1,-1
56,9,1994,990,104,44,1,-1,-1,-1
56,11,2139,987,100,41,1,-1,-1,-1
56,12,1786,996,88,44,1,-1,-1,-1
57,0,352,1030,71,29,1,-1,-1,-1
57,1,1888,992,88,40,1,-1,-1,-1
57,2,1084,1020,56,28,1,-1,-1,-1
57,3,248,1028,68,32,1,-1,-1,-1
57,4,521,1023,60,28,1,-1,-1,-1
57,5,1492,1004,68,40,1,-1,-1,-1
57,7,1248,1004,72,40,1,-1,-1,-1
57,8,2525,978,50,50,1,-1,-1,-1
57,9,1994,990,104,44,1,-1,-1,-1
57,11,2136,984,112,48,1,-1,-1,-1
57,12,1792,996,72,36,1,-1,-1,-1
57,14,2528,976,28,40,1,-1,-1,-1
57,15,596,1020,64,32,1,-1,-1,-1
58,0,359,1030,71,29,1,-1,-1,-1
58,1,1890,992,88,40,1,-1,-1,-1
58,2,1087,1020,56,28,1,-1,-1,-1
58,3,248,1027,71,34,1,-1,-1,-1
58,4,527,1023,60,28,1,-1,-1,-1
58,5,1495,1004,68,40,1,-1,-1,-1
58,7,1252,1004,72,40,1,-1,-1,-1
58,8,2528,979,50,50,1,-1,-1,-1
58,9,1999,990,104,44,1,-1,-1,-1
58,11,2138,984,112,48,1,-1,-1,-1
58,12,1795,996,72,36,1,-1,-1,-1
58,14,2530,976,28,40,1,-1,-1,-1
58,15,599,1019,67,34,1,-1,-1,-1
59,0,361,1030,71,29,1,-1,-1,-1
59,1,1892,992,88,40,1,-1,-1,-1
59,2,1090,1020,56,28,1,-1,-1,-1
59,3,250,1027,71,34,1,-1,-1,-1
59,4,529,1023,60,28,1,-1,-1,-1
59,5,1498,1004,68,40,1,-1,-1,-1
59,7,1255,1004,72,40,1,-1,-1,-1
59,9,2000,990,104,44,1,-1,-1,-1
59,11,2139,984,112,48,1,-1,-1,-1
59,12,1797,996,72,36,1,-1,-1,-1
59,14,2533,976,28,40,1,-1,-1,-1
59,15,603,1020,64,32,1,-1,-1,-1
60,0,363,1030,71,29,1,-1,-1,-1
60,1,1894,992,88,40,1,-1,-1,-1
60,2,1091,1020,56,28,1,-1,-1,-1
60,3,252,1027,71,34,1,-1,-1,-1
60,4,532,1022,60,28,1,-1,-1,-1
60,5,1499,1004,68,40,1,-1,-1,-1
60,7,1257,1004,72,40,1,-1,-1,-1
60,9,2002,990,104,44,1,-1,-1,-1
60,11,2140,984,112,48,1,-1,-1,-1
60,12,1799,996,72,36,1,-1,-1,-1
60,14,2534,976,28,40,1,-1,-1,-1
60,15,606,1021,61,30,1,-1,-1,-1
61,0,365,1030,71,29,1,-1,-1,-1
61,1,1896,992,88,40,1,-1,-1,-1
61,2,1093,1020,56,28,1,-1,-1,-1
61,3,255,1027,71,34,1,-1,-1,-1
61,4,537,1023,57,27,1,-1,-1,-1
61,5,1501,1004,68,40,1,-1,-1,-1
61,7,1259,1005,72,40,1,-1,-1,-1
61,9,2003,991,104,44,1,-1,-1,-1
61,11,2142,984,112,48,1,-1,-1,-1
61,12,1800,996,72,36,1,-1,-1,-1
61,14,2536,974,28,40,1,-1,-1,-1
61,15,608,1021,61,30,1,-1,-1,-1
62,0,373,1030,71,29,1,-1,-1,-1
62,1,1899,991,88,40,1,-1,-1,-1
62,2,1098,1020,56,28,1,-1,-1,-1
62,3,262,1028,68,32,1,-1,-1,-1
62,4,542,1023,57,27,1,-1,-1,-1
62,5,1505,1004,68,40,1,-1,-1,-1
62,7,1265,1004,72,40,1,-1,-1,-1
62,9,2007,990,104,44,1,-1,-1,-1
62,11,2144,984,112,48,1,-1,-1,-1
62,12,1804,996,72,36,1,-1,-1,-1
62,14,2539,971,28,40,1,-1,-1,-1
62,15,614,1021,61,30,1,-1,-1,-1
63,0,373,1029,71,29,1,-1,-1,-1
63,1,1901,990,88,40,1,-1,-1,-1
63,2,1100,1020,56,28,1,-1,-1,-1
63,3,264,1028,68,32,1,-1,-1,-1
63,4,543,1023,57,27,1,-1,-1,-1
63,5,1507,1003,68,40,1,-1,-1,-1
63,7,1268,1004,72,40,1,-1,-1,-1
63,9,2008,989,104,44,1,-1,-1,-1
63,11,2145,984,112,48,1,-1,-1,-1
63,12,1806,995,72,36,1,-1,-1,-1
63,15,615,1021,61,30,1,-1,-1,-1
64,0,375,1029,71,29,1,-1,-1,-1
64,1,1903,990,88,40,1,-1,-1,-1
64,2,1102,1020,56,28,1,-1,-1,-1
64,3,265,1028,71,34,1,-1,-1,-1
64,4,547,1023,57,27,1,-1,-1,-1
64,5,1509,1003,68,40,1,-1,-1,-1
64,7,1269,1004,72,40,1,-1,-1,-1
64,9,2009,989,104,44,1,-1,-1,-1
64,11,2147,984,112,48,1,-1,-1,-1
64,12,1809,996,69,34,1,-1,-1,-1
64,15,619,1021,61,30,1,-1,-1,-1
65,0,384,1028,64,32,1,-1,-1,-1
65,1,1904,988,88,52,1,-1,-1,-1
65,2,1104,1016,56,32,1,-1,-1,-1
65,3,272,1028,64,28,1,-1,-1,-1
65,4,552,1020,60,32,1,-1,-1,-1
65,5,1512,1000,88,40,1,-1,-1,-1
65,7,1272,1004,72,40,1,-1,-1,-1
65,9,2012,988,96,48,1,-1,-1,-1
65,11,2148,984,108,44,1,-1,-1,-1
65,12,1800,996,60,40,1,-1,-1,-1
65,15,620,1020,60,32,1,-1,-1,-1
65,16,1184,1008,68,36,1,-1,-1,-1
66,0,390,1027,64,32,1,-1,-1,-1
66,1,1907,988,88,52,1,-1,-1,-1
66,2,1109,1016,56,32,1,-1,-1,-1
66,3,278,1028,64,28,1,-1,-1,-1
66,4,558,1020,60,32,1,-1,-1,-1
66,5,1516,1000,88,40,1,-1,-1,-1
66,7,1278,1003,72,40,1,-1,-1,-1
66,9,2015,988,96,48,1,-1,-1,-1
66,11,2151,984,108,44,1,-1,-1,-1
66,12,1805,996,60,40,1,-1,-1,-1
66,15,625,1020,60,32,1,-1,-1,-1
66,16,1190,1008,68,36,1,-1,-1,-1
67,0,393,1028,64,32,1,-1,-1,-1
67,1,1910,988,88,52,1,-1,-1,-1
67,2,1112,1016,56,32,1,-1,-1,-1
67,3,280,1028,64,28,1,-1,-1,-1
67,4,561,1020,60,32,1,-1,-1,-1
67,5,1519,1000,88,40,1,-1,-1,-1
67,7,1280,1004,72,40,1,-1,-1,-1
67,9,2020,989,91,46,1,-1,-1,-1
67,11,2153,984,108,44,1,-1,-1,-1
67,12,1807,996,60,40,1,-1,-1,-1
67,15,627,1020,60,32,1,-1,-1,-1
67,16,1192,1008,68,36,1,-1,-1,-1
68,0,396,1028,64,32,1,-1,-1,-1
68,1,1912,988,88,52,1,-1,-1,-1
68,2,1114,1016,56,32,1,-1,-1,-1
68,3,282,1028,64,28,1,-1,-1,-1
68,4,564,1020,60,32,1,-1,-1,-1
68,5,1523,1001,84,38,1,-1,-1,-1
68,7,1283,1004,72,40,1,-1,-1,-1
68,9,2022,988,91,46,1,-1,-1,-1
68,11,2155,984,108,44,1,-1,-1,-1
68,12,1810,996,60,40,1,-1,-1,-1
68,15,630,1020,60,32,1,-1,-1,-1
68,16,1194,1008,68,36,1,-1,-1,-1
69,0,398,1028,64,32,1,-1,-1,-1
69,1,1913,988,88,52,1,-1,-1,-1
69,2,1116,1016,56,32,1,-1,-1,-1
69,3,285,1028,64,28,1,-1,-1,-1
69,4,566,1020,60,32,1,-1,-1,-1
69,5,1525,1001,84,38,1,-1,-1,-1
69,7,1286,1004,72,40,1,-1,-1,-1
69,9,2024,988,91,46,1,-1,-1,-1
69,11,2156,984,108,44,1,-1,-1,-1
69,12,1812,997,60,40,1,-1,-1,-1
69,15,632,1019,60,32,1,-1,-1,-1
69,16,1197,1009,65,34,1,-1,-1,-1
70,0,404,1028,64,32,1,-1,-1,-1
70,1,1918,987,88,52,1,-1,-1,-1
70,2,1121,1016,56,32,1,-1,-1,-1
70,3,289,1028,64,28,1,-1,-1,-1
70,4,572,1020,60,32,1,-1,-1,-1
70,5,1529,1001,84,38,1,-1,-1,-1
70,7,1291,1003,72,40,1,-1,-1,-1
70,9,2027,988,91,46,1,-1,-1,-1
70,11,2156,982,113,46,1,-1,-1,-1
70,12,1816,997,60,40,1,-1,-1,-1
70,15,637,1019,60,32,1,-1,-1,-1
70,16,1202,1009,65,34,1,-1,-1,-1
71,0,405,1028,64,32,1,-1,-1,-1
71,1,1918,987,88,52,1,-1,-1,-1
71,2,1122,1016,56,32,1,-1,-1,-1
71,3,291,1028,64,28,1,-1,-1,-1
71,4,573,1019,60,32,1,-1,-1,-1
71,5,1530,1000,84,38,1,-1,-1,-1
71,7,1292,1003,72,40,1,-1,-1,-1
71,9,2027,988,91,46,1,-1,-1,-1
71,11,2157,982,113,46,1,-1,-1,-1
71,12,1816,996,60,40,1,-1,-1,-1
71,15,638,1019,60,32,1,-1,-1,-1
71,16,1204,1009,65,34,1,-1,-1,-1
72,0,407,1028,64,32,1,-1,-1,-1
72,1,1919,987,88,52,1,-1,-1,-1
72,2,1124,1016,56,32,1,-1,-1,-1
72,3,293,1028,64,28,1,-1,-1,-1
72,4,575,1019,60,32,1,-1,-1,-1
72,5,1531,1000,84,38,1,-1,-1,-1
72,7,1294,1003,72,40,1,-1,-1,-1
72,9,2029,988,91,46,1,-1,-1,-1
72,11,2161,983,108,44,1,-1,-1,-1
72,12,1817,996,60,40,1,-1,-1,-1
72,15,641,1019,57,30,1,-1,-1,-1
72,16,1205,1008,65,34,1,-1,-1,-1
73,0,404,1020,68,36,1,-1,-1,-1
73,1,1920,984,88,48,1,-1,-1,-1
73,2,1124,1016,56,28,1,-1,-1,-1
73,3,293,1028,64,28,1,-1,-1,-1
73,4,575,1019,60,32,1,-1,-1,-1
73,5,1528,1000,92,36,1,-1,-1,-1
73,7,1294,1003,72,40,1,-1,-1,-1
73,9,2028,988,96,40,1,-1,-1,-1
73,11,2160,984,112,52,1,-1,-1,-1
73,12,1817,996,60,40,1,-1,-1,-1
73,15,648,1020,60,28,1,-1,-1,-1
73,16,1205,1008,65,34,1,-1,-1,-1
73,17,1664,996,64,36,1,-1,-1,-1
74,0,409,1020,68,36,1,-1,-1,-1
74,1,1924,984,88,48,1,-1,-1,-1
74,2,1129,1016,56,28,1,-1,-1,-1
74,3,300,1028,64,28,1,-1,-1,-1
74,4,583,1019,60,32,1,-1,-1,-1
74,5,1532,999,92,36,1,-1,-1,-1
74,7,1301,1003,72,40,1,-1,-1,-1
74,9,2031,988,96,40,1,-1,-1,-1
74,11,2163,984,112,52,1,-1,-1,-1
74,12,1823,995,60,40,1,-1,-1,-1
74,15,654,1020,60,28,1,-1,-1,-1
74,16,1211,1008,65,34,1,-1,-1,-1
74,17,1667,995,67,38,1,-1,-1,-1
75,0,411,1020,68,36,1,-1,-1,-1
75,1,1926,984,88,48,1,-1,-1,-1
75,2,1130,1016,56,28,1,-1,-1,-1
75,3,302,1028,64,28,1,-1,-1,-1
75,4,586,1019,60,32,1,-1,-1,-1
75,5,1533,999,92,36,1,-1,-1,-1
75,7,1302,1004,72,40,1,-1,-1,-1
75,9,2032,988,96,40,1,-1,-1,-1
75,11,2165,984,112,52,1,-1,-1,-1
75,12,1825,995,60,40,1,-1,-1,-1
75,15,657,1020,60,28,1,-1,-1,-1
75,16,1213,1008,65,34,1,-1,-1,-1
75,17,1669,995,67,38,1,-1,-1,-1
76,0,414,1020,68,36,1,-1,-1,-1
76,1,1928,983,88,48,1,-1,-1,-1
76,2,1134,1016,56,28,1,-1,-1,-1
76,3,303,1028,64,28,1,-1,-1,-1
76,4,588,1019,60,32,1,-1,-1,-1
76,5,1535,999,92,36,1,-1,-1,-1
76,7,1305,1004,72,40,1,-1,-1,-1
76,9,2034,988,96,40,1,-1,-1,-1
76,11,2168,984,112,52,1,-1,-1,-1
76,12,1826,995,60,40,1,-1,-1,-1
76,15,660,1021,57,27,1,-1,-1,-1
76,16,1215,1008,65,34,1,-1,-1,-1
76,17,1671,995,67,38,1,-1,-1,-1
77,0,417,1020,68,36,1,-1,-1,-1
77,1,1930,983,88,48,1,-1,-1,-1
77,2,1135,1016,56,28,1,-1,-1,-1
77,3,306,1028,64,28,1,-1,-1,-1
77,4,592,1019,60,32,1,-1,-1,-1
77,5,1537,999,92,36,1,-1,-1,-1
77,7,1307,1003,72,40,1,-1,-1,-1
77,9,2035,987,96,40,1,-1,-1,-1
77,11,2169,984,112,52,1,-1,-1,-1
77,12,1828,994,60,40,1,-1,-1,-1
77,15,664,1021,57,27,1,-1,-1,-1
77,16,1216,1008,65,34,1,-1,-1,-1
77,17,1672,995,67,38,1,-1,-1,-1
78,0,422,1019,68,36,1,-1,-1,-1
78,1,1933,983,88,48,1,-1,-1,-1
78,2,1140,1016,56,28,1,-1,-1,-1
78,3,311,1027,64,28,1,-1,-1,-1
78,4,597,1019,60,32,1,-1,-1,-1
78,5,1542,999,92,36,1,-1,-1,-1
78,7,1311,1002,72,40,1,-1,-1,-1
78,9,2039,986,96,40,1,-1,-1,-1
78,11,2174,984,107,50,1,-1,-1,-1
78,12,1833,995,60,40,1,-1,-1,-1
78,15,668,1021,57,27,1,-1,-1,-1
78,16,1222,1008,65,34,1,-1,-1,-1
78,17,1678,995,67,38,1,-1,-1,-1
79,0,425,1018,68,36,1,-1,-1,-1
79,1,1935,983,88,48,1,-1,-1,-1
79,2,1145,1016,53,27,1,-1,-1,-1
79,3,312,1027,64,28,1,-1,-1,-1
79,4,600,1018,60,32,1,-1,-1,-1
79,5,1543,999,92,36,1,-1,-1,-1
79,7,1313,1002,72,40,1,-1,-1,-1
79,9,2040,986,96,40,1,-1,-1,-1
79,11,2177,983,107,50,1,-1,-1,-1
79,12,1835,994,60,40,1,-1,-1,-1
79,15,671,1021,54,25,1,-1,-1,-1
79,16,1223,1007,65,34,1,-1,-1,-1
79,17,1679,995,67,38,1,-1,-1,-1
80,0,427,1018,68,36,1,-1,-1,-1
80,1,1937,983,88,48,1,-1,-1,-1
80,2,1144,1015,56,28,1,-1,-1,-1
80,3,315,1026,64,28,1,-1,-1,-1
80,4,602,1018,60,32,1,-1,-1,-1
80,5,1545,999,92,36,1,-1,-1,-1
80,7,1316,1001,72,40,1,-1,-1,-1
80,9,2041,986,96,40,1,-1,-1,-1
80,11,2178,982,107,50,1,-1,-1,-1
80,12,1838,994,60,40,1,-1,-1,-1
80,15,674,1021,54,25,1,-1,-1,-1
80,16,1226,1006,65,34,1,-1,-1,-1
80,17,1680,995,67,38,1,-1,-1,-1
81,0,428,1020,72,32,1,-1,-1,-1
81,1,1948,988,76,44,1,-1,-1,-1
81,2,1144,1012,56,32,1,-1,-1,-1
81,3,315,1026,64,28,1,-1,-1,-1
81,4,602,1018,60,32,1,-1,-1,-1
81,5,1548,1000,84,36,1,-1,-1,-1
81,7,1316,1000,76,40,1,-1,-1,-1
81,9,2044,988,96,40,1,-1,-1,-1
81,11,2178,982,107,50,1,-1,-1,-1
81,12,1838,994,60,40,1,-1,-1,-1
81,15,674,1021,54,25,1,-1,-1,-1
81,16,1228,1004,72,36,1,-1,-1,-1
81,17,1680,995,67,38,1,-1,-1,-1
81,18,1860,992,64,36,1,-1,-1,-1
82,0,433,1020,72,32,1,-1,-1,-1
82,1,1951,987,76,44,1,-1,-1,-1
82,2,1148,1012,56,32,1,-1,-1,-1
82,3,322,1026,64,28,1,-1,-1,-1
82,4,609,1018,60,32,1,-1,-1,-1
82,5,1551,1000,84,36,1,-1,-1,-1
82,7,1319,1000,76,40,1,-1,-1,-1
82,9,2046,987,96,40,1,-1,-1,-1
82,11,2182,983,102,47,1,-1,-1,-1
82,12,1843,993,60,40,1,-1,-1,-1
82,15,680,1021,54,25,1,-1,-1,-1
82,16,1231,1004,72,36,1,-1,-1,-1
82,17,1685,995,67,38,1,-1,-1,-1
82,18,1863,992,64,36,1,-1,-1,-1
83,0,436,1021,69,30,1,-1,-1,-1
83,1,1953,987,76,44,1,-1,-1,-1
83,2,1150,1012,56,32,1,-1,-1,-1
83,3,324,1026,64,28,1,-1,-1,-1
83,4,611,1017,60,32,1,-1,-1,-1
83,5,1553,1000,84,36,1,-1,-1,-1
83,7,1322,1000,76,40,1,-1,-1,-1
83,9,2048,988,96,40,1,-1,-1,-1
83,11,2182,981,107,50,1,-1,-1,-1
83,12,1845,992,60,40,1,-1,-1,-1
83,15,682,1020,54,25,1,-1,-1,-1
83,16,1233,1004,72,36,1,-1,-1,-1
83,17,1685,994,67,38,1,-1,-1,-1
83,18,1864,992,64,36,1,-1,-1,-1
84,0,439,1021,69,30,1,-1,-1,-1
84,1,1954,987,76,44,1,-1,-1,-1
84,2,1151,1012,56,32,1,-1,-1,-1
84,3,325,1025,64,28,1,-1,-1,-1
84,4,615,1016,60,32,1,-1,-1,-1
84,5,1555,1000,84,36,1,-1,-1,-1
84,7,1324,1000,76,40,1,-1,-1,-1
84,9,2048,987,96,40,1,-1,-1,-1
84,11,2184,981,107,50,1,-1,-1,-1
84,12,1846,992,60,40,1,-1,-1,-1
84,15,683,1020,54,25,1,-1,-1,-1
84,16,1235,1004,72,36,1,-1,-1,-1
84,17,1687,994,67,38,1,-1,-1,-1
84,18,1866,992,64,36,1,-1,-1,-1
85,0,441,1021,69,30,1,-1,-1,-1
85,1,1955,987,76,44,1,-1,-1,-1
85,2,1154,1012,56,32,1,-1,-1,-1
85,3,327,1025,64,28,1,-1,-1,-1
85,4,619,1017,57,30,1,-1,-1,-1
85,5,1557,1000,84,36,1,-1,-1,-1
85,7,1326,1000,76,40,1,-1,-1,-1
85,9,2050,987,96,40,1,-1,-1,-1
85,11,2182,980,112,52,1,-1,-1,-1
85,12,1848,992,60,40,1,-1,-1,-1
85,15,686,1018,57,27,1,-1,-1,-1
85,16,1236,1004,72,36,1,-1,-1,-1
85,17,1688,993,67,38,1,-1,-1,-1
85,18,1868,992,64,36,1,-1,-1,-1
86,0,447,1020,69,30,1,-1,-1,-1
86,1,1959,986,76,44,1,-1,-1,-1
86,2,1159,1011,56,32,1,-1,-1,-1
86,3,333,1025,64,28,1,-1,-1,-1
86,4,624,1016,57,30,1,-1,-1,-1
86,5,1561,1000,84,36,1,-1,-1,-1
86,7,1331,999,76,40,1,-1,-1,-1
86,9,2054,986,96,40,1,-1,-1,-1
86,11,2184,979,112,52,1,-1,-1,-1
86,12,1853,991,60,40,1,-1,-1,-1
86,15,691,1018,57,27,1,-1,-1,-1
86,16,1240,1003,76,38,1,-1,-1,-1
86,17,1692,992,67,38,1,-1,-1,-1
86,18,1873,991,64,36,1,-1,-1,-1
87,0,449,1020,69,30,1,-1,-1,-1
87,1,1961,986,76,44,1,-1,-1,-1
87,2,1162,1010,56,32,1,-1,-1,-1
87,3,335,1025,64,28,1,-1,-1,-1
87,4,628,1016,57,30,1,-1,-1,-1
87,5,1563,999,84,36,1,-1,-1,-1
87,7,1333,1000,76,40,1,-1,-1,-1
87,9,2055,986,96,40,1,-1,-1,-1
87,11,2187,980,112,52,1,-1,-1,-1
87,12,1855,990,60,40,1,-1,-1,-1
87,15,694,1018,54,25,1,-1,-1,-1
87,16,1242,1003,76,38,1,-1,-1,-1
87,17,1695,993,64,36,1,-1,-1,-1
87,18,1874,991,64,36,1,-1,-1,-1
88,0,452,1019,72,32,1,-1,-1,-1
88,1,1963,986,76,44,1,-1,-1,-1
88,2,1163,1011,56,32,1,-1,-1,-1
88,3,336,1025,64,28,1,-1,-1,-1
88,4,630,1016,54,29,1,-1,-1,-1
88,5,1565,999,84,36,1,-1,-1,-1
88,7,1334,999,76,40,1,-1,-1,-1
88,9,2056,986,96,40,1,-1,-1,-1
88,11,2189,979,112,52,1,-1,-1,-1
88,12,1857,990,60,40,1,-1,-1,-1
88,15,696,1019,54,25,1,-1,-1,-1
88,16,1244,1002,76,38,1,-1,-1,-1
88,17,1698,993,64,36,1,-1,-1,-1
88,18,1876,991,64,36,1,-1,-1,-1
89,0,452,1020,64,32,1,-1,-1,-1
89,1,1963,986,76,44,1,-1,-1,-1
89,2,1168,1012,60,32,1,-1,-1,-1
89,3,336,1025,64,28,1,-1,-1,-1
89,4,630,1016,54,29,1,-1,-1,-1
89,5,1572,996,80,40,1,-1,-1,-1
89,7,1340,996,72,40,1,-1,-1,-1
89,9,2072,984,80,40,1,-1,-1,-1
89,11,2189,979,112,52,1,-1,-1,-1
89,12,1857,990,60,40,1,-1,-1,-1
89,15,696,1019,54,25,1,-1,-1,-1
89,16,1260,1004,56,32,1,-1,-1,-1
89,17,1698,993,64,36,1,-1,-1,-1
89,18,1876,991,64,36,1,-1,-1,-1
89,19,2420,984,64,40,1,-1,-1,-1
90,0,459,1020,64,32,1,-1,-1,-1
90,1,1972,985,76,44,1,-1,-1,-1
90,2,1174,1011,60,32,1,-1,-1,-1
90,3,345,1025,64,28,1,-1,-1,-1
90,4,640,1017,54,29,1,-1,-1,-1
90,5,1579,996,80,40,1,-1,-1,-1
90,7,1346,996,72,40,1,-1,-1,-1
90,9,2077,984,80,40,1,-1,-1,-1
90,11,2199,980,112,52,1,-1,-1,-1
90,12,1865,990,60,40,1,-1,-1,-1
90,15,705,1018,57,27,1,-1,-1,-1
90,16,1266,1003,56,32,1,-1,-1,-1
90,17,1705,993,64,36,1,-1,-1,-1
90,18,1885,990,64,36,1,-1,-1,-1
90,19,2425,984,64,40,1,-1,-1,-1
91,0,463,1020,64,32,1,-1,-1,-1
91,1,1975,984,76,44,1,-1,-1,-1
91,2,1178,1012,60,32,1,-1,-1,-1
91,3,349,1024,64,28,1,-1,-1,-1
91,4,643,1017,54,29,1,-1,-1,-1
91,5,1581,995,80,40,1,-1,-1,-1
91,7,1349,996,72,40,1,-1,-1,-1
91,9,2078,982,84,42,1,-1,-1,-1
91,11,2200,980,112,52,1,-1,-1,-1
91,12,1869,990,60,40,1,-1,-1,-1
91,15,711,1017,57,27,1,-1,-1,-1
91,16,1271,1004,53,30,1,-1,-1,-1
91,17,1707,994,64,36,1,-1,-1,-1
91,18,1888,990,64,36,1,-1,-1,-1
91,19,2428,983,64,40,1,-1,-1,-1
92,0,466,1020,64,32,1,-1,-1,-1
92,1,1978,985,76,44,1,-1,-1,-1
92,2,1182,1011,60,32,1,-1,-1,-1
92,3,352,1024,64,28,1,-1,-1,-1
92,4,647,1016,57,30,1,-1,-1,-1
92,5,1585,995,80,40,1,-1,-1,-1
92,7,1352,996,72,40,1,-1,-1,-1
92,9,2081,982,84,42,1,-1,-1,-1
92,11,2202,980,112,52,1,-1,-1,-1
92,12,1872,990,60,40,1,-1,-1,-1
92,15,711,1017,57,27,1,-1,-1,-1
92,16,1274,1004,53,30,1,-1,-1,-1
92,17,1710,993,64,36,1,-1,-1,-1
92,18,1892,992,61,34,1,-1,-1,-1
92,19,2431,983,64,40,1,-1,-1,-1
93,0,471,1020,64,32,1,-1,-1,-1
93,1,1980,985,76,44,1,-1,-1,-1
93,2,1184,1011,60,32,1,-1,-1,-1
93,3,356,1024,64,28,1,-1,-1,-1
93,4,650,1016,54,29,1,-1,-1,-1
93,5,1587,995,80,40,1,-1,-1,-1
93,7,1355,996,72,40,1,-1,-1,-1
93,9,2084,982,84,42,1,-1,-1,-1
93,11,2205,979,112,52,1,-1,-1,-1
93,12,1876,991,57,38,1,-1,-1,-1
93,15,716,1017,57,27,1,-1,-1,-1
93,16,1276,1003,53,30,1,-1,-1,-1
93,17,1713,993,61,34,1,-1,-1,-1
93,18,1896,991,61,34,1,-1,-1,-1
93,19,2434,984,64,40,1,-1,-1,-1
94,0,477,1020,64,32,1,-1,-1,-1
94,1,1986,984,76,44,1,-1,-1,-1
94,2,1190,1011,60,32,1,-1,-1,-1
94,3,362,1024,64,28,1,-1,-1,-1
94,4,656,1016,54,29,1,-1,-1,-1
94,5,1594,995,80,40,1,-1,-1,-1
94,7,1362,995,72,40,1,-1,-1,-1
94,9,2091,983,80,40,1,-1,-1,-1
94,11,2212,979,112,52,1,-1,-1,-1
94,12,1883,990,57,38,1,-1,-1,-1
94,15,721,1016,57,27,1,-1,-1,-1
94,16,1281,1002,56,32,1,-1,-1,-1
94,17,1717,993,61,34,1,-1,-1,-1
94,18,1902,991,61,34,1,-1,-1,-1
94,19,2441,982,64,40,1,-1,-1,-1
95,0,480,1020,64,32,1,-1,-1,-1
95,1,1989,984,76,44,1,-1,-1,-1
95,2,1193,1010,60,32,1,-1,-1,-1
95,3,366,1024,64,28,1,-1,-1,-1
95,4,660,1015,54,29,1,-1,-1,-1
95,5,1597,995,80,40,1,-1,-1,-1
95,7,1363,995,72,40,1,-1,-1,-1
95,9,2093,983,80,40,1,-1,-1,-1
95,11,2214,978,112,52,1,-1,-1,-1
95,12,1886,990,57,38,1,-1,-1,-1
95,15,725,1015,57,27,1,-1,-1,-1
95,16,1285,1002,56,32,1,-1,-1,-1
95,17,1719,992,61,34,1,-1,-1,-1
95,18,1904,990,61,34,1,-1,-1,-1
95,19,2443,981,64,40,1,-1,-1,-1
96,0,484,1020,64,32,1,-1,-1,-1
96,1,1990,984,76,44,1,-1,-1,-1
96,2,1197,1010,60,32,1,-1,-1,-1
96,3,370,1023,64,28,1,-1,-1,-1
96,4,663,1013,57,30,1,-1,-1,-1
96,5,1602,994,80,40,1,-1,-1,-1
96,7,1366,995,72,40,1,-1,-1,-1
96,9,2094,983,80,40,1,-1,-1,-1
96,11,2217,977,112,52,1,-1,-1,-1
96,12,1887,990,57,38,1,-1,-1,-1
96,15,729,1014,57,27,1,-1,-1,-1
96,16,1287,1002,56,32,1,-1,-1,-1
96,17,1723,991,61,34,1,-1,-1,-1
96,18,1907,990,61,34,1,-1,-1,-1
96,19,2446,980,64,40,1,-1,-1,-1
97,0,488,1016,68,28,1,-1,-1,-1
97,1,1988,980,88,48,1,-1,-1,-1
97,2,1200,1008,60,32,1,-1,-1,-1
97,3,368,1020,64,32,1,-1,-1,-1
97,4,663,1013,57,30,1,-1,-1,-1
97,5,1604,996,80,36,1,-1,-1,-1
97,7,1368,996,72,40,1,-1,-1,-1
97,9,2096,980,84,40,1,-1,-1,-1
97,11,2216,980,96,48,1,-1,-1,-1
97,12,1887,990,57,38,1,-1,-1,-1
97,15,729,1014,57,27,1,-1,-1,-1
97,16,1276,1000,72,36,1,-1,-1,-1
97,17,1720,988,84,40,1,-1,-1,-1
97,18,1907,990,61,34,1,-1,-1,-1
97,19,2424,972,96,48,1,-1,-1,-1
97,20,2300,972,100,48,1,-1,-1,-1
98,0,495,1016,68,28,1,-1,-1,-1
98,1,1995,979,88,48,1,-1,-1,-1
98,2,1207,1008,60,32,1,-1,-1,-1
98,3,375,1019,64,32,1,-1,-1,-1
98,4,674,1013,57,30,1,-1,-1,-1
98,5,1611,996,80,36,1,-1,-1,-1
98,7,1375,996,72,40,1,-1,-1,-1
98,9,2101,979,88,42,1,-1,-1,-1
98,11,2224,980,96,48,1,-1,-1,-1
98,15,740,1013,57,27,1,-1,-1,-1
98,16,1283,1000,72,36,1,-1,-1,-1
98,17,1727,987,84,40,1,-1,-1,-1
98,18,1914,989,61,34,1,-1,-1,-1
98,19,2431,972,96,48,1,-1,-1,-1
98,20,2302,972,100,48,1,-1,-1,-1
99,0,500,1016,68,28,1,-1,-1,-1
99,1,1999,978,88,48,1,-1,-1,-1
99,2,1212,1007,60,32,1,-1,-1,-1
99,3,380,1019,64,32,1,-1,-1,-1
99,4,678,1012,57,30,1,-1,-1,-1
99,5,1615,996,80,36,1,-1,-1,-1
99,7,1379,995,72,40,1,-1,-1,-1
99,9,2104,980,84,40,1,-1,-1,-1
99,11,2225,980,96,48,1,-1,-1,-1
99,15,744,1013,57,27,1,-1,-1,-1
99,16,1288,1000,72,36,1,-1,-1,-1
99,17,1729,987,84,40,1,-1,-1,-1
99,18,1920,988,61,34,1,-1,-1,-1
99,19,2436,973,91,46,1,-1,-1,-1
99,20,2306,973,95,46,1,-1,-1,-1
100,0,504,1016,68,28,1,-1,-1,-1
100,1,2002,978,88,48,1,-1,-1,-1
100,2,1216,1007,60,32,1,-1,-1,-1
100,3,384,1019,64,32,1,-1,-1,-1
100,4,682,1011,57,30,1,-1,-1,-1
100,5,1619,995,80,36,1,-1,-1,-1
100,7,1382,995,76,42,1,-1,-1,-1
100,9,2109,979,84,40,1,-1,-1,-1
100,11,2230,979,96,48,1,-1,-1,-1
100,15,748,1013,57,27,1,-1,-1,-1
100,16,1290,999,72,36,1,-1,-1,-1
100,17,1733,987,84,40,1,-1,-1,-1
100,18,1922,987,61,34,1,-1,-1,-1
100,19,2440,972,91,46,1,-1,-1,-1
100,20,2309,974,91,44,1,-1,-1,-1
101,0,508,1015,68,28,1,-1,-1,-1
101,1,2006,978,88,48,1,-1,-1,-1
101,2,1218,1007,60,32,1,-1,-1,-1
101,3,388,1019,64,32,1,-1,-1,-1
101,4,687,1011,57,30,1,-1,-1,-1
101,5,1620,994,80,36,1,-1,-1,-1
101,7,1385,995,76,42,1,-1,-1,-1
101,9,2111,979,84,40,1,-1,-1,-1
101,11,2233,979,96,48,1,-1,-1,-1
101,15,753,1012,57,27,1,-1,-1,-1
101,16,1294,998,76,38,1,-1,-1,-1
101,17,1736,987,84,40,1,-1,-1,-1
101,18,1926,986,61,34,1,-1,-1,-1
101,19,2443,972,91,46,1,-1,-1,-1
102,0,515,1014,68,28,1,-1,-1,-1
102,1,2012,977,88,48,1,-1,-1,-1
102,2,1225,1006,60,32,1,-1,-1,-1
102,3,395,1018,64,32,1,-1,-1,-1
102,4,694,1011,57,30,1,-1,-1,-1
102,5,1628,993,80,36,1,-1,-1,-1
102,7,1393,995,76,42,1,-1,-1,-1
102,9,2118,978,84,40,1,-1,-1,-1
102,11,2241,978,96,48,1,-1,-1,-1
102,15,760,1012,57,27,1,-1,-1,-1
102,16,1301,998,76,38,1,-1,-1,-1
102,17,1746,988,80,38,1,-1,-1,-1
102,18,1932,986,61,34,1,-1,-1,-1
102,19,2452,971,91,46,1,-1,-1,-1
103,0,520,1014,68,28,1,-1,-1,-1
103,1,2016,977,88,48,1,-1,-1,-1
103,2,1230,1005,60,32,1,-1,-1,-1
103,3,399,1017,64,32,1,-1,-1,-1
103,4,698,1010,60,32,1,-1,-1,-1
103,5,1632,992,80,36,1,-1,-1,-1
103,7,1398,994,76,42,1,-1,-1,-1
103,9,2120,978,84,40,1,-1,-1,-1
103,11,2244,977,96,48,1,-1,-1,-1
103,15,765,1011,57,27,1,-1,-1,-1
103,16,1306,997,76,38,1,-1,-1,-1
103,17,1749,987,80,38,1,-1,-1,-1
103,18,1937,986,61,34,1,-1,-1,-1
103,19,2454,971,91,46,1,-1,-1,-1
104,0,521,1012,71,29,1,-1,-1,-1
104,1,2019,976,88,48,1,-1,-1,-1
104,2,1234,1004,60,32,1,-1,-1,-1
104,3,403,1016,64,32,1,-1,-1,-1
104,4,702,1010,60,32,1,-1,-1,-1
104,5,1634,992,80,36,1,-1,-1,-1
104,7,1400,993,76,42,1,-1,-1,-1
104,9,2125,978,84,40,1,-1,-1,-1
104,11,2247,977,96,48,1,-1,-1,-1
104,15,769,1011,57,27,1,-1,-1,-1
104,16,1308,996,76,38,1,-1,-1,-1
104,17,1753,987,80,38,1,-1,-1,-1
104,18,1939,984,61,34,1,-1,-1,-1
104,19,2459,972,87,44,1,-1,-1,-1
105,0,524,1016,68,28,1,-1,-1,-1
105,1,2019,976,88,48,1,-1,-1,-1
105,2,1236,1004,64,32,1,-1,-1,-1
105,3,412,1020,64,28,1,-1,-1,-1
105,4,708,1012,52,28,1,-1,-1,-1
105,5,1632,988,80,36,1,-1,-1,-1
105,7,1404,992,72,36,1,-1,-1,-1
105,9,2128,976,80,44,1,-1,-1,-1
105,11,2252,972,64,44,1,-1,-1,-1
105,15,772,1008,56,28,1,-1,-1,-1
105,16,1308,996,76,38,1,-1,-1,-1
105,17,1760,984,80,40,1,-1,-1,-1
105,18,1939,984,61,34,1,-1,-1,-1
105,19,2456,968,92,44,1,-1,-1,-1
106,0,530,1016,68,28,1,-1,-1,-1
106,1,2027,975,88,48,1,-1,-1,-1
106,2,1242,1004,64,32,1,-1,-1,-1
106,3,418,1020,64,28,1,-1,-1,-1
106,4,714,1011,52,28,1,-1,-1,-1
106,5,1639,988,80,36,1,-1,-1,-1
106,7,1410,991,72,36,1,-1,-1,-1
106,9,2133,975,80,44,1,-1,-1,-1
106,11,2257,972,64,44,1,-1,-1,-1
106,15,778,1007,56,28,1,-1,-1,-1
106,16,1317,995,76,38,1,-1,-1,-1
106,17,1765,984,80,40,1,-1,-1,-1
106,18,1950,983,61,34,1,-1,-1,-1
106,19,2462,968,92,44,1,-1,-1,-1
107,0,533,1015,68,28,1,-1,-1,-1
107,1,2029,975,88,48,1,-1,-1,-1
107,2,1245,1003,64,32,1,-1,-1,-1
107,3,422,1020,61,27,1,-1,-1,-1
107,4,718,1011,52,28,1,-1,-1,-1
107,5,1642,988,76,34,1,-1,-1,-1
107,7,1412,991,72,36,1,-1,-1,-1
107,9,2135,974,80,44,1,-1,-1,-1
107,11,2259,971,64,44,1,-1,-1,-1
107,15,782,1007,56,28,1,-1,-1,-1
107,16,1319,995,76,38,1,-1,-1,-1
107,17,1767,983,80,40,1,-1,-1,-1
107,18,1951,982,61,34,1,-1,-1,-1
107,19,2462,966,97,46,1,-1,-1,-1
108,0,536,1015,68,28,1,-1,-1,-1
108,1,2031,974,88,48,1,-1,-1,-1
108,2,1246,1003,64,32,1,-1,-1,-1
108,3,424,1020,58,25,1,-1,-1,-1
108,4,722,1010,52,28,1,-1,-1,-1
108,5,1644,987,76,34,1,-1,-1,-1
108,7,1414,991,72,36,1,-1,-1,-1
108,9,2137,974,80,44,1,-1,-1,-1
108,11,2261,970,64,44,1,-1,-1,-1
108,15,785,1006,56,28,1,-1,-1,-1
108,16,1320,994,76,38,1,-1,-1,-1
108,17,1770,982,80,40,1,-1,-1,-1
108,18,1955,982,61,34,1,-1,-1,-1
108,19,2465,966,92,44,1,-1,-1,-1
109,0,540,1015,68,28,1,-1,-1,-1
109,1,2034,974,88,48,1,-1,-1,-1
109,2,1251,1003,64,32,1,-1,-1,-1
109,3,427,1019,61,27,1,-1,-1,-1
109,4,726,1010,52,28,1,-1,-1,-1
109,5,1647,986,76,34,1,-1,-1,-1
109,7,1418,990,72,36,1,-1,-1,-1
109,9,2139,974,80,44,1,-1,-1,-1
109,11,2263,970,64,44,1,-1,-1,-1
109,15,789,1006,56,28,1,-1,-1,-1
109,16,1325,993,76,38,1,-1,-1,-1
109,17,1771,981,80,40,1,-1,-1,-1
109,18,1956,981,61,34,1,-1,-1,-1
109,19,2467,966,92,44,1,-1,-1,-1
110,0,545,1015,68,28,1,-1,-1,-1
110,1,2039,973,88,48,1,-1,-1,-1
110,2,1257,1002,64,32,1,-1,-1,-1
110,3,432,1018,61,27,1,-1,-1,-1
110,4,731,1009,52,28,1,-1,-1,-1
110,5,1654,986,76,34,1,-1,-1,-1
110,7,1424,989,72,36,1,-1,-1,-1
110,9,2144,973,80,44,1,-1,-1,-1
110,11,2267,970,64,44,1,-1,-1,-1
110,15,795,1005,56,28,1,-1,-1,-1
110,16,1328,992,76,38,1,-1,-1,-1
110,17,1776,981,80,40,1,-1,-1,-1
110,18,1962,981,61,34,1,-1,-1,-1
110,19,2473,965,92,44,1,-1,-1,-1
111,0,548,1015,65,27,1,-1,-1,-1
111,1,2040,973,88,48,1,-1,-1,-1
111,2,1259,1002,64,32,1,-1,-1,-1
111,3,435,1018,61,27,1,-1,-1,-1
111,4,735,1009,52,28,1,-1,-1,-1
111,5,1655,986,76,34,1,-1,-1,-1
111,7,1426,989,72,36,1,-1,-1,-1
111,9,2146,973,80,44,1,-1,-1,-1
111,11,2268,969,64,44,1,-1,-1,-1
111,15,799,1005,56,28,1,-1,-1,-1
111,16,1331,993,72,36,1,-1,-1,-1
111,17,1778,981,80,40,1,-1,-1,-1
111,18,1964,981,61,34,1,-1,-1,-1
111,19,2476,966,88,42,1,-1,-1,-1
112,0,552,1015,65,27,1,-1,-1,-1
112,1,2043,973,88,48,1,-1,-1,-1
112,2,1262,1003,61,30,1,-1,-1,-1
112,3,439,1017,61,27,1,-1,-1,-1
112,4,738,1008,52,28,1,-1,-1,-1
112,5,1658,985,76,34,1,-1,-1,-1
112,7,1429,988,72,36,1,-1,-1,-1
112,9,2148,972,80,44,1,-1,-1,-1
112,11,2270,969,64,44,1,-1,-1,-1
112,15,801,1005,56,28,1,-1,-1,-1
112,16,1334,992,72,36,1,-1,-1,-1
112,17,1781,981,80,40,1,-1,-1,-1
112,18,1968,981,61,34,1,-1,-1,-1
112,19,2479,965,88,42,1,-1,-1,-1
113,0,556,1012,64,28,1,-1,-1,-1
113,1,2043,973,88,48,1,-1,-1,-1
113,2,1264,1000,56,28,1,-1,-1,-1
113,3,432,1016,68,32,1,-1,-1,-1
113,4,738,1008,52,28,1,-1,-1,-1
113,5,1664,984,76,40,1,-1,-1,-1
113,7,1428,988,76,36,1,-1,-1,-1
113,9,2148,972,80,44,1,-1,-1,-1
113,11,2270,969,64,44,1,-1,-1,-1
113,15,801,1005,56,28,1,-1,-1,-1
113,16,1336,988,72,36,1,-1,-1,-1
113,17,1776,980,88,44,1,-1,-1,-1
113,18,1968,981,61,34,1,-1,-1,-1
113,19,2480,968,76,44,1,-1,-1,-1
114,0,562,1012,64,28,1,-1,-1,-1
114,1,2051,972,88,48,1,-1,-1,-1
114,2,1270,1000,56,28,1,-1,-1,-1
114,3,438,1015,68,32,1,-1,-1,-1
114,4,748,1006,52,28,1,-1,-1,-1
114,5,1670,984,76,40,1,-1,-1,-1
114,7,1434,988,76,36,1,-1,-1,-1
114,9,2154,971,80,44,1,-1,-1,-1
114,11,2278,968,64,44,1,-1,-1,-1
114,15,811,1004,56,28,1,-1,-1,-1
114,16,1342,988,72,36,1,-1,-1,-1
114,17,1782,980,88,44,1,-1,-1,-1
114,18,1974,980,61,34,1,-1,-1,-1
114,19,2485,968,76,44,1,-1,-1,-1
115,0,565,1012,64,28,1,-1,-1,-1
115,1,2054,971,88,48,1,-1,-1,-1
115,2,1274,1000,56,28,1,-1,-1,-1
115,3,439,1015,71,34,1,-1,-1,-1
115,4,752,1006,52,28,1,-1,-1,-1
115,5,1672,984,76,40,1,-1,-1,-1
115,7,1436,988,76,36,1,-1,-1,-1
115,9,2156,971,80,44,1,-1,-1,-1
115,11,2281,967,64,44,1,-1,-1,-1
115,15,812,1003,56,28,1,-1,-1,-1
115,16,1344,988,72,36,1,-1,-1,-1
115,17,1783,980,88,44,1,-1,-1,-1
115,18,1978,979,61,34,1,-1,-1,-1
115,19,2487,968,76,44,1,-1,-1,-1
116,0,567,1011,64,28,1,-1,-1,-1
116,1,2057,970,88,48,1,-1,-1,-1
116,2,1275,1000,56,28,1,-1,-1,-1
116,3,442,1014,71,34,1,-1,-1,-1
116,4,755,1006,52,28,1,-1,-1,-1
116,5,1675,983,76,40,1,-1,-1,-1
116,7,1439,988,76,36,1,-1,-1,-1
116,9,2159,971,80,44,1,-1,-1,-1
116,11,2285,966,64,44,1,-1,-1,-1
116,15,817,1003,56,28,1,-1,-1,-1
116,16,1346,987,72,36,1,-1,-1,-1
116,17,1785,979,88,44,1,-1,-1,-1
116,18,1981,979,61,34,1,-1,-1,-1
116,19,2490,967,76,44,1,-1,-1,-1
117,0,570,1011,64,28,1,-1,-1,-1
117,1,2059,970,88,48,1,-1,-1,-1
117,2,1278,999,56,28,1,-1,-1,-1
117,3,445,1014,71,34,1,-1,-1,-1
117,4,758,1006,52,28,1,-1,-1,-1
117,5,1678,982,76,40,1,-1,-1,-1
117,7,1442,988,76,36,1,-1,-1,-1
117,9,2161,971,80,44,1,-1,-1,-1
117,11,2288,966,64,44,1,-1,-1,-1
117,15,819,1003,56,28,1,-1,-1,-1
117,16,1350,987,72,36,1,-1,-1,-1
117,17,1787,980,88,44,1,-1,-1,-1
117,18,1983,978,61,34,1,-1,-1,-1
117,19,2491,966,76,44,1,-1,-1,-1
118,0,576,1011,64,28,1,-1,-1,-1
118,1,2064,970,88,48,1,-1,-1,-1
118,2,1284,998,56,28,1,-1,-1,-1
118,3,453,1014,68,32,1,-1,-1,-1
118,4,763,1006,52,28,1,-1,-1,-1
118,5,1684,982,76,40,1,-1,-1,-1
118,7,1448,987,76,36,1,-1,-1,-1
118,9,2166,970,80,44,1,-1,-1,-1
118,11,2294,965,64,44,1,-1,-1,-1
118,15,825,1002,56,28,1,-1,-1,-1
118,16,1356,987,72,36,1,-1,-1,-1
118,17,1790,977,88,44,1,-1,-1,-1
118,18,1989,977,61,34,1,-1,-1,-1
118,19,2497,966,76,44,1,-1,-1,-1
119,0,578,1010,64,28,1,-1,-1,-1
119,1,2067,970,88,48,1,-1,-1,-1
119,2,1286,998,56,28,1,-1,-1,-1
119,3,456,1014,68,32,1,-1,-1,-1
119,4,767,1005,52,28,1,-1,-1,-1
119,5,1686,982,76,40,1,-1,-1,-1
119,7,1449,987,76,36,1,-1,-1,-1
119,9,2167,970,80,44,1,-1,-1,-1
119,11,2296,965,64,44,1,-1,-1,-1
119,15,828,1001,56,28,1,-1,-1,-1
119,16,1358,986,72,36,1,-1,-1,-1
119,17,1792,977,88,44,1,-1,-1,-1
119,18,1992,976,61,34,1,-1,-1,-1
119,19,2499,965,76,44,1,-1,-1,-1
120,0,581,1010,64,28,1,-1,-1,-1
120,1,2071,970,84,46,1,-1,-1,-1
120,2,1289,998,56,28,1,-1,-1,-1
120,3,459,1015,65,30,1,-1,-1,-1
120,4,769,1005,52,28,1,-1,-1,-1
120,5,1688,982,76,40,1,-1,-1,-1
120,7,1451,986,76,36,1,-1,-1,-1
120,9,2169,969,80,44,1,-1,-1,-1
120,11,2299,964,64,44,1,-1,-1,-1
120,15,832,1001,56,28,1,-1,-1,-1
120,16,1360,986,76,38,1,-1,-1,-1
120,17,1795,976,88,44,1,-1,-1,-1
120,18,1995,976,61,34,1,-1,-1,-1
120,19,2502,965,76,44,1,-1,-1,-1
121,0,584,1008,64,28,1,-1,-1,-1
121,1,2071,970,84,46,1,-1,-1,-1
121,2,1292,996,60,28,1,-1,-1,-1
121,3,464,1008,64,28,1,-1,-1,-1
121,4,769,1005,52,28,1,-1,-1,-1
121,5,1692,980,80,40,1,-1,-1,-1
121,7,1460,988,72,36,1,-1,-1,-1
121,9,2168,972,84,40,1,-1,-1,-1
121,11,2299,964,64,44,1,-1,-1,-1
121,15,832,1001,56,28,1,-1,-1,-1
121,16,1360,986,76,38,1,-1,-1,-1
121,17,1795,976,88,44,1,-1,-1,-1
121,18,1995,976,61,34,1,-1,-1,-1
121,19,2500,960,60,48,1,-1,-1,-1
121,21,108,1020,56,28,1,-1,-1,-1
122,0,592,1008,61,27,1,-1,-1,-1
122,1,2078,969,84,46,1,-1,-1,-1
122,2,1298,996,60,28,1,-1,-1,-1
122,3,470,1008,64,28,1,-1,-1,-1
122,4,779,1004,52,28,1,-1,-1,-1
122,5,1697,980,80,40,1,-1,-1,-1
122,7,1465,987,72,36,1,-1,-1,-1
122,9,2174,972,84,40,1,-1,-1,-1
122,11,2306,963,64,44,1,-1,-1,-1
122,15,839,1000,56,28,1,-1,-1,-1
122,16,1368,986,76,38,1,-1,-1,-1
122,17,1801,976,88,44,1,-1,-1,-1
122,18,2002,975,61,34,1,-1,-1,-1
122,19,2506,960,60,48,1,-1,-1,-1
122,21,114,1020,56,28,1,-1,-1,-1
123,0,595,1009,61,27,1,-1,-1,-1
123,1,2080,968,84,46,1,-1,-1,-1
123,2,1301,996,60,28,1,-1,-1,-1
123,3,473,1008,61,27,1,-1,-1,-1
123,4,782,1004,52,28,1,-1,-1,-1
123,5,1702,980,76,38,1,-1,-1,-1
123,7,1468,987,72,36,1,-1,-1,-1
123,9,2175,972,84,40,1,-1,-1,-1
123,11,2310,963,61,42,1,-1,-1,-1
123,15,843,999,56,28,1,-1,-1,-1
123,16,1372,985,76,38,1,-1,-1,-1
123,17,1803,976,88,44,1,-1,-1,-1
123,18,2005,975,61,34,1,-1,-1,-1
123,19,2509,960,60,48,1,-1,-1,-1
123,21,120,1020,53,27,1,-1,-1,-1
124,0,597,1009,61,27,1,-1,-1,-1
124,1,2082,967,84,46,1,-1,-1,-1
124,2,1303,995,60,28,1,-1,-1,-1
124,3,476,1009,61,27,1,-1,-1,-1
124,4,785,1004,52,28,1,-1,-1,-1
124,5,1704,980,76,38,1,-1,-1,-1
124,7,1471,987,72,36,1,-1,-1,-1
124,9,2177,971,84,40,1,-1,-1,-1
124,11,2311,962,61,42,1,-1,-1,-1
124,15,845,999,56,28,1,-1,-1,-1
124,16,1373,985,76,38,1,-1,-1,-1
124,17,1805,975,88,44,1,-1,-1,-1
124,18,2007,975,61,34,1,-1,-1,-1
124,19,2512,960,60,48,1,-1,-1,-1
124,21,123,1020,53,27,1,-1,-1,-1
125,0,600,1009,61,27,1,-1,-1,-1
125,1,2084,967,84,46,1,-1,-1,-1
125,2,1306,995,60,28,1,-1,-1,-1
125,3,479,1008,61,27,1,-1,-1,-1
125,4,787,1003,52,28,1,-1,-1,-1
125,5,1707,980,76,38,1,-1,-1,-1
125,7,1474,987,72,36,1,-1,-1,-1
125,9,2179,970,84,40,1,-1,-1,-1
125,11,2316,962,61,42,1,-1,-1,-1
125,15,851,1000,53,27,1,-1,-1,-1
125,16,1378,984,76,38,1,-1,-1,-1
125,17,1808,976,88,44,1,-1,-1,-1
125,18,2008,975,61,34,1,-1,-1,-1
125,19,2514,959,60,48,1,-1,-1,-1
125,21,126,1020,53,27,1,-1,-1,-1
126,0,605,1008,64,28,1,-1,-1,-1
126,1,2091,966,84,46,1,-1,-1,-1
126,2,1311,995,60,28,1,-1,-1,-1
126,3,485,1008,61,27,1,-1,-1,-1
126,4,796,1003,52,28,1,-1,-1,-1
126,5,1713,979,76,38,1,-1,-1,-1
126,7,1481,987,72,36,1,-1,-1,-1
126,9,2186,970,84,40,1,-1,-1,-1
126,15,857,999,53,27,1,-1,-1,-1
126,16,1384,983,76,38,1,-1,-1,-1
126,17,1814,976,88,44,1,-1,-1,-1
126,18,2014,974,61,34,1,-1,-1,-1
126,21,132,1019,53,27,1,-1,-1,-1
127,0,608,1007,64,28,1,-1,-1,-1
127,1,2093,965,84,46,1,-1,-1,-1
127,2,1315,995,60,28,1,-1,-1,-1
127,3,488,1007,64,28,1,-1,-1,-1
127,4,798,1003,52,28,1,-1,-1,-1
127,5,1716,979,76,38,1,-1,-1,-1
127,7,1485,988,69,34,1,-1,-1,-1
127,9,2188,970,84,40,1,-1,-1,-1
127,15,861,999,53,27,1,-1,-1,-1
127,16,1386,983,76,38,1,-1,-1,-1
127,17,1817,975,88,44,1,-1,-1,-1
127,18,2016,974,61,34,1,-1,-1,-1
127,21,136,1019,53,27,1,-1,-1,-1
128,0,612,1007,64,28,1,-1,-1,-1
128,1,2096,965,84,46,1,-1,-1,-1
128,2,1318,995,60,28,1,-1,-1,-1
128,3,490,1006,64,28,1,-1,-1,-1
128,4,802,1003,52,28,1,-1,-1,-1
128,5,1716,978,80,40,1,-1,-1,-1
128,7,1487,988,69,34,1,-1,-1,-1
128,9,2191,970,84,40,1,-1,-1,-1
128,15,866,999,53,27,1,-1,-1,-1
128,16,1392,983,76,38,1,-1,-1,-1
128,17,1819,975,88,44,1,-1,-1,-1
128,18,2021,974,61,34,1,-1,-1,-1
128,21,141,1019,53,27,1,-1,-1,-1
129,0,616,1008,64,28,1,-1,-1,-1
129,1,2096,965,84,46,1,-1,-1,-1
129,2,1318,995,60,28,1,-1,-1,-1
129,3,492,1008,64,28,1,-1,-1,-1
129,4,804,1004,48,24,1,-1,-1,-1
129,5,1716,976,84,40,1,-1,-1,-1
129,7,1484,984,76,36,1,-1,-1,-1
129,9,2200,968,76,44,1,-1,-1,-1
129,15,866,999,53,27,1,-1,-1,-1
129,16,1392,988,68,36,1,-1,-1,-1
129,17,1832,976,76,36,1,-1,-1,-1
129,18,2021,974,61,34,1,-1,-1,-1
129,21,140,1020,56,28,1,-1,-1,-1
130,0,622,1007,64,28,1,-1,-1,-1
130,1,2105,964,84,46,1,-1,-1,-1
130,2,1326,994,60,28,1,-1,-1,-1
130,3,498,1008,64,28,1,-1,-1,-1
130,4,810,1004,48,24,1,-1,-1,-1
130,5,1722,976,84,40,1,-1,-1,-1
130,7,1491,984,76,36,1,-1,-1,-1
130,9,2205,967,76,44,1,-1,-1,-1
130,15,875,999,53,27,1,-1,-1,-1
130,16,1398,988,68,36,1,-1,-1,-1
130,17,1836,976,76,36,1,-1,-1,-1
130,18,2028,973,61,34,1,-1,-1,-1
130,21,146,1020,56,28,1,-1,-1,-1
131,0,622,1007,64,28,1,-1,-1,-1
131,1,2104,964,84,46,1,-1,-1,-1
131,2,1326,993,60,28,1,-1,-1,-1
131,3,498,1008,64,28,1,-1,-1,-1
131,4,810,1004,48,24,1,-1,-1,-1
131,5,1722,976,84,40,1,-1,-1,-1
131,7,1490,984,76,36,1,-1,-1,-1
131,9,2205,967,76,44,1,-1,-1,-1
131,15,876,999,51,25,1,-1,-1,-1
131,16,1398,988,68,36,1,-1,-1,-1
131,17,1836,976,76,36,1,-1,-1,-1
131,18,2029,973,58,33,1,-1,-1,-1
131,21,147,1020,56,28,1,-1,-1,-1
132,0,628,1007,64,28,1,-1,-1,-1
132,1,2112,965,80,44,1,-1,-1,-1
132,2,1332,992,60,28,1,-1,-1,-1
132,3,504,1008,64,28,1,-1,-1,-1
132,4,817,1004,48,24,1,-1,-1,-1
132,5,1728,976,84,40,1,-1,-1,-1
132,7,1495,982,80,38,1,-1,-1,-1
132,9,2211,966,76,44,1,-1,-1,-1
132,15,882,999,51,25,1,-1,-1,-1
132,16,1404,988,68,36,1,-1,-1,-1
132,17,1841,975,76,36,1,-1,-1,-1
132,18,2035,972,58,33,1,-1,-1,-1
132,21,153,1019,56,28,1,-1,-1,-1
133,0,630,1007,64,28,1,-1,-1,-1
133,1,2115,965,80,44,1,-1,-1,-1
133,2,1335,992,60,28,1,-1,-1,-1
133,3,506,1008,64,28,1,-1,-1,-1
133,4,821,1004,48,24,1,-1,-1,-1
133,5,1729,976,84,40,1,-1,-1,-1
133,7,1497,982,80,38,1,-1,-1,-1
133,9,2211,966,76,44,1,-1,-1,-1
133,15,885,998,51,25,1,-1,-1,-1
133,16,1406,987,68,36,1,-1,-1,-1
133,17,1842,975,76,36,1,-1,-1,-1
133,18,2037,972,58,33,1,-1,-1,-1
133,21,157,1019,56,28,1,-1,-1,-1
134,0,636,1006,64,28,1,-1,-1,-1
134,1,2119,964,80,44,1,-1,-1,-1
134,2,1340,992,60,28,1,-1,-1,-1
134,3,512,1007,64,28,1,-1,-1,-1
134,4,826,1004,48,24,1,-1,-1,-1
134,5,1737,977,80,38,1,-1,-1,-1
134,7,1502,981,80,38,1,-1,-1,-1
134,9,2216,965,76,44,1,-1,-1,-1
134,15,890,997,51,25,1,-1,-1,-1
134,16,1412,987,68,36,1,-1,-1,-1
134,17,1847,974,76,36,1,-1,-1,-1
134,18,2043,972,58,33,1,-1,-1,-1
134,21,162,1019,56,28,1,-1,-1,-1
135,0,635,1006,64,28,1,-1,-1,-1
135,1,2119,964,80,44,1,-1,-1,-1
135,2,1340,992,60,28,1,-1,-1,-1
135,3,512,1007,64,28,1,-1,-1,-1
135,4,826,1004,48,24,1,-1,-1,-1
135,5,1737,977,80,38,1,-1,-1,-1
135,7,1502,980,80,38,1,-1,-1,-1
135,9,2216,965,76,44,1,-1,-1,-1
135,15,890,997,51,25,1,-1,-1,-1
135,16,1413,988,65,34,1,-1,-1,-1
135,17,1847,974,76,36,1,-1,-1,-1
135,18,2043,972,58,33,1,-1,-1,-1
135,21,162,1020,56,28,1,-1,-1,-1
136,0,640,1006,64,28,1,-1,-1,-1
136,1,2124,963,80,44,1,-1,-1,-1
136,2,1345,991,60,28,1,-1,-1,-1
136,3,518,1006,64,28,1,-1,-1,-1
136,4,831,1003,48,24,1,-1,-1,-1
136,5,1744,976,80,38,1,-1,-1,-1
136,7,1506,979,84,40,1,-1,-1,-1
136,9,2219,964,76,44,1,-1,-1,-1
136,15,896,997,51,25,1,-1,-1,-1
136,16,1419,987,65,34,1,-1,-1,-1
136,17,1851,974,76,36,1,-1,-1,-1
136,18,2048,971,58,33,1,-1,-1,-1
136,21,169,1020,53,27,1,-1,-1,-1
137,0,640,1004,60,28,1,-1,-1,-1
137,1,2124,963,80,44,1,-1,-1,-1
137,2,1348,992,56,32,1,-1,-1,-1
137,3,524,1008,60,28,1,-1,-1,-1
137,4,832,1000,52,24,1,-1,-1,-1
137,5,1744,972,80,36,1,-1,-1,-1
137,7,1506,979,84,40,1,-1,-1,-1
137,9,2219,964,76,44,1,-1,-1,-1
137,15,904,996,44,32,1,-1,-1,-1
137,16,1416,984,72,36,1,-1,-1,-1
137,17,1872,972,60,36,1,-1,-1,-1
137,18,2048,971,58,33,1,-1,-1,-1
137,21,172,1016,60,28,1,-1,-1,-1
138,0,645,1004,60,28,1,-1,-1,-1
138,1,2130,962,80,44,1,-1,-1,-1
138,2,1353,992,56,32,1,-1,-1,-1
138,3,529,1008,60,28,1,-1,-1,-1
138,4,837,1000,52,24,1,-1,-1,-1
138,5,1749,972,80,36,1,-1,-1,-1
138,7,1514,978,84,40,1,-1,-1,-1
138,9,2226,964,76,44,1,-1,-1,-1
138,15,909,996,44,32,1,-1,-1,-1
138,16,1420,984,72,36,1,-1,-1,-1
138,17,1875,972,60,36,1,-1,-1,-1
138,18,2054,970,58,33,1,-1,-1,-1
138,21,177,1015,60,28,1,-1,-1,-1
139,0,645,1004,60,28,1,-1,-1,-1
139,1,2130,962,80,44,1,-1,-1,-1
139,2,1353,992,56,32,1,-1,-1,-1
139,3,529,1008,60,28,1,-1,-1,-1
139,4,837,1000,52,24,1,-1,-1,-1
139,5,1749,972,80,36,1,-1,-1,-1
139,7,1514,978,84,40,1,-1,-1,-1
139,9,2226,963,76,44,1,-1,-1,-1
139,15,909,996,44,32,1,-1,-1,-1
139,16,1420,984,72,36,1,-1,-1,-1
139,17,1875,972,60,36,1,-1,-1,-1
139,18,2054,970,58,33,1,-1,-1,-1
139,21,177,1015,60,28,1,-1,-1,-1
140,0,651,1004,60,28,1,-1,-1,-1
140,1,2134,961,84,46,1,-1,-1,-1
140,2,1358,992,56,32,1,-1,-1,-1
140,3,535,1008,60,28,1,-1,-1,-1
140,4,842,1000,52,24,1,-1,-1,-1
140,5,1754,971,80,36,1,-1,-1,-1
140,7,1519,979,80,38,1,-1,-1,-1
140,9,2228,963,76,44,1,-1,-1,-1
140,15,915,996,44,32,1,-1,-1,-1
140,16,1426,984,72,36,1,-1,-1,-1
140,17,1879,972,60,36,1,-1,-1,-1
140,18,2058,969,58,33,1,-1,-1,-1
140,21,182,1015,63,29,1,-1,-1,-1
141,0,652,1003,60,28,1,-1,-1,-1
141,1,2136,960,84,46,1,-1,-1,-1
141,2,1361,992,56,32,1,-1,-1,-1
141,3,538,1008,60,28,1,-1,-1,-1
141,4,846,1000,52,24,1,-1,-1,-1
141,5,1756,972,80,36,1,-1,-1,-1
141,7,1522,979,76,36,1,-1,-1,-1
141,9,2230,963,76,44,1,-1,-1,-1
141,15,918,996,44,32,1,-1,-1,-1
141,16,1428,984,72,36,1,-1,-1,-1
141,17,1880,970,63,38,1,-1,-1,-1
141,18,2061,969,58,33,1,-1,-1,-1
141,21,184,1014,63,29,1,-1,-1,-1
142,0,658,1003,60,28,1,-1,-1,-1
142,1,2142,960,84,46,1,-1,-1,-1
142,2,1367,991,56,32,1,-1,-1,-1
142,3,544,1008,60,28,1,-1,-1,-1
142,4,852,999,52,24,1,-1,-1,-1
142,5,1763,972,80,36,1,-1,-1,-1
142,7,1528,979,76,36,1,-1,-1,-1
142,9,2234,961,80,46,1,-1,-1,-1
142,15,923,995,44,32,1,-1,-1,-1
142,16,1434,983,72,36,1,-1,-1,-1
142,17,1885,970,63,38,1,-1,-1,-1
142,18,2066,969,58,33,1,-1,-1,-1
142,21,191,1014,63,29,1,-1,-1,-1
143,0,658,1003,60,28,1,-1,-1,-1
143,1,2142,960,84,46,1,-1,-1,-1
143,2,1367,990,56,32,1,-1,-1,-1
143,3,545,1008,57,27,1,-1,-1,-1
143,4,852,999,52,24,1,-1,-1,-1
143,5,1762,971,80,36,1,-1,-1,-1
143,7,1528,979,76,36,1,-1,-1,-1
143,9,2234,961,80,46,1,-1,-1,-1
143,15,923,995,44,32,1,-1,-1,-1
143,16,1434,983,72,36,1,-1,-1,-1
143,17,1885,970,63,38,1,-1,-1,-1
143,18,2066,969,58,33,1,-1,-1,-1
143,21,190,1014,63,29,1,-1,-1,-1
144,0,662,1003,60,28,1,-1,-1,-1
144,1,2147,959,84,46,1,-1,-1,-1
144,2,1372,990,56,32,1,-1,-1,-1
144,3,550,1008,57,27,1,-1,-1,-1
144,4,857,998,52,24,1,-1,-1,-1
144,5,1766,970,80,36,1,-1,-1,-1
144,7,1531,979,76,36,1,-1,-1,-1
144,9,2236,960,80,46,1,-1,-1,-1
144,15,929,994,44,32,1,-1,-1,-1
144,16,1438,983,72,36,1,-1,-1,-1
144,17,1887,970,63,38,1,-1,-1,-1
144,18,2071,968,58,33,1,-1,-1,-1
144,21,196,1013,63,29,1,-1,-1,-1
145,0,664,1000,64,32,1,-1,-1,-1
145,1,2147,959,84,46,1,-1,-1,-1
145,2,1368,988,60,28,1,-1,-1,-1
145,3,548,1004,60,24,1,-1,-1,-1
145,4,860,996,48,28,1,-1,-1,-1
145,5,1768,968,80,40,1,-1,-1,-1
145,7,1540,976,72,36,1,-1,-1,-1
145,9,2236,960,80,46,1,-1,-1,-1
145,15,929,994,44,32,1,-1,-1,-1
145,16,1456,984,60,32,1,-1,-1,-1
145,17,1887,970,63,38,1,-1,-1,-1
145,18,2064,964,72,40,1,-1,-1,-1
145,21,196,1013,63,29,1,-1,-1,-1
146,0,668,1000,64,32,1,-1,-1,-1
146,1,2151,958,84,46,1,-1,-1,-1
146,2,1373,988,60,28,1,-1,-1,-1
146,3,553,1004,60,24,1,-1,-1,-1
146,4,865,995,48,28,1,-1,-1,-1
146,5,1772,968,80,40,1,-1,-1,-1
146,7,1543,975,76,38,1,-1,-1,-1
146,9,2240,959,80,46,1,-1,-1,-1
146,16,1461,984,60,32,1,-1,-1,-1
146,17,1892,968,63,38,1,-1,-1,-1
146,18,2068,964,72,40,1,-1,-1,-1
146,21,204,1013,63,29,1,-1,-1,-1
147,0,668,1000,64,32,1,-1,-1,-1
147,1,2151,958,84,46,1,-1,-1,-1
147,2,1373,988,60,28,1,-1,-1,-1
147,3,553,1004,60,24,1,-1,-1,-1
147,4,865,995,48,28,1,-1,-1,-1
147,5,1772,968,80,40,1,-1,-1,-1
147,7,1543,975,76,38,1,-1,-1,-1
147,9,2240,958,80,46,1,-1,-1,-1
147,16,1461,984,60,32,1,-1,-1,-1
147,17,1892,967,63,38,1,-1,-1,-1
147,18,2069,964,72,40,1,-1,-1,-1
147,21,203,1012,63,29,1,-1,-1,-1
148,0,674,999,64,32,1,-1,-1,-1
148,1,2157,958,84,46,1,-1,-1,-1
148,2,1378,987,60,28,1,-1,-1,-1
148,3,558,1004,60,24,1,-1,-1,-1
148,4,870,995,48,28,1,-1,-1,-1
148,5,1778,968,80,40,1,-1,-1,-1
148,7,1548,974,76,38,1,-1,-1,-1
148,9,2246,959,80,46,1,-1,-1,-1
148,16,1467,983,60,32,1,-1,-1,-1
148,17,1897,966,63,38,1,-1,-1,-1
148,18,2074,964,72,40,1,-1,-1,-1
148,21,210,1011,63,29,1,-1,-1,-1
149,0,678,999,61,30,1,-1,-1,-1
149,1,2158,957,84,46,1,-1,-1,-1
149,2,1380,987,60,28,1,-1,-1,-1
149,3,560,1003,60,24,1,-1,-1,-1
149,4,873,994,48,28,1,-1,-1,-1
149,5,1780,967,80,40,1,-1,-1,-1
149,7,1550,974,76,38,1,-1,-1,-1
149,9,2247,958,80,46,1,-1,-1,-1
149,16,1469,983,60,32,1,-1,-1,-1
149,17,1898,966,63,38,1,-1,-1,-1
149,18,2076,963,72,40,1,-1,-1,-1
150,0,684,1000,61,30,1,-1,-1,-1
150,1,2164,956,84,46,1,-1,-1,-1
150,2,1384,986,63,29,1,-1,-1,-1
150,3,566,1003,60,24,1,-1,-1,-1
150,4,878,993,48,28,1,-1,-1,-1
150,5,1786,966,80,40,1,-1,-1,-1
150,7,1555,974,76,38,1,-1,-1,-1
150,9,2254,958,80,46,1,-1,-1,-1
150,16,1475,983,60,32,1,-1,-1,-1
150,17,1904,966,63,38,1,-1,-1,-1
150,18,2080,962,76,42,1,-1,-1,-1
151,0,684,1000,61,30,1,-1,-1,-1
151,1,2163,956,84,46,1,-1,-1,-1
151,2,1385,986,63,29,1,-1,-1,-1
151,3,566,1003,60,24,1,-1,-1,-1
151,4,878,993,48,28,1,-1,-1,-1
151,5,1785,966,80,40,1,-1,-1,-1
151,7,1555,973,76,38,1,-1,-1,-1
151,9,2253,957,80,46,1,-1,-1,-1
151,16,1474,982,60,32,1,-1,-1,-1
151,17,1903,966,63,38,1,-1,-1,-1
151,18,2080,963,72,40,1,-1,-1,-1
152,0,688,999,61,30,1,-1,-1,-1
152,1,2168,955,84,46,1,-1,-1,-1
152,2,1389,985,63,29,1,-1,-1,-1
152,3,571,1002,60,24,1,-1,-1,-1
152,4,882,992,50,29,1,-1,-1,-1
152,5,1789,965,80,40,1,-1,-1,-1
152,7,1561,972,76,38,1,-1,-1,-1
152,9,2257,956,80,46,1,-1,-1,-1
152,16,1479,982,60,32,1,-1,-1,-1
152,17,1909,966,63,38,1,-1,-1,-1
152,18,2084,961,76,42,1,-1,-1,-1
153,0,692,1000,64,24,1,-1,-1,-1
153,1,2168,955,84,46,1,-1,-1,-1
153,2,1392,984,52,28,1,-1,-1,-1
153,3,584,1000,52,28,1,-1,-1,-1
153,4,882,992,50,29,1,-1,-1,-1
153,5,1789,965,80,40,1,-1,-1,-1
153,7,1568,972,64,36,1,-1,-1,-1
153,9,2264,952,72,44,1,-1,-1,-1
153,16,1484,976,56,36,1,-1,-1,-1
153,17,1888,964,76,40,1,-1,-1,-1
153,18,2084,961,76,42,1,-1,-1,-1
154,0,697,999,64,24,1,-1,-1,-1
154,1,2175,954,84,46,1,-1,-1,-1
154,2,1397,984,52,28,1,-1,-1,-1
154,3,589,1000,52,28,1,-1,-1,-1
154,4,889,991,50,29,1,-1,-1,-1
154,5,1797,964,80,40,1,-1,-1,-1
154,7,1574,972,64,36,1,-1,-1,-1
154,9,2269,952,72,44,1,-1,-1,-1
154,16,1489,975,56,36,1,-1,-1,-1
154,17,1891,963,76,40,1,-1,-1,-1
154,18,2088,960,72,40,1,-1,-1,-1
155,0,697,999,64,24,1,-1,-1,-1
155,1,2174,954,84,46,1,-1,-1,-1
155,2,1398,985,52,28,1,-1,-1,-1
155,3,589,1000,52,28,1,-1,-1,-1
155,4,890,991,50,29,1,-1,-1,-1
155,5,1797,964,80,40,1,-1,-1,-1
155,7,1574,973,64,36,1,-1,-1,-1
155,9,2269,952,72,44,1,-1,-1,-1
155,16,1489,976,56,36,1,-1,-1,-1
155,17,1892,963,76,40,1,-1,-1,-1
155,18,2089,959,72,40,1,-1,-1,-1
156,0,702,999,64,24,1,-1,-1,-1
156,1,2178,953,84,46,1,-1,-1,-1
156,2,1403,985,52,28,1,-1,-1,-1
156,3,594,1000,52,28,1,-1,-1,-1
156,4,895,991,50,29,1,-1,-1,-1
156,5,1800,963,80,40,1,-1,-1,-1
156,7,1579,972,64,36,1,-1,-1,-1
156,9,2274,952,72,44,1,-1,-1,-1
156,16,1495,976,56,36,1,-1,-1,-1
156,17,1897,963,76,40,1,-1,-1,-1
156,18,2094,960,72,40,1,-1,-1,-1
157,0,704,999,64,24,1,-1,-1,-1
157,1,2181,953,84,46,1,-1,-1,-1
157,2,1406,984,52,28,1,-1,-1,-1
157,3,598,1000,52,28,1,-1,-1,-1
157,4,899,992,50,29,1,-1,-1,-1
157,5,1801,962,84,42,1,-1,-1,-1
157,7,1582,972,64,36,1,-1,-1,-1
157,9,2277,952,72,44,1,-1,-1,-1
157,16,1498,976,56,36,1,-1,-1,-1
157,17,1898,963,76,40,1,-1,-1,-1
157,18,2096,960,72,40,1,-1,-1,-1
158,0,710,999,64,24,1,-1,-1,-1
158,1,2188,954,84,46,1,-1,-1,-1
158,2,1411,984,52,28,1,-1,-1,-1
158,3,602,1000,52,28,1,-1,-1,-1
158,4,904,992,50,29,1,-1,-1,-1
158,5,1808,962,80,40,1,-1,-1,-1
158,7,1587,972,64,36,1,-1,-1,-1
158,9,2281,951,72,44,1,-1,-1,-1
158,16,1503,976,56,36,1,-1,-1,-1
158,17,1904,963,76,40,1,-1,-1,-1
158,18,2103,960,72,40,1,-1,-1,-1
159,0,710,999,64,24,1,-1,-1,-1
159,1,2187,954,84,46,1,-1,-1,-1
159,2,1412,984,52,28,1,-1,-1,-1
159,3,602,1000,52,28,1,-1,-1,-1
159,4,904,992,50,29,1,-1,-1,-1
159,5,1808,962,80,40,1,-1,-1,-1
159,7,1587,972,64,36,1,-1,-1,-1
159,9,2282,951,72,44,1,-1,-1,-1
159,16,1503,976,56,36,1,-1,-1,-1
159,17,1904,963,76,40,1,-1,-1,-1
159,18,2103,960,72,40,1,-1,-1,-1
160,0,716,999,64,24,1,-1,-1,-1
160,1,2192,954,84,46,1,-1,-1,-1
160,2,1417,984,52,28,1,-1,-1,-1
160,3,608,1000,52,28,1,-1,-1,-1
160,4,909,992,50,29,1,-1,-1,-1
160,5,1815,962,80,40,1,-1,-1,-1
160,7,1593,972,64,36,1,-1,-1,-1
160,9,2288,952,72,44,1,-1,-1,-1
160,16,1508,975,56,36,1,-1,-1,-1
160,17,1909,963,76,40,1,-1,-1,-1
160,18,2108,960,72,40,1,-1,-1,-1
161,0,712,996,64,24,1,-1,-1,-1
161,1,2192,954,84,46,1,-1,-1,-1
161,2,1420,984,52,28,1,-1,-1,-1
161,3,600,996,60,28,1,-1,-1,-1
161,4,909,992,50,29,1,-1,-1,-1
161,5,1816,964,72,36,1,-1,-1,-1
161,7,1616,976,44,32,1,-1,-1,-1
161,9,2288,952,72,44,1,-1,-1,-1
161,16,1508,975,56,36,1,-1,-1,-1
161,17,1909,963,76,40,1,-1,-1,-1
161,18,2108,960,72,40,1,-1,-1,-1
161,22,260,1008,52,28,1,-1,-1,-1
161,23,972,988,56,32,1,-1,-1,-1
162,0,717,996,64,24,1,-1,-1,-1
162,1,2200,953,84,46,1,-1,-1,-1
162,2,1426,984,52,28,1,-1,-1,-1
162,3,605,996,60,28,1,-1,-1,-1
162,4,917,990,50,29,1,-1,-1,-1
162,5,1822,964,72,36,1,-1,-1,-1
162,7,1621,976,44,32,1,-1,-1,-1
162,9,2296,952,72,44,1,-1,-1,-1
162,16,1516,974,56,36,1,-1,-1,-1
162,17,1918,962,76,40,1,-1,-1,-1
162,18,2116,959,72,40,1,-1,-1,-1
162,22,266,1008,52,28,1,-1,-1,-1
162,23,978,988,56,32,1,-1,-1,-1
163,0,719,996,61,23,1,-1,-1,-1
163,1,2200,953,84,46,1,-1,-1,-1
163,2,1427,984,52,28,1,-1,-1,-1
163,3,605,996,60,28,1,-1,-1,-1
163,4,918,990,50,29,1,-1,-1,-1
163,5,1823,965,72,36,1,-1,-1,-1
163,7,1622,976,44,32,1,-1,-1,-1
163,9,2296,952,72,44,1,-1,-1,-1
163,16,1516,974,56,36,1,-1,-1,-1
163,17,1918,962,76,40,1,-1,-1,-1
163,18,2116,958,72,40,1,-1,-1,-1
163,22,267,1008,52,28,1,-1,-1,-1
163,23,978,988,56,32,1,-1,-1,-1
164,0,725,996,61,23,1,-1,-1,-1
164,1,2206,952,84,46,1,-1,-1,-1
164,2,1432,984,52,28,1,-1,-1,-1
164,3,611,996,60,28,1,-1,-1,-1
164,4,923,990,50,29,1,-1,-1,-1
164,5,1829,964,72,36,1,-1,-1,-1
164,7,1628,976,44,32,1,-1,-1,-1
164,9,2302,951,72,44,1,-1,-1,-1
164,16,1521,974,56,36,1,-1,-1,-1
164,17,1925,963,72,38,1,-1,-1,-1
164,18,2121,958,72,40,1,-1,-1,-1
164,22,274,1007,52,28,1,-1,-1,-1
164,23,985,987,56,32,1,-1,-1,-1
165,0,729,996,61,23,1,-1,-1,-1
165,1,2208,952,84,46,1,-1,-1,-1
165,2,1435,983,52,28,1,-1,-1,-1
165,3,613,996,60,28,1,-1,-1,-1
165,4,928,989,50,29,1,-1,-1,-1
165,5,1831,963,72,36,1,-1,-1,-1
165,7,1631,976,44,32,1,-1,-1,-1
165,9,2303,951,72,44,1,-1,-1,-1
165,16,1525,974,56,36,1,-1,-1,-1
165,17,1927,963,72,38,1,-1,-1,-1
165,18,2124,958,72,40,1,-1,-1,-1
165,22,277,1007,52,28,1,-1,-1,-1
165,23,989,986,56,32,1,-1,-1,-1
166,0,733,996,61,23,1,-1,-1,-1
166,1,2214,951,84,46,1,-1,-1,-1
166,2,1440,982,52,28,1,-1,-1,-1
166,3,620,996,60,28,1,-1,-1,-1
166,4,933,989,50,29,1,-1,-1,-1
166,5,1837,963,72,36,1,-1,-1,-1
166,7,1636,975,44,32,1,-1,-1,-1
166,9,2309,950,72,44,1,-1,-1,-1
166,16,1530,973,56,36,1,-1,-1,-1
166,17,1932,962,72,38,1,-1,-1,-1
166,18,2128,957,72,40,1,-1,-1,-1
166,22,282,1007,52,28,1,-1,-1,-1
166,23,994,986,56,32,1,-1,-1,-1
167,0,733,995,61,23,1,-1,-1,-1
167,1,2214,951,84,46,1,-1,-1,-1
167,2,1440,982,52,28,1,-1,-1,-1
167,3,620,995,60,28,1,-1,-1,-1
167,4,933,989,50,29,1,-1,-1,-1
167,5,1837,963,72,36,1,-1,-1,-1
167,7,1636,975,44,32,1,-1,-1,-1
167,9,2309,949,72,44,1,-1,-1,-1
167,16,1530,973,56,36,1,-1,-1,-1
167,17,1932,961,72,38,1,-1,-1,-1
167,18,2128,957,72,40,1,-1,-1,-1
167,22,283,1007,52,28,1,-1,-1,-1
167,23,994,986,56,32,1,-1,-1,-1
168,0,739,995,61,23,1,-1,-1,-1
168,1,2217,950,84,46,1,-1,-1,-1
168,2,1446,982,52,28,1,-1,-1,-1
168,3,625,995,60,28,1,-1,-1,-1
168,4,938,989,50,29,1,-1,-1,-1
168,5,1843,963,72,36,1,-1,-1,-1
168,7,1642,975,44,32,1,-1,-1,-1
168,9,2314,948,72,44,1,-1,-1,-1
168,16,1536,973,56,36,1,-1,-1,-1
168,17,1936,960,72,38,1,-1,-1,-1
168,18,2134,957,72,40,1,-1,-1,-1
168,22,288,1006,55,29,1,-1,-1,-1
168,23,1000,986,56,32,1,-1,-1,-1
169,0,740,996,64,28,1,-1,-1,-1
169,1,2217,950,84,46,1,-1,-1,-1
169,2,1452,980,52,28,1,-1,-1,-1
169,3,628,1000,56,24,1,-1,-1,-1
169,4,938,989,50,29,1,-1,-1,-1
169,5,1844,960,68,36,1,-1,-1,-1
169,7,1644,972,48,32,1,-1,-1,-1
169,9,2314,948,72,44,1,-1,-1,-1
169,16,1536,973,56,36,1,-1,-1,-1
169,17,1936,960,80,40,1,-1,-1,-1
169,18,2134,957,72,40,1,-1,-1,-1
169,22,288,1008,52,24,1,-1,-1,-1
169,23,1004,984,56,32,1,-1,-1,-1
169,24,24,1012,56,28,1,-1,-1,-1
169,25,2488,944,68,44,1,-1,-1,-1
170,0,746,996,64,28,1,-1,-1,-1
170,1,2226,950,84,46,1,-1,-1,-1
170,2,1458,980,52,28,1,-1,-1,-1
170,3,633,1000,56,24,1,-1,-1,-1
170,4,948,988,50,29,1,-1,-1,-1
170,5,1850,960,68,36,1,-1,-1,-1
170,7,1650,971,48,32,1,-1,-1,-1
170,9,2323,948,72,44,1,-1,-1,-1
170,16,1543,972,56,36,1,-1,-1,-1
170,17,1941,959,80,40,1,-1,-1,-1
170,18,2141,956,72,40,1,-1,-1,-1
170,22,294,1008,52,24,1,-1,-1,-1
170,23,1010,984,56,32,1,-1,-1,-1
170,24,29,1012,59,29,1,-1,-1,-1
170,25,2493,943,68,44,1,-1,-1,-1
171,0,746,996,64,28,1,-1,-1,-1
171,1,2226,950,84,46,1,-1,-1,-1
171,2,1458,980,52,28,1,-1,-1,-1
171,3,633,1001,56,24,1,-1,-1,-1
171,4,948,988,50,29,1,-1,-1,-1
171,5,1850,960,68,36,1,-1,-1,-1
171,7,1651,972,48,32,1,-1,-1,-1
171,9,2323,948,72,44,1,-1,-1,-1
171,16,1543,972,56,36,1,-1,-1,-1
171,17,1941,959,80,40,1,-1,-1,-1
171,18,2142,956,72,40,1,-1,-1,-1
171,22,294,1008,52,24,1,-1,-1,-1
171,23,1011,984,56,32,1,-1,-1,-1
171,24,29,1012,59,29,1,-1,-1,-1
171,25,2493,943,68,44,1,-1,-1,-1
172,0,753,996,64,28,1,-1,-1,-1
172,1,2232,950,84,46,1,-1,-1,-1
172,2,1465,980,52,28,1,-1,-1,-1
172,3,639,1000,56,24,1,-1,-1,-1
172,4,953,988,50,29,1,-1,-1,-1
172,5,1857,959,68,36,1,-1,-1,-1
172,7,1657,972,48,32,1,-1,-1,-1
172,9,2329,948,72,44,1,-1,-1,-1
172,16,1549,971,56,36,1,-1,-1,-1
172,17,1948,959,80,40,1,-1,-1,-1
172,18,2147,955,76,42,1,-1,-1,-1
172,22,301,1008,52,24,1,-1,-1,-1
172,23,1017,984,56,32,1,-1,-1,-1
172,24,35,1012,59,29,1,-1,-1,-1
172,25,2500,942,68,44,1,-1,-1,-1
173,0,756,996,64,28,1,-1,-1,-1
173,1,2234,949,84,46,1,-1,-1,-1
173,2,1469,980,52,28,1,-1,-1,-1
173,3,643,1000,56,24,1,-1,-1,-1
173,4,957,988,50,29,1,-1,-1,-1
173,5,1860,960,65,34,1,-1,-1,-1
173,7,1660,972,48,32,1,-1,-1,-1
173,9,2331,948,72,44,1,-1,-1,-1
173,16,1552,971,56,36,1,-1,-1,-1
173,17,1946,957,84,42,1,-1,-1,-1
173,18,2147,955,76,42,1,-1,-1,-1
173,22,306,1008,52,24,1,-1,-1,-1
173,23,1022,985,53,30,1,-1,-1,-1
173,24,40,1012,59,29,1,-1,-1,-1
173,25,2502,942,68,44,1,-1,-1,-1
174,0,762,995,64,28,1,-1,-1,-1
174,1,2239,948,84,46,1,-1,-1,-1
174,2,1473,980,52,28,1,-1,-1,-1
174,3,647,1000,56,24,1,-1,-1,-1
174,4,961,987,50,29,1,-1,-1,-1
174,5,1865,960,65,34,1,-1,-1,-1
174,7,1664,971,48,32,1,-1,-1,-1
174,9,2336,947,72,44,1,-1,-1,-1
174,16,1556,971,56,36,1,-1,-1,-1
174,17,1954,959,80,40,1,-1,-1,-1
174,18,2153,955,76,42,1,-1,-1,-1
174,22,310,1007,52,24,1,-1,-1,-1
174,23,1027,983,56,32,1,-1,-1,-1
174,24,47,1011,59,29,1,-1,-1,-1
174,25,2508,941,68,44,1,-1,-1,-1
175,0,762,995,64,28,1,-1,-1,-1
175,1,2239,948,84,46,1,-1,-1,-1
175,2,1473,979,52,28,1,-1,-1,-1
175,3,647,999,56,24,1,-1,-1,-1
175,4,960,987,53,31,1,-1,-1,-1
175,5,1866,959,65,34,1,-1,-1,-1
175,7,1664,971,48,32,1,-1,-1,-1
175,9,2336,947,72,44,1,-1,-1,-1
175,16,1557,971,56,36,1,-1,-1,-1
175,17,1954,959,80,40,1,-1,-1,-1
175,18,2153,954,76,42,1,-1,-1,-1
175,22,310,1007,52,24,1,-1,-1,-1
175,23,1026,983,59,34,1,-1,-1,-1
175,24,46,1011,59,29,1,-1,-1,-1
175,25,2508,941,68,44,1,-1,-1,-1
176,0,767,995,64,28,1,-1,-1,-1
176,1,2242,948,84,46,1,-1,-1,-1
176,2,1478,979,52,28,1,-1,-1,-1
176,3,652,999,56,24,1,-1,-1,-1
176,4,965,986,53,31,1,-1,-1,-1
176,5,1870,959,65,34,1,-1,-1,-1
176,7,1669,971,48,32,1,-1,-1,-1
176,9,2342,947,72,44,1,-1,-1,-1
176,16,1561,971,56,36,1,-1,-1,-1
176,17,1960,959,80,40,1,-1,-1,-1
176,18,2157,954,76,42,1,-1,-1,-1
176,22,315,1006,52,24,1,-1,-1,-1
176,23,1031,982,59,34,1,-1,-1,-1
176,24,53,1012,59,29,1,-1,-1,-1
176,25,2514,941,68,44,1,-1,-1,-1
177,0,768,996,64,28,1,-1,-1,-1
177,1,2242,948,84,46,1,-1,-1,-1
177,2,1480,980,52,28,1,-1,-1,-1
177,3,652,996,60,28,1,-1,-1,-1
177,4,965,986,53,31,1,-1,-1,-1
177,5,1872,960,72,36,1,-1,-1,-1
177,7,1669,971,48,32,1,-1,-1,-1
177,9,2342,947,72,44,1,-1,-1,-1
177,16,1564,972,56,32,1,-1,-1,-1
177,17,1960,959,80,40,1,-1,-1,-1
177,18,2157,954,76,42,1,-1,-1,-1
177,22,315,1006,52,24,1,-1,-1,-1
177,23,1031,982,59,34,1,-1,-1,-1
177,24,64,1008,48,28,1,-1,-1,-1
177,25,2514,941,68,44,1,-1,-1,-1
178,0,772,996,64,28,1,-1,-1,-1
178,1,2250,948,84,46,1,-1,-1,-1
178,2,1484,980,52,28,1,-1,-1,-1
178,3,656,995,60,28,1,-1,-1,-1
178,4,971,985,53,31,1,-1,-1,-1
178,5,1876,960,72,36,1,-1,-1,-1
178,7,1674,970,48,32,1,-1,-1,-1
178,9,2349,946,72,44,1,-1,-1,-1
178,16,1569,972,56,32,1,-1,-1,-1
178,17,1966,959,80,40,1,-1,-1,-1
178,18,2163,953,76,42,1,-1,-1,-1
178,22,322,1006,52,24,1,-1,-1,-1
178,23,1037,982,59,34,1,-1,-1,-1
178,24,70,1008,48,28,1,-1,-1,-1
179,0,772,996,64,28,1,-1,-1,-1
179,1,2249,947,84,46,1,-1,-1,-1
179,2,1484,981,52,28,1,-1,-1,-1
179,3,656,996,60,28,1,-1,-1,-1
179,4,971,985,53,31,1,-1,-1,-1
179,5,1877,960,72,36,1,-1,-1,-1
179,7,1674,969,48,32,1,-1,-1,-1
179,9,2349,945,72,44,1,-1,-1,-1
179,16,1569,972,56,32,1,-1,-1,-1
179,17,1965,959,80,40,1,-1,-1,-1
179,18,2163,953,76,42,1,-1,-1,-1
179,22,322,1006,52,24,1,-1,-1,-1
179,23,1037,982,59,34,1,-1,-1,-1
179,24,71,1008,48,28,1,-1,-1,-1
180,0,777,996,64,28,1,-1,-1,-1
180,1,2254,947,84,46,1,-1,-1,-1
180,2,1490,980,52,28,1,-1,-1,-1
180,3,662,995,60,28,1,-1,-1,-1
180,4,976,985,53,31,1,-1,-1,-1
180,5,1882,960,72,36,1,-1,-1,-1
180,7,1679,969,48,32,1,-1,-1,-1
180,9,2355,945,72,44,1,-1,-1,-1
180,16,1575,971,56,32,1,-1,-1,-1
180,17,1971,958,80,40,1,-1,-1,-1
180,18,2167,952,76,42,1,-1,-1,-1
180,22,328,1007,52,24,1,-1,-1,-1
180,23,1043,981,59,34,1,-1,-1,-1
180,24,78,1009,46,27,1,-1,-1,-1
181,0,781,996,64,28,1,-1,-1,-1
181,1,2257,946,84,46,1,-1,-1,-1
181,2,1494,980,52,28,1,-1,-1,-1
181,3,665,995,60,28,1,-1,-1,-1
181,4,980,984,56,32,1,-1,-1,-1
181,5,1884,959,72,36,1,-1,-1,-1
181,7,1682,969,48,32,1,-1,-1,-1
181,9,2358,945,72,44,1,-1,-1,-1
181,16,1578,971,56,32,1,-1,-1,-1
181,17,1972,958,80,40,1,-1,-1,-1
181,18,2168,952,76,42,1,-1,-1,-1
181,22,333,1007,52,24,1,-1,-1,-1
181,23,1046,980,59,34,1,-1,-1,-1
181,24,83,1009,46,27,1,-1,-1,-1
182,0,787,995,64,28,1,-1,-1,-1
182,1,2264,947,84,46,1,-1,-1,-1
182,2,1500,979,52,28,1,-1,-1,-1
182,3,670,995,60,28,1,-1,-1,-1
182,4,986,984,56,32,1,-1,-1,-1
182,5,1890,958,72,36,1,-1,-1,-1
182,7,1687,969,48,32,1,-1,-1,-1
182,9,2365,945,72,44,1,-1,-1,-1
182,16,1584,971,56,32,1,-1,-1,-1
182,17,1978,957,80,40,1,-1,-1,-1
182,18,2176,952,76,42,1,-1,-1,-1
182,22,338,1007,52,24,1,-1,-1,-1
182,23,1052,981,59,34,1,-1,-1,-1
182,24,90,1008,46,27,1,-1,-1,-1
183,0,787,995,64,28,1,-1,-1,-1
183,1,2264,947,84,46,1,-1,-1,-1
183,2,1500,980,52,28,1,-1,-1,-1
183,3,670,995,60,28,1,-1,-1,-1
183,4,987,984,56,32,1,-1,-1,-1
183,5,1890,958,72,36,1,-1,-1,-1
183,7,1687,969,48,32,1,-1,-1,-1
183,9,2363,943,76,46,1,-1,-1,-1
183,16,1584,971,56,32,1,-1,-1,-1
183,17,1980,958,76,38,1,-1,-1,-1
183,18,2175,952,76,42,1,-1,-1,-1
183,22,338,1007,52,24,1,-1,-1,-1
183,23,1053,981,59,34,1,-1,-1,-1
183,24,90,1008,46,27,1,-1,-1,-1
184,0,791,994,67,29,1,-1,-1,-1
184,1,2271,947,84,46,1,-1,-1,-1
184,2,1506,980,52,28,1,-1,-1,-1
184,3,676,995,60,28,1,-1,-1,-1
184,4,992,984,56,32,1,-1,-1,-1
184,5,1897,958,72,36,1,-1,-1,-1
184,7,1695,969,46,30,1,-1,-1,-1
184,9,2371,943,76,46,1,-1,-1,-1
184,16,1590,971,56,32,1,-1,-1,-1
184,17,1986,958,76,38,1,-1,-1,-1
184,18,2181,952,76,42,1,-1,-1,-1
184,22,342,1006,55,25,1,-1,-1,-1
184,23,1059,982,59,34,1,-1,-1,-1
184,24,98,1007,46,27,1,-1,-1,-1
185,0,792,992,60,28,1,-1,-1,-1
185,1,2271,947,84,46,1,-1,-1,-1
185,2,1508,976,60,28,1,-1,-1,-1
185,3,680,992,60,32,1,-1,-1,-1
185,4,992,984,56,32,1,-1,-1,-1
185,5,1896,956,72,36,1,-1,-1,-1
185,7,1695,969,46,30,1,-1,-1,-1
185,9,2371,943,76,46,1,-1,-1,-1
185,16,1590,971,56,32,1,-1,-1,-1
185,17,1988,952,72,40,1,-1,-1,-1
185,18,2181,952,76,42,1,-1,-1,-1
185,22,342,1006,55,25,1,-1,-1,-1
185,23,1068,980,52,28,1,-1,-1,-1
185,24,104,1008,44,24,1,-1,-1,-1
186,0,799,992,60,28,1,-1,-1,-1
186,1,2280,947,84,46,1,-1,-1,-1
186,2,1515,976,60,28,1,-1,-1,-1
186,3,687,992,60,32,1,-1,-1,-1
186,4,1003,984,56,32,1,-1,-1,-1
186,5,1903,956,72,36,1,-1,-1,-1
186,7,1705,968,46,30,1,-1,-1,-1
186,9,2380,942,76,46,1,-1,-1,-1
186,16,1599,971,56,32,1,-1,-1,-1
186,17,1995,952,72,40,1,-1,-1,-1
186,18,2190,952,76,42,1,-1,-1,-1
186,22,352,1005,57,26,1,-1,-1,-1
186,23,1075,980,52,28,1,-1,-1,-1
186,24,113,1008,44,24,1,-1,-1,-1
187,0,799,992,60,28,1,-1,-1,-1
187,1,2280,947,84,46,1,-1,-1,-1
187,2,1515,976,60,28,1,-1,-1,-1
187,3,687,992,60,32,1,-1,-1,-1
187,4,1003,983,56,32,1,-1,-1,-1
187,5,1903,957,72,36,1,-1,-1,-1
187,7,1705,968,46,30,1,-1,-1,-1
187,9,2380,942,76,46,1,-1,-1,-1
187,16,1599,971,56,32,1,-1,-1,-1
187,17,1995,952,72,40,1,-1,-1,-1
187,18,2191,952,76,42,1,-1,-1,-1
187,22,352,1004,57,26,1,-1,-1,-1
187,23,1074,979,55,29,1,-1,-1,-1
187,24,113,1008,44,24,1,-1,-1,-1
188,0,807,992,60,28,1,-1,-1,-1
188,1,2288,947,84,46,1,-1,-1,-1
188,2,1523,976,60,28,1,-1,-1,-1
188,3,695,992,60,32,1,-1,-1,-1
188,4,1010,984,56,32,1,-1,-1,-1
188,5,1911,956,72,36,1,-1,-1,-1
188,7,1711,968,46,30,1,-1,-1,-1
188,9,2389,942,76,46,1,-1,-1,-1
188,16,1606,971,56,32,1,-1,-1,-1
188,17,2003,952,72,40,1,-1,-1,-1
188,18,2198,951,76,42,1,-1,-1,-1
188,23,1081,979,55,29,1,-1,-1,-1
188,24,122,1008,44,24,1,-1,-1,-1
189,0,811,992,60,28,1,-1,-1,-1
189,1,2289,946,84,46,1,-1,-1,-1
189,2,1528,976,60,28,1,-1,-1,-1
189,3,700,992,60,32,1,-1,-1,-1
189,4,1014,983,56,32,1,-1,-1,-1
189,5,1916,956,72,36,1,-1,-1,-1
189,7,1716,968,46,30,1,-1,-1,-1
189,9,2392,942,76,46,1,-1,-1,-1
189,16,1610,970,56,32,1,-1,-1,-1
189,17,2006,952,72,40,1,-1,-1,-1
189,18,2200,951,76,42,1,-1,-1,-1
189,23,1085,980,55,29,1,-1,-1,-1
189,24,127,1009,44,24,1,-1,-1,-1
190,0,817,992,60,28,1,-1,-1,-1
190,1,2296,946,84,46,1,-1,-1,-1
190,2,1533,976,60,28,1,-1,-1,-1
190,3,706,992,60,32,1,-1,-1,-1
190,4,1020,983,56,32,1,-1,-1,-1
190,5,1922,957,72,36,1,-1,-1,-1
190,7,1722,968,46,30,1,-1,-1,-1
190,9,2399,942,76,46,1,-1,-1,-1
190,16,1616,970,56,32,1,-1,-1,-1
190,17,2012,952,72,40,1,-1,-1,-1
190,18,2207,951,76,42,1,-1,-1,-1
190,23,1091,979,55,29,1,-1,-1,-1
190,24,135,1009,44,24,1,-1,-1,-1
191,0,817,992,60,28,1,-1,-1,-1
191,1,2296,946,84,46,1,-1,-1,-1
191,2,1533,975,60,28,1,-1,-1,-1
191,3,706,991,60,32,1,-1,-1,-1
191,4,1020,983,56,32,1,-1,-1,-1
191,5,1922,957,72,36,1,-1,-1,-1
191,7,1723,968,46,30,1,-1,-1,-1
191,9,2399,942,76,46,1,-1,-1,-1
191,16,1616,970,56,32,1,-1,-1,-1
191,17,2012,952,72,40,1,-1,-1,-1
191,18,2207,951,76,42,1,-1,-1,-1
191,23,1091,979,55,29,1,-1,-1,-1
191,24,135,1009,44,24,1,-1,-1,-1
