1,0,1556,468,108,172,1,-1,-1,-1
1,1,1456,560,76,156,1,-1,-1,-1
1,2,848,544,84,160,1,-1,-1,-1
1,3,292,500,160,208,1,-1,-1,-1
1,4,1088,544,48,140,1,-1,-1,-1
1,5,1924,536,72,184,1,-1,-1,-1
1,6,1828,520,108,180,1,-1,-1,-1
2,0,1552,466,108,172,1,-1,-1,-1
2,1,1452,557,76,156,1,-1,-1,-1
2,2,853,543,84,160,1,-1,-1,-1
2,3,288,499,160,208,1,-1,-1,-1
2,4,1084,540,50,147,1,-1,-1,-1
2,5,1921,535,72,184,1,-1,-1,-1
2,6,1825,519,108,180,1,-1,-1,-1
3,0,1549,464,108,172,1,-1,-1,-1
3,1,1443,553,76,156,1,-1,-1,-1
3,2,855,542,84,160,1,-1,-1,-1
3,3,284,498,160,208,1,-1,-1,-1
3,4,1080,539,50,147,1,-1,-1,-1
3,5,1915,534,72,184,1,-1,-1,-1
3,6,1820,517,108,180,1,-1,-1,-1
4,0,1546,466,108,172,1,-1,-1,-1
4,1,1440,548,76,156,1,-1,-1,-1
4,2,855,531,84,160,1,-1,-1,-1
4,3,279,496,160,208,1,-1,-1,-1
4,4,1076,538,50,147,1,-1,-1,-1
4,5,1912,532,72,184,1,-1,-1,-1
4,6,1816,516,108,180,1,-1,-1,-1
5,0,1537,462,108,172,1,-1,-1,-1
5,1,1433,543,80,164,1,-1,-1,-1
5,2,845,532,88,168,1,-1,-1,-1
5,3,275,495,160,208,1,-1,-1,-1
5,4,1071,536,50,147,1,-1,-1,-1
5,5,1904,531,72,184,1,-1,-1,-1
5,6,1811,514,108,180,1,-1,-1,-1
6,0,1534,460,108,172,1,-1,-1,-1
6,1,1427,542,80,164,1,-1,-1,-1
6,2,846,530,84,160,1,-1,-1,-1
6,3,271,494,160,208,1,-1,-1,-1
6,4,1066,535,50,147,1,-1,-1,-1
6,5,1900,532,72,184,1,-1,-1,-1
6,6,1806,512,108,180,1,-1,-1,-1
7,0,1530,458,108,172,1,-1,-1,-1
7,1,1421,540,80,164,1,-1,-1,-1
7,2,852,523,88,168,1,-1,-1,-1
7,3,266,492,160,208,1,-1,-1,-1
7,4,1062,533,50,147,1,-1,-1,-1
7,5,1892,529,72,184,1,-1,-1,-1
7,6,1802,511,108,180,1,-1,-1,-1
8,0,1522,454,113,181,1,-1,-1,-1
8,1,1418,539,80,164,1,-1,-1,-1
8,2,855,515,88,168,1,-1,-1,-1
8,3,260,492,160,208,1,-1,-1,-1
8,4,1057,533,50,147,1,-1,-1,-1
8,5,1888,533,69,175,1,-1,-1,-1
8,6,1797,512,108,180,1,-1,-1,-1
9,0,1520,456,108,176,1,-1,-1,-1
9,1,1404,520,68,184,1,-1,-1,-1
9,2,888,520,76,160,1,-1,-1,-1
9,3,256,492,156,204,1,-1,-1,-1
9,4,1052,528,52,148,1,-1,-1,-1
9,5,1888,533,69,175,1,-1,-1,-1
9,6,1784,500,136,196,1,-1,-1,-1
10,0,1518,457,108,176,1,-1,-1,-1
10,1,1400,518,68,184,1,-1,-1,-1
10,2,889,519,76,160,1,-1,-1,-1
10,3,253,491,156,204,1,-1,-1,-1
10,4,1050,527,52,148,1,-1,-1,-1
10,5,1877,529,69,175,1,-1,-1,-1
10,6,1781,499,136,196,1,-1,-1,-1
11,0,1513,456,108,176,1,-1,-1,-1
11,1,1395,516,68,184,1,-1,-1,-1
11,2,889,518,76,160,1,-1,-1,-1
11,3,249,491,156,204,1,-1,-1,-1
11,4,1047,526,52,148,1,-1,-1,-1
11,5,1872,527,72,184,1,-1,-1,-1
11,6,1776,499,136,196,1,-1,-1,-1
12,0,1507,456,108,176,1,-1,-1,-1
12,1,1388,513,68,184,1,-1,-1,-1
12,2,885,511,80,168,1,-1,-1,-1
12,3,245,490,156,204,1,-1,-1,-1
12,4,1042,526,52,148,1,-1,-1,-1
12,5,1866,520,76,193,1,-1,-1,-1
12,6,1772,498,136,196,1,-1,-1,-1
13,0,1503,454,108,176,1,-1,-1,-1
13,1,1382,511,68,184,1,-1,-1,-1
13,2,883,509,80,168,1,-1,-1,-1
13,3,242,490,156,204,1,-1,-1,-1
13,4,1037,525,52,148,1,-1,-1,-1
13,5,1860,515,79,203,1,-1,-1,-1
13,6,1769,498,136,196,1,-1,-1,-1
14,0,1500,454,108,176,1,-1,-1,-1
14,1,1379,516,68,184,1,-1,-1,-1
14,2,887,512,76,160,1,-1,-1,-1
14,3,237,491,156,204,1,-1,-1,-1
14,4,1034,529,50,141,1,-1,-1,-1
14,5,1855,513,79,203,1,-1,-1,-1
14,6,1764,497,136,196,1,-1,-1,-1
15,0,1495,453,108,176,1,-1,-1,-1
15,1,1373,516,71,193,1,-1,-1,-1
15,2,886,512,72,152,1,-1,-1,-1
15,3,234,490,156,204,1,-1,-1,-1
15,4,1028,525,52,148,1,-1,-1,-1
15,5,1851,513,79,203,1,-1,-1,-1
15,6,1760,496,136,196,1,-1,-1,-1
16,0,1492,453,108,176,1,-1,-1,-1
16,1,1368,516,71,193,1,-1,-1,-1
16,2,885,510,72,152,1,-1,-1,-1
16,3,229,490,156,204,1,-1,-1,-1
16,4,1025,527,52,148,1,-1,-1,-1
16,5,1847,512,79,203,1,-1,-1,-1
16,6,1756,497,136,196,1,-1,-1,-1
17,0,1492,453,108,176,1,-1,-1,-1
17,1,1368,516,71,193,1,-1,-1,-1
17,2,888,512,64,152,1,-1,-1,-1
17,3,229,490,156,204,1,-1,-1,-1
17,4,1025,527,52,148,1,-1,-1,-1
17,5,1847,512,79,203,1,-1,-1,-1
17,6,1752,508,100,144,1,-1,-1,-1
18,0,1485,452,108,176,1,-1,-1,-1
18,1,1355,502,71,193,1,-1,-1,-1
18,2,887,512,64,152,1,-1,-1,-1
18,3,222,490,156,204,1,-1,-1,-1
18,4,1011,526,52,148,1,-1,-1,-1
18,5,1833,513,79,203,1,-1,-1,-1
18,6,1748,507,100,144,1,-1,-1,-1
19,0,1482,451,108,176,1,-1,-1,-1
19,1,1352,511,68,184,1,-1,-1,-1
19,2,887,514,64,152,1,-1,-1,-1
19,3,219,490,156,204,1,-1,-1,-1
19,4,1006,525,52,148,1,-1,-1,-1
19,5,1830,511,79,203,1,-1,-1,-1
19,6,1745,507,100,144,1,-1,-1,-1
20,0,1479,451,108,176,1,-1,-1,-1
20,1,1348,513,68,184,1,-1,-1,-1
20,2,884,512,67,160,1,-1,-1,-1
20,3,217,490,156,204,1,-1,-1,-1
20,4,999,521,55,155,1,-1,-1,-1
20,5,1828,509,79,203,1,-1,-1,-1
20,6,1743,506,100,144,1,-1,-1,-1
21,0,1475,450,108,176,1,-1,-1,-1
21,2,885,514,64,152,1,-1,-1,-1
21,3,214,489,156,204,1,-1,-1,-1
21,4,998,524,52,148,1,-1,-1,-1
21,5,1823,505,79,203,1,-1,-1,-1
21,6,1740,506,100,144,1,-1,-1,-1
22,0,1472,450,108,176,1,-1,-1,-1
22,2,885,513,64,152,1,-1,-1,-1
22,3,211,489,156,204,1,-1,-1,-1
22,4,996,525,52,148,1,-1,-1,-1
22,5,1824,502,79,203,1,-1,-1,-1
22,6,1738,505,100,144,1,-1,-1,-1
23,0,1470,449,108,176,1,-1,-1,-1
23,2,885,513,64,152,1,-1,-1,-1
23,3,209,488,156,204,1,-1,-1,-1
23,4,994,525,55,155,1,-1,-1,-1
23,5,1821,505,79,203,1,-1,-1,-1
23,6,1735,502,100,144,1,-1,-1,-1
24,0,1469,448,108,176,1,-1,-1,-1
24,2,884,514,64,152,1,-1,-1,-1
24,3,204,484,164,214,1,-1,-1,-1
24,4,995,528,52,148,1,-1,-1,-1
24,5,1817,507,79,203,1,-1,-1,-1
24,6,1735,502,100,144,1,-1,-1,-1
25,0,1460,440,108,168,1,-1,-1,-1
25,2,892,512,96,152,1,-1,-1,-1
25,3,200,484,156,192,1,-1,-1,-1
25,4,995,528,52,148,1,-1,-1,-1
25,5,1817,507,79,203,1,-1,-1,-1
25,6,1728,500,128,176,1,-1,-1,-1
25,7,1320,528,80,148,1,-1,-1,-1
26,0,1459,440,108,168,1,-1,-1,-1
26,2,888,508,101,160,1,-1,-1,-1
26,3,199,484,156,192,1,-1,-1,-1
26,4,995,528,52,148,1,-1,-1,-1
26,5,1813,502,79,203,1,-1,-1,-1
26,6,1726,500,128,176,1,-1,-1,-1
26,7,1318,526,80,148,1,-1,-1,-1
27,0,1457,440,108,168,1,-1,-1,-1
27,2,886,507,101,160,1,-1,-1,-1
27,3,197,482,156,192,1,-1,-1,-1
27,4,990,526,55,155,1,-1,-1,-1
27,5,1809,501,79,203,1,-1,-1,-1
27,6,1723,503,128,176,1,-1,-1,-1
27,7,1313,522,84,155,1,-1,-1,-1
28,0,1459,443,103,160,1,-1,-1,-1
28,2,884,507,101,160,1,-1,-1,-1
28,3,199,488,149,183,1,-1,-1,-1
28,5,1805,502,79,203,1,-1,-1,-1
28,6,1721,505,128,176,1,-1,-1,-1
28,7,1308,525,84,155,1,-1,-1,-1
29,0,1457,443,103,160,1,-1,-1,-1
29,2,881,504,101,160,1,-1,-1,-1
29,3,196,487,149,183,1,-1,-1,-1
29,5,1807,501,79,203,1,-1,-1,-1
29,6,1717,506,128,176,1,-1,-1,-1
29,7,1307,532,80,148,1,-1,-1,-1
30,0,1455,442,103,160,1,-1,-1,-1
30,2,879,502,101,160,1,-1,-1,-1
30,3,190,482,156,192,1,-1,-1,-1
30,6,1714,506,128,176,1,-1,-1,-1
30,7,1301,530,84,155,1,-1,-1,-1
31,0,1453,442,103,160,1,-1,-1,-1
31,2,877,501,101,160,1,-1,-1,-1
31,3,189,482,156,192,1,-1,-1,-1
31,6,1711,504,128,176,1,-1,-1,-1
31,7,1298,532,84,155,1,-1,-1,-1
32,0,1447,437,108,168,1,-1,-1,-1
32,2,877,503,96,152,1,-1,-1,-1
32,3,187,482,156,192,1,-1,-1,-1
32,6,1709,503,128,176,1,-1,-1,-1
32,7,1295,530,84,155,1,-1,-1,-1
33,0,1448,436,108,180,1,-1,-1,-1
33,2,880,504,56,152,1,-1,-1,-1
33,3,184,488,160,200,1,-1,-1,-1
33,6,1712,492,112,176,1,-1,-1,-1
33,7,1260,524,76,140,1,-1,-1,-1
33,8,940,524,116,132,1,-1,-1,-1
34,0,1447,436,108,180,1,-1,-1,-1
34,2,879,505,56,152,1,-1,-1,-1
34,3,182,488,160,200,1,-1,-1,-1
34,6,1710,491,112,176,1,-1,-1,-1
34,7,1252,524,76,140,1,-1,-1,-1
34,8,937,522,116,132,1,-1,-1,-1
35,0,1446,435,108,180,1,-1,-1,-1
35,2,878,506,56,152,1,-1,-1,-1
35,3,182,489,160,200,1,-1,-1,-1
35,6,1704,492,112,176,1,-1,-1,-1
35,7,1245,523,76,140,1,-1,-1,-1
35,8,932,520,116,132,1,-1,-1,-1
36,0,1444,434,108,180,1,-1,-1,-1
36,2,877,506,56,152,1,-1,-1,-1
36,3,180,489,160,200,1,-1,-1,-1
36,6,1698,491,112,176,1,-1,-1,-1
36,7,1234,517,72,133,1,-1,-1,-1
36,8,934,522,110,126,1,-1,-1,-1
37,0,1442,435,108,180,1,-1,-1,-1
37,2,875,505,56,152,1,-1,-1,-1
37,3,178,490,160,200,1,-1,-1,-1
37,6,1689,488,118,185,1,-1,-1,-1
37,7,1222,520,72,133,1,-1,-1,-1
37,8,929,522,110,126,1,-1,-1,-1
38,0,1438,432,113,189,1,-1,-1,-1
38,2,873,508,56,152,1,-1,-1,-1
38,3,178,491,160,200,1,-1,-1,-1
38,6,1681,488,118,185,1,-1,-1,-1
38,7,1220,526,69,127,1,-1,-1,-1
38,8,928,522,110,126,1,-1,-1,-1
39,0,1442,437,108,180,1,-1,-1,-1
39,2,873,514,56,152,1,-1,-1,-1
39,3,179,492,160,200,1,-1,-1,-1
39,6,1668,487,118,185,1,-1,-1,-1
39,7,1217,525,72,133,1,-1,-1,-1
39,8,931,526,110,126,1,-1,-1,-1
40,0,1442,437,108,180,1,-1,-1,-1
40,2,873,505,59,160,1,-1,-1,-1
40,3,180,492,160,200,1,-1,-1,-1
40,6,1673,488,112,176,1,-1,-1,-1
40,7,1218,527,69,127,1,-1,-1,-1
40,8,931,532,110,126,1,-1,-1,-1
41,0,1444,436,108,172,1,-1,-1,-1
41,2,868,504,56,160,1,-1,-1,-1
41,3,188,488,160,212,1,-1,-1,-1
41,6,1716,488,60,160,1,-1,-1,-1
41,7,1216,520,68,148,1,-1,-1,-1
41,8,932,536,72,128,1,-1,-1,-1
41,9,1636,528,100,140,1,-1,-1,-1
42,0,1448,440,103,164,1,-1,-1,-1
42,2,868,503,56,160,1,-1,-1,-1
42,3,189,489,160,212,1,-1,-1,-1
42,6,1716,488,60,160,1,-1,-1,-1
42,7,1215,521,68,148,1,-1,-1,-1
42,8,930,536,72,128,1,-1,-1,-1
42,9,1633,528,100,140,1,-1,-1,-1
43,0,1451,439,103,164,1,-1,-1,-1
43,2,867,502,59,168,1,-1,-1,-1
43,3,195,490,160,212,1,-1,-1,-1
43,6,1718,488,60,160,1,-1,-1,-1
43,7,1214,523,68,148,1,-1,-1,-1
43,8,931,537,72,128,1,-1,-1,-1
43,9,1633,527,100,140,1,-1,-1,-1
44,0,1455,440,103,164,1,-1,-1,-1
44,2,870,513,56,160,1,-1,-1,-1
44,3,202,496,152,202,1,-1,-1,-1
44,6,1722,488,60,160,1,-1,-1,-1
44,7,1212,513,71,155,1,-1,-1,-1
44,8,942,526,72,128,1,-1,-1,-1
44,9,1631,525,100,140,1,-1,-1,-1
45,0,1458,438,103,164,1,-1,-1,-1
45,2,871,515,53,152,1,-1,-1,-1
45,3,205,496,152,202,1,-1,-1,-1
45,6,1726,487,60,160,1,-1,-1,-1
45,7,1210,512,71,155,1,-1,-1,-1
45,8,945,525,72,128,1,-1,-1,-1
45,9,1627,525,100,140,1,-1,-1,-1
46,0,1461,438,103,164,1,-1,-1,-1
46,2,872,519,53,152,1,-1,-1,-1
46,3,210,496,152,202,1,-1,-1,-1
46,6,1728,482,63,168,1,-1,-1,-1
46,7,1209,509,71,155,1,-1,-1,-1
46,8,945,520,76,134,1,-1,-1,-1
46,9,1626,529,100,140,1,-1,-1,-1
47,0,1466,437,103,164,1,-1,-1,-1
47,2,875,521,53,152,1,-1,-1,-1
47,3,213,496,152,202,1,-1,-1,-1
47,6,1732,482,63,168,1,-1,-1,-1
47,7,1205,506,71,155,1,-1,-1,-1
47,8,945,515,79,141,1,-1,-1,-1
47,9,1625,537,100,140,1,-1,-1,-1
48,0,1467,437,103,164,1,-1,-1,-1
48,2,874,519,53,152,1,-1,-1,-1
48,3,216,497,152,202,1,-1,-1,-1
48,6,1735,481,63,168,1,-1,-1,-1
48,7,1201,504,75,163,1,-1,-1,-1
48,8,947,510,83,148,1,-1,-1,-1
48,9,1622,536,100,140,1,-1,-1,-1
49,0,1472,432,104,176,1,-1,-1,-1
49,2,880,476,48,164,1,-1,-1,-1
49,3,216,497,152,202,1,-1,-1,-1
49,6,1740,484,64,152,1,-1,-1,-1
49,7,1192,520,84,144,1,-1,-1,-1
49,8,952,516,40,132,1,-1,-1,-1
49,9,1624,520,92,140,1,-1,-1,-1
50,0,1475,436,99,168,1,-1,-1,-1
50,2,880,476,48,164,1,-1,-1,-1
50,3,221,497,152,202,1,-1,-1,-1
50,6,1741,484,64,152,1,-1,-1,-1
50,7,1190,518,84,144,1,-1,-1,-1
50,8,952,515,40,132,1,-1,-1,-1
50,9,1623,517,92,140,1,-1,-1,-1
51,0,1476,431,104,176,1,-1,-1,-1
51,2,882,475,48,164,1,-1,-1,-1
51,3,225,497,152,202,1,-1,-1,-1
51,6,1743,483,64,152,1,-1,-1,-1
51,7,1187,517,84,144,1,-1,-1,-1
51,8,952,514,40,132,1,-1,-1,-1
51,9,1621,514,92,140,1,-1,-1,-1
52,0,1480,431,104,176,1,-1,-1,-1
52,2,883,475,48,164,1,-1,-1,-1
52,3,228,498,152,202,1,-1,-1,-1
52,6,1744,480,67,160,1,-1,-1,-1
52,7,1178,509,88,151,1,-1,-1,-1
52,8,953,509,40,132,1,-1,-1,-1
52,9,1618,511,92,140,1,-1,-1,-1
53,0,1484,432,104,176,1,-1,-1,-1
53,2,886,481,46,156,1,-1,-1,-1
53,3,230,496,152,202,1,-1,-1,-1
53,6,1748,480,67,160,1,-1,-1,-1
53,7,1175,509,88,151,1,-1,-1,-1
53,8,955,508,38,126,1,-1,-1,-1
53,9,1614,509,92,140,1,-1,-1,-1
54,0,1487,432,104,176,1,-1,-1,-1
54,2,885,492,46,156,1,-1,-1,-1
54,3,234,496,152,202,1,-1,-1,-1
54,6,1751,480,67,160,1,-1,-1,-1
54,7,1169,506,93,159,1,-1,-1,-1
54,8,955,514,38,126,1,-1,-1,-1
54,9,1611,510,92,140,1,-1,-1,-1
55,0,1490,433,104,176,1,-1,-1,-1
55,2,882,505,46,156,1,-1,-1,-1
55,3,237,497,152,202,1,-1,-1,-1
55,6,1754,479,67,160,1,-1,-1,-1
55,7,1163,502,97,167,1,-1,-1,-1
55,8,957,523,38,126,1,-1,-1,-1
55,9,1606,509,92,140,1,-1,-1,-1
56,0,1493,433,104,176,1,-1,-1,-1
56,2,878,511,44,149,1,-1,-1,-1
56,3,239,497,152,202,1,-1,-1,-1
56,6,1757,479,67,160,1,-1,-1,-1
56,7,1158,496,102,175,1,-1,-1,-1
56,8,960,532,38,126,1,-1,-1,-1
56,9,1603,509,92,140,1,-1,-1,-1
57,0,1496,436,124,172,1,-1,-1,-1
57,2,880,484,48,144,1,-1,-1,-1
57,3,236,496,168,204,1,-1,-1,-1
57,6,1764,484,132,172,1,-1,-1,-1
57,7,1144,500,96,164,1,-1,-1,-1
57,8,948,536,60,120,1,-1,-1,-1
57,9,1612,524,84,136,1,-1,-1,-1
58,0,1497,437,124,172,1,-1,-1,-1
58,2,880,485,48,144,1,-1,-1,-1
58,3,238,497,168,204,1,-1,-1,-1
58,6,1766,484,132,172,1,-1,-1,-1
58,7,1140,501,96,164,1,-1,-1,-1
58,8,948,539,60,120,1,-1,-1,-1
58,9,1608,524,84,136,1,-1,-1,-1
59,0,1500,439,124,172,1,-1,-1,-1
59,2,880,486,48,144,1,-1,-1,-1
59,3,241,498,168,204,1,-1,-1,-1
59,6,1769,484,132,172,1,-1,-1,-1
59,7,1139,505,96,164,1,-1,-1,-1
59,8,949,544,60,120,1,-1,-1,-1
59,9,1607,524,84,136,1,-1,-1,-1
60,0,1502,440,124,172,1,-1,-1,-1
60,2,878,484,50,151,1,-1,-1,-1
60,3,243,499,168,204,1,-1,-1,-1
60,6,1772,486,132,172,1,-1,-1,-1
60,7,1138,514,96,164,1,-1,-1,-1
60,8,948,548,63,126,1,-1,-1,-1
60,9,1605,521,88,143,1,-1,-1,-1
61,0,1504,442,124,172,1,-1,-1,-1
61,2,874,483,53,159,1,-1,-1,-1
61,3,245,499,168,204,1,-1,-1,-1
61,6,1774,488,132,172,1,-1,-1,-1
61,7,1132,513,96,164,1,-1,-1,-1
61,8,949,547,63,126,1,-1,-1,-1
61,9,1603,523,88,143,1,-1,-1,-1
62,0,1506,444,124,172,1,-1,-1,-1
62,2,871,487,53,159,1,-1,-1,-1
62,3,247,502,168,204,1,-1,-1,-1
62,6,1776,490,132,172,1,-1,-1,-1
62,7,1115,513,96,164,1,-1,-1,-1
62,8,952,546,63,126,1,-1,-1,-1
62,9,1601,525,88,143,1,-1,-1,-1
63,0,1507,446,124,172,1,-1,-1,-1
63,2,870,492,53,159,1,-1,-1,-1
63,3,249,505,168,204,1,-1,-1,-1
63,6,1781,498,126,164,1,-1,-1,-1
63,7,1100,514,96,164,1,-1,-1,-1
63,8,953,549,60,120,1,-1,-1,-1
63,9,1597,530,88,143,1,-1,-1,-1
64,0,1509,448,124,172,1,-1,-1,-1
64,2,870,496,50,151,1,-1,-1,-1
64,3,251,509,168,204,1,-1,-1,-1
64,6,1783,502,126,164,1,-1,-1,-1
64,7,1089,520,96,164,1,-1,-1,-1
64,8,954,550,60,120,1,-1,-1,-1
64,9,1593,537,88,143,1,-1,-1,-1
65,0,1509,448,124,172,1,-1,-1,-1
65,2,872,476,52,168,1,-1,-1,-1
65,3,256,512,164,208,1,-1,-1,-1
65,6,1783,502,126,164,1,-1,-1,-1
65,7,1068,540,92,132,1,-1,-1,-1
65,8,952,544,60,116,1,-1,-1,-1
65,9,1572,536,92,152,1,-1,-1,-1
66,0,1512,462,124,172,1,-1,-1,-1
66,2,872,482,50,160,1,-1,-1,-1
66,3,257,517,164,208,1,-1,-1,-1
66,6,1787,515,126,164,1,-1,-1,-1
66,7,1062,547,92,132,1,-1,-1,-1
66,8,952,547,60,116,1,-1,-1,-1
66,9,1572,544,92,152,1,-1,-1,-1
67,0,1518,468,118,164,1,-1,-1,-1
67,2,874,497,47,152,1,-1,-1,-1
67,3,258,522,164,208,1,-1,-1,-1
67,6,1789,519,126,164,1,-1,-1,-1
67,7,1055,555,88,126,1,-1,-1,-1
67,8,951,554,60,116,1,-1,-1,-1
67,9,1572,551,92,152,1,-1,-1,-1
68,0,1519,473,124,172,1,-1,-1,-1
68,2,874,505,50,160,1,-1,-1,-1
68,3,261,527,164,208,1,-1,-1,-1
68,6,1790,525,126,164,1,-1,-1,-1
68,7,1043,556,92,132,1,-1,-1,-1
68,8,949,560,60,116,1,-1,-1,-1
68,9,1571,557,92,152,1,-1,-1,-1
69,0,1521,479,124,172,1,-1,-1,-1
69,2,872,519,50,160,1,-1,-1,-1
69,3,262,534,164,208,1,-1,-1,-1
69,6,1792,530,126,164,1,-1,-1,-1
69,7,1038,561,92,132,1,-1,-1,-1
69,8,951,568,60,116,1,-1,-1,-1
69,9,1573,561,92,152,1,-1,-1,-1
70,0,1524,484,124,172,1,-1,-1,-1
70,2,872,523,50,160,1,-1,-1,-1
70,3,264,539,164,208,1,-1,-1,-1
70,6,1795,536,126,164,1,-1,-1,-1
70,7,1033,562,92,132,1,-1,-1,-1
70,8,954,581,57,110,1,-1,-1,-1
70,9,1570,564,92,152,1,-1,-1,-1
71,0,1527,488,124,172,1,-1,-1,-1
71,2,871,518,52,168,1,-1,-1,-1
71,3,266,543,164,208,1,-1,-1,-1
71,6,1798,541,126,164,1,-1,-1,-1
71,7,1032,563,88,126,1,-1,-1,-1
71,8,955,600,57,110,1,-1,-1,-1
71,9,1564,576,88,145,1,-1,-1,-1
72,0,1529,494,124,172,1,-1,-1,-1
72,2,874,528,50,160,1,-1,-1,-1
72,3,269,547,164,208,1,-1,-1,-1
72,6,1800,546,126,164,1,-1,-1,-1
72,7,1028,561,88,126,1,-1,-1,-1
72,8,954,606,57,110,1,-1,-1,-1
72,9,1554,578,88,145,1,-1,-1,-1
73,0,1524,496,128,228,1,-1,-1,-1
73,2,874,528,50,160,1,-1,-1,-1
73,3,280,560,152,200,1,-1,-1,-1
73,6,1812,556,120,168,1,-1,-1,-1
73,7,1028,556,72,168,1,-1,-1,-1
73,8,928,556,88,148,1,-1,-1,-1
73,9,1554,578,88,145,1,-1,-1,-1
74,0,1524,498,128,228,1,-1,-1,-1
74,2,876,530,47,152,1,-1,-1,-1
74,3,282,563,152,200,1,-1,-1,-1
74,6,1815,559,120,168,1,-1,-1,-1
74,7,1025,562,72,168,1,-1,-1,-1
74,8,926,556,88,148,1,-1,-1,-1
74,9,1540,583,92,152,1,-1,-1,-1
75,0,1524,508,128,228,1,-1,-1,-1
75,2,876,533,47,152,1,-1,-1,-1
75,3,287,573,145,190,1,-1,-1,-1
75,6,1819,565,120,168,1,-1,-1,-1
75,7,1020,567,72,168,1,-1,-1,-1
75,8,924,555,88,148,1,-1,-1,-1
75,9,1536,593,92,152,1,-1,-1,-1
76,0,1522,512,128,228,1,-1,-1,-1
76,2,875,532,47,152,1,-1,-1,-1
76,3,286,572,152,200,1,-1,-1,-1
76,6,1821,569,120,168,1,-1,-1,-1
76,7,1016,569,76,176,1,-1,-1,-1
76,8,932,567,88,148,1,-1,-1,-1
76,9,1530,597,92,152,1,-1,-1,-1
77,0,1519,516,128,228,1,-1,-1,-1
77,3,290,576,152,200,1,-1,-1,-1
77,6,1823,573,120,168,1,-1,-1,-1
77,7,1011,572,76,176,1,-1,-1,-1
77,8,937,569,88,148,1,-1,-1,-1
77,9,1527,599,92,152,1,-1,-1,-1
78,0,1523,524,122,217,1,-1,-1,-1
78,3,293,580,152,200,1,-1,-1,-1
78,6,1826,578,120,168,1,-1,-1,-1
78,7,1000,582,72,168,1,-1,-1,-1
78,8,938,574,84,141,1,-1,-1,-1
78,9,1520,596,97,160,1,-1,-1,-1
79,0,1539,523,122,217,1,-1,-1,-1
79,3,295,585,152,200,1,-1,-1,-1
79,6,1829,581,120,168,1,-1,-1,-1
79,7,1000,588,69,160,1,-1,-1,-1
79,8,936,574,84,141,1,-1,-1,-1
79,9,1517,598,97,160,1,-1,-1,-1
80,0,1546,521,128,228,1,-1,-1,-1
80,3,298,590,152,200,1,-1,-1,-1
80,6,1831,585,120,168,1,-1,-1,-1
80,7,996,592,69,160,1,-1,-1,-1
80,8,938,579,88,148,1,-1,-1,-1
81,0,1488,524,112,232,1,-1,-1,-1
81,3,296,588,160,204,1,-1,-1,-1
81,6,1832,588,116,160,1,-1,-1,-1
81,7,1020,604,48,144,1,-1,-1,-1
81,8,988,608,60,140,1,-1,-1,-1
82,0,1488,527,112,232,1,-1,-1,-1
82,3,297,590,160,204,1,-1,-1,-1
82,6,1834,590,116,160,1,-1,-1,-1
82,7,1019,602,48,144,1,-1,-1,-1
82,8,986,608,60,140,1,-1,-1,-1
83,0,1488,532,112,232,1,-1,-1,-1
83,3,300,592,160,204,1,-1,-1,-1
83,6,1836,593,116,160,1,-1,-1,-1
83,7,1016,601,48,144,1,-1,-1,-1
83,8,985,611,57,133,1,-1,-1,-1
84,0,1487,537,112,232,1,-1,-1,-1
84,3,302,594,160,204,1,-1,-1,-1
84,6,1838,595,116,160,1,-1,-1,-1
84,7,1012,601,48,144,1,-1,-1,-1
84,8,980,604,60,140,1,-1,-1,-1
85,0,1487,542,112,232,1,-1,-1,-1
85,3,300,593,168,214,1,-1,-1,-1
85,6,1840,598,116,160,1,-1,-1,-1
85,7,1007,597,48,144,1,-1,-1,-1
85,8,975,597,63,147,1,-1,-1,-1
86,0,1487,545,112,232,1,-1,-1,-1
86,3,305,599,160,204,1,-1,-1,-1
86,6,1841,601,116,160,1,-1,-1,-1
86,7,1002,607,48,144,1,-1,-1,-1
86,8,970,593,66,154,1,-1,-1,-1
87,0,1487,547,112,232,1,-1,-1,-1
87,3,307,601,160,204,1,-1,-1,-1
87,6,1843,603,116,160,1,-1,-1,-1
87,7,994,620,48,144,1,-1,-1,-1
87,8,968,588,69,162,1,-1,-1,-1
88,0,1487,543,118,244,1,-1,-1,-1
88,3,308,603,160,204,1,-1,-1,-1
88,6,1845,605,116,160,1,-1,-1,-1
88,7,990,630,50,151,1,-1,-1,-1
88,8,964,582,73,170,1,-1,-1,-1
89,0,1484,640,76,136,1,-1,-1,-1
89,3,308,596,160,216,1,-1,-1,-1
89,6,1845,605,116,160,1,-1,-1,-1
89,7,990,630,50,151,1,-1,-1,-1
89,8,960,584,60,164,1,-1,-1,-1
89,10,1564,544,120,176,1,-1,-1,-1
89,11,900,572,72,204,1,-1,-1,-1
90,0,1484,639,76,136,1,-1,-1,-1
90,3,309,597,160,216,1,-1,-1,-1
90,6,1847,608,116,160,1,-1,-1,-1
90,7,990,661,50,151,1,-1,-1,-1
90,8,959,588,60,164,1,-1,-1,-1
90,10,1565,545,120,176,1,-1,-1,-1
90,11,899,574,72,204,1,-1,-1,-1
91,0,1484,639,76,136,1,-1,-1,-1
91,3,310,599,160,216,1,-1,-1,-1
91,6,1846,610,116,160,1,-1,-1,-1
91,7,990,674,50,151,1,-1,-1,-1
91,8,954,591,60,164,1,-1,-1,-1
91,10,1566,547,120,176,1,-1,-1,-1
91,11,896,570,76,214,1,-1,-1,-1
92,0,1483,639,76,136,1,-1,-1,-1
92,3,311,600,160,216,1,-1,-1,-1
92,6,1847,611,116,160,1,-1,-1,-1
92,7,989,691,50,151,1,-1,-1,-1
92,8,949,596,60,164,1,-1,-1,-1
92,10,1569,553,114,168,1,-1,-1,-1
92,11,897,567,76,214,1,-1,-1,-1
93,0,1483,640,76,136,1,-1,-1,-1
93,3,311,601,160,216,1,-1,-1,-1
93,6,1847,613,116,160,1,-1,-1,-1
93,7,992,696,50,151,1,-1,-1,-1
93,8,944,593,63,172,1,-1,-1,-1
93,10,1570,553,114,168,1,-1,-1,-1
93,11,895,562,79,225,1,-1,-1,-1
94,0,1480,641,76,136,1,-1,-1,-1
94,3,311,602,160,216,1,-1,-1,-1
94,6,1846,614,116,160,1,-1,-1,-1
94,7,995,700,50,151,1,-1,-1,-1
94,8,939,593,63,172,1,-1,-1,-1
94,10,1571,555,114,168,1,-1,-1,-1
94,11,893,574,76,214,1,-1,-1,-1
95,0,1473,640,76,136,1,-1,-1,-1
95,3,310,602,160,216,1,-1,-1,-1
95,6,1846,615,116,160,1,-1,-1,-1
95,7,998,698,53,159,1,-1,-1,-1
95,8,931,603,63,172,1,-1,-1,-1
95,10,1571,556,114,168,1,-1,-1,-1
95,11,892,575,76,214,1,-1,-1,-1
96,0,1466,643,72,130,1,-1,-1,-1
96,3,310,603,160,216,1,-1,-1,-1
96,6,1846,616,116,160,1,-1,-1,-1
96,7,997,706,53,159,1,-1,-1,-1
96,8,930,589,63,172,1,-1,-1,-1
96,10,1567,553,120,176,1,-1,-1,-1
96,11,889,584,76,214,1,-1,-1,-1
97,0,1468,640,68,148,1,-1,-1,-1
97,3,312,616,156,212,1,-1,-1,-1
97,6,1844,620,128,176,1,-1,-1,-1
97,7,997,706,53,159,1,-1,-1,-1
97,8,930,589,63,172,1,-1,-1,-1
97,10,1572,560,120,180,1,-1,-1,-1
97,11,889,584,76,214,1,-1,-1,-1
98,0,1466,640,68,148,1,-1,-1,-1
98,3,312,616,156,212,1,-1,-1,-1
98,6,1843,620,128,176,1,-1,-1,-1
98,7,1012,677,53,159,1,-1,-1,-1
98,8,923,583,66,181,1,-1,-1,-1
98,10,1573,560,120,180,1,-1,-1,-1
98,11,886,579,76,214,1,-1,-1,-1
99,0,1464,640,68,148,1,-1,-1,-1
99,3,313,616,156,212,1,-1,-1,-1
99,6,1842,621,128,176,1,-1,-1,-1
99,7,1015,676,53,159,1,-1,-1,-1
99,8,912,564,63,172,1,-1,-1,-1
99,10,1572,561,120,180,1,-1,-1,-1
99,11,891,579,76,214,1,-1,-1,-1
100,0,1462,639,68,148,1,-1,-1,-1
100,3,313,617,156,212,1,-1,-1,-1
100,6,1841,622,128,176,1,-1,-1,-1
100,7,1018,681,50,151,1,-1,-1,-1
100,8,905,565,63,172,1,-1,-1,-1
100,10,1573,562,120,180,1,-1,-1,-1
100,11,895,582,76,214,1,-1,-1,-1
101,0,1459,638,68,148,1,-1,-1,-1
101,3,313,618,156,212,1,-1,-1,-1
101,6,1840,623,128,176,1,-1,-1,-1
101,7,1021,680,50,151,1,-1,-1,-1
101,8,902,571,63,172,1,-1,-1,-1
101,10,1574,562,120,180,1,-1,-1,-1
101,11,898,584,76,214,1,-1,-1,-1
102,0,1456,641,68,148,1,-1,-1,-1
102,3,313,618,156,212,1,-1,-1,-1
102,6,1840,625,128,176,1,-1,-1,-1
102,7,1022,677,53,159,1,-1,-1,-1
102,8,898,572,63,172,1,-1,-1,-1
102,10,1573,562,120,180,1,-1,-1,-1
102,11,903,587,72,204,1,-1,-1,-1
103,0,1452,651,68,148,1,-1,-1,-1
103,3,312,618,156,212,1,-1,-1,-1
103,6,1839,625,128,176,1,-1,-1,-1
103,8,894,578,63,172,1,-1,-1,-1
103,10,1572,563,120,180,1,-1,-1,-1
103,11,906,588,72,204,1,-1,-1,-1
104,0,1452,657,65,141,1,-1,-1,-1
104,3,311,618,156,212,1,-1,-1,-1
104,6,1838,626,128,176,1,-1,-1,-1
104,8,893,586,60,164,1,-1,-1,-1
104,10,1572,564,120,180,1,-1,-1,-1
104,11,905,590,72,204,1,-1,-1,-1
105,0,1452,632,68,156,1,-1,-1,-1
105,3,312,620,160,208,1,-1,-1,-1
105,6,1832,628,128,176,1,-1,-1,-1
105,8,876,592,64,156,1,-1,-1,-1
105,10,1568,560,116,180,1,-1,-1,-1
105,11,905,590,72,204,1,-1,-1,-1
105,12,1004,552,56,132,1,-1,-1,-1
106,0,1451,631,68,156,1,-1,-1,-1
106,3,312,620,160,208,1,-1,-1,-1
106,6,1831,628,128,176,1,-1,-1,-1
106,8,874,595,64,156,1,-1,-1,-1
106,10,1567,560,116,180,1,-1,-1,-1
106,11,901,584,76,214,1,-1,-1,-1
106,12,1006,553,56,132,1,-1,-1,-1
107,0,1450,632,68,156,1,-1,-1,-1
107,3,313,621,160,208,1,-1,-1,-1
107,6,1829,628,128,176,1,-1,-1,-1
107,8,872,599,64,156,1,-1,-1,-1
107,10,1567,560,116,180,1,-1,-1,-1
107,11,902,589,72,204,1,-1,-1,-1
107,12,1010,555,56,132,1,-1,-1,-1
108,0,1449,632,68,156,1,-1,-1,-1
108,3,313,622,160,208,1,-1,-1,-1
108,6,1828,628,128,176,1,-1,-1,-1
108,8,870,597,64,156,1,-1,-1,-1
108,10,1567,561,116,180,1,-1,-1,-1
108,11,899,591,72,204,1,-1,-1,-1
108,12,1014,558,56,132,1,-1,-1,-1
109,0,1445,625,71,164,1,-1,-1,-1
109,3,312,623,160,208,1,-1,-1,-1
109,6,1827,630,128,176,1,-1,-1,-1
109,8,873,598,61,149,1,-1,-1,-1
109,10,1566,561,116,180,1,-1,-1,-1
109,11,895,588,76,214,1,-1,-1,-1
109,12,1017,554,59,139,1,-1,-1,-1
110,0,1441,622,71,164,1,-1,-1,-1
110,3,312,622,160,208,1,-1,-1,-1
110,6,1827,630,128,176,1,-1,-1,-1
110,8,873,599,61,149,1,-1,-1,-1
110,10,1566,561,116,180,1,-1,-1,-1
110,11,893,585,76,214,1,-1,-1,-1
110,12,1022,549,59,139,1,-1,-1,-1
111,0,1437,621,71,164,1,-1,-1,-1
111,3,310,622,160,208,1,-1,-1,-1
111,6,1825,631,128,176,1,-1,-1,-1
111,8,877,601,58,141,1,-1,-1,-1
111,10,1566,562,116,180,1,-1,-1,-1
111,11,887,579,79,225,1,-1,-1,-1
111,12,1022,539,62,146,1,-1,-1,-1
112,0,1434,619,71,164,1,-1,-1,-1
112,3,310,622,160,208,1,-1,-1,-1
112,6,1823,632,128,176,1,-1,-1,-1
112,8,880,595,55,135,1,-1,-1,-1
112,10,1566,562,116,180,1,-1,-1,-1
112,11,887,582,79,225,1,-1,-1,-1
112,12,1023,534,65,153,1,-1,-1,-1
113,0,1424,628,92,160,1,-1,-1,-1
113,3,312,620,160,208,1,-1,-1,-1
113,6,1816,632,108,168,1,-1,-1,-1
113,8,868,584,52,156,1,-1,-1,-1
113,10,1564,564,112,176,1,-1,-1,-1
113,11,887,582,79,225,1,-1,-1,-1
113,12,1036,540,56,120,1,-1,-1,-1
114,0,1422,630,92,160,1,-1,-1,-1
114,3,311,620,160,208,1,-1,-1,-1
114,6,1814,632,108,168,1,-1,-1,-1
114,8,867,584,52,156,1,-1,-1,-1
114,10,1563,564,112,176,1,-1,-1,-1
114,11,880,555,83,236,1,-1,-1,-1
114,12,1038,539,56,120,1,-1,-1,-1
115,0,1418,632,92,160,1,-1,-1,-1
115,3,310,620,160,208,1,-1,-1,-1
115,6,1813,632,108,168,1,-1,-1,-1
115,8,865,584,52,156,1,-1,-1,-1
115,10,1563,565,112,176,1,-1,-1,-1
115,11,878,545,88,248,1,-1,-1,-1
115,12,1040,534,59,126,1,-1,-1,-1
116,0,1413,630,92,160,1,-1,-1,-1
116,3,311,620,160,208,1,-1,-1,-1
116,6,1811,631,108,168,1,-1,-1,-1
116,8,864,578,55,164,1,-1,-1,-1
116,10,1564,565,112,176,1,-1,-1,-1
116,11,875,542,92,260,1,-1,-1,-1
116,12,1045,533,56,120,1,-1,-1,-1
117,0,1405,625,97,168,1,-1,-1,-1
117,3,311,620,160,208,1,-1,-1,-1
117,6,1807,628,113,176,1,-1,-1,-1
117,8,864,583,52,156,1,-1,-1,-1
117,10,1564,565,112,176,1,-1,-1,-1
117,11,874,547,88,248,1,-1,-1,-1
117,12,1049,531,56,120,1,-1,-1,-1
118,0,1402,625,97,168,1,-1,-1,-1
118,3,310,620,160,208,1,-1,-1,-1
118,6,1803,628,113,176,1,-1,-1,-1
118,8,864,588,50,149,1,-1,-1,-1
118,10,1562,565,112,176,1,-1,-1,-1
118,11,874,555,88,248,1,-1,-1,-1
118,12,1052,532,56,120,1,-1,-1,-1
119,0,1400,623,97,168,1,-1,-1,-1
119,3,309,620,160,208,1,-1,-1,-1
119,6,1802,628,113,176,1,-1,-1,-1
119,8,862,585,50,149,1,-1,-1,-1
119,10,1562,565,112,176,1,-1,-1,-1
119,11,875,559,88,248,1,-1,-1,-1
119,12,1051,531,56,120,1,-1,-1,-1
120,0,1396,624,97,168,1,-1,-1,-1
120,3,308,620,160,208,1,-1,-1,-1
120,6,1800,629,113,176,1,-1,-1,-1
120,8,859,584,52,156,1,-1,-1,-1
120,10,1561,566,112,176,1,-1,-1,-1
120,11,874,563,83,236,1,-1,-1,-1
120,12,1052,533,56,120,1,-1,-1,-1
121,0,1380,636,84,148,1,-1,-1,-1
121,3,304,620,160,208,1,-1,-1,-1
121,6,1800,628,108,176,1,-1,-1,-1
121,8,860,572,48,160,1,-1,-1,-1
121,10,1560,564,108,180,1,-1,-1,-1
121,11,876,572,72,168,1,-1,-1,-1
121,12,1056,548,52,116,1,-1,-1,-1
122,0,1378,637,84,148,1,-1,-1,-1
122,3,303,622,160,208,1,-1,-1,-1
122,6,1796,624,113,185,1,-1,-1,-1
122,8,858,577,48,160,1,-1,-1,-1
122,10,1560,563,108,180,1,-1,-1,-1
122,11,877,573,72,168,1,-1,-1,-1
122,12,1058,551,52,116,1,-1,-1,-1
123,0,1374,637,84,148,1,-1,-1,-1
123,3,305,627,152,198,1,-1,-1,-1
123,6,1795,624,113,185,1,-1,-1,-1
123,8,856,584,48,160,1,-1,-1,-1
123,10,1559,564,108,180,1,-1,-1,-1
123,11,878,575,72,168,1,-1,-1,-1
123,12,1058,552,52,116,1,-1,-1,-1
124,0,1371,640,84,148,1,-1,-1,-1
124,3,308,631,145,189,1,-1,-1,-1
124,6,1793,625,113,185,1,-1,-1,-1
124,8,854,578,50,168,1,-1,-1,-1
124,10,1557,564,108,180,1,-1,-1,-1
124,11,877,578,72,168,1,-1,-1,-1
124,12,1058,552,52,116,1,-1,-1,-1
125,0,1367,643,84,148,1,-1,-1,-1
125,3,307,633,145,189,1,-1,-1,-1
125,6,1791,625,113,185,1,-1,-1,-1
125,8,857,575,50,168,1,-1,-1,-1
125,10,1555,565,108,180,1,-1,-1,-1
125,11,877,576,72,168,1,-1,-1,-1
125,12,1056,550,52,116,1,-1,-1,-1
126,0,1363,646,84,148,1,-1,-1,-1
126,3,306,634,145,189,1,-1,-1,-1
126,6,1792,629,108,176,1,-1,-1,-1
126,8,858,578,48,160,1,-1,-1,-1
126,10,1555,566,108,180,1,-1,-1,-1
126,11,880,579,69,160,1,-1,-1,-1
126,12,1055,547,52,116,1,-1,-1,-1
127,0,1362,646,84,148,1,-1,-1,-1
127,3,303,634,145,189,1,-1,-1,-1
127,6,1790,629,108,176,1,-1,-1,-1
127,8,859,574,48,160,1,-1,-1,-1
127,10,1553,566,108,180,1,-1,-1,-1
127,11,882,587,65,152,1,-1,-1,-1
127,12,1055,546,50,110,1,-1,-1,-1
128,0,1361,646,84,148,1,-1,-1,-1
128,3,303,633,145,189,1,-1,-1,-1
128,6,1792,634,103,168,1,-1,-1,-1
128,8,861,575,48,160,1,-1,-1,-1
128,10,1553,567,108,180,1,-1,-1,-1
128,11,881,582,65,152,1,-1,-1,-1
128,12,1055,545,50,110,1,-1,-1,-1
129,0,1356,628,76,148,1,-1,-1,-1
129,3,292,620,164,212,1,-1,-1,-1
129,6,1780,632,116,192,1,-1,-1,-1
129,8,861,575,48,160,1,-1,-1,-1
129,10,1548,568,108,180,1,-1,-1,-1
129,11,881,582,65,152,1,-1,-1,-1
129,12,1055,545,50,110,1,-1,-1,-1
129,13,924,552,64,132,1,-1,-1,-1
130,0,1355,627,76,148,1,-1,-1,-1
130,3,291,620,164,212,1,-1,-1,-1
130,6,1780,632,116,192,1,-1,-1,-1
130,8,860,606,48,160,1,-1,-1,-1
130,10,1547,567,108,180,1,-1,-1,-1
130,11,875,605,65,152,1,-1,-1,-1
130,12,1051,538,50,110,1,-1,-1,-1
130,13,925,553,64,132,1,-1,-1,-1
131,0,1353,627,76,148,1,-1,-1,-1
131,3,289,620,164,212,1,-1,-1,-1
131,6,1779,632,116,192,1,-1,-1,-1
131,8,862,570,48,160,1,-1,-1,-1
131,10,1546,566,108,180,1,-1,-1,-1
131,11,873,602,65,152,1,-1,-1,-1
131,12,1049,534,50,110,1,-1,-1,-1
131,13,927,553,64,132,1,-1,-1,-1
132,0,1348,623,80,155,1,-1,-1,-1
132,3,288,621,164,212,1,-1,-1,-1
132,6,1776,633,116,192,1,-1,-1,-1
132,8,865,571,48,160,1,-1,-1,-1
132,10,1544,568,108,180,1,-1,-1,-1
132,11,873,602,65,152,1,-1,-1,-1
132,12,1045,534,52,116,1,-1,-1,-1
132,13,928,550,64,132,1,-1,-1,-1
133,0,1346,622,80,155,1,-1,-1,-1
133,3,287,621,164,212,1,-1,-1,-1
133,6,1776,632,116,192,1,-1,-1,-1
133,8,868,539,48,160,1,-1,-1,-1
133,10,1543,569,108,180,1,-1,-1,-1
133,11,861,615,65,152,1,-1,-1,-1
133,12,1047,543,52,116,1,-1,-1,-1
133,13,929,548,64,132,1,-1,-1,-1
134,0,1342,622,80,155,1,-1,-1,-1
134,3,285,621,164,212,1,-1,-1,-1
134,6,1775,632,116,192,1,-1,-1,-1
134,8,870,535,50,168,1,-1,-1,-1
134,10,1543,569,108,180,1,-1,-1,-1
134,11,859,595,69,160,1,-1,-1,-1
134,12,1046,538,55,122,1,-1,-1,-1
134,13,924,552,67,139,1,-1,-1,-1
135,0,1338,621,80,155,1,-1,-1,-1
135,3,284,622,164,212,1,-1,-1,-1
135,6,1776,637,110,183,1,-1,-1,-1
135,8,873,548,50,168,1,-1,-1,-1
135,10,1541,570,108,180,1,-1,-1,-1
135,12,1046,544,55,122,1,-1,-1,-1
135,13,910,553,67,139,1,-1,-1,-1
136,0,1336,620,80,155,1,-1,-1,-1
136,3,283,622,164,212,1,-1,-1,-1
136,6,1775,637,110,183,1,-1,-1,-1
136,8,874,537,50,168,1,-1,-1,-1
136,10,1541,570,108,180,1,-1,-1,-1
136,12,1045,543,55,122,1,-1,-1,-1
136,13,894,561,71,146,1,-1,-1,-1
137,0,1324,648,88,140,1,-1,-1,-1
137,3,280,632,160,200,1,-1,-1,-1
137,6,1764,640,124,160,1,-1,-1,-1
137,8,874,537,50,168,1,-1,-1,-1
137,10,1540,580,112,172,1,-1,-1,-1
137,12,1036,548,56,96,1,-1,-1,-1
137,13,894,561,71,146,1,-1,-1,-1
138,0,1314,643,88,140,1,-1,-1,-1
138,3,262,627,160,200,1,-1,-1,-1
138,6,1761,635,124,160,1,-1,-1,-1
138,8,874,545,50,168,1,-1,-1,-1
138,10,1535,576,112,172,1,-1,-1,-1
138,13,881,557,71,146,1,-1,-1,-1
139,0,1315,642,88,140,1,-1,-1,-1
139,3,255,628,160,200,1,-1,-1,-1
139,6,1770,635,124,160,1,-1,-1,-1
139,8,875,550,50,168,1,-1,-1,-1
139,10,1540,574,112,172,1,-1,-1,-1
139,13,881,552,74,153,1,-1,-1,-1
140,0,1317,642,88,140,1,-1,-1,-1
140,3,248,630,160,200,1,-1,-1,-1
140,6,1783,636,124,160,1,-1,-1,-1
140,8,877,551,50,168,1,-1,-1,-1
140,10,1551,576,112,172,1,-1,-1,-1
140,13,885,551,74,153,1,-1,-1,-1
141,0,1323,646,84,133,1,-1,-1,-1
141,3,230,633,160,200,1,-1,-1,-1
141,6,1798,639,124,160,1,-1,-1,-1
141,8,875,537,50,168,1,-1,-1,-1
141,10,1561,578,112,172,1,-1,-1,-1
141,13,886,556,74,153,1,-1,-1,-1
142,0,1324,646,84,133,1,-1,-1,-1
142,3,213,635,160,200,1,-1,-1,-1
142,6,1812,641,124,160,1,-1,-1,-1
142,8,873,517,53,176,1,-1,-1,-1
142,10,1568,578,112,172,1,-1,-1,-1
142,13,886,555,71,146,1,-1,-1,-1
143,0,1328,652,80,127,1,-1,-1,-1
143,3,201,639,160,200,1,-1,-1,-1
143,6,1825,643,124,160,1,-1,-1,-1
143,8,874,516,53,176,1,-1,-1,-1
143,10,1580,580,112,172,1,-1,-1,-1
143,13,890,576,74,153,1,-1,-1,-1
144,0,1330,655,80,127,1,-1,-1,-1
144,3,183,643,160,200,1,-1,-1,-1
144,6,1836,645,124,160,1,-1,-1,-1
144,8,872,508,56,185,1,-1,-1,-1
144,10,1586,583,112,172,1,-1,-1,-1
144,13,890,566,78,160,1,-1,-1,-1
145,0,1332,632,88,172,1,-1,-1,-1
145,3,164,624,180,236,1,-1,-1,-1
145,6,1856,636,128,192,1,-1,-1,-1
145,8,872,508,56,185,1,-1,-1,-1
145,10,1596,564,120,200,1,-1,-1,-1
145,13,884,540,88,172,1,-1,-1,-1
145,14,1024,488,48,156,1,-1,-1,-1
146,0,1333,633,88,172,1,-1,-1,-1
146,3,144,627,180,236,1,-1,-1,-1
146,6,1868,636,128,192,1,-1,-1,-1
146,8,870,481,58,194,1,-1,-1,-1
146,10,1601,564,120,200,1,-1,-1,-1
146,13,883,536,88,172,1,-1,-1,-1
146,14,1021,481,50,164,1,-1,-1,-1
147,0,1333,634,88,172,1,-1,-1,-1
147,3,125,628,180,236,1,-1,-1,-1
147,6,1880,637,128,192,1,-1,-1,-1
147,8,869,473,61,204,1,-1,-1,-1
147,10,1609,565,120,200,1,-1,-1,-1
147,13,883,534,88,172,1,-1,-1,-1
147,14,1018,478,50,164,1,-1,-1,-1
148,0,1333,633,88,172,1,-1,-1,-1
148,3,104,627,180,236,1,-1,-1,-1
148,6,1893,636,128,192,1,-1,-1,-1
148,8,869,464,61,204,1,-1,-1,-1
148,10,1615,563,120,200,1,-1,-1,-1
148,13,880,531,88,172,1,-1,-1,-1
148,14,1014,469,50,164,1,-1,-1,-1
149,0,1334,632,88,172,1,-1,-1,-1
149,3,88,626,180,236,1,-1,-1,-1
149,6,1904,637,128,192,1,-1,-1,-1
149,8,869,461,64,214,1,-1,-1,-1
149,10,1622,561,120,200,1,-1,-1,-1
149,13,878,524,88,172,1,-1,-1,-1
149,14,1008,461,53,172,1,-1,-1,-1
150,0,1333,631,88,172,1,-1,-1,-1
150,3,66,626,180,236,1,-1,-1,-1
150,6,1911,633,134,202,1,-1,-1,-1
150,8,868,462,64,214,1,-1,-1,-1
150,10,1625,555,126,210,1,-1,-1,-1
150,13,875,524,88,172,1,-1,-1,-1
150,14,1001,453,56,181,1,-1,-1,-1
151,0,1331,631,88,172,1,-1,-1,-1
151,3,43,626,180,236,1,-1,-1,-1
151,6,1922,631,134,202,1,-1,-1,-1
151,8,865,461,68,225,1,-1,-1,-1
151,10,1629,554,126,210,1,-1,-1,-1
151,13,871,520,88,172,1,-1,-1,-1
151,14,998,455,56,181,1,-1,-1,-1
152,0,1331,628,88,172,1,-1,-1,-1
152,3,18,619,189,248,1,-1,-1,-1
152,6,1934,625,141,212,1,-1,-1,-1
152,8,867,485,64,214,1,-1,-1,-1
152,10,1637,553,126,210,1,-1,-1,-1
152,13,871,518,88,172,1,-1,-1,-1
152,14,991,453,56,181,1,-1,-1,-1
153,0,1308,612,100,196,1,-1,-1,-1
153,3,28,696,160,180,1,-1,-1,-1
153,6,1928,608,156,224,1,-1,-1,-1
153,8,852,568,76,136,1,-1,-1,-1
153,10,1632,532,144,244,1,-1,-1,-1
153,13,852,416,168,284,1,-1,-1,-1
153,14,991,453,56,181,1,-1,-1,-1
154,0,1308,609,100,196,1,-1,-1,-1
154,3,9,695,160,180,1,-1,-1,-1
154,6,1938,606,156,224,1,-1,-1,-1
154,8,850,568,76,136,1,-1,-1,-1
154,10,1637,529,144,244,1,-1,-1,-1
154,13,846,412,168,284,1,-1,-1,-1
154,14,989,488,58,190,1,-1,-1,-1
155,0,1311,608,100,196,1,-1,-1,-1
155,3,0,696,149,180,1,-1,-1,-1
155,6,1956,606,156,224,1,-1,-1,-1
155,8,850,567,76,136,1,-1,-1,-1
155,10,1648,528,144,244,1,-1,-1,-1
155,13,843,411,168,284,1,-1,-1,-1
155,14,989,493,58,190,1,-1,-1,-1
156,0,1309,602,100,196,1,-1,-1,-1
156,3,0,691,122,180,1,-1,-1,-1
156,6,1961,602,156,224,1,-1,-1,-1
156,8,846,555,76,136,1,-1,-1,-1
156,10,1649,523,144,244,1,-1,-1,-1
156,13,829,406,168,284,1,-1,-1,-1
156,14,989,471,58,190,1,-1,-1,-1
157,0,1309,599,100,196,1,-1,-1,-1
157,3,0,692,104,180,1,-1,-1,-1
157,6,1977,601,156,224,1,-1,-1,-1
157,8,846,547,80,143,1,-1,-1,-1
157,10,1659,522,144,244,1,-1,-1,-1
157,13,829,400,168,284,1,-1,-1,-1
157,14,988,471,58,190,1,-1,-1,-1
158,0,1308,594,105,206,1,-1,-1,-1
158,3,0,693,85,180,1,-1,-1,-1
158,6,1989,595,164,235,1,-1,-1,-1
158,8,840,546,80,143,1,-1,-1,-1
158,10,1663,514,151,256,1,-1,-1,-1
158,13,829,405,160,270,1,-1,-1,-1
159,0,1309,591,105,206,1,-1,-1,-1
159,3,0,695,67,180,1,-1,-1,-1
159,6,1997,589,172,247,1,-1,-1,-1
159,8,840,527,84,150,1,-1,-1,-1
159,10,1671,510,151,256,1,-1,-1,-1
159,13,825,412,160,270,1,-1,-1,-1
160,0,1308,587,110,216,1,-1,-1,-1
160,3,0,698,55,189,1,-1,-1,-1
160,6,2016,589,172,247,1,-1,-1,-1
160,8,843,516,84,150,1,-1,-1,-1
160,10,1681,504,159,269,1,-1,-1,-1
160,13,826,416,160,270,1,-1,-1,-1
161,0,1296,584,124,236,1,-1,-1,-1
161,3,0,698,55,189,1,-1,-1,-1
161,6,2020,584,184,264,1,-1,-1,-1
161,8,843,516,84,150,1,-1,-1,-1
161,10,1688,492,160,272,1,-1,-1,-1
161,13,826,416,160,270,1,-1,-1,-1
162,0,1291,581,124,236,1,-1,-1,-1
162,3,0,708,95,189,1,-1,-1,-1
162,6,2023,580,184,264,1,-1,-1,-1
162,8,845,510,84,150,1,-1,-1,-1
162,10,1688,488,160,272,1,-1,-1,-1
162,13,830,426,152,258,1,-1,-1,-1
163,0,1287,578,124,236,1,-1,-1,-1
163,3,8,702,160,180,1,-1,-1,-1
163,6,2025,577,184,264,1,-1,-1,-1
163,8,845,495,84,150,1,-1,-1,-1
163,10,1687,484,160,272,1,-1,-1,-1
163,13,827,410,152,258,1,-1,-1,-1
164,0,1277,572,130,248,1,-1,-1,-1
164,3,0,706,148,171,1,-1,-1,-1
164,6,2023,574,184,264,1,-1,-1,-1
164,8,843,489,84,150,1,-1,-1,-1
164,10,1683,482,160,272,1,-1,-1,-1
164,13,824,428,145,245,1,-1,-1,-1
165,0,1273,570,130,248,1,-1,-1,-1
165,3,0,708,143,163,1,-1,-1,-1
165,6,2021,572,184,264,1,-1,-1,-1
165,8,843,482,84,150,1,-1,-1,-1
165,10,1678,480,160,272,1,-1,-1,-1
165,13,826,430,138,234,1,-1,-1,-1
166,0,1269,568,130,248,1,-1,-1,-1
166,3,6,707,145,163,1,-1,-1,-1
166,6,2016,570,184,264,1,-1,-1,-1
166,10,1675,478,160,272,1,-1,-1,-1
166,13,826,422,138,234,1,-1,-1,-1
167,0,1265,564,130,248,1,-1,-1,-1
167,3,4,705,145,163,1,-1,-1,-1
167,6,2013,567,184,264,1,-1,-1,-1
167,10,1672,477,160,272,1,-1,-1,-1
167,13,845,445,132,223,1,-1,-1,-1
168,0,1265,570,124,236,1,-1,-1,-1
168,3,0,701,145,163,1,-1,-1,-1
168,6,2010,565,184,264,1,-1,-1,-1
168,10,1669,475,160,272,1,-1,-1,-1
168,13,863,466,132,223,1,-1,-1,-1
169,0,1252,568,128,240,1,-1,-1,-1
169,3,0,701,145,163,1,-1,-1,-1
169,6,2008,568,176,268,1,-1,-1,-1
169,10,1664,468,168,268,1,-1,-1,-1
169,13,792,320,140,312,1,-1,-1,-1
170,0,1249,567,128,240,1,-1,-1,-1
170,6,2007,568,176,268,1,-1,-1,-1
170,10,1663,466,168,268,1,-1,-1,-1
170,13,789,318,140,312,1,-1,-1,-1
171,0,1247,567,128,240,1,-1,-1,-1
171,6,2004,567,176,268,1,-1,-1,-1
171,10,1661,466,168,268,1,-1,-1,-1
171,13,788,320,140,312,1,-1,-1,-1
172,0,1245,566,128,240,1,-1,-1,-1
172,6,2002,566,176,268,1,-1,-1,-1
172,10,1659,466,168,268,1,-1,-1,-1
172,13,789,316,140,312,1,-1,-1,-1
173,0,1237,559,134,252,1,-1,-1,-1
173,6,2000,567,176,268,1,-1,-1,-1
173,10,1656,466,168,268,1,-1,-1,-1
173,13,789,315,140,312,1,-1,-1,-1
174,0,1234,560,134,252,1,-1,-1,-1
174,6,1996,566,176,268,1,-1,-1,-1
174,10,1651,459,176,281,1,-1,-1,-1
174,13,792,311,140,312,1,-1,-1,-1
175,0,1229,561,134,252,1,-1,-1,-1
175,6,1993,566,176,268,1,-1,-1,-1
175,10,1651,467,168,268,1,-1,-1,-1
175,13,790,309,140,312,1,-1,-1,-1
176,0,1226,561,134,252,1,-1,-1,-1
176,6,1990,567,176,268,1,-1,-1,-1
176,10,1647,467,168,268,1,-1,-1,-1
176,13,788,311,140,312,1,-1,-1,-1
177,0,1216,552,144,252,1,-1,-1,-1
177,6,1980,564,188,268,1,-1,-1,-1
177,10,1640,468,184,264,1,-1,-1,-1
177,13,844,384,88,220,1,-1,-1,-1
177,15,720,332,96,196,1,-1,-1,-1
178,0,1213,551,144,252,1,-1,-1,-1
178,6,1977,565,188,268,1,-1,-1,-1
178,10,1637,468,184,264,1,-1,-1,-1
178,13,843,386,88,220,1,-1,-1,-1
178,15,714,331,96,196,1,-1,-1,-1
179,0,1209,552,144,252,1,-1,-1,-1
179,6,1974,566,188,268,1,-1,-1,-1
179,10,1632,470,184,264,1,-1,-1,-1
179,13,842,388,88,220,1,-1,-1,-1
179,15,705,332,96,196,1,-1,-1,-1
180,0,1203,551,144,252,1,-1,-1,-1
180,6,1968,566,188,268,1,-1,-1,-1
180,10,1628,471,184,264,1,-1,-1,-1
180,13,836,385,92,231,1,-1,-1,-1
180,15,695,335,96,196,1,-1,-1,-1
181,0,1192,552,144,252,1,-1,-1,-1
181,6,1954,563,197,281,1,-1,-1,-1
181,10,1616,472,184,264,1,-1,-1,-1
181,13,828,381,97,243,1,-1,-1,-1
181,15,686,338,96,196,1,-1,-1,-1
182,0,1180,553,144,252,1,-1,-1,-1
182,6,1943,566,197,281,1,-1,-1,-1
182,10,1606,474,184,264,1,-1,-1,-1
182,13,826,391,92,231,1,-1,-1,-1
182,15,667,335,101,206,1,-1,-1,-1
183,0,1168,554,144,252,1,-1,-1,-1
183,6,1933,566,197,281,1,-1,-1,-1
183,10,1596,477,184,264,1,-1,-1,-1
183,13,812,392,92,231,1,-1,-1,-1
183,15,660,330,101,206,1,-1,-1,-1
184,0,1156,553,144,252,1,-1,-1,-1
184,6,1919,568,197,281,1,-1,-1,-1
184,10,1583,478,184,264,1,-1,-1,-1
184,13,794,396,92,231,1,-1,-1,-1
184,15,658,329,101,206,1,-1,-1,-1
185,0,1144,560,136,252,1,-1,-1,-1
185,6,1916,576,180,268,1,-1,-1,-1
185,10,1576,472,172,292,1,-1,-1,-1
185,13,794,396,92,231,1,-1,-1,-1
185,15,624,336,64,204,1,-1,-1,-1
186,0,1138,565,130,240,1,-1,-1,-1
186,6,1903,571,189,281,1,-1,-1,-1
186,10,1563,468,181,307,1,-1,-1,-1
186,13,780,392,92,231,1,-1,-1,-1
186,15,620,339,64,204,1,-1,-1,-1
187,0,1128,568,130,240,1,-1,-1,-1
187,6,1893,573,189,281,1,-1,-1,-1
187,10,1555,471,181,307,1,-1,-1,-1
187,13,762,388,92,231,1,-1,-1,-1
187,15,611,332,67,214,1,-1,-1,-1
188,0,1118,568,130,240,1,-1,-1,-1
188,6,1886,573,189,281,1,-1,-1,-1
188,10,1544,471,181,307,1,-1,-1,-1
188,13,760,391,88,220,1,-1,-1,-1
188,15,600,333,71,225,1,-1,-1,-1
189,0,1110,568,130,240,1,-1,-1,-1
189,6,1877,575,189,281,1,-1,-1,-1
189,10,1536,471,181,307,1,-1,-1,-1
189,13,754,390,88,220,1,-1,-1,-1
189,15,587,326,71,225,1,-1,-1,-1
190,0,1101,569,130,240,1,-1,-1,-1
190,6,1870,575,189,281,1,-1,-1,-1
190,10,1529,469,181,307,1,-1,-1,-1
190,13,752,393,84,210,1,-1,-1,-1
190,15,584,333,67,214,1,-1,-1,-1
191,0,1092,570,130,240,1,-1,-1,-1
191,6,1863,576,189,281,1,-1,-1,-1
191,10,1523,469,181,307,1,-1,-1,-1
191,15,587,340,67,214,1,-1,-1,-1
192,0,1084,569,130,240,1,-1,-1,-1
192,6,1856,576,189,281,1,-1,-1,-1
192,10,1515,471,181,307,1,-1,-1,-1
192,15,586,342,67,214,1,-1,-1,-1
193,0,1072,580,136,232,1,-1,-1,-1
193,6,1852,580,180,280,1,-1,-1,-1
193,10,1512,484,168,296,1,-1,-1,-1
193,15,586,342,67,214,1,-1,-1,-1
193,16,664,356,132,256,1,-1,-1,-1
193,17,520,344,80,196,1,-1,-1,-1
194,0,1068,580,136,232,1,-1,-1,-1
194,6,1848,580,180,280,1,-1,-1,-1
194,10,1507,485,168,296,1,-1,-1,-1
194,15,587,353,71,225,1,-1,-1,-1
194,16,659,356,132,256,1,-1,-1,-1
194,17,515,349,80,196,1,-1,-1,-1
195,0,1061,581,136,232,1,-1,-1,-1
195,6,1843,580,180,280,1,-1,-1,-1
195,10,1502,485,168,296,1,-1,-1,-1
195,15,583,347,74,236,1,-1,-1,-1
195,16,653,362,132,256,1,-1,-1,-1
195,17,499,345,84,206,1,-1,-1,-1
196,0,1053,581,136,232,1,-1,-1,-1
196,6,1838,581,180,280,1,-1,-1,-1
196,10,1497,486,168,296,1,-1,-1,-1
196,15,578,342,78,248,1,-1,-1,-1
196,16,650,364,132,256,1,-1,-1,-1
196,17,493,344,84,206,1,-1,-1,-1
197,0,1044,583,136,232,1,-1,-1,-1
197,6,1831,583,180,280,1,-1,-1,-1
197,10,1492,488,168,296,1,-1,-1,-1
197,16,639,367,132,256,1,-1,-1,-1
197,17,482,345,84,206,1,-1,-1,-1
198,0,1037,584,136,232,1,-1,-1,-1
198,6,1825,582,180,280,1,-1,-1,-1
198,10,1483,478,176,311,1,-1,-1,-1
198,16,634,363,132,256,1,-1,-1,-1
198,17,478,343,84,206,1,-1,-1,-1
199,0,1033,585,136,232,1,-1,-1,-1
199,6,1819,582,180,280,1,-1,-1,-1
199,10,1477,478,176,311,1,-1,-1,-1
199,16,626,364,132,256,1,-1,-1,-1
199,17,474,337,84,206,1,-1,-1,-1
200,0,1029,593,130,221,1,-1,-1,-1
200,6,1812,583,180,280,1,-1,-1,-1
200,10,1470,478,176,311,1,-1,-1,-1
200,16,618,365,132,256,1,-1,-1,-1
200,17,475,345,80,196,1,-1,-1,-1
201,0,1024,576,112,244,1,-1,-1,-1
201,6,1804,584,184,276,1,-1,-1,-1
201,10,1460,492,164,284,1,-1,-1,-1
201,16,608,368,48,188,1,-1,-1,-1
201,17,428,348,80,176,1,-1,-1,-1
202,0,1018,576,112,244,1,-1,-1,-1
202,6,1799,584,184,276,1,-1,-1,-1
202,10,1455,492,164,284,1,-1,-1,-1
202,16,602,361,50,197,1,-1,-1,-1
202,17,422,350,80,176,1,-1,-1,-1
203,0,1012,576,112,244,1,-1,-1,-1
203,6,1789,576,193,290,1,-1,-1,-1
203,10,1449,493,164,284,1,-1,-1,-1
203,16,592,359,53,207,1,-1,-1,-1
203,17,417,348,80,176,1,-1,-1,-1
204,0,1005,577,112,244,1,-1,-1,-1
204,6,1782,578,193,290,1,-1,-1,-1
204,10,1442,493,164,284,1,-1,-1,-1
204,16,588,365,50,197,1,-1,-1,-1
204,17,411,348,80,176,1,-1,-1,-1
205,0,995,571,118,256,1,-1,-1,-1
205,6,1775,578,193,290,1,-1,-1,-1
205,10,1436,492,164,284,1,-1,-1,-1
205,16,575,367,50,197,1,-1,-1,-1
205,17,405,353,80,176,1,-1,-1,-1
206,0,987,571,118,256,1,-1,-1,-1
206,6,1768,578,193,290,1,-1,-1,-1
206,10,1430,491,164,284,1,-1,-1,-1
206,16,571,374,48,188,1,-1,-1,-1
206,17,404,358,76,168,1,-1,-1,-1
207,0,980,569,118,256,1,-1,-1,-1
207,6,1767,585,184,276,1,-1,-1,-1
207,10,1424,491,164,284,1,-1,-1,-1
207,16,564,372,48,188,1,-1,-1,-1
207,17,402,361,73,160,1,-1,-1,-1
208,0,976,567,118,256,1,-1,-1,-1
208,6,1763,584,184,276,1,-1,-1,-1
208,10,1417,491,164,284,1,-1,-1,-1
208,16,556,351,48,188,1,-1,-1,-1
208,17,401,400,73,160,1,-1,-1,-1
209,0,972,560,100,252,1,-1,-1,-1
209,6,1752,584,180,280,1,-1,-1,-1
209,10,1412,488,160,288,1,-1,-1,-1
209,16,556,351,48,188,1,-1,-1,-1
209,17,360,336,108,180,1,-1,-1,-1
209,18,604,376,64,208,1,-1,-1,-1
210,0,969,559,100,252,1,-1,-1,-1
210,6,1749,583,180,280,1,-1,-1,-1
210,10,1408,486,160,288,1,-1,-1,-1
210,16,557,371,48,188,1,-1,-1,-1
210,17,355,336,108,180,1,-1,-1,-1
210,18,600,371,64,208,1,-1,-1,-1
211,0,965,557,100,252,1,-1,-1,-1
211,6,1746,583,180,280,1,-1,-1,-1
211,10,1404,486,160,288,1,-1,-1,-1
211,16,558,403,48,188,1,-1,-1,-1
211,17,346,334,108,180,1,-1,-1,-1
211,18,595,364,64,208,1,-1,-1,-1
212,0,961,556,100,252,1,-1,-1,-1
212,6,1745,589,171,267,1,-1,-1,-1
212,10,1399,484,160,288,1,-1,-1,-1
212,16,557,403,48,188,1,-1,-1,-1
212,17,338,337,103,171,1,-1,-1,-1
212,18,585,362,64,208,1,-1,-1,-1
213,0,957,553,100,252,1,-1,-1,-1
213,6,1736,579,180,280,1,-1,-1,-1
213,10,1395,484,160,288,1,-1,-1,-1
213,17,333,333,108,180,1,-1,-1,-1
213,18,581,359,64,208,1,-1,-1,-1
214,0,952,549,100,252,1,-1,-1,-1
214,6,1733,578,180,280,1,-1,-1,-1
214,10,1389,473,168,302,1,-1,-1,-1
214,17,332,329,108,180,1,-1,-1,-1
214,18,573,352,67,218,1,-1,-1,-1
215,0,947,546,100,252,1,-1,-1,-1
215,6,1727,575,180,280,1,-1,-1,-1
215,10,1387,474,168,302,1,-1,-1,-1
215,17,329,324,108,180,1,-1,-1,-1
215,18,568,358,67,218,1,-1,-1,-1
216,0,943,542,100,252,1,-1,-1,-1
216,6,1722,572,180,280,1,-1,-1,-1
216,10,1384,473,168,302,1,-1,-1,-1
216,17,327,321,108,180,1,-1,-1,-1
216,18,566,353,67,218,1,-1,-1,-1
217,0,932,536,108,256,1,-1,-1,-1
217,6,1716,560,184,272,1,-1,-1,-1
217,10,1372,468,176,276,1,-1,-1,-1
217,17,260,320,112,156,1,-1,-1,-1
217,18,540,340,88,220,1,-1,-1,-1
217,19,472,320,64,200,1,-1,-1,-1
218,0,930,533,108,256,1,-1,-1,-1
218,6,1717,564,175,259,1,-1,-1,-1
218,10,1374,472,168,263,1,-1,-1,-1
218,17,256,318,112,156,1,-1,-1,-1
218,18,534,338,92,231,1,-1,-1,-1
218,19,470,319,64,200,1,-1,-1,-1
219,0,925,527,108,256,1,-1,-1,-1
219,6,1715,560,175,259,1,-1,-1,-1
219,10,1370,470,168,263,1,-1,-1,-1
219,17,250,317,112,156,1,-1,-1,-1
219,18,530,338,92,231,1,-1,-1,-1
219,19,468,309,64,200,1,-1,-1,-1
220,0,921,524,108,256,1,-1,-1,-1
220,6,1710,557,175,259,1,-1,-1,-1
220,10,1366,467,168,263,1,-1,-1,-1
220,17,238,310,112,156,1,-1,-1,-1
220,18,527,333,97,243,1,-1,-1,-1
220,19,465,309,64,200,1,-1,-1,-1
221,0,917,521,108,256,1,-1,-1,-1
221,6,1708,554,175,259,1,-1,-1,-1
221,10,1362,463,168,263,1,-1,-1,-1
221,17,230,306,118,164,1,-1,-1,-1
221,18,527,328,97,243,1,-1,-1,-1
221,19,465,321,64,200,1,-1,-1,-1
222,0,913,518,108,256,1,-1,-1,-1
222,6,1705,550,175,259,1,-1,-1,-1
222,10,1360,461,168,263,1,-1,-1,-1
222,17,215,302,123,172,1,-1,-1,-1
222,18,526,324,92,231,1,-1,-1,-1
222,19,462,326,61,190,1,-1,-1,-1
223,0,910,516,108,256,1,-1,-1,-1
223,6,1701,546,175,259,1,-1,-1,-1
223,10,1357,457,168,263,1,-1,-1,-1
223,17,209,299,123,172,1,-1,-1,-1
223,18,522,317,92,231,1,-1,-1,-1
223,19,459,347,61,190,1,-1,-1,-1
224,0,911,513,108,256,1,-1,-1,-1
224,6,1705,541,175,259,1,-1,-1,-1
224,10,1359,451,168,263,1,-1,-1,-1
224,17,204,298,118,164,1,-1,-1,-1
224,18,519,296,97,243,1,-1,-1,-1
224,19,453,360,61,190,1,-1,-1,-1
225,0,920,500,88,264,1,-1,-1,-1
225,6,1700,536,184,264,1,-1,-1,-1
225,10,1356,440,168,268,1,-1,-1,-1
225,17,184,288,184,172,1,-1,-1,-1
225,18,524,320,100,220,1,-1,-1,-1
225,19,453,360,61,190,1,-1,-1,-1
226,0,918,499,88,264,1,-1,-1,-1
226,6,1699,534,184,264,1,-1,-1,-1
226,10,1358,446,160,255,1,-1,-1,-1
226,17,180,285,184,172,1,-1,-1,-1
226,18,522,317,100,220,1,-1,-1,-1
226,19,452,306,61,190,1,-1,-1,-1
227,0,916,498,88,264,1,-1,-1,-1
227,6,1696,532,184,264,1,-1,-1,-1
227,10,1356,443,160,255,1,-1,-1,-1
227,17,176,281,184,172,1,-1,-1,-1
227,18,519,313,100,220,1,-1,-1,-1
227,19,449,279,64,200,1,-1,-1,-1
228,0,913,497,88,264,1,-1,-1,-1
228,6,1694,530,184,264,1,-1,-1,-1
228,10,1353,441,160,255,1,-1,-1,-1
228,17,173,277,184,172,1,-1,-1,-1
228,18,515,307,100,220,1,-1,-1,-1
228,19,444,279,64,200,1,-1,-1,-1
229,0,911,495,88,264,1,-1,-1,-1
229,6,1693,528,184,264,1,-1,-1,-1
229,10,1351,440,160,255,1,-1,-1,-1
229,17,169,274,184,172,1,-1,-1,-1
229,18,512,305,100,220,1,-1,-1,-1
229,19,441,278,64,200,1,-1,-1,-1
230,0,909,494,88,264,1,-1,-1,-1
230,6,1691,526,184,264,1,-1,-1,-1
230,10,1347,432,168,268,1,-1,-1,-1
230,17,165,271,184,172,1,-1,-1,-1
230,18,509,307,100,220,1,-1,-1,-1
231,0,906,492,88,264,1,-1,-1,-1
231,6,1690,524,184,264,1,-1,-1,-1
231,10,1346,429,168,268,1,-1,-1,-1
231,17,162,270,184,172,1,-1,-1,-1
231,18,508,309,100,220,1,-1,-1,-1
232,0,905,490,88,264,1,-1,-1,-1
232,6,1688,524,184,264,1,-1,-1,-1
232,10,1346,428,168,268,1,-1,-1,-1
232,17,163,270,184,172,1,-1,-1,-1
232,18,507,311,100,220,1,-1,-1,-1
233,0,896,488,96,268,1,-1,-1,-1
233,6,1688,524,188,264,1,-1,-1,-1
233,10,1352,424,160,280,1,-1,-1,-1
233,17,132,268,204,184,1,-1,-1,-1
233,18,460,308,148,208,1,-1,-1,-1
233,20,384,304,88,164,1,-1,-1,-1
234,0,896,487,96,268,1,-1,-1,-1
234,6,1688,523,188,264,1,-1,-1,-1
234,10,1352,422,160,280,1,-1,-1,-1
234,17,131,267,204,184,1,-1,-1,-1
234,18,458,306,148,208,1,-1,-1,-1
234,20,382,301,88,164,1,-1,-1,-1
235,0,895,487,96,268,1,-1,-1,-1
235,6,1686,523,188,264,1,-1,-1,-1
235,10,1352,422,160,280,1,-1,-1,-1
235,17,130,266,204,184,1,-1,-1,-1
235,18,456,303,148,208,1,-1,-1,-1
235,20,381,297,88,164,1,-1,-1,-1
236,0,895,487,96,268,1,-1,-1,-1
236,6,1684,522,188,264,1,-1,-1,-1
236,10,1353,421,160,280,1,-1,-1,-1
236,17,130,263,204,184,1,-1,-1,-1
236,18,454,301,148,208,1,-1,-1,-1
236,20,378,291,88,164,1,-1,-1,-1
237,0,897,486,96,268,1,-1,-1,-1
237,6,1687,520,188,264,1,-1,-1,-1
237,10,1359,425,152,267,1,-1,-1,-1
237,17,133,262,204,184,1,-1,-1,-1
237,18,453,298,148,208,1,-1,-1,-1
237,20,377,288,88,164,1,-1,-1,-1
238,0,904,483,96,268,1,-1,-1,-1
238,6,1693,519,188,264,1,-1,-1,-1
238,10,1364,424,152,267,1,-1,-1,-1
238,17,140,261,204,184,1,-1,-1,-1
238,18,457,295,148,208,1,-1,-1,-1
238,20,381,286,88,164,1,-1,-1,-1
239,0,910,484,96,268,1,-1,-1,-1
239,6,1702,518,188,264,1,-1,-1,-1
239,10,1373,423,152,267,1,-1,-1,-1
239,17,148,259,204,184,1,-1,-1,-1
239,18,462,292,148,208,1,-1,-1,-1
239,20,384,286,88,164,1,-1,-1,-1
240,0,921,484,96,268,1,-1,-1,-1
240,6,1710,517,188,264,1,-1,-1,-1
240,10,1384,423,152,267,1,-1,-1,-1
240,17,158,258,204,184,1,-1,-1,-1
240,18,468,290,148,208,1,-1,-1,-1
240,20,391,285,88,164,1,-1,-1,-1
241,0,928,500,108,248,1,-1,-1,-1
241,6,1712,512,208,256,1,-1,-1,-1
241,10,1388,408,168,272,1,-1,-1,-1
241,17,188,248,180,188,1,-1,-1,-1
241,18,484,276,140,232,1,-1,-1,-1
241,20,391,285,88,164,1,-1,-1,-1
242,0,937,499,108,248,1,-1,-1,-1
242,6,1721,511,208,256,1,-1,-1,-1
242,10,1400,414,160,259,1,-1,-1,-1
242,17,198,247,180,188,1,-1,-1,-1
242,18,490,275,140,232,1,-1,-1,-1
242,20,410,288,88,164,1,-1,-1,-1
243,0,949,499,108,248,1,-1,-1,-1
243,6,1731,511,208,256,1,-1,-1,-1
243,10,1413,412,160,259,1,-1,-1,-1
243,17,209,245,180,188,1,-1,-1,-1
243,18,502,281,133,221,1,-1,-1,-1
243,20,424,287,88,164,1,-1,-1,-1
244,0,961,499,108,248,1,-1,-1,-1
244,6,1741,511,208,256,1,-1,-1,-1
244,10,1422,413,160,259,1,-1,-1,-1
244,17,219,245,180,188,1,-1,-1,-1
244,18,511,281,133,221,1,-1,-1,-1
244,20,431,285,88,164,1,-1,-1,-1
245,0,970,497,108,248,1,-1,-1,-1
245,6,1754,517,198,244,1,-1,-1,-1
245,10,1433,413,160,259,1,-1,-1,-1
245,17,230,245,180,188,1,-1,-1,-1
245,18,520,280,133,221,1,-1,-1,-1
245,20,437,284,88,164,1,-1,-1,-1
246,0,982,497,108,248,1,-1,-1,-1
246,6,1769,522,189,232,1,-1,-1,-1
246,10,1446,411,160,259,1,-1,-1,-1
246,17,242,244,180,188,1,-1,-1,-1
246,18,531,281,133,221,1,-1,-1,-1
246,20,450,281,88,164,1,-1,-1,-1
247,0,990,493,108,248,1,-1,-1,-1
247,6,1780,523,189,232,1,-1,-1,-1
247,10,1455,410,160,259,1,-1,-1,-1
247,17,252,242,180,188,1,-1,-1,-1
247,18,541,279,133,221,1,-1,-1,-1
247,20,457,277,88,164,1,-1,-1,-1
248,0,997,488,113,260,1,-1,-1,-1
248,6,1791,522,189,232,1,-1,-1,-1
248,10,1465,411,160,259,1,-1,-1,-1
248,17,262,242,180,188,1,-1,-1,-1
248,18,556,278,133,221,1,-1,-1,-1
248,20,467,277,88,164,1,-1,-1,-1
249,0,1016,480,108,252,1,-1,-1,-1
249,6,1784,512,204,252,1,-1,-1,-1
249,10,1480,400,168,276,1,-1,-1,-1
249,17,272,240,184,192,1,-1,-1,-1
249,18,556,278,133,221,1,-1,-1,-1
249,20,467,277,88,164,1,-1,-1,-1
250,0,1023,474,113,265,1,-1,-1,-1
250,6,1802,511,204,252,1,-1,-1,-1
250,10,1493,399,168,276,1,-1,-1,-1
250,17,275,232,184,192,1,-1,-1,-1
250,18,569,270,133,221,1,-1,-1,-1
250,20,481,267,88,164,1,-1,-1,-1
251,0,1027,464,119,278,1,-1,-1,-1
251,6,1821,508,204,252,1,-1,-1,-1
251,10,1511,393,168,276,1,-1,-1,-1
251,17,279,230,184,192,1,-1,-1,-1
251,18,575,266,133,221,1,-1,-1,-1
251,20,483,261,92,172,1,-1,-1,-1
252,0,1040,460,119,278,1,-1,-1,-1
252,6,1839,508,204,252,1,-1,-1,-1
252,10,1518,385,176,290,1,-1,-1,-1
252,17,281,224,184,192,1,-1,-1,-1
252,18,575,254,140,232,1,-1,-1,-1
252,20,487,256,92,172,1,-1,-1,-1
253,0,1054,463,113,265,1,-1,-1,-1
253,6,1860,507,204,252,1,-1,-1,-1
253,10,1541,382,176,290,1,-1,-1,-1
253,17,283,217,184,192,1,-1,-1,-1
253,18,581,249,140,232,1,-1,-1,-1
253,20,488,254,92,172,1,-1,-1,-1
254,0,1065,460,113,265,1,-1,-1,-1
254,6,1884,508,204,252,1,-1,-1,-1
254,10,1564,386,168,276,1,-1,-1,-1
254,17,287,213,184,192,1,-1,-1,-1
254,18,582,245,140,232,1,-1,-1,-1
254,20,494,249,92,172,1,-1,-1,-1
255,0,1082,458,113,265,1,-1,-1,-1
255,6,1913,506,204,252,1,-1,-1,-1
255,10,1588,383,168,276,1,-1,-1,-1
255,17,287,206,184,192,1,-1,-1,-1
255,18,581,232,147,244,1,-1,-1,-1
255,20,500,243,92,172,1,-1,-1,-1
256,0,1090,458,113,265,1,-1,-1,-1
256,6,1938,505,204,252,1,-1,-1,-1
256,10,1607,382,168,276,1,-1,-1,-1
256,17,282,202,184,192,1,-1,-1,-1
256,18,582,228,147,244,1,-1,-1,-1
256,20,502,237,92,172,1,-1,-1,-1
257,0,1084,456,144,276,1,-1,-1,-1
257,6,1964,500,216,260,1,-1,-1,-1
257,10,1616,368,208,304,1,-1,-1,-1
257,17,268,180,200,220,1,-1,-1,-1
257,18,484,228,264,244,1,-1,-1,-1
257,20,502,237,92,172,1,-1,-1,-1
258,0,1090,458,144,276,1,-1,-1,-1
258,6,1987,502,216,260,1,-1,-1,-1
258,10,1638,367,208,304,1,-1,-1,-1
258,17,264,176,200,220,1,-1,-1,-1
258,18,484,225,264,244,1,-1,-1,-1
259,0,1098,458,144,276,1,-1,-1,-1
259,6,2006,495,227,273,1,-1,-1,-1
259,10,1656,364,208,304,1,-1,-1,-1
259,17,258,171,200,220,1,-1,-1,-1
259,18,481,223,264,244,1,-1,-1,-1
260,0,1107,458,144,276,1,-1,-1,-1
260,6,2032,494,227,273,1,-1,-1,-1
260,10,1676,365,208,304,1,-1,-1,-1
260,17,254,164,200,220,1,-1,-1,-1
260,18,479,220,264,244,1,-1,-1,-1
261,0,1115,459,144,276,1,-1,-1,-1
261,6,2057,496,227,273,1,-1,-1,-1
261,10,1693,365,208,304,1,-1,-1,-1
261,17,246,158,200,220,1,-1,-1,-1
261,18,473,212,264,244,1,-1,-1,-1
262,0,1121,457,144,276,1,-1,-1,-1
262,6,2077,494,227,273,1,-1,-1,-1
262,10,1706,356,218,319,1,-1,-1,-1
262,17,235,147,200,220,1,-1,-1,-1
262,18,469,207,264,244,1,-1,-1,-1
263,0,1125,456,144,276,1,-1,-1,-1
263,6,2093,487,238,287,1,-1,-1,-1
263,10,1723,353,218,319,1,-1,-1,-1
263,17,227,138,200,220,1,-1,-1,-1
263,18,457,191,277,256,1,-1,-1,-1
264,0,1129,456,144,276,1,-1,-1,-1
264,6,2116,489,238,287,1,-1,-1,-1
264,10,1742,362,208,304,1,-1,-1,-1
264,17,214,133,200,220,1,-1,-1,-1
264,18,451,184,277,256,1,-1,-1,-1
265,0,1128,436,168,320,1,-1,-1,-1
265,6,2144,460,236,336,1,-1,-1,-1
265,10,1756,328,248,352,1,-1,-1,-1
265,17,196,120,220,224,1,-1,-1,-1
265,18,451,184,277,256,1,-1,-1,-1
266,0,1130,437,168,320,1,-1,-1,-1
266,6,2168,461,236,336,1,-1,-1,-1
266,10,1772,326,248,352,1,-1,-1,-1
266,17,187,116,220,224,1,-1,-1,-1
266,18,434,167,291,269,1,-1,-1,-1
267,0,1130,427,176,336,1,-1,-1,-1
267,6,2192,463,236,336,1,-1,-1,-1
267,10,1786,317,260,370,1,-1,-1,-1
267,17,176,107,220,224,1,-1,-1,-1
267,18,428,160,291,269,1,-1,-1,-1
268,0,1132,430,176,336,1,-1,-1,-1
268,6,2214,465,236,336,1,-1,-1,-1
268,10,1800,316,260,370,1,-1,-1,-1
268,17,162,101,220,224,1,-1,-1,-1
268,18,420,154,291,269,1,-1,-1,-1
269,0,1136,431,176,336,1,-1,-1,-1
269,6,2239,469,236,336,1,-1,-1,-1
269,10,1823,316,260,370,1,-1,-1,-1
269,17,149,97,220,224,1,-1,-1,-1
269,18,418,151,291,269,1,-1,-1,-1
