1,0,148,472,852,624,1,-1,-1,-1
1,1,1704,600,712,576,1,-1,-1,-1
1,2,1148,396,468,460,1,-1,-1,-1
1,3,764,452,512,508,1,-1,-1,-1
1,4,1952,568,456,148,1,-1,-1,-1
1,5,2468,728,92,316,1,-1,-1,-1
2,0,142,469,852,624,1,-1,-1,-1
2,1,1695,602,712,576,1,-1,-1,-1
2,2,1144,398,468,460,1,-1,-1,-1
2,3,754,452,512,508,1,-1,-1,-1
2,4,1952,567,456,148,1,-1,-1,-1
2,5,2468,727,92,316,1,-1,-1,-1
3,0,141,472,852,624,1,-1,-1,-1
3,1,1683,603,712,576,1,-1,-1,-1
3,2,1142,400,468,460,1,-1,-1,-1
3,3,749,455,512,508,1,-1,-1,-1
3,4,1952,566,456,148,1,-1,-1,-1
3,5,2468,727,92,316,1,-1,-1,-1
4,0,137,475,852,624,1,-1,-1,-1
4,1,1677,608,712,576,1,-1,-1,-1
4,2,1127,387,491,483,1,-1,-1,-1
4,3,742,455,512,508,1,-1,-1,-1
4,4,1954,567,456,148,1,-1,-1,-1
4,5,2467,727,92,316,1,-1,-1,-1
5,0,140,472,852,624,1,-1,-1,-1
5,1,1648,589,748,605,1,-1,-1,-1
5,2,1125,389,491,483,1,-1,-1,-1
5,3,738,460,512,508,1,-1,-1,-1
5,4,1955,568,456,148,1,-1,-1,-1
5,5,2467,725,92,316,1,-1,-1,-1
6,0,137,479,852,624,1,-1,-1,-1
6,1,1634,582,748,605,1,-1,-1,-1
6,2,1124,385,491,483,1,-1,-1,-1
6,3,736,455,512,508,1,-1,-1,-1
6,4,1959,569,456,148,1,-1,-1,-1
6,5,2467,724,92,316,1,-1,-1,-1
7,0,153,491,811,594,1,-1,-1,-1
7,1,1629,578,748,605,1,-1,-1,-1
7,2,1125,386,491,483,1,-1,-1,-1
7,3,719,438,538,533,1,-1,-1,-1
7,4,1967,571,434,141,1,-1,-1,-1
7,5,2465,717,97,332,1,-1,-1,-1
8,0,175,500,773,566,1,-1,-1,-1
8,1,1625,578,748,605,1,-1,-1,-1
8,2,1122,389,491,483,1,-1,-1,-1
8,3,715,442,538,533,1,-1,-1,-1
8,4,1964,572,434,141,1,-1,-1,-1
8,5,2467,725,92,316,1,-1,-1,-1
9,0,144,468,780,624,1,-1,-1,-1
9,1,1596,596,816,576,1,-1,-1,-1
9,2,1168,408,436,448,1,-1,-1,-1
9,3,620,472,540,512,1,-1,-1,-1
9,4,1964,572,434,141,1,-1,-1,-1
9,5,2464,728,96,316,1,-1,-1,-1
9,6,1024,492,272,408,1,-1,-1,-1
9,7,1932,576,488,260,1,-1,-1,-1
10,0,144,467,780,624,1,-1,-1,-1
10,1,1581,599,816,576,1,-1,-1,-1
10,2,1168,407,436,448,1,-1,-1,-1
10,3,618,473,540,512,1,-1,-1,-1
10,4,1967,568,434,141,1,-1,-1,-1
10,5,2464,729,96,316,1,-1,-1,-1
10,6,1017,492,272,408,1,-1,-1,-1
10,7,1928,577,488,260,1,-1,-1,-1
11,0,140,466,780,624,1,-1,-1,-1
11,1,1580,600,816,576,1,-1,-1,-1
11,2,1167,406,436,448,1,-1,-1,-1
11,3,609,479,540,512,1,-1,-1,-1
11,4,1970,568,434,141,1,-1,-1,-1
11,5,2463,729,96,316,1,-1,-1,-1
11,6,1011,491,272,408,1,-1,-1,-1
11,7,1920,577,488,260,1,-1,-1,-1
12,0,139,467,780,624,1,-1,-1,-1
12,1,1569,598,816,576,1,-1,-1,-1
12,2,1166,405,436,448,1,-1,-1,-1
12,3,605,477,540,512,1,-1,-1,-1
12,4,1970,566,434,141,1,-1,-1,-1
12,5,2464,727,96,316,1,-1,-1,-1
12,6,1013,506,259,389,1,-1,-1,-1
12,7,1912,579,488,260,1,-1,-1,-1
13,0,138,466,780,624,1,-1,-1,-1
13,1,1552,603,816,576,1,-1,-1,-1
13,2,1166,402,436,448,1,-1,-1,-1
13,3,615,488,514,488,1,-1,-1,-1
13,4,1982,566,414,134,1,-1,-1,-1
13,5,2463,727,96,316,1,-1,-1,-1
13,6,1000,493,272,408,1,-1,-1,-1
13,7,1907,579,488,260,1,-1,-1,-1
14,0,136,464,780,624,1,-1,-1,-1
14,1,1521,586,857,605,1,-1,-1,-1
14,2,1167,402,436,448,1,-1,-1,-1
14,3,625,504,490,464,1,-1,-1,-1
14,4,1978,566,414,134,1,-1,-1,-1
14,5,2463,727,96,316,1,-1,-1,-1
14,6,989,495,272,408,1,-1,-1,-1
14,7,1895,577,488,260,1,-1,-1,-1
15,0,134,466,780,624,1,-1,-1,-1
15,1,1519,593,857,605,1,-1,-1,-1
15,2,1163,403,436,448,1,-1,-1,-1
15,3,613,494,514,488,1,-1,-1,-1
15,4,1976,566,414,134,1,-1,-1,-1
15,5,2462,728,96,316,1,-1,-1,-1
15,6,980,484,286,428,1,-1,-1,-1
15,7,1897,576,488,260,1,-1,-1,-1
16,0,131,462,780,624,1,-1,-1,-1
16,1,1520,597,857,605,1,-1,-1,-1
16,2,1166,404,436,448,1,-1,-1,-1
16,3,606,500,514,488,1,-1,-1,-1
16,4,1965,562,434,141,1,-1,-1,-1
16,5,2463,729,96,316,1,-1,-1,-1
16,6,987,500,272,408,1,-1,-1,-1
16,7,1878,573,488,260,1,-1,-1,-1
17,0,152,464,796,624,1,-1,-1,-1
17,1,1460,588,860,580,1,-1,-1,-1
17,2,1176,444,392,396,1,-1,-1,-1
17,3,606,500,514,488,1,-1,-1,-1
17,4,1965,562,434,141,1,-1,-1,-1
17,5,2464,716,96,324,1,-1,-1,-1
17,6,888,532,400,388,1,-1,-1,-1
17,7,1928,568,488,260,1,-1,-1,-1
17,8,872,600,188,372,1,-1,-1,-1
18,0,156,462,796,624,1,-1,-1,-1
18,1,1447,594,860,580,1,-1,-1,-1
18,2,1173,443,392,396,1,-1,-1,-1
18,3,617,477,540,512,1,-1,-1,-1
18,4,1966,562,434,141,1,-1,-1,-1
18,5,2464,716,96,324,1,-1,-1,-1
18,6,884,533,400,388,1,-1,-1,-1
18,7,1924,568,488,260,1,-1,-1,-1
18,8,868,601,188,372,1,-1,-1,-1
19,0,150,466,796,624,1,-1,-1,-1
19,1,1457,606,819,552,1,-1,-1,-1
19,2,1169,442,392,396,1,-1,-1,-1
19,3,619,471,540,512,1,-1,-1,-1
19,4,1958,559,456,148,1,-1,-1,-1
19,5,2464,717,96,324,1,-1,-1,-1
19,6,887,543,381,370,1,-1,-1,-1
19,7,1919,568,488,260,1,-1,-1,-1
19,8,865,604,188,372,1,-1,-1,-1
20,0,150,464,796,624,1,-1,-1,-1
20,1,1458,602,819,552,1,-1,-1,-1
20,2,1163,444,392,396,1,-1,-1,-1
20,3,619,451,567,538,1,-1,-1,-1
20,4,1956,560,456,148,1,-1,-1,-1
20,5,2465,717,96,324,1,-1,-1,-1
20,6,886,543,381,370,1,-1,-1,-1
20,7,1903,563,512,273,1,-1,-1,-1
20,8,866,601,188,372,1,-1,-1,-1
21,0,142,458,796,624,1,-1,-1,-1
21,1,1425,595,860,580,1,-1,-1,-1
21,2,1160,443,392,396,1,-1,-1,-1
21,3,626,459,567,538,1,-1,-1,-1
21,4,1966,562,434,141,1,-1,-1,-1
21,5,2467,723,91,309,1,-1,-1,-1
21,6,879,544,381,370,1,-1,-1,-1
21,7,1895,560,512,273,1,-1,-1,-1
21,8,868,595,188,372,1,-1,-1,-1
22,0,157,472,758,594,1,-1,-1,-1
22,1,1418,591,860,580,1,-1,-1,-1
22,2,1154,442,392,396,1,-1,-1,-1
22,3,622,457,567,538,1,-1,-1,-1
22,4,1968,561,434,141,1,-1,-1,-1
22,5,2464,715,96,324,1,-1,-1,-1
22,6,853,534,400,388,1,-1,-1,-1
22,7,1905,563,488,260,1,-1,-1,-1
22,8,868,592,188,372,1,-1,-1,-1
23,0,161,467,758,594,1,-1,-1,-1
23,1,1427,610,819,552,1,-1,-1,-1
23,2,1160,441,392,396,1,-1,-1,-1
23,3,621,455,567,538,1,-1,-1,-1
23,4,1969,561,434,141,1,-1,-1,-1
23,5,2463,716,96,324,1,-1,-1,-1
23,6,849,526,400,388,1,-1,-1,-1
23,7,1890,557,512,273,1,-1,-1,-1
23,8,868,589,188,372,1,-1,-1,-1
24,0,160,472,758,594,1,-1,-1,-1
24,1,1415,609,819,552,1,-1,-1,-1
24,2,1154,437,392,396,1,-1,-1,-1
24,3,620,468,540,512,1,-1,-1,-1
24,4,1967,560,434,141,1,-1,-1,-1
24,5,2466,722,91,309,1,-1,-1,-1
24,6,852,542,381,370,1,-1,-1,-1
24,7,1891,557,512,273,1,-1,-1,-1
24,8,862,582,197,391,1,-1,-1,-1
25,0,152,476,836,612,1,-1,-1,-1
25,1,1316,584,892,588,1,-1,-1,-1
25,2,1184,404,396,444,1,-1,-1,-1
25,3,768,480,428,456,1,-1,-1,-1
25,4,1967,560,434,141,1,-1,-1,-1
25,5,2464,716,96,332,1,-1,-1,-1
25,6,852,542,381,370,1,-1,-1,-1
25,7,1940,568,484,296,1,-1,-1,-1
25,8,862,582,197,391,1,-1,-1,-1
26,0,151,474,836,612,1,-1,-1,-1
26,1,1297,584,892,588,1,-1,-1,-1
26,2,1174,403,396,444,1,-1,-1,-1
26,3,758,481,428,456,1,-1,-1,-1
26,4,1963,561,434,141,1,-1,-1,-1
26,5,2464,716,96,332,1,-1,-1,-1
26,6,766,540,400,388,1,-1,-1,-1
26,7,1939,568,484,296,1,-1,-1,-1
26,8,867,593,188,372,1,-1,-1,-1
27,0,152,470,836,612,1,-1,-1,-1
27,1,1281,581,892,588,1,-1,-1,-1
27,2,1171,406,396,444,1,-1,-1,-1
27,3,752,480,428,456,1,-1,-1,-1
27,4,1964,562,434,141,1,-1,-1,-1
27,5,2464,716,96,332,1,-1,-1,-1
27,6,739,528,420,407,1,-1,-1,-1
27,7,1937,567,484,296,1,-1,-1,-1
27,8,870,596,188,372,1,-1,-1,-1
28,0,146,471,836,612,1,-1,-1,-1
28,1,1251,578,892,588,1,-1,-1,-1
28,2,1160,404,396,444,1,-1,-1,-1
28,3,747,483,428,456,1,-1,-1,-1
28,4,1978,563,414,134,1,-1,-1,-1
28,5,2464,715,96,332,1,-1,-1,-1
28,6,712,536,420,407,1,-1,-1,-1
28,7,1934,568,484,296,1,-1,-1,-1
28,8,872,596,188,372,1,-1,-1,-1
29,0,130,475,836,612,1,-1,-1,-1
29,1,1261,603,850,560,1,-1,-1,-1
29,2,1151,412,396,444,1,-1,-1,-1
29,3,740,490,428,456,1,-1,-1,-1
29,4,1967,562,434,141,1,-1,-1,-1
29,5,2466,723,91,316,1,-1,-1,-1
29,6,707,539,420,407,1,-1,-1,-1
29,7,1925,559,508,311,1,-1,-1,-1
29,8,878,601,188,372,1,-1,-1,-1
30,0,135,471,836,612,1,-1,-1,-1
30,1,1241,594,850,560,1,-1,-1,-1
30,2,1154,418,377,423,1,-1,-1,-1
30,3,747,504,408,434,1,-1,-1,-1
30,4,1977,566,414,134,1,-1,-1,-1
30,5,2464,719,96,332,1,-1,-1,-1
30,6,686,530,441,428,1,-1,-1,-1
30,7,1929,570,484,296,1,-1,-1,-1
30,8,880,597,188,372,1,-1,-1,-1
31,0,149,494,796,583,1,-1,-1,-1
31,1,1195,585,892,588,1,-1,-1,-1
31,2,1144,419,396,444,1,-1,-1,-1
31,3,751,508,408,434,1,-1,-1,-1
31,4,1968,564,434,141,1,-1,-1,-1
31,5,2460,708,101,349,1,-1,-1,-1
31,6,665,537,420,407,1,-1,-1,-1
31,7,1937,569,484,296,1,-1,-1,-1
31,8,879,600,188,372,1,-1,-1,-1
32,0,135,483,836,612,1,-1,-1,-1
32,1,1153,563,937,617,1,-1,-1,-1
32,2,1151,421,396,444,1,-1,-1,-1
32,3,741,510,408,434,1,-1,-1,-1
32,4,1967,565,434,141,1,-1,-1,-1
32,5,2458,696,106,366,1,-1,-1,-1
32,6,642,534,420,407,1,-1,-1,-1
32,7,1937,570,484,296,1,-1,-1,-1
32,8,877,601,188,372,1,-1,-1,-1
33,0,148,476,768,612,1,-1,-1,-1
33,1,1164,592,876,580,1,-1,-1,-1
33,2,1151,421,396,444,1,-1,-1,-1
33,3,741,510,408,434,1,-1,-1,-1
33,4,1967,565,434,141,1,-1,-1,-1
33,5,2468,720,92,328,1,-1,-1,-1
33,6,642,534,420,407,1,-1,-1,-1
33,7,1924,568,500,292,1,-1,-1,-1
33,8,877,601,188,372,1,-1,-1,-1
33,9,1184,400,404,268,1,-1,-1,-1
34,0,145,479,768,612,1,-1,-1,-1
34,1,1159,591,876,580,1,-1,-1,-1
34,2,1156,433,396,444,1,-1,-1,-1
34,3,740,496,428,456,1,-1,-1,-1
34,4,1964,564,434,141,1,-1,-1,-1
34,5,2468,721,92,328,1,-1,-1,-1
34,6,630,541,420,407,1,-1,-1,-1
34,7,1922,566,500,292,1,-1,-1,-1
34,8,878,596,188,372,1,-1,-1,-1
34,9,1183,399,404,268,1,-1,-1,-1
35,0,147,481,768,612,1,-1,-1,-1
35,1,1139,594,876,580,1,-1,-1,-1
35,2,1149,417,416,466,1,-1,-1,-1
35,3,729,492,428,456,1,-1,-1,-1
35,4,1953,562,456,148,1,-1,-1,-1
35,5,2468,722,92,328,1,-1,-1,-1
35,6,625,545,420,407,1,-1,-1,-1
35,7,1920,564,500,292,1,-1,-1,-1
35,8,876,596,188,372,1,-1,-1,-1
35,9,1182,401,404,268,1,-1,-1,-1
36,0,138,477,768,612,1,-1,-1,-1
36,1,1167,613,834,552,1,-1,-1,-1
36,2,1149,416,416,466,1,-1,-1,-1
36,3,741,493,428,456,1,-1,-1,-1
36,4,1951,563,456,148,1,-1,-1,-1
36,5,2468,724,92,328,1,-1,-1,-1
36,6,620,544,420,407,1,-1,-1,-1
36,7,1909,560,525,307,1,-1,-1,-1
36,8,875,594,188,372,1,-1,-1,-1
36,9,1179,403,404,268,1,-1,-1,-1
37,0,148,484,768,612,1,-1,-1,-1
37,1,1152,614,834,552,1,-1,-1,-1
37,2,1153,419,416,466,1,-1,-1,-1
37,3,747,484,428,456,1,-1,-1,-1
37,4,1950,564,456,148,1,-1,-1,-1
37,5,2471,733,88,312,1,-1,-1,-1
37,6,612,551,420,407,1,-1,-1,-1
37,7,1906,560,525,307,1,-1,-1,-1
37,8,874,594,188,372,1,-1,-1,-1
37,9,1189,414,385,255,1,-1,-1,-1
38,0,137,477,768,612,1,-1,-1,-1
38,1,1117,617,834,552,1,-1,-1,-1
38,2,1190,373,416,466,1,-1,-1,-1
38,3,755,472,428,456,1,-1,-1,-1
38,4,1965,566,434,141,1,-1,-1,-1
38,5,2468,723,92,328,1,-1,-1,-1
38,6,619,557,400,388,1,-1,-1,-1
38,7,1906,559,525,307,1,-1,-1,-1
38,8,871,591,188,372,1,-1,-1,-1
38,9,1183,406,404,268,1,-1,-1,-1
39,0,133,482,768,612,1,-1,-1,-1
39,1,1110,620,834,552,1,-1,-1,-1
39,3,748,488,428,456,1,-1,-1,-1
39,4,1951,563,456,148,1,-1,-1,-1
39,5,2470,733,88,312,1,-1,-1,-1
39,6,620,560,400,388,1,-1,-1,-1
39,7,1900,555,525,307,1,-1,-1,-1
39,8,875,598,179,354,1,-1,-1,-1
39,9,1182,408,404,268,1,-1,-1,-1
40,0,127,482,768,612,1,-1,-1,-1
40,1,1039,598,876,580,1,-1,-1,-1
40,3,757,480,428,456,1,-1,-1,-1
40,4,1951,563,456,148,1,-1,-1,-1
40,5,2471,732,88,312,1,-1,-1,-1
40,6,624,556,400,388,1,-1,-1,-1
40,7,1904,556,525,307,1,-1,-1,-1
40,8,875,602,179,354,1,-1,-1,-1
40,9,1183,407,404,268,1,-1,-1,-1
41,0,140,484,856,604,1,-1,-1,-1
41,1,1024,568,852,592,1,-1,-1,-1
41,3,757,480,428,456,1,-1,-1,-1
41,4,1951,563,456,148,1,-1,-1,-1
41,5,2468,720,92,328,1,-1,-1,-1
41,6,624,556,400,388,1,-1,-1,-1
41,7,1912,568,516,288,1,-1,-1,-1
41,8,875,602,179,354,1,-1,-1,-1
41,9,1180,400,404,268,1,-1,-1,-1
41,10,8,456,732,456,1,-1,-1,-1
42,0,142,491,856,604,1,-1,-1,-1
42,1,1012,573,852,592,1,-1,-1,-1
42,3,771,476,428,456,1,-1,-1,-1
42,4,1967,566,434,141,1,-1,-1,-1
42,5,2468,721,92,328,1,-1,-1,-1
42,6,612,561,400,388,1,-1,-1,-1
42,7,1911,568,516,288,1,-1,-1,-1
42,8,871,598,179,354,1,-1,-1,-1
42,9,1178,402,404,268,1,-1,-1,-1
42,10,4,456,732,456,1,-1,-1,-1
43,0,142,494,856,604,1,-1,-1,-1
43,1,1020,590,811,564,1,-1,-1,-1
43,3,761,466,428,456,1,-1,-1,-1
43,4,1965,564,434,141,1,-1,-1,-1
43,5,2467,720,92,328,1,-1,-1,-1
43,6,609,565,400,388,1,-1,-1,-1
43,7,1911,567,516,288,1,-1,-1,-1
43,8,867,588,188,372,1,-1,-1,-1
43,9,1173,401,404,268,1,-1,-1,-1
43,10,3,456,732,456,1,-1,-1,-1
44,0,142,488,856,604,1,-1,-1,-1
44,1,984,575,852,592,1,-1,-1,-1
44,3,760,473,428,456,1,-1,-1,-1
44,4,1953,561,456,148,1,-1,-1,-1
44,5,2468,719,92,328,1,-1,-1,-1
44,6,611,565,400,388,1,-1,-1,-1
44,7,1912,568,516,288,1,-1,-1,-1
44,8,860,584,197,391,1,-1,-1,-1
44,9,1183,408,385,255,1,-1,-1,-1
44,10,6,463,732,456,1,-1,-1,-1
45,0,165,515,815,575,1,-1,-1,-1
45,1,962,580,852,592,1,-1,-1,-1
45,3,763,478,428,456,1,-1,-1,-1
45,4,1951,561,456,148,1,-1,-1,-1
45,5,2466,713,92,328,1,-1,-1,-1
45,6,604,566,400,388,1,-1,-1,-1
45,7,1910,566,516,288,1,-1,-1,-1
45,8,870,588,188,372,1,-1,-1,-1
45,9,1183,409,385,255,1,-1,-1,-1
45,10,-10,460,732,456,1,-1,-1,-1
46,0,161,522,815,575,1,-1,-1,-1
46,1,927,565,895,622,1,-1,-1,-1
46,3,770,473,428,456,1,-1,-1,-1
46,4,1967,564,434,141,1,-1,-1,-1
46,5,2468,711,92,328,1,-1,-1,-1
46,6,615,567,400,388,1,-1,-1,-1
46,7,1909,566,516,288,1,-1,-1,-1
46,8,865,581,197,391,1,-1,-1,-1
46,9,1182,410,385,255,1,-1,-1,-1
46,10,-9,464,732,456,1,-1,-1,-1
47,0,134,502,856,604,1,-1,-1,-1
47,1,931,586,852,592,1,-1,-1,-1
47,3,774,471,428,456,1,-1,-1,-1
47,4,1964,563,434,141,1,-1,-1,-1
47,5,2465,700,97,344,1,-1,-1,-1
47,6,624,579,381,370,1,-1,-1,-1
47,7,1911,570,516,288,1,-1,-1,-1
47,8,868,575,197,391,1,-1,-1,-1
47,9,1182,411,385,255,1,-1,-1,-1
47,10,-8,468,732,456,1,-1,-1,-1
48,0,138,496,856,604,1,-1,-1,-1
48,1,930,599,811,564,1,-1,-1,-1
48,3,775,475,428,456,1,-1,-1,-1
48,4,1976,565,414,134,1,-1,-1,-1
48,5,2463,690,101,362,1,-1,-1,-1
48,6,618,571,381,370,1,-1,-1,-1
48,7,1913,567,516,288,1,-1,-1,-1
48,8,867,589,197,391,1,-1,-1,-1
48,9,1180,413,385,255,1,-1,-1,-1
48,10,-17,466,732,456,1,-1,-1,-1
49,0,140,472,752,608,1,-1,-1,-1
49,1,848,568,880,580,1,-1,-1,-1
49,3,775,475,428,456,1,-1,-1,-1
49,4,1976,565,414,134,1,-1,-1,-1
49,5,2463,690,101,362,1,-1,-1,-1
49,6,618,571,381,370,1,-1,-1,-1
49,7,1912,568,520,288,1,-1,-1,-1
49,8,867,589,197,391,1,-1,-1,-1
49,9,1180,396,416,272,1,-1,-1,-1
49,10,0,432,636,520,1,-1,-1,-1
49,11,2504,708,52,332,1,-1,-1,-1
50,0,144,471,752,608,1,-1,-1,-1
50,1,828,570,880,580,1,-1,-1,-1
50,3,758,476,449,479,1,-1,-1,-1
50,4,1977,563,414,134,1,-1,-1,-1
50,5,2462,699,101,362,1,-1,-1,-1
50,6,631,582,363,352,1,-1,-1,-1
50,7,1914,571,520,288,1,-1,-1,-1
50,8,865,583,197,391,1,-1,-1,-1
50,9,1180,397,416,272,1,-1,-1,-1
50,10,-1,431,636,520,1,-1,-1,-1
50,11,2435,-122,52,332,1,-1,-1,-1
51,0,134,474,752,608,1,-1,-1,-1
51,1,819,572,880,580,1,-1,-1,-1
51,3,757,478,449,479,1,-1,-1,-1
51,4,1977,563,414,134,1,-1,-1,-1
51,5,2462,698,101,362,1,-1,-1,-1
51,6,623,580,363,352,1,-1,-1,-1
51,7,1918,569,520,288,1,-1,-1,-1
51,8,859,585,197,391,1,-1,-1,-1
51,9,1178,397,416,272,1,-1,-1,-1
51,10,-8,433,636,520,1,-1,-1,-1
51,11,2400,-330,52,332,1,-1,-1,-1
52,0,131,468,752,608,1,-1,-1,-1
52,1,795,582,880,580,1,-1,-1,-1
52,3,753,484,449,479,1,-1,-1,-1
52,4,1977,562,414,134,1,-1,-1,-1
52,5,2462,693,101,362,1,-1,-1,-1
52,6,614,569,363,352,1,-1,-1,-1
52,7,1914,570,520,288,1,-1,-1,-1
52,8,866,597,188,372,1,-1,-1,-1
52,9,1175,398,416,272,1,-1,-1,-1
52,10,-7,432,636,520,1,-1,-1,-1
52,11,2366,-330,52,332,1,-1,-1,-1
53,0,136,470,752,608,1,-1,-1,-1
53,1,781,581,880,580,1,-1,-1,-1
53,3,749,489,449,479,1,-1,-1,-1
53,4,1976,563,414,134,1,-1,-1,-1
53,5,2461,688,101,362,1,-1,-1,-1
53,6,624,567,363,352,1,-1,-1,-1
53,7,1917,569,520,288,1,-1,-1,-1
53,8,865,608,188,372,1,-1,-1,-1
53,9,1179,399,416,272,1,-1,-1,-1
53,10,-9,432,636,520,1,-1,-1,-1
53,11,2331,-330,52,332,1,-1,-1,-1
54,0,121,474,752,608,1,-1,-1,-1
54,1,789,590,838,552,1,-1,-1,-1
54,3,746,488,449,479,1,-1,-1,-1
54,4,1977,562,414,134,1,-1,-1,-1
54,5,2461,690,101,362,1,-1,-1,-1
54,6,608,562,363,352,1,-1,-1,-1
54,7,1915,569,520,288,1,-1,-1,-1
54,8,860,622,188,372,1,-1,-1,-1
54,9,1168,391,437,286,1,-1,-1,-1
54,10,-9,426,636,520,1,-1,-1,-1
54,11,2297,-330,52,332,1,-1,-1,-1
55,0,122,470,752,608,1,-1,-1,-1
55,1,795,593,838,552,1,-1,-1,-1
55,3,746,491,449,479,1,-1,-1,-1
55,4,1977,562,414,134,1,-1,-1,-1
55,5,2460,693,101,362,1,-1,-1,-1
55,6,598,563,363,352,1,-1,-1,-1
55,7,1916,571,520,288,1,-1,-1,-1
55,8,856,613,188,372,1,-1,-1,-1
55,9,1165,392,437,286,1,-1,-1,-1
55,10,-13,430,636,520,1,-1,-1,-1
56,0,127,476,752,608,1,-1,-1,-1
56,1,711,565,880,580,1,-1,-1,-1
56,3,728,485,449,479,1,-1,-1,-1
56,4,1978,562,414,134,1,-1,-1,-1
56,5,2457,690,101,362,1,-1,-1,-1
56,6,591,581,346,335,1,-1,-1,-1
56,7,1917,572,520,288,1,-1,-1,-1
56,8,851,602,188,372,1,-1,-1,-1
56,9,1177,400,416,272,1,-1,-1,-1
56,10,-13,430,636,520,1,-1,-1,-1
57,0,156,472,724,612,1,-1,-1,-1
57,1,652,588,896,560,1,-1,-1,-1
57,3,728,485,449,479,1,-1,-1,-1
57,4,1978,562,414,134,1,-1,-1,-1
57,5,2424,716,136,328,1,-1,-1,-1
57,6,591,581,346,335,1,-1,-1,-1
57,7,1912,568,520,276,1,-1,-1,-1
57,8,851,602,188,372,1,-1,-1,-1
57,9,1180,400,428,460,1,-1,-1,-1
57,10,-13,430,636,520,1,-1,-1,-1
57,12,0,584,412,404,1,-1,-1,-1
57,13,0,468,240,376,1,-1,-1,-1
58,0,147,468,724,612,1,-1,-1,-1
58,1,644,587,896,560,1,-1,-1,-1
58,3,718,502,449,479,1,-1,-1,-1
58,4,1979,564,414,134,1,-1,-1,-1
58,5,2422,702,136,328,1,-1,-1,-1
58,7,1911,569,520,276,1,-1,-1,-1
58,8,836,595,197,391,1,-1,-1,-1
58,9,1173,398,428,460,1,-1,-1,-1
58,10,-4,445,636,520,1,-1,-1,-1
58,12,-10,586,412,404,1,-1,-1,-1
58,13,-10,470,240,376,1,-1,-1,-1
59,0,158,490,690,583,1,-1,-1,-1
59,1,618,591,896,560,1,-1,-1,-1
59,3,714,515,449,479,1,-1,-1,-1
59,4,1979,564,414,134,1,-1,-1,-1
59,5,2418,703,136,328,1,-1,-1,-1
59,7,1909,569,520,276,1,-1,-1,-1
59,8,807,452,188,372,1,-1,-1,-1
59,9,1156,401,428,460,1,-1,-1,-1
59,10,-12,450,636,520,1,-1,-1,-1
59,12,-14,586,412,404,1,-1,-1,-1
59,13,-21,470,240,376,1,-1,-1,-1
60,0,170,496,657,555,1,-1,-1,-1
60,1,621,609,853,533,1,-1,-1,-1
60,3,712,524,449,479,1,-1,-1,-1
60,4,1967,560,434,141,1,-1,-1,-1
60,5,2420,703,136,328,1,-1,-1,-1
60,7,1920,572,495,263,1,-1,-1,-1
60,9,1154,397,428,460,1,-1,-1,-1
60,10,-25,426,668,546,1,-1,-1,-1
60,12,-13,581,412,404,1,-1,-1,-1
60,13,-31,470,240,376,1,-1,-1,-1
61,0,171,498,657,555,1,-1,-1,-1
61,1,635,620,813,508,1,-1,-1,-1
61,3,718,533,428,456,1,-1,-1,-1
61,4,1964,560,434,141,1,-1,-1,-1
61,5,2425,712,130,312,1,-1,-1,-1
61,7,1921,571,495,263,1,-1,-1,-1
61,9,1152,397,428,460,1,-1,-1,-1
61,10,-31,423,668,546,1,-1,-1,-1
61,12,-18,576,412,404,1,-1,-1,-1
61,13,-36,468,240,376,1,-1,-1,-1
62,0,135,481,690,583,1,-1,-1,-1
62,1,583,616,853,533,1,-1,-1,-1
62,4,1967,560,434,141,1,-1,-1,-1
62,5,2426,712,136,328,1,-1,-1,-1
62,7,1922,568,495,263,1,-1,-1,-1
62,9,1186,410,408,438,1,-1,-1,-1
62,10,-15,435,636,520,1,-1,-1,-1
62,12,-33,566,433,424,1,-1,-1,-1
62,13,-48,466,240,376,1,-1,-1,-1
63,0,140,471,690,583,1,-1,-1,-1
63,1,596,618,853,533,1,-1,-1,-1
63,4,1967,561,434,141,1,-1,-1,-1
63,5,2423,703,143,344,1,-1,-1,-1
63,7,1916,570,495,263,1,-1,-1,-1
63,9,1175,395,428,460,1,-1,-1,-1
63,10,-13,434,636,520,1,-1,-1,-1
63,12,-31,565,433,424,1,-1,-1,-1
63,13,-54,464,240,376,1,-1,-1,-1
64,0,141,477,690,583,1,-1,-1,-1
64,1,572,616,853,533,1,-1,-1,-1
64,4,1970,562,434,141,1,-1,-1,-1
64,5,2427,717,136,328,1,-1,-1,-1
64,7,1919,570,495,263,1,-1,-1,-1
64,9,1169,388,449,483,1,-1,-1,-1
64,10,-9,435,636,520,1,-1,-1,-1
64,12,-40,560,433,424,1,-1,-1,-1
64,13,-61,463,240,376,1,-1,-1,-1
65,0,160,472,428,616,1,-1,-1,-1
65,1,496,572,852,560,1,-1,-1,-1
65,4,1970,562,434,141,1,-1,-1,-1
65,5,2432,720,128,324,1,-1,-1,-1
65,7,1912,568,516,296,1,-1,-1,-1
65,9,1176,400,432,460,1,-1,-1,-1
65,10,-9,435,636,520,1,-1,-1,-1
65,12,0,580,424,420,1,-1,-1,-1
65,13,-61,463,240,376,1,-1,-1,-1
65,14,0,508,236,108,1,-1,-1,-1
66,0,154,470,428,616,1,-1,-1,-1
66,1,487,569,852,560,1,-1,-1,-1
66,4,1979,564,414,134,1,-1,-1,-1
66,5,2434,727,128,324,1,-1,-1,-1
66,7,1912,568,516,296,1,-1,-1,-1
66,9,1168,400,432,460,1,-1,-1,-1
66,10,-2,448,636,520,1,-1,-1,-1
66,12,-12,581,424,420,1,-1,-1,-1
66,13,-88,457,252,395,1,-1,-1,-1
66,14,-24,505,248,113,1,-1,-1,-1
67,0,154,469,428,616,1,-1,-1,-1
67,1,471,572,852,560,1,-1,-1,-1
67,4,1968,561,434,141,1,-1,-1,-1
67,5,2429,731,128,324,1,-1,-1,-1
67,7,1913,568,516,296,1,-1,-1,-1
67,9,1164,397,432,460,1,-1,-1,-1
67,10,-12,439,636,520,1,-1,-1,-1
67,12,-20,585,424,420,1,-1,-1,-1
67,13,-95,455,252,395,1,-1,-1,-1
67,14,-39,503,260,119,1,-1,-1,-1
68,0,145,468,428,616,1,-1,-1,-1
68,1,457,574,852,560,1,-1,-1,-1
68,4,1969,562,434,141,1,-1,-1,-1
68,5,2430,735,122,309,1,-1,-1,-1
68,7,1910,569,516,296,1,-1,-1,-1
68,9,1149,386,454,483,1,-1,-1,-1
68,10,-15,440,636,520,1,-1,-1,-1
68,12,-32,575,445,441,1,-1,-1,-1
68,13,-140,448,265,415,1,-1,-1,-1
68,14,-58,500,273,125,1,-1,-1,-1
69,0,134,469,428,616,1,-1,-1,-1
69,1,435,578,852,560,1,-1,-1,-1
69,4,1968,561,434,141,1,-1,-1,-1
69,5,2426,726,128,324,1,-1,-1,-1
69,7,1909,572,516,296,1,-1,-1,-1
69,9,1146,385,454,483,1,-1,-1,-1
69,10,-8,443,636,520,1,-1,-1,-1
69,12,-40,576,445,441,1,-1,-1,-1
69,13,-137,447,265,415,1,-1,-1,-1
69,14,-71,500,287,131,1,-1,-1,-1
70,0,124,466,428,616,1,-1,-1,-1
70,1,401,565,895,588,1,-1,-1,-1
70,4,1971,562,434,141,1,-1,-1,-1
70,5,2422,711,134,340,1,-1,-1,-1
70,7,1925,579,491,282,1,-1,-1,-1
70,9,1146,384,454,483,1,-1,-1,-1
70,10,-21,436,668,546,1,-1,-1,-1
70,12,-62,571,445,441,1,-1,-1,-1
70,13,-167,435,278,435,1,-1,-1,-1
70,14,-44,498,287,131,1,-1,-1,-1
71,0,117,471,428,616,1,-1,-1,-1
71,1,413,574,852,560,1,-1,-1,-1
71,4,1970,560,434,141,1,-1,-1,-1
71,5,2421,710,134,340,1,-1,-1,-1
71,7,1923,578,491,282,1,-1,-1,-1
71,9,1147,386,454,483,1,-1,-1,-1
71,10,-9,438,636,520,1,-1,-1,-1
71,12,-57,577,445,441,1,-1,-1,-1
71,14,-55,497,287,131,1,-1,-1,-1
72,0,130,468,428,616,1,-1,-1,-1
72,1,375,574,852,560,1,-1,-1,-1
72,4,1969,560,434,141,1,-1,-1,-1
72,5,2417,701,141,357,1,-1,-1,-1
72,7,1927,574,491,282,1,-1,-1,-1
72,9,1148,383,454,483,1,-1,-1,-1
72,10,-7,436,668,546,1,-1,-1,-1
72,12,-44,593,424,420,1,-1,-1,-1
72,14,-48,496,287,131,1,-1,-1,-1
73,0,164,472,400,596,1,-1,-1,-1
73,1,328,572,884,564,1,-1,-1,-1
73,4,1969,560,434,141,1,-1,-1,-1
73,5,2417,701,141,357,1,-1,-1,-1
73,7,1916,568,520,304,1,-1,-1,-1
73,9,1160,392,456,476,1,-1,-1,-1
73,10,-7,436,668,546,1,-1,-1,-1
73,12,0,548,392,460,1,-1,-1,-1
73,14,-48,496,287,131,1,-1,-1,-1
73,15,2512,712,48,332,1,-1,-1,-1
74,0,159,470,400,596,1,-1,-1,-1
74,1,309,581,884,564,1,-1,-1,-1
74,4,1972,560,434,141,1,-1,-1,-1
74,5,2419,699,141,357,1,-1,-1,-1
74,7,1915,565,520,304,1,-1,-1,-1
74,9,1154,393,456,476,1,-1,-1,-1
74,10,6,458,668,546,1,-1,-1,-1
74,12,-5,547,392,460,1,-1,-1,-1
74,14,-44,495,287,131,1,-1,-1,-1
74,15,2443,-118,48,332,1,-1,-1,-1
75,0,169,481,381,568,1,-1,-1,-1
75,1,286,561,928,592,1,-1,-1,-1
75,4,1974,561,434,141,1,-1,-1,-1
75,5,2422,701,141,357,1,-1,-1,-1
75,7,1900,560,546,319,1,-1,-1,-1
75,9,1160,396,456,476,1,-1,-1,-1
75,10,4,458,668,546,1,-1,-1,-1
75,12,-12,548,392,460,1,-1,-1,-1
75,14,-41,497,287,131,1,-1,-1,-1
75,15,2408,-330,48,332,1,-1,-1,-1
76,0,167,485,381,568,1,-1,-1,-1
76,1,266,564,928,592,1,-1,-1,-1
76,4,1973,562,434,141,1,-1,-1,-1
76,5,2420,704,141,357,1,-1,-1,-1
76,7,1914,569,520,304,1,-1,-1,-1
76,9,1162,397,456,476,1,-1,-1,-1
76,10,3,453,668,546,1,-1,-1,-1
76,12,-16,547,392,460,1,-1,-1,-1
76,15,2374,-330,48,332,1,-1,-1,-1
77,0,152,471,400,596,1,-1,-1,-1
77,1,255,565,928,592,1,-1,-1,-1
77,4,1976,562,434,141,1,-1,-1,-1
77,5,2417,712,141,357,1,-1,-1,-1
77,7,1914,568,520,304,1,-1,-1,-1
77,9,1175,404,434,453,1,-1,-1,-1
77,10,0,437,668,546,1,-1,-1,-1
77,12,-18,542,392,460,1,-1,-1,-1
77,15,2339,-330,48,332,1,-1,-1,-1
78,0,149,466,400,596,1,-1,-1,-1
78,1,270,570,884,564,1,-1,-1,-1
78,4,1972,563,434,141,1,-1,-1,-1
78,5,2423,718,141,357,1,-1,-1,-1
78,7,1931,574,495,290,1,-1,-1,-1
78,9,1173,405,434,453,1,-1,-1,-1
78,10,-29,430,701,573,1,-1,-1,-1
78,12,-25,540,392,460,1,-1,-1,-1
78,15,2305,-330,48,332,1,-1,-1,-1
79,0,137,466,400,596,1,-1,-1,-1
79,1,271,569,884,564,1,-1,-1,-1
79,4,1985,564,414,134,1,-1,-1,-1
79,5,2427,719,141,357,1,-1,-1,-1
79,7,1917,567,520,304,1,-1,-1,-1
79,9,1176,406,434,453,1,-1,-1,-1
79,10,-38,411,736,602,1,-1,-1,-1
79,12,-28,538,392,460,1,-1,-1,-1
80,0,166,482,381,568,1,-1,-1,-1
80,1,203,568,884,564,1,-1,-1,-1
80,4,1981,560,434,141,1,-1,-1,-1
80,5,2430,716,148,375,1,-1,-1,-1
80,7,1924,565,520,304,1,-1,-1,-1
80,9,1187,407,434,453,1,-1,-1,-1
80,10,-45,414,736,602,1,-1,-1,-1
80,12,-28,526,392,460,1,-1,-1,-1
81,0,192,468,328,528,1,-1,-1,-1
81,1,168,592,904,540,1,-1,-1,-1
81,4,1981,560,434,141,1,-1,-1,-1
81,5,2430,716,148,375,1,-1,-1,-1
81,7,1940,564,520,276,1,-1,-1,-1
81,9,1072,416,572,440,1,-1,-1,-1
81,10,-45,414,736,602,1,-1,-1,-1
81,12,-28,526,392,460,1,-1,-1,-1
81,16,0,596,200,396,1,-1,-1,-1
82,0,223,473,328,528,1,-1,-1,-1
82,1,191,593,904,540,1,-1,-1,-1
82,4,2045,561,434,141,1,-1,-1,-1
82,5,2445,789,148,375,1,-1,-1,-1
82,7,1983,565,520,276,1,-1,-1,-1
82,9,1112,417,572,440,1,-1,-1,-1
82,10,-47,413,736,602,1,-1,-1,-1
82,12,-18,533,392,460,1,-1,-1,-1
82,16,28,597,200,396,1,-1,-1,-1
83,0,243,471,328,528,1,-1,-1,-1
83,1,177,584,949,567,1,-1,-1,-1
83,4,2080,560,434,141,1,-1,-1,-1
83,5,2446,644,148,375,1,-1,-1,-1
83,7,2024,566,520,276,1,-1,-1,-1
83,9,1150,418,572,440,1,-1,-1,-1
83,10,-22,421,736,602,1,-1,-1,-1
83,12,-9,542,392,460,1,-1,-1,-1
83,16,51,597,200,396,1,-1,-1,-1
84,0,287,475,328,528,1,-1,-1,-1
84,1,223,586,949,567,1,-1,-1,-1
84,4,2119,560,434,141,1,-1,-1,-1
84,5,2443,720,141,357,1,-1,-1,-1
84,7,2061,565,520,276,1,-1,-1,-1
84,9,1185,419,572,440,1,-1,-1,-1
84,10,-31,398,773,632,1,-1,-1,-1
84,12,4,548,392,460,1,-1,-1,-1
84,16,76,598,200,396,1,-1,-1,-1
85,0,315,477,328,528,1,-1,-1,-1
85,1,218,579,949,567,1,-1,-1,-1
85,4,2167,563,414,134,1,-1,-1,-1
85,5,2442,697,141,357,1,-1,-1,-1
85,7,2102,567,520,276,1,-1,-1,-1
85,9,1221,414,572,440,1,-1,-1,-1
85,10,-5,412,773,632,1,-1,-1,-1
85,12,30,547,392,460,1,-1,-1,-1
85,16,105,599,200,396,1,-1,-1,-1
86,0,326,478,328,528,1,-1,-1,-1
86,1,310,599,904,540,1,-1,-1,-1
86,4,2199,560,434,141,1,-1,-1,-1
86,5,2416,639,134,340,1,-1,-1,-1
86,7,2142,561,520,276,1,-1,-1,-1
86,9,1269,415,572,440,1,-1,-1,-1
86,10,0,402,773,632,1,-1,-1,-1
86,12,50,562,392,460,1,-1,-1,-1
86,16,115,615,190,377,1,-1,-1,-1
87,0,312,464,344,554,1,-1,-1,-1
87,1,280,579,949,567,1,-1,-1,-1
87,4,2223,562,414,134,1,-1,-1,-1
87,7,2146,562,520,276,1,-1,-1,-1
87,9,1274,413,572,440,1,-1,-1,-1
87,10,8,416,736,602,1,-1,-1,-1
87,12,50,554,392,460,1,-1,-1,-1
87,16,113,611,190,377,1,-1,-1,-1
88,0,317,468,344,554,1,-1,-1,-1
88,1,287,581,949,567,1,-1,-1,-1
88,4,2238,563,414,134,1,-1,-1,-1
88,7,2164,566,520,276,1,-1,-1,-1
88,9,1286,415,572,440,1,-1,-1,-1
88,10,6,426,736,602,1,-1,-1,-1
88,12,52,555,392,460,1,-1,-1,-1
88,16,118,610,190,377,1,-1,-1,-1
89,0,317,468,344,554,1,-1,-1,-1
89,1,232,588,876,536,1,-1,-1,-1
89,4,2238,563,414,134,1,-1,-1,-1
89,7,2196,564,364,300,1,-1,-1,-1
89,9,1288,440,612,420,1,-1,-1,-1
89,10,6,426,736,602,1,-1,-1,-1
89,12,0,588,324,416,1,-1,-1,-1
89,16,118,610,190,377,1,-1,-1,-1
89,17,0,508,128,144,1,-1,-1,-1
90,0,284,443,362,582,1,-1,-1,-1
90,1,260,594,876,536,1,-1,-1,-1
90,4,2328,567,394,128,1,-1,-1,-1
90,7,2262,572,347,286,1,-1,-1,-1
90,9,1342,437,612,420,1,-1,-1,-1
90,10,8,447,736,602,1,-1,-1,-1
90,12,27,587,324,416,1,-1,-1,-1
90,16,145,607,190,377,1,-1,-1,-1
90,17,15,502,134,151,1,-1,-1,-1
91,0,293,459,344,554,1,-1,-1,-1
91,1,252,592,920,563,1,-1,-1,-1
91,4,2356,566,414,134,1,-1,-1,-1
91,7,2292,571,347,286,1,-1,-1,-1
91,9,1365,439,612,420,1,-1,-1,-1
91,10,-3,430,773,632,1,-1,-1,-1
91,12,31,584,340,437,1,-1,-1,-1
91,16,163,595,200,396,1,-1,-1,-1
91,17,26,503,134,151,1,-1,-1,-1
92,0,296,461,344,554,1,-1,-1,-1
92,1,263,585,920,563,1,-1,-1,-1
92,4,2375,569,414,134,1,-1,-1,-1
92,7,2313,571,347,286,1,-1,-1,-1
92,9,1387,440,612,420,1,-1,-1,-1
92,10,-10,450,773,632,1,-1,-1,-1
92,12,39,593,324,416,1,-1,-1,-1
92,16,179,596,200,396,1,-1,-1,-1
92,17,31,501,134,151,1,-1,-1,-1
93,0,285,456,344,554,1,-1,-1,-1
93,1,281,585,920,563,1,-1,-1,-1
93,4,2391,565,434,141,1,-1,-1,-1
93,7,2341,571,347,286,1,-1,-1,-1
93,9,1414,439,612,420,1,-1,-1,-1
93,10,-23,420,812,664,1,-1,-1,-1
93,12,57,599,324,416,1,-1,-1,-1
93,16,203,590,200,396,1,-1,-1,-1
93,17,37,502,134,151,1,-1,-1,-1
94,0,300,480,328,528,1,-1,-1,-1
94,1,294,603,876,536,1,-1,-1,-1
94,4,2403,566,434,141,1,-1,-1,-1
94,7,2367,573,347,286,1,-1,-1,-1
94,9,1437,441,612,420,1,-1,-1,-1
94,10,-34,424,812,664,1,-1,-1,-1
94,12,56,593,324,416,1,-1,-1,-1
94,16,220,596,200,396,1,-1,-1,-1
94,17,32,500,141,159,1,-1,-1,-1
95,0,298,487,328,528,1,-1,-1,-1
95,1,278,589,920,563,1,-1,-1,-1
95,7,2386,571,347,286,1,-1,-1,-1
95,9,1446,441,612,420,1,-1,-1,-1
95,10,-42,416,812,664,1,-1,-1,-1
95,12,62,602,309,396,1,-1,-1,-1
95,16,233,609,190,377,1,-1,-1,-1
95,17,32,509,134,151,1,-1,-1,-1
96,0,296,491,328,528,1,-1,-1,-1
96,1,259,574,966,591,1,-1,-1,-1
96,7,2405,570,347,286,1,-1,-1,-1
96,9,1467,442,612,420,1,-1,-1,-1
96,10,-10,421,812,664,1,-1,-1,-1
96,12,52,595,324,416,1,-1,-1,-1
96,16,238,597,200,396,1,-1,-1,-1
96,17,32,509,134,151,1,-1,-1,-1
97,0,296,491,328,528,1,-1,-1,-1
97,1,300,592,884,532,1,-1,-1,-1
97,7,2405,570,347,286,1,-1,-1,-1
97,9,1500,448,612,404,1,-1,-1,-1
97,10,0,576,644,472,1,-1,-1,-1
97,12,52,595,324,416,1,-1,-1,-1
97,16,238,597,200,396,1,-1,-1,-1
97,17,32,509,134,151,1,-1,-1,-1
97,18,2420,564,136,296,1,-1,-1,-1
97,19,1068,588,388,496,1,-1,-1,-1
97,20,0,464,236,132,1,-1,-1,-1
98,0,294,471,344,554,1,-1,-1,-1
98,1,305,593,884,532,1,-1,-1,-1
98,7,2443,571,347,286,1,-1,-1,-1
98,9,1530,447,612,404,1,-1,-1,-1
98,10,5,578,644,472,1,-1,-1,-1
98,12,60,590,324,416,1,-1,-1,-1
98,16,244,581,210,416,1,-1,-1,-1
98,17,42,503,134,151,1,-1,-1,-1
98,18,2450,564,136,296,1,-1,-1,-1
98,19,1092,587,388,496,1,-1,-1,-1
98,20,19,466,236,132,1,-1,-1,-1
99,0,305,481,328,528,1,-1,-1,-1
99,1,308,597,884,532,1,-1,-1,-1
99,7,2470,580,330,272,1,-1,-1,-1
99,9,1551,446,612,404,1,-1,-1,-1
99,10,33,593,613,450,1,-1,-1,-1
99,12,75,580,324,416,1,-1,-1,-1
99,16,253,597,200,396,1,-1,-1,-1
99,17,58,503,128,144,1,-1,-1,-1
99,18,2475,565,136,296,1,-1,-1,-1
99,19,1106,588,388,496,1,-1,-1,-1
99,20,28,464,248,139,1,-1,-1,-1
100,0,307,481,328,528,1,-1,-1,-1
100,1,292,588,928,559,1,-1,-1,-1
100,7,2489,575,330,272,1,-1,-1,-1
100,9,1565,450,612,404,1,-1,-1,-1
100,10,33,593,613,450,1,-1,-1,-1
100,12,67,578,324,416,1,-1,-1,-1
100,16,234,604,200,396,1,-1,-1,-1
100,17,59,500,128,144,1,-1,-1,-1
100,18,2491,561,136,296,1,-1,-1,-1
100,19,1119,589,388,496,1,-1,-1,-1
100,20,42,468,248,139,1,-1,-1,-1
101,0,298,467,344,554,1,-1,-1,-1
101,1,291,589,928,559,1,-1,-1,-1
101,7,2497,578,314,259,1,-1,-1,-1
101,9,1572,448,612,404,1,-1,-1,-1
101,10,41,600,613,450,1,-1,-1,-1
101,12,72,574,324,416,1,-1,-1,-1
101,16,234,610,190,377,1,-1,-1,-1
101,17,54,502,128,144,1,-1,-1,-1
101,18,2500,569,130,282,1,-1,-1,-1
101,19,1131,588,388,496,1,-1,-1,-1
101,20,45,464,260,146,1,-1,-1,-1
102,0,317,480,328,528,1,-1,-1,-1
102,1,311,588,928,559,1,-1,-1,-1
102,7,2426,547,314,259,1,-1,-1,-1
102,9,1601,447,612,404,1,-1,-1,-1
102,10,58,612,584,428,1,-1,-1,-1
102,12,84,577,324,416,1,-1,-1,-1
102,16,226,600,200,396,1,-1,-1,-1
102,17,54,496,134,151,1,-1,-1,-1
102,18,2463,484,123,268,1,-1,-1,-1
102,19,1159,589,388,496,1,-1,-1,-1
102,20,20,455,260,146,1,-1,-1,-1
103,0,316,475,328,528,1,-1,-1,-1
103,1,331,608,884,532,1,-1,-1,-1
103,9,1615,457,583,385,1,-1,-1,-1
103,10,67,614,584,428,1,-1,-1,-1
103,12,121,570,324,416,1,-1,-1,-1
103,17,56,496,134,151,1,-1,-1,-1
103,18,2439,484,123,268,1,-1,-1,-1
103,19,1175,591,388,496,1,-1,-1,-1
103,20,10,452,273,153,1,-1,-1,-1
104,0,311,477,328,528,1,-1,-1,-1
104,1,339,596,928,559,1,-1,-1,-1
104,9,1628,457,583,385,1,-1,-1,-1
104,10,66,616,584,428,1,-1,-1,-1
104,17,57,498,134,151,1,-1,-1,-1
104,18,2434,466,123,268,1,-1,-1,-1
104,19,1187,595,388,496,1,-1,-1,-1
104,20,10,450,273,153,1,-1,-1,-1
105,0,311,477,328,528,1,-1,-1,-1
105,1,284,600,900,524,1,-1,-1,-1
105,9,1624,444,624,400,1,-1,-1,-1
105,10,66,616,584,428,1,-1,-1,-1
105,17,0,492,188,204,1,-1,-1,-1
105,18,2434,466,123,268,1,-1,-1,-1
105,19,1187,595,388,496,1,-1,-1,-1
105,20,4,460,416,144,1,-1,-1,-1
105,21,772,540,820,536,1,-1,-1,-1
105,22,0,432,32,68,1,-1,-1,-1
106,0,306,489,312,503,1,-1,-1,-1
106,1,294,602,900,524,1,-1,-1,-1
106,9,1638,439,624,400,1,-1,-1,-1
106,10,44,617,584,428,1,-1,-1,-1
106,17,1,493,188,204,1,-1,-1,-1
106,19,1194,597,388,496,1,-1,-1,-1
106,20,14,462,416,144,1,-1,-1,-1
106,21,769,549,820,536,1,-1,-1,-1
106,22,1,429,34,71,1,-1,-1,-1
107,0,302,494,312,503,1,-1,-1,-1
107,1,313,608,857,499,1,-1,-1,-1
107,9,1652,449,594,381,1,-1,-1,-1
107,10,32,619,584,428,1,-1,-1,-1
107,17,-1,491,188,204,1,-1,-1,-1
107,19,1198,597,388,496,1,-1,-1,-1
107,20,26,463,416,144,1,-1,-1,-1
107,21,769,547,820,536,1,-1,-1,-1
107,22,3,413,34,71,1,-1,-1,-1
108,0,305,506,298,479,1,-1,-1,-1
108,1,302,620,857,499,1,-1,-1,-1
108,9,1647,437,624,400,1,-1,-1,-1
108,10,28,612,584,428,1,-1,-1,-1
108,17,-4,487,188,204,1,-1,-1,-1
108,19,1203,601,388,496,1,-1,-1,-1
108,20,26,460,437,151,1,-1,-1,-1
108,21,775,548,820,536,1,-1,-1,-1
108,22,5,403,35,75,1,-1,-1,-1
109,0,288,496,312,503,1,-1,-1,-1
109,1,278,609,900,524,1,-1,-1,-1
109,9,1654,440,624,400,1,-1,-1,-1
109,10,23,615,584,428,1,-1,-1,-1
109,17,-7,486,188,204,1,-1,-1,-1
109,19,1222,604,388,496,1,-1,-1,-1
109,20,35,460,437,151,1,-1,-1,-1
109,21,771,551,820,536,1,-1,-1,-1
109,22,11,398,35,75,1,-1,-1,-1
110,0,282,492,312,503,1,-1,-1,-1
110,1,290,609,900,524,1,-1,-1,-1
110,9,1676,449,624,400,1,-1,-1,-1
110,10,11,588,613,450,1,-1,-1,-1
110,17,-8,478,188,204,1,-1,-1,-1
110,19,1246,610,388,496,1,-1,-1,-1
110,20,87,464,416,144,1,-1,-1,-1
110,21,815,562,781,510,1,-1,-1,-1
110,22,22,390,37,79,1,-1,-1,-1
111,0,288,493,312,503,1,-1,-1,-1
111,1,293,611,900,524,1,-1,-1,-1
111,9,1702,447,624,400,1,-1,-1,-1
111,10,44,576,613,450,1,-1,-1,-1
111,17,-4,477,188,204,1,-1,-1,-1
111,19,1263,613,388,496,1,-1,-1,-1
111,20,119,463,416,144,1,-1,-1,-1
111,21,847,576,744,486,1,-1,-1,-1
112,0,303,504,298,479,1,-1,-1,-1
112,1,239,607,945,550,1,-1,-1,-1
112,9,1730,454,594,381,1,-1,-1,-1
112,10,17,575,613,450,1,-1,-1,-1
112,17,-2,476,188,204,1,-1,-1,-1
112,19,1274,618,388,496,1,-1,-1,-1
112,20,126,460,437,151,1,-1,-1,-1
112,21,830,566,781,510,1,-1,-1,-1
113,0,303,504,298,479,1,-1,-1,-1
113,1,232,596,880,524,1,-1,-1,-1
113,9,1728,428,588,420,1,-1,-1,-1
113,10,17,575,613,450,1,-1,-1,-1
113,17,0,480,196,324,1,-1,-1,-1
113,19,1274,618,388,496,1,-1,-1,-1
113,20,126,460,437,151,1,-1,-1,-1
113,21,672,548,972,544,1,-1,-1,-1
113,23,4,372,568,244,1,-1,-1,-1
114,0,292,498,298,479,1,-1,-1,-1
114,1,213,599,880,524,1,-1,-1,-1
114,9,1753,430,588,420,1,-1,-1,-1
114,10,5,589,613,450,1,-1,-1,-1
114,17,1,481,196,324,1,-1,-1,-1
114,19,1267,612,388,496,1,-1,-1,-1
114,20,180,465,416,144,1,-1,-1,-1
114,21,673,551,972,544,1,-1,-1,-1
114,23,18,377,568,244,1,-1,-1,-1
115,0,287,500,298,479,1,-1,-1,-1
115,1,200,599,880,524,1,-1,-1,-1
115,9,1765,429,588,420,1,-1,-1,-1
115,10,-10,583,613,450,1,-1,-1,-1
115,17,1,472,206,340,1,-1,-1,-1
115,19,1248,598,407,521,1,-1,-1,-1
115,20,189,466,437,151,1,-1,-1,-1
115,21,646,545,1021,571,1,-1,-1,-1
115,23,21,369,596,256,1,-1,-1,-1
116,0,281,494,312,503,1,-1,-1,-1
116,1,223,593,880,524,1,-1,-1,-1
116,9,1781,429,588,420,1,-1,-1,-1
116,10,-1,587,613,450,1,-1,-1,-1
116,17,2,480,206,340,1,-1,-1,-1
116,19,1243,592,407,521,1,-1,-1,-1
116,20,201,468,437,151,1,-1,-1,-1
116,21,689,555,972,544,1,-1,-1,-1
116,23,39,367,596,256,1,-1,-1,-1
117,0,259,498,312,503,1,-1,-1,-1
117,1,285,596,880,524,1,-1,-1,-1
117,9,1793,427,588,420,1,-1,-1,-1
117,10,-1,597,584,428,1,-1,-1,-1
117,17,6,485,206,340,1,-1,-1,-1
117,19,1241,586,407,521,1,-1,-1,-1
117,20,241,472,416,144,1,-1,-1,-1
117,21,688,558,972,544,1,-1,-1,-1
117,23,53,368,596,256,1,-1,-1,-1
118,0,244,512,312,503,1,-1,-1,-1
118,1,199,578,924,550,1,-1,-1,-1
118,9,1819,427,588,420,1,-1,-1,-1
118,10,-18,596,613,450,1,-1,-1,-1
118,17,10,486,206,340,1,-1,-1,-1
118,19,1255,592,388,496,1,-1,-1,-1
118,20,267,470,416,144,1,-1,-1,-1
118,21,739,580,926,518,1,-1,-1,-1
118,23,106,376,568,244,1,-1,-1,-1
119,1,157,581,924,550,1,-1,-1,-1
119,9,1828,422,588,420,1,-1,-1,-1
119,10,-7,603,613,450,1,-1,-1,-1
119,17,11,489,206,340,1,-1,-1,-1
119,19,1263,589,388,496,1,-1,-1,-1
119,20,266,468,437,151,1,-1,-1,-1
119,21,753,583,882,493,1,-1,-1,-1
119,23,95,366,596,256,1,-1,-1,-1
120,1,151,575,924,550,1,-1,-1,-1
120,9,1824,410,617,441,1,-1,-1,-1
120,10,-22,606,613,450,1,-1,-1,-1
120,17,16,488,196,324,1,-1,-1,-1
120,19,1257,587,388,496,1,-1,-1,-1
120,20,266,466,459,159,1,-1,-1,-1
120,21,739,578,882,493,1,-1,-1,-1
120,23,102,364,596,256,1,-1,-1,-1
121,1,176,588,892,532,1,-1,-1,-1
121,9,1868,432,564,408,1,-1,-1,-1
121,10,-22,606,613,450,1,-1,-1,-1
121,17,0,488,216,396,1,-1,-1,-1
121,19,1257,587,388,496,1,-1,-1,-1
121,20,266,466,459,159,1,-1,-1,-1
121,21,756,536,920,548,1,-1,-1,-1
121,23,102,364,596,256,1,-1,-1,-1
122,1,180,580,892,532,1,-1,-1,-1
122,9,1884,432,564,408,1,-1,-1,-1
122,10,-36,590,644,472,1,-1,-1,-1
122,17,5,487,216,396,1,-1,-1,-1
122,19,1270,586,388,496,1,-1,-1,-1
122,20,320,466,459,159,1,-1,-1,-1
122,21,768,532,920,548,1,-1,-1,-1
122,23,155,372,596,256,1,-1,-1,-1
123,1,174,586,892,532,1,-1,-1,-1
123,9,1894,427,564,408,1,-1,-1,-1
123,10,-20,605,613,450,1,-1,-1,-1
123,17,3,475,227,416,1,-1,-1,-1
123,19,1274,594,388,496,1,-1,-1,-1
123,20,342,463,459,159,1,-1,-1,-1
123,21,778,553,876,522,1,-1,-1,-1
123,23,184,376,568,244,1,-1,-1,-1
124,1,209,580,892,532,1,-1,-1,-1
124,9,1901,427,564,408,1,-1,-1,-1
124,10,-33,601,613,450,1,-1,-1,-1
124,17,5,487,216,396,1,-1,-1,-1
124,19,1291,611,370,472,1,-1,-1,-1
124,20,346,466,459,159,1,-1,-1,-1
124,21,762,545,920,548,1,-1,-1,-1
124,23,215,379,568,244,1,-1,-1,-1
125,1,199,598,892,532,1,-1,-1,-1
125,9,1912,429,564,408,1,-1,-1,-1
125,10,-25,598,613,450,1,-1,-1,-1
125,17,7,488,216,396,1,-1,-1,-1
125,19,1288,611,370,472,1,-1,-1,-1
125,20,348,463,482,167,1,-1,-1,-1
125,21,758,543,920,548,1,-1,-1,-1
125,23,204,370,596,256,1,-1,-1,-1
126,1,195,608,892,532,1,-1,-1,-1
126,9,1926,426,564,408,1,-1,-1,-1
126,10,-42,594,613,450,1,-1,-1,-1
126,17,14,499,206,377,1,-1,-1,-1
126,19,1282,608,370,472,1,-1,-1,-1
126,20,398,471,459,159,1,-1,-1,-1
126,21,753,546,920,548,1,-1,-1,-1
126,23,260,379,568,244,1,-1,-1,-1
127,1,197,600,892,532,1,-1,-1,-1
127,9,1945,430,564,408,1,-1,-1,-1
127,10,-46,588,613,450,1,-1,-1,-1
127,17,7,504,206,377,1,-1,-1,-1
127,19,1282,606,370,472,1,-1,-1,-1
127,20,407,472,459,159,1,-1,-1,-1
127,21,754,545,920,548,1,-1,-1,-1
127,23,268,379,568,244,1,-1,-1,-1
128,1,209,609,892,532,1,-1,-1,-1
128,9,1964,440,537,389,1,-1,-1,-1
128,17,12,505,206,377,1,-1,-1,-1
128,19,1295,611,352,450,1,-1,-1,-1
128,20,435,472,459,159,1,-1,-1,-1
128,21,773,545,920,548,1,-1,-1,-1
128,23,272,368,596,256,1,-1,-1,-1
129,1,180,580,896,532,1,-1,-1,-1
129,9,1964,436,560,408,1,-1,-1,-1
129,17,0,488,232,400,1,-1,-1,-1
129,19,1295,611,352,450,1,-1,-1,-1
129,20,435,472,459,159,1,-1,-1,-1
129,21,864,560,812,524,1,-1,-1,-1
129,23,276,392,608,224,1,-1,-1,-1
130,1,185,574,896,532,1,-1,-1,-1
130,9,1988,432,560,408,1,-1,-1,-1
130,17,11,486,232,400,1,-1,-1,-1
130,19,1309,609,352,450,1,-1,-1,-1
130,20,485,469,459,159,1,-1,-1,-1
130,21,875,560,812,524,1,-1,-1,-1
130,23,317,399,579,213,1,-1,-1,-1
131,1,204,586,853,507,1,-1,-1,-1
131,9,2002,431,560,408,1,-1,-1,-1
131,17,20,485,232,400,1,-1,-1,-1
131,19,1312,609,352,450,1,-1,-1,-1
131,20,505,469,459,159,1,-1,-1,-1
131,21,876,563,812,524,1,-1,-1,-1
131,23,330,402,579,213,1,-1,-1,-1
132,1,187,579,896,532,1,-1,-1,-1
132,9,2006,430,560,408,1,-1,-1,-1
132,17,20,486,232,400,1,-1,-1,-1
132,19,1307,611,352,450,1,-1,-1,-1
132,20,526,468,459,159,1,-1,-1,-1
132,21,884,563,812,524,1,-1,-1,-1
132,23,339,404,579,213,1,-1,-1,-1
133,1,190,581,896,532,1,-1,-1,-1
133,9,2011,430,560,408,1,-1,-1,-1
133,17,10,473,244,420,1,-1,-1,-1
133,19,1300,609,352,450,1,-1,-1,-1
133,20,527,468,459,159,1,-1,-1,-1
133,21,881,567,812,524,1,-1,-1,-1
133,23,338,399,608,224,1,-1,-1,-1
134,1,179,577,896,532,1,-1,-1,-1
134,9,2028,438,533,389,1,-1,-1,-1
134,17,7,471,244,420,1,-1,-1,-1
134,19,1298,614,352,450,1,-1,-1,-1
134,20,539,469,459,159,1,-1,-1,-1
134,21,887,595,773,499,1,-1,-1,-1
134,23,346,401,608,224,1,-1,-1,-1
135,1,161,592,896,532,1,-1,-1,-1
135,9,2027,445,533,389,1,-1,-1,-1
135,17,4,469,244,420,1,-1,-1,-1
135,19,1293,621,352,450,1,-1,-1,-1
135,20,548,472,437,151,1,-1,-1,-1
135,21,878,595,773,499,1,-1,-1,-1
135,23,351,408,579,213,1,-1,-1,-1
136,1,164,608,853,507,1,-1,-1,-1
136,9,2045,456,508,370,1,-1,-1,-1
136,17,5,467,244,420,1,-1,-1,-1
136,19,1296,625,352,450,1,-1,-1,-1
136,20,563,470,437,151,1,-1,-1,-1
136,21,896,607,737,475,1,-1,-1,-1
136,23,371,408,579,213,1,-1,-1,-1
137,1,132,588,912,528,1,-1,-1,-1
137,9,2044,436,516,408,1,-1,-1,-1
137,17,0,480,248,392,1,-1,-1,-1
137,19,1296,625,352,450,1,-1,-1,-1
137,20,563,470,437,151,1,-1,-1,-1
137,21,652,564,1012,504,1,-1,-1,-1
137,23,396,420,592,200,1,-1,-1,-1
138,1,138,586,912,528,1,-1,-1,-1
138,9,2065,434,516,408,1,-1,-1,-1
138,17,5,482,248,392,1,-1,-1,-1
138,19,1298,618,352,450,1,-1,-1,-1
138,20,620,473,416,144,1,-1,-1,-1
138,21,632,553,1063,529,1,-1,-1,-1
138,23,425,425,564,190,1,-1,-1,-1
139,1,143,577,912,528,1,-1,-1,-1
139,9,2067,435,516,408,1,-1,-1,-1
139,17,2,484,248,392,1,-1,-1,-1
139,19,1276,618,352,450,1,-1,-1,-1
139,20,625,469,416,144,1,-1,-1,-1
139,21,637,548,1063,529,1,-1,-1,-1
139,23,428,426,564,190,1,-1,-1,-1
140,1,108,574,958,554,1,-1,-1,-1
140,9,2070,434,516,408,1,-1,-1,-1
140,17,2,485,248,392,1,-1,-1,-1
140,19,1259,606,370,472,1,-1,-1,-1
140,20,632,468,416,144,1,-1,-1,-1
140,21,630,556,1063,529,1,-1,-1,-1
140,23,439,428,564,190,1,-1,-1,-1
141,1,112,582,958,554,1,-1,-1,-1
141,9,2077,436,516,408,1,-1,-1,-1
141,17,10,496,236,373,1,-1,-1,-1
141,19,1264,601,370,472,1,-1,-1,-1
141,20,633,461,437,151,1,-1,-1,-1
141,21,627,558,1063,529,1,-1,-1,-1
141,23,462,432,537,181,1,-1,-1,-1
142,1,157,596,912,528,1,-1,-1,-1
142,9,2123,435,516,408,1,-1,-1,-1
142,17,19,494,236,373,1,-1,-1,-1
142,19,1275,597,370,472,1,-1,-1,-1
142,20,675,460,437,151,1,-1,-1,-1
142,21,647,560,1063,529,1,-1,-1,-1
142,23,495,432,537,181,1,-1,-1,-1
143,1,173,611,869,503,1,-1,-1,-1
143,9,2121,432,516,408,1,-1,-1,-1
143,17,15,485,248,392,1,-1,-1,-1
143,19,1271,595,370,472,1,-1,-1,-1
143,20,670,462,437,151,1,-1,-1,-1
143,21,658,543,1063,529,1,-1,-1,-1
143,23,493,432,537,181,1,-1,-1,-1
144,1,175,604,869,503,1,-1,-1,-1
144,9,2118,431,516,408,1,-1,-1,-1
144,17,16,486,248,392,1,-1,-1,-1
144,19,1258,595,370,472,1,-1,-1,-1
144,20,683,466,416,144,1,-1,-1,-1
144,21,648,538,1063,529,1,-1,-1,-1
144,23,494,431,537,181,1,-1,-1,-1
145,1,104,588,872,524,1,-1,-1,-1
145,9,2148,440,412,408,1,-1,-1,-1
145,17,0,480,284,228,1,-1,-1,-1
145,19,1258,595,370,472,1,-1,-1,-1
145,20,683,466,416,144,1,-1,-1,-1
145,21,780,556,812,528,1,-1,-1,-1
145,23,484,424,596,192,1,-1,-1,-1
145,24,1096,560,624,404,1,-1,-1,-1
146,1,109,581,872,524,1,-1,-1,-1
146,9,2178,439,412,408,1,-1,-1,-1
146,17,7,479,284,228,1,-1,-1,-1
146,19,1260,603,370,472,1,-1,-1,-1
146,20,718,469,416,144,1,-1,-1,-1
146,21,775,560,812,528,1,-1,-1,-1
146,23,507,429,568,183,1,-1,-1,-1
146,24,1097,558,624,404,1,-1,-1,-1
147,1,128,601,830,499,1,-1,-1,-1
147,9,2188,437,412,408,1,-1,-1,-1
147,17,5,480,284,228,1,-1,-1,-1
147,19,1259,604,370,472,1,-1,-1,-1
147,20,722,469,416,144,1,-1,-1,-1
147,21,796,574,773,503,1,-1,-1,-1
147,23,524,435,541,174,1,-1,-1,-1
147,24,1086,558,624,404,1,-1,-1,-1
148,1,102,581,872,524,1,-1,-1,-1
148,9,2186,435,412,408,1,-1,-1,-1
148,17,-1,479,284,228,1,-1,-1,-1
148,19,1229,606,370,472,1,-1,-1,-1
148,20,708,467,437,151,1,-1,-1,-1
148,21,787,575,773,503,1,-1,-1,-1
148,23,509,431,568,183,1,-1,-1,-1
148,24,1079,556,624,404,1,-1,-1,-1
149,1,117,582,872,524,1,-1,-1,-1
149,9,2190,434,412,408,1,-1,-1,-1
149,17,-9,480,284,228,1,-1,-1,-1
149,19,1219,609,370,472,1,-1,-1,-1
149,20,709,463,437,151,1,-1,-1,-1
149,21,775,570,773,503,1,-1,-1,-1
149,23,517,429,568,183,1,-1,-1,-1
149,24,1059,550,655,424,1,-1,-1,-1
150,1,100,592,872,524,1,-1,-1,-1
150,9,2200,435,412,408,1,-1,-1,-1
150,17,-16,481,284,228,1,-1,-1,-1
150,19,1214,615,352,450,1,-1,-1,-1
150,20,709,463,437,151,1,-1,-1,-1
150,21,752,586,737,479,1,-1,-1,-1
150,23,515,425,596,192,1,-1,-1,-1
150,24,1045,543,655,424,1,-1,-1,-1
151,1,100,601,830,499,1,-1,-1,-1
151,9,2203,436,412,408,1,-1,-1,-1
151,17,-20,479,284,228,1,-1,-1,-1
151,19,1213,607,352,450,1,-1,-1,-1
151,20,717,461,437,151,1,-1,-1,-1
151,21,766,591,737,479,1,-1,-1,-1
151,23,510,424,596,192,1,-1,-1,-1
151,24,1030,541,655,424,1,-1,-1,-1
152,1,88,595,830,499,1,-1,-1,-1
152,9,2209,434,412,408,1,-1,-1,-1
152,17,-17,479,284,228,1,-1,-1,-1
152,19,1210,608,352,450,1,-1,-1,-1
152,20,735,461,416,144,1,-1,-1,-1
152,21,718,580,737,479,1,-1,-1,-1
152,23,528,429,568,183,1,-1,-1,-1
152,24,1016,535,655,424,1,-1,-1,-1
153,1,20,592,876,512,1,-1,-1,-1
153,9,2224,432,336,412,1,-1,-1,-1
153,17,0,492,276,208,1,-1,-1,-1
153,19,1210,608,352,450,1,-1,-1,-1
153,20,735,461,416,144,1,-1,-1,-1
153,21,716,556,840,528,1,-1,-1,-1
153,23,532,428,620,180,1,-1,-1,-1
153,24,1016,535,655,424,1,-1,-1,-1
153,25,1160,580,520,244,1,-1,-1,-1
154,1,22,590,876,512,1,-1,-1,-1
154,9,2223,433,336,412,1,-1,-1,-1
154,17,-16,491,276,208,1,-1,-1,-1
154,19,1168,597,352,450,1,-1,-1,-1
154,20,738,462,416,144,1,-1,-1,-1
154,21,697,552,840,528,1,-1,-1,-1
154,23,529,429,620,180,1,-1,-1,-1
154,24,994,534,655,424,1,-1,-1,-1
154,25,1142,583,520,244,1,-1,-1,-1
155,1,11,588,876,512,1,-1,-1,-1
155,9,2221,434,336,412,1,-1,-1,-1
155,17,-22,492,276,208,1,-1,-1,-1
155,19,1152,596,352,450,1,-1,-1,-1
155,20,739,461,416,144,1,-1,-1,-1
155,21,668,544,882,554,1,-1,-1,-1
155,23,526,431,620,180,1,-1,-1,-1
155,24,967,538,655,424,1,-1,-1,-1
155,25,1138,584,520,244,1,-1,-1,-1
156,1,21,592,876,512,1,-1,-1,-1
156,9,2217,429,353,433,1,-1,-1,-1
156,17,-30,492,276,208,1,-1,-1,-1
156,19,1145,603,352,450,1,-1,-1,-1
156,20,736,461,416,144,1,-1,-1,-1
156,21,680,559,840,528,1,-1,-1,-1
156,23,524,432,620,180,1,-1,-1,-1
156,24,963,538,655,424,1,-1,-1,-1
156,25,1129,590,520,244,1,-1,-1,-1
157,1,1,587,876,512,1,-1,-1,-1
157,9,2226,428,353,433,1,-1,-1,-1
157,17,-40,492,276,208,1,-1,-1,-1
157,19,1147,607,352,450,1,-1,-1,-1
157,20,737,463,416,144,1,-1,-1,-1
157,21,687,559,840,528,1,-1,-1,-1
157,23,539,439,590,171,1,-1,-1,-1
157,24,947,543,655,424,1,-1,-1,-1
157,25,1127,594,520,244,1,-1,-1,-1
158,1,23,589,876,512,1,-1,-1,-1
158,9,2243,437,336,412,1,-1,-1,-1
158,17,-49,490,276,208,1,-1,-1,-1
158,19,1152,624,352,450,1,-1,-1,-1
158,20,739,463,416,144,1,-1,-1,-1
158,21,688,566,840,528,1,-1,-1,-1
158,23,550,442,590,171,1,-1,-1,-1
158,24,935,550,655,424,1,-1,-1,-1
158,25,1109,592,546,256,1,-1,-1,-1
159,1,-11,594,876,512,1,-1,-1,-1
159,9,2242,440,336,412,1,-1,-1,-1
159,17,-50,491,276,208,1,-1,-1,-1
159,19,1136,617,352,450,1,-1,-1,-1
159,20,741,464,416,144,1,-1,-1,-1
159,21,664,540,882,554,1,-1,-1,-1
159,23,535,440,620,180,1,-1,-1,-1
159,24,924,555,655,424,1,-1,-1,-1
159,25,1098,599,546,256,1,-1,-1,-1
160,1,5,605,834,488,1,-1,-1,-1
160,9,2247,440,336,412,1,-1,-1,-1
160,17,-49,491,276,208,1,-1,-1,-1
160,19,1120,623,335,428,1,-1,-1,-1
160,20,742,467,416,144,1,-1,-1,-1
160,21,680,551,882,554,1,-1,-1,-1
160,23,545,447,590,171,1,-1,-1,-1
160,24,913,556,655,424,1,-1,-1,-1
160,25,1089,603,546,256,1,-1,-1,-1
161,1,0,588,848,524,1,-1,-1,-1
161,9,2244,428,316,420,1,-1,-1,-1
161,17,-49,491,276,208,1,-1,-1,-1
161,19,1120,623,335,428,1,-1,-1,-1
161,20,742,467,416,144,1,-1,-1,-1
161,21,552,564,960,512,1,-1,-1,-1
161,23,532,440,636,180,1,-1,-1,-1
161,24,913,556,655,424,1,-1,-1,-1
161,25,1089,603,546,256,1,-1,-1,-1
161,26,0,488,240,128,1,-1,-1,-1
162,1,1,581,848,524,1,-1,-1,-1
162,9,2261,429,316,420,1,-1,-1,-1
162,17,-41,497,276,208,1,-1,-1,-1
162,19,1080,606,352,450,1,-1,-1,-1
162,20,767,469,416,144,1,-1,-1,-1
162,21,571,556,1008,538,1,-1,-1,-1
162,23,533,441,636,180,1,-1,-1,-1
162,24,906,561,624,404,1,-1,-1,-1
162,25,1044,598,546,256,1,-1,-1,-1
162,26,3,489,240,128,1,-1,-1,-1
163,1,-8,587,848,524,1,-1,-1,-1
163,9,2271,431,316,420,1,-1,-1,-1
163,17,-36,501,276,208,1,-1,-1,-1
163,19,1073,608,352,450,1,-1,-1,-1
163,20,762,472,416,144,1,-1,-1,-1
163,21,596,559,960,512,1,-1,-1,-1
163,23,525,441,636,180,1,-1,-1,-1
163,24,911,573,594,385,1,-1,-1,-1
163,25,1054,595,546,256,1,-1,-1,-1
163,26,1,492,240,128,1,-1,-1,-1
164,1,-13,581,848,524,1,-1,-1,-1
164,9,2268,428,316,420,1,-1,-1,-1
164,17,-40,503,276,208,1,-1,-1,-1
164,19,1062,601,352,450,1,-1,-1,-1
164,20,762,471,416,144,1,-1,-1,-1
164,21,589,558,960,512,1,-1,-1,-1
164,23,537,446,606,171,1,-1,-1,-1
164,24,884,563,624,404,1,-1,-1,-1
164,25,1035,596,546,256,1,-1,-1,-1
164,26,-2,491,240,128,1,-1,-1,-1
165,1,-29,587,848,524,1,-1,-1,-1
165,9,2268,432,316,420,1,-1,-1,-1
165,17,-48,501,276,208,1,-1,-1,-1
165,19,1044,607,352,450,1,-1,-1,-1
165,20,758,472,416,144,1,-1,-1,-1
165,21,604,569,914,488,1,-1,-1,-1
165,23,542,448,606,171,1,-1,-1,-1
165,24,882,568,594,385,1,-1,-1,-1
165,25,1016,596,546,256,1,-1,-1,-1
165,26,-12,491,240,128,1,-1,-1,-1
166,1,-25,607,808,499,1,-1,-1,-1
166,9,2255,419,332,441,1,-1,-1,-1
166,17,-62,502,263,198,1,-1,-1,-1
166,19,1022,605,352,450,1,-1,-1,-1
166,20,743,470,437,151,1,-1,-1,-1
166,21,528,561,960,512,1,-1,-1,-1
166,23,540,449,606,171,1,-1,-1,-1
166,24,855,568,594,385,1,-1,-1,-1
166,26,-30,488,240,128,1,-1,-1,-1
167,1,-11,619,769,475,1,-1,-1,-1
167,9,2255,424,332,441,1,-1,-1,-1
167,17,-64,501,263,198,1,-1,-1,-1
167,19,1007,602,352,450,1,-1,-1,-1
167,20,738,470,437,151,1,-1,-1,-1
167,21,555,573,960,512,1,-1,-1,-1
167,23,539,450,606,171,1,-1,-1,-1
167,24,832,562,624,404,1,-1,-1,-1
167,26,-34,489,240,128,1,-1,-1,-1
168,1,-26,627,769,475,1,-1,-1,-1
168,9,2258,418,332,441,1,-1,-1,-1
168,17,-64,502,263,198,1,-1,-1,-1
168,19,1006,604,352,450,1,-1,-1,-1
168,20,739,471,437,151,1,-1,-1,-1
168,21,571,579,960,512,1,-1,-1,-1
168,23,525,444,636,180,1,-1,-1,-1
168,24,825,553,655,424,1,-1,-1,-1
168,26,-33,489,240,128,1,-1,-1,-1
169,1,0,596,740,520,1,-1,-1,-1
169,9,2304,432,256,408,1,-1,-1,-1
169,17,-64,502,263,198,1,-1,-1,-1
169,19,1006,604,352,450,1,-1,-1,-1
169,20,739,471,437,151,1,-1,-1,-1
169,21,256,548,1128,528,1,-1,-1,-1
169,23,552,444,632,172,1,-1,-1,-1
169,24,825,553,655,424,1,-1,-1,-1
169,26,-33,489,240,128,1,-1,-1,-1
169,27,1276,580,512,408,1,-1,-1,-1
170,1,5,596,740,520,1,-1,-1,-1
170,9,2330,434,256,408,1,-1,-1,-1
170,17,-36,504,263,198,1,-1,-1,-1
170,19,1023,606,352,450,1,-1,-1,-1
170,20,786,471,437,151,1,-1,-1,-1
170,21,219,527,1184,554,1,-1,-1,-1
170,23,579,442,632,172,1,-1,-1,-1
170,24,853,563,624,404,1,-1,-1,-1
170,26,-7,489,240,128,1,-1,-1,-1
170,27,1303,587,512,408,1,-1,-1,-1
171,1,12,599,740,520,1,-1,-1,-1
171,9,2343,436,256,408,1,-1,-1,-1
171,17,-36,506,263,198,1,-1,-1,-1
171,19,1022,607,352,450,1,-1,-1,-1
171,20,788,472,437,151,1,-1,-1,-1
171,21,266,539,1128,528,1,-1,-1,-1
171,23,585,441,632,172,1,-1,-1,-1
171,24,872,575,594,385,1,-1,-1,-1
171,26,-3,491,240,128,1,-1,-1,-1
171,27,1313,585,512,408,1,-1,-1,-1
172,1,-1,599,740,520,1,-1,-1,-1
172,9,2349,439,244,389,1,-1,-1,-1
172,17,-34,508,263,198,1,-1,-1,-1
172,19,1012,596,370,472,1,-1,-1,-1
172,20,796,475,437,151,1,-1,-1,-1
172,21,261,539,1128,528,1,-1,-1,-1
172,23,576,438,664,181,1,-1,-1,-1
172,24,880,582,566,366,1,-1,-1,-1
172,26,0,492,240,128,1,-1,-1,-1
172,27,1323,586,512,408,1,-1,-1,-1
173,1,-20,589,777,546,1,-1,-1,-1
173,9,2356,443,244,389,1,-1,-1,-1
173,17,-26,511,263,198,1,-1,-1,-1
173,19,1015,592,370,472,1,-1,-1,-1
173,20,806,477,437,151,1,-1,-1,-1
173,21,255,531,1128,528,1,-1,-1,-1
173,23,578,438,664,181,1,-1,-1,-1
173,24,882,587,566,366,1,-1,-1,-1
173,26,9,495,240,128,1,-1,-1,-1
173,27,1337,585,512,408,1,-1,-1,-1
174,1,-14,585,777,546,1,-1,-1,-1
174,9,2381,442,244,389,1,-1,-1,-1
174,17,-14,514,263,198,1,-1,-1,-1
174,19,1020,585,370,472,1,-1,-1,-1
174,20,827,477,437,151,1,-1,-1,-1
174,21,272,523,1128,528,1,-1,-1,-1
174,23,595,444,664,181,1,-1,-1,-1
174,24,862,562,594,385,1,-1,-1,-1
174,26,29,501,240,128,1,-1,-1,-1
174,27,1344,577,538,428,1,-1,-1,-1
175,1,9,588,777,546,1,-1,-1,-1
175,9,2370,426,256,408,1,-1,-1,-1
175,17,-11,516,263,198,1,-1,-1,-1
175,19,1019,583,370,472,1,-1,-1,-1
175,20,843,483,416,144,1,-1,-1,-1
175,21,251,508,1184,554,1,-1,-1,-1
175,23,616,446,632,172,1,-1,-1,-1
175,24,876,568,566,366,1,-1,-1,-1
175,26,29,500,240,128,1,-1,-1,-1
175,27,1351,583,538,428,1,-1,-1,-1
176,1,-3,592,777,546,1,-1,-1,-1
176,9,2351,432,256,408,1,-1,-1,-1
176,17,-12,515,263,198,1,-1,-1,-1
176,19,1025,598,352,450,1,-1,-1,-1
176,20,845,483,416,144,1,-1,-1,-1
176,21,259,531,1184,554,1,-1,-1,-1
176,23,618,442,632,172,1,-1,-1,-1
176,24,851,548,594,385,1,-1,-1,-1
176,26,24,497,252,134,1,-1,-1,-1
176,27,1355,579,538,428,1,-1,-1,-1
177,1,0,604,728,516,1,-1,-1,-1
177,9,2351,432,256,408,1,-1,-1,-1
177,17,-12,515,263,198,1,-1,-1,-1
177,19,1025,598,352,450,1,-1,-1,-1
177,20,845,483,416,144,1,-1,-1,-1
177,21,348,524,996,560,1,-1,-1,-1
177,23,618,442,632,172,1,-1,-1,-1
177,24,851,548,594,385,1,-1,-1,-1
177,26,24,497,252,134,1,-1,-1,-1
177,27,1268,576,580,420,1,-1,-1,-1
177,28,2416,424,144,212,1,-1,-1,-1
177,29,0,500,288,568,1,-1,-1,-1
178,1,0,609,728,516,1,-1,-1,-1
178,9,2324,425,256,408,1,-1,-1,-1
178,17,-1,511,263,198,1,-1,-1,-1
178,19,1017,602,352,450,1,-1,-1,-1
178,20,878,480,416,144,1,-1,-1,-1
178,21,323,517,1046,588,1,-1,-1,-1
178,23,663,437,632,172,1,-1,-1,-1
178,24,835,546,624,404,1,-1,-1,-1
178,26,35,496,252,134,1,-1,-1,-1
178,27,1283,579,580,420,1,-1,-1,-1
178,28,2435,426,144,212,1,-1,-1,-1
178,29,9,500,288,568,1,-1,-1,-1
179,1,-8,610,728,516,1,-1,-1,-1
179,9,2330,428,244,389,1,-1,-1,-1
179,17,-1,512,263,198,1,-1,-1,-1
179,19,1012,604,352,450,1,-1,-1,-1
179,20,877,480,416,144,1,-1,-1,-1
179,21,356,526,996,560,1,-1,-1,-1
179,23,678,437,602,164,1,-1,-1,-1
179,24,834,556,624,404,1,-1,-1,-1
179,26,39,495,252,134,1,-1,-1,-1
179,27,1295,575,580,420,1,-1,-1,-1
179,28,2439,428,144,212,1,-1,-1,-1
179,29,8,501,288,568,1,-1,-1,-1
180,1,-24,595,764,542,1,-1,-1,-1
180,9,2336,441,232,370,1,-1,-1,-1
180,17,-1,513,263,198,1,-1,-1,-1
180,19,1009,606,352,450,1,-1,-1,-1
180,20,869,479,437,151,1,-1,-1,-1
180,21,360,528,996,560,1,-1,-1,-1
180,23,677,436,602,164,1,-1,-1,-1
180,24,830,566,624,404,1,-1,-1,-1
180,26,36,496,252,134,1,-1,-1,-1
180,27,1299,572,580,420,1,-1,-1,-1
180,28,2437,429,144,212,1,-1,-1,-1
180,29,-3,504,288,568,1,-1,-1,-1
181,1,-42,596,764,542,1,-1,-1,-1
181,9,2338,426,244,389,1,-1,-1,-1
181,17,-5,515,263,198,1,-1,-1,-1
181,19,1010,613,352,450,1,-1,-1,-1
181,20,867,477,437,151,1,-1,-1,-1
181,21,351,534,996,560,1,-1,-1,-1
181,23,661,431,632,172,1,-1,-1,-1
181,24,815,564,624,404,1,-1,-1,-1
181,26,31,496,252,134,1,-1,-1,-1
181,27,1303,576,580,420,1,-1,-1,-1
181,28,2436,432,144,212,1,-1,-1,-1
181,29,-21,507,288,568,1,-1,-1,-1
182,1,-18,613,728,516,1,-1,-1,-1
182,9,2331,430,256,408,1,-1,-1,-1
182,17,-5,518,263,198,1,-1,-1,-1
182,19,996,603,352,450,1,-1,-1,-1
182,20,884,480,416,144,1,-1,-1,-1
182,21,323,538,996,560,1,-1,-1,-1
182,23,679,433,632,172,1,-1,-1,-1
182,24,792,553,624,404,1,-1,-1,-1
182,26,22,496,265,141,1,-1,-1,-1
182,27,1313,585,552,400,1,-1,-1,-1
182,28,2437,432,144,212,1,-1,-1,-1
182,29,-37,512,288,568,1,-1,-1,-1
183,1,-38,619,728,516,1,-1,-1,-1
183,17,-7,524,263,198,1,-1,-1,-1
183,19,987,606,352,450,1,-1,-1,-1
183,20,888,479,416,144,1,-1,-1,-1
183,21,333,522,996,560,1,-1,-1,-1
183,23,682,438,632,172,1,-1,-1,-1
183,26,21,500,265,141,1,-1,-1,-1
183,27,1310,585,552,400,1,-1,-1,-1
183,28,2437,431,144,212,1,-1,-1,-1
183,29,-36,528,274,541,1,-1,-1,-1
184,1,-43,620,728,516,1,-1,-1,-1
184,17,-14,524,263,198,1,-1,-1,-1
184,19,974,607,352,450,1,-1,-1,-1
184,20,884,478,416,144,1,-1,-1,-1
184,21,317,547,996,560,1,-1,-1,-1
184,23,680,433,632,172,1,-1,-1,-1
184,26,10,502,265,141,1,-1,-1,-1
184,27,1319,590,526,381,1,-1,-1,-1
184,28,2426,425,151,223,1,-1,-1,-1
184,29,-47,529,288,568,1,-1,-1,-1
185,1,0,616,664,508,1,-1,-1,-1
185,17,-14,524,263,198,1,-1,-1,-1
185,19,974,607,352,450,1,-1,-1,-1
185,20,884,478,416,144,1,-1,-1,-1
185,21,412,516,912,556,1,-1,-1,-1
185,23,668,456,572,144,1,-1,-1,-1
185,26,0,500,272,172,1,-1,-1,-1
185,27,1136,540,704,464,1,-1,-1,-1
185,28,2426,425,151,223,1,-1,-1,-1
185,29,-47,529,288,568,1,-1,-1,-1
185,30,2416,424,144,416,1,-1,-1,-1
186,1,-10,613,664,508,1,-1,-1,-1
186,17,-38,521,263,198,1,-1,-1,-1
186,19,924,601,352,450,1,-1,-1,-1
186,20,849,482,416,144,1,-1,-1,-1
186,21,388,514,912,556,1,-1,-1,-1
186,23,664,455,572,144,1,-1,-1,-1
186,26,-11,497,272,172,1,-1,-1,-1
186,27,1125,542,704,464,1,-1,-1,-1
186,28,2408,414,151,223,1,-1,-1,-1
186,29,-75,529,288,568,1,-1,-1,-1
186,30,2416,432,137,396,1,-1,-1,-1
187,1,-21,615,664,508,1,-1,-1,-1
187,17,-42,520,263,198,1,-1,-1,-1
187,19,897,600,352,450,1,-1,-1,-1
187,20,843,481,416,144,1,-1,-1,-1
187,21,390,511,912,556,1,-1,-1,-1
187,23,655,457,572,144,1,-1,-1,-1
187,26,-14,496,272,172,1,-1,-1,-1
187,27,1123,539,704,464,1,-1,-1,-1
187,28,2408,418,144,212,1,-1,-1,-1
187,29,-80,527,288,568,1,-1,-1,-1
187,30,2417,422,144,416,1,-1,-1,-1
188,1,-12,623,664,508,1,-1,-1,-1
188,17,-50,519,263,198,1,-1,-1,-1
188,19,880,603,352,450,1,-1,-1,-1
188,20,853,485,396,137,1,-1,-1,-1
188,21,383,505,912,556,1,-1,-1,-1
188,23,637,454,601,151,1,-1,-1,-1
188,26,-20,494,272,172,1,-1,-1,-1
188,27,1120,543,704,464,1,-1,-1,-1
188,28,2401,410,151,223,1,-1,-1,-1
188,29,-94,531,288,568,1,-1,-1,-1
188,30,2416,418,144,416,1,-1,-1,-1
189,1,-39,606,697,533,1,-1,-1,-1
189,17,-55,517,263,198,1,-1,-1,-1
189,19,869,605,352,450,1,-1,-1,-1
189,20,855,484,396,137,1,-1,-1,-1
189,21,403,516,869,530,1,-1,-1,-1
189,23,645,455,572,144,1,-1,-1,-1
189,26,-27,493,272,172,1,-1,-1,-1
189,27,1097,529,739,487,1,-1,-1,-1
189,28,2395,408,151,223,1,-1,-1,-1
189,29,-128,520,288,568,1,-1,-1,-1
189,30,2407,406,151,437,1,-1,-1,-1
190,1,-59,617,697,533,1,-1,-1,-1
190,17,-64,517,263,198,1,-1,-1,-1
190,19,854,612,352,450,1,-1,-1,-1
190,20,849,483,396,137,1,-1,-1,-1
190,21,383,534,869,530,1,-1,-1,-1
190,23,633,451,601,151,1,-1,-1,-1
190,26,-35,490,272,172,1,-1,-1,-1
190,27,1073,525,776,512,1,-1,-1,-1
190,28,2382,403,151,223,1,-1,-1,-1
190,30,2391,409,151,437,1,-1,-1,-1
191,1,-75,611,697,533,1,-1,-1,-1
191,17,-78,517,263,198,1,-1,-1,-1
191,19,830,608,352,450,1,-1,-1,-1
191,20,842,483,396,137,1,-1,-1,-1
191,21,375,551,869,530,1,-1,-1,-1
191,23,632,455,601,151,1,-1,-1,-1
191,26,-37,492,272,172,1,-1,-1,-1
191,27,1080,528,776,512,1,-1,-1,-1
191,28,2371,404,151,223,1,-1,-1,-1
191,30,2384,418,144,416,1,-1,-1,-1
192,1,-68,603,697,533,1,-1,-1,-1
192,17,-90,519,263,198,1,-1,-1,-1
192,19,807,612,352,450,1,-1,-1,-1
192,20,831,481,396,137,1,-1,-1,-1
192,21,376,564,827,504,1,-1,-1,-1
192,23,628,457,601,151,1,-1,-1,-1
192,26,-59,489,272,172,1,-1,-1,-1
192,27,1067,524,776,512,1,-1,-1,-1
192,28,2355,402,151,223,1,-1,-1,-1
192,30,2363,421,144,416,1,-1,-1,-1
193,1,0,632,508,496,1,-1,-1,-1
193,17,-90,519,263,198,1,-1,-1,-1
193,20,831,481,396,137,1,-1,-1,-1
193,21,260,564,952,516,1,-1,-1,-1
193,23,616,440,560,164,1,-1,-1,-1
193,26,0,496,220,176,1,-1,-1,-1
193,27,1044,540,748,472,1,-1,-1,-1
193,28,2355,402,151,223,1,-1,-1,-1
193,30,2363,421,144,416,1,-1,-1,-1
193,31,2324,412,236,276,1,-1,-1,-1
193,32,112,504,204,136,1,-1,-1,-1
194,1,-34,636,508,496,1,-1,-1,-1
194,17,-132,521,263,198,1,-1,-1,-1
194,20,793,482,396,137,1,-1,-1,-1
194,21,272,577,907,491,1,-1,-1,-1
194,23,604,439,560,164,1,-1,-1,-1
194,26,-18,496,220,176,1,-1,-1,-1
194,27,1032,541,748,472,1,-1,-1,-1
194,28,2319,401,151,223,1,-1,-1,-1
194,30,2341,423,144,416,1,-1,-1,-1
194,31,2300,411,236,276,1,-1,-1,-1
194,32,99,503,204,136,1,-1,-1,-1
195,1,-53,630,508,496,1,-1,-1,-1
195,17,-147,525,263,198,1,-1,-1,-1
195,20,784,482,396,137,1,-1,-1,-1
195,21,233,555,952,516,1,-1,-1,-1
195,23,589,439,560,164,1,-1,-1,-1
195,26,-33,496,220,176,1,-1,-1,-1
195,27,1019,539,748,472,1,-1,-1,-1
195,28,2299,399,151,223,1,-1,-1,-1
195,30,2336,412,151,437,1,-1,-1,-1
195,31,2286,413,236,276,1,-1,-1,-1
195,32,80,495,214,143,1,-1,-1,-1
196,1,-56,630,508,496,1,-1,-1,-1
196,17,-153,518,263,198,1,-1,-1,-1
196,20,774,484,396,137,1,-1,-1,-1
196,21,230,568,952,516,1,-1,-1,-1
196,23,585,440,560,164,1,-1,-1,-1
196,26,-43,497,220,176,1,-1,-1,-1
196,27,1011,536,748,472,1,-1,-1,-1
196,28,2285,397,151,223,1,-1,-1,-1
196,30,2325,407,151,437,1,-1,-1,-1
196,31,2270,406,236,276,1,-1,-1,-1
196,32,58,489,225,150,1,-1,-1,-1
197,1,-72,626,508,496,1,-1,-1,-1
197,20,761,486,396,137,1,-1,-1,-1
197,21,181,573,907,491,1,-1,-1,-1
197,23,574,442,560,164,1,-1,-1,-1
197,26,-57,495,220,176,1,-1,-1,-1
197,27,1003,529,748,472,1,-1,-1,-1
197,28,2272,392,151,223,1,-1,-1,-1
197,30,2323,415,144,416,1,-1,-1,-1
197,31,2260,406,225,263,1,-1,-1,-1
197,32,48,490,236,157,1,-1,-1,-1
198,1,-115,641,508,496,1,-1,-1,-1
198,20,740,488,396,137,1,-1,-1,-1
198,21,168,576,907,491,1,-1,-1,-1
198,23,537,437,588,172,1,-1,-1,-1
198,26,-72,497,210,168,1,-1,-1,-1
198,27,1013,545,712,450,1,-1,-1,-1
198,28,2250,389,151,223,1,-1,-1,-1
198,30,2325,420,144,416,1,-1,-1,-1
198,31,2232,402,225,263,1,-1,-1,-1
198,32,33,490,236,157,1,-1,-1,-1
199,1,-143,649,508,496,1,-1,-1,-1
199,20,723,492,377,131,1,-1,-1,-1
199,21,169,588,863,468,1,-1,-1,-1
199,23,524,433,617,181,1,-1,-1,-1
199,26,-83,496,210,168,1,-1,-1,-1
199,27,997,546,712,450,1,-1,-1,-1
199,28,2236,385,151,223,1,-1,-1,-1
199,30,2317,419,144,416,1,-1,-1,-1
199,31,2221,401,214,250,1,-1,-1,-1
199,32,17,488,236,157,1,-1,-1,-1
200,1,-178,653,508,496,1,-1,-1,-1
200,20,711,491,396,137,1,-1,-1,-1
200,21,166,605,822,446,1,-1,-1,-1
200,23,525,438,588,172,1,-1,-1,-1
200,26,-88,493,210,168,1,-1,-1,-1
200,27,1002,553,678,428,1,-1,-1,-1
200,28,2225,387,151,223,1,-1,-1,-1
200,30,2322,428,137,396,1,-1,-1,-1
200,31,2210,402,214,250,1,-1,-1,-1
200,32,14,492,236,157,1,-1,-1,-1
201,1,0,648,288,464,1,-1,-1,-1
201,21,96,544,872,536,1,-1,-1,-1
201,23,525,438,588,172,1,-1,-1,-1
201,26,-88,493,210,168,1,-1,-1,-1
201,27,936,528,832,492,1,-1,-1,-1
201,28,2225,387,151,223,1,-1,-1,-1
201,30,2322,428,137,396,1,-1,-1,-1
201,31,2210,402,214,250,1,-1,-1,-1
201,32,0,496,304,168,1,-1,-1,-1
201,33,2184,384,376,460,1,-1,-1,-1
201,34,376,460,756,544,1,-1,-1,-1
202,1,-28,644,288,464,1,-1,-1,-1
202,21,73,536,872,536,1,-1,-1,-1
202,23,469,438,588,172,1,-1,-1,-1
202,26,-118,484,220,176,1,-1,-1,-1
202,27,929,525,832,492,1,-1,-1,-1
202,28,2188,392,144,212,1,-1,-1,-1
202,30,2322,435,137,396,1,-1,-1,-1
202,31,2175,404,214,250,1,-1,-1,-1
202,32,-19,500,304,168,1,-1,-1,-1
202,33,2165,386,376,460,1,-1,-1,-1
202,34,366,461,756,544,1,-1,-1,-1
203,1,-48,646,288,464,1,-1,-1,-1
203,21,72,546,830,510,1,-1,-1,-1
203,23,488,443,560,164,1,-1,-1,-1
203,26,-116,489,220,176,1,-1,-1,-1
203,27,904,537,832,492,1,-1,-1,-1
203,28,2170,393,144,212,1,-1,-1,-1
203,31,2152,398,225,263,1,-1,-1,-1
203,32,-35,498,304,168,1,-1,-1,-1
203,33,2151,384,376,460,1,-1,-1,-1
203,34,360,459,756,544,1,-1,-1,-1
204,1,-58,643,288,464,1,-1,-1,-1
204,21,87,548,830,510,1,-1,-1,-1
204,23,488,444,560,164,1,-1,-1,-1
204,26,-121,489,231,185,1,-1,-1,-1
204,27,924,547,792,469,1,-1,-1,-1
204,28,2165,394,144,212,1,-1,-1,-1
204,31,2149,401,225,263,1,-1,-1,-1
204,32,-47,491,319,176,1,-1,-1,-1
204,33,2144,383,376,460,1,-1,-1,-1
204,34,352,462,756,544,1,-1,-1,-1
205,1,-65,637,288,464,1,-1,-1,-1
205,21,78,540,830,510,1,-1,-1,-1
205,23,508,447,533,156,1,-1,-1,-1
205,26,-112,488,231,185,1,-1,-1,-1
205,27,920,543,792,469,1,-1,-1,-1
205,28,2165,395,144,212,1,-1,-1,-1
205,31,2151,403,225,263,1,-1,-1,-1
205,32,-35,496,304,168,1,-1,-1,-1
205,33,2142,381,376,460,1,-1,-1,-1
205,34,354,460,756,544,1,-1,-1,-1
206,1,-41,633,288,464,1,-1,-1,-1
206,21,80,540,830,510,1,-1,-1,-1
206,23,539,442,560,164,1,-1,-1,-1
206,26,-120,487,243,194,1,-1,-1,-1
206,27,955,533,792,469,1,-1,-1,-1
206,28,2165,394,151,223,1,-1,-1,-1
206,31,2154,404,225,263,1,-1,-1,-1
206,32,-38,492,304,168,1,-1,-1,-1
206,33,2130,368,395,483,1,-1,-1,-1
206,34,355,477,720,518,1,-1,-1,-1
207,1,-42,670,274,442,1,-1,-1,-1
207,21,46,526,872,536,1,-1,-1,-1
207,23,529,441,560,164,1,-1,-1,-1
207,26,-113,489,231,185,1,-1,-1,-1
207,27,938,525,832,492,1,-1,-1,-1
207,28,2162,394,151,223,1,-1,-1,-1
207,31,2149,407,225,263,1,-1,-1,-1
207,32,-60,491,304,168,1,-1,-1,-1
207,33,2130,371,395,483,1,-1,-1,-1
207,34,376,488,686,493,1,-1,-1,-1
208,1,-74,665,274,442,1,-1,-1,-1
208,21,43,523,872,536,1,-1,-1,-1
208,23,514,440,560,164,1,-1,-1,-1
208,26,-118,492,231,185,1,-1,-1,-1
208,27,940,519,832,492,1,-1,-1,-1
208,28,2148,388,159,234,1,-1,-1,-1
208,31,2135,405,225,263,1,-1,-1,-1
208,32,-71,494,290,160,1,-1,-1,-1
208,33,2117,367,395,483,1,-1,-1,-1
208,34,324,478,686,493,1,-1,-1,-1
209,1,-74,665,274,442,1,-1,-1,-1
209,21,0,552,864,524,1,-1,-1,-1
209,23,516,456,516,144,1,-1,-1,-1
209,26,-118,492,231,185,1,-1,-1,-1
209,27,944,516,764,496,1,-1,-1,-1
209,28,2148,388,159,234,1,-1,-1,-1
209,31,2135,405,225,263,1,-1,-1,-1
209,32,-71,494,290,160,1,-1,-1,-1
209,33,2120,388,440,452,1,-1,-1,-1
209,34,412,464,720,588,1,-1,-1,-1
209,35,0,664,96,464,1,-1,-1,-1
209,36,788,572,344,484,1,-1,-1,-1
210,1,-128,666,288,464,1,-1,-1,-1
210,21,-7,550,864,524,1,-1,-1,-1
210,23,517,456,516,144,1,-1,-1,-1
210,26,-134,496,231,185,1,-1,-1,-1
210,27,958,523,764,496,1,-1,-1,-1
210,28,2140,392,159,234,1,-1,-1,-1
210,31,2128,416,214,250,1,-1,-1,-1
210,32,-95,494,290,160,1,-1,-1,-1
210,33,2119,388,440,452,1,-1,-1,-1
210,34,418,468,720,588,1,-1,-1,-1
210,35,3,682,91,442,1,-1,-1,-1
210,36,799,574,344,484,1,-1,-1,-1
211,1,-119,678,274,442,1,-1,-1,-1
211,21,-10,558,864,524,1,-1,-1,-1
211,23,542,461,491,137,1,-1,-1,-1
211,27,980,531,728,472,1,-1,-1,-1
211,28,2137,391,159,234,1,-1,-1,-1
211,31,2127,411,214,250,1,-1,-1,-1
211,32,-118,491,304,168,1,-1,-1,-1
211,33,2122,388,440,452,1,-1,-1,-1
211,34,442,483,686,560,1,-1,-1,-1
211,35,-3,682,91,442,1,-1,-1,-1
211,36,810,577,344,484,1,-1,-1,-1
212,1,-121,673,274,442,1,-1,-1,-1
212,21,9,569,823,499,1,-1,-1,-1
212,23,557,463,468,131,1,-1,-1,-1
212,27,990,532,728,472,1,-1,-1,-1
212,28,2136,391,159,234,1,-1,-1,-1
212,31,2128,412,214,250,1,-1,-1,-1
212,32,-123,497,304,168,1,-1,-1,-1
212,33,2123,391,440,452,1,-1,-1,-1
212,34,429,470,720,588,1,-1,-1,-1
212,35,-3,696,91,442,1,-1,-1,-1
212,36,818,577,344,484,1,-1,-1,-1
213,1,-115,684,261,421,1,-1,-1,-1
213,21,7,574,823,499,1,-1,-1,-1
213,23,553,461,491,137,1,-1,-1,-1
213,27,1000,533,728,472,1,-1,-1,-1
213,28,2137,394,159,234,1,-1,-1,-1
213,31,2133,412,214,250,1,-1,-1,-1
213,32,-139,498,319,176,1,-1,-1,-1
213,33,2120,394,440,452,1,-1,-1,-1
213,34,425,465,756,617,1,-1,-1,-1
213,35,-6,700,87,421,1,-1,-1,-1
213,36,820,563,361,508,1,-1,-1,-1
214,1,-140,674,261,421,1,-1,-1,-1
214,21,13,572,823,499,1,-1,-1,-1
214,23,561,461,491,137,1,-1,-1,-1
214,27,1038,537,693,450,1,-1,-1,-1
214,28,2140,402,151,223,1,-1,-1,-1
214,31,2134,413,214,250,1,-1,-1,-1
214,32,-147,506,304,168,1,-1,-1,-1
214,33,2120,389,440,452,1,-1,-1,-1
214,34,417,466,756,617,1,-1,-1,-1
214,35,-12,699,87,421,1,-1,-1,-1
214,36,855,575,344,484,1,-1,-1,-1
215,1,-142,689,261,421,1,-1,-1,-1
215,21,7,574,823,499,1,-1,-1,-1
215,23,581,462,468,131,1,-1,-1,-1
215,27,1041,551,660,428,1,-1,-1,-1
215,28,2140,402,151,223,1,-1,-1,-1
215,31,2133,417,214,250,1,-1,-1,-1
215,32,-24,506,304,168,1,-1,-1,-1
215,33,2109,375,462,475,1,-1,-1,-1
215,34,423,463,756,617,1,-1,-1,-1
215,35,-15,700,87,421,1,-1,-1,-1
215,36,865,571,344,484,1,-1,-1,-1
216,1,-146,662,261,421,1,-1,-1,-1
216,21,-37,566,823,499,1,-1,-1,-1
216,23,594,466,446,124,1,-1,-1,-1
216,27,1065,544,660,428,1,-1,-1,-1
216,28,2137,401,151,223,1,-1,-1,-1
216,31,2130,413,214,250,1,-1,-1,-1
216,33,2108,374,462,475,1,-1,-1,-1
216,34,417,461,756,617,1,-1,-1,-1
216,36,865,567,344,484,1,-1,-1,-1
217,1,-146,662,261,421,1,-1,-1,-1
217,21,0,556,852,520,1,-1,-1,-1
217,23,572,468,472,128,1,-1,-1,-1
217,27,968,508,792,512,1,-1,-1,-1
217,28,2137,401,151,223,1,-1,-1,-1
217,31,2130,413,214,250,1,-1,-1,-1
217,33,2116,416,440,432,1,-1,-1,-1
217,34,516,492,756,572,1,-1,-1,-1
217,36,865,567,344,484,1,-1,-1,-1
