1,0,2276,512,280,196,1,-1,-1,-1
1,1,1756,612,240,132,1,-1,-1,-1
1,2,1136,620,296,140,1,-1,-1,-1
1,3,900,624,236,136,1,-1,-1,-1
2,0,2265,512,280,196,1,-1,-1,-1
2,1,1751,613,240,132,1,-1,-1,-1
2,2,1137,620,296,140,1,-1,-1,-1
2,3,903,625,236,136,1,-1,-1,-1
3,0,2253,515,280,196,1,-1,-1,-1
3,1,1745,614,240,132,1,-1,-1,-1
3,2,1144,621,296,140,1,-1,-1,-1
3,3,918,626,236,136,1,-1,-1,-1
4,0,2232,520,267,187,1,-1,-1,-1
4,1,1728,616,240,132,1,-1,-1,-1
4,2,1145,623,296,140,1,-1,-1,-1
4,3,928,626,236,136,1,-1,-1,-1
5,0,2223,525,254,178,1,-1,-1,-1
5,1,1728,620,229,126,1,-1,-1,-1
5,2,1146,626,296,140,1,-1,-1,-1
5,3,926,627,236,136,1,-1,-1,-1
6,0,2210,525,254,178,1,-1,-1,-1
6,1,1721,621,229,126,1,-1,-1,-1
6,2,1146,626,296,140,1,-1,-1,-1
6,3,935,625,236,136,1,-1,-1,-1
7,0,2206,527,254,178,1,-1,-1,-1
7,1,1715,624,229,126,1,-1,-1,-1
7,2,1149,627,296,140,1,-1,-1,-1
7,3,939,628,236,136,1,-1,-1,-1
8,0,2204,525,254,178,1,-1,-1,-1
8,1,1711,624,229,126,1,-1,-1,-1
8,2,1166,629,282,133,1,-1,-1,-1
8,3,947,633,225,130,1,-1,-1,-1
9,0,2208,528,280,184,1,-1,-1,-1
9,1,1716,628,224,120,1,-1,-1,-1
9,2,1224,624,224,124,1,-1,-1,-1
9,3,948,616,256,136,1,-1,-1,-1
9,4,608,632,216,112,1,-1,-1,-1
10,0,2212,526,280,184,1,-1,-1,-1
10,1,1716,628,224,120,1,-1,-1,-1
10,2,1226,624,224,124,1,-1,-1,-1
10,3,949,616,256,136,1,-1,-1,-1
10,4,610,632,216,112,1,-1,-1,-1
11,0,2217,527,280,184,1,-1,-1,-1
11,1,1719,628,224,120,1,-1,-1,-1
11,2,1229,624,224,124,1,-1,-1,-1
11,3,951,617,256,136,1,-1,-1,-1
11,4,614,632,216,112,1,-1,-1,-1
12,0,2228,526,280,184,1,-1,-1,-1
12,1,1725,627,224,120,1,-1,-1,-1
12,2,1234,625,224,124,1,-1,-1,-1
12,3,945,613,269,143,1,-1,-1,-1
12,4,615,633,216,112,1,-1,-1,-1
13,0,2240,530,267,175,1,-1,-1,-1
13,1,1730,628,224,120,1,-1,-1,-1
13,2,1237,626,224,124,1,-1,-1,-1
13,3,945,613,269,143,1,-1,-1,-1
13,4,615,634,216,112,1,-1,-1,-1
14,0,2247,530,267,175,1,-1,-1,-1
14,1,1733,628,224,120,1,-1,-1,-1
14,2,1239,627,224,124,1,-1,-1,-1
14,3,950,614,269,143,1,-1,-1,-1
14,4,617,635,216,112,1,-1,-1,-1
15,0,2251,529,267,175,1,-1,-1,-1
15,1,1736,629,224,120,1,-1,-1,-1
15,2,1242,629,224,124,1,-1,-1,-1
15,3,948,612,269,143,1,-1,-1,-1
15,4,617,636,216,112,1,-1,-1,-1
16,0,2253,526,267,175,1,-1,-1,-1
16,1,1736,628,235,126,1,-1,-1,-1
16,2,1247,631,224,124,1,-1,-1,-1
16,3,956,612,269,143,1,-1,-1,-1
16,4,624,636,216,112,1,-1,-1,-1
17,0,2276,532,272,152,1,-1,-1,-1
17,1,1736,632,240,112,1,-1,-1,-1
17,2,1200,624,288,136,1,-1,-1,-1
17,3,956,612,269,143,1,-1,-1,-1
17,4,596,644,260,144,1,-1,-1,-1
17,5,1044,636,228,104,1,-1,-1,-1
17,6,4,624,220,168,1,-1,-1,-1
18,0,2284,532,272,152,1,-1,-1,-1
18,1,1735,630,252,118,1,-1,-1,-1
18,2,1206,627,288,136,1,-1,-1,-1
18,3,955,614,256,136,1,-1,-1,-1
18,4,599,644,260,144,1,-1,-1,-1
18,5,1051,639,228,104,1,-1,-1,-1
18,6,9,625,220,168,1,-1,-1,-1
19,0,2289,533,272,152,1,-1,-1,-1
19,1,1738,632,252,118,1,-1,-1,-1
19,2,1209,630,288,136,1,-1,-1,-1
19,3,956,615,256,136,1,-1,-1,-1
19,4,603,647,260,144,1,-1,-1,-1
19,5,1051,639,228,104,1,-1,-1,-1
19,6,10,626,220,168,1,-1,-1,-1
20,0,2291,534,272,152,1,-1,-1,-1
20,1,1740,633,252,118,1,-1,-1,-1
20,2,1213,633,288,136,1,-1,-1,-1
20,3,953,618,256,136,1,-1,-1,-1
20,4,600,647,260,144,1,-1,-1,-1
20,5,1062,643,217,99,1,-1,-1,-1
20,6,13,626,220,168,1,-1,-1,-1
21,0,2310,533,272,152,1,-1,-1,-1
21,1,1765,637,240,112,1,-1,-1,-1
21,2,1236,633,288,136,1,-1,-1,-1
21,3,964,621,256,136,1,-1,-1,-1
21,4,615,648,260,144,1,-1,-1,-1
21,5,1075,643,217,99,1,-1,-1,-1
21,6,27,626,220,168,1,-1,-1,-1
22,0,2318,542,259,145,1,-1,-1,-1
22,1,1767,630,252,118,1,-1,-1,-1
22,2,1245,633,288,136,1,-1,-1,-1
22,3,968,622,256,136,1,-1,-1,-1
22,4,628,650,260,144,1,-1,-1,-1
22,5,1084,642,228,104,1,-1,-1,-1
22,6,31,624,231,176,1,-1,-1,-1
23,0,2322,545,259,145,1,-1,-1,-1
23,1,1776,629,252,118,1,-1,-1,-1
23,2,1259,635,274,130,1,-1,-1,-1
23,3,977,625,256,136,1,-1,-1,-1
23,4,635,651,260,144,1,-1,-1,-1
23,5,1090,643,228,104,1,-1,-1,-1
23,6,52,630,220,168,1,-1,-1,-1
24,0,2329,544,259,145,1,-1,-1,-1
24,1,1797,630,240,112,1,-1,-1,-1
24,2,1287,640,261,123,1,-1,-1,-1
24,3,994,625,256,136,1,-1,-1,-1
24,4,646,652,260,144,1,-1,-1,-1
24,5,1099,642,239,109,1,-1,-1,-1
24,6,56,628,231,176,1,-1,-1,-1
25,0,2329,544,259,145,1,-1,-1,-1
25,1,1816,604,220,152,1,-1,-1,-1
25,2,1287,640,261,123,1,-1,-1,-1
25,3,994,625,256,136,1,-1,-1,-1
25,4,646,652,260,144,1,-1,-1,-1
25,5,1099,642,239,109,1,-1,-1,-1
25,6,56,628,231,176,1,-1,-1,-1
26,0,2376,541,259,145,1,-1,-1,-1
26,1,1843,604,220,152,1,-1,-1,-1
26,2,1326,640,274,130,1,-1,-1,-1
26,3,1030,630,256,136,1,-1,-1,-1
26,4,694,651,260,144,1,-1,-1,-1
26,5,1126,647,239,109,1,-1,-1,-1
26,6,100,629,231,176,1,-1,-1,-1
27,0,2385,538,259,145,1,-1,-1,-1
27,1,1860,608,220,152,1,-1,-1,-1
27,2,1341,640,274,130,1,-1,-1,-1
27,3,1048,629,256,136,1,-1,-1,-1
27,4,708,649,260,144,1,-1,-1,-1
27,5,1141,650,228,104,1,-1,-1,-1
27,6,127,634,220,168,1,-1,-1,-1
28,0,2408,539,259,145,1,-1,-1,-1
28,1,1873,608,220,152,1,-1,-1,-1
28,2,1359,641,274,130,1,-1,-1,-1
28,3,1059,633,256,136,1,-1,-1,-1
28,4,730,652,248,137,1,-1,-1,-1
28,5,1155,646,239,109,1,-1,-1,-1
28,6,144,633,220,168,1,-1,-1,-1
29,0,2414,541,259,145,1,-1,-1,-1
29,1,1889,609,220,152,1,-1,-1,-1
29,2,1371,633,274,130,1,-1,-1,-1
29,3,1071,634,256,136,1,-1,-1,-1
29,4,743,655,248,137,1,-1,-1,-1
29,5,1174,645,251,115,1,-1,-1,-1
29,6,158,634,220,168,1,-1,-1,-1
30,0,2431,540,259,145,1,-1,-1,-1
30,1,1912,611,220,152,1,-1,-1,-1
30,2,1380,630,274,130,1,-1,-1,-1
30,3,1088,627,269,143,1,-1,-1,-1
30,4,768,657,248,137,1,-1,-1,-1
30,5,1193,647,251,115,1,-1,-1,-1
30,6,184,636,210,160,1,-1,-1,-1
31,1,1920,610,231,160,1,-1,-1,-1
31,2,1369,629,274,130,1,-1,-1,-1
31,3,1094,628,269,143,1,-1,-1,-1
31,4,787,658,248,137,1,-1,-1,-1
31,6,194,636,210,160,1,-1,-1,-1
32,1,1928,611,231,160,1,-1,-1,-1
32,2,1380,630,274,130,1,-1,-1,-1
32,3,1107,628,269,143,1,-1,-1,-1
32,4,806,653,248,137,1,-1,-1,-1
32,6,211,636,200,152,1,-1,-1,-1
33,1,1936,632,244,128,1,-1,-1,-1
33,2,1380,630,274,130,1,-1,-1,-1
33,3,1107,628,269,143,1,-1,-1,-1
33,4,876,648,184,124,1,-1,-1,-1
33,6,211,636,200,152,1,-1,-1,-1
33,7,524,636,220,112,1,-1,-1,-1
34,1,1953,632,244,128,1,-1,-1,-1
34,2,1437,629,274,130,1,-1,-1,-1
34,3,1124,625,269,143,1,-1,-1,-1
34,4,892,648,184,124,1,-1,-1,-1
34,6,236,637,200,152,1,-1,-1,-1
34,7,540,636,220,112,1,-1,-1,-1
35,1,1958,632,244,128,1,-1,-1,-1
35,3,1127,628,269,143,1,-1,-1,-1
35,4,901,648,184,124,1,-1,-1,-1
35,6,248,635,200,152,1,-1,-1,-1
35,7,549,637,220,112,1,-1,-1,-1
36,1,1965,631,244,128,1,-1,-1,-1
36,3,1132,625,269,143,1,-1,-1,-1
36,4,908,647,184,124,1,-1,-1,-1
36,6,250,635,200,152,1,-1,-1,-1
36,7,557,639,210,107,1,-1,-1,-1
37,1,1972,631,244,128,1,-1,-1,-1
37,3,1137,628,269,143,1,-1,-1,-1
37,4,912,649,184,124,1,-1,-1,-1
37,6,261,632,200,152,1,-1,-1,-1
37,7,558,638,220,112,1,-1,-1,-1
38,1,1986,630,244,128,1,-1,-1,-1
38,3,1146,632,256,136,1,-1,-1,-1
38,4,927,646,184,124,1,-1,-1,-1
38,6,267,626,210,160,1,-1,-1,-1
38,7,571,636,220,112,1,-1,-1,-1
39,1,1991,628,244,128,1,-1,-1,-1
39,3,1151,631,256,136,1,-1,-1,-1
39,4,930,643,193,130,1,-1,-1,-1
39,6,270,629,210,160,1,-1,-1,-1
39,7,572,637,220,112,1,-1,-1,-1
40,1,1995,627,244,128,1,-1,-1,-1
40,3,1153,632,256,136,1,-1,-1,-1
40,4,940,642,193,130,1,-1,-1,-1
40,6,270,628,210,160,1,-1,-1,-1
40,7,579,638,220,112,1,-1,-1,-1
41,1,2004,624,244,132,1,-1,-1,-1
41,3,1153,632,256,136,1,-1,-1,-1
41,4,968,636,228,140,1,-1,-1,-1
41,6,270,628,210,160,1,-1,-1,-1
41,7,579,638,220,112,1,-1,-1,-1
41,8,88,656,204,140,1,-1,-1,-1
41,9,364,624,156,168,1,-1,-1,-1
41,10,704,628,172,128,1,-1,-1,-1
42,1,2005,619,256,139,1,-1,-1,-1
42,3,1165,633,256,136,1,-1,-1,-1
42,4,980,635,228,140,1,-1,-1,-1
42,6,284,629,210,160,1,-1,-1,-1
42,7,592,636,231,118,1,-1,-1,-1
42,8,93,655,204,140,1,-1,-1,-1
42,9,370,624,156,168,1,-1,-1,-1
42,10,710,627,172,128,1,-1,-1,-1
43,1,2011,617,256,139,1,-1,-1,-1
43,3,1165,632,256,136,1,-1,-1,-1
43,4,983,633,228,140,1,-1,-1,-1
43,6,290,632,210,160,1,-1,-1,-1
43,7,594,636,231,118,1,-1,-1,-1
43,8,98,654,204,140,1,-1,-1,-1
43,9,375,625,156,168,1,-1,-1,-1
43,10,715,627,172,128,1,-1,-1,-1
44,1,2017,615,256,139,1,-1,-1,-1
44,3,1165,633,256,136,1,-1,-1,-1
44,4,995,635,217,133,1,-1,-1,-1
44,6,295,632,210,160,1,-1,-1,-1
44,7,598,635,231,118,1,-1,-1,-1
44,8,102,656,204,140,1,-1,-1,-1
44,9,378,627,156,168,1,-1,-1,-1
44,10,721,627,172,128,1,-1,-1,-1
45,1,2021,614,256,139,1,-1,-1,-1
45,3,1165,633,256,136,1,-1,-1,-1
45,4,1000,633,217,133,1,-1,-1,-1
45,6,299,632,210,160,1,-1,-1,-1
45,7,602,635,231,118,1,-1,-1,-1
45,8,106,658,204,140,1,-1,-1,-1
45,9,382,628,156,168,1,-1,-1,-1
45,10,723,628,172,128,1,-1,-1,-1
46,1,2034,612,256,139,1,-1,-1,-1
46,3,1171,633,256,136,1,-1,-1,-1
46,4,1008,633,217,133,1,-1,-1,-1
46,6,312,629,210,160,1,-1,-1,-1
46,7,616,631,231,118,1,-1,-1,-1
46,8,112,661,204,140,1,-1,-1,-1
46,9,392,628,156,168,1,-1,-1,-1
46,10,732,626,172,128,1,-1,-1,-1
47,1,2037,611,256,139,1,-1,-1,-1
47,3,1175,631,256,136,1,-1,-1,-1
47,4,1007,627,217,133,1,-1,-1,-1
47,6,315,630,210,160,1,-1,-1,-1
47,7,615,632,231,118,1,-1,-1,-1
47,8,116,664,204,140,1,-1,-1,-1
47,9,396,627,156,168,1,-1,-1,-1
47,10,734,626,172,128,1,-1,-1,-1
48,1,2042,609,256,139,1,-1,-1,-1
48,3,1176,629,256,136,1,-1,-1,-1
48,4,1014,631,207,127,1,-1,-1,-1
48,6,319,631,210,160,1,-1,-1,-1
48,7,619,629,231,118,1,-1,-1,-1
48,8,126,671,194,133,1,-1,-1,-1
48,9,400,629,156,168,1,-1,-1,-1
48,10,732,623,181,134,1,-1,-1,-1
49,1,2064,608,244,148,1,-1,-1,-1
49,3,1176,629,256,136,1,-1,-1,-1
49,4,1014,631,207,127,1,-1,-1,-1
49,6,319,631,210,160,1,-1,-1,-1
49,7,619,629,231,118,1,-1,-1,-1
49,8,126,671,194,133,1,-1,-1,-1
49,9,400,629,156,168,1,-1,-1,-1
49,10,732,623,181,134,1,-1,-1,-1
50,1,2070,609,244,148,1,-1,-1,-1
50,3,1170,625,269,143,1,-1,-1,-1
50,4,1032,634,197,121,1,-1,-1,-1
50,6,326,637,210,160,1,-1,-1,-1
50,7,641,630,220,112,1,-1,-1,-1
50,8,132,671,194,133,1,-1,-1,-1
50,9,413,631,156,168,1,-1,-1,-1
50,10,736,625,181,134,1,-1,-1,-1
51,1,2074,609,244,148,1,-1,-1,-1
51,3,1172,626,269,143,1,-1,-1,-1
51,4,1036,634,197,121,1,-1,-1,-1
51,6,323,635,220,168,1,-1,-1,-1
51,7,652,632,210,107,1,-1,-1,-1
51,8,132,672,194,133,1,-1,-1,-1
51,9,419,630,156,168,1,-1,-1,-1
51,10,742,623,181,134,1,-1,-1,-1
52,1,2078,610,244,148,1,-1,-1,-1
52,3,1170,624,269,143,1,-1,-1,-1
52,4,1037,634,197,121,1,-1,-1,-1
52,6,332,644,220,168,1,-1,-1,-1
52,7,653,633,210,107,1,-1,-1,-1
52,8,137,673,194,133,1,-1,-1,-1
52,9,434,640,156,168,1,-1,-1,-1
52,10,748,625,172,128,1,-1,-1,-1
53,1,2084,610,244,148,1,-1,-1,-1
53,3,1169,623,269,143,1,-1,-1,-1
53,4,1034,632,207,127,1,-1,-1,-1
53,6,327,644,231,176,1,-1,-1,-1
53,7,659,636,200,102,1,-1,-1,-1
53,8,140,676,185,127,1,-1,-1,-1
53,9,438,644,156,168,1,-1,-1,-1
53,10,764,623,172,128,1,-1,-1,-1
54,1,2091,607,244,148,1,-1,-1,-1
54,3,1178,628,256,136,1,-1,-1,-1
54,4,1032,631,207,127,1,-1,-1,-1
54,6,333,646,220,168,1,-1,-1,-1
54,7,667,632,210,107,1,-1,-1,-1
54,8,145,677,185,127,1,-1,-1,-1
54,9,432,640,164,176,1,-1,-1,-1
54,10,782,629,164,122,1,-1,-1,-1
55,1,2094,605,244,148,1,-1,-1,-1
55,3,1180,627,256,136,1,-1,-1,-1
55,4,1034,630,207,127,1,-1,-1,-1
55,6,328,644,231,176,1,-1,-1,-1
55,7,674,636,200,102,1,-1,-1,-1
55,8,148,676,185,127,1,-1,-1,-1
55,9,434,642,164,176,1,-1,-1,-1
55,10,782,631,164,122,1,-1,-1,-1
56,1,2099,603,244,148,1,-1,-1,-1
56,3,1179,627,256,136,1,-1,-1,-1
56,4,1040,631,207,127,1,-1,-1,-1
56,6,229,630,220,168,1,-1,-1,-1
56,7,669,638,200,102,1,-1,-1,-1
56,8,149,678,185,127,1,-1,-1,-1
56,9,433,641,164,176,1,-1,-1,-1
56,10,786,632,164,122,1,-1,-1,-1
57,1,2108,588,236,168,1,-1,-1,-1
57,3,1179,627,256,136,1,-1,-1,-1
57,4,1092,624,172,140,1,-1,-1,-1
57,6,229,630,220,168,1,-1,-1,-1
57,7,669,638,200,102,1,-1,-1,-1
57,8,156,672,196,124,1,-1,-1,-1
57,9,433,641,164,176,1,-1,-1,-1
57,10,786,632,164,122,1,-1,-1,-1
57,11,1596,624,288,152,1,-1,-1,-1
57,12,728,656,200,140,1,-1,-1,-1
57,13,1480,656,172,108,1,-1,-1,-1
58,1,2114,587,236,168,1,-1,-1,-1
58,3,1178,629,256,136,1,-1,-1,-1
58,4,1094,625,172,140,1,-1,-1,-1
58,6,245,640,210,160,1,-1,-1,-1
58,7,668,639,200,102,1,-1,-1,-1
58,8,162,671,196,124,1,-1,-1,-1
58,9,441,645,164,176,1,-1,-1,-1
58,10,789,635,164,122,1,-1,-1,-1
58,11,1599,624,288,152,1,-1,-1,-1
58,12,728,656,200,140,1,-1,-1,-1
58,13,1483,657,172,108,1,-1,-1,-1
59,1,2119,586,236,168,1,-1,-1,-1
59,3,1176,629,256,136,1,-1,-1,-1
59,4,1094,628,172,140,1,-1,-1,-1
59,6,247,642,210,160,1,-1,-1,-1
59,8,163,672,196,124,1,-1,-1,-1
59,9,440,641,164,176,1,-1,-1,-1
59,10,792,636,164,122,1,-1,-1,-1
59,11,1605,625,288,152,1,-1,-1,-1
59,12,729,658,200,140,1,-1,-1,-1
59,13,1485,658,172,108,1,-1,-1,-1
60,1,2122,587,236,168,1,-1,-1,-1
60,3,1178,630,256,136,1,-1,-1,-1
60,4,1096,629,172,140,1,-1,-1,-1
60,6,246,642,210,160,1,-1,-1,-1
60,8,165,672,196,124,1,-1,-1,-1
60,9,448,647,164,176,1,-1,-1,-1
60,10,792,636,164,122,1,-1,-1,-1
60,11,1607,624,288,152,1,-1,-1,-1
60,12,732,658,200,140,1,-1,-1,-1
60,13,1488,660,172,108,1,-1,-1,-1
61,1,2126,587,236,168,1,-1,-1,-1
61,3,1175,630,256,136,1,-1,-1,-1
61,4,1095,629,172,140,1,-1,-1,-1
61,6,247,641,210,160,1,-1,-1,-1
61,8,171,674,187,118,1,-1,-1,-1
61,9,450,652,164,176,1,-1,-1,-1
61,10,794,636,164,122,1,-1,-1,-1
61,11,1610,623,288,152,1,-1,-1,-1
61,12,732,658,200,140,1,-1,-1,-1
61,13,1489,661,172,108,1,-1,-1,-1
62,1,2135,588,236,168,1,-1,-1,-1
62,3,1174,629,256,136,1,-1,-1,-1
62,4,1097,629,172,140,1,-1,-1,-1
62,6,249,642,210,160,1,-1,-1,-1
62,8,177,675,187,118,1,-1,-1,-1
62,9,465,641,164,176,1,-1,-1,-1
62,10,794,635,164,122,1,-1,-1,-1
62,11,1615,624,288,152,1,-1,-1,-1
62,12,735,659,200,140,1,-1,-1,-1
62,13,1489,662,172,108,1,-1,-1,-1
63,1,2136,585,248,176,1,-1,-1,-1
63,3,1173,628,256,136,1,-1,-1,-1
63,4,1100,629,172,140,1,-1,-1,-1
63,6,249,643,210,160,1,-1,-1,-1
63,8,179,675,187,118,1,-1,-1,-1
63,9,473,645,156,168,1,-1,-1,-1
63,10,796,634,164,122,1,-1,-1,-1
63,11,1619,625,288,152,1,-1,-1,-1
63,12,735,659,200,140,1,-1,-1,-1
63,13,1489,662,181,113,1,-1,-1,-1
64,1,2141,586,248,176,1,-1,-1,-1
64,3,1172,630,256,136,1,-1,-1,-1
64,4,1099,628,172,140,1,-1,-1,-1
64,6,245,644,210,160,1,-1,-1,-1
64,8,174,672,196,124,1,-1,-1,-1
64,9,466,639,164,176,1,-1,-1,-1
64,10,797,634,164,122,1,-1,-1,-1
64,11,1611,622,302,160,1,-1,-1,-1
64,12,734,660,200,140,1,-1,-1,-1
64,13,1486,659,181,113,1,-1,-1,-1
65,1,2140,596,268,156,1,-1,-1,-1
65,3,1172,630,256,136,1,-1,-1,-1
65,4,1084,628,204,136,1,-1,-1,-1
65,6,245,644,210,160,1,-1,-1,-1
65,8,208,692,184,100,1,-1,-1,-1
65,9,466,639,164,176,1,-1,-1,-1
65,10,797,634,164,122,1,-1,-1,-1
65,11,1656,636,260,140,1,-1,-1,-1
65,12,776,652,168,128,1,-1,-1,-1
65,13,1486,659,181,113,1,-1,-1,-1
65,14,0,676,120,116,1,-1,-1,-1
66,1,2145,598,268,156,1,-1,-1,-1
66,3,1170,630,256,136,1,-1,-1,-1
66,4,1086,629,204,136,1,-1,-1,-1
66,6,249,650,200,152,1,-1,-1,-1
66,8,217,694,175,95,1,-1,-1,-1
66,9,468,640,164,176,1,-1,-1,-1
66,10,802,641,164,122,1,-1,-1,-1
66,11,1664,637,260,140,1,-1,-1,-1
66,12,778,654,168,128,1,-1,-1,-1
66,13,1488,661,181,113,1,-1,-1,-1
66,14,2,677,120,116,1,-1,-1,-1
67,1,2149,600,268,156,1,-1,-1,-1
67,3,1169,632,256,136,1,-1,-1,-1
67,4,1088,630,204,136,1,-1,-1,-1
67,6,247,653,200,152,1,-1,-1,-1
67,8,219,697,175,95,1,-1,-1,-1
67,9,466,632,172,185,1,-1,-1,-1
67,10,801,643,164,122,1,-1,-1,-1
67,11,1671,642,248,133,1,-1,-1,-1
67,12,779,655,168,128,1,-1,-1,-1
67,13,1490,661,181,113,1,-1,-1,-1
67,14,3,678,120,116,1,-1,-1,-1
68,1,2151,600,268,156,1,-1,-1,-1
68,3,1167,634,256,136,1,-1,-1,-1
68,4,1089,631,204,136,1,-1,-1,-1
68,6,244,651,210,160,1,-1,-1,-1
68,8,223,697,175,95,1,-1,-1,-1
68,9,469,632,172,185,1,-1,-1,-1
68,10,802,645,164,122,1,-1,-1,-1
68,11,1664,644,248,133,1,-1,-1,-1
68,12,781,657,168,128,1,-1,-1,-1
68,13,1492,662,181,113,1,-1,-1,-1
68,14,5,678,120,116,1,-1,-1,-1
69,1,2147,595,281,164,1,-1,-1,-1
69,3,1165,636,256,136,1,-1,-1,-1
69,4,1088,631,204,136,1,-1,-1,-1
69,6,249,651,210,160,1,-1,-1,-1
69,8,223,698,175,95,1,-1,-1,-1
69,9,468,635,172,185,1,-1,-1,-1
69,10,804,646,164,122,1,-1,-1,-1
69,11,1669,646,248,133,1,-1,-1,-1
69,12,781,659,168,128,1,-1,-1,-1
69,13,1493,661,181,113,1,-1,-1,-1
69,14,5,680,120,116,1,-1,-1,-1
70,1,2153,596,281,164,1,-1,-1,-1
70,3,1164,637,256,136,1,-1,-1,-1
70,4,1084,634,204,136,1,-1,-1,-1
70,6,247,651,210,160,1,-1,-1,-1
70,8,219,697,184,100,1,-1,-1,-1
70,9,473,639,172,185,1,-1,-1,-1
70,10,809,650,164,122,1,-1,-1,-1
70,11,1685,646,248,133,1,-1,-1,-1
70,12,787,663,160,122,1,-1,-1,-1
70,13,1496,663,181,113,1,-1,-1,-1
70,14,4,683,120,116,1,-1,-1,-1
71,1,2158,595,281,164,1,-1,-1,-1
71,3,1164,638,256,136,1,-1,-1,-1
71,4,1079,634,214,143,1,-1,-1,-1
71,6,242,647,220,168,1,-1,-1,-1
71,8,222,695,184,100,1,-1,-1,-1
71,9,475,639,172,185,1,-1,-1,-1
71,10,810,650,164,122,1,-1,-1,-1
71,11,1693,650,236,127,1,-1,-1,-1
71,12,788,664,160,122,1,-1,-1,-1
71,13,1501,663,181,113,1,-1,-1,-1
71,14,8,684,120,116,1,-1,-1,-1
72,1,2161,597,281,164,1,-1,-1,-1
72,3,1162,639,256,136,1,-1,-1,-1
72,4,1073,636,214,143,1,-1,-1,-1
72,6,244,649,220,168,1,-1,-1,-1
72,8,223,696,184,100,1,-1,-1,-1
72,9,480,641,172,185,1,-1,-1,-1
72,10,814,650,164,122,1,-1,-1,-1
72,11,1697,657,225,121,1,-1,-1,-1
72,12,790,664,160,122,1,-1,-1,-1
72,13,1502,665,181,113,1,-1,-1,-1
72,14,7,682,126,122,1,-1,-1,-1
73,1,2176,600,260,160,1,-1,-1,-1
73,3,1162,639,256,136,1,-1,-1,-1
73,4,1096,652,220,128,1,-1,-1,-1
73,6,244,649,220,168,1,-1,-1,-1
73,8,223,696,184,100,1,-1,-1,-1
73,9,480,641,172,185,1,-1,-1,-1
73,10,820,664,152,144,1,-1,-1,-1
73,11,1697,657,225,121,1,-1,-1,-1
73,12,790,664,160,122,1,-1,-1,-1
73,13,1502,665,181,113,1,-1,-1,-1
73,14,0,684,148,136,1,-1,-1,-1
73,15,628,664,184,128,1,-1,-1,-1
74,1,2174,599,273,168,1,-1,-1,-1
74,3,1165,637,256,136,1,-1,-1,-1
74,4,1098,654,220,128,1,-1,-1,-1
74,6,243,651,220,168,1,-1,-1,-1
74,8,223,687,193,105,1,-1,-1,-1
74,9,482,641,172,185,1,-1,-1,-1
74,10,823,665,152,144,1,-1,-1,-1
74,11,1717,652,236,127,1,-1,-1,-1
74,12,794,666,160,122,1,-1,-1,-1
74,13,1504,666,181,113,1,-1,-1,-1
74,14,4,684,148,136,1,-1,-1,-1
74,15,631,665,184,128,1,-1,-1,-1
75,1,2177,601,273,168,1,-1,-1,-1
75,3,1167,638,256,136,1,-1,-1,-1
75,4,1100,656,220,128,1,-1,-1,-1
75,6,247,649,220,168,1,-1,-1,-1
75,8,223,683,203,110,1,-1,-1,-1
75,9,479,636,181,194,1,-1,-1,-1
75,10,824,667,152,144,1,-1,-1,-1
75,11,1729,645,248,133,1,-1,-1,-1
75,12,806,668,152,116,1,-1,-1,-1
75,13,1506,669,181,113,1,-1,-1,-1
75,14,3,685,148,136,1,-1,-1,-1
75,15,634,667,184,128,1,-1,-1,-1
76,1,2187,606,260,160,1,-1,-1,-1
76,3,1169,638,256,136,1,-1,-1,-1
76,4,1101,658,220,128,1,-1,-1,-1
76,6,243,649,220,168,1,-1,-1,-1
76,8,224,679,213,116,1,-1,-1,-1
76,9,485,637,181,194,1,-1,-1,-1
76,10,825,667,152,144,1,-1,-1,-1
76,11,1729,648,248,133,1,-1,-1,-1
76,12,801,666,152,116,1,-1,-1,-1
76,13,1513,670,172,108,1,-1,-1,-1
76,14,5,686,148,136,1,-1,-1,-1
76,15,634,669,184,128,1,-1,-1,-1
77,1,2192,606,260,160,1,-1,-1,-1
77,3,1167,639,256,136,1,-1,-1,-1
77,4,1103,659,220,128,1,-1,-1,-1
77,6,230,644,231,176,1,-1,-1,-1
77,8,221,677,213,116,1,-1,-1,-1
77,9,481,633,190,204,1,-1,-1,-1
77,10,825,668,152,144,1,-1,-1,-1
77,11,1723,651,248,133,1,-1,-1,-1
77,12,813,663,152,116,1,-1,-1,-1
77,13,1518,668,172,108,1,-1,-1,-1
77,14,5,686,148,136,1,-1,-1,-1
77,15,634,671,184,128,1,-1,-1,-1
78,1,2199,605,260,160,1,-1,-1,-1
78,3,1168,640,256,136,1,-1,-1,-1
78,4,1104,660,220,128,1,-1,-1,-1
78,6,226,645,231,176,1,-1,-1,-1
78,8,223,677,213,116,1,-1,-1,-1
78,9,489,638,190,204,1,-1,-1,-1
78,10,825,669,152,144,1,-1,-1,-1
78,12,821,668,152,116,1,-1,-1,-1
78,13,1529,671,172,108,1,-1,-1,-1
78,14,1,684,155,143,1,-1,-1,-1
78,15,640,673,184,128,1,-1,-1,-1
79,1,2202,606,260,160,1,-1,-1,-1
79,3,1170,640,256,136,1,-1,-1,-1
79,4,1105,660,220,128,1,-1,-1,-1
79,8,224,678,213,116,1,-1,-1,-1
79,9,491,640,190,204,1,-1,-1,-1
79,10,825,670,152,144,1,-1,-1,-1
79,12,826,667,152,116,1,-1,-1,-1
79,13,1526,671,181,113,1,-1,-1,-1
79,14,2,684,155,143,1,-1,-1,-1
79,15,641,672,184,128,1,-1,-1,-1
80,1,2203,604,260,160,1,-1,-1,-1
80,3,1170,641,256,136,1,-1,-1,-1
80,4,1107,660,220,128,1,-1,-1,-1
80,8,232,678,213,116,1,-1,-1,-1
80,9,495,644,190,204,1,-1,-1,-1
80,10,823,671,152,144,1,-1,-1,-1
80,12,828,666,152,116,1,-1,-1,-1
80,13,1528,669,181,113,1,-1,-1,-1
80,14,6,683,155,143,1,-1,-1,-1
80,15,637,668,193,134,1,-1,-1,-1
81,1,2216,616,264,152,1,-1,-1,-1
81,3,1170,641,256,136,1,-1,-1,-1
81,4,1124,656,216,128,1,-1,-1,-1
81,8,232,678,213,116,1,-1,-1,-1
81,9,488,664,208,156,1,-1,-1,-1
81,10,823,671,152,144,1,-1,-1,-1
81,12,828,666,152,116,1,-1,-1,-1
81,13,1528,669,181,113,1,-1,-1,-1
81,14,6,683,155,143,1,-1,-1,-1
81,15,664,656,220,144,1,-1,-1,-1
81,16,1732,700,128,80,1,-1,-1,-1
82,1,2220,613,264,152,1,-1,-1,-1
82,3,1168,643,256,136,1,-1,-1,-1
82,4,1125,656,216,128,1,-1,-1,-1
82,8,235,679,203,110,1,-1,-1,-1
82,9,491,664,208,156,1,-1,-1,-1
82,10,814,670,152,144,1,-1,-1,-1
82,12,827,669,160,122,1,-1,-1,-1
82,13,1535,670,181,113,1,-1,-1,-1
82,14,14,685,155,143,1,-1,-1,-1
82,15,667,657,220,144,1,-1,-1,-1
82,16,1741,699,128,80,1,-1,-1,-1
83,1,2223,614,264,152,1,-1,-1,-1
83,3,1166,644,256,136,1,-1,-1,-1
83,4,1126,658,216,128,1,-1,-1,-1
83,8,237,678,203,110,1,-1,-1,-1
83,9,494,665,208,156,1,-1,-1,-1
83,10,816,673,152,144,1,-1,-1,-1
83,12,827,668,160,122,1,-1,-1,-1
83,13,1537,670,181,113,1,-1,-1,-1
83,14,16,684,155,143,1,-1,-1,-1
83,15,663,653,231,151,1,-1,-1,-1
83,16,1744,696,128,80,1,-1,-1,-1
84,1,2224,614,264,152,1,-1,-1,-1
84,3,1164,646,256,136,1,-1,-1,-1
84,4,1130,659,216,128,1,-1,-1,-1
84,8,238,679,203,110,1,-1,-1,-1
84,9,496,666,208,156,1,-1,-1,-1
84,10,814,669,160,151,1,-1,-1,-1
84,12,834,671,152,116,1,-1,-1,-1
84,13,1541,671,181,113,1,-1,-1,-1
84,14,20,682,155,143,1,-1,-1,-1
84,15,668,654,231,151,1,-1,-1,-1
84,16,1752,694,128,80,1,-1,-1,-1
85,1,2228,615,264,152,1,-1,-1,-1
85,3,1173,649,244,130,1,-1,-1,-1
85,4,1125,656,227,134,1,-1,-1,-1
85,8,243,680,203,110,1,-1,-1,-1
85,9,497,666,208,156,1,-1,-1,-1
85,10,813,667,160,151,1,-1,-1,-1
85,12,834,673,152,116,1,-1,-1,-1
85,13,1553,671,172,108,1,-1,-1,-1
85,14,24,692,148,136,1,-1,-1,-1
85,15,675,657,220,144,1,-1,-1,-1
85,16,1761,689,128,80,1,-1,-1,-1
86,1,2235,616,264,152,1,-1,-1,-1
86,3,1176,647,244,130,1,-1,-1,-1
86,4,1128,656,227,134,1,-1,-1,-1
86,8,243,682,203,110,1,-1,-1,-1
86,9,501,668,208,156,1,-1,-1,-1
86,10,814,669,160,151,1,-1,-1,-1
86,12,839,672,152,116,1,-1,-1,-1
86,13,1565,670,172,108,1,-1,-1,-1
86,14,30,692,148,136,1,-1,-1,-1
86,15,680,659,220,144,1,-1,-1,-1
86,16,1775,684,128,80,1,-1,-1,-1
87,1,2237,615,264,152,1,-1,-1,-1
87,3,1168,640,256,136,1,-1,-1,-1
87,4,1131,655,227,134,1,-1,-1,-1
87,8,245,683,203,110,1,-1,-1,-1
87,9,502,668,208,156,1,-1,-1,-1
87,10,813,668,160,151,1,-1,-1,-1
87,12,836,670,160,122,1,-1,-1,-1
87,13,1570,670,172,108,1,-1,-1,-1
87,14,23,686,155,143,1,-1,-1,-1
87,15,682,657,220,144,1,-1,-1,-1
87,16,1786,683,128,80,1,-1,-1,-1
88,1,2240,614,264,152,1,-1,-1,-1
88,3,1159,638,269,143,1,-1,-1,-1
88,4,1137,657,216,128,1,-1,-1,-1
88,8,250,685,203,110,1,-1,-1,-1
88,9,498,662,218,164,1,-1,-1,-1
88,10,811,668,160,151,1,-1,-1,-1
88,12,833,667,168,128,1,-1,-1,-1
88,13,1576,671,172,108,1,-1,-1,-1
88,14,17,686,155,143,1,-1,-1,-1
88,15,692,657,210,137,1,-1,-1,-1
88,16,1794,683,128,80,1,-1,-1,-1
89,1,2264,604,228,148,1,-1,-1,-1
89,3,1159,638,269,143,1,-1,-1,-1
89,4,1160,660,224,132,1,-1,-1,-1
89,8,250,685,203,110,1,-1,-1,-1
89,9,498,662,218,164,1,-1,-1,-1
89,10,811,668,160,151,1,-1,-1,-1
89,12,833,667,168,128,1,-1,-1,-1
89,13,1572,664,200,124,1,-1,-1,-1
89,14,17,686,155,143,1,-1,-1,-1
89,15,692,657,210,137,1,-1,-1,-1
89,16,1794,683,128,80,1,-1,-1,-1
89,17,1808,672,260,108,1,-1,-1,-1
90,1,2346,596,228,148,1,-1,-1,-1
90,3,1149,644,269,143,1,-1,-1,-1
90,4,1160,657,235,139,1,-1,-1,-1
90,8,352,699,203,110,1,-1,-1,-1
90,9,470,643,229,172,1,-1,-1,-1
90,10,784,668,160,151,1,-1,-1,-1
90,12,795,662,168,128,1,-1,-1,-1
90,13,1610,658,200,124,1,-1,-1,-1
90,14,-36,663,155,143,1,-1,-1,-1
90,15,655,651,200,131,1,-1,-1,-1
90,16,1806,696,128,80,1,-1,-1,-1
90,17,1861,663,273,113,1,-1,-1,-1
91,1,2386,592,228,148,1,-1,-1,-1
91,3,1129,640,269,143,1,-1,-1,-1
91,4,1158,655,247,146,1,-1,-1,-1
91,9,437,653,229,172,1,-1,-1,-1
91,10,768,666,160,151,1,-1,-1,-1
91,12,718,662,168,128,1,-1,-1,-1
91,13,1622,655,210,130,1,-1,-1,-1
91,14,1,681,148,136,1,-1,-1,-1
91,15,641,651,200,131,1,-1,-1,-1
91,16,1873,697,122,76,1,-1,-1,-1
91,17,1895,660,273,113,1,-1,-1,-1
92,1,2425,590,228,148,1,-1,-1,-1
92,3,1131,638,269,143,1,-1,-1,-1
92,4,1158,648,259,153,1,-1,-1,-1
92,9,425,654,229,172,1,-1,-1,-1
92,10,760,662,168,159,1,-1,-1,-1
92,12,694,656,176,134,1,-1,-1,-1
92,13,1638,654,210,130,1,-1,-1,-1
92,14,-6,677,148,136,1,-1,-1,-1
92,15,658,653,200,131,1,-1,-1,-1
92,16,1901,685,122,76,1,-1,-1,-1
92,17,1918,655,287,119,1,-1,-1,-1
93,1,2454,589,228,148,1,-1,-1,-1
93,3,1128,629,282,150,1,-1,-1,-1
93,4,1163,646,259,153,1,-1,-1,-1
93,9,417,654,229,172,1,-1,-1,-1
93,10,751,663,168,159,1,-1,-1,-1
93,12,681,653,185,141,1,-1,-1,-1
93,13,1655,653,210,130,1,-1,-1,-1
93,14,20,664,148,136,1,-1,-1,-1
93,15,640,651,210,137,1,-1,-1,-1
93,16,1927,667,122,76,1,-1,-1,-1
93,17,1933,653,301,125,1,-1,-1,-1
94,1,2496,575,228,148,1,-1,-1,-1
94,3,1129,620,296,157,1,-1,-1,-1
94,4,1176,644,259,153,1,-1,-1,-1
94,9,403,653,229,172,1,-1,-1,-1
94,10,739,657,176,167,1,-1,-1,-1
94,12,665,648,194,148,1,-1,-1,-1
94,13,1688,645,220,137,1,-1,-1,-1
94,14,2,656,148,136,1,-1,-1,-1
94,15,631,647,220,144,1,-1,-1,-1
94,16,1955,663,128,80,1,-1,-1,-1
94,17,1964,648,301,125,1,-1,-1,-1
95,4,1177,642,259,153,1,-1,-1,-1
95,9,395,646,241,181,1,-1,-1,-1
95,10,723,649,185,175,1,-1,-1,-1
95,12,658,646,194,148,1,-1,-1,-1
95,13,1708,642,220,137,1,-1,-1,-1
95,16,1972,658,134,84,1,-1,-1,-1
95,17,1987,647,301,125,1,-1,-1,-1
96,4,1169,635,272,160,1,-1,-1,-1
96,9,386,643,241,181,1,-1,-1,-1
96,10,716,648,185,175,1,-1,-1,-1
96,12,648,642,204,156,1,-1,-1,-1
96,13,1726,627,232,144,1,-1,-1,-1
96,16,1995,653,141,88,1,-1,-1,-1
96,17,2005,640,316,131,1,-1,-1,-1
97,4,1124,632,336,132,1,-1,-1,-1
97,9,428,628,220,180,1,-1,-1,-1
97,10,716,648,185,175,1,-1,-1,-1
97,12,648,642,204,156,1,-1,-1,-1
97,13,1736,620,260,176,1,-1,-1,-1
97,16,1995,653,141,88,1,-1,-1,-1
97,17,2020,624,316,160,1,-1,-1,-1
97,18,776,596,224,224,1,-1,-1,-1
97,19,8,668,188,140,1,-1,-1,-1
97,20,216,640,228,152,1,-1,-1,-1
98,4,1129,629,336,132,1,-1,-1,-1
98,9,411,627,220,180,1,-1,-1,-1
98,10,688,643,194,184,1,-1,-1,-1
98,12,624,636,214,163,1,-1,-1,-1
98,13,1771,619,260,176,1,-1,-1,-1
98,16,2052,655,141,88,1,-1,-1,-1
98,17,2062,623,316,160,1,-1,-1,-1
98,18,775,594,224,224,1,-1,-1,-1
98,19,-27,664,197,147,1,-1,-1,-1
98,20,192,637,228,152,1,-1,-1,-1
99,4,1135,628,336,132,1,-1,-1,-1
99,9,401,626,220,180,1,-1,-1,-1
99,10,679,644,194,184,1,-1,-1,-1
99,12,609,631,225,172,1,-1,-1,-1
99,13,1796,619,260,176,1,-1,-1,-1
99,16,2075,650,148,93,1,-1,-1,-1
99,17,2084,617,332,168,1,-1,-1,-1
99,18,768,593,224,224,1,-1,-1,-1
99,19,-49,665,197,147,1,-1,-1,-1
99,20,172,637,228,152,1,-1,-1,-1
100,4,1151,628,336,132,1,-1,-1,-1
100,9,393,626,220,180,1,-1,-1,-1
100,10,664,639,204,193,1,-1,-1,-1
100,12,602,632,225,172,1,-1,-1,-1
100,13,1827,623,248,168,1,-1,-1,-1
100,16,2099,649,148,93,1,-1,-1,-1
100,17,2115,615,332,168,1,-1,-1,-1
100,18,763,594,224,224,1,-1,-1,-1
100,19,-67,663,197,147,1,-1,-1,-1
100,20,152,634,239,160,1,-1,-1,-1
101,4,1142,627,353,139,1,-1,-1,-1
101,9,382,625,220,180,1,-1,-1,-1
101,10,646,630,214,203,1,-1,-1,-1
101,12,593,631,225,172,1,-1,-1,-1
101,13,1845,619,260,176,1,-1,-1,-1
101,16,2123,646,148,93,1,-1,-1,-1
101,17,2142,614,332,168,1,-1,-1,-1
101,18,753,592,224,224,1,-1,-1,-1
101,19,-89,662,197,147,1,-1,-1,-1
101,20,136,633,239,160,1,-1,-1,-1
102,4,1169,629,336,132,1,-1,-1,-1
102,9,353,618,231,189,1,-1,-1,-1
102,10,625,625,225,213,1,-1,-1,-1
102,12,569,625,236,180,1,-1,-1,-1
102,13,1896,622,260,176,1,-1,-1,-1
102,16,2171,646,148,93,1,-1,-1,-1
102,17,2200,612,332,168,1,-1,-1,-1
102,18,742,589,224,224,1,-1,-1,-1
102,19,-131,659,197,147,1,-1,-1,-1
102,20,98,628,251,168,1,-1,-1,-1
103,4,1174,627,336,132,1,-1,-1,-1
103,9,338,613,243,198,1,-1,-1,-1
103,10,613,624,225,213,1,-1,-1,-1
103,12,564,622,236,180,1,-1,-1,-1
103,13,1923,623,260,176,1,-1,-1,-1
103,16,2197,645,148,93,1,-1,-1,-1
103,17,2216,602,348,176,1,-1,-1,-1
103,18,739,589,224,224,1,-1,-1,-1
103,19,-146,658,197,147,1,-1,-1,-1
103,20,81,626,264,176,1,-1,-1,-1
104,4,1164,626,353,139,1,-1,-1,-1
104,9,338,614,243,198,1,-1,-1,-1
104,10,614,623,225,213,1,-1,-1,-1
104,12,563,622,236,180,1,-1,-1,-1
104,13,1940,624,260,176,1,-1,-1,-1
104,16,2202,648,148,93,1,-1,-1,-1
104,17,2209,598,366,185,1,-1,-1,-1
104,18,732,583,235,235,1,-1,-1,-1
104,19,-146,654,197,147,1,-1,-1,-1
104,20,87,632,251,168,1,-1,-1,-1
105,4,1224,636,324,168,1,-1,-1,-1
105,9,336,608,260,216,1,-1,-1,-1
105,10,614,623,225,213,1,-1,-1,-1
105,12,624,612,164,200,1,-1,-1,-1
105,13,1924,612,292,180,1,-1,-1,-1
105,16,2202,648,148,93,1,-1,-1,-1
105,17,2204,592,352,208,1,-1,-1,-1
105,18,740,588,280,220,1,-1,-1,-1
105,19,-146,654,197,147,1,-1,-1,-1
105,20,104,624,240,176,1,-1,-1,-1
105,21,1076,620,148,176,1,-1,-1,-1
106,4,1221,631,340,176,1,-1,-1,-1
106,9,342,608,260,216,1,-1,-1,-1
106,10,618,621,225,213,1,-1,-1,-1
106,12,628,611,164,200,1,-1,-1,-1
106,13,1924,610,307,189,1,-1,-1,-1
106,16,2216,644,148,93,1,-1,-1,-1
106,17,2208,591,352,208,1,-1,-1,-1
106,18,743,588,280,220,1,-1,-1,-1
106,19,-140,650,197,147,1,-1,-1,-1
106,20,109,626,240,176,1,-1,-1,-1
106,21,1080,621,148,176,1,-1,-1,-1
107,4,1235,632,324,168,1,-1,-1,-1
107,9,346,607,260,216,1,-1,-1,-1
107,10,618,620,225,213,1,-1,-1,-1
107,12,632,610,164,200,1,-1,-1,-1
107,13,1937,618,292,180,1,-1,-1,-1
107,16,2222,644,148,93,1,-1,-1,-1
107,17,2209,592,352,208,1,-1,-1,-1
107,18,746,586,280,220,1,-1,-1,-1
107,19,-141,645,207,154,1,-1,-1,-1
107,20,117,629,229,168,1,-1,-1,-1
107,21,1084,620,148,176,1,-1,-1,-1
108,4,1230,625,340,176,1,-1,-1,-1
108,9,349,605,260,216,1,-1,-1,-1
108,10,617,620,225,213,1,-1,-1,-1
108,12,632,611,164,200,1,-1,-1,-1
108,13,1933,617,292,180,1,-1,-1,-1
108,16,2227,637,156,97,1,-1,-1,-1
108,17,2216,589,352,208,1,-1,-1,-1
108,18,748,586,280,220,1,-1,-1,-1
108,20,121,628,229,168,1,-1,-1,-1
108,21,1086,621,148,176,1,-1,-1,-1
109,4,1233,626,340,176,1,-1,-1,-1
109,9,354,605,260,216,1,-1,-1,-1
109,10,617,620,225,213,1,-1,-1,-1
109,12,633,611,164,200,1,-1,-1,-1
109,13,1936,617,292,180,1,-1,-1,-1
109,16,2233,637,156,97,1,-1,-1,-1
109,17,2215,589,352,208,1,-1,-1,-1
109,18,750,585,280,220,1,-1,-1,-1
109,20,126,629,229,168,1,-1,-1,-1
109,21,1089,621,148,176,1,-1,-1,-1
110,4,1237,626,340,176,1,-1,-1,-1
110,9,363,604,260,216,1,-1,-1,-1
110,10,618,620,225,213,1,-1,-1,-1
110,12,636,610,164,200,1,-1,-1,-1
110,13,1943,621,278,171,1,-1,-1,-1
110,16,2247,634,156,97,1,-1,-1,-1
110,17,2209,580,370,218,1,-1,-1,-1
110,18,766,589,267,210,1,-1,-1,-1
110,20,135,628,229,168,1,-1,-1,-1
110,21,1095,622,148,176,1,-1,-1,-1
111,4,1252,628,324,168,1,-1,-1,-1
111,9,370,602,260,216,1,-1,-1,-1
111,10,618,622,225,213,1,-1,-1,-1
111,12,639,610,164,200,1,-1,-1,-1
111,13,1934,618,292,180,1,-1,-1,-1
111,16,2252,634,156,97,1,-1,-1,-1
111,17,2217,577,370,218,1,-1,-1,-1
111,18,770,589,267,210,1,-1,-1,-1
111,20,140,627,229,168,1,-1,-1,-1
111,21,1097,624,148,176,1,-1,-1,-1
112,4,1244,623,340,176,1,-1,-1,-1
112,9,366,597,273,227,1,-1,-1,-1
112,10,617,615,236,223,1,-1,-1,-1
112,12,640,610,164,200,1,-1,-1,-1
112,13,1940,615,292,180,1,-1,-1,-1
112,16,2261,634,156,97,1,-1,-1,-1
112,17,2229,583,352,208,1,-1,-1,-1
112,18,772,587,267,210,1,-1,-1,-1
112,20,146,627,229,168,1,-1,-1,-1
112,21,1102,627,141,168,1,-1,-1,-1
113,4,1248,624,340,172,1,-1,-1,-1
113,9,388,584,276,232,1,-1,-1,-1
113,10,617,615,236,223,1,-1,-1,-1
113,12,648,596,156,216,1,-1,-1,-1
113,13,1940,615,292,180,1,-1,-1,-1
113,16,2261,634,156,97,1,-1,-1,-1
113,17,2248,568,308,216,1,-1,-1,-1
113,18,792,584,288,228,1,-1,-1,-1
113,20,168,644,220,176,1,-1,-1,-1
113,21,1102,627,141,168,1,-1,-1,-1
113,22,0,640,104,180,1,-1,-1,-1
113,23,1860,824,136,228,1,-1,-1,-1
114,4,1251,622,340,172,1,-1,-1,-1
114,9,397,589,263,221,1,-1,-1,-1
114,10,618,616,236,223,1,-1,-1,-1
114,12,651,595,156,216,1,-1,-1,-1
114,13,1939,612,292,180,1,-1,-1,-1
114,16,2289,637,156,97,1,-1,-1,-1
114,17,2261,571,308,216,1,-1,-1,-1
114,18,793,582,288,228,1,-1,-1,-1
114,20,174,644,220,176,1,-1,-1,-1
114,21,1108,621,148,176,1,-1,-1,-1
114,22,2,640,104,180,1,-1,-1,-1
114,23,1861,825,136,228,1,-1,-1,-1
115,4,1252,621,340,172,1,-1,-1,-1
115,9,396,583,276,232,1,-1,-1,-1
115,10,613,614,236,223,1,-1,-1,-1
115,12,657,602,149,206,1,-1,-1,-1
115,13,1942,611,292,180,1,-1,-1,-1
115,16,2295,640,156,97,1,-1,-1,-1
115,17,2266,569,308,216,1,-1,-1,-1
115,18,790,576,302,239,1,-1,-1,-1
115,20,176,643,220,176,1,-1,-1,-1
115,21,1111,620,148,176,1,-1,-1,-1
115,22,3,637,104,180,1,-1,-1,-1
115,23,1862,824,136,228,1,-1,-1,-1
116,4,1254,620,340,172,1,-1,-1,-1
116,9,399,583,276,232,1,-1,-1,-1
116,10,613,614,236,223,1,-1,-1,-1
116,12,656,598,156,216,1,-1,-1,-1
116,13,1948,611,292,180,1,-1,-1,-1
116,16,2302,643,156,97,1,-1,-1,-1
116,17,2270,569,308,216,1,-1,-1,-1
116,18,790,578,302,239,1,-1,-1,-1
116,20,177,641,220,176,1,-1,-1,-1
116,21,1114,620,148,176,1,-1,-1,-1
116,22,5,636,104,180,1,-1,-1,-1
116,23,1862,825,136,228,1,-1,-1,-1
117,4,1261,618,340,172,1,-1,-1,-1
117,9,401,581,276,232,1,-1,-1,-1
117,10,613,614,236,223,1,-1,-1,-1
117,12,653,592,164,227,1,-1,-1,-1
117,16,2302,642,163,102,1,-1,-1,-1
117,17,2271,569,308,216,1,-1,-1,-1
117,18,791,576,302,239,1,-1,-1,-1
117,20,179,641,220,176,1,-1,-1,-1
117,21,1114,619,148,176,1,-1,-1,-1
117,22,7,632,104,180,1,-1,-1,-1
117,23,1862,824,136,228,1,-1,-1,-1
118,4,1258,617,357,181,1,-1,-1,-1
118,9,406,580,276,232,1,-1,-1,-1
118,10,618,615,236,223,1,-1,-1,-1
118,12,653,591,164,227,1,-1,-1,-1
118,16,2310,637,172,107,1,-1,-1,-1
118,17,2283,569,308,216,1,-1,-1,-1
118,18,798,576,302,239,1,-1,-1,-1
118,20,176,632,231,185,1,-1,-1,-1
118,21,1124,618,148,176,1,-1,-1,-1
118,22,11,628,104,180,1,-1,-1,-1
118,23,1863,824,136,228,1,-1,-1,-1
119,4,1257,619,357,181,1,-1,-1,-1
119,9,409,580,276,232,1,-1,-1,-1
119,10,618,614,236,223,1,-1,-1,-1
119,12,654,591,164,227,1,-1,-1,-1
119,16,2314,636,172,107,1,-1,-1,-1
119,17,2283,565,308,216,1,-1,-1,-1
119,18,795,577,302,239,1,-1,-1,-1
119,20,177,635,231,185,1,-1,-1,-1
119,21,1130,619,148,176,1,-1,-1,-1
119,22,14,626,104,180,1,-1,-1,-1
119,23,1863,823,136,228,1,-1,-1,-1
120,4,1259,618,357,181,1,-1,-1,-1
120,9,412,577,276,232,1,-1,-1,-1
120,10,619,613,236,223,1,-1,-1,-1
120,12,654,589,164,227,1,-1,-1,-1
120,16,2319,634,172,107,1,-1,-1,-1
120,17,2287,566,308,216,1,-1,-1,-1
120,18,790,576,302,239,1,-1,-1,-1
120,20,178,631,231,185,1,-1,-1,-1
120,21,1133,619,148,176,1,-1,-1,-1
120,22,16,620,109,189,1,-1,-1,-1
120,23,1863,822,136,228,1,-1,-1,-1
121,4,1268,604,368,192,1,-1,-1,-1
121,9,456,540,236,272,1,-1,-1,-1
121,10,612,600,236,228,1,-1,-1,-1
121,12,654,589,164,227,1,-1,-1,-1
121,16,2319,634,172,107,1,-1,-1,-1
121,17,2287,566,308,216,1,-1,-1,-1
121,18,832,580,296,216,1,-1,-1,-1
121,20,228,600,164,208,1,-1,-1,-1
121,21,1133,619,148,176,1,-1,-1,-1
121,22,0,612,144,220,1,-1,-1,-1
121,23,1863,822,136,228,1,-1,-1,-1
121,24,2324,624,236,152,1,-1,-1,-1
121,25,2068,608,272,196,1,-1,-1,-1
122,4,1269,603,368,192,1,-1,-1,-1
122,9,461,538,236,272,1,-1,-1,-1
122,10,616,599,236,228,1,-1,-1,-1
122,12,658,591,156,216,1,-1,-1,-1
122,16,2335,629,172,107,1,-1,-1,-1
122,17,2293,563,308,216,1,-1,-1,-1
122,18,835,582,296,216,1,-1,-1,-1
122,20,232,603,164,208,1,-1,-1,-1
122,21,1138,622,141,168,1,-1,-1,-1
122,22,5,611,144,220,1,-1,-1,-1
122,23,1865,821,136,228,1,-1,-1,-1
122,24,2333,621,236,152,1,-1,-1,-1
122,25,2077,606,272,196,1,-1,-1,-1
123,4,1264,600,386,202,1,-1,-1,-1
123,9,464,539,236,272,1,-1,-1,-1
123,10,619,598,236,228,1,-1,-1,-1
123,12,663,590,156,216,1,-1,-1,-1
123,16,2341,627,172,107,1,-1,-1,-1
123,17,2296,560,308,216,1,-1,-1,-1
123,18,838,581,296,216,1,-1,-1,-1
123,20,236,606,164,208,1,-1,-1,-1
123,21,1148,618,141,168,1,-1,-1,-1
123,22,9,613,144,220,1,-1,-1,-1
123,23,1866,821,136,228,1,-1,-1,-1
123,24,2341,620,236,152,1,-1,-1,-1
123,25,2082,608,272,196,1,-1,-1,-1
124,4,1267,605,386,202,1,-1,-1,-1
124,9,469,538,236,272,1,-1,-1,-1
124,10,619,596,236,228,1,-1,-1,-1
124,12,666,589,156,216,1,-1,-1,-1
124,16,2348,625,172,107,1,-1,-1,-1
124,17,2312,559,308,216,1,-1,-1,-1
124,18,840,580,296,216,1,-1,-1,-1
124,20,239,605,164,208,1,-1,-1,-1
124,21,1154,624,134,160,1,-1,-1,-1
124,22,13,612,144,220,1,-1,-1,-1
124,23,1866,820,136,228,1,-1,-1,-1
124,24,2347,619,236,152,1,-1,-1,-1
124,25,2082,603,286,206,1,-1,-1,-1
125,4,1278,612,368,192,1,-1,-1,-1
125,9,471,537,236,272,1,-1,-1,-1
125,10,622,596,236,228,1,-1,-1,-1
125,12,671,596,149,206,1,-1,-1,-1
125,16,2355,625,172,107,1,-1,-1,-1
125,17,2312,554,308,216,1,-1,-1,-1
125,18,841,580,296,216,1,-1,-1,-1
125,20,240,603,164,208,1,-1,-1,-1
125,21,1154,625,134,160,1,-1,-1,-1
125,22,15,611,144,220,1,-1,-1,-1
125,23,1867,820,136,228,1,-1,-1,-1
125,24,2353,616,236,152,1,-1,-1,-1
125,25,2086,603,286,206,1,-1,-1,-1
126,4,1285,614,368,192,1,-1,-1,-1
126,9,480,538,236,272,1,-1,-1,-1
126,10,637,602,225,217,1,-1,-1,-1
126,12,674,595,149,206,1,-1,-1,-1
126,16,2371,621,172,107,1,-1,-1,-1
126,17,2250,576,308,216,1,-1,-1,-1
126,18,845,579,296,216,1,-1,-1,-1
126,20,245,603,164,208,1,-1,-1,-1
126,21,1157,622,141,168,1,-1,-1,-1
126,22,20,611,144,220,1,-1,-1,-1
126,23,1868,820,136,228,1,-1,-1,-1
126,24,2370,612,236,152,1,-1,-1,-1
126,25,2103,600,286,206,1,-1,-1,-1
127,4,1292,619,368,192,1,-1,-1,-1
127,9,485,539,236,272,1,-1,-1,-1
127,10,638,605,225,217,1,-1,-1,-1
127,12,673,595,149,206,1,-1,-1,-1
127,16,2379,619,172,107,1,-1,-1,-1
127,17,2239,575,308,216,1,-1,-1,-1
127,18,848,580,296,216,1,-1,-1,-1
127,20,248,603,164,208,1,-1,-1,-1
127,21,1159,628,141,168,1,-1,-1,-1
127,22,21,614,144,220,1,-1,-1,-1
127,23,1868,820,136,228,1,-1,-1,-1
127,24,2377,610,236,152,1,-1,-1,-1
127,25,2109,602,286,206,1,-1,-1,-1
128,4,1312,625,350,183,1,-1,-1,-1
128,9,486,540,236,272,1,-1,-1,-1
128,10,639,604,225,217,1,-1,-1,-1
128,12,672,594,149,206,1,-1,-1,-1
128,16,2388,620,172,107,1,-1,-1,-1
128,17,2237,574,308,216,1,-1,-1,-1
128,18,854,579,296,216,1,-1,-1,-1
128,20,250,604,164,208,1,-1,-1,-1
128,21,1174,634,134,160,1,-1,-1,-1
128,22,22,614,144,220,1,-1,-1,-1
128,23,1869,819,136,228,1,-1,-1,-1
128,24,2384,607,236,152,1,-1,-1,-1
128,25,2112,602,286,206,1,-1,-1,-1
129,4,1332,620,372,176,1,-1,-1,-1
129,9,516,564,196,244,1,-1,-1,-1
129,10,660,564,228,240,1,-1,-1,-1
129,12,672,594,149,206,1,-1,-1,-1
129,16,2396,612,164,164,1,-1,-1,-1
129,17,2237,574,308,216,1,-1,-1,-1
129,18,840,576,320,216,1,-1,-1,-1
129,20,264,624,148,184,1,-1,-1,-1
129,21,1174,634,134,160,1,-1,-1,-1
129,22,0,620,204,216,1,-1,-1,-1
129,23,1840,816,168,228,1,-1,-1,-1
129,24,2384,607,236,152,1,-1,-1,-1
129,25,2124,628,284,160,1,-1,-1,-1
130,4,1346,621,372,176,1,-1,-1,-1
130,9,520,563,196,244,1,-1,-1,-1
130,10,667,562,228,240,1,-1,-1,-1
130,12,669,596,149,206,1,-1,-1,-1
130,16,2409,610,164,164,1,-1,-1,-1
130,17,2238,565,323,227,1,-1,-1,-1
130,18,847,576,320,216,1,-1,-1,-1
130,20,269,625,148,184,1,-1,-1,-1
130,21,1203,637,134,160,1,-1,-1,-1
130,22,4,619,204,216,1,-1,-1,-1
130,23,1841,816,168,228,1,-1,-1,-1
130,24,2409,608,236,152,1,-1,-1,-1
130,25,2125,622,298,168,1,-1,-1,-1
131,4,1351,620,372,176,1,-1,-1,-1
131,9,529,568,187,232,1,-1,-1,-1
131,10,670,563,228,240,1,-1,-1,-1
131,12,669,598,149,206,1,-1,-1,-1
131,16,2417,610,164,164,1,-1,-1,-1
131,17,2244,563,323,227,1,-1,-1,-1
131,18,851,577,320,216,1,-1,-1,-1
131,20,277,629,141,175,1,-1,-1,-1
131,21,1211,643,134,160,1,-1,-1,-1
131,22,5,619,204,216,1,-1,-1,-1
131,23,1842,816,168,228,1,-1,-1,-1
131,24,2416,611,236,152,1,-1,-1,-1
131,25,2133,620,298,168,1,-1,-1,-1
132,4,1348,612,391,185,1,-1,-1,-1
132,9,536,567,187,232,1,-1,-1,-1
132,10,671,564,228,240,1,-1,-1,-1
132,12,665,593,156,216,1,-1,-1,-1
132,16,2427,607,164,164,1,-1,-1,-1
132,17,2248,563,323,227,1,-1,-1,-1
132,18,852,578,320,216,1,-1,-1,-1
132,20,279,628,141,175,1,-1,-1,-1
132,21,1210,648,134,160,1,-1,-1,-1
132,22,7,619,204,216,1,-1,-1,-1
132,23,1843,816,168,228,1,-1,-1,-1
132,24,2427,610,236,152,1,-1,-1,-1
132,25,2137,618,298,168,1,-1,-1,-1
133,4,1352,608,391,185,1,-1,-1,-1
133,9,533,569,187,232,1,-1,-1,-1
133,10,662,559,239,252,1,-1,-1,-1
133,12,668,592,156,216,1,-1,-1,-1
133,16,2436,604,164,164,1,-1,-1,-1
133,17,2256,561,323,227,1,-1,-1,-1
133,18,852,580,320,216,1,-1,-1,-1
133,20,282,628,141,175,1,-1,-1,-1
133,22,8,620,204,216,1,-1,-1,-1
133,23,1843,816,168,228,1,-1,-1,-1
133,24,2433,610,236,152,1,-1,-1,-1
133,25,2140,616,298,168,1,-1,-1,-1
134,4,1364,605,391,185,1,-1,-1,-1
134,9,528,563,196,244,1,-1,-1,-1
134,10,660,558,239,252,1,-1,-1,-1
134,12,667,591,156,216,1,-1,-1,-1
134,16,2447,603,164,164,1,-1,-1,-1
134,17,2249,561,323,227,1,-1,-1,-1
134,18,852,581,320,216,1,-1,-1,-1
134,20,283,625,148,184,1,-1,-1,-1
134,22,11,619,204,216,1,-1,-1,-1
134,23,1842,814,168,228,1,-1,-1,-1
134,24,2439,615,236,152,1,-1,-1,-1
134,25,2156,617,284,160,1,-1,-1,-1
135,4,1378,608,372,176,1,-1,-1,-1
135,9,531,558,196,244,1,-1,-1,-1
135,10,660,557,239,252,1,-1,-1,-1
135,12,662,588,156,216,1,-1,-1,-1
135,16,2454,605,164,164,1,-1,-1,-1
135,17,2244,563,323,227,1,-1,-1,-1
135,18,843,577,336,227,1,-1,-1,-1
135,20,288,624,148,184,1,-1,-1,-1
135,22,13,620,204,216,1,-1,-1,-1
135,23,1843,815,168,228,1,-1,-1,-1
135,24,2437,610,248,160,1,-1,-1,-1
135,25,2152,611,298,168,1,-1,-1,-1
136,4,1392,609,372,176,1,-1,-1,-1
136,9,535,557,196,244,1,-1,-1,-1
136,10,658,557,239,252,1,-1,-1,-1
136,12,660,583,164,227,1,-1,-1,-1
136,16,2461,603,164,164,1,-1,-1,-1
136,17,2241,563,323,227,1,-1,-1,-1
136,18,848,577,336,227,1,-1,-1,-1
136,20,287,620,155,193,1,-1,-1,-1
136,22,17,620,204,216,1,-1,-1,-1
136,23,1843,815,168,228,1,-1,-1,-1
136,24,2440,608,248,160,1,-1,-1,-1
136,25,2155,609,298,168,1,-1,-1,-1
137,4,1408,600,384,184,1,-1,-1,-1
137,9,556,600,200,208,1,-1,-1,-1
137,10,672,560,300,248,1,-1,-1,-1
137,12,660,583,164,227,1,-1,-1,-1
137,16,2472,604,88,164,1,-1,-1,-1
137,17,2241,563,323,227,1,-1,-1,-1
137,18,880,576,300,232,1,-1,-1,-1
137,20,296,616,168,172,1,-1,-1,-1
137,22,0,628,244,212,1,-1,-1,-1
137,23,1868,808,140,232,1,-1,-1,-1
137,24,2440,608,248,160,1,-1,-1,-1
137,25,2152,608,324,176,1,-1,-1,-1
138,4,1416,597,384,184,1,-1,-1,-1
138,9,561,601,200,208,1,-1,-1,-1
138,10,672,559,300,248,1,-1,-1,-1
138,12,662,580,164,227,1,-1,-1,-1
138,16,2488,603,88,164,1,-1,-1,-1
138,17,2235,563,323,227,1,-1,-1,-1
138,18,883,577,300,232,1,-1,-1,-1
138,20,302,616,168,172,1,-1,-1,-1
138,22,4,629,244,212,1,-1,-1,-1
138,23,1867,808,140,232,1,-1,-1,-1
138,25,2159,609,324,176,1,-1,-1,-1
139,4,1420,596,384,184,1,-1,-1,-1
139,9,563,602,200,208,1,-1,-1,-1
139,10,677,563,300,248,1,-1,-1,-1
139,12,659,574,172,238,1,-1,-1,-1
139,16,2493,605,88,164,1,-1,-1,-1
139,17,2229,565,323,227,1,-1,-1,-1
139,18,885,579,300,232,1,-1,-1,-1
139,20,305,615,168,172,1,-1,-1,-1
139,22,9,629,244,212,1,-1,-1,-1
139,23,1866,809,140,232,1,-1,-1,-1
139,25,2164,608,324,176,1,-1,-1,-1
140,4,1425,594,384,184,1,-1,-1,-1
140,9,565,602,200,208,1,-1,-1,-1
140,10,665,557,315,260,1,-1,-1,-1
140,12,659,569,172,238,1,-1,-1,-1
140,16,2503,599,92,172,1,-1,-1,-1
140,17,2227,564,323,227,1,-1,-1,-1
140,18,886,581,300,232,1,-1,-1,-1
140,20,304,610,176,181,1,-1,-1,-1
140,22,11,629,244,212,1,-1,-1,-1
140,23,1865,809,140,232,1,-1,-1,-1
140,25,2170,608,324,176,1,-1,-1,-1
141,4,1415,589,403,193,1,-1,-1,-1
141,9,566,603,200,208,1,-1,-1,-1
141,10,671,557,315,260,1,-1,-1,-1
141,12,661,572,172,238,1,-1,-1,-1
141,16,2508,598,92,172,1,-1,-1,-1
141,17,2226,564,323,227,1,-1,-1,-1
141,18,884,582,300,232,1,-1,-1,-1
141,20,309,608,176,181,1,-1,-1,-1
141,22,12,628,244,212,1,-1,-1,-1
141,23,1865,809,140,232,1,-1,-1,-1
141,25,2171,608,324,176,1,-1,-1,-1
142,4,1416,588,403,193,1,-1,-1,-1
142,9,570,602,200,208,1,-1,-1,-1
142,10,674,566,300,248,1,-1,-1,-1
142,12,653,578,172,238,1,-1,-1,-1
142,16,2520,597,97,181,1,-1,-1,-1
142,17,2216,559,340,238,1,-1,-1,-1
142,18,880,579,300,232,1,-1,-1,-1
142,20,314,609,176,181,1,-1,-1,-1
142,22,18,628,244,212,1,-1,-1,-1
142,23,1864,807,140,232,1,-1,-1,-1
142,25,2173,604,340,185,1,-1,-1,-1
143,4,1415,587,403,193,1,-1,-1,-1
143,9,571,601,200,208,1,-1,-1,-1
143,10,671,555,315,260,1,-1,-1,-1
143,12,648,578,172,238,1,-1,-1,-1
143,16,2523,588,97,181,1,-1,-1,-1
143,17,2220,561,340,238,1,-1,-1,-1
143,18,882,579,300,232,1,-1,-1,-1
143,20,318,610,176,181,1,-1,-1,-1
143,22,17,629,244,212,1,-1,-1,-1
143,23,1862,806,140,232,1,-1,-1,-1
143,25,2178,603,340,185,1,-1,-1,-1
144,4,1418,587,403,193,1,-1,-1,-1
144,9,572,601,200,208,1,-1,-1,-1
144,10,670,556,315,260,1,-1,-1,-1
144,12,637,577,172,238,1,-1,-1,-1
144,16,2526,591,92,172,1,-1,-1,-1
144,17,2227,561,340,238,1,-1,-1,-1
144,18,884,579,300,232,1,-1,-1,-1
144,20,319,605,185,190,1,-1,-1,-1
144,22,8,622,256,223,1,-1,-1,-1
144,23,1860,807,140,232,1,-1,-1,-1
144,25,2172,598,357,194,1,-1,-1,-1
145,4,1464,592,360,200,1,-1,-1,-1
145,9,576,556,196,260,1,-1,-1,-1
145,10,720,528,288,292,1,-1,-1,-1
145,12,637,577,172,238,1,-1,-1,-1
145,16,2526,591,92,172,1,-1,-1,-1
145,17,2227,561,340,238,1,-1,-1,-1
145,18,908,596,292,212,1,-1,-1,-1
145,20,312,604,220,212,1,-1,-1,-1
145,22,48,604,244,216,1,-1,-1,-1
145,23,1848,812,156,220,1,-1,-1,-1
145,25,2180,608,368,184,1,-1,-1,-1
146,4,1467,592,360,200,1,-1,-1,-1
146,9,582,560,187,248,1,-1,-1,-1
146,10,722,529,288,292,1,-1,-1,-1
146,12,631,576,172,238,1,-1,-1,-1
146,16,2527,587,92,172,1,-1,-1,-1
146,17,2229,560,340,238,1,-1,-1,-1
146,18,911,595,292,212,1,-1,-1,-1
146,20,317,603,220,212,1,-1,-1,-1
146,22,54,607,244,216,1,-1,-1,-1
146,23,1848,811,156,220,1,-1,-1,-1
146,25,2182,609,368,184,1,-1,-1,-1
147,4,1460,588,378,210,1,-1,-1,-1
147,9,585,559,187,248,1,-1,-1,-1
147,10,726,528,288,292,1,-1,-1,-1
147,12,629,576,172,238,1,-1,-1,-1
147,16,2536,590,92,172,1,-1,-1,-1
147,17,2231,560,340,238,1,-1,-1,-1
147,18,914,595,292,212,1,-1,-1,-1
147,20,322,603,220,212,1,-1,-1,-1
147,22,62,609,244,216,1,-1,-1,-1
147,23,1849,810,156,220,1,-1,-1,-1
147,25,2187,609,368,184,1,-1,-1,-1
