1,0,1004,644,280,400,1,-1,-1,-1
1,1,1940,568,228,392,1,-1,-1,-1
1,2,1520,612,196,336,1,-1,-1,-1
1,3,1656,596,212,356,1,-1,-1,-1
1,4,1392,624,200,324,1,-1,-1,-1
1,5,1820,592,124,308,1,-1,-1,-1
2,0,1004,640,280,400,1,-1,-1,-1
2,1,1946,568,228,392,1,-1,-1,-1
2,2,1523,615,196,336,1,-1,-1,-1
2,3,1662,599,212,356,1,-1,-1,-1
2,4,1394,625,200,324,1,-1,-1,-1
2,5,1828,594,124,308,1,-1,-1,-1
3,0,1005,640,280,400,1,-1,-1,-1
3,1,1961,566,228,392,1,-1,-1,-1
3,2,1526,621,196,336,1,-1,-1,-1
3,3,1677,611,212,356,1,-1,-1,-1
3,4,1394,628,200,324,1,-1,-1,-1
3,5,1847,605,124,308,1,-1,-1,-1
4,0,994,640,280,400,1,-1,-1,-1
4,1,1974,564,228,392,1,-1,-1,-1
4,2,1528,628,196,336,1,-1,-1,-1
4,3,1687,618,212,356,1,-1,-1,-1
4,4,1391,633,200,324,1,-1,-1,-1
5,0,989,640,280,400,1,-1,-1,-1
5,1,1987,569,217,373,1,-1,-1,-1
5,2,1529,639,196,336,1,-1,-1,-1
5,3,1692,620,212,356,1,-1,-1,-1
5,4,1396,636,200,324,1,-1,-1,-1
6,0,985,649,280,400,1,-1,-1,-1
6,1,1997,577,207,356,1,-1,-1,-1
6,3,1692,616,212,356,1,-1,-1,-1
6,4,1391,635,200,324,1,-1,-1,-1
7,0,983,659,280,400,1,-1,-1,-1
7,1,2003,567,217,373,1,-1,-1,-1
7,3,1683,605,223,374,1,-1,-1,-1
7,4,1391,633,200,324,1,-1,-1,-1
8,0,981,665,280,400,1,-1,-1,-1
8,1,2011,569,217,373,1,-1,-1,-1
8,3,1678,597,234,392,1,-1,-1,-1
8,4,1397,632,200,324,1,-1,-1,-1
9,0,960,688,280,364,1,-1,-1,-1
9,1,2040,636,172,328,1,-1,-1,-1
9,3,1652,604,228,304,1,-1,-1,-1
9,4,1388,616,172,300,1,-1,-1,-1
9,6,1212,644,320,356,1,-1,-1,-1
9,7,1912,664,156,300,1,-1,-1,-1
9,8,1528,672,248,320,1,-1,-1,-1
10,0,956,687,280,364,1,-1,-1,-1
10,1,2044,644,172,328,1,-1,-1,-1
10,3,1646,594,239,319,1,-1,-1,-1
10,4,1387,615,172,300,1,-1,-1,-1
10,6,1202,639,336,374,1,-1,-1,-1
10,7,1916,661,156,300,1,-1,-1,-1
10,8,1525,667,248,320,1,-1,-1,-1
11,0,948,685,280,364,1,-1,-1,-1
11,1,2050,652,172,328,1,-1,-1,-1
11,3,1648,596,239,319,1,-1,-1,-1
11,4,1386,615,172,300,1,-1,-1,-1
11,6,1198,637,336,374,1,-1,-1,-1
11,7,1924,666,149,286,1,-1,-1,-1
11,8,1525,666,248,320,1,-1,-1,-1
12,0,937,671,294,382,1,-1,-1,-1
12,1,2053,660,172,328,1,-1,-1,-1
12,3,1647,597,239,319,1,-1,-1,-1
12,4,1380,617,172,300,1,-1,-1,-1
12,6,1200,647,320,356,1,-1,-1,-1
12,7,1924,668,149,286,1,-1,-1,-1
12,8,1517,671,248,320,1,-1,-1,-1
13,0,933,663,294,382,1,-1,-1,-1
13,1,2050,677,172,328,1,-1,-1,-1
13,3,1638,607,239,319,1,-1,-1,-1
13,4,1373,622,172,300,1,-1,-1,-1
13,6,1195,648,320,356,1,-1,-1,-1
13,7,1920,677,149,286,1,-1,-1,-1
13,8,1517,681,236,305,1,-1,-1,-1
14,0,941,672,280,364,1,-1,-1,-1
14,1,2044,685,172,328,1,-1,-1,-1
14,3,1631,612,239,319,1,-1,-1,-1
14,4,1370,626,172,300,1,-1,-1,-1
14,6,1195,653,320,356,1,-1,-1,-1
14,7,1913,679,149,286,1,-1,-1,-1
14,8,1517,686,236,305,1,-1,-1,-1
15,0,940,670,280,364,1,-1,-1,-1
15,1,2038,696,164,312,1,-1,-1,-1
15,3,1620,622,239,319,1,-1,-1,-1
15,6,1192,656,320,356,1,-1,-1,-1
15,8,1504,693,236,305,1,-1,-1,-1
16,0,939,677,280,364,1,-1,-1,-1
16,1,2027,694,164,312,1,-1,-1,-1
16,3,1612,633,239,319,1,-1,-1,-1
17,0,944,680,320,364,1,-1,-1,-1
17,1,2012,708,228,292,1,-1,-1,-1
17,3,1596,664,332,324,1,-1,-1,-1
17,9,1876,680,168,288,1,-1,-1,-1
17,10,1192,676,256,308,1,-1,-1,-1
17,11,1484,672,172,328,1,-1,-1,-1
17,12,1368,668,164,300,1,-1,-1,-1
18,0,950,682,320,364,1,-1,-1,-1
18,1,2005,705,228,292,1,-1,-1,-1
18,3,1593,665,332,324,1,-1,-1,-1
18,9,1871,682,168,288,1,-1,-1,-1
18,10,1190,675,256,308,1,-1,-1,-1
18,11,1479,676,172,328,1,-1,-1,-1
18,12,1366,667,164,300,1,-1,-1,-1
19,0,947,682,320,364,1,-1,-1,-1
19,1,1994,697,228,292,1,-1,-1,-1
19,3,1578,665,332,324,1,-1,-1,-1
19,9,1851,679,176,302,1,-1,-1,-1
19,10,1182,679,256,308,1,-1,-1,-1
19,11,1468,680,172,328,1,-1,-1,-1
19,12,1362,669,164,300,1,-1,-1,-1
20,0,953,687,305,347,1,-1,-1,-1
20,1,1989,696,228,292,1,-1,-1,-1
20,3,1569,665,332,324,1,-1,-1,-1
20,9,1847,680,176,302,1,-1,-1,-1
20,10,1182,682,256,308,1,-1,-1,-1
20,11,1464,688,164,312,1,-1,-1,-1
20,12,1358,670,164,300,1,-1,-1,-1
21,0,951,683,305,347,1,-1,-1,-1
21,1,1975,687,239,307,1,-1,-1,-1
21,3,1559,663,332,324,1,-1,-1,-1
21,9,1844,688,168,288,1,-1,-1,-1
21,10,1181,686,256,308,1,-1,-1,-1
21,11,1456,687,164,312,1,-1,-1,-1
21,12,1356,673,164,300,1,-1,-1,-1
22,0,952,677,305,347,1,-1,-1,-1
22,1,1964,690,239,307,1,-1,-1,-1
22,3,1534,649,349,340,1,-1,-1,-1
22,9,1833,687,168,288,1,-1,-1,-1
22,10,1185,689,256,308,1,-1,-1,-1
22,11,1448,687,164,312,1,-1,-1,-1
23,0,958,676,305,347,1,-1,-1,-1
23,1,1960,692,239,307,1,-1,-1,-1
23,3,1532,657,332,324,1,-1,-1,-1
23,10,1186,692,256,308,1,-1,-1,-1
23,11,1447,684,164,312,1,-1,-1,-1
24,0,960,675,305,347,1,-1,-1,-1
24,1,1949,695,239,307,1,-1,-1,-1
24,3,1523,649,332,324,1,-1,-1,-1
24,10,1188,699,256,308,1,-1,-1,-1
25,0,960,664,256,340,1,-1,-1,-1
25,1,1932,700,232,316,1,-1,-1,-1
25,3,1504,644,244,300,1,-1,-1,-1
25,10,1192,660,292,328,1,-1,-1,-1
25,13,1812,704,160,216,1,-1,-1,-1
25,14,1360,664,232,288,1,-1,-1,-1
26,0,970,675,244,324,1,-1,-1,-1
26,1,1930,702,232,316,1,-1,-1,-1
26,3,1501,645,244,300,1,-1,-1,-1
26,10,1192,660,292,328,1,-1,-1,-1
26,13,1808,703,160,216,1,-1,-1,-1
26,14,1359,663,232,288,1,-1,-1,-1
27,0,979,679,244,324,1,-1,-1,-1
27,1,1930,712,221,301,1,-1,-1,-1
27,3,1501,650,232,286,1,-1,-1,-1
27,10,1194,656,292,328,1,-1,-1,-1
27,13,1792,702,168,227,1,-1,-1,-1
27,14,1359,661,232,288,1,-1,-1,-1
28,0,984,681,244,324,1,-1,-1,-1
28,1,1912,711,221,301,1,-1,-1,-1
28,3,1498,650,232,286,1,-1,-1,-1
28,10,1194,656,292,328,1,-1,-1,-1
28,13,1784,705,168,227,1,-1,-1,-1
28,14,1359,662,221,274,1,-1,-1,-1
29,0,983,678,244,324,1,-1,-1,-1
29,1,1905,714,221,301,1,-1,-1,-1
29,3,1485,645,244,300,1,-1,-1,-1
29,10,1197,654,292,328,1,-1,-1,-1
29,13,1780,707,168,227,1,-1,-1,-1
29,14,1357,660,221,274,1,-1,-1,-1
30,0,982,674,244,324,1,-1,-1,-1
30,1,1902,716,210,287,1,-1,-1,-1
30,3,1481,645,244,300,1,-1,-1,-1
30,10,1203,647,292,328,1,-1,-1,-1
30,13,1772,710,168,227,1,-1,-1,-1
31,0,986,677,232,308,1,-1,-1,-1
31,3,1473,650,244,300,1,-1,-1,-1
31,13,1761,714,168,227,1,-1,-1,-1
32,0,986,674,232,308,1,-1,-1,-1
32,3,1476,652,244,300,1,-1,-1,-1
32,13,1758,715,168,227,1,-1,-1,-1
33,0,992,696,304,276,1,-1,-1,-1
33,3,1476,652,244,300,1,-1,-1,-1
33,13,1752,736,152,204,1,-1,-1,-1
33,15,1240,708,212,220,1,-1,-1,-1
33,16,1852,692,200,260,1,-1,-1,-1
34,0,1006,694,304,276,1,-1,-1,-1
34,3,1477,643,244,300,1,-1,-1,-1
34,13,1746,735,152,204,1,-1,-1,-1
34,15,1243,708,212,220,1,-1,-1,-1
34,16,1840,682,210,273,1,-1,-1,-1
35,0,1009,696,304,276,1,-1,-1,-1
35,3,1475,640,244,300,1,-1,-1,-1
35,13,1740,733,152,204,1,-1,-1,-1
35,15,1244,708,212,220,1,-1,-1,-1
35,16,1835,680,210,273,1,-1,-1,-1
36,0,1013,700,290,263,1,-1,-1,-1
36,3,1468,637,244,300,1,-1,-1,-1
36,13,1731,729,152,204,1,-1,-1,-1
36,15,1246,710,212,220,1,-1,-1,-1
36,16,1827,679,210,273,1,-1,-1,-1
37,0,1013,706,290,263,1,-1,-1,-1
37,13,1723,719,160,214,1,-1,-1,-1
37,15,1251,715,212,220,1,-1,-1,-1
37,16,1815,678,210,273,1,-1,-1,-1
38,0,1010,710,290,263,1,-1,-1,-1
38,15,1255,719,212,220,1,-1,-1,-1
38,16,1810,682,210,273,1,-1,-1,-1
39,15,1266,731,202,210,1,-1,-1,-1
39,16,1813,680,210,273,1,-1,-1,-1
40,16,1808,684,210,273,1,-1,-1,-1
41,16,1800,712,236,240,1,-1,-1,-1
41,17,1020,732,268,240,1,-1,-1,-1
41,18,1700,712,136,200,1,-1,-1,-1
41,19,1280,728,216,216,1,-1,-1,-1
41,20,1460,684,208,224,1,-1,-1,-1
42,16,1801,717,225,229,1,-1,-1,-1
42,17,1025,731,268,240,1,-1,-1,-1
42,18,1689,712,136,200,1,-1,-1,-1
42,19,1287,728,216,216,1,-1,-1,-1
42,20,1459,686,208,224,1,-1,-1,-1
43,16,1785,715,225,229,1,-1,-1,-1
43,17,1020,734,268,240,1,-1,-1,-1
43,18,1680,720,130,190,1,-1,-1,-1
43,20,1455,688,208,224,1,-1,-1,-1
44,16,1779,713,225,229,1,-1,-1,-1
44,17,1019,736,268,240,1,-1,-1,-1
44,18,1677,721,130,190,1,-1,-1,-1
44,20,1455,691,208,224,1,-1,-1,-1
45,16,1769,713,225,229,1,-1,-1,-1
45,17,1024,741,268,240,1,-1,-1,-1
45,18,1675,729,123,181,1,-1,-1,-1
45,20,1457,698,198,213,1,-1,-1,-1
46,18,1663,735,123,181,1,-1,-1,-1
46,20,1457,704,198,213,1,-1,-1,-1
47,18,1657,735,123,181,1,-1,-1,-1
47,20,1461,712,189,203,1,-1,-1,-1
48,18,1653,739,123,181,1,-1,-1,-1
48,20,1462,716,189,203,1,-1,-1,-1
49,18,1653,739,123,181,1,-1,-1,-1
49,20,1462,716,189,203,1,-1,-1,-1
49,21,1024,744,272,228,1,-1,-1,-1
49,22,1732,724,184,196,1,-1,-1,-1
49,23,1276,740,168,184,1,-1,-1,-1
50,18,1651,736,123,181,1,-1,-1,-1
50,21,1029,743,272,228,1,-1,-1,-1
50,22,1735,724,184,196,1,-1,-1,-1
50,23,1278,741,168,184,1,-1,-1,-1
51,21,1031,740,272,228,1,-1,-1,-1
51,22,1731,722,193,206,1,-1,-1,-1
51,23,1282,746,168,184,1,-1,-1,-1
52,21,1018,735,286,239,1,-1,-1,-1
52,22,1730,724,193,206,1,-1,-1,-1
52,23,1286,751,160,175,1,-1,-1,-1
53,22,1729,727,193,206,1,-1,-1,-1
53,23,1287,753,160,175,1,-1,-1,-1
54,22,1732,734,184,196,1,-1,-1,-1
57,24,1456,720,224,184,1,-1,-1,-1
58,24,1458,724,224,184,1,-1,-1,-1
59,24,1457,726,224,184,1,-1,-1,-1
60,24,1457,729,224,184,1,-1,-1,-1
61,24,1455,732,224,184,1,-1,-1,-1
62,24,1455,735,224,184,1,-1,-1,-1
63,24,1449,737,224,184,1,-1,-1,-1
64,24,1437,736,224,184,1,-1,-1,-1
65,24,1437,736,224,184,1,-1,-1,-1
65,25,1648,748,256,204,1,-1,-1,-1
65,26,948,772,236,244,1,-1,-1,-1
66,25,1647,749,256,204,1,-1,-1,-1
66,26,951,771,236,244,1,-1,-1,-1
67,25,1640,743,269,214,1,-1,-1,-1
67,26,939,778,225,232,1,-1,-1,-1
68,25,1635,746,269,214,1,-1,-1,-1
68,26,946,785,214,221,1,-1,-1,-1
69,26,943,787,214,221,1,-1,-1,-1
73,27,1256,808,352,180,1,-1,-1,-1
74,27,1262,809,352,180,1,-1,-1,-1
75,27,1269,808,352,180,1,-1,-1,-1
81,28,1612,796,260,164,1,-1,-1,-1
81,29,936,868,212,120,1,-1,-1,-1
81,30,1284,824,256,116,1,-1,-1,-1
81,31,1512,804,116,136,1,-1,-1,-1
82,28,1609,795,273,172,1,-1,-1,-1
82,29,946,867,212,120,1,-1,-1,-1
82,30,1281,827,256,116,1,-1,-1,-1
82,31,1509,806,116,136,1,-1,-1,-1
83,28,1601,796,273,172,1,-1,-1,-1
83,30,1280,829,256,116,1,-1,-1,-1
83,31,1506,807,116,136,1,-1,-1,-1
84,28,1605,802,260,164,1,-1,-1,-1
97,32,984,952,264,132,1,-1,-1,-1
97,33,1672,764,260,156,1,-1,-1,-1
97,34,1284,812,312,160,1,-1,-1,-1
98,32,1000,948,264,132,1,-1,-1,-1
98,33,1688,762,260,156,1,-1,-1,-1
98,34,1298,813,312,160,1,-1,-1,-1
99,32,1023,941,264,132,1,-1,-1,-1
99,33,1691,755,273,164,1,-1,-1,-1
99,34,1309,809,312,160,1,-1,-1,-1
100,32,1052,930,264,132,1,-1,-1,-1
100,34,1330,802,312,160,1,-1,-1,-1
101,32,1067,919,277,139,1,-1,-1,-1
101,34,1339,796,312,160,1,-1,-1,-1
121,35,1080,660,248,152,1,-1,-1,-1
122,35,1067,663,248,152,1,-1,-1,-1
123,35,1040,671,248,152,1,-1,-1,-1
124,35,1007,680,248,152,1,-1,-1,-1
125,35,977,683,260,160,1,-1,-1,-1
126,35,950,692,260,160,1,-1,-1,-1
129,36,852,752,304,200,1,-1,-1,-1
129,37,2060,548,184,156,1,-1,-1,-1
129,38,1216,732,312,236,1,-1,-1,-1
129,39,1540,612,284,256,1,-1,-1,-1
129,40,1644,568,180,136,1,-1,-1,-1
129,41,16,44,2492,1200,1,-1,-1,-1
130,36,831,762,304,200,1,-1,-1,-1
130,37,2093,542,184,156,1,-1,-1,-1
130,38,1203,735,312,236,1,-1,-1,-1
130,39,1554,613,284,256,1,-1,-1,-1
130,40,1646,574,180,136,1,-1,-1,-1
130,41,42,27,2492,1200,1,-1,-1,-1
131,36,810,768,304,200,1,-1,-1,-1
131,37,2108,538,184,156,1,-1,-1,-1
131,38,1196,735,312,236,1,-1,-1,-1
131,39,1549,607,298,269,1,-1,-1,-1
131,40,1644,580,180,136,1,-1,-1,-1
131,41,50,21,2492,1200,1,-1,-1,-1
132,37,2139,531,184,156,1,-1,-1,-1
132,40,1644,586,180,136,1,-1,-1,-1
132,41,63,20,2492,1200,1,-1,-1,-1
133,37,2170,524,184,156,1,-1,-1,-1
133,41,136,11,2424,1200,1,-1,-1,-1
134,37,2197,523,175,149,1,-1,-1,-1
134,41,127,13,2433,1200,1,-1,-1,-1
135,37,2232,521,175,149,1,-1,-1,-1
135,41,216,36,2344,1143,1,-1,-1,-1
136,37,2269,514,175,149,1,-1,-1,-1
136,41,285,51,2275,1143,1,-1,-1,-1
137,37,2268,504,180,136,1,-1,-1,-1
137,41,285,51,2275,1143,1,-1,-1,-1
137,42,664,760,296,244,1,-1,-1,-1
137,43,972,812,360,196,1,-1,-1,-1
137,44,320,880,68,64,1,-1,-1,-1
138,37,2311,502,180,136,1,-1,-1,-1
138,42,657,769,296,244,1,-1,-1,-1
138,43,959,823,343,187,1,-1,-1,-1
139,37,2355,500,180,136,1,-1,-1,-1
139,42,623,783,296,244,1,-1,-1,-1
140,37,2377,499,180,136,1,-1,-1,-1
140,42,612,790,296,244,1,-1,-1,-1
141,42,598,799,296,244,1,-1,-1,-1
142,42,569,806,296,244,1,-1,-1,-1
169,45,2356,388,136,88,1,-1,-1,-1
169,46,920,1036,128,124,1,-1,-1,-1
169,47,1924,376,48,36,1,-1,-1,-1
170,45,2358,393,136,88,1,-1,-1,-1
170,46,971,1047,128,124,1,-1,-1,-1
171,45,2359,403,136,88,1,-1,-1,-1
171,46,1020,1059,128,124,1,-1,-1,-1
172,45,2355,407,143,92,1,-1,-1,-1
172,46,1045,1067,128,124,1,-1,-1,-1
173,46,1098,1080,128,124,1,-1,-1,-1
174,46,1147,1098,128,124,1,-1,-1,-1
175,46,1170,1109,128,124,1,-1,-1,-1
176,46,1214,1126,128,124,1,-1,-1,-1
177,46,1214,1126,128,124,1,-1,-1,-1
185,48,264,292,72,44,1,-1,-1,-1
193,49,1164,736,140,140,1,-1,-1,-1
193,50,868,788,232,144,1,-1,-1,-1
193,51,2188,776,104,84,1,-1,-1,-1
193,52,1484,652,192,112,1,-1,-1,-1
193,53,1332,776,164,108,1,-1,-1,-1
193,54,788,680,128,112,1,-1,-1,-1
194,49,1166,736,140,140,1,-1,-1,-1
194,50,869,791,232,144,1,-1,-1,-1
194,52,1485,659,192,112,1,-1,-1,-1
194,53,1330,783,164,108,1,-1,-1,-1
194,54,792,680,128,112,1,-1,-1,-1
195,49,1168,743,140,140,1,-1,-1,-1
195,50,865,799,232,144,1,-1,-1,-1
195,52,1478,675,192,112,1,-1,-1,-1
195,53,1329,794,164,108,1,-1,-1,-1
195,54,793,676,128,112,1,-1,-1,-1
196,49,1170,748,140,140,1,-1,-1,-1
196,50,867,800,232,144,1,-1,-1,-1
196,52,1478,680,192,112,1,-1,-1,-1
196,53,1327,797,164,108,1,-1,-1,-1
196,54,793,674,128,112,1,-1,-1,-1
197,49,1172,751,140,140,1,-1,-1,-1
197,50,862,805,232,144,1,-1,-1,-1
197,53,1327,806,164,108,1,-1,-1,-1
198,49,1176,756,140,140,1,-1,-1,-1
198,50,865,812,232,144,1,-1,-1,-1
198,53,1324,813,164,108,1,-1,-1,-1
199,49,1177,758,140,140,1,-1,-1,-1
199,53,1323,815,164,108,1,-1,-1,-1
200,49,1177,764,140,140,1,-1,-1,-1
200,53,1319,819,164,108,1,-1,-1,-1
201,49,1172,780,160,128,1,-1,-1,-1
201,53,1319,819,164,108,1,-1,-1,-1
201,55,1472,680,168,160,1,-1,-1,-1
201,56,796,632,164,148,1,-1,-1,-1
201,57,852,816,172,148,1,-1,-1,-1
201,58,2092,804,140,120,1,-1,-1,-1
201,59,1384,772,184,164,1,-1,-1,-1
201,60,560,328,160,88,1,-1,-1,-1
202,49,1177,781,160,128,1,-1,-1,-1
202,53,1317,824,156,103,1,-1,-1,-1
202,55,1472,679,168,160,1,-1,-1,-1
202,56,800,629,164,148,1,-1,-1,-1
202,57,854,816,172,148,1,-1,-1,-1
202,58,2091,805,140,120,1,-1,-1,-1
202,59,1384,774,184,164,1,-1,-1,-1
202,60,578,329,160,88,1,-1,-1,-1
203,49,1177,783,160,128,1,-1,-1,-1
203,53,1316,824,156,103,1,-1,-1,-1
203,55,1473,678,168,160,1,-1,-1,-1
203,56,813,624,164,148,1,-1,-1,-1
203,57,854,819,172,148,1,-1,-1,-1
203,58,2086,810,140,120,1,-1,-1,-1
203,59,1385,777,184,164,1,-1,-1,-1
203,60,619,331,160,88,1,-1,-1,-1
204,49,1183,784,160,128,1,-1,-1,-1
204,53,1316,825,156,103,1,-1,-1,-1
204,55,1475,679,168,160,1,-1,-1,-1
204,56,817,611,164,148,1,-1,-1,-1
204,57,859,823,172,148,1,-1,-1,-1
204,58,2077,817,140,120,1,-1,-1,-1
204,59,1387,781,184,164,1,-1,-1,-1
204,60,662,333,160,88,1,-1,-1,-1
205,49,1188,785,160,128,1,-1,-1,-1
205,53,1320,828,149,98,1,-1,-1,-1
205,55,1479,679,168,160,1,-1,-1,-1
205,56,826,611,164,148,1,-1,-1,-1
205,57,862,819,172,148,1,-1,-1,-1
205,58,2075,821,140,120,1,-1,-1,-1
205,59,1388,783,184,164,1,-1,-1,-1
205,60,682,334,160,88,1,-1,-1,-1
206,49,1194,786,152,122,1,-1,-1,-1
206,53,1320,829,149,98,1,-1,-1,-1
206,55,1484,682,168,160,1,-1,-1,-1
206,56,834,600,164,148,1,-1,-1,-1
206,57,861,807,181,155,1,-1,-1,-1
206,59,1391,783,184,164,1,-1,-1,-1
206,60,726,336,160,88,1,-1,-1,-1
207,53,1322,832,149,98,1,-1,-1,-1
207,56,848,599,164,148,1,-1,-1,-1
207,57,865,800,181,155,1,-1,-1,-1
207,59,1389,782,184,164,1,-1,-1,-1
207,60,772,339,152,84,1,-1,-1,-1
208,53,1323,836,149,98,1,-1,-1,-1
208,56,847,592,156,141,1,-1,-1,-1
208,57,866,798,181,155,1,-1,-1,-1
208,60,787,339,160,88,1,-1,-1,-1
209,53,1323,836,149,98,1,-1,-1,-1
209,56,888,564,116,148,1,-1,-1,-1
209,57,876,776,196,156,1,-1,-1,-1
209,60,787,339,160,88,1,-1,-1,-1
209,61,1500,660,128,120,1,-1,-1,-1
209,62,836,344,160,88,1,-1,-1,-1
209,63,1220,756,144,136,1,-1,-1,-1
210,56,902,555,116,148,1,-1,-1,-1
210,57,887,779,187,149,1,-1,-1,-1
210,60,872,341,160,88,1,-1,-1,-1
210,61,1502,652,128,120,1,-1,-1,-1
210,62,879,345,160,88,1,-1,-1,-1
210,63,1228,754,144,136,1,-1,-1,-1
211,56,908,550,116,148,1,-1,-1,-1
211,57,890,778,187,149,1,-1,-1,-1
211,60,896,343,160,88,1,-1,-1,-1
211,61,1504,650,128,120,1,-1,-1,-1
211,62,900,346,160,88,1,-1,-1,-1
211,63,1230,754,144,136,1,-1,-1,-1
212,56,924,549,110,141,1,-1,-1,-1
212,57,896,776,187,149,1,-1,-1,-1
212,60,938,346,160,88,1,-1,-1,-1
212,62,942,349,160,88,1,-1,-1,-1
212,63,1242,755,144,136,1,-1,-1,-1
213,56,937,547,110,141,1,-1,-1,-1
213,57,901,771,187,149,1,-1,-1,-1
213,60,979,349,160,88,1,-1,-1,-1
213,62,984,353,160,88,1,-1,-1,-1
213,63,1251,758,144,136,1,-1,-1,-1
214,56,947,544,110,141,1,-1,-1,-1
214,57,906,765,187,149,1,-1,-1,-1
214,60,999,350,160,88,1,-1,-1,-1
214,62,1003,355,160,88,1,-1,-1,-1
215,60,1046,355,152,84,1,-1,-1,-1
215,62,1045,358,160,88,1,-1,-1,-1
216,60,1081,356,160,88,1,-1,-1,-1
216,62,1084,361,160,88,1,-1,-1,-1
217,60,1081,356,160,88,1,-1,-1,-1
217,62,1084,361,160,88,1,-1,-1,-1
217,64,1496,604,184,132,1,-1,-1,-1
217,65,1444,820,160,152,1,-1,-1,-1
217,66,920,740,160,156,1,-1,-1,-1
217,67,1256,740,124,124,1,-1,-1,-1
217,68,2044,844,136,108,1,-1,-1,-1
217,69,1340,844,136,128,1,-1,-1,-1
217,70,960,520,144,156,1,-1,-1,-1
218,60,1140,364,160,88,1,-1,-1,-1
218,62,1145,368,160,88,1,-1,-1,-1
218,64,1508,603,175,126,1,-1,-1,-1
218,65,1451,820,160,152,1,-1,-1,-1
218,66,921,730,160,156,1,-1,-1,-1
218,67,1256,731,124,124,1,-1,-1,-1
218,68,2041,850,136,108,1,-1,-1,-1
218,69,1347,842,136,128,1,-1,-1,-1
218,70,979,525,137,149,1,-1,-1,-1
219,60,1177,366,168,92,1,-1,-1,-1
219,62,1185,371,160,88,1,-1,-1,-1
219,64,1507,599,175,126,1,-1,-1,-1
219,65,1457,814,160,152,1,-1,-1,-1
219,66,932,726,160,156,1,-1,-1,-1
219,67,1261,723,124,124,1,-1,-1,-1
219,68,2038,859,136,108,1,-1,-1,-1
219,70,992,522,137,149,1,-1,-1,-1
220,60,1196,369,168,92,1,-1,-1,-1
220,62,1203,375,160,88,1,-1,-1,-1
220,64,1511,596,175,126,1,-1,-1,-1
220,65,1458,812,160,152,1,-1,-1,-1
220,66,936,724,160,156,1,-1,-1,-1
220,67,1264,721,124,124,1,-1,-1,-1
220,68,2037,862,136,108,1,-1,-1,-1
220,70,1001,523,137,149,1,-1,-1,-1
221,60,1231,372,176,97,1,-1,-1,-1
221,62,1246,380,160,88,1,-1,-1,-1
221,64,1515,592,175,126,1,-1,-1,-1
221,65,1467,807,152,145,1,-1,-1,-1
221,66,949,723,160,156,1,-1,-1,-1
221,67,1269,716,130,130,1,-1,-1,-1
221,68,2031,864,143,113,1,-1,-1,-1
221,70,1015,519,137,149,1,-1,-1,-1
222,60,1273,376,176,97,1,-1,-1,-1
222,62,1285,386,160,88,1,-1,-1,-1
222,65,1473,804,152,145,1,-1,-1,-1
222,66,959,720,160,156,1,-1,-1,-1
222,68,2030,870,143,113,1,-1,-1,-1
222,70,1026,518,137,149,1,-1,-1,-1
223,60,1297,382,168,92,1,-1,-1,-1
223,62,1304,389,160,88,1,-1,-1,-1
223,65,1474,803,152,145,1,-1,-1,-1
223,66,963,718,160,156,1,-1,-1,-1
223,68,2029,872,143,113,1,-1,-1,-1
224,60,1332,383,176,97,1,-1,-1,-1
224,62,1345,392,160,88,1,-1,-1,-1
224,65,1475,799,152,145,1,-1,-1,-1
224,66,974,719,160,156,1,-1,-1,-1
224,68,2031,876,136,108,1,-1,-1,-1
225,60,1332,383,176,97,1,-1,-1,-1
225,62,1384,396,160,88,1,-1,-1,-1
225,65,1492,784,168,204,1,-1,-1,-1
225,66,980,684,156,172,1,-1,-1,-1
225,68,2032,872,136,136,1,-1,-1,-1
225,71,1080,508,116,136,1,-1,-1,-1
225,72,1544,556,140,156,1,-1,-1,-1
225,73,1300,704,132,124,1,-1,-1,-1
226,60,1395,390,176,97,1,-1,-1,-1
226,62,1403,398,160,88,1,-1,-1,-1
226,65,1498,785,168,204,1,-1,-1,-1
226,66,986,681,156,172,1,-1,-1,-1
226,68,2033,874,136,136,1,-1,-1,-1
226,71,1088,508,116,136,1,-1,-1,-1
226,72,1550,557,140,156,1,-1,-1,-1
226,73,1303,703,132,124,1,-1,-1,-1
227,60,1435,396,176,97,1,-1,-1,-1
227,62,1442,404,160,88,1,-1,-1,-1
227,65,1509,785,168,204,1,-1,-1,-1
227,66,995,674,156,172,1,-1,-1,-1
227,68,2029,879,136,136,1,-1,-1,-1
227,71,1102,509,116,136,1,-1,-1,-1
227,72,1552,554,140,156,1,-1,-1,-1
227,73,1310,697,132,124,1,-1,-1,-1
228,60,1473,400,176,97,1,-1,-1,-1
228,62,1479,409,160,88,1,-1,-1,-1
228,65,1522,781,168,204,1,-1,-1,-1
228,66,1000,669,156,172,1,-1,-1,-1
228,68,2029,885,136,136,1,-1,-1,-1
228,71,1116,511,116,136,1,-1,-1,-1
228,72,1556,559,133,149,1,-1,-1,-1
228,73,1315,696,132,124,1,-1,-1,-1
229,60,1492,404,176,97,1,-1,-1,-1
229,62,1499,412,160,88,1,-1,-1,-1
229,65,1526,776,168,204,1,-1,-1,-1
229,66,1005,667,156,172,1,-1,-1,-1
229,68,2028,888,136,136,1,-1,-1,-1
229,71,1125,513,116,136,1,-1,-1,-1
229,72,1560,561,133,149,1,-1,-1,-1
229,73,1318,693,132,124,1,-1,-1,-1
230,60,1528,408,176,97,1,-1,-1,-1
230,62,1535,416,160,88,1,-1,-1,-1
230,65,1526,759,168,204,1,-1,-1,-1
230,66,1013,661,156,172,1,-1,-1,-1
230,68,2024,893,136,136,1,-1,-1,-1
230,71,1135,513,116,136,1,-1,-1,-1
230,72,1561,556,133,149,1,-1,-1,-1
230,73,1324,689,132,124,1,-1,-1,-1
231,60,1567,411,176,97,1,-1,-1,-1
231,62,1574,420,160,88,1,-1,-1,-1
231,65,1542,753,168,204,1,-1,-1,-1
231,66,1023,659,156,172,1,-1,-1,-1
231,68,2024,897,136,136,1,-1,-1,-1
231,71,1151,508,116,136,1,-1,-1,-1
231,73,1333,687,132,124,1,-1,-1,-1
232,60,1585,416,176,97,1,-1,-1,-1
232,62,1592,424,160,88,1,-1,-1,-1
232,65,1543,747,168,204,1,-1,-1,-1
232,71,1156,506,116,136,1,-1,-1,-1
232,73,1338,688,126,118,1,-1,-1,-1
233,60,1585,416,176,97,1,-1,-1,-1
233,62,1592,424,160,88,1,-1,-1,-1
233,65,1552,748,128,144,1,-1,-1,-1
233,71,1164,508,148,148,1,-1,-1,-1
233,73,1344,680,148,120,1,-1,-1,-1
233,74,1580,564,132,128,1,-1,-1,-1
233,75,1036,676,188,172,1,-1,-1,-1
233,76,1636,432,160,96,1,-1,-1,-1
233,77,1404,796,160,116,1,-1,-1,-1
233,78,2024,924,136,128,1,-1,-1,-1
234,60,1658,429,176,97,1,-1,-1,-1
234,62,1664,436,160,88,1,-1,-1,-1
234,65,1559,744,128,144,1,-1,-1,-1
234,71,1179,508,148,148,1,-1,-1,-1
234,73,1353,679,148,120,1,-1,-1,-1
234,74,1583,560,132,128,1,-1,-1,-1
234,75,1047,678,188,172,1,-1,-1,-1
234,76,1667,433,168,101,1,-1,-1,-1
234,77,1412,796,160,116,1,-1,-1,-1
234,78,2021,926,136,128,1,-1,-1,-1
235,60,1676,431,176,97,1,-1,-1,-1
235,62,1683,439,160,88,1,-1,-1,-1
235,65,1563,743,128,144,1,-1,-1,-1
235,71,1186,507,148,148,1,-1,-1,-1
235,73,1352,676,148,120,1,-1,-1,-1
235,74,1585,558,132,128,1,-1,-1,-1
235,75,1050,674,188,172,1,-1,-1,-1
235,76,1685,437,168,101,1,-1,-1,-1
235,77,1406,787,168,122,1,-1,-1,-1
235,78,2022,927,136,128,1,-1,-1,-1
236,60,1712,435,176,97,1,-1,-1,-1
236,62,1718,443,160,88,1,-1,-1,-1
236,65,1571,740,128,144,1,-1,-1,-1
236,71,1199,504,148,148,1,-1,-1,-1
236,73,1360,673,148,120,1,-1,-1,-1
236,74,1592,557,132,128,1,-1,-1,-1
236,75,1059,671,188,172,1,-1,-1,-1
236,76,1722,443,168,101,1,-1,-1,-1
237,60,1750,440,176,97,1,-1,-1,-1
237,62,1757,448,160,88,1,-1,-1,-1
237,65,1581,735,128,144,1,-1,-1,-1
237,71,1213,502,148,148,1,-1,-1,-1
237,74,1595,553,132,128,1,-1,-1,-1
237,75,1080,675,179,164,1,-1,-1,-1
237,76,1759,446,168,101,1,-1,-1,-1
238,60,1772,445,168,92,1,-1,-1,-1
238,62,1776,451,160,88,1,-1,-1,-1
238,65,1583,733,128,144,1,-1,-1,-1
238,71,1218,501,148,148,1,-1,-1,-1
238,74,1597,551,132,128,1,-1,-1,-1
238,75,1079,668,188,172,1,-1,-1,-1
238,76,1777,450,168,101,1,-1,-1,-1
239,60,1804,448,176,97,1,-1,-1,-1
239,62,1810,456,160,88,1,-1,-1,-1
239,65,1591,732,128,144,1,-1,-1,-1
239,71,1231,505,148,148,1,-1,-1,-1
239,74,1604,550,132,128,1,-1,-1,-1
239,75,1084,660,188,172,1,-1,-1,-1
239,76,1809,452,176,106,1,-1,-1,-1
240,60,1840,453,176,97,1,-1,-1,-1
240,62,1845,463,160,88,1,-1,-1,-1
240,65,1598,729,128,144,1,-1,-1,-1
240,71,1244,509,141,141,1,-1,-1,-1
240,74,1610,550,132,128,1,-1,-1,-1
240,75,1096,660,179,164,1,-1,-1,-1
240,76,1845,460,176,106,1,-1,-1,-1
241,60,1840,453,176,97,1,-1,-1,-1
241,62,1845,463,160,88,1,-1,-1,-1
241,65,1596,732,140,164,1,-1,-1,-1
241,71,1252,512,116,144,1,-1,-1,-1
241,74,1608,552,156,136,1,-1,-1,-1
241,75,1100,652,144,152,1,-1,-1,-1
241,76,1868,468,160,104,1,-1,-1,-1
241,79,1424,740,164,144,1,-1,-1,-1
241,80,2004,892,148,176,1,-1,-1,-1
241,81,1408,652,104,104,1,-1,-1,-1
242,60,1892,467,168,92,1,-1,-1,-1
242,62,1893,473,160,88,1,-1,-1,-1
242,65,1607,733,140,164,1,-1,-1,-1
242,71,1260,517,116,144,1,-1,-1,-1
242,74,1609,552,156,136,1,-1,-1,-1
242,75,1103,650,144,152,1,-1,-1,-1
242,76,1898,473,160,104,1,-1,-1,-1
242,79,1430,737,164,144,1,-1,-1,-1
242,80,2010,895,148,176,1,-1,-1,-1
242,81,1411,650,104,104,1,-1,-1,-1
243,60,1921,471,168,92,1,-1,-1,-1
243,62,1924,477,160,88,1,-1,-1,-1
243,65,1606,727,133,156,1,-1,-1,-1
243,71,1266,518,116,144,1,-1,-1,-1
243,74,1607,552,156,136,1,-1,-1,-1
243,75,1108,653,137,145,1,-1,-1,-1
243,76,1925,475,168,109,1,-1,-1,-1
243,79,1433,734,164,144,1,-1,-1,-1
243,80,1998,891,148,176,1,-1,-1,-1
243,81,1413,647,104,104,1,-1,-1,-1
244,60,1935,474,168,92,1,-1,-1,-1
244,62,1938,480,160,88,1,-1,-1,-1
244,65,1609,726,133,156,1,-1,-1,-1
244,71,1270,522,110,137,1,-1,-1,-1
244,74,1608,552,156,136,1,-1,-1,-1
244,75,1109,654,137,145,1,-1,-1,-1
244,76,1939,477,168,109,1,-1,-1,-1
244,79,1432,733,164,144,1,-1,-1,-1
244,80,1994,884,155,185,1,-1,-1,-1
244,81,1412,647,104,104,1,-1,-1,-1
245,60,1952,475,176,97,1,-1,-1,-1
245,62,1961,484,160,88,1,-1,-1,-1
245,65,1616,723,127,149,1,-1,-1,-1
245,71,1273,521,110,137,1,-1,-1,-1
245,74,1605,553,156,136,1,-1,-1,-1
245,75,1109,653,137,145,1,-1,-1,-1
245,76,1961,482,168,109,1,-1,-1,-1
245,79,1436,734,156,137,1,-1,-1,-1
245,81,1409,645,104,104,1,-1,-1,-1
246,60,1978,480,176,97,1,-1,-1,-1
246,62,1984,489,160,88,1,-1,-1,-1
246,65,1614,717,127,149,1,-1,-1,-1
246,71,1274,521,110,137,1,-1,-1,-1
246,74,1595,548,164,143,1,-1,-1,-1
246,75,1107,655,137,145,1,-1,-1,-1
246,76,1984,487,168,109,1,-1,-1,-1
246,81,1408,644,104,104,1,-1,-1,-1
247,60,1995,485,168,92,1,-1,-1,-1
247,62,1998,491,160,88,1,-1,-1,-1
247,65,1615,712,127,149,1,-1,-1,-1
247,71,1274,520,110,137,1,-1,-1,-1
247,74,1591,547,164,143,1,-1,-1,-1
247,75,1106,656,137,145,1,-1,-1,-1
247,76,2001,491,160,104,1,-1,-1,-1
247,81,1407,645,104,104,1,-1,-1,-1
248,60,2015,490,168,92,1,-1,-1,-1
248,62,2018,495,160,88,1,-1,-1,-1
248,65,1614,708,127,149,1,-1,-1,-1
248,71,1277,517,110,137,1,-1,-1,-1
248,74,1583,541,164,143,1,-1,-1,-1
248,75,1106,657,137,145,1,-1,-1,-1
248,76,2021,497,160,104,1,-1,-1,-1
248,81,1403,641,104,104,1,-1,-1,-1
249,60,2015,490,168,92,1,-1,-1,-1
249,62,2018,495,160,88,1,-1,-1,-1
249,65,1620,692,108,140,1,-1,-1,-1
249,71,1276,508,116,136,1,-1,-1,-1
249,74,1584,548,128,120,1,-1,-1,-1
249,75,1108,664,164,148,1,-1,-1,-1
249,76,2040,500,164,104,1,-1,-1,-1
249,81,1403,641,104,104,1,-1,-1,-1
249,82,1968,848,112,144,1,-1,-1,-1
249,83,1404,648,136,180,1,-1,-1,-1
250,60,2046,494,168,92,1,-1,-1,-1
250,62,2049,500,160,88,1,-1,-1,-1
250,65,1620,691,108,140,1,-1,-1,-1
250,71,1275,508,116,136,1,-1,-1,-1
250,74,1579,547,128,120,1,-1,-1,-1
250,75,1109,665,164,148,1,-1,-1,-1
250,76,2049,501,164,104,1,-1,-1,-1
250,82,1966,847,112,144,1,-1,-1,-1
250,83,1405,651,130,171,1,-1,-1,-1
251,60,2063,499,168,92,1,-1,-1,-1
251,62,2061,502,168,92,1,-1,-1,-1
251,65,1611,686,113,147,1,-1,-1,-1
251,71,1270,505,116,136,1,-1,-1,-1
251,74,1571,550,122,114,1,-1,-1,-1
251,75,1103,665,164,148,1,-1,-1,-1
251,76,2065,504,164,104,1,-1,-1,-1
251,82,1952,836,112,144,1,-1,-1,-1
251,83,1400,653,123,163,1,-1,-1,-1
252,60,2081,503,168,92,1,-1,-1,-1
252,62,2081,505,168,92,1,-1,-1,-1
252,65,1606,683,113,147,1,-1,-1,-1
252,71,1268,503,116,136,1,-1,-1,-1
252,74,1562,552,122,114,1,-1,-1,-1
252,75,1097,663,164,148,1,-1,-1,-1
252,76,2085,508,164,104,1,-1,-1,-1
252,82,1945,831,107,137,1,-1,-1,-1
252,83,1394,650,123,163,1,-1,-1,-1
253,60,2094,504,168,92,1,-1,-1,-1
253,62,2093,507,168,92,1,-1,-1,-1
253,65,1605,680,113,147,1,-1,-1,-1
253,71,1266,503,116,136,1,-1,-1,-1
253,74,1559,553,122,114,1,-1,-1,-1
253,75,1093,660,164,148,1,-1,-1,-1
253,76,2098,509,164,104,1,-1,-1,-1
253,82,1939,826,107,137,1,-1,-1,-1
253,83,1392,649,123,163,1,-1,-1,-1
254,60,2112,507,168,92,1,-1,-1,-1
254,62,2111,511,168,92,1,-1,-1,-1
254,65,1601,677,113,147,1,-1,-1,-1
254,71,1264,504,116,136,1,-1,-1,-1
254,74,1550,554,122,114,1,-1,-1,-1
254,75,1088,657,172,155,1,-1,-1,-1
254,76,2115,512,164,104,1,-1,-1,-1
254,82,1930,819,102,131,1,-1,-1,-1
254,83,1387,648,123,163,1,-1,-1,-1
255,60,2130,510,168,92,1,-1,-1,-1
255,62,2133,516,160,88,1,-1,-1,-1
255,65,1598,676,113,147,1,-1,-1,-1
255,71,1263,507,116,136,1,-1,-1,-1
255,74,1542,556,122,114,1,-1,-1,-1
255,75,1086,653,172,155,1,-1,-1,-1
255,76,2133,515,164,104,1,-1,-1,-1
256,60,2141,512,168,92,1,-1,-1,-1
256,62,2148,521,152,84,1,-1,-1,-1
256,65,1595,675,113,147,1,-1,-1,-1
256,71,1263,508,116,136,1,-1,-1,-1
256,74,1537,557,122,114,1,-1,-1,-1
256,75,1084,651,172,155,1,-1,-1,-1
256,76,2143,518,164,104,1,-1,-1,-1
257,60,2141,512,168,92,1,-1,-1,-1
257,62,2148,521,152,84,1,-1,-1,-1
257,65,1592,680,132,140,1,-1,-1,-1
257,71,1252,508,120,136,1,-1,-1,-1
257,74,1528,548,144,136,1,-1,-1,-1
257,75,1076,648,128,140,1,-1,-1,-1
257,76,2143,518,164,104,1,-1,-1,-1
257,84,1368,628,128,188,1,-1,-1,-1
257,85,1916,812,108,120,1,-1,-1,-1
258,60,2178,523,168,92,1,-1,-1,-1
258,62,2181,525,160,88,1,-1,-1,-1
258,65,1592,678,132,140,1,-1,-1,-1
258,71,1255,508,120,136,1,-1,-1,-1
258,74,1526,548,144,136,1,-1,-1,-1
258,75,1074,650,128,140,1,-1,-1,-1
258,76,2180,528,164,104,1,-1,-1,-1
258,84,1366,627,128,188,1,-1,-1,-1
258,85,1915,809,108,120,1,-1,-1,-1
259,60,2192,524,168,92,1,-1,-1,-1
259,62,2195,528,160,88,1,-1,-1,-1
259,65,1591,676,132,140,1,-1,-1,-1
259,71,1256,509,120,136,1,-1,-1,-1
259,74,1525,548,144,136,1,-1,-1,-1
259,75,1072,652,128,140,1,-1,-1,-1
259,76,2194,530,164,104,1,-1,-1,-1
259,84,1364,626,128,188,1,-1,-1,-1
259,85,1908,805,108,120,1,-1,-1,-1
260,60,2212,528,168,92,1,-1,-1,-1
260,62,2215,533,160,88,1,-1,-1,-1
260,65,1591,670,132,140,1,-1,-1,-1
260,71,1258,507,120,136,1,-1,-1,-1
260,74,1521,542,144,136,1,-1,-1,-1
260,75,1067,653,128,140,1,-1,-1,-1
260,76,2214,534,164,104,1,-1,-1,-1
260,84,1365,626,128,188,1,-1,-1,-1
260,85,1902,799,103,114,1,-1,-1,-1
261,60,2234,532,168,92,1,-1,-1,-1
261,62,2233,536,168,92,1,-1,-1,-1
261,65,1592,663,132,140,1,-1,-1,-1
261,71,1261,502,120,136,1,-1,-1,-1
261,74,1518,538,144,136,1,-1,-1,-1
261,75,1066,659,128,140,1,-1,-1,-1
261,76,2237,537,164,104,1,-1,-1,-1
261,84,1365,627,128,188,1,-1,-1,-1
261,85,1902,797,103,114,1,-1,-1,-1
262,60,2247,534,168,92,1,-1,-1,-1
262,62,2247,537,168,92,1,-1,-1,-1
262,65,1593,664,132,140,1,-1,-1,-1
262,71,1262,499,120,136,1,-1,-1,-1
262,74,1514,536,144,136,1,-1,-1,-1
262,75,1068,661,128,140,1,-1,-1,-1
262,76,2250,540,164,104,1,-1,-1,-1
262,84,1367,628,122,179,1,-1,-1,-1
263,60,2266,538,168,92,1,-1,-1,-1
263,62,2266,542,168,92,1,-1,-1,-1
263,65,1592,663,132,140,1,-1,-1,-1
263,71,1264,498,120,136,1,-1,-1,-1
263,74,1510,534,144,136,1,-1,-1,-1
263,75,1064,664,128,140,1,-1,-1,-1
263,76,2269,544,164,104,1,-1,-1,-1
263,84,1365,630,116,171,1,-1,-1,-1
264,60,2287,544,168,92,1,-1,-1,-1
264,62,2280,545,176,97,1,-1,-1,-1
264,65,1588,666,132,140,1,-1,-1,-1
264,71,1265,499,120,136,1,-1,-1,-1
264,74,1503,537,144,136,1,-1,-1,-1
264,75,1062,667,128,140,1,-1,-1,-1
264,76,2289,551,164,104,1,-1,-1,-1
264,84,1363,628,116,171,1,-1,-1,-1
265,60,2287,544,168,92,1,-1,-1,-1
265,62,2280,545,176,97,1,-1,-1,-1
265,65,1596,668,104,144,1,-1,-1,-1
265,71,1280,500,92,132,1,-1,-1,-1
265,74,1504,544,112,120,1,-1,-1,-1
265,75,1060,636,164,172,1,-1,-1,-1
265,76,2300,556,168,92,1,-1,-1,-1
265,84,1363,628,116,171,1,-1,-1,-1
265,86,1876,764,108,144,1,-1,-1,-1
266,60,2314,550,168,92,1,-1,-1,-1
266,62,2315,554,168,92,1,-1,-1,-1
266,65,1595,669,104,144,1,-1,-1,-1
266,71,1280,502,92,132,1,-1,-1,-1
266,74,1500,545,112,120,1,-1,-1,-1
266,75,1062,637,164,172,1,-1,-1,-1
266,76,2318,559,168,92,1,-1,-1,-1
266,84,1354,623,122,179,1,-1,-1,-1
266,86,1875,763,108,144,1,-1,-1,-1
267,60,2327,553,176,97,1,-1,-1,-1
267,62,2332,560,168,92,1,-1,-1,-1
267,65,1593,671,104,144,1,-1,-1,-1
267,71,1280,505,92,132,1,-1,-1,-1
267,74,1493,548,112,120,1,-1,-1,-1
267,75,1053,634,164,172,1,-1,-1,-1
267,76,2336,566,168,92,1,-1,-1,-1
267,84,1348,623,122,179,1,-1,-1,-1
267,86,1860,750,113,151,1,-1,-1,-1
268,60,2336,555,176,97,1,-1,-1,-1
268,62,2340,563,168,92,1,-1,-1,-1
268,65,1592,670,104,144,1,-1,-1,-1
268,71,1277,503,97,139,1,-1,-1,-1
268,74,1491,550,112,120,1,-1,-1,-1
268,75,1051,634,164,172,1,-1,-1,-1
268,76,2346,567,168,92,1,-1,-1,-1
268,84,1346,624,122,179,1,-1,-1,-1
268,86,1856,746,119,159,1,-1,-1,-1
269,60,2355,560,176,97,1,-1,-1,-1
269,62,2359,567,168,92,1,-1,-1,-1
269,65,1592,672,99,137,1,-1,-1,-1
269,71,1277,506,97,139,1,-1,-1,-1
269,74,1487,556,112,120,1,-1,-1,-1
269,75,1049,635,164,172,1,-1,-1,-1
269,76,2361,570,176,97,1,-1,-1,-1
269,84,1350,630,116,171,1,-1,-1,-1
269,86,1852,744,119,159,1,-1,-1,-1
270,60,2377,564,176,97,1,-1,-1,-1
270,62,2379,571,168,92,1,-1,-1,-1
270,65,1591,672,99,137,1,-1,-1,-1
270,71,1277,508,97,139,1,-1,-1,-1
270,74,1484,558,112,120,1,-1,-1,-1
270,75,1047,637,164,172,1,-1,-1,-1
270,76,2380,574,176,97,1,-1,-1,-1
270,84,1351,632,116,171,1,-1,-1,-1
270,86,1851,742,119,159,1,-1,-1,-1
271,60,2389,567,171,97,1,-1,-1,-1
271,62,2393,574,167,92,1,-1,-1,-1
271,65,1591,669,99,137,1,-1,-1,-1
271,71,1281,508,97,139,1,-1,-1,-1
271,74,1485,559,112,120,1,-1,-1,-1
271,75,1047,639,164,172,1,-1,-1,-1
271,76,2398,580,162,92,1,-1,-1,-1
271,84,1352,633,116,171,1,-1,-1,-1
271,86,1850,745,119,159,1,-1,-1,-1
272,60,2409,572,151,97,1,-1,-1,-1
272,62,2414,578,146,92,1,-1,-1,-1
272,65,1589,667,99,137,1,-1,-1,-1
272,71,1283,507,97,139,1,-1,-1,-1
272,74,1482,562,112,120,1,-1,-1,-1
272,75,1042,639,164,172,1,-1,-1,-1
272,76,2417,583,143,92,1,-1,-1,-1
272,84,1356,635,116,171,1,-1,-1,-1
272,86,1848,739,119,159,1,-1,-1,-1
273,60,2409,572,151,97,1,-1,-1,-1
273,62,2414,578,146,92,1,-1,-1,-1
273,65,1572,652,124,136,1,-1,-1,-1
273,71,1284,508,104,124,1,-1,-1,-1
273,74,1480,540,112,132,1,-1,-1,-1
273,75,1040,668,124,144,1,-1,-1,-1
273,76,2417,583,143,92,1,-1,-1,-1
273,84,1348,652,128,144,1,-1,-1,-1
273,86,1848,748,100,124,1,-1,-1,-1
274,60,2444,575,116,97,1,-1,-1,-1
274,62,2446,581,114,92,1,-1,-1,-1
274,65,1570,651,124,136,1,-1,-1,-1
274,71,1284,507,104,124,1,-1,-1,-1
274,74,1478,539,112,132,1,-1,-1,-1
274,75,1038,670,124,144,1,-1,-1,-1
274,84,1346,651,128,144,1,-1,-1,-1
274,86,1845,747,100,124,1,-1,-1,-1
275,65,1569,648,124,136,1,-1,-1,-1
275,71,1285,503,104,124,1,-1,-1,-1
275,74,1477,536,112,132,1,-1,-1,-1
275,75,1030,674,124,144,1,-1,-1,-1
275,84,1344,649,128,144,1,-1,-1,-1
275,86,1840,747,95,118,1,-1,-1,-1
276,65,1565,646,124,136,1,-1,-1,-1
276,71,1282,498,104,124,1,-1,-1,-1
276,74,1468,532,112,132,1,-1,-1,-1
276,75,1018,678,124,144,1,-1,-1,-1
276,84,1339,645,128,144,1,-1,-1,-1
276,86,1840,746,95,118,1,-1,-1,-1
277,65,1563,646,124,136,1,-1,-1,-1
277,71,1280,497,104,124,1,-1,-1,-1
277,74,1465,530,112,132,1,-1,-1,-1
277,75,1013,682,124,144,1,-1,-1,-1
277,84,1337,643,128,144,1,-1,-1,-1
277,86,1840,746,95,118,1,-1,-1,-1
278,65,1560,647,124,136,1,-1,-1,-1
278,71,1278,496,104,124,1,-1,-1,-1
278,74,1461,530,112,132,1,-1,-1,-1
278,75,1001,684,124,144,1,-1,-1,-1
278,84,1335,641,128,144,1,-1,-1,-1
278,86,1842,746,95,118,1,-1,-1,-1
279,65,1560,647,124,136,1,-1,-1,-1
279,71,1277,495,104,124,1,-1,-1,-1
279,74,1456,531,112,132,1,-1,-1,-1
279,75,991,684,130,151,1,-1,-1,-1
279,84,1335,642,122,137,1,-1,-1,-1
279,86,1840,744,100,124,1,-1,-1,-1
280,65,1559,648,124,136,1,-1,-1,-1
280,71,1276,495,104,124,1,-1,-1,-1
280,74,1450,527,118,139,1,-1,-1,-1
280,75,985,682,130,151,1,-1,-1,-1
280,84,1333,644,122,137,1,-1,-1,-1
280,86,1839,746,100,124,1,-1,-1,-1
281,65,1560,648,140,160,1,-1,-1,-1
281,71,1272,496,96,128,1,-1,-1,-1
281,74,1444,540,112,120,1,-1,-1,-1
281,75,972,688,140,148,1,-1,-1,-1
281,84,1333,644,122,137,1,-1,-1,-1
281,86,1836,744,136,140,1,-1,-1,-1
282,65,1559,650,140,160,1,-1,-1,-1
282,71,1268,497,96,128,1,-1,-1,-1
282,74,1439,543,112,120,1,-1,-1,-1
282,75,960,689,140,148,1,-1,-1,-1
282,84,1325,645,122,137,1,-1,-1,-1
282,86,1834,745,136,140,1,-1,-1,-1
283,65,1559,649,140,160,1,-1,-1,-1
283,71,1267,498,96,128,1,-1,-1,-1
283,74,1437,543,112,120,1,-1,-1,-1
283,75,951,687,140,148,1,-1,-1,-1
283,84,1324,645,122,137,1,-1,-1,-1
283,86,1834,745,136,140,1,-1,-1,-1
284,65,1554,644,147,168,1,-1,-1,-1
284,71,1265,497,96,128,1,-1,-1,-1
284,74,1432,540,112,120,1,-1,-1,-1
284,75,939,690,140,148,1,-1,-1,-1
284,84,1321,645,128,144,1,-1,-1,-1
284,86,1836,743,136,140,1,-1,-1,-1
285,65,1560,645,147,168,1,-1,-1,-1
285,71,1266,493,96,128,1,-1,-1,-1
285,74,1433,537,112,120,1,-1,-1,-1
285,75,931,692,140,148,1,-1,-1,-1
285,84,1325,645,128,144,1,-1,-1,-1
285,86,1840,742,136,140,1,-1,-1,-1
286,65,1558,638,154,176,1,-1,-1,-1
286,71,1267,491,96,128,1,-1,-1,-1
286,74,1434,535,112,120,1,-1,-1,-1
286,75,928,694,140,148,1,-1,-1,-1
286,84,1333,648,122,137,1,-1,-1,-1
286,86,1843,741,136,140,1,-1,-1,-1
287,65,1564,637,147,168,1,-1,-1,-1
287,71,1271,487,96,128,1,-1,-1,-1
287,74,1438,531,112,120,1,-1,-1,-1
287,75,922,694,147,155,1,-1,-1,-1
287,84,1341,651,122,137,1,-1,-1,-1
287,86,1852,741,136,140,1,-1,-1,-1
288,65,1568,631,147,168,1,-1,-1,-1
288,71,1275,478,101,134,1,-1,-1,-1
288,74,1440,522,112,120,1,-1,-1,-1
288,75,914,697,147,155,1,-1,-1,-1
288,86,1860,738,136,140,1,-1,-1,-1
289,65,1568,631,147,168,1,-1,-1,-1
289,71,1275,478,101,134,1,-1,-1,-1
289,74,1436,508,136,156,1,-1,-1,-1
289,75,914,697,147,155,1,-1,-1,-1
289,86,1864,724,112,136,1,-1,-1,-1
290,65,1574,626,147,168,1,-1,-1,-1
290,71,1281,471,101,134,1,-1,-1,-1
290,74,1439,505,136,156,1,-1,-1,-1
290,75,909,706,147,155,1,-1,-1,-1
290,86,1869,725,112,136,1,-1,-1,-1
291,65,1576,624,147,168,1,-1,-1,-1
291,71,1284,469,101,134,1,-1,-1,-1
291,74,1443,502,136,156,1,-1,-1,-1
291,75,906,710,140,148,1,-1,-1,-1
291,86,1875,726,112,136,1,-1,-1,-1
292,65,1581,627,140,160,1,-1,-1,-1
292,71,1289,468,101,134,1,-1,-1,-1
292,74,1446,499,136,156,1,-1,-1,-1
292,75,907,712,140,148,1,-1,-1,-1
292,86,1877,725,112,136,1,-1,-1,-1
293,65,1587,626,140,160,1,-1,-1,-1
293,71,1292,464,106,141,1,-1,-1,-1
293,74,1450,498,136,156,1,-1,-1,-1
293,75,914,715,133,141,1,-1,-1,-1
293,86,1882,724,112,136,1,-1,-1,-1
294,65,1590,627,140,160,1,-1,-1,-1
294,71,1294,465,106,141,1,-1,-1,-1
294,74,1450,496,143,164,1,-1,-1,-1
294,86,1888,726,112,136,1,-1,-1,-1
295,65,1592,629,140,160,1,-1,-1,-1
295,71,1297,465,106,141,1,-1,-1,-1
295,74,1452,498,143,164,1,-1,-1,-1
295,86,1888,724,118,143,1,-1,-1,-1
296,65,1599,631,140,160,1,-1,-1,-1
296,71,1298,465,106,141,1,-1,-1,-1
296,74,1454,499,143,164,1,-1,-1,-1
296,86,1894,726,112,136,1,-1,-1,-1
297,65,1588,620,176,188,1,-1,-1,-1
297,71,1284,472,156,156,1,-1,-1,-1
297,74,1464,496,136,168,1,-1,-1,-1
297,86,1896,728,152,164,1,-1,-1,-1
297,87,1396,644,128,152,1,-1,-1,-1
298,65,1593,621,176,188,1,-1,-1,-1
298,71,1285,472,156,156,1,-1,-1,-1
298,74,1467,496,136,168,1,-1,-1,-1
298,86,1905,731,145,156,1,-1,-1,-1
298,87,1400,646,128,152,1,-1,-1,-1
299,65,1599,620,176,188,1,-1,-1,-1
299,71,1288,469,156,156,1,-1,-1,-1
299,74,1471,494,136,168,1,-1,-1,-1
299,86,1909,729,145,156,1,-1,-1,-1
299,87,1407,646,128,152,1,-1,-1,-1
300,65,1607,624,168,179,1,-1,-1,-1
300,71,1289,466,156,156,1,-1,-1,-1
300,74,1473,491,136,168,1,-1,-1,-1
300,86,1914,725,145,156,1,-1,-1,-1
300,87,1413,639,128,152,1,-1,-1,-1
301,65,1608,621,168,179,1,-1,-1,-1
301,71,1285,461,164,164,1,-1,-1,-1
301,74,1475,489,136,168,1,-1,-1,-1
301,86,1917,723,145,156,1,-1,-1,-1
301,87,1414,638,128,152,1,-1,-1,-1
302,65,1611,617,168,179,1,-1,-1,-1
302,71,1284,456,164,164,1,-1,-1,-1
302,74,1479,482,136,168,1,-1,-1,-1
302,86,1923,723,145,156,1,-1,-1,-1
302,87,1417,635,128,152,1,-1,-1,-1
303,65,1614,611,168,179,1,-1,-1,-1
303,71,1285,449,164,164,1,-1,-1,-1
303,74,1481,474,136,168,1,-1,-1,-1
303,86,1927,720,145,156,1,-1,-1,-1
303,87,1419,630,128,152,1,-1,-1,-1
304,65,1615,611,168,179,1,-1,-1,-1
304,71,1282,447,164,164,1,-1,-1,-1
304,74,1481,473,136,168,1,-1,-1,-1
304,86,1930,723,145,156,1,-1,-1,-1
304,87,1420,630,128,152,1,-1,-1,-1
305,65,1615,611,168,179,1,-1,-1,-1
305,71,1282,447,164,164,1,-1,-1,-1
305,74,1481,473,136,168,1,-1,-1,-1
305,86,1930,723,145,156,1,-1,-1,-1
305,87,1420,630,128,152,1,-1,-1,-1
306,65,1621,613,168,179,1,-1,-1,-1
306,71,1277,440,172,172,1,-1,-1,-1
306,74,1480,469,143,176,1,-1,-1,-1
306,86,1930,719,145,156,1,-1,-1,-1
306,87,1421,631,128,152,1,-1,-1,-1
307,65,1620,615,168,179,1,-1,-1,-1
307,71,1274,440,172,172,1,-1,-1,-1
307,74,1478,470,143,176,1,-1,-1,-1
307,86,1928,718,152,164,1,-1,-1,-1
307,87,1416,630,134,160,1,-1,-1,-1
308,65,1616,619,168,179,1,-1,-1,-1
308,71,1264,443,172,172,1,-1,-1,-1
308,74,1470,470,150,185,1,-1,-1,-1
308,86,1928,722,152,164,1,-1,-1,-1
308,87,1413,633,134,160,1,-1,-1,-1
309,65,1610,618,176,188,1,-1,-1,-1
309,71,1255,447,172,172,1,-1,-1,-1
309,74,1461,473,150,185,1,-1,-1,-1
309,86,1918,721,152,164,1,-1,-1,-1
309,87,1413,638,134,160,1,-1,-1,-1
310,65,1600,617,185,197,1,-1,-1,-1
310,71,1248,449,172,172,1,-1,-1,-1
310,74,1455,475,150,185,1,-1,-1,-1
310,86,1913,721,152,164,1,-1,-1,-1
310,87,1410,641,134,160,1,-1,-1,-1
311,65,1591,621,185,197,1,-1,-1,-1
311,71,1234,452,172,172,1,-1,-1,-1
311,74,1448,480,150,185,1,-1,-1,-1
311,86,1897,722,152,164,1,-1,-1,-1
311,87,1402,646,134,160,1,-1,-1,-1
312,65,1578,619,194,207,1,-1,-1,-1
312,71,1224,456,172,172,1,-1,-1,-1
312,74,1436,482,150,185,1,-1,-1,-1
312,86,1886,722,152,164,1,-1,-1,-1
312,87,1398,650,134,160,1,-1,-1,-1
313,65,1568,604,196,220,1,-1,-1,-1
313,71,1212,444,168,192,1,-1,-1,-1
313,74,1436,482,150,185,1,-1,-1,-1
313,86,1876,724,148,164,1,-1,-1,-1
313,87,1398,650,134,160,1,-1,-1,-1
313,88,800,660,140,212,1,-1,-1,-1
314,65,1562,607,196,220,1,-1,-1,-1
314,71,1206,448,168,192,1,-1,-1,-1
314,74,1418,483,150,185,1,-1,-1,-1
314,86,1864,722,148,164,1,-1,-1,-1
314,87,1390,650,134,160,1,-1,-1,-1
314,88,798,665,140,212,1,-1,-1,-1
315,65,1555,607,196,220,1,-1,-1,-1
315,71,1194,449,168,192,1,-1,-1,-1
315,74,1408,485,150,185,1,-1,-1,-1
315,86,1851,720,148,164,1,-1,-1,-1
315,87,1385,648,134,160,1,-1,-1,-1
315,88,800,674,133,202,1,-1,-1,-1
316,65,1546,607,187,210,1,-1,-1,-1
316,71,1189,449,168,192,1,-1,-1,-1
316,74,1403,487,150,185,1,-1,-1,-1
316,86,1844,723,141,156,1,-1,-1,-1
316,87,1376,643,141,168,1,-1,-1,-1
316,88,797,676,133,202,1,-1,-1,-1
317,65,1529,601,187,210,1,-1,-1,-1
317,71,1173,446,168,192,1,-1,-1,-1
317,74,1388,484,150,185,1,-1,-1,-1
317,86,1823,722,141,156,1,-1,-1,-1
317,87,1362,640,141,168,1,-1,-1,-1
317,88,790,674,133,202,1,-1,-1,-1
318,65,1515,596,187,210,1,-1,-1,-1
318,71,1161,443,168,192,1,-1,-1,-1
318,74,1374,483,150,185,1,-1,-1,-1
318,86,1814,732,134,149,1,-1,-1,-1
318,87,1350,633,141,168,1,-1,-1,-1
318,88,786,668,133,202,1,-1,-1,-1
319,65,1513,600,178,200,1,-1,-1,-1
319,71,1156,443,168,192,1,-1,-1,-1
319,74,1366,482,150,185,1,-1,-1,-1
319,86,1809,732,134,149,1,-1,-1,-1
319,87,1345,631,141,168,1,-1,-1,-1
319,88,783,666,133,202,1,-1,-1,-1
320,65,1500,606,178,200,1,-1,-1,-1
320,71,1145,446,168,192,1,-1,-1,-1
320,74,1351,487,150,185,1,-1,-1,-1
320,87,1333,634,141,168,1,-1,-1,-1
320,88,781,662,133,202,1,-1,-1,-1
321,65,1496,620,156,216,1,-1,-1,-1
321,71,1145,446,168,192,1,-1,-1,-1
321,74,1351,487,150,185,1,-1,-1,-1
321,87,1333,634,141,168,1,-1,-1,-1
321,88,788,664,128,224,1,-1,-1,-1
321,89,1780,712,144,204,1,-1,-1,-1
322,65,1492,622,156,216,1,-1,-1,-1
322,71,1126,455,168,192,1,-1,-1,-1
322,74,1333,499,150,185,1,-1,-1,-1
322,87,1323,642,141,168,1,-1,-1,-1
322,88,788,664,128,224,1,-1,-1,-1
322,89,1776,712,144,204,1,-1,-1,-1
323,65,1481,626,156,216,1,-1,-1,-1
323,71,1111,460,168,192,1,-1,-1,-1
323,74,1318,501,150,185,1,-1,-1,-1
323,87,1310,644,141,168,1,-1,-1,-1
323,88,784,658,134,235,1,-1,-1,-1
323,89,1760,709,144,204,1,-1,-1,-1
324,65,1466,627,156,216,1,-1,-1,-1
324,71,1096,467,168,192,1,-1,-1,-1
324,74,1301,508,150,185,1,-1,-1,-1
324,87,1302,649,141,168,1,-1,-1,-1
324,88,782,659,134,235,1,-1,-1,-1
324,89,1747,713,137,194,1,-1,-1,-1
325,65,1459,628,156,216,1,-1,-1,-1
325,71,1089,468,168,192,1,-1,-1,-1
325,74,1296,508,150,185,1,-1,-1,-1
325,87,1299,650,141,168,1,-1,-1,-1
325,88,781,659,134,235,1,-1,-1,-1
325,89,1746,719,131,185,1,-1,-1,-1
326,65,1446,625,156,216,1,-1,-1,-1
326,71,1073,467,168,192,1,-1,-1,-1
326,74,1282,511,150,185,1,-1,-1,-1
326,87,1289,645,141,168,1,-1,-1,-1
326,88,773,650,141,247,1,-1,-1,-1
326,89,1727,716,131,185,1,-1,-1,-1
327,65,1438,631,156,216,1,-1,-1,-1
327,71,1064,474,160,183,1,-1,-1,-1
327,74,1265,512,150,185,1,-1,-1,-1
327,87,1277,643,141,168,1,-1,-1,-1
327,88,768,650,141,247,1,-1,-1,-1
327,89,1708,714,131,185,1,-1,-1,-1
328,65,1430,629,156,216,1,-1,-1,-1
328,71,1063,476,160,183,1,-1,-1,-1
328,74,1258,513,150,185,1,-1,-1,-1
328,87,1272,644,141,168,1,-1,-1,-1
328,88,765,650,141,247,1,-1,-1,-1
328,89,1699,715,131,185,1,-1,-1,-1
329,65,1430,629,156,216,1,-1,-1,-1
329,71,1063,476,160,183,1,-1,-1,-1
329,74,1258,513,150,185,1,-1,-1,-1
329,87,1272,644,141,168,1,-1,-1,-1
329,88,765,650,141,247,1,-1,-1,-1
329,89,1699,715,131,185,1,-1,-1,-1
