1,0,1556,468,108,172,1,-1,-1,-1
1,1,1456,560,76,156,1,-1,-1,-1
1,2,848,544,84,160,1,-1,-1,-1
1,3,292,500,160,208,1,-1,-1,-1
1,4,1088,544,48,140,1,-1,-1,-1
1,5,1924,536,72,184,1,-1,-1,-1
2,0,1552,466,108,172,1,-1,-1,-1
2,1,1452,557,76,156,1,-1,-1,-1
2,2,853,543,84,160,1,-1,-1,-1
2,3,288,499,160,208,1,-1,-1,-1
2,4,1084,540,50,147,1,-1,-1,-1
2,5,1921,535,72,184,1,-1,-1,-1
3,0,1549,464,108,172,1,-1,-1,-1
3,1,1443,553,76,156,1,-1,-1,-1
3,3,284,498,160,208,1,-1,-1,-1
3,4,1080,539,50,147,1,-1,-1,-1
3,5,1915,534,72,184,1,-1,-1,-1
4,0,1546,466,108,172,1,-1,-1,-1
4,1,1440,548,76,156,1,-1,-1,-1
4,3,279,496,160,208,1,-1,-1,-1
4,4,1076,538,50,147,1,-1,-1,-1
4,5,1912,532,72,184,1,-1,-1,-1
5,0,1537,462,108,172,1,-1,-1,-1
5,1,1433,543,80,164,1,-1,-1,-1
5,3,275,495,160,208,1,-1,-1,-1
5,4,1071,536,50,147,1,-1,-1,-1
6,0,1534,460,108,172,1,-1,-1,-1
6,3,271,494,160,208,1,-1,-1,-1
6,4,1066,535,50,147,1,-1,-1,-1
7,0,1530,458,108,172,1,-1,-1,-1
7,3,266,492,160,208,1,-1,-1,-1
7,4,1062,533,50,147,1,-1,-1,-1
8,0,1522,454,113,181,1,-1,-1,-1
8,3,260,492,160,208,1,-1,-1,-1
8,4,1057,533,50,147,1,-1,-1,-1
9,0,1520,456,108,176,1,-1,-1,-1
9,3,256,492,156,204,1,-1,-1,-1
9,4,1052,528,52,148,1,-1,-1,-1
9,6,1404,520,68,184,1,-1,-1,-1
9,7,1784,500,136,196,1,-1,-1,-1
9,8,888,520,76,160,1,-1,-1,-1
10,0,1518,457,108,176,1,-1,-1,-1
10,3,253,491,156,204,1,-1,-1,-1
10,4,1050,527,52,148,1,-1,-1,-1
10,6,1400,518,68,184,1,-1,-1,-1
10,7,1781,499,136,196,1,-1,-1,-1
10,8,889,519,76,160,1,-1,-1,-1
11,0,1513,456,108,176,1,-1,-1,-1
11,3,249,491,156,204,1,-1,-1,-1
11,4,1047,526,52,148,1,-1,-1,-1
11,7,1776,499,136,196,1,-1,-1,-1
11,8,889,518,76,160,1,-1,-1,-1
12,0,1507,456,108,176,1,-1,-1,-1
12,3,245,490,156,204,1,-1,-1,-1
12,4,1042,526,52,148,1,-1,-1,-1
12,7,1772,498,136,196,1,-1,-1,-1
13,0,1503,454,108,176,1,-1,-1,-1
13,3,242,490,156,204,1,-1,-1,-1
13,4,1037,525,52,148,1,-1,-1,-1
13,7,1769,498,136,196,1,-1,-1,-1
14,0,1500,454,108,176,1,-1,-1,-1
14,3,237,491,156,204,1,-1,-1,-1
14,4,1034,529,50,141,1,-1,-1,-1
14,7,1764,497,136,196,1,-1,-1,-1
15,0,1495,453,108,176,1,-1,-1,-1
15,3,234,490,156,204,1,-1,-1,-1
15,4,1028,525,52,148,1,-1,-1,-1
15,7,1760,496,136,196,1,-1,-1,-1
16,0,1492,453,108,176,1,-1,-1,-1
16,3,229,490,156,204,1,-1,-1,-1
16,4,1025,527,52,148,1,-1,-1,-1
16,7,1756,497,136,196,1,-1,-1,-1
17,0,1492,453,108,176,1,-1,-1,-1
17,3,229,490,156,204,1,-1,-1,-1
17,4,1025,527,52,148,1,-1,-1,-1
17,7,1756,497,136,196,1,-1,-1,-1
18,0,1485,452,108,176,1,-1,-1,-1
18,3,222,490,156,204,1,-1,-1,-1
18,7,1748,496,136,196,1,-1,-1,-1
19,0,1482,451,108,176,1,-1,-1,-1
19,3,219,490,156,204,1,-1,-1,-1
19,7,1746,495,136,196,1,-1,-1,-1
20,0,1479,451,108,176,1,-1,-1,-1
20,3,217,490,156,204,1,-1,-1,-1
20,7,1743,492,136,196,1,-1,-1,-1
21,0,1475,450,108,176,1,-1,-1,-1
21,3,214,489,156,204,1,-1,-1,-1
21,7,1738,491,136,196,1,-1,-1,-1
22,0,1472,450,108,176,1,-1,-1,-1
22,3,211,489,156,204,1,-1,-1,-1
22,7,1736,490,136,196,1,-1,-1,-1
23,0,1470,449,108,176,1,-1,-1,-1
23,3,209,488,156,204,1,-1,-1,-1
23,7,1734,488,136,196,1,-1,-1,-1
24,0,1469,448,108,176,1,-1,-1,-1
24,3,204,484,164,214,1,-1,-1,-1
24,7,1733,488,136,196,1,-1,-1,-1
25,0,1460,440,108,168,1,-1,-1,-1
25,3,204,484,164,214,1,-1,-1,-1
25,7,1728,500,128,176,1,-1,-1,-1
25,9,1320,528,80,148,1,-1,-1,-1
26,0,1459,440,108,168,1,-1,-1,-1
26,3,200,482,164,214,1,-1,-1,-1
26,7,1726,500,128,176,1,-1,-1,-1
26,9,1318,526,80,148,1,-1,-1,-1
27,0,1457,440,108,168,1,-1,-1,-1
27,3,202,486,156,204,1,-1,-1,-1
27,7,1723,503,128,176,1,-1,-1,-1
27,9,1313,522,84,155,1,-1,-1,-1
28,0,1459,443,103,160,1,-1,-1,-1
28,3,199,486,156,204,1,-1,-1,-1
28,7,1721,505,128,176,1,-1,-1,-1
28,9,1308,525,84,155,1,-1,-1,-1
29,0,1457,443,103,160,1,-1,-1,-1
29,3,197,486,156,204,1,-1,-1,-1
29,7,1717,506,128,176,1,-1,-1,-1
30,0,1455,442,103,160,1,-1,-1,-1
30,3,194,487,156,204,1,-1,-1,-1
30,7,1714,506,128,176,1,-1,-1,-1
31,0,1453,442,103,160,1,-1,-1,-1
31,3,192,487,156,204,1,-1,-1,-1
31,7,1711,504,128,176,1,-1,-1,-1
32,0,1447,437,108,168,1,-1,-1,-1
32,3,190,486,156,204,1,-1,-1,-1
33,0,1448,436,108,180,1,-1,-1,-1
33,3,184,488,160,200,1,-1,-1,-1
33,10,940,524,116,132,1,-1,-1,-1
33,11,1260,524,76,140,1,-1,-1,-1
33,12,1712,492,112,176,1,-1,-1,-1
33,13,880,504,56,152,1,-1,-1,-1
34,0,1447,436,108,180,1,-1,-1,-1
34,3,182,488,160,200,1,-1,-1,-1
34,10,937,522,116,132,1,-1,-1,-1
34,11,1252,524,76,140,1,-1,-1,-1
34,12,1710,491,112,176,1,-1,-1,-1
34,13,879,505,56,152,1,-1,-1,-1
35,0,1446,435,108,180,1,-1,-1,-1
35,3,182,489,160,200,1,-1,-1,-1
35,10,932,520,116,132,1,-1,-1,-1
35,12,1704,492,112,176,1,-1,-1,-1
35,13,878,506,56,152,1,-1,-1,-1
36,0,1444,434,108,180,1,-1,-1,-1
36,3,180,489,160,200,1,-1,-1,-1
36,10,934,522,110,126,1,-1,-1,-1
36,12,1698,491,112,176,1,-1,-1,-1
36,13,877,506,56,152,1,-1,-1,-1
37,0,1442,435,108,180,1,-1,-1,-1
37,3,178,490,160,200,1,-1,-1,-1
37,10,929,522,110,126,1,-1,-1,-1
37,12,1689,488,118,185,1,-1,-1,-1
38,0,1438,432,113,189,1,-1,-1,-1
38,3,178,491,160,200,1,-1,-1,-1
38,10,928,522,110,126,1,-1,-1,-1
38,12,1681,488,118,185,1,-1,-1,-1
39,0,1442,437,108,180,1,-1,-1,-1
39,3,179,492,160,200,1,-1,-1,-1
40,0,1442,437,108,180,1,-1,-1,-1
40,3,180,492,160,200,1,-1,-1,-1
41,0,1444,436,108,172,1,-1,-1,-1
41,3,188,488,160,212,1,-1,-1,-1
41,14,1216,520,68,148,1,-1,-1,-1
41,15,1636,528,100,140,1,-1,-1,-1
41,16,932,536,72,128,1,-1,-1,-1
41,17,1716,488,60,160,1,-1,-1,-1
42,0,1448,440,103,164,1,-1,-1,-1
42,3,189,489,160,212,1,-1,-1,-1
42,14,1215,521,68,148,1,-1,-1,-1
42,15,1633,528,100,140,1,-1,-1,-1
42,16,930,536,72,128,1,-1,-1,-1
42,17,1716,488,60,160,1,-1,-1,-1
43,0,1451,439,103,164,1,-1,-1,-1
43,3,195,490,160,212,1,-1,-1,-1
43,14,1214,523,68,148,1,-1,-1,-1
43,15,1633,527,100,140,1,-1,-1,-1
43,17,1718,488,60,160,1,-1,-1,-1
44,0,1455,440,103,164,1,-1,-1,-1
44,3,202,496,152,202,1,-1,-1,-1
44,15,1631,525,100,140,1,-1,-1,-1
44,17,1722,488,60,160,1,-1,-1,-1
45,0,1458,438,103,164,1,-1,-1,-1
45,3,205,496,152,202,1,-1,-1,-1
45,15,1627,525,100,140,1,-1,-1,-1
45,17,1726,487,60,160,1,-1,-1,-1
46,0,1461,438,103,164,1,-1,-1,-1
46,3,210,496,152,202,1,-1,-1,-1
46,17,1728,482,63,168,1,-1,-1,-1
47,0,1466,437,103,164,1,-1,-1,-1
47,3,213,496,152,202,1,-1,-1,-1
47,17,1732,482,63,168,1,-1,-1,-1
48,0,1467,437,103,164,1,-1,-1,-1
48,3,216,497,152,202,1,-1,-1,-1
48,17,1735,481,63,168,1,-1,-1,-1
49,0,1472,432,104,176,1,-1,-1,-1
49,3,216,497,152,202,1,-1,-1,-1
49,17,1735,481,63,168,1,-1,-1,-1
49,18,1624,520,92,140,1,-1,-1,-1
49,19,1192,520,84,144,1,-1,-1,-1
50,0,1475,436,99,168,1,-1,-1,-1
50,3,221,497,152,202,1,-1,-1,-1
50,17,1739,479,63,168,1,-1,-1,-1
50,18,1623,517,92,140,1,-1,-1,-1
50,19,1190,518,84,144,1,-1,-1,-1
51,0,1476,431,104,176,1,-1,-1,-1
51,3,225,497,152,202,1,-1,-1,-1
51,17,1741,478,63,168,1,-1,-1,-1
51,18,1621,514,92,140,1,-1,-1,-1
51,19,1187,517,84,144,1,-1,-1,-1
52,0,1480,431,104,176,1,-1,-1,-1
52,3,228,498,152,202,1,-1,-1,-1
52,17,1745,478,63,168,1,-1,-1,-1
52,18,1618,511,92,140,1,-1,-1,-1
53,0,1484,432,104,176,1,-1,-1,-1
53,3,230,496,152,202,1,-1,-1,-1
53,17,1749,478,63,168,1,-1,-1,-1
53,18,1614,509,92,140,1,-1,-1,-1
54,0,1487,432,104,176,1,-1,-1,-1
54,3,234,496,152,202,1,-1,-1,-1
54,17,1752,478,63,168,1,-1,-1,-1
54,18,1611,510,92,140,1,-1,-1,-1
55,0,1490,433,104,176,1,-1,-1,-1
55,3,237,497,152,202,1,-1,-1,-1
55,17,1756,478,63,168,1,-1,-1,-1
56,0,1493,433,104,176,1,-1,-1,-1
56,3,239,497,152,202,1,-1,-1,-1
56,17,1758,478,63,168,1,-1,-1,-1
57,0,1496,436,124,172,1,-1,-1,-1
57,3,239,497,152,202,1,-1,-1,-1
57,17,1758,478,63,168,1,-1,-1,-1
57,20,1144,500,96,164,1,-1,-1,-1
57,21,948,536,60,120,1,-1,-1,-1
57,22,1612,524,84,136,1,-1,-1,-1
57,23,1764,484,132,172,1,-1,-1,-1
58,0,1497,437,124,172,1,-1,-1,-1
58,3,245,499,152,202,1,-1,-1,-1
58,17,1763,479,63,168,1,-1,-1,-1
58,20,1140,501,96,164,1,-1,-1,-1
58,21,948,539,60,120,1,-1,-1,-1
58,22,1608,524,84,136,1,-1,-1,-1
58,23,1766,484,132,172,1,-1,-1,-1
59,0,1500,439,124,172,1,-1,-1,-1
59,3,247,499,152,202,1,-1,-1,-1
59,17,1768,482,60,160,1,-1,-1,-1
59,20,1139,505,96,164,1,-1,-1,-1
59,21,949,544,60,120,1,-1,-1,-1
59,23,1769,484,132,172,1,-1,-1,-1
60,0,1502,440,124,172,1,-1,-1,-1
60,3,251,502,152,202,1,-1,-1,-1
60,17,1771,484,60,160,1,-1,-1,-1
60,20,1138,514,96,164,1,-1,-1,-1
60,21,948,548,63,126,1,-1,-1,-1
60,23,1772,486,132,172,1,-1,-1,-1
61,0,1504,442,124,172,1,-1,-1,-1
61,3,252,502,152,202,1,-1,-1,-1
61,17,1775,488,57,152,1,-1,-1,-1
61,21,949,547,63,126,1,-1,-1,-1
61,23,1774,488,132,172,1,-1,-1,-1
62,0,1506,444,124,172,1,-1,-1,-1
62,3,254,505,152,202,1,-1,-1,-1
62,17,1776,491,57,152,1,-1,-1,-1
62,23,1776,490,132,172,1,-1,-1,-1
63,0,1507,446,124,172,1,-1,-1,-1
63,3,257,508,152,202,1,-1,-1,-1
63,17,1779,493,57,152,1,-1,-1,-1
63,23,1781,498,126,164,1,-1,-1,-1
64,0,1509,448,124,172,1,-1,-1,-1
64,3,259,513,152,202,1,-1,-1,-1
64,17,1782,500,54,145,1,-1,-1,-1
64,23,1783,502,126,164,1,-1,-1,-1
65,0,1509,448,124,172,1,-1,-1,-1
65,3,256,512,164,208,1,-1,-1,-1
65,17,1782,500,54,145,1,-1,-1,-1
65,23,1783,502,126,164,1,-1,-1,-1
65,24,1572,536,92,152,1,-1,-1,-1
65,25,1068,540,92,132,1,-1,-1,-1
65,26,952,544,60,116,1,-1,-1,-1
65,27,872,476,52,168,1,-1,-1,-1
66,0,1512,462,124,172,1,-1,-1,-1
66,3,257,517,164,208,1,-1,-1,-1
66,17,1786,512,54,145,1,-1,-1,-1
66,23,1787,515,126,164,1,-1,-1,-1
66,24,1572,544,92,152,1,-1,-1,-1
66,25,1062,547,92,132,1,-1,-1,-1
66,26,952,547,60,116,1,-1,-1,-1
66,27,872,482,50,160,1,-1,-1,-1
67,0,1518,468,118,164,1,-1,-1,-1
67,3,258,522,164,208,1,-1,-1,-1
67,17,1788,517,54,145,1,-1,-1,-1
67,23,1789,519,126,164,1,-1,-1,-1
67,24,1572,551,92,152,1,-1,-1,-1
67,25,1055,555,88,126,1,-1,-1,-1
67,26,951,554,60,116,1,-1,-1,-1
68,0,1519,473,124,172,1,-1,-1,-1
68,3,261,527,164,208,1,-1,-1,-1
68,17,1790,523,54,145,1,-1,-1,-1
68,23,1790,525,126,164,1,-1,-1,-1
68,24,1571,557,92,152,1,-1,-1,-1
68,25,1043,556,92,132,1,-1,-1,-1
68,26,949,560,60,116,1,-1,-1,-1
69,0,1521,479,124,172,1,-1,-1,-1
69,3,262,534,164,208,1,-1,-1,-1
69,17,1792,529,54,145,1,-1,-1,-1
69,23,1792,530,126,164,1,-1,-1,-1
69,24,1573,561,92,152,1,-1,-1,-1
69,25,1038,561,92,132,1,-1,-1,-1
70,0,1524,484,124,172,1,-1,-1,-1
70,3,264,539,164,208,1,-1,-1,-1
70,17,1794,531,54,145,1,-1,-1,-1
70,23,1795,536,126,164,1,-1,-1,-1
71,0,1527,488,124,172,1,-1,-1,-1
71,3,266,543,164,208,1,-1,-1,-1
71,17,1795,539,57,152,1,-1,-1,-1
71,23,1798,541,126,164,1,-1,-1,-1
72,0,1529,494,124,172,1,-1,-1,-1
72,3,269,547,164,208,1,-1,-1,-1
72,17,1797,542,57,152,1,-1,-1,-1
72,23,1800,546,126,164,1,-1,-1,-1
73,0,1524,496,128,228,1,-1,-1,-1
73,3,280,560,152,200,1,-1,-1,-1
73,17,1797,542,57,152,1,-1,-1,-1
73,23,1812,556,120,168,1,-1,-1,-1
73,28,1028,556,72,168,1,-1,-1,-1
74,0,1524,498,128,228,1,-1,-1,-1
74,3,282,563,152,200,1,-1,-1,-1
74,17,1801,552,57,152,1,-1,-1,-1
74,23,1815,559,120,168,1,-1,-1,-1
74,28,1025,562,72,168,1,-1,-1,-1
75,0,1524,508,128,228,1,-1,-1,-1
75,3,287,573,145,190,1,-1,-1,-1
75,17,1804,556,57,152,1,-1,-1,-1
75,23,1819,565,120,168,1,-1,-1,-1
75,28,1020,567,72,168,1,-1,-1,-1
76,0,1522,512,128,228,1,-1,-1,-1
76,3,286,572,152,200,1,-1,-1,-1
76,17,1807,561,57,152,1,-1,-1,-1
76,23,1821,569,120,168,1,-1,-1,-1
76,28,1016,569,76,176,1,-1,-1,-1
77,0,1519,516,128,228,1,-1,-1,-1
77,3,290,576,152,200,1,-1,-1,-1
77,17,1810,565,57,152,1,-1,-1,-1
77,23,1823,573,120,168,1,-1,-1,-1
77,28,1011,572,76,176,1,-1,-1,-1
78,3,293,580,152,200,1,-1,-1,-1
78,17,1814,571,54,145,1,-1,-1,-1
78,23,1826,578,120,168,1,-1,-1,-1
78,28,1000,582,72,168,1,-1,-1,-1
79,3,295,585,152,200,1,-1,-1,-1
79,17,1817,576,54,145,1,-1,-1,-1
79,23,1829,581,120,168,1,-1,-1,-1
79,28,1000,588,69,160,1,-1,-1,-1
80,3,298,590,152,200,1,-1,-1,-1
80,17,1819,578,54,145,1,-1,-1,-1
80,23,1831,585,120,168,1,-1,-1,-1
81,3,296,588,160,204,1,-1,-1,-1
81,17,1819,578,54,145,1,-1,-1,-1
81,23,1832,588,116,160,1,-1,-1,-1
81,29,1488,524,112,232,1,-1,-1,-1
82,3,297,590,160,204,1,-1,-1,-1
82,23,1834,590,116,160,1,-1,-1,-1
82,29,1488,527,112,232,1,-1,-1,-1
83,3,300,592,160,204,1,-1,-1,-1
83,23,1836,593,116,160,1,-1,-1,-1
83,29,1488,532,112,232,1,-1,-1,-1
84,3,302,594,160,204,1,-1,-1,-1
84,23,1838,595,116,160,1,-1,-1,-1
84,29,1487,537,112,232,1,-1,-1,-1
85,3,300,593,168,214,1,-1,-1,-1
85,23,1840,598,116,160,1,-1,-1,-1
85,29,1487,542,112,232,1,-1,-1,-1
86,3,305,599,160,204,1,-1,-1,-1
86,23,1841,601,116,160,1,-1,-1,-1
86,29,1487,545,112,232,1,-1,-1,-1
87,3,307,601,160,204,1,-1,-1,-1
87,23,1843,603,116,160,1,-1,-1,-1
87,29,1487,547,112,232,1,-1,-1,-1
88,3,308,603,160,204,1,-1,-1,-1
88,23,1845,605,116,160,1,-1,-1,-1
88,29,1487,543,118,244,1,-1,-1,-1
89,3,308,596,160,216,1,-1,-1,-1
89,23,1845,605,116,160,1,-1,-1,-1
89,29,1487,543,118,244,1,-1,-1,-1
89,30,1484,640,76,136,1,-1,-1,-1
89,31,1564,544,120,176,1,-1,-1,-1
90,3,309,597,160,216,1,-1,-1,-1
90,23,1847,608,116,160,1,-1,-1,-1
90,30,1484,639,76,136,1,-1,-1,-1
90,31,1565,545,120,176,1,-1,-1,-1
91,3,310,599,160,216,1,-1,-1,-1
91,23,1846,610,116,160,1,-1,-1,-1
91,30,1484,639,76,136,1,-1,-1,-1
91,31,1566,547,120,176,1,-1,-1,-1
92,3,311,600,160,216,1,-1,-1,-1
92,23,1847,611,116,160,1,-1,-1,-1
92,30,1483,639,76,136,1,-1,-1,-1
92,31,1569,553,114,168,1,-1,-1,-1
93,3,311,601,160,216,1,-1,-1,-1
93,23,1847,613,116,160,1,-1,-1,-1
93,30,1483,640,76,136,1,-1,-1,-1
93,31,1570,553,114,168,1,-1,-1,-1
94,3,311,602,160,216,1,-1,-1,-1
94,23,1846,614,116,160,1,-1,-1,-1
94,30,1480,641,76,136,1,-1,-1,-1
94,31,1571,555,114,168,1,-1,-1,-1
95,3,310,602,160,216,1,-1,-1,-1
95,23,1846,615,116,160,1,-1,-1,-1
95,30,1473,640,76,136,1,-1,-1,-1
95,31,1571,556,114,168,1,-1,-1,-1
96,3,310,603,160,216,1,-1,-1,-1
96,23,1846,616,116,160,1,-1,-1,-1
96,30,1466,643,72,130,1,-1,-1,-1
96,31,1567,553,120,176,1,-1,-1,-1
97,3,312,616,156,212,1,-1,-1,-1
97,23,1846,616,116,160,1,-1,-1,-1
97,30,1468,640,68,148,1,-1,-1,-1
97,31,1572,560,120,180,1,-1,-1,-1
98,3,312,616,156,212,1,-1,-1,-1
98,23,1842,614,122,168,1,-1,-1,-1
98,30,1466,640,68,148,1,-1,-1,-1
98,31,1573,560,120,180,1,-1,-1,-1
99,3,313,616,156,212,1,-1,-1,-1
99,23,1841,615,122,168,1,-1,-1,-1
99,30,1464,640,68,148,1,-1,-1,-1
99,31,1572,561,120,180,1,-1,-1,-1
100,3,313,617,156,212,1,-1,-1,-1
100,23,1839,617,122,168,1,-1,-1,-1
100,30,1462,639,68,148,1,-1,-1,-1
100,31,1573,562,120,180,1,-1,-1,-1
101,3,313,618,156,212,1,-1,-1,-1
101,23,1841,621,116,160,1,-1,-1,-1
101,30,1459,638,68,148,1,-1,-1,-1
101,31,1574,562,120,180,1,-1,-1,-1
102,3,313,618,156,212,1,-1,-1,-1
102,23,1840,621,116,160,1,-1,-1,-1
102,31,1573,562,120,180,1,-1,-1,-1
103,3,312,618,156,212,1,-1,-1,-1
103,23,1839,623,116,160,1,-1,-1,-1
103,31,1572,563,120,180,1,-1,-1,-1
104,3,311,618,156,212,1,-1,-1,-1
104,23,1838,624,116,160,1,-1,-1,-1
104,31,1572,564,120,180,1,-1,-1,-1
105,3,312,620,160,208,1,-1,-1,-1
105,23,1832,628,128,176,1,-1,-1,-1
105,31,1568,560,116,180,1,-1,-1,-1
105,32,1452,632,68,156,1,-1,-1,-1
105,33,876,592,64,156,1,-1,-1,-1
105,34,1004,552,56,132,1,-1,-1,-1
106,3,312,620,160,208,1,-1,-1,-1
106,23,1831,628,128,176,1,-1,-1,-1
106,31,1567,560,116,180,1,-1,-1,-1
106,32,1451,631,68,156,1,-1,-1,-1
106,33,874,595,64,156,1,-1,-1,-1
106,34,1006,553,56,132,1,-1,-1,-1
107,3,313,621,160,208,1,-1,-1,-1
107,23,1829,628,128,176,1,-1,-1,-1
107,31,1567,560,116,180,1,-1,-1,-1
107,32,1450,632,68,156,1,-1,-1,-1
107,33,872,599,64,156,1,-1,-1,-1
107,34,1010,555,56,132,1,-1,-1,-1
108,3,313,622,160,208,1,-1,-1,-1
108,23,1828,628,128,176,1,-1,-1,-1
108,31,1567,561,116,180,1,-1,-1,-1
108,32,1449,632,68,156,1,-1,-1,-1
108,33,870,597,64,156,1,-1,-1,-1
109,3,312,623,160,208,1,-1,-1,-1
109,23,1827,630,128,176,1,-1,-1,-1
109,31,1566,561,116,180,1,-1,-1,-1
109,32,1445,625,71,164,1,-1,-1,-1
110,3,312,622,160,208,1,-1,-1,-1
110,23,1827,630,128,176,1,-1,-1,-1
110,31,1566,561,116,180,1,-1,-1,-1
110,32,1441,622,71,164,1,-1,-1,-1
111,3,310,622,160,208,1,-1,-1,-1
111,23,1825,631,128,176,1,-1,-1,-1
111,31,1566,562,116,180,1,-1,-1,-1
112,3,310,622,160,208,1,-1,-1,-1
112,23,1823,632,128,176,1,-1,-1,-1
112,31,1566,562,116,180,1,-1,-1,-1
113,3,312,620,160,208,1,-1,-1,-1
113,23,1816,632,108,168,1,-1,-1,-1
113,31,1564,564,112,176,1,-1,-1,-1
113,35,1424,628,92,160,1,-1,-1,-1
113,36,1036,540,56,120,1,-1,-1,-1
113,37,868,584,52,156,1,-1,-1,-1
114,3,311,620,160,208,1,-1,-1,-1
114,23,1814,632,108,168,1,-1,-1,-1
114,31,1563,564,112,176,1,-1,-1,-1
114,35,1422,630,92,160,1,-1,-1,-1
114,36,1038,539,56,120,1,-1,-1,-1
114,37,867,584,52,156,1,-1,-1,-1
115,3,310,620,160,208,1,-1,-1,-1
115,23,1813,632,108,168,1,-1,-1,-1
115,31,1563,565,112,176,1,-1,-1,-1
115,35,1418,632,92,160,1,-1,-1,-1
115,37,865,584,52,156,1,-1,-1,-1
116,3,311,620,160,208,1,-1,-1,-1
116,23,1811,631,108,168,1,-1,-1,-1
116,31,1564,565,112,176,1,-1,-1,-1
116,35,1413,630,92,160,1,-1,-1,-1
116,37,864,578,55,164,1,-1,-1,-1
117,3,311,620,160,208,1,-1,-1,-1
117,23,1807,628,113,176,1,-1,-1,-1
117,31,1564,565,112,176,1,-1,-1,-1
117,35,1405,625,97,168,1,-1,-1,-1
117,37,864,583,52,156,1,-1,-1,-1
118,3,310,620,160,208,1,-1,-1,-1
118,23,1803,628,113,176,1,-1,-1,-1
118,31,1562,565,112,176,1,-1,-1,-1
119,3,309,620,160,208,1,-1,-1,-1
119,23,1802,628,113,176,1,-1,-1,-1
119,31,1562,565,112,176,1,-1,-1,-1
120,3,308,620,160,208,1,-1,-1,-1
120,23,1800,629,113,176,1,-1,-1,-1
120,31,1561,566,112,176,1,-1,-1,-1
121,3,304,620,160,208,1,-1,-1,-1
121,23,1800,628,108,176,1,-1,-1,-1
121,31,1560,564,108,180,1,-1,-1,-1
121,38,1380,636,84,148,1,-1,-1,-1
121,39,876,572,72,168,1,-1,-1,-1
122,3,303,622,160,208,1,-1,-1,-1
122,23,1796,624,113,185,1,-1,-1,-1
122,31,1560,563,108,180,1,-1,-1,-1
122,38,1378,637,84,148,1,-1,-1,-1
122,39,877,573,72,168,1,-1,-1,-1
123,3,305,627,152,198,1,-1,-1,-1
123,23,1795,624,113,185,1,-1,-1,-1
123,31,1559,564,108,180,1,-1,-1,-1
123,38,1374,637,84,148,1,-1,-1,-1
123,39,878,575,72,168,1,-1,-1,-1
124,3,308,631,145,189,1,-1,-1,-1
124,23,1793,625,113,185,1,-1,-1,-1
124,31,1557,564,108,180,1,-1,-1,-1
124,38,1371,640,84,148,1,-1,-1,-1
124,39,877,578,72,168,1,-1,-1,-1
125,3,307,633,145,189,1,-1,-1,-1
125,23,1791,625,113,185,1,-1,-1,-1
125,31,1555,565,108,180,1,-1,-1,-1
125,38,1367,643,84,148,1,-1,-1,-1
126,3,306,634,145,189,1,-1,-1,-1
126,23,1792,629,108,176,1,-1,-1,-1
126,31,1555,566,108,180,1,-1,-1,-1
126,38,1363,646,84,148,1,-1,-1,-1
127,3,303,634,145,189,1,-1,-1,-1
127,23,1790,629,108,176,1,-1,-1,-1
127,31,1553,566,108,180,1,-1,-1,-1
127,38,1362,646,84,148,1,-1,-1,-1
128,3,303,633,145,189,1,-1,-1,-1
128,23,1792,634,103,168,1,-1,-1,-1
128,31,1553,567,108,180,1,-1,-1,-1
128,38,1361,646,84,148,1,-1,-1,-1
129,3,292,620,164,212,1,-1,-1,-1
129,23,1780,632,116,192,1,-1,-1,-1
129,31,1548,568,108,180,1,-1,-1,-1
129,38,1356,628,76,148,1,-1,-1,-1
129,40,924,552,64,132,1,-1,-1,-1
130,3,291,620,164,212,1,-1,-1,-1
130,23,1780,632,116,192,1,-1,-1,-1
130,31,1547,567,108,180,1,-1,-1,-1
130,38,1355,627,76,148,1,-1,-1,-1
130,40,925,553,64,132,1,-1,-1,-1
131,3,289,620,164,212,1,-1,-1,-1
131,23,1779,632,116,192,1,-1,-1,-1
131,31,1546,566,108,180,1,-1,-1,-1
131,38,1353,627,76,148,1,-1,-1,-1
131,40,927,553,64,132,1,-1,-1,-1
132,3,288,621,164,212,1,-1,-1,-1
132,23,1776,633,116,192,1,-1,-1,-1
132,31,1544,568,108,180,1,-1,-1,-1
132,38,1348,623,80,155,1,-1,-1,-1
132,40,928,550,64,132,1,-1,-1,-1
133,3,287,621,164,212,1,-1,-1,-1
133,23,1776,632,116,192,1,-1,-1,-1
133,31,1543,569,108,180,1,-1,-1,-1
133,38,1346,622,80,155,1,-1,-1,-1
134,3,285,621,164,212,1,-1,-1,-1
134,23,1775,632,116,192,1,-1,-1,-1
134,31,1543,569,108,180,1,-1,-1,-1
134,38,1342,622,80,155,1,-1,-1,-1
135,3,284,622,164,212,1,-1,-1,-1
135,23,1776,637,110,183,1,-1,-1,-1
135,31,1541,570,108,180,1,-1,-1,-1
135,38,1338,621,80,155,1,-1,-1,-1
136,3,283,622,164,212,1,-1,-1,-1
136,23,1775,637,110,183,1,-1,-1,-1
136,31,1541,570,108,180,1,-1,-1,-1
136,38,1336,620,80,155,1,-1,-1,-1
137,3,280,632,160,200,1,-1,-1,-1
137,23,1764,640,124,160,1,-1,-1,-1
137,31,1540,580,112,172,1,-1,-1,-1
137,38,1324,648,88,140,1,-1,-1,-1
138,3,262,627,160,200,1,-1,-1,-1
138,23,1761,635,124,160,1,-1,-1,-1
138,31,1535,576,112,172,1,-1,-1,-1
138,38,1314,643,88,140,1,-1,-1,-1
139,3,255,628,160,200,1,-1,-1,-1
139,23,1770,635,124,160,1,-1,-1,-1
139,31,1540,574,112,172,1,-1,-1,-1
139,38,1315,642,88,140,1,-1,-1,-1
140,3,248,630,160,200,1,-1,-1,-1
140,23,1783,636,124,160,1,-1,-1,-1
140,31,1551,576,112,172,1,-1,-1,-1
140,38,1317,642,88,140,1,-1,-1,-1
141,3,230,633,160,200,1,-1,-1,-1
141,23,1798,639,124,160,1,-1,-1,-1
141,31,1561,578,112,172,1,-1,-1,-1
141,38,1323,646,84,133,1,-1,-1,-1
142,3,213,635,160,200,1,-1,-1,-1
142,23,1812,641,124,160,1,-1,-1,-1
142,31,1568,578,112,172,1,-1,-1,-1
142,38,1324,646,84,133,1,-1,-1,-1
143,3,201,639,160,200,1,-1,-1,-1
143,23,1825,643,124,160,1,-1,-1,-1
143,31,1580,580,112,172,1,-1,-1,-1
143,38,1328,652,80,127,1,-1,-1,-1
144,3,183,643,160,200,1,-1,-1,-1
144,23,1836,645,124,160,1,-1,-1,-1
144,31,1586,583,112,172,1,-1,-1,-1
144,38,1330,655,80,127,1,-1,-1,-1
145,3,164,624,180,236,1,-1,-1,-1
145,23,1856,636,128,192,1,-1,-1,-1
145,31,1596,564,120,200,1,-1,-1,-1
145,38,1332,632,88,172,1,-1,-1,-1
145,41,884,540,88,172,1,-1,-1,-1
146,3,144,627,180,236,1,-1,-1,-1
146,23,1868,636,128,192,1,-1,-1,-1
146,31,1601,564,120,200,1,-1,-1,-1
146,38,1333,633,88,172,1,-1,-1,-1
146,41,883,536,88,172,1,-1,-1,-1
147,3,125,628,180,236,1,-1,-1,-1
147,23,1880,637,128,192,1,-1,-1,-1
147,31,1609,565,120,200,1,-1,-1,-1
147,38,1333,634,88,172,1,-1,-1,-1
147,41,883,534,88,172,1,-1,-1,-1
148,3,104,627,180,236,1,-1,-1,-1
148,23,1893,636,128,192,1,-1,-1,-1
148,31,1615,563,120,200,1,-1,-1,-1
148,38,1333,633,88,172,1,-1,-1,-1
148,41,880,531,88,172,1,-1,-1,-1
149,3,88,626,180,236,1,-1,-1,-1
149,23,1904,637,128,192,1,-1,-1,-1
149,31,1622,561,120,200,1,-1,-1,-1
149,38,1334,632,88,172,1,-1,-1,-1
150,3,66,626,180,236,1,-1,-1,-1
150,23,1911,633,134,202,1,-1,-1,-1
150,31,1625,555,126,210,1,-1,-1,-1
150,38,1333,631,88,172,1,-1,-1,-1
151,3,43,626,180,236,1,-1,-1,-1
151,23,1922,631,134,202,1,-1,-1,-1
151,31,1629,554,126,210,1,-1,-1,-1
151,38,1331,631,88,172,1,-1,-1,-1
152,3,18,619,189,248,1,-1,-1,-1
152,23,1934,625,141,212,1,-1,-1,-1
152,31,1637,553,126,210,1,-1,-1,-1
152,38,1331,628,88,172,1,-1,-1,-1
153,3,18,619,189,248,1,-1,-1,-1
153,23,1928,608,156,224,1,-1,-1,-1
153,31,1632,532,144,244,1,-1,-1,-1
153,38,1308,612,100,196,1,-1,-1,-1
154,3,0,616,162,248,1,-1,-1,-1
154,23,1938,606,156,224,1,-1,-1,-1
154,31,1637,529,144,244,1,-1,-1,-1
154,38,1308,609,100,196,1,-1,-1,-1
155,3,0,616,143,248,1,-1,-1,-1
155,23,1956,606,156,224,1,-1,-1,-1
155,31,1648,528,144,244,1,-1,-1,-1
155,38,1311,608,100,196,1,-1,-1,-1
156,3,0,613,116,248,1,-1,-1,-1
156,23,1961,602,156,224,1,-1,-1,-1
156,31,1649,523,144,244,1,-1,-1,-1
156,38,1309,602,100,196,1,-1,-1,-1
157,23,1977,601,156,224,1,-1,-1,-1
157,31,1659,522,144,244,1,-1,-1,-1
157,38,1309,599,100,196,1,-1,-1,-1
158,23,1989,595,164,235,1,-1,-1,-1
158,31,1663,514,151,256,1,-1,-1,-1
158,38,1308,594,105,206,1,-1,-1,-1
159,23,1997,589,172,247,1,-1,-1,-1
159,31,1671,510,151,256,1,-1,-1,-1
159,38,1309,591,105,206,1,-1,-1,-1
160,23,2016,589,172,247,1,-1,-1,-1
160,31,1681,504,159,269,1,-1,-1,-1
160,38,1308,587,110,216,1,-1,-1,-1
161,23,2020,584,184,264,1,-1,-1,-1
161,31,1688,492,160,272,1,-1,-1,-1
161,38,1296,584,124,236,1,-1,-1,-1
162,23,2023,580,184,264,1,-1,-1,-1
162,31,1688,488,160,272,1,-1,-1,-1
162,38,1291,581,124,236,1,-1,-1,-1
163,23,2025,577,184,264,1,-1,-1,-1
163,31,1687,484,160,272,1,-1,-1,-1
163,38,1287,578,124,236,1,-1,-1,-1
164,23,2023,574,184,264,1,-1,-1,-1
164,31,1683,482,160,272,1,-1,-1,-1
164,38,1277,572,130,248,1,-1,-1,-1
165,23,2021,572,184,264,1,-1,-1,-1
165,31,1678,480,160,272,1,-1,-1,-1
165,38,1273,570,130,248,1,-1,-1,-1
166,23,2016,570,184,264,1,-1,-1,-1
166,31,1675,478,160,272,1,-1,-1,-1
166,38,1269,568,130,248,1,-1,-1,-1
167,23,2013,567,184,264,1,-1,-1,-1
167,31,1672,477,160,272,1,-1,-1,-1
167,38,1265,564,130,248,1,-1,-1,-1
168,23,2010,565,184,264,1,-1,-1,-1
168,31,1669,475,160,272,1,-1,-1,-1
168,38,1265,570,124,236,1,-1,-1,-1
169,23,2008,568,176,268,1,-1,-1,-1
169,31,1664,468,168,268,1,-1,-1,-1
169,38,1252,568,128,240,1,-1,-1,-1
169,42,792,320,140,312,1,-1,-1,-1
170,23,2007,568,176,268,1,-1,-1,-1
170,31,1663,466,168,268,1,-1,-1,-1
170,38,1249,567,128,240,1,-1,-1,-1
170,42,789,318,140,312,1,-1,-1,-1
171,23,2004,567,176,268,1,-1,-1,-1
171,31,1661,466,168,268,1,-1,-1,-1
171,38,1247,567,128,240,1,-1,-1,-1
171,42,788,320,140,312,1,-1,-1,-1
172,23,2002,566,176,268,1,-1,-1,-1
172,31,1659,466,168,268,1,-1,-1,-1
172,38,1245,566,128,240,1,-1,-1,-1
172,42,789,316,140,312,1,-1,-1,-1
173,23,2000,567,176,268,1,-1,-1,-1
173,31,1656,466,168,268,1,-1,-1,-1
173,38,1237,559,134,252,1,-1,-1,-1
174,23,1996,566,176,268,1,-1,-1,-1
174,31,1651,459,176,281,1,-1,-1,-1
174,38,1234,560,134,252,1,-1,-1,-1
175,23,1993,566,176,268,1,-1,-1,-1
175,31,1651,467,168,268,1,-1,-1,-1
175,38,1229,561,134,252,1,-1,-1,-1
176,23,1990,567,176,268,1,-1,-1,-1
176,31,1647,467,168,268,1,-1,-1,-1
176,38,1226,561,134,252,1,-1,-1,-1
177,23,1980,564,188,268,1,-1,-1,-1
177,31,1640,468,184,264,1,-1,-1,-1
177,38,1216,552,144,252,1,-1,-1,-1
178,23,1977,565,188,268,1,-1,-1,-1
178,31,1637,468,184,264,1,-1,-1,-1
178,38,1213,551,144,252,1,-1,-1,-1
179,23,1974,566,188,268,1,-1,-1,-1
179,31,1632,470,184,264,1,-1,-1,-1
179,38,1209,552,144,252,1,-1,-1,-1
180,23,1968,566,188,268,1,-1,-1,-1
180,31,1628,471,184,264,1,-1,-1,-1
180,38,1203,551,144,252,1,-1,-1,-1
181,23,1954,563,197,281,1,-1,-1,-1
181,31,1616,472,184,264,1,-1,-1,-1
181,38,1192,552,144,252,1,-1,-1,-1
182,23,1943,566,197,281,1,-1,-1,-1
182,31,1606,474,184,264,1,-1,-1,-1
182,38,1180,553,144,252,1,-1,-1,-1
183,23,1933,566,197,281,1,-1,-1,-1
183,31,1596,477,184,264,1,-1,-1,-1
183,38,1168,554,144,252,1,-1,-1,-1
184,23,1919,568,197,281,1,-1,-1,-1
184,31,1583,478,184,264,1,-1,-1,-1
184,38,1156,553,144,252,1,-1,-1,-1
185,23,1916,576,180,268,1,-1,-1,-1
185,31,1576,472,172,292,1,-1,-1,-1
185,38,1144,560,136,252,1,-1,-1,-1
185,43,624,336,64,204,1,-1,-1,-1
186,23,1903,571,189,281,1,-1,-1,-1
186,31,1563,468,181,307,1,-1,-1,-1
186,38,1138,565,130,240,1,-1,-1,-1
186,43,620,339,64,204,1,-1,-1,-1
187,23,1893,573,189,281,1,-1,-1,-1
187,31,1555,471,181,307,1,-1,-1,-1
187,38,1128,568,130,240,1,-1,-1,-1
188,23,1886,573,189,281,1,-1,-1,-1
188,31,1544,471,181,307,1,-1,-1,-1
188,38,1118,568,130,240,1,-1,-1,-1
189,23,1877,575,189,281,1,-1,-1,-1
189,31,1536,471,181,307,1,-1,-1,-1
189,38,1110,568,130,240,1,-1,-1,-1
190,23,1870,575,189,281,1,-1,-1,-1
190,31,1529,469,181,307,1,-1,-1,-1
190,38,1101,569,130,240,1,-1,-1,-1
191,23,1863,576,189,281,1,-1,-1,-1
191,31,1523,469,181,307,1,-1,-1,-1
191,38,1092,570,130,240,1,-1,-1,-1
192,23,1856,576,189,281,1,-1,-1,-1
192,31,1515,471,181,307,1,-1,-1,-1
192,38,1084,569,130,240,1,-1,-1,-1
193,23,1852,580,180,280,1,-1,-1,-1
193,31,1512,484,168,296,1,-1,-1,-1
193,38,1072,580,136,232,1,-1,-1,-1
193,44,664,356,132,256,1,-1,-1,-1
193,45,520,344,80,196,1,-1,-1,-1
194,23,1848,580,180,280,1,-1,-1,-1
194,31,1507,485,168,296,1,-1,-1,-1
194,38,1068,580,136,232,1,-1,-1,-1
194,44,659,356,132,256,1,-1,-1,-1
194,45,515,349,80,196,1,-1,-1,-1
195,23,1843,580,180,280,1,-1,-1,-1
195,31,1502,485,168,296,1,-1,-1,-1
195,38,1061,581,136,232,1,-1,-1,-1
195,44,653,362,132,256,1,-1,-1,-1
196,23,1838,581,180,280,1,-1,-1,-1
196,31,1497,486,168,296,1,-1,-1,-1
196,38,1053,581,136,232,1,-1,-1,-1
196,44,650,364,132,256,1,-1,-1,-1
197,23,1831,583,180,280,1,-1,-1,-1
197,31,1492,488,168,296,1,-1,-1,-1
197,38,1044,583,136,232,1,-1,-1,-1
198,23,1825,582,180,280,1,-1,-1,-1
198,31,1483,478,176,311,1,-1,-1,-1
198,38,1037,584,136,232,1,-1,-1,-1
199,23,1819,582,180,280,1,-1,-1,-1
199,31,1477,478,176,311,1,-1,-1,-1
199,38,1033,585,136,232,1,-1,-1,-1
200,23,1812,583,180,280,1,-1,-1,-1
200,31,1470,478,176,311,1,-1,-1,-1
200,38,1029,593,130,221,1,-1,-1,-1
201,23,1804,584,184,276,1,-1,-1,-1
201,31,1460,492,164,284,1,-1,-1,-1
201,38,1024,576,112,244,1,-1,-1,-1
201,46,428,348,80,176,1,-1,-1,-1
201,47,608,368,48,188,1,-1,-1,-1
202,23,1799,584,184,276,1,-1,-1,-1
202,31,1455,492,164,284,1,-1,-1,-1
202,38,1018,576,112,244,1,-1,-1,-1
202,46,422,350,80,176,1,-1,-1,-1
202,47,602,361,50,197,1,-1,-1,-1
203,23,1789,576,193,290,1,-1,-1,-1
203,31,1449,493,164,284,1,-1,-1,-1
203,38,1012,576,112,244,1,-1,-1,-1
203,46,417,348,80,176,1,-1,-1,-1
204,23,1782,578,193,290,1,-1,-1,-1
204,31,1442,493,164,284,1,-1,-1,-1
204,38,1005,577,112,244,1,-1,-1,-1
205,23,1775,578,193,290,1,-1,-1,-1
205,31,1436,492,164,284,1,-1,-1,-1
205,38,995,571,118,256,1,-1,-1,-1
206,23,1768,578,193,290,1,-1,-1,-1
206,31,1430,491,164,284,1,-1,-1,-1
206,38,987,571,118,256,1,-1,-1,-1
207,23,1767,585,184,276,1,-1,-1,-1
207,31,1424,491,164,284,1,-1,-1,-1
207,38,980,569,118,256,1,-1,-1,-1
208,23,1763,584,184,276,1,-1,-1,-1
208,31,1417,491,164,284,1,-1,-1,-1
208,38,976,567,118,256,1,-1,-1,-1
209,23,1752,584,180,280,1,-1,-1,-1
209,31,1412,488,160,288,1,-1,-1,-1
209,38,972,560,100,252,1,-1,-1,-1
209,48,360,336,108,180,1,-1,-1,-1
210,23,1749,583,180,280,1,-1,-1,-1
210,31,1408,486,160,288,1,-1,-1,-1
210,38,969,559,100,252,1,-1,-1,-1
210,48,355,336,108,180,1,-1,-1,-1
211,23,1746,583,180,280,1,-1,-1,-1
211,31,1404,486,160,288,1,-1,-1,-1
211,38,965,557,100,252,1,-1,-1,-1
211,48,346,334,108,180,1,-1,-1,-1
212,23,1745,589,171,267,1,-1,-1,-1
212,31,1399,484,160,288,1,-1,-1,-1
212,38,961,556,100,252,1,-1,-1,-1
212,48,338,337,103,171,1,-1,-1,-1
213,23,1736,579,180,280,1,-1,-1,-1
213,31,1395,484,160,288,1,-1,-1,-1
213,38,957,553,100,252,1,-1,-1,-1
214,23,1733,578,180,280,1,-1,-1,-1
214,31,1389,473,168,302,1,-1,-1,-1
214,38,952,549,100,252,1,-1,-1,-1
215,23,1727,575,180,280,1,-1,-1,-1
215,31,1387,474,168,302,1,-1,-1,-1
215,38,947,546,100,252,1,-1,-1,-1
216,23,1722,572,180,280,1,-1,-1,-1
216,31,1384,473,168,302,1,-1,-1,-1
216,38,943,542,100,252,1,-1,-1,-1
217,23,1716,560,184,272,1,-1,-1,-1
217,31,1372,468,176,276,1,-1,-1,-1
217,38,932,536,108,256,1,-1,-1,-1
217,49,260,320,112,156,1,-1,-1,-1
217,50,540,340,88,220,1,-1,-1,-1
217,51,472,320,64,200,1,-1,-1,-1
218,23,1717,564,175,259,1,-1,-1,-1
218,31,1374,472,168,263,1,-1,-1,-1
218,38,930,533,108,256,1,-1,-1,-1
218,49,256,318,112,156,1,-1,-1,-1
218,50,534,338,92,231,1,-1,-1,-1
218,51,470,319,64,200,1,-1,-1,-1
219,23,1715,560,175,259,1,-1,-1,-1
219,31,1370,470,168,263,1,-1,-1,-1
219,38,925,527,108,256,1,-1,-1,-1
219,49,250,317,112,156,1,-1,-1,-1
219,50,530,338,92,231,1,-1,-1,-1
219,51,468,309,64,200,1,-1,-1,-1
220,23,1710,557,175,259,1,-1,-1,-1
220,31,1366,467,168,263,1,-1,-1,-1
220,38,921,524,108,256,1,-1,-1,-1
220,49,238,310,112,156,1,-1,-1,-1
220,50,527,333,97,243,1,-1,-1,-1
221,23,1708,554,175,259,1,-1,-1,-1
221,31,1362,463,168,263,1,-1,-1,-1
221,38,917,521,108,256,1,-1,-1,-1
221,50,527,328,97,243,1,-1,-1,-1
222,23,1705,550,175,259,1,-1,-1,-1
222,31,1360,461,168,263,1,-1,-1,-1
222,38,913,518,108,256,1,-1,-1,-1
223,23,1701,546,175,259,1,-1,-1,-1
223,31,1357,457,168,263,1,-1,-1,-1
223,38,910,516,108,256,1,-1,-1,-1
224,23,1705,541,175,259,1,-1,-1,-1
224,31,1359,451,168,263,1,-1,-1,-1
224,38,911,513,108,256,1,-1,-1,-1
225,23,1700,536,184,264,1,-1,-1,-1
225,31,1356,440,168,268,1,-1,-1,-1
225,38,920,500,88,264,1,-1,-1,-1
225,52,184,288,184,172,1,-1,-1,-1
225,53,524,320,100,220,1,-1,-1,-1
226,23,1699,534,184,264,1,-1,-1,-1
226,31,1358,446,160,255,1,-1,-1,-1
226,38,918,499,88,264,1,-1,-1,-1
226,52,180,285,184,172,1,-1,-1,-1
226,53,522,317,100,220,1,-1,-1,-1
227,23,1696,532,184,264,1,-1,-1,-1
227,31,1356,443,160,255,1,-1,-1,-1
227,38,916,498,88,264,1,-1,-1,-1
227,52,176,281,184,172,1,-1,-1,-1
227,53,519,313,100,220,1,-1,-1,-1
228,23,1694,530,184,264,1,-1,-1,-1
228,31,1353,441,160,255,1,-1,-1,-1
228,38,913,497,88,264,1,-1,-1,-1
228,52,173,277,184,172,1,-1,-1,-1
228,53,515,307,100,220,1,-1,-1,-1
229,23,1693,528,184,264,1,-1,-1,-1
229,31,1351,440,160,255,1,-1,-1,-1
229,38,911,495,88,264,1,-1,-1,-1
229,52,169,274,184,172,1,-1,-1,-1
229,53,512,305,100,220,1,-1,-1,-1
230,23,1691,526,184,264,1,-1,-1,-1
230,31,1347,432,168,268,1,-1,-1,-1
230,38,909,494,88,264,1,-1,-1,-1
230,52,165,271,184,172,1,-1,-1,-1
230,53,509,307,100,220,1,-1,-1,-1
231,23,1690,524,184,264,1,-1,-1,-1
231,31,1346,429,168,268,1,-1,-1,-1
231,38,906,492,88,264,1,-1,-1,-1
231,52,162,270,184,172,1,-1,-1,-1
231,53,508,309,100,220,1,-1,-1,-1
232,23,1688,524,184,264,1,-1,-1,-1
232,31,1346,428,168,268,1,-1,-1,-1
232,38,905,490,88,264,1,-1,-1,-1
232,52,163,270,184,172,1,-1,-1,-1
232,53,507,311,100,220,1,-1,-1,-1
233,23,1688,524,188,264,1,-1,-1,-1
233,31,1352,424,160,280,1,-1,-1,-1
233,38,896,488,96,268,1,-1,-1,-1
233,52,132,268,204,184,1,-1,-1,-1
233,53,460,308,148,208,1,-1,-1,-1
233,54,384,304,88,164,1,-1,-1,-1
234,23,1688,523,188,264,1,-1,-1,-1
234,31,1352,422,160,280,1,-1,-1,-1
234,38,896,487,96,268,1,-1,-1,-1
234,52,131,267,204,184,1,-1,-1,-1
234,53,458,306,148,208,1,-1,-1,-1
234,54,382,301,88,164,1,-1,-1,-1
235,23,1686,523,188,264,1,-1,-1,-1
235,31,1352,422,160,280,1,-1,-1,-1
235,38,895,487,96,268,1,-1,-1,-1
235,52,130,266,204,184,1,-1,-1,-1
235,53,456,303,148,208,1,-1,-1,-1
235,54,381,297,88,164,1,-1,-1,-1
236,23,1684,522,188,264,1,-1,-1,-1
236,31,1353,421,160,280,1,-1,-1,-1
236,38,895,487,96,268,1,-1,-1,-1
236,52,130,263,204,184,1,-1,-1,-1
236,53,454,301,148,208,1,-1,-1,-1
236,54,378,291,88,164,1,-1,-1,-1
237,23,1687,520,188,264,1,-1,-1,-1
237,31,1359,425,152,267,1,-1,-1,-1
237,38,897,486,96,268,1,-1,-1,-1
237,52,133,262,204,184,1,-1,-1,-1
237,53,453,298,148,208,1,-1,-1,-1
237,54,377,288,88,164,1,-1,-1,-1
238,23,1693,519,188,264,1,-1,-1,-1
238,31,1364,424,152,267,1,-1,-1,-1
238,38,904,483,96,268,1,-1,-1,-1
238,52,140,261,204,184,1,-1,-1,-1
238,53,457,295,148,208,1,-1,-1,-1
238,54,381,286,88,164,1,-1,-1,-1
239,23,1702,518,188,264,1,-1,-1,-1
239,31,1373,423,152,267,1,-1,-1,-1
239,38,910,484,96,268,1,-1,-1,-1
239,52,148,259,204,184,1,-1,-1,-1
239,53,462,292,148,208,1,-1,-1,-1
239,54,384,286,88,164,1,-1,-1,-1
240,23,1710,517,188,264,1,-1,-1,-1
240,31,1384,423,152,267,1,-1,-1,-1
240,38,921,484,96,268,1,-1,-1,-1
240,52,158,258,204,184,1,-1,-1,-1
240,53,468,290,148,208,1,-1,-1,-1
240,54,391,285,88,164,1,-1,-1,-1
241,23,1712,512,208,256,1,-1,-1,-1
241,31,1388,408,168,272,1,-1,-1,-1
241,38,928,500,108,248,1,-1,-1,-1
241,52,188,248,180,188,1,-1,-1,-1
241,53,484,276,140,232,1,-1,-1,-1
241,54,391,285,88,164,1,-1,-1,-1
242,23,1721,511,208,256,1,-1,-1,-1
242,31,1400,414,160,259,1,-1,-1,-1
242,38,937,499,108,248,1,-1,-1,-1
242,52,198,247,180,188,1,-1,-1,-1
242,53,490,275,140,232,1,-1,-1,-1
242,54,410,288,88,164,1,-1,-1,-1
243,23,1731,511,208,256,1,-1,-1,-1
243,31,1413,412,160,259,1,-1,-1,-1
243,38,949,499,108,248,1,-1,-1,-1
243,52,209,245,180,188,1,-1,-1,-1
243,53,502,281,133,221,1,-1,-1,-1
243,54,424,287,88,164,1,-1,-1,-1
244,23,1741,511,208,256,1,-1,-1,-1
244,31,1422,413,160,259,1,-1,-1,-1
244,38,961,499,108,248,1,-1,-1,-1
244,52,219,245,180,188,1,-1,-1,-1
244,53,511,281,133,221,1,-1,-1,-1
244,54,431,285,88,164,1,-1,-1,-1
245,23,1754,517,198,244,1,-1,-1,-1
245,31,1433,413,160,259,1,-1,-1,-1
245,38,970,497,108,248,1,-1,-1,-1
245,52,230,245,180,188,1,-1,-1,-1
245,53,520,280,133,221,1,-1,-1,-1
245,54,437,284,88,164,1,-1,-1,-1
246,23,1769,522,189,232,1,-1,-1,-1
246,31,1446,411,160,259,1,-1,-1,-1
246,38,982,497,108,248,1,-1,-1,-1
246,52,242,244,180,188,1,-1,-1,-1
246,53,531,281,133,221,1,-1,-1,-1
246,54,450,281,88,164,1,-1,-1,-1
247,23,1780,523,189,232,1,-1,-1,-1
247,31,1455,410,160,259,1,-1,-1,-1
247,38,990,493,108,248,1,-1,-1,-1
247,52,252,242,180,188,1,-1,-1,-1
247,53,541,279,133,221,1,-1,-1,-1
248,23,1791,522,189,232,1,-1,-1,-1
248,31,1465,411,160,259,1,-1,-1,-1
248,38,997,488,113,260,1,-1,-1,-1
248,52,262,242,180,188,1,-1,-1,-1
248,53,556,278,133,221,1,-1,-1,-1
249,23,1784,512,204,252,1,-1,-1,-1
249,31,1480,400,168,276,1,-1,-1,-1
249,38,997,488,113,260,1,-1,-1,-1
249,52,272,240,184,192,1,-1,-1,-1
249,53,556,278,133,221,1,-1,-1,-1
250,23,1802,511,204,252,1,-1,-1,-1
250,31,1493,399,168,276,1,-1,-1,-1
250,38,1019,484,113,260,1,-1,-1,-1
250,52,275,232,184,192,1,-1,-1,-1
250,53,569,270,133,221,1,-1,-1,-1
251,23,1821,508,204,252,1,-1,-1,-1
251,31,1511,393,168,276,1,-1,-1,-1
251,38,1027,479,113,260,1,-1,-1,-1
251,52,279,230,184,192,1,-1,-1,-1
251,53,575,266,133,221,1,-1,-1,-1
252,23,1839,508,204,252,1,-1,-1,-1
252,31,1518,385,176,290,1,-1,-1,-1
252,38,1035,473,119,273,1,-1,-1,-1
252,52,281,224,184,192,1,-1,-1,-1
252,53,575,254,140,232,1,-1,-1,-1
253,23,1860,507,204,252,1,-1,-1,-1
253,31,1541,382,176,290,1,-1,-1,-1
253,38,1045,472,119,273,1,-1,-1,-1
253,52,283,217,184,192,1,-1,-1,-1
253,53,581,249,140,232,1,-1,-1,-1
254,23,1884,508,204,252,1,-1,-1,-1
254,31,1564,386,168,276,1,-1,-1,-1
254,38,1061,465,119,273,1,-1,-1,-1
254,52,287,213,184,192,1,-1,-1,-1
254,53,582,245,140,232,1,-1,-1,-1
255,23,1913,506,204,252,1,-1,-1,-1
255,31,1588,383,168,276,1,-1,-1,-1
255,38,1074,464,119,273,1,-1,-1,-1
255,52,287,206,184,192,1,-1,-1,-1
255,53,581,232,147,244,1,-1,-1,-1
256,23,1938,505,204,252,1,-1,-1,-1
256,31,1607,382,168,276,1,-1,-1,-1
256,38,1083,467,119,273,1,-1,-1,-1
256,52,282,202,184,192,1,-1,-1,-1
256,53,582,228,147,244,1,-1,-1,-1
257,23,1964,500,216,260,1,-1,-1,-1
257,31,1616,368,208,304,1,-1,-1,-1
257,38,1084,456,144,276,1,-1,-1,-1
257,52,268,180,200,220,1,-1,-1,-1
257,53,484,228,264,244,1,-1,-1,-1
258,23,1987,502,216,260,1,-1,-1,-1
258,31,1638,367,208,304,1,-1,-1,-1
258,38,1090,458,144,276,1,-1,-1,-1
258,52,264,176,200,220,1,-1,-1,-1
258,53,484,225,264,244,1,-1,-1,-1
259,23,2006,495,227,273,1,-1,-1,-1
259,31,1656,364,208,304,1,-1,-1,-1
259,38,1098,458,144,276,1,-1,-1,-1
259,52,258,171,200,220,1,-1,-1,-1
259,53,481,223,264,244,1,-1,-1,-1
260,23,2032,494,227,273,1,-1,-1,-1
260,31,1676,365,208,304,1,-1,-1,-1
260,38,1107,458,144,276,1,-1,-1,-1
260,52,254,164,200,220,1,-1,-1,-1
260,53,479,220,264,244,1,-1,-1,-1
261,23,2057,496,227,273,1,-1,-1,-1
261,31,1693,365,208,304,1,-1,-1,-1
261,38,1115,459,144,276,1,-1,-1,-1
261,52,246,158,200,220,1,-1,-1,-1
261,53,473,212,264,244,1,-1,-1,-1
262,23,2077,494,227,273,1,-1,-1,-1
262,31,1706,356,218,319,1,-1,-1,-1
262,38,1121,457,144,276,1,-1,-1,-1
262,52,235,147,200,220,1,-1,-1,-1
262,53,469,207,264,244,1,-1,-1,-1
263,23,2093,487,238,287,1,-1,-1,-1
263,31,1723,353,218,319,1,-1,-1,-1
263,38,1125,456,144,276,1,-1,-1,-1
263,52,227,138,200,220,1,-1,-1,-1
263,53,457,191,277,256,1,-1,-1,-1
264,23,2116,489,238,287,1,-1,-1,-1
264,31,1742,362,208,304,1,-1,-1,-1
264,38,1129,456,144,276,1,-1,-1,-1
264,52,214,133,200,220,1,-1,-1,-1
264,53,451,184,277,256,1,-1,-1,-1
265,23,2116,489,238,287,1,-1,-1,-1
265,31,1756,328,248,352,1,-1,-1,-1
265,38,1128,436,168,320,1,-1,-1,-1
265,52,196,120,220,224,1,-1,-1,-1
265,53,451,184,277,256,1,-1,-1,-1
266,23,2158,488,238,287,1,-1,-1,-1
266,31,1772,326,248,352,1,-1,-1,-1
266,38,1130,437,168,320,1,-1,-1,-1
266,52,187,116,220,224,1,-1,-1,-1
266,53,434,167,291,269,1,-1,-1,-1
267,23,2180,484,250,301,1,-1,-1,-1
267,31,1786,317,260,370,1,-1,-1,-1
267,38,1130,427,176,336,1,-1,-1,-1
267,52,176,107,220,224,1,-1,-1,-1
267,53,428,160,291,269,1,-1,-1,-1
268,23,2203,489,250,301,1,-1,-1,-1
268,31,1800,316,260,370,1,-1,-1,-1
268,38,1132,430,176,336,1,-1,-1,-1
268,52,162,101,220,224,1,-1,-1,-1
268,53,420,154,291,269,1,-1,-1,-1
269,23,2227,490,250,301,1,-1,-1,-1
269,31,1823,316,260,370,1,-1,-1,-1
269,38,1136,431,176,336,1,-1,-1,-1
269,52,149,97,220,224,1,-1,-1,-1
269,53,418,151,291,269,1,-1,-1,-1
