1,0,396,135,600,153,1,-1,-1,-1
1,1,1263,438,327,270,1,-1,-1,-1
1,2,879,459,204,135,1,-1,-1,-1
1,3,174,921,459,126,1,-1,-1,-1
1,4,1749,324,168,72,1,-1,-1,-1
1,5,1098,3,768,282,1,-1,-1,-1
2,0,387,135,600,153,1,-1,-1,-1
2,1,1245,449,327,270,1,-1,-1,-1
2,2,873,463,204,135,1,-1,-1,-1
2,3,175,919,459,126,1,-1,-1,-1
2,4,1719,327,168,72,1,-1,-1,-1
2,5,1082,1,768,282,1,-1,-1,-1
3,0,361,140,571,146,1,-1,-1,-1
3,1,1227,460,327,270,1,-1,-1,-1
3,2,865,469,204,135,1,-1,-1,-1
3,3,172,916,459,126,1,-1,-1,-1
3,4,1693,329,168,72,1,-1,-1,-1
3,5,1061,2,768,282,1,-1,-1,-1
4,0,331,138,600,153,1,-1,-1,-1
4,1,1211,472,327,270,1,-1,-1,-1
4,2,856,476,204,135,1,-1,-1,-1
4,3,170,912,459,126,1,-1,-1,-1
4,4,1671,335,160,69,1,-1,-1,-1
4,5,1042,4,768,282,1,-1,-1,-1
5,0,289,135,630,161,1,-1,-1,-1
5,1,1191,484,327,270,1,-1,-1,-1
5,2,850,479,204,135,1,-1,-1,-1
5,3,170,907,459,126,1,-1,-1,-1
5,4,1642,339,160,69,1,-1,-1,-1
5,5,1028,5,768,282,1,-1,-1,-1
6,0,261,135,630,161,1,-1,-1,-1
6,1,1179,494,327,270,1,-1,-1,-1
6,2,843,483,204,135,1,-1,-1,-1
6,3,174,905,459,126,1,-1,-1,-1
6,4,1620,342,160,69,1,-1,-1,-1
6,5,1020,1,768,282,1,-1,-1,-1
7,0,234,134,662,169,1,-1,-1,-1
7,1,1159,507,327,270,1,-1,-1,-1
7,2,837,487,204,135,1,-1,-1,-1
7,3,174,901,459,126,1,-1,-1,-1
7,4,1603,347,152,65,1,-1,-1,-1
8,0,203,136,630,161,1,-1,-1,-1
8,1,1145,515,327,270,1,-1,-1,-1
8,2,830,491,204,135,1,-1,-1,-1
8,3,173,898,459,126,1,-1,-1,-1
8,4,1576,351,152,65,1,-1,-1,-1
9,0,177,138,633,156,1,-1,-1,-1
9,1,1095,531,360,270,1,-1,-1,-1
9,2,825,495,189,135,1,-1,-1,-1
9,3,114,891,534,132,1,-1,-1,-1
9,4,1576,351,152,65,1,-1,-1,-1
9,6,951,162,573,171,1,-1,-1,-1
9,7,1572,177,348,264,1,-1,-1,-1
9,8,1515,66,405,216,1,-1,-1,-1
10,0,164,139,633,156,1,-1,-1,-1
10,1,1084,538,360,270,1,-1,-1,-1
10,2,820,498,189,135,1,-1,-1,-1
10,3,117,890,534,132,1,-1,-1,-1
10,6,930,163,573,171,1,-1,-1,-1
10,7,1553,176,348,264,1,-1,-1,-1
10,8,1497,64,405,216,1,-1,-1,-1
11,0,137,141,633,156,1,-1,-1,-1
11,1,1066,549,360,270,1,-1,-1,-1
11,2,814,501,189,135,1,-1,-1,-1
11,3,133,891,509,126,1,-1,-1,-1
11,6,909,167,573,171,1,-1,-1,-1
11,7,1532,175,348,264,1,-1,-1,-1
11,8,1474,57,405,216,1,-1,-1,-1
12,0,100,139,665,164,1,-1,-1,-1
12,1,1048,561,360,270,1,-1,-1,-1
12,2,804,500,198,142,1,-1,-1,-1
12,3,134,886,509,126,1,-1,-1,-1
12,6,890,172,573,171,1,-1,-1,-1
12,7,1510,175,348,264,1,-1,-1,-1
12,8,1448,50,405,216,1,-1,-1,-1
13,0,73,141,665,164,1,-1,-1,-1
13,1,1032,573,360,270,1,-1,-1,-1
13,2,796,504,198,142,1,-1,-1,-1
13,3,122,878,534,132,1,-1,-1,-1
13,6,826,163,602,180,1,-1,-1,-1
13,7,1487,175,348,264,1,-1,-1,-1
13,8,1424,42,405,216,1,-1,-1,-1
14,0,48,143,665,164,1,-1,-1,-1
14,1,1016,583,360,270,1,-1,-1,-1
14,2,790,507,198,142,1,-1,-1,-1
14,3,123,874,534,132,1,-1,-1,-1
14,6,815,163,602,180,1,-1,-1,-1
14,7,1461,167,348,264,1,-1,-1,-1
14,8,1398,35,405,216,1,-1,-1,-1
15,0,30,145,665,164,1,-1,-1,-1
15,1,998,593,360,270,1,-1,-1,-1
15,2,780,511,198,142,1,-1,-1,-1
15,7,1446,174,348,264,1,-1,-1,-1
15,8,1385,34,386,206,1,-1,-1,-1
16,0,5,145,665,164,1,-1,-1,-1
16,1,981,604,360,270,1,-1,-1,-1
16,2,775,515,198,142,1,-1,-1,-1
16,7,1426,164,348,264,1,-1,-1,-1
16,8,1359,26,386,206,1,-1,-1,-1
17,0,0,150,627,159,1,-1,-1,-1
17,1,924,609,417,291,1,-1,-1,-1
17,2,792,522,168,135,1,-1,-1,-1
17,7,1426,164,348,264,1,-1,-1,-1
17,8,1359,26,386,206,1,-1,-1,-1
17,9,1338,15,558,300,1,-1,-1,-1
17,10,828,141,462,228,1,-1,-1,-1
18,0,0,149,611,159,1,-1,-1,-1
18,1,911,614,417,291,1,-1,-1,-1
18,2,788,523,168,135,1,-1,-1,-1
18,8,1322,12,386,206,1,-1,-1,-1
18,9,1325,16,558,300,1,-1,-1,-1
18,10,813,142,462,228,1,-1,-1,-1
19,0,0,155,604,159,1,-1,-1,-1
19,1,891,621,417,291,1,-1,-1,-1
19,2,778,521,176,142,1,-1,-1,-1
19,8,1291,5,386,206,1,-1,-1,-1
19,9,1308,13,558,300,1,-1,-1,-1
19,10,794,138,462,228,1,-1,-1,-1
20,0,0,157,555,159,1,-1,-1,-1
20,1,875,629,417,291,1,-1,-1,-1
20,2,766,519,185,149,1,-1,-1,-1
20,8,1268,0,386,205,1,-1,-1,-1
20,9,1284,9,558,300,1,-1,-1,-1
20,10,769,129,462,228,1,-1,-1,-1
21,0,0,155,565,167,1,-1,-1,-1
21,1,856,639,417,291,1,-1,-1,-1
21,2,765,527,176,142,1,-1,-1,-1
21,8,1246,0,386,199,1,-1,-1,-1
21,9,1259,7,558,300,1,-1,-1,-1
21,10,740,126,462,228,1,-1,-1,-1
22,0,0,154,525,175,1,-1,-1,-1
22,1,836,648,417,291,1,-1,-1,-1
22,2,758,530,176,142,1,-1,-1,-1
22,8,1237,0,367,192,1,-1,-1,-1
22,9,1242,4,558,300,1,-1,-1,-1
22,10,727,126,462,228,1,-1,-1,-1
23,1,808,648,438,306,1,-1,-1,-1
23,2,752,533,176,142,1,-1,-1,-1
23,8,1220,0,350,180,1,-1,-1,-1
23,9,1227,6,558,300,1,-1,-1,-1
23,10,718,128,440,217,1,-1,-1,-1
24,1,787,655,438,306,1,-1,-1,-1
24,2,747,535,176,142,1,-1,-1,-1
24,8,1204,0,350,182,1,-1,-1,-1
24,9,1213,4,558,300,1,-1,-1,-1
24,10,696,124,440,217,1,-1,-1,-1
25,1,780,657,447,336,1,-1,-1,-1
25,2,726,540,192,147,1,-1,-1,-1
25,8,1204,0,350,182,1,-1,-1,-1
25,9,1158,3,540,222,1,-1,-1,-1
25,10,669,99,423,204,1,-1,-1,-1
25,11,0,177,447,171,1,-1,-1,-1
25,12,1293,369,372,126,1,-1,-1,-1
25,13,345,756,339,186,1,-1,-1,-1
26,1,773,656,447,336,1,-1,-1,-1
26,2,720,541,192,147,1,-1,-1,-1
26,8,1162,0,367,182,1,-1,-1,-1
26,9,1164,11,514,211,1,-1,-1,-1
26,10,656,97,423,204,1,-1,-1,-1
26,11,0,178,430,171,1,-1,-1,-1
26,12,1283,369,372,126,1,-1,-1,-1
26,13,351,753,339,186,1,-1,-1,-1
27,1,765,656,447,336,1,-1,-1,-1
27,2,716,543,192,147,1,-1,-1,-1
27,9,1142,9,514,211,1,-1,-1,-1
27,10,633,90,423,204,1,-1,-1,-1
27,11,0,183,391,163,1,-1,-1,-1
27,12,1262,371,354,120,1,-1,-1,-1
27,13,369,751,339,186,1,-1,-1,-1
28,1,758,656,447,336,1,-1,-1,-1
28,2,709,543,192,147,1,-1,-1,-1
28,9,1128,8,514,211,1,-1,-1,-1
28,10,625,89,423,204,1,-1,-1,-1
28,11,0,185,394,163,1,-1,-1,-1
28,12,1242,367,372,126,1,-1,-1,-1
28,13,379,747,339,186,1,-1,-1,-1
29,1,761,656,447,336,1,-1,-1,-1
29,2,708,549,183,140,1,-1,-1,-1
29,9,1113,8,514,211,1,-1,-1,-1
29,10,595,82,423,204,1,-1,-1,-1
29,11,0,188,354,163,1,-1,-1,-1
29,12,1217,363,372,126,1,-1,-1,-1
29,13,381,740,356,195,1,-1,-1,-1
30,1,770,670,426,320,1,-1,-1,-1
30,2,704,552,174,133,1,-1,-1,-1
30,9,1102,5,514,211,1,-1,-1,-1
30,10,566,67,423,204,1,-1,-1,-1
30,12,1213,362,372,126,1,-1,-1,-1
30,13,397,737,356,195,1,-1,-1,-1
31,2,698,559,174,133,1,-1,-1,-1
31,10,541,62,423,204,1,-1,-1,-1
31,12,1192,361,354,120,1,-1,-1,-1
31,13,408,737,356,195,1,-1,-1,-1
32,2,692,562,174,133,1,-1,-1,-1
32,12,1165,356,354,120,1,-1,-1,-1
32,13,411,734,374,205,1,-1,-1,-1
33,2,692,562,174,133,1,-1,-1,-1
33,12,1146,348,342,141,1,-1,-1,-1
33,13,411,734,374,205,1,-1,-1,-1
33,14,993,9,537,135,1,-1,-1,-1
33,15,330,705,480,366,1,-1,-1,-1
33,16,471,66,444,156,1,-1,-1,-1
33,17,0,210,240,141,1,-1,-1,-1
33,18,1755,567,165,159,1,-1,-1,-1
33,19,768,594,330,360,1,-1,-1,-1
34,12,1137,348,342,141,1,-1,-1,-1
34,13,433,729,392,215,1,-1,-1,-1
34,14,976,9,537,135,1,-1,-1,-1
34,15,336,705,480,366,1,-1,-1,-1
34,16,442,63,444,156,1,-1,-1,-1
34,17,0,214,221,141,1,-1,-1,-1
34,18,1734,563,165,159,1,-1,-1,-1
34,19,766,587,330,360,1,-1,-1,-1
35,12,1109,343,342,141,1,-1,-1,-1
35,14,969,7,537,135,1,-1,-1,-1
35,15,333,697,504,383,1,-1,-1,-1
35,16,434,63,444,156,1,-1,-1,-1
35,17,0,218,201,141,1,-1,-1,-1
35,18,1704,558,165,159,1,-1,-1,-1
35,19,763,570,330,360,1,-1,-1,-1
36,12,1091,337,342,141,1,-1,-1,-1
36,14,928,9,537,135,1,-1,-1,-1
36,15,340,696,504,384,1,-1,-1,-1
36,16,412,67,423,149,1,-1,-1,-1
36,18,1679,552,165,159,1,-1,-1,-1
36,19,758,561,330,360,1,-1,-1,-1
37,12,1072,332,342,141,1,-1,-1,-1
37,15,347,696,504,384,1,-1,-1,-1
37,18,1657,552,157,151,1,-1,-1,-1
38,12,1061,330,342,141,1,-1,-1,-1
38,15,350,695,504,384,1,-1,-1,-1
38,18,1635,543,157,151,1,-1,-1,-1
39,12,1043,325,326,134,1,-1,-1,-1
39,15,353,692,504,384,1,-1,-1,-1
39,18,1612,532,157,151,1,-1,-1,-1
40,12,1039,323,326,134,1,-1,-1,-1
40,15,366,690,504,384,1,-1,-1,-1
40,18,1589,527,157,151,1,-1,-1,-1
41,12,1014,300,309,144,1,-1,-1,-1
41,15,351,705,516,351,1,-1,-1,-1
41,18,1589,527,157,151,1,-1,-1,-1
41,20,831,3,498,165,1,-1,-1,-1
41,21,1572,564,345,138,1,-1,-1,-1
41,22,747,372,219,537,1,-1,-1,-1
41,23,1572,93,348,138,1,-1,-1,-1
41,24,1497,0,345,84,1,-1,-1,-1
42,12,999,298,309,144,1,-1,-1,-1
42,15,356,702,516,351,1,-1,-1,-1
42,20,816,3,498,165,1,-1,-1,-1
42,21,1547,559,362,145,1,-1,-1,-1
42,22,746,358,219,537,1,-1,-1,-1
42,23,1537,91,348,138,1,-1,-1,-1
42,24,1477,0,345,84,1,-1,-1,-1
43,12,986,295,309,144,1,-1,-1,-1
43,15,367,700,516,351,1,-1,-1,-1
43,20,795,3,498,165,1,-1,-1,-1
43,21,1535,553,362,145,1,-1,-1,-1
43,22,744,327,219,537,1,-1,-1,-1
43,23,1505,86,348,138,1,-1,-1,-1
43,24,1465,0,345,81,1,-1,-1,-1
44,12,968,288,309,144,1,-1,-1,-1
44,15,384,698,516,351,1,-1,-1,-1
44,20,782,3,498,165,1,-1,-1,-1
44,21,1504,540,362,145,1,-1,-1,-1
44,22,736,302,230,564,1,-1,-1,-1
44,23,1478,84,331,131,1,-1,-1,-1
45,12,950,280,309,144,1,-1,-1,-1
45,15,399,700,516,351,1,-1,-1,-1
45,20,757,8,498,165,1,-1,-1,-1
45,21,1480,534,362,145,1,-1,-1,-1
45,23,1455,84,316,125,1,-1,-1,-1
46,12,936,279,309,144,1,-1,-1,-1
46,15,404,692,542,369,1,-1,-1,-1
46,20,751,12,498,165,1,-1,-1,-1
46,21,1468,532,362,145,1,-1,-1,-1
46,23,1420,81,316,125,1,-1,-1,-1
47,12,918,273,309,144,1,-1,-1,-1
47,15,414,700,542,369,1,-1,-1,-1
47,21,1443,521,362,145,1,-1,-1,-1
47,23,1389,78,316,125,1,-1,-1,-1
48,12,907,271,309,144,1,-1,-1,-1
48,15,441,717,516,351,1,-1,-1,-1
48,21,1425,517,345,138,1,-1,-1,-1
48,23,1361,74,316,125,1,-1,-1,-1
49,12,907,271,309,144,1,-1,-1,-1
49,15,489,639,591,429,1,-1,-1,-1
49,21,1404,534,375,159,1,-1,-1,-1
49,23,1361,74,316,125,1,-1,-1,-1
49,25,1332,60,588,282,1,-1,-1,-1
49,26,42,48,561,168,1,-1,-1,-1
50,12,874,266,309,144,1,-1,-1,-1
50,15,500,640,591,429,1,-1,-1,-1
50,21,1397,533,375,159,1,-1,-1,-1
50,23,1301,71,316,125,1,-1,-1,-1
50,25,1311,59,588,282,1,-1,-1,-1
50,26,32,48,561,168,1,-1,-1,-1
51,12,873,267,294,137,1,-1,-1,-1
51,15,511,645,591,429,1,-1,-1,-1
51,21,1374,526,375,159,1,-1,-1,-1
51,23,1280,73,301,119,1,-1,-1,-1
51,25,1277,58,588,282,1,-1,-1,-1
51,26,21,54,561,168,1,-1,-1,-1
52,12,869,267,280,131,1,-1,-1,-1
52,15,526,648,591,429,1,-1,-1,-1
52,21,1352,520,375,159,1,-1,-1,-1
52,23,1252,71,301,119,1,-1,-1,-1
52,25,1253,57,588,282,1,-1,-1,-1
53,12,853,263,280,131,1,-1,-1,-1
53,15,537,651,591,429,1,-1,-1,-1
53,21,1347,521,357,151,1,-1,-1,-1
53,23,1230,73,286,114,1,-1,-1,-1
53,25,1221,57,588,282,1,-1,-1,-1
54,12,851,258,280,131,1,-1,-1,-1
54,15,551,652,591,428,1,-1,-1,-1
54,21,1335,517,357,151,1,-1,-1,-1
54,23,1201,72,286,114,1,-1,-1,-1
54,25,1186,56,588,282,1,-1,-1,-1
55,15,567,655,591,425,1,-1,-1,-1
55,21,1312,507,357,151,1,-1,-1,-1
55,23,1175,73,286,114,1,-1,-1,-1
55,25,1162,52,588,282,1,-1,-1,-1
56,15,581,658,591,422,1,-1,-1,-1
56,21,1299,505,357,151,1,-1,-1,-1
56,23,1148,73,286,114,1,-1,-1,-1
56,25,1134,46,617,296,1,-1,-1,-1
57,15,597,621,642,423,1,-1,-1,-1
57,21,1281,486,342,150,1,-1,-1,-1
57,23,1148,73,286,114,1,-1,-1,-1
57,25,1119,54,678,189,1,-1,-1,-1
57,27,531,108,537,501,1,-1,-1,-1
58,15,609,621,642,423,1,-1,-1,-1
58,21,1272,484,342,150,1,-1,-1,-1
58,23,1101,73,286,114,1,-1,-1,-1
58,25,1106,51,678,189,1,-1,-1,-1
58,27,533,102,537,501,1,-1,-1,-1
59,15,625,624,642,423,1,-1,-1,-1
59,21,1259,481,342,150,1,-1,-1,-1
59,23,1075,75,286,114,1,-1,-1,-1
59,25,1083,50,678,189,1,-1,-1,-1
59,27,535,92,537,501,1,-1,-1,-1
60,15,643,624,642,423,1,-1,-1,-1
60,21,1243,477,342,150,1,-1,-1,-1
60,23,1058,77,273,108,1,-1,-1,-1
60,25,1051,45,712,198,1,-1,-1,-1
60,27,541,81,537,501,1,-1,-1,-1
61,15,660,625,642,423,1,-1,-1,-1
61,21,1220,469,359,158,1,-1,-1,-1
61,23,1035,78,273,108,1,-1,-1,-1
61,25,1024,47,678,189,1,-1,-1,-1
61,27,542,70,537,501,1,-1,-1,-1
62,15,683,629,642,423,1,-1,-1,-1
62,21,1213,464,359,158,1,-1,-1,-1
62,23,1015,80,273,108,1,-1,-1,-1
62,25,1015,45,678,189,1,-1,-1,-1
63,15,706,629,642,423,1,-1,-1,-1
63,21,1191,449,359,158,1,-1,-1,-1
63,23,992,80,273,108,1,-1,-1,-1
63,25,995,46,678,189,1,-1,-1,-1
64,15,739,632,642,423,1,-1,-1,-1
64,21,1178,449,359,158,1,-1,-1,-1
64,23,970,80,273,108,1,-1,-1,-1
64,25,979,47,678,189,1,-1,-1,-1
65,15,720,642,732,426,1,-1,-1,-1
65,21,1167,444,345,144,1,-1,-1,-1
65,23,970,80,273,108,1,-1,-1,-1
65,25,963,48,648,180,1,-1,-1,-1
65,28,384,33,669,306,1,-1,-1,-1
65,29,1785,252,135,123,1,-1,-1,-1
66,15,734,639,732,426,1,-1,-1,-1
66,21,1162,441,345,144,1,-1,-1,-1
66,25,954,48,648,180,1,-1,-1,-1
66,28,376,29,669,306,1,-1,-1,-1
66,29,1786,255,134,123,1,-1,-1,-1
67,15,751,638,732,426,1,-1,-1,-1
67,21,1153,440,345,144,1,-1,-1,-1
67,25,935,47,648,180,1,-1,-1,-1
67,28,383,33,637,291,1,-1,-1,-1
67,29,1790,256,130,123,1,-1,-1,-1
68,15,788,651,697,406,1,-1,-1,-1
68,21,1142,438,345,144,1,-1,-1,-1
68,25,907,47,648,180,1,-1,-1,-1
68,29,1793,260,127,123,1,-1,-1,-1
69,15,804,649,697,406,1,-1,-1,-1
69,21,1124,432,362,151,1,-1,-1,-1
69,25,908,52,617,171,1,-1,-1,-1
69,29,1793,258,127,129,1,-1,-1,-1
70,15,823,653,697,406,1,-1,-1,-1
70,21,1105,427,362,151,1,-1,-1,-1
70,25,899,52,617,171,1,-1,-1,-1
71,15,839,644,732,426,1,-1,-1,-1
71,21,1100,423,362,151,1,-1,-1,-1
71,25,861,52,617,171,1,-1,-1,-1
72,15,841,634,769,446,1,-1,-1,-1
72,21,1098,418,362,151,1,-1,-1,-1
72,25,852,55,617,171,1,-1,-1,-1
73,15,879,678,753,396,1,-1,-1,-1
73,21,1101,417,321,129,1,-1,-1,-1
73,25,825,51,615,186,1,-1,-1,-1
73,30,6,21,906,345,1,-1,-1,-1
73,31,1584,21,336,186,1,-1,-1,-1
74,15,900,678,753,396,1,-1,-1,-1
74,21,1097,416,321,129,1,-1,-1,-1
74,25,819,50,615,186,1,-1,-1,-1
74,30,0,20,904,345,1,-1,-1,-1
74,31,1575,21,336,186,1,-1,-1,-1
75,15,925,681,753,396,1,-1,-1,-1
75,21,1086,415,321,129,1,-1,-1,-1
75,25,798,49,615,186,1,-1,-1,-1
75,30,11,27,863,329,1,-1,-1,-1
75,31,1571,19,336,186,1,-1,-1,-1
76,15,954,684,753,396,1,-1,-1,-1
76,21,1085,415,306,123,1,-1,-1,-1
76,25,783,50,615,186,1,-1,-1,-1
76,30,10,36,822,313,1,-1,-1,-1
76,31,1559,22,336,186,1,-1,-1,-1
77,15,977,690,753,390,1,-1,-1,-1
77,21,1071,413,306,123,1,-1,-1,-1
77,25,773,54,615,186,1,-1,-1,-1
77,30,0,36,815,313,1,-1,-1,-1
77,31,1545,23,336,186,1,-1,-1,-1
78,15,984,687,791,393,1,-1,-1,-1
78,21,1056,407,321,129,1,-1,-1,-1
78,30,0,29,834,329,1,-1,-1,-1
78,31,1540,25,336,186,1,-1,-1,-1
79,15,1013,690,791,390,1,-1,-1,-1
79,21,1046,403,321,129,1,-1,-1,-1
79,30,0,29,831,329,1,-1,-1,-1
79,31,1517,22,353,195,1,-1,-1,-1
80,15,1039,698,791,382,1,-1,-1,-1
80,21,1046,404,306,123,1,-1,-1,-1
80,31,1507,22,353,195,1,-1,-1,-1
81,15,1089,651,708,423,1,-1,-1,-1
81,21,1020,393,330,135,1,-1,-1,-1
81,31,1509,9,411,213,1,-1,-1,-1
81,32,717,63,558,261,1,-1,-1,-1
81,33,24,0,747,366,1,-1,-1,-1
82,15,1100,653,708,423,1,-1,-1,-1
82,21,1014,392,330,135,1,-1,-1,-1
82,31,1502,10,411,213,1,-1,-1,-1
82,32,711,66,558,261,1,-1,-1,-1
82,33,11,1,747,366,1,-1,-1,-1
83,15,1118,654,708,423,1,-1,-1,-1
83,21,1005,392,330,135,1,-1,-1,-1
83,31,1497,10,411,213,1,-1,-1,-1
83,32,701,70,558,261,1,-1,-1,-1
83,33,2,7,747,366,1,-1,-1,-1
84,15,1132,656,708,423,1,-1,-1,-1
84,21,998,391,330,135,1,-1,-1,-1
84,31,1490,12,411,213,1,-1,-1,-1
84,32,683,75,558,261,1,-1,-1,-1
84,33,13,21,711,349,1,-1,-1,-1
85,15,1145,661,708,419,1,-1,-1,-1
85,21,993,391,330,135,1,-1,-1,-1
85,31,1477,17,411,213,1,-1,-1,-1
85,32,671,80,558,261,1,-1,-1,-1
85,33,6,30,711,349,1,-1,-1,-1
86,15,1173,679,674,401,1,-1,-1,-1
86,21,967,386,330,135,1,-1,-1,-1
86,31,1465,14,432,224,1,-1,-1,-1
86,32,653,82,586,274,1,-1,-1,-1
86,33,0,22,701,366,1,-1,-1,-1
87,15,1197,682,674,398,1,-1,-1,-1
87,21,965,386,330,135,1,-1,-1,-1
87,31,1463,21,432,224,1,-1,-1,-1
87,32,631,80,615,288,1,-1,-1,-1
87,33,0,32,709,366,1,-1,-1,-1
88,15,1214,685,674,395,1,-1,-1,-1
88,21,954,384,330,135,1,-1,-1,-1
88,31,1439,23,432,224,1,-1,-1,-1
88,33,0,32,717,366,1,-1,-1,-1
89,15,1214,685,674,395,1,-1,-1,-1
89,21,957,384,303,123,1,-1,-1,-1
89,31,1439,23,432,224,1,-1,-1,-1
89,33,6,15,714,474,1,-1,-1,-1
89,34,612,102,507,297,1,-1,-1,-1
89,35,1434,66,432,93,1,-1,-1,-1
89,36,1512,345,276,96,1,-1,-1,-1
90,15,1279,689,641,391,1,-1,-1,-1
90,21,951,384,303,123,1,-1,-1,-1
90,31,1434,24,432,224,1,-1,-1,-1
90,33,0,18,709,474,1,-1,-1,-1
90,34,603,106,507,297,1,-1,-1,-1
90,35,1429,66,432,93,1,-1,-1,-1
90,36,1510,346,276,96,1,-1,-1,-1
91,15,1339,700,581,380,1,-1,-1,-1
91,21,942,384,303,123,1,-1,-1,-1
91,31,1410,27,432,224,1,-1,-1,-1
91,33,0,19,699,474,1,-1,-1,-1
91,34,593,106,507,297,1,-1,-1,-1
91,35,1411,65,454,98,1,-1,-1,-1
91,36,1495,342,276,96,1,-1,-1,-1
92,21,932,380,303,123,1,-1,-1,-1
92,33,0,24,690,474,1,-1,-1,-1
92,34,574,109,507,297,1,-1,-1,-1
92,35,1405,65,454,98,1,-1,-1,-1
92,36,1482,339,276,96,1,-1,-1,-1
93,21,923,378,303,123,1,-1,-1,-1
93,33,0,30,680,474,1,-1,-1,-1
93,34,564,113,507,297,1,-1,-1,-1
93,35,1390,64,454,98,1,-1,-1,-1
93,36,1478,337,276,96,1,-1,-1,-1
94,21,909,375,303,123,1,-1,-1,-1
94,33,0,42,655,451,1,-1,-1,-1
94,34,539,109,532,312,1,-1,-1,-1
94,35,1376,64,454,98,1,-1,-1,-1
95,21,910,375,303,123,1,-1,-1,-1
95,33,0,46,641,451,1,-1,-1,-1
95,34,527,110,532,312,1,-1,-1,-1
95,35,1376,67,432,93,1,-1,-1,-1
96,21,892,373,289,117,1,-1,-1,-1
96,33,0,33,648,474,1,-1,-1,-1
96,34,513,113,532,312,1,-1,-1,-1
96,35,1377,69,432,93,1,-1,-1,-1
97,21,897,372,279,102,1,-1,-1,-1
97,33,0,33,648,474,1,-1,-1,-1
97,34,438,114,567,318,1,-1,-1,-1
97,35,1347,57,414,105,1,-1,-1,-1
97,37,1713,171,207,108,1,-1,-1,-1
97,38,0,123,408,405,1,-1,-1,-1
97,39,1446,336,252,84,1,-1,-1,-1
98,21,893,371,279,102,1,-1,-1,-1
98,33,0,30,630,474,1,-1,-1,-1
98,34,435,117,567,318,1,-1,-1,-1
98,35,1344,57,414,105,1,-1,-1,-1
98,37,1694,168,207,108,1,-1,-1,-1
98,38,0,126,401,405,1,-1,-1,-1
98,39,1440,336,252,84,1,-1,-1,-1
99,21,878,370,279,102,1,-1,-1,-1
99,33,0,31,623,474,1,-1,-1,-1
99,34,416,117,567,318,1,-1,-1,-1
99,35,1334,58,414,105,1,-1,-1,-1
99,37,1664,165,207,108,1,-1,-1,-1
99,38,0,132,392,405,1,-1,-1,-1
99,39,1428,336,252,84,1,-1,-1,-1
100,21,871,370,279,102,1,-1,-1,-1
100,34,408,117,567,318,1,-1,-1,-1
100,35,1326,56,414,105,1,-1,-1,-1
100,37,1640,162,207,108,1,-1,-1,-1
100,38,0,137,379,405,1,-1,-1,-1
100,39,1417,337,252,84,1,-1,-1,-1
101,21,856,368,293,107,1,-1,-1,-1
101,34,384,108,595,334,1,-1,-1,-1
101,35,1307,55,414,105,1,-1,-1,-1
101,37,1613,159,207,108,1,-1,-1,-1
101,38,0,142,366,405,1,-1,-1,-1
101,39,1409,337,252,84,1,-1,-1,-1
102,21,848,370,293,107,1,-1,-1,-1
102,34,371,107,595,334,1,-1,-1,-1
102,35,1312,56,394,100,1,-1,-1,-1
102,37,1588,158,207,108,1,-1,-1,-1
102,38,0,139,365,405,1,-1,-1,-1
102,39,1402,340,252,84,1,-1,-1,-1
103,21,835,368,293,107,1,-1,-1,-1
103,34,349,109,595,334,1,-1,-1,-1
103,35,1302,58,394,100,1,-1,-1,-1
103,37,1563,156,207,108,1,-1,-1,-1
103,39,1391,341,252,84,1,-1,-1,-1
104,21,830,368,293,107,1,-1,-1,-1
104,34,341,114,595,334,1,-1,-1,-1
104,37,1545,156,197,103,1,-1,-1,-1
104,39,1375,342,265,88,1,-1,-1,-1
105,21,813,378,285,69,1,-1,-1,-1
105,34,315,240,534,201,1,-1,-1,-1
105,37,1545,156,197,103,1,-1,-1,-1
105,39,1375,342,265,88,1,-1,-1,-1
105,40,1518,141,402,171,1,-1,-1,-1
105,41,573,3,429,72,1,-1,-1,-1
105,42,1284,60,363,165,1,-1,-1,-1
105,43,321,63,294,114,1,-1,-1,-1
106,21,799,376,299,72,1,-1,-1,-1
106,34,302,239,534,201,1,-1,-1,-1
106,37,1500,151,197,103,1,-1,-1,-1
106,39,1359,345,252,84,1,-1,-1,-1
106,40,1502,140,402,171,1,-1,-1,-1
106,41,565,3,429,72,1,-1,-1,-1
106,42,1275,59,363,165,1,-1,-1,-1
106,43,315,61,294,114,1,-1,-1,-1
107,21,787,375,299,72,1,-1,-1,-1
107,34,280,247,509,191,1,-1,-1,-1
107,37,1470,147,197,103,1,-1,-1,-1
107,39,1348,347,252,84,1,-1,-1,-1
107,40,1465,131,422,180,1,-1,-1,-1
107,41,566,4,429,72,1,-1,-1,-1
107,42,1255,56,363,165,1,-1,-1,-1
107,43,303,58,294,114,1,-1,-1,-1
108,34,258,245,534,201,1,-1,-1,-1
108,37,1445,142,197,103,1,-1,-1,-1
108,39,1344,349,252,84,1,-1,-1,-1
108,40,1442,127,422,180,1,-1,-1,-1
108,41,526,0,450,76,1,-1,-1,-1
108,42,1262,62,346,157,1,-1,-1,-1
108,43,297,53,294,114,1,-1,-1,-1
109,34,233,247,534,201,1,-1,-1,-1
109,37,1424,138,197,103,1,-1,-1,-1
109,39,1332,351,240,80,1,-1,-1,-1
109,40,1412,119,422,180,1,-1,-1,-1
110,34,212,248,534,201,1,-1,-1,-1
110,37,1400,135,197,103,1,-1,-1,-1
110,39,1320,348,252,84,1,-1,-1,-1
110,40,1388,117,422,180,1,-1,-1,-1
111,34,175,244,561,211,1,-1,-1,-1
111,37,1372,131,197,103,1,-1,-1,-1
111,39,1319,349,240,80,1,-1,-1,-1
111,40,1363,111,422,180,1,-1,-1,-1
112,34,152,248,561,211,1,-1,-1,-1
112,37,1350,129,197,103,1,-1,-1,-1
112,40,1344,112,402,171,1,-1,-1,-1
113,34,135,273,549,219,1,-1,-1,-1
113,37,1350,129,197,103,1,-1,-1,-1
113,40,1344,112,402,171,1,-1,-1,-1
113,44,1191,33,726,240,1,-1,-1,-1
113,45,726,378,288,75,1,-1,-1,-1
113,46,507,3,363,63,1,-1,-1,-1
114,34,120,273,549,219,1,-1,-1,-1
114,37,1308,126,197,103,1,-1,-1,-1
114,40,1297,108,402,171,1,-1,-1,-1
114,44,1188,32,726,240,1,-1,-1,-1
114,45,711,376,302,79,1,-1,-1,-1
114,46,494,5,363,63,1,-1,-1,-1
115,34,94,274,549,219,1,-1,-1,-1
115,37,1291,126,188,98,1,-1,-1,-1
115,40,1274,103,402,171,1,-1,-1,-1
115,44,1175,32,726,240,1,-1,-1,-1
115,45,702,376,302,79,1,-1,-1,-1
115,46,479,5,363,63,1,-1,-1,-1
116,34,82,275,549,219,1,-1,-1,-1
116,37,1275,126,179,93,1,-1,-1,-1
116,40,1256,105,383,163,1,-1,-1,-1
116,44,1152,28,726,240,1,-1,-1,-1
116,45,687,380,288,75,1,-1,-1,-1
117,34,47,277,549,219,1,-1,-1,-1
117,37,1256,128,170,89,1,-1,-1,-1
117,40,1235,105,402,171,1,-1,-1,-1
117,44,1152,28,726,240,1,-1,-1,-1
117,45,690,383,274,71,1,-1,-1,-1
118,34,24,277,576,230,1,-1,-1,-1
118,37,1236,128,170,89,1,-1,-1,-1
118,40,1212,107,383,163,1,-1,-1,-1
118,44,1097,28,726,240,1,-1,-1,-1
118,45,682,385,274,71,1,-1,-1,-1
119,34,0,277,564,230,1,-1,-1,-1
119,37,1214,127,170,89,1,-1,-1,-1
119,40,1194,110,383,163,1,-1,-1,-1
119,44,1094,22,762,252,1,-1,-1,-1
119,45,664,388,274,71,1,-1,-1,-1
120,34,0,279,553,230,1,-1,-1,-1
120,37,1192,127,170,89,1,-1,-1,-1
120,40,1168,103,383,163,1,-1,-1,-1
120,45,656,391,274,71,1,-1,-1,-1
121,34,3,294,519,201,1,-1,-1,-1
121,37,1192,127,170,89,1,-1,-1,-1
121,40,1168,103,383,163,1,-1,-1,-1
121,45,651,384,267,81,1,-1,-1,-1
121,47,1134,24,783,237,1,-1,-1,-1
121,48,1215,366,246,63,1,-1,-1,-1
122,34,0,295,507,201,1,-1,-1,-1
122,37,1150,127,170,89,1,-1,-1,-1
122,40,1140,108,365,155,1,-1,-1,-1
122,45,651,384,267,81,1,-1,-1,-1
122,47,1127,23,783,237,1,-1,-1,-1
122,48,1209,366,246,63,1,-1,-1,-1
123,34,0,302,479,191,1,-1,-1,-1
123,37,1130,129,170,89,1,-1,-1,-1
123,40,1121,113,347,148,1,-1,-1,-1
123,45,638,386,254,77,1,-1,-1,-1
123,47,1110,23,783,237,1,-1,-1,-1
123,48,1198,370,246,63,1,-1,-1,-1
124,34,0,303,452,191,1,-1,-1,-1
124,37,1109,130,170,89,1,-1,-1,-1
124,40,1107,117,347,148,1,-1,-1,-1
124,45,641,391,242,73,1,-1,-1,-1
124,47,1083,17,822,249,1,-1,-1,-1
124,48,1187,373,246,63,1,-1,-1,-1
125,34,0,309,437,191,1,-1,-1,-1
125,37,1089,131,170,89,1,-1,-1,-1
125,40,1079,119,347,148,1,-1,-1,-1
125,47,1079,20,822,249,1,-1,-1,-1
126,34,0,310,424,191,1,-1,-1,-1
126,37,1069,135,170,89,1,-1,-1,-1
126,40,1065,124,347,148,1,-1,-1,-1
127,34,0,319,396,182,1,-1,-1,-1
127,37,1050,138,170,89,1,-1,-1,-1
127,40,1051,129,347,148,1,-1,-1,-1
128,34,0,324,380,182,1,-1,-1,-1
128,37,1038,143,162,85,1,-1,-1,-1
128,40,1030,132,347,148,1,-1,-1,-1
129,34,0,318,378,201,1,-1,-1,-1
129,37,1038,143,162,85,1,-1,-1,-1
129,40,1030,132,347,148,1,-1,-1,-1
129,49,522,903,438,174,1,-1,-1,-1
129,50,1020,51,618,210,1,-1,-1,-1
129,51,576,399,255,84,1,-1,-1,-1
129,52,1629,171,291,129,1,-1,-1,-1
130,34,0,321,368,201,1,-1,-1,-1
130,37,1003,151,162,85,1,-1,-1,-1
130,40,995,138,347,148,1,-1,-1,-1
130,49,522,901,438,174,1,-1,-1,-1
130,50,1007,49,618,210,1,-1,-1,-1
130,51,567,399,255,84,1,-1,-1,-1
130,52,1617,171,291,129,1,-1,-1,-1
131,34,0,323,353,201,1,-1,-1,-1
131,37,985,155,162,85,1,-1,-1,-1
131,40,973,141,347,148,1,-1,-1,-1
131,49,527,897,438,174,1,-1,-1,-1
131,50,995,50,618,210,1,-1,-1,-1
131,51,552,397,268,88,1,-1,-1,-1
131,52,1604,172,291,129,1,-1,-1,-1
132,34,0,327,330,191,1,-1,-1,-1
132,37,968,159,162,85,1,-1,-1,-1
132,40,961,149,347,148,1,-1,-1,-1
132,49,520,890,460,183,1,-1,-1,-1
132,50,973,56,618,210,1,-1,-1,-1
132,51,546,399,255,84,1,-1,-1,-1
132,52,1593,172,291,129,1,-1,-1,-1
133,34,0,329,313,191,1,-1,-1,-1
133,37,955,163,162,85,1,-1,-1,-1
133,40,948,153,347,148,1,-1,-1,-1
133,49,526,885,460,183,1,-1,-1,-1
133,50,970,64,618,210,1,-1,-1,-1
133,51,544,399,255,84,1,-1,-1,-1
133,52,1578,169,306,135,1,-1,-1,-1
134,34,0,333,306,191,1,-1,-1,-1
134,37,939,165,162,85,1,-1,-1,-1
134,40,938,157,331,141,1,-1,-1,-1
134,49,536,882,460,183,1,-1,-1,-1
134,50,935,64,618,210,1,-1,-1,-1
134,51,531,396,268,88,1,-1,-1,-1
134,52,1570,169,306,135,1,-1,-1,-1
135,34,0,334,295,191,1,-1,-1,-1
135,37,926,167,162,85,1,-1,-1,-1
135,40,927,160,331,141,1,-1,-1,-1
135,50,929,65,618,210,1,-1,-1,-1
135,51,515,393,281,93,1,-1,-1,-1
135,52,1553,169,306,135,1,-1,-1,-1
136,34,0,338,281,182,1,-1,-1,-1
136,37,917,170,154,81,1,-1,-1,-1
136,40,911,163,331,141,1,-1,-1,-1
136,50,925,68,618,210,1,-1,-1,-1
136,51,511,392,281,93,1,-1,-1,-1
136,52,1548,167,306,135,1,-1,-1,-1
137,34,0,312,273,141,1,-1,-1,-1
137,37,917,170,154,81,1,-1,-1,-1
137,40,911,163,331,141,1,-1,-1,-1
137,50,912,36,570,246,1,-1,-1,-1
137,51,507,387,255,96,1,-1,-1,-1
137,52,1515,171,405,96,1,-1,-1,-1
138,34,0,312,271,141,1,-1,-1,-1
138,37,897,175,154,81,1,-1,-1,-1
138,40,890,166,331,141,1,-1,-1,-1
138,50,910,38,570,246,1,-1,-1,-1
138,51,507,387,255,96,1,-1,-1,-1
138,52,1514,172,405,96,1,-1,-1,-1
139,34,2,314,260,134,1,-1,-1,-1
139,37,887,176,154,81,1,-1,-1,-1
139,40,886,168,331,141,1,-1,-1,-1
139,50,900,42,570,246,1,-1,-1,-1
139,51,507,388,255,96,1,-1,-1,-1
139,52,1503,172,417,101,1,-1,-1,-1
140,34,0,314,254,134,1,-1,-1,-1
140,37,880,179,154,81,1,-1,-1,-1
140,40,868,167,347,148,1,-1,-1,-1
140,50,892,46,570,246,1,-1,-1,-1
140,51,498,385,268,101,1,-1,-1,-1
140,52,1499,173,421,101,1,-1,-1,-1
141,34,0,313,247,134,1,-1,-1,-1
141,37,868,177,154,81,1,-1,-1,-1
141,40,853,164,347,148,1,-1,-1,-1
141,50,892,51,570,246,1,-1,-1,-1
141,51,489,380,281,106,1,-1,-1,-1
142,34,0,316,238,128,1,-1,-1,-1
142,37,859,175,154,81,1,-1,-1,-1
142,50,878,54,570,246,1,-1,-1,-1
142,51,482,377,281,106,1,-1,-1,-1
143,34,0,319,227,122,1,-1,-1,-1
143,37,858,175,147,77,1,-1,-1,-1
143,50,862,47,598,258,1,-1,-1,-1
143,51,481,377,281,106,1,-1,-1,-1
144,34,0,318,222,122,1,-1,-1,-1
144,37,843,168,154,81,1,-1,-1,-1
144,51,478,375,281,106,1,-1,-1,-1
145,34,0,324,222,96,1,-1,-1,-1
145,37,843,168,154,81,1,-1,-1,-1
145,51,510,378,228,117,1,-1,-1,-1
145,53,792,888,357,189,1,-1,-1,-1
145,54,852,156,534,165,1,-1,-1,-1
145,55,1479,198,399,147,1,-1,-1,-1
145,56,924,51,345,99,1,-1,-1,-1
146,34,1,324,222,96,1,-1,-1,-1
146,51,511,378,228,117,1,-1,-1,-1
146,53,802,888,357,189,1,-1,-1,-1
146,54,847,157,534,165,1,-1,-1,-1
146,55,1474,201,399,147,1,-1,-1,-1
146,56,924,52,345,99,1,-1,-1,-1
147,34,7,326,222,96,1,-1,-1,-1
147,51,509,376,228,117,1,-1,-1,-1
147,53,814,888,357,189,1,-1,-1,-1
147,54,849,159,534,165,1,-1,-1,-1
147,55,1470,203,399,147,1,-1,-1,-1
147,56,923,52,345,99,1,-1,-1,-1
148,34,0,327,210,96,1,-1,-1,-1
148,51,507,374,228,117,1,-1,-1,-1
148,53,814,885,375,195,1,-1,-1,-1
148,54,833,157,534,165,1,-1,-1,-1
148,55,1465,206,399,147,1,-1,-1,-1
148,56,929,54,329,94,1,-1,-1,-1
149,51,511,373,217,111,1,-1,-1,-1
149,53,815,880,394,200,1,-1,-1,-1
149,54,843,159,509,157,1,-1,-1,-1
149,55,1469,212,380,140,1,-1,-1,-1
149,56,928,54,329,94,1,-1,-1,-1
150,51,510,371,217,111,1,-1,-1,-1
150,53,812,876,413,204,1,-1,-1,-1
150,54,842,156,509,157,1,-1,-1,-1
150,55,1466,215,380,140,1,-1,-1,-1
150,56,928,54,329,94,1,-1,-1,-1
151,51,509,368,217,111,1,-1,-1,-1
151,53,822,873,413,207,1,-1,-1,-1
151,55,1463,217,380,140,1,-1,-1,-1
151,56,926,54,329,94,1,-1,-1,-1
152,51,508,364,217,111,1,-1,-1,-1
152,55,1460,221,380,140,1,-1,-1,-1
152,56,923,55,329,94,1,-1,-1,-1
153,51,516,357,204,120,1,-1,-1,-1
153,55,1449,216,378,117,1,-1,-1,-1
153,56,923,55,329,94,1,-1,-1,-1
153,57,798,72,498,234,1,-1,-1,-1
153,58,891,870,372,204,1,-1,-1,-1
154,51,517,354,204,120,1,-1,-1,-1
154,55,1449,217,378,117,1,-1,-1,-1
154,57,798,70,498,234,1,-1,-1,-1
154,58,899,871,372,204,1,-1,-1,-1
155,51,518,352,204,120,1,-1,-1,-1
155,55,1452,219,378,117,1,-1,-1,-1
155,57,797,66,498,234,1,-1,-1,-1
155,58,908,872,372,204,1,-1,-1,-1
156,51,519,350,204,120,1,-1,-1,-1
156,55,1450,222,378,117,1,-1,-1,-1
156,57,803,62,498,234,1,-1,-1,-1
156,58,905,870,391,210,1,-1,-1,-1
157,51,520,346,204,120,1,-1,-1,-1
157,55,1459,228,360,111,1,-1,-1,-1
157,57,793,51,523,246,1,-1,-1,-1
157,58,907,868,410,212,1,-1,-1,-1
158,51,521,342,204,120,1,-1,-1,-1
158,55,1464,233,360,111,1,-1,-1,-1
158,58,905,871,431,209,1,-1,-1,-1
159,51,522,340,204,120,1,-1,-1,-1
159,55,1465,237,360,111,1,-1,-1,-1
159,58,914,876,431,204,1,-1,-1,-1
160,51,523,337,204,120,1,-1,-1,-1
160,55,1462,242,378,117,1,-1,-1,-1
161,51,528,333,192,102,1,-1,-1,-1
161,55,1452,237,378,138,1,-1,-1,-1
161,59,1008,459,402,126,1,-1,-1,-1
161,60,990,738,408,336,1,-1,-1,-1
162,51,532,332,192,102,1,-1,-1,-1
162,55,1451,240,378,138,1,-1,-1,-1
162,59,1007,458,402,126,1,-1,-1,-1
162,60,997,739,408,336,1,-1,-1,-1
163,51,540,332,183,97,1,-1,-1,-1
163,55,1456,247,378,138,1,-1,-1,-1
163,59,1013,460,383,120,1,-1,-1,-1
163,60,1006,741,408,336,1,-1,-1,-1
164,51,542,329,183,97,1,-1,-1,-1
164,55,1467,256,360,131,1,-1,-1,-1
164,59,1019,461,383,120,1,-1,-1,-1
164,60,1017,744,408,336,1,-1,-1,-1
165,51,545,325,183,97,1,-1,-1,-1
165,55,1467,263,360,131,1,-1,-1,-1
165,59,1016,456,402,126,1,-1,-1,-1
165,60,1029,744,408,336,1,-1,-1,-1
166,51,549,321,183,97,1,-1,-1,-1
166,55,1466,270,360,131,1,-1,-1,-1
166,60,1040,747,408,333,1,-1,-1,-1
167,51,552,317,183,97,1,-1,-1,-1
167,55,1466,276,360,131,1,-1,-1,-1
167,60,1050,750,408,330,1,-1,-1,-1
168,51,556,313,183,97,1,-1,-1,-1
168,55,1468,282,360,131,1,-1,-1,-1
168,60,1072,760,389,320,1,-1,-1,-1
169,51,556,313,183,97,1,-1,-1,-1
169,55,1468,282,360,131,1,-1,-1,-1
169,60,1072,760,389,320,1,-1,-1,-1
169,61,960,642,561,432,1,-1,-1,-1
169,62,993,414,288,120,1,-1,-1,-1
169,63,294,27,315,96,1,-1,-1,-1
170,61,966,645,561,432,1,-1,-1,-1
170,62,995,414,288,120,1,-1,-1,-1
170,63,310,29,300,91,1,-1,-1,-1
171,61,972,648,561,432,1,-1,-1,-1
171,62,996,414,288,120,1,-1,-1,-1
171,63,317,26,300,91,1,-1,-1,-1
172,61,977,651,561,429,1,-1,-1,-1
172,62,997,413,288,120,1,-1,-1,-1
173,61,966,638,589,442,1,-1,-1,-1
173,62,995,412,288,120,1,-1,-1,-1
174,61,968,642,589,438,1,-1,-1,-1
174,62,997,412,288,120,1,-1,-1,-1
175,61,970,646,589,434,1,-1,-1,-1
175,62,997,409,288,120,1,-1,-1,-1
176,61,951,634,619,446,1,-1,-1,-1
176,62,1000,408,288,120,1,-1,-1,-1
177,61,951,634,619,446,1,-1,-1,-1
177,62,1000,408,288,120,1,-1,-1,-1
177,64,1509,288,390,243,1,-1,-1,-1
177,65,612,582,693,489,1,-1,-1,-1
178,61,934,657,589,423,1,-1,-1,-1
178,62,1004,405,274,114,1,-1,-1,-1
178,64,1513,291,390,243,1,-1,-1,-1
178,65,612,576,693,489,1,-1,-1,-1
179,61,923,652,589,428,1,-1,-1,-1
179,62,998,403,274,114,1,-1,-1,-1
179,64,1514,300,390,243,1,-1,-1,-1
179,65,617,576,693,489,1,-1,-1,-1
180,61,920,654,589,426,1,-1,-1,-1
180,62,988,397,288,120,1,-1,-1,-1
180,64,1519,307,390,243,1,-1,-1,-1
180,65,609,572,693,489,1,-1,-1,-1
181,61,909,643,589,437,1,-1,-1,-1
181,62,987,394,288,120,1,-1,-1,-1
181,64,1523,316,390,243,1,-1,-1,-1
181,65,596,571,693,489,1,-1,-1,-1
182,61,909,657,561,423,1,-1,-1,-1
182,62,983,391,288,120,1,-1,-1,-1
182,64,1525,322,390,243,1,-1,-1,-1
182,65,576,564,693,489,1,-1,-1,-1
183,61,890,658,561,422,1,-1,-1,-1
183,64,1525,330,390,243,1,-1,-1,-1
183,65,573,562,693,489,1,-1,-1,-1
184,64,1523,339,390,243,1,-1,-1,-1
184,65,561,563,693,489,1,-1,-1,-1
185,64,1494,342,411,246,1,-1,-1,-1
185,65,453,645,795,429,1,-1,-1,-1
185,66,798,3,411,60,1,-1,-1,-1
186,64,1495,344,411,246,1,-1,-1,-1
186,65,448,639,795,429,1,-1,-1,-1
187,64,1495,346,411,246,1,-1,-1,-1
187,65,434,634,795,429,1,-1,-1,-1
188,64,1497,346,411,246,1,-1,-1,-1
188,65,429,624,795,429,1,-1,-1,-1
189,64,1491,340,429,258,1,-1,-1,-1
189,65,420,611,795,429,1,-1,-1,-1
190,65,410,597,795,429,1,-1,-1,-1
191,65,398,585,795,429,1,-1,-1,-1
193,67,1440,420,441,219,1,-1,-1,-1
193,68,300,732,933,339,1,-1,-1,-1
194,67,1438,421,441,219,1,-1,-1,-1
194,68,293,724,933,339,1,-1,-1,-1
195,67,1435,424,441,219,1,-1,-1,-1
195,68,277,714,933,339,1,-1,-1,-1
196,67,1429,427,441,219,1,-1,-1,-1
196,68,260,690,933,339,1,-1,-1,-1
197,67,1413,425,463,230,1,-1,-1,-1
197,68,247,657,933,339,1,-1,-1,-1
198,67,1404,427,463,230,1,-1,-1,-1
199,67,1399,431,463,230,1,-1,-1,-1
200,67,1379,427,486,241,1,-1,-1,-1
201,67,1383,462,471,222,1,-1,-1,-1
201,69,114,471,1098,597,1,-1,-1,-1
202,67,1383,463,471,222,1,-1,-1,-1
202,69,110,451,1098,597,1,-1,-1,-1
203,67,1376,467,471,222,1,-1,-1,-1
203,69,74,419,1153,627,1,-1,-1,-1
204,67,1369,471,471,222,1,-1,-1,-1
204,69,60,396,1153,627,1,-1,-1,-1
205,67,1364,475,471,222,1,-1,-1,-1
205,69,56,366,1153,627,1,-1,-1,-1
206,67,1358,479,471,222,1,-1,-1,-1
206,69,43,345,1153,627,1,-1,-1,-1
207,67,1353,482,471,222,1,-1,-1,-1
207,69,27,312,1153,627,1,-1,-1,-1
208,67,1341,487,471,222,1,-1,-1,-1
208,69,9,279,1153,627,1,-1,-1,-1
209,67,1335,492,471,204,1,-1,-1,-1
209,69,3,144,1203,921,1,-1,-1,-1
210,67,1333,495,471,204,1,-1,-1,-1
210,69,0,122,1189,921,1,-1,-1,-1
211,67,1308,498,495,214,1,-1,-1,-1
211,69,0,100,1175,921,1,-1,-1,-1
212,67,1302,502,495,214,1,-1,-1,-1
212,69,0,74,1155,921,1,-1,-1,-1
213,67,1296,505,495,214,1,-1,-1,-1
213,69,0,39,1140,921,1,-1,-1,-1
214,67,1281,510,495,214,1,-1,-1,-1
214,69,0,14,1127,921,1,-1,-1,-1
215,67,1263,513,519,225,1,-1,-1,-1
215,69,0,0,1122,909,1,-1,-1,-1
216,67,1248,519,519,225,1,-1,-1,-1
216,69,0,0,1117,898,1,-1,-1,-1
217,67,1248,519,519,225,1,-1,-1,-1
217,69,51,6,1014,894,1,-1,-1,-1
218,67,1227,527,519,225,1,-1,-1,-1
218,69,48,0,1014,884,1,-1,-1,-1
219,67,1209,525,545,236,1,-1,-1,-1
219,69,39,0,1014,861,1,-1,-1,-1
220,67,1201,534,545,236,1,-1,-1,-1
220,69,33,0,1014,833,1,-1,-1,-1
221,67,1198,545,519,225,1,-1,-1,-1
221,69,29,0,1014,811,1,-1,-1,-1
222,67,1183,553,519,225,1,-1,-1,-1
222,69,24,0,1014,779,1,-1,-1,-1
223,69,17,0,1014,763,1,-1,-1,-1
224,69,19,0,966,683,1,-1,-1,-1
225,69,0,3,969,576,1,-1,-1,-1
225,70,1155,612,474,123,1,-1,-1,-1
226,69,0,0,966,559,1,-1,-1,-1
226,70,1146,613,474,123,1,-1,-1,-1
227,69,0,0,968,534,1,-1,-1,-1
227,70,1128,614,474,123,1,-1,-1,-1
228,69,0,0,965,510,1,-1,-1,-1
228,70,1125,614,474,123,1,-1,-1,-1
229,69,0,0,969,487,1,-1,-1,-1
229,70,1110,614,474,123,1,-1,-1,-1
230,69,3,0,969,456,1,-1,-1,-1
230,70,1090,614,498,129,1,-1,-1,-1
231,69,0,0,960,419,1,-1,-1,-1
231,70,1066,610,523,136,1,-1,-1,-1
232,69,7,0,923,408,1,-1,-1,-1
232,70,1056,608,549,142,1,-1,-1,-1
233,69,7,0,923,408,1,-1,-1,-1
233,70,1047,642,459,102,1,-1,-1,-1
234,70,1042,642,459,102,1,-1,-1,-1
235,70,1033,642,459,102,1,-1,-1,-1
236,70,1039,646,437,97,1,-1,-1,-1
241,71,1005,684,444,222,1,-1,-1,-1
242,71,1002,691,444,222,1,-1,-1,-1
243,71,1001,698,444,222,1,-1,-1,-1
244,71,994,706,444,222,1,-1,-1,-1
245,71,994,714,444,222,1,-1,-1,-1
246,71,988,722,444,222,1,-1,-1,-1
247,71,987,732,444,222,1,-1,-1,-1
248,71,982,740,444,222,1,-1,-1,-1
249,71,993,738,441,234,1,-1,-1,-1
249,72,0,3,900,243,1,-1,-1,-1
249,73,831,0,312,69,1,-1,-1,-1
250,71,992,741,441,234,1,-1,-1,-1
250,72,0,0,922,253,1,-1,-1,-1
250,73,840,0,312,69,1,-1,-1,-1
251,71,988,747,441,234,1,-1,-1,-1
251,72,0,5,922,255,1,-1,-1,-1
251,73,845,1,312,69,1,-1,-1,-1
252,71,983,756,441,234,1,-1,-1,-1
252,72,10,16,900,243,1,-1,-1,-1
252,73,866,1,312,69,1,-1,-1,-1
253,71,979,766,441,234,1,-1,-1,-1
253,72,44,31,857,231,1,-1,-1,-1
254,71,976,773,441,234,1,-1,-1,-1
254,72,61,41,857,231,1,-1,-1,-1
255,71,972,780,441,234,1,-1,-1,-1
255,72,66,42,900,243,1,-1,-1,-1
256,71,969,787,441,234,1,-1,-1,-1
256,72,65,44,900,243,1,-1,-1,-1
257,71,966,774,444,270,1,-1,-1,-1
257,72,6,3,1035,312,1,-1,-1,-1
257,74,516,111,414,207,1,-1,-1,-1
258,71,963,778,444,270,1,-1,-1,-1
258,72,15,5,1035,312,1,-1,-1,-1
258,74,518,114,414,207,1,-1,-1,-1
259,71,968,787,423,257,1,-1,-1,-1
259,72,28,7,1035,312,1,-1,-1,-1
259,74,533,124,394,197,1,-1,-1,-1
260,71,964,792,423,257,1,-1,-1,-1
260,72,38,7,1035,312,1,-1,-1,-1
260,74,536,126,394,197,1,-1,-1,-1
261,71,961,798,423,257,1,-1,-1,-1
261,72,39,9,1035,312,1,-1,-1,-1
261,74,542,128,394,197,1,-1,-1,-1
262,71,958,803,423,257,1,-1,-1,-1
262,72,37,12,1035,312,1,-1,-1,-1
263,71,952,807,423,257,1,-1,-1,-1
263,72,29,12,1035,312,1,-1,-1,-1
264,71,948,807,423,257,1,-1,-1,-1
264,72,0,2,1080,328,1,-1,-1,-1
265,71,933,741,426,300,1,-1,-1,-1
265,72,0,0,1215,303,1,-1,-1,-1
266,71,932,740,426,300,1,-1,-1,-1
266,72,12,0,1215,303,1,-1,-1,-1
267,71,919,734,447,315,1,-1,-1,-1
267,72,30,5,1215,303,1,-1,-1,-1
268,71,911,737,447,315,1,-1,-1,-1
268,72,46,5,1215,303,1,-1,-1,-1
269,71,910,733,447,315,1,-1,-1,-1
269,72,71,9,1215,303,1,-1,-1,-1
270,71,907,735,447,315,1,-1,-1,-1
271,71,904,732,447,315,1,-1,-1,-1
272,71,898,728,447,315,1,-1,-1,-1
273,71,903,792,411,261,1,-1,-1,-1
273,75,720,396,324,81,1,-1,-1,-1
274,71,901,789,411,261,1,-1,-1,-1
274,75,724,396,324,81,1,-1,-1,-1
275,71,898,784,411,261,1,-1,-1,-1
275,75,730,397,309,77,1,-1,-1,-1
276,71,882,772,432,274,1,-1,-1,-1
276,75,722,395,324,81,1,-1,-1,-1
277,71,877,766,432,274,1,-1,-1,-1
277,75,732,396,309,77,1,-1,-1,-1
278,71,872,756,432,274,1,-1,-1,-1
279,71,868,751,432,274,1,-1,-1,-1
280,71,865,744,432,274,1,-1,-1,-1
281,71,870,732,396,243,1,-1,-1,-1
282,71,869,730,396,243,1,-1,-1,-1
283,71,866,722,396,243,1,-1,-1,-1
284,71,865,719,396,243,1,-1,-1,-1
285,71,862,713,396,243,1,-1,-1,-1
286,71,858,706,396,243,1,-1,-1,-1
287,71,850,699,396,243,1,-1,-1,-1
288,71,846,693,396,243,1,-1,-1,-1
289,71,846,693,396,243,1,-1,-1,-1
289,76,708,6,825,1032,1,-1,-1,-1
290,76,721,13,825,1032,1,-1,-1,-1
291,76,731,29,825,1032,1,-1,-1,-1
292,76,743,41,825,1032,1,-1,-1,-1
293,76,763,69,825,1011,1,-1,-1,-1
294,76,770,117,825,963,1,-1,-1,-1
295,76,787,136,825,944,1,-1,-1,-1
296,76,788,132,825,948,1,-1,-1,-1
297,76,788,132,825,948,1,-1,-1,-1
297,77,78,18,654,153,1,-1,-1,-1
297,78,426,0,1440,1062,1,-1,-1,-1
298,77,68,19,654,153,1,-1,-1,-1
298,78,440,18,1440,1062,1,-1,-1,-1
299,77,74,23,623,146,1,-1,-1,-1
299,78,448,64,1440,1016,1,-1,-1,-1
300,78,425,57,1495,1023,1,-1,-1,-1
301,78,428,84,1492,996,1,-1,-1,-1
302,78,436,94,1484,986,1,-1,-1,-1
303,78,408,66,1512,1014,1,-1,-1,-1
304,78,434,99,1486,981,1,-1,-1,-1
305,78,579,57,1128,1011,1,-1,-1,-1
305,79,3,27,600,183,1,-1,-1,-1
306,78,585,64,1128,1011,1,-1,-1,-1
306,79,0,26,588,183,1,-1,-1,-1
307,78,583,69,1128,1011,1,-1,-1,-1
307,79,0,29,575,183,1,-1,-1,-1
308,78,583,73,1128,1007,1,-1,-1,-1
308,79,0,27,540,183,1,-1,-1,-1
309,78,583,75,1128,1005,1,-1,-1,-1
310,78,570,84,1128,996,1,-1,-1,-1
311,78,580,100,1074,963,1,-1,-1,-1
312,78,585,111,1074,963,1,-1,-1,-1
313,78,585,111,1074,963,1,-1,-1,-1
313,80,0,66,423,183,1,-1,-1,-1
314,78,581,114,1074,963,1,-1,-1,-1
314,80,0,66,404,183,1,-1,-1,-1
315,78,575,124,1074,956,1,-1,-1,-1
315,80,0,70,372,183,1,-1,-1,-1
316,78,579,104,1074,963,1,-1,-1,-1
316,80,0,69,354,192,1,-1,-1,-1
317,78,580,113,1074,963,1,-1,-1,-1
317,80,0,71,333,192,1,-1,-1,-1
318,78,594,112,1074,963,1,-1,-1,-1
318,80,0,70,300,192,1,-1,-1,-1
319,78,585,84,1128,996,1,-1,-1,-1
321,81,1569,633,348,282,1,-1,-1,-1
321,82,1008,612,483,459,1,-1,-1,-1
321,83,351,462,480,369,1,-1,-1,-1
322,81,1555,632,348,282,1,-1,-1,-1
322,82,1016,618,483,459,1,-1,-1,-1
322,83,346,463,480,369,1,-1,-1,-1
