1,0,0,468,336,620,1,-1,-1,-1
1,1,732,476,372,592,1,-1,-1,-1
1,2,1016,108,628,368,1,-1,-1,-1
1,3,52,0,524,592,1,-1,-1,-1
1,4,1296,132,612,656,1,-1,-1,-1
1,5,1928,300,632,544,1,-1,-1,-1
1,6,980,444,384,608,1,-1,-1,-1
1,7,1992,388,264,624,1,-1,-1,-1
1,8,1732,348,292,668,1,-1,-1,-1
1,9,224,492,412,584,1,-1,-1,-1
1,10,1172,424,364,592,1,-1,-1,-1
1,11,496,552,260,500,1,-1,-1,-1
2,0,0,465,336,620,1,-1,-1,-1
2,1,727,469,372,592,1,-1,-1,-1
2,2,1018,107,628,368,1,-1,-1,-1
2,3,47,0,524,588,1,-1,-1,-1
2,4,1276,119,643,689,1,-1,-1,-1
2,5,1933,292,627,544,1,-1,-1,-1
2,6,977,437,384,608,1,-1,-1,-1
2,7,1994,395,264,624,1,-1,-1,-1
2,8,1739,336,292,668,1,-1,-1,-1
2,9,225,497,412,584,1,-1,-1,-1
2,10,1165,415,364,592,1,-1,-1,-1
2,11,493,551,260,500,1,-1,-1,-1
3,0,0,466,332,620,1,-1,-1,-1
3,1,733,488,354,564,1,-1,-1,-1
3,2,1009,104,628,368,1,-1,-1,-1
3,3,47,0,524,590,1,-1,-1,-1
3,4,1293,133,612,656,1,-1,-1,-1
3,5,1932,291,628,544,1,-1,-1,-1
3,6,991,458,366,579,1,-1,-1,-1
3,7,1995,407,251,594,1,-1,-1,-1
3,8,1741,359,278,636,1,-1,-1,-1
3,9,225,491,412,584,1,-1,-1,-1
3,10,1173,434,347,564,1,-1,-1,-1
3,11,495,549,260,500,1,-1,-1,-1
4,0,0,460,329,620,1,-1,-1,-1
4,1,738,486,354,564,1,-1,-1,-1
4,2,1016,114,628,368,1,-1,-1,-1
4,3,45,0,524,590,1,-1,-1,-1
4,4,1300,123,612,656,1,-1,-1,-1
4,5,1935,293,625,544,1,-1,-1,-1
4,6,974,440,384,608,1,-1,-1,-1
4,7,2000,411,251,594,1,-1,-1,-1
4,8,1738,360,278,636,1,-1,-1,-1
4,9,225,494,412,584,1,-1,-1,-1
4,10,1183,450,330,537,1,-1,-1,-1
4,11,492,551,260,500,1,-1,-1,-1
5,0,0,458,333,620,1,-1,-1,-1
5,1,729,470,372,592,1,-1,-1,-1
5,2,1001,116,628,368,1,-1,-1,-1
5,3,43,0,524,586,1,-1,-1,-1
5,4,1302,117,612,656,1,-1,-1,-1
5,5,1933,286,627,544,1,-1,-1,-1
5,6,968,418,403,638,1,-1,-1,-1
5,7,1994,389,264,624,1,-1,-1,-1
5,8,1735,342,292,668,1,-1,-1,-1
5,9,210,475,433,613,1,-1,-1,-1
5,10,1184,445,330,537,1,-1,-1,-1
5,11,492,544,260,500,1,-1,-1,-1
6,0,0,461,333,620,1,-1,-1,-1
6,1,731,472,372,592,1,-1,-1,-1
6,2,997,108,628,368,1,-1,-1,-1
6,3,42,0,524,589,1,-1,-1,-1
6,4,1291,122,612,656,1,-1,-1,-1
6,5,1949,299,602,518,1,-1,-1,-1
6,6,979,439,384,608,1,-1,-1,-1
6,7,1987,380,277,655,1,-1,-1,-1
6,8,1734,355,292,668,1,-1,-1,-1
6,9,224,497,412,584,1,-1,-1,-1
6,10,1187,458,314,511,1,-1,-1,-1
6,11,491,546,260,500,1,-1,-1,-1
7,0,0,460,329,620,1,-1,-1,-1
7,1,733,468,372,592,1,-1,-1,-1
7,2,1007,118,598,350,1,-1,-1,-1
7,3,42,0,524,591,1,-1,-1,-1
7,4,1284,136,612,656,1,-1,-1,-1
7,5,1950,298,602,518,1,-1,-1,-1
7,6,976,443,384,608,1,-1,-1,-1
7,7,1995,385,264,624,1,-1,-1,-1
7,8,1732,352,292,668,1,-1,-1,-1
7,9,229,507,392,556,1,-1,-1,-1
7,10,1182,450,330,537,1,-1,-1,-1
7,11,491,547,260,500,1,-1,-1,-1
8,0,0,464,332,620,1,-1,-1,-1
8,1,735,467,372,592,1,-1,-1,-1
8,2,989,108,628,368,1,-1,-1,-1
8,3,42,0,524,591,1,-1,-1,-1
8,4,1304,137,583,625,1,-1,-1,-1
8,5,1952,297,602,518,1,-1,-1,-1
8,6,978,439,384,608,1,-1,-1,-1
8,7,1994,393,264,624,1,-1,-1,-1
8,8,1727,352,292,668,1,-1,-1,-1
8,9,239,521,374,530,1,-1,-1,-1
8,10,1181,447,330,537,1,-1,-1,-1
8,11,488,549,260,500,1,-1,-1,-1
9,0,0,464,328,620,1,-1,-1,-1
9,1,716,468,372,576,1,-1,-1,-1
9,2,980,108,668,376,1,-1,-1,-1
9,3,36,4,532,592,1,-1,-1,-1
9,4,1280,144,600,640,1,-1,-1,-1
9,5,1932,300,628,536,1,-1,-1,-1
9,6,972,440,388,608,1,-1,-1,-1
9,7,1976,388,276,608,1,-1,-1,-1
9,8,1712,364,304,648,1,-1,-1,-1
9,9,228,484,364,588,1,-1,-1,-1
9,10,1164,424,368,588,1,-1,-1,-1
9,11,488,548,252,516,1,-1,-1,-1
9,12,1804,92,596,300,1,-1,-1,-1
10,0,6,469,328,620,1,-1,-1,-1
10,1,711,463,372,576,1,-1,-1,-1
10,2,977,104,668,376,1,-1,-1,-1
10,3,32,3,532,592,1,-1,-1,-1
10,4,1276,144,600,640,1,-1,-1,-1
10,5,1930,306,628,536,1,-1,-1,-1
10,6,977,440,388,608,1,-1,-1,-1
10,7,1979,391,276,608,1,-1,-1,-1
10,8,1708,359,304,648,1,-1,-1,-1
10,9,224,484,364,588,1,-1,-1,-1
10,10,1161,423,368,588,1,-1,-1,-1
10,11,487,546,252,516,1,-1,-1,-1
10,12,1804,88,596,300,1,-1,-1,-1
11,0,2,465,328,620,1,-1,-1,-1
11,1,720,477,354,549,1,-1,-1,-1
11,2,973,107,668,376,1,-1,-1,-1
11,3,33,4,532,592,1,-1,-1,-1
11,4,1279,139,600,640,1,-1,-1,-1
11,5,1945,308,598,510,1,-1,-1,-1
11,6,974,435,388,608,1,-1,-1,-1
11,7,1981,400,276,608,1,-1,-1,-1
11,8,1715,375,290,617,1,-1,-1,-1
11,9,226,483,364,588,1,-1,-1,-1
11,10,1158,426,368,588,1,-1,-1,-1
11,11,486,547,252,516,1,-1,-1,-1
11,12,1807,88,596,300,1,-1,-1,-1
12,0,2,465,328,620,1,-1,-1,-1
12,1,716,476,354,549,1,-1,-1,-1
12,2,964,96,701,395,1,-1,-1,-1
12,3,29,0,532,591,1,-1,-1,-1
12,4,1282,143,600,640,1,-1,-1,-1
12,5,1947,312,598,510,1,-1,-1,-1
12,6,976,437,388,608,1,-1,-1,-1
12,8,1716,371,290,617,1,-1,-1,-1
12,9,223,481,364,588,1,-1,-1,-1
12,10,1163,423,368,588,1,-1,-1,-1
12,11,484,547,252,516,1,-1,-1,-1
12,12,1804,83,596,300,1,-1,-1,-1
13,0,4,459,328,620,1,-1,-1,-1
13,1,716,481,354,549,1,-1,-1,-1
13,2,958,100,701,395,1,-1,-1,-1
13,3,29,9,532,592,1,-1,-1,-1
13,4,1251,140,630,672,1,-1,-1,-1
13,5,1942,307,598,510,1,-1,-1,-1
13,6,956,426,407,638,1,-1,-1,-1
13,8,1720,371,290,617,1,-1,-1,-1
13,9,221,478,364,588,1,-1,-1,-1
13,10,1156,424,368,588,1,-1,-1,-1
13,11,485,547,252,516,1,-1,-1,-1
13,12,1819,92,568,286,1,-1,-1,-1
14,0,0,458,323,620,1,-1,-1,-1
14,1,711,475,354,549,1,-1,-1,-1
14,2,935,100,701,395,1,-1,-1,-1
14,3,28,8,532,592,1,-1,-1,-1
14,4,1246,138,630,672,1,-1,-1,-1
14,5,1944,313,598,510,1,-1,-1,-1
14,6,969,445,388,608,1,-1,-1,-1
14,8,1729,400,276,588,1,-1,-1,-1
14,9,216,478,364,588,1,-1,-1,-1
14,10,1159,426,368,588,1,-1,-1,-1
14,11,483,560,252,516,1,-1,-1,-1
14,12,1816,89,568,286,1,-1,-1,-1
15,0,0,456,316,620,1,-1,-1,-1
15,1,714,475,354,549,1,-1,-1,-1
15,3,26,8,532,592,1,-1,-1,-1
15,4,1251,139,630,672,1,-1,-1,-1
15,5,1942,313,598,510,1,-1,-1,-1
15,6,962,438,388,608,1,-1,-1,-1
15,9,215,482,364,588,1,-1,-1,-1
15,10,1159,426,368,588,1,-1,-1,-1
15,11,479,552,252,516,1,-1,-1,-1
15,12,1817,90,568,286,1,-1,-1,-1
16,0,0,459,317,620,1,-1,-1,-1
16,1,705,465,354,549,1,-1,-1,-1
16,3,27,8,532,592,1,-1,-1,-1
16,5,1938,306,598,510,1,-1,-1,-1
16,9,228,500,347,560,1,-1,-1,-1
16,10,1151,423,368,588,1,-1,-1,-1
16,11,479,552,252,516,1,-1,-1,-1
16,12,1817,92,568,286,1,-1,-1,-1
17,0,0,468,320,616,1,-1,-1,-1
17,1,700,476,356,544,1,-1,-1,-1
17,3,8,4,552,588,1,-1,-1,-1
17,5,1984,304,572,528,1,-1,-1,-1
17,9,212,488,376,584,1,-1,-1,-1
17,10,1164,428,360,592,1,-1,-1,-1
17,11,472,552,236,516,1,-1,-1,-1
17,12,1804,96,592,384,1,-1,-1,-1
17,13,1264,196,596,600,1,-1,-1,-1
17,14,924,132,684,336,1,-1,-1,-1
17,15,1720,392,284,624,1,-1,-1,-1
17,16,1972,392,268,616,1,-1,-1,-1
17,17,968,448,388,596,1,-1,-1,-1
17,18,340,0,228,176,1,-1,-1,-1
18,0,0,465,318,616,1,-1,-1,-1
18,1,701,490,339,518,1,-1,-1,-1
18,3,8,2,552,588,1,-1,-1,-1
18,5,1984,300,572,528,1,-1,-1,-1
18,9,215,488,376,584,1,-1,-1,-1
18,10,1164,428,360,592,1,-1,-1,-1
18,11,473,551,236,516,1,-1,-1,-1
18,12,1804,94,592,384,1,-1,-1,-1
18,13,1272,201,596,600,1,-1,-1,-1
18,14,932,136,684,336,1,-1,-1,-1
18,15,1721,396,284,624,1,-1,-1,-1
18,16,1975,395,268,616,1,-1,-1,-1
18,17,970,444,388,596,1,-1,-1,-1
18,18,341,0,228,175,1,-1,-1,-1
19,0,0,465,317,616,1,-1,-1,-1
19,1,706,495,339,518,1,-1,-1,-1
19,3,6,2,552,588,1,-1,-1,-1
19,5,1979,307,572,528,1,-1,-1,-1
19,9,205,468,395,613,1,-1,-1,-1
19,10,1169,425,360,592,1,-1,-1,-1
19,11,474,551,236,516,1,-1,-1,-1
19,12,1805,92,592,384,1,-1,-1,-1
19,13,1261,176,626,630,1,-1,-1,-1
19,14,946,145,651,320,1,-1,-1,-1
19,15,1717,394,284,624,1,-1,-1,-1
19,16,1979,386,268,616,1,-1,-1,-1
19,17,971,445,388,596,1,-1,-1,-1
19,18,342,0,228,174,1,-1,-1,-1
20,0,0,466,319,616,1,-1,-1,-1
20,1,705,501,339,518,1,-1,-1,-1
20,3,5,1,552,588,1,-1,-1,-1
20,5,1981,299,572,528,1,-1,-1,-1
20,9,192,451,415,644,1,-1,-1,-1
20,10,1174,443,343,564,1,-1,-1,-1
20,11,470,545,236,516,1,-1,-1,-1
20,12,1803,90,592,384,1,-1,-1,-1
20,13,1258,176,626,630,1,-1,-1,-1
20,14,939,145,651,320,1,-1,-1,-1
20,15,1711,378,298,655,1,-1,-1,-1
20,16,1973,393,268,616,1,-1,-1,-1
20,17,967,443,388,596,1,-1,-1,-1
20,18,342,0,228,175,1,-1,-1,-1
21,0,0,465,320,616,1,-1,-1,-1
21,3,7,3,552,588,1,-1,-1,-1
21,5,1979,302,572,528,1,-1,-1,-1
21,9,204,475,395,613,1,-1,-1,-1
21,10,1164,433,360,592,1,-1,-1,-1
21,11,468,549,236,516,1,-1,-1,-1
21,12,1806,91,592,384,1,-1,-1,-1
21,13,1251,181,626,630,1,-1,-1,-1
21,14,926,138,684,336,1,-1,-1,-1
21,15,1711,394,284,624,1,-1,-1,-1
21,16,1969,394,268,616,1,-1,-1,-1
21,17,970,443,388,596,1,-1,-1,-1
21,18,341,0,228,175,1,-1,-1,-1
22,0,0,466,319,616,1,-1,-1,-1
22,3,5,1,552,588,1,-1,-1,-1
22,5,1994,311,545,503,1,-1,-1,-1
22,9,203,473,395,613,1,-1,-1,-1
22,10,1165,431,360,592,1,-1,-1,-1
22,11,470,551,236,516,1,-1,-1,-1
22,12,1810,90,592,384,1,-1,-1,-1
22,13,1243,187,626,630,1,-1,-1,-1
22,14,908,140,684,336,1,-1,-1,-1
22,15,1718,409,270,594,1,-1,-1,-1
22,16,1968,390,268,616,1,-1,-1,-1
22,17,968,438,388,596,1,-1,-1,-1
22,18,342,0,228,176,1,-1,-1,-1
23,0,0,469,319,616,1,-1,-1,-1
23,3,5,0,552,587,1,-1,-1,-1
23,5,1993,309,545,503,1,-1,-1,-1
23,9,202,471,395,613,1,-1,-1,-1
23,10,1166,442,343,564,1,-1,-1,-1
23,11,468,552,236,516,1,-1,-1,-1
23,12,1797,92,592,384,1,-1,-1,-1
23,15,1724,413,270,594,1,-1,-1,-1
23,16,1974,381,268,616,1,-1,-1,-1
23,17,966,444,388,596,1,-1,-1,-1
23,18,342,1,228,176,1,-1,-1,-1
24,0,4,470,320,616,1,-1,-1,-1
24,3,5,0,552,588,1,-1,-1,-1
24,5,1996,312,545,503,1,-1,-1,-1
24,9,203,476,395,613,1,-1,-1,-1
24,10,1168,447,343,564,1,-1,-1,-1
24,11,470,551,236,516,1,-1,-1,-1
24,12,1796,95,592,384,1,-1,-1,-1
24,15,1727,411,270,594,1,-1,-1,-1
24,16,1979,382,268,616,1,-1,-1,-1
24,17,973,438,388,596,1,-1,-1,-1
24,18,343,0,228,176,1,-1,-1,-1
25,0,0,464,320,616,1,-1,-1,-1
25,3,24,4,536,588,1,-1,-1,-1
25,5,1996,304,528,532,1,-1,-1,-1
25,9,212,484,376,588,1,-1,-1,-1
25,10,1164,432,360,584,1,-1,-1,-1
25,11,476,552,228,516,1,-1,-1,-1
25,12,1660,88,728,404,1,-1,-1,-1
25,15,1712,320,284,692,1,-1,-1,-1
25,16,1968,388,276,620,1,-1,-1,-1
25,17,973,438,388,596,1,-1,-1,-1
25,18,340,0,228,172,1,-1,-1,-1
25,19,616,448,732,596,1,-1,-1,-1
25,20,1148,248,704,556,1,-1,-1,-1
25,21,932,116,592,344,1,-1,-1,-1
26,0,0,468,319,616,1,-1,-1,-1
26,3,37,16,536,588,1,-1,-1,-1
26,5,2009,323,503,507,1,-1,-1,-1
26,9,211,488,376,588,1,-1,-1,-1
26,10,1169,442,360,584,1,-1,-1,-1
26,11,479,575,217,491,1,-1,-1,-1
26,12,1659,84,728,404,1,-1,-1,-1
26,15,1715,323,284,692,1,-1,-1,-1
26,16,1970,381,276,620,1,-1,-1,-1
26,17,989,457,370,568,1,-1,-1,-1
26,18,343,3,228,172,1,-1,-1,-1
26,19,609,448,732,596,1,-1,-1,-1
26,20,1163,272,670,530,1,-1,-1,-1
26,21,931,118,592,344,1,-1,-1,-1
27,0,10,486,305,587,1,-1,-1,-1
27,3,42,21,510,560,1,-1,-1,-1
27,5,1993,310,528,532,1,-1,-1,-1
27,9,212,487,376,588,1,-1,-1,-1
27,10,1175,445,343,556,1,-1,-1,-1
27,11,478,575,217,491,1,-1,-1,-1
27,12,1655,87,728,404,1,-1,-1,-1
27,15,1715,323,284,692,1,-1,-1,-1
27,16,1980,387,276,620,1,-1,-1,-1
27,17,992,462,370,568,1,-1,-1,-1
27,18,343,2,228,172,1,-1,-1,-1
27,19,605,447,732,596,1,-1,-1,-1
27,20,1147,242,704,556,1,-1,-1,-1
27,21,929,121,592,344,1,-1,-1,-1
28,0,6,488,305,587,1,-1,-1,-1
28,3,27,4,536,588,1,-1,-1,-1
28,5,1994,310,528,532,1,-1,-1,-1
28,9,213,487,376,588,1,-1,-1,-1
28,10,1167,433,360,584,1,-1,-1,-1
28,11,479,573,217,491,1,-1,-1,-1
28,12,1650,90,728,404,1,-1,-1,-1
28,15,1717,325,284,692,1,-1,-1,-1
28,16,1982,403,263,590,1,-1,-1,-1
28,17,987,458,370,568,1,-1,-1,-1
28,18,343,0,228,172,1,-1,-1,-1
28,19,606,446,732,596,1,-1,-1,-1
28,20,1123,225,739,584,1,-1,-1,-1
28,21,938,127,564,328,1,-1,-1,-1
29,0,12,486,305,587,1,-1,-1,-1
29,3,26,2,536,588,1,-1,-1,-1
29,5,1997,305,528,532,1,-1,-1,-1
29,9,218,487,376,588,1,-1,-1,-1
29,10,1166,432,360,584,1,-1,-1,-1
29,11,481,572,217,491,1,-1,-1,-1
29,12,1653,87,728,404,1,-1,-1,-1
29,15,1716,328,284,692,1,-1,-1,-1
29,16,1983,407,263,590,1,-1,-1,-1
29,17,987,466,370,568,1,-1,-1,-1
29,18,345,1,228,172,1,-1,-1,-1
29,19,597,448,732,596,1,-1,-1,-1
29,20,1135,234,739,584,1,-1,-1,-1
29,21,945,118,564,328,1,-1,-1,-1
30,0,1,470,320,616,1,-1,-1,-1
30,3,30,3,536,588,1,-1,-1,-1
30,5,1993,311,528,532,1,-1,-1,-1
30,9,220,497,376,588,1,-1,-1,-1
30,10,1178,444,343,556,1,-1,-1,-1
30,11,474,557,228,516,1,-1,-1,-1
30,12,1682,88,693,385,1,-1,-1,-1
30,15,1707,299,298,727,1,-1,-1,-1
30,16,1975,398,276,620,1,-1,-1,-1
30,17,987,462,370,568,1,-1,-1,-1
30,18,345,0,228,172,1,-1,-1,-1
30,19,603,455,732,596,1,-1,-1,-1
30,20,1148,241,704,556,1,-1,-1,-1
31,0,6,464,320,616,1,-1,-1,-1
31,3,29,3,536,588,1,-1,-1,-1
31,5,1994,309,528,532,1,-1,-1,-1
31,9,217,487,376,588,1,-1,-1,-1
31,10,1174,444,343,556,1,-1,-1,-1
31,11,473,556,228,516,1,-1,-1,-1
31,12,1688,90,693,385,1,-1,-1,-1
31,15,1717,316,284,692,1,-1,-1,-1
31,16,1975,394,276,620,1,-1,-1,-1
31,17,989,461,370,568,1,-1,-1,-1
31,18,346,1,228,172,1,-1,-1,-1
31,19,607,451,732,596,1,-1,-1,-1
31,20,1152,231,704,556,1,-1,-1,-1
32,0,6,477,320,616,1,-1,-1,-1
32,3,24,3,536,588,1,-1,-1,-1
32,5,1993,311,528,532,1,-1,-1,-1
32,9,229,501,358,560,1,-1,-1,-1
32,10,1174,444,343,556,1,-1,-1,-1
32,11,473,555,228,516,1,-1,-1,-1
32,12,1689,86,693,385,1,-1,-1,-1
32,15,1724,319,284,692,1,-1,-1,-1
32,16,1974,393,276,620,1,-1,-1,-1
32,17,994,459,370,568,1,-1,-1,-1
32,18,346,0,228,171,1,-1,-1,-1
32,19,594,450,732,596,1,-1,-1,-1
32,20,1137,227,704,556,1,-1,-1,-1
33,0,0,468,324,620,1,-1,-1,-1
33,3,28,4,528,584,1,-1,-1,-1
33,5,1992,308,520,540,1,-1,-1,-1
33,9,216,492,360,584,1,-1,-1,-1
33,10,1168,432,352,592,1,-1,-1,-1
33,11,476,556,204,516,1,-1,-1,-1
33,12,1652,108,720,392,1,-1,-1,-1
33,15,1720,340,284,680,1,-1,-1,-1
33,16,1976,388,276,624,1,-1,-1,-1
33,17,994,459,370,568,1,-1,-1,-1
33,18,346,0,228,171,1,-1,-1,-1
33,19,508,432,844,616,1,-1,-1,-1
33,20,1188,284,648,552,1,-1,-1,-1
33,22,1112,112,280,356,1,-1,-1,-1
34,0,0,469,324,620,1,-1,-1,-1
34,3,29,0,528,583,1,-1,-1,-1
34,5,1986,303,520,540,1,-1,-1,-1
34,9,215,487,360,584,1,-1,-1,-1
34,10,1168,434,352,592,1,-1,-1,-1
34,11,473,557,204,516,1,-1,-1,-1
34,12,1647,106,720,392,1,-1,-1,-1
34,15,1718,346,284,680,1,-1,-1,-1
34,16,1974,388,276,624,1,-1,-1,-1
34,17,991,457,370,568,1,-1,-1,-1
34,18,347,0,228,172,1,-1,-1,-1
34,19,506,427,844,616,1,-1,-1,-1
34,20,1194,282,648,552,1,-1,-1,-1
34,22,1106,109,280,356,1,-1,-1,-1
35,0,0,473,322,620,1,-1,-1,-1
35,3,28,1,528,584,1,-1,-1,-1
35,5,2002,320,495,514,1,-1,-1,-1
35,9,213,488,360,584,1,-1,-1,-1
35,10,1162,435,352,592,1,-1,-1,-1
35,11,469,554,204,516,1,-1,-1,-1
35,12,1647,102,720,392,1,-1,-1,-1
35,15,1712,328,298,714,1,-1,-1,-1
35,16,1974,391,276,624,1,-1,-1,-1
35,18,347,1,228,172,1,-1,-1,-1
35,19,473,408,886,647,1,-1,-1,-1
35,20,1192,276,648,552,1,-1,-1,-1
35,22,1112,119,267,339,1,-1,-1,-1
36,0,0,472,322,620,1,-1,-1,-1
36,3,23,1,528,584,1,-1,-1,-1
36,5,1989,307,520,540,1,-1,-1,-1
36,9,207,488,360,584,1,-1,-1,-1
36,10,1152,415,370,622,1,-1,-1,-1
36,11,467,552,204,516,1,-1,-1,-1
36,12,1648,99,720,392,1,-1,-1,-1
36,15,1715,327,298,714,1,-1,-1,-1
36,16,1975,396,276,624,1,-1,-1,-1
36,18,348,1,228,172,1,-1,-1,-1
36,19,501,422,844,616,1,-1,-1,-1
36,20,1184,282,648,552,1,-1,-1,-1
36,22,1110,122,267,339,1,-1,-1,-1
37,0,0,463,332,651,1,-1,-1,-1
37,3,26,2,528,584,1,-1,-1,-1
37,5,1985,304,520,540,1,-1,-1,-1
37,9,212,495,360,584,1,-1,-1,-1
37,10,1162,421,370,622,1,-1,-1,-1
37,12,1642,103,720,392,1,-1,-1,-1
37,15,1715,320,298,714,1,-1,-1,-1
37,16,1981,397,276,624,1,-1,-1,-1
37,18,348,1,228,172,1,-1,-1,-1
37,19,473,409,886,647,1,-1,-1,-1
37,20,1191,276,648,552,1,-1,-1,-1
37,22,1113,118,267,339,1,-1,-1,-1
38,0,0,459,328,651,1,-1,-1,-1
38,3,25,0,528,584,1,-1,-1,-1
38,5,1999,322,495,514,1,-1,-1,-1
38,9,201,486,360,584,1,-1,-1,-1
38,10,1157,422,370,622,1,-1,-1,-1
38,12,1645,117,720,392,1,-1,-1,-1
38,15,1704,326,298,714,1,-1,-1,-1
38,18,347,0,228,172,1,-1,-1,-1
38,19,473,396,886,647,1,-1,-1,-1
38,20,1184,285,648,552,1,-1,-1,-1
38,22,1106,109,280,356,1,-1,-1,-1
39,0,0,454,330,651,1,-1,-1,-1
39,3,24,2,528,584,1,-1,-1,-1
39,5,1993,320,495,514,1,-1,-1,-1
39,9,194,488,360,584,1,-1,-1,-1
39,10,1165,414,370,622,1,-1,-1,-1
39,12,1641,111,720,392,1,-1,-1,-1
39,15,1713,341,284,680,1,-1,-1,-1
39,18,348,0,228,171,1,-1,-1,-1
39,19,499,403,844,616,1,-1,-1,-1
39,20,1188,293,648,552,1,-1,-1,-1
39,22,1106,107,280,356,1,-1,-1,-1
40,0,0,457,330,651,1,-1,-1,-1
40,3,26,2,528,584,1,-1,-1,-1
40,5,1996,315,495,514,1,-1,-1,-1
40,9,200,490,360,584,1,-1,-1,-1
40,10,1165,412,370,622,1,-1,-1,-1
40,12,1665,122,686,373,1,-1,-1,-1
40,15,1723,354,270,648,1,-1,-1,-1
40,18,349,1,228,172,1,-1,-1,-1
40,19,484,396,886,647,1,-1,-1,-1
40,20,1199,289,648,552,1,-1,-1,-1
40,22,1115,119,267,339,1,-1,-1,-1
41,0,0,468,320,620,1,-1,-1,-1
41,3,52,4,508,508,1,-1,-1,-1
41,5,1984,296,528,540,1,-1,-1,-1
41,9,216,488,356,584,1,-1,-1,-1
41,10,1168,432,376,588,1,-1,-1,-1
41,12,1652,104,700,396,1,-1,-1,-1
41,15,1660,320,336,696,1,-1,-1,-1
41,18,349,1,228,172,1,-1,-1,-1
41,19,412,412,616,616,1,-1,-1,-1
41,20,1236,292,480,544,1,-1,-1,-1
41,22,1132,96,248,364,1,-1,-1,-1
41,23,1008,452,344,592,1,-1,-1,-1
41,24,1972,392,268,612,1,-1,-1,-1
42,0,0,469,318,620,1,-1,-1,-1
42,3,52,6,508,508,1,-1,-1,-1
42,5,1989,296,528,540,1,-1,-1,-1
42,9,216,487,356,584,1,-1,-1,-1
42,10,1167,432,376,588,1,-1,-1,-1
42,12,1650,103,700,396,1,-1,-1,-1
42,15,1662,319,336,696,1,-1,-1,-1
42,18,350,1,228,172,1,-1,-1,-1
42,19,406,408,616,616,1,-1,-1,-1
42,20,1236,295,480,544,1,-1,-1,-1
42,22,1132,93,248,364,1,-1,-1,-1
42,23,1006,449,344,592,1,-1,-1,-1
42,24,1974,394,268,612,1,-1,-1,-1
43,0,0,470,318,620,1,-1,-1,-1
43,3,52,7,508,508,1,-1,-1,-1
43,5,1995,308,503,514,1,-1,-1,-1
43,9,214,486,356,584,1,-1,-1,-1
43,10,1165,428,376,588,1,-1,-1,-1
43,12,1647,98,700,396,1,-1,-1,-1
43,15,1661,320,336,696,1,-1,-1,-1
43,18,350,1,228,172,1,-1,-1,-1
43,19,391,406,616,616,1,-1,-1,-1
43,20,1240,296,480,544,1,-1,-1,-1
43,22,1131,91,248,364,1,-1,-1,-1
43,23,1007,450,344,592,1,-1,-1,-1
43,24,1976,397,268,612,1,-1,-1,-1
44,0,0,472,318,620,1,-1,-1,-1
44,3,51,6,508,508,1,-1,-1,-1
44,5,1983,295,528,540,1,-1,-1,-1
44,9,210,481,356,584,1,-1,-1,-1
44,10,1159,430,376,588,1,-1,-1,-1
44,12,1651,102,700,396,1,-1,-1,-1
44,15,1661,323,336,696,1,-1,-1,-1
44,18,350,0,228,171,1,-1,-1,-1
44,19,404,416,587,587,1,-1,-1,-1
44,20,1242,293,480,544,1,-1,-1,-1
44,22,1130,91,248,364,1,-1,-1,-1
44,23,1009,446,344,592,1,-1,-1,-1
44,24,1975,393,268,612,1,-1,-1,-1
45,0,0,451,321,651,1,-1,-1,-1
45,3,50,7,508,508,1,-1,-1,-1
45,5,1986,294,528,540,1,-1,-1,-1
45,9,215,492,356,584,1,-1,-1,-1
45,10,1174,442,358,560,1,-1,-1,-1
45,12,1649,102,700,396,1,-1,-1,-1
45,15,1664,324,336,696,1,-1,-1,-1
45,18,348,0,228,172,1,-1,-1,-1
45,19,410,421,559,559,1,-1,-1,-1
45,20,1239,291,480,544,1,-1,-1,-1
45,22,1131,92,248,364,1,-1,-1,-1
45,23,997,430,361,622,1,-1,-1,-1
45,24,1971,383,281,643,1,-1,-1,-1
46,0,0,449,319,651,1,-1,-1,-1
46,3,52,8,508,508,1,-1,-1,-1
46,5,1996,306,503,514,1,-1,-1,-1
46,9,213,488,356,584,1,-1,-1,-1
46,10,1161,436,376,588,1,-1,-1,-1
46,12,1645,101,700,396,1,-1,-1,-1
46,15,1658,323,336,696,1,-1,-1,-1
46,18,348,1,228,172,1,-1,-1,-1
46,19,386,414,587,587,1,-1,-1,-1
46,20,1234,300,480,544,1,-1,-1,-1
46,22,1129,90,248,364,1,-1,-1,-1
46,23,994,436,361,622,1,-1,-1,-1
46,24,1969,382,281,643,1,-1,-1,-1
47,0,0,459,325,651,1,-1,-1,-1
47,3,50,5,508,508,1,-1,-1,-1
47,5,1989,294,528,540,1,-1,-1,-1
47,9,211,488,356,584,1,-1,-1,-1
47,10,1169,453,376,588,1,-1,-1,-1
47,12,1654,106,700,396,1,-1,-1,-1
47,15,1664,330,336,696,1,-1,-1,-1
47,18,349,1,228,172,1,-1,-1,-1
47,19,379,414,587,587,1,-1,-1,-1
47,20,1244,316,457,518,1,-1,-1,-1
47,22,1122,87,248,364,1,-1,-1,-1
47,23,991,439,361,622,1,-1,-1,-1
47,24,1960,354,295,675,1,-1,-1,-1
48,0,0,457,329,651,1,-1,-1,-1
48,3,53,8,508,508,1,-1,-1,-1
48,5,1988,292,528,540,1,-1,-1,-1
48,9,210,488,356,584,1,-1,-1,-1
48,10,1161,439,376,588,1,-1,-1,-1
48,12,1647,104,700,396,1,-1,-1,-1
48,15,1657,328,336,696,1,-1,-1,-1
48,18,349,0,228,172,1,-1,-1,-1
48,19,379,414,587,587,1,-1,-1,-1
48,20,1246,311,457,518,1,-1,-1,-1
48,22,1119,90,248,364,1,-1,-1,-1
48,23,992,444,361,622,1,-1,-1,-1
48,24,1961,377,281,643,1,-1,-1,-1
49,0,0,480,312,596,1,-1,-1,-1
49,3,52,4,516,512,1,-1,-1,-1
49,5,1972,256,544,584,1,-1,-1,-1
49,9,212,484,368,584,1,-1,-1,-1
49,10,1164,428,352,584,1,-1,-1,-1
49,12,1660,108,688,384,1,-1,-1,-1
49,15,1688,384,312,632,1,-1,-1,-1
49,18,349,0,228,172,1,-1,-1,-1
49,19,396,376,628,584,1,-1,-1,-1
49,20,1280,312,440,556,1,-1,-1,-1
49,22,1100,84,264,384,1,-1,-1,-1
49,23,992,448,360,596,1,-1,-1,-1
49,24,1976,396,284,612,1,-1,-1,-1
49,25,472,556,228,512,1,-1,-1,-1
50,0,4,480,312,596,1,-1,-1,-1
50,3,48,4,516,512,1,-1,-1,-1
50,5,1970,255,544,584,1,-1,-1,-1
50,9,215,485,368,584,1,-1,-1,-1
50,10,1165,428,352,584,1,-1,-1,-1
50,12,1656,107,688,384,1,-1,-1,-1
50,15,1689,376,312,632,1,-1,-1,-1
50,18,351,0,228,171,1,-1,-1,-1
50,19,391,377,628,584,1,-1,-1,-1
50,20,1280,321,440,556,1,-1,-1,-1
50,22,1100,81,264,384,1,-1,-1,-1
50,23,993,454,360,596,1,-1,-1,-1
50,24,1973,399,284,612,1,-1,-1,-1
50,25,478,558,228,512,1,-1,-1,-1
51,0,4,478,312,596,1,-1,-1,-1
51,3,50,3,516,512,1,-1,-1,-1
51,5,1969,250,544,584,1,-1,-1,-1
51,9,214,487,368,584,1,-1,-1,-1
51,10,1169,430,352,584,1,-1,-1,-1
51,12,1657,105,688,384,1,-1,-1,-1
51,15,1684,375,312,632,1,-1,-1,-1
51,18,352,0,228,170,1,-1,-1,-1
51,19,389,382,628,584,1,-1,-1,-1
51,20,1279,319,440,556,1,-1,-1,-1
51,22,1097,82,264,384,1,-1,-1,-1
51,23,989,453,360,596,1,-1,-1,-1
51,24,1974,395,284,612,1,-1,-1,-1
51,25,477,549,228,512,1,-1,-1,-1
52,0,0,472,321,626,1,-1,-1,-1
52,3,49,5,516,512,1,-1,-1,-1
52,5,1967,251,544,584,1,-1,-1,-1
52,9,227,504,350,556,1,-1,-1,-1
52,10,1175,439,335,556,1,-1,-1,-1
52,12,1657,107,688,384,1,-1,-1,-1
52,15,1683,376,312,632,1,-1,-1,-1
52,18,351,0,228,170,1,-1,-1,-1
52,19,403,395,598,556,1,-1,-1,-1
52,20,1279,320,440,556,1,-1,-1,-1
52,22,1094,77,264,384,1,-1,-1,-1
52,23,990,443,360,596,1,-1,-1,-1
52,24,1974,396,284,612,1,-1,-1,-1
52,25,486,563,217,488,1,-1,-1,-1
53,0,0,465,319,626,1,-1,-1,-1
53,3,52,1,516,512,1,-1,-1,-1
53,5,1968,250,544,584,1,-1,-1,-1
53,10,1175,440,335,556,1,-1,-1,-1
53,12,1656,105,688,384,1,-1,-1,-1
53,15,1685,369,312,632,1,-1,-1,-1
53,18,352,0,228,169,1,-1,-1,-1
53,19,396,394,598,556,1,-1,-1,-1
53,20,1278,322,440,556,1,-1,-1,-1
53,22,1093,71,264,384,1,-1,-1,-1
53,23,989,451,360,596,1,-1,-1,-1
53,24,1975,396,284,612,1,-1,-1,-1
53,25,484,562,217,488,1,-1,-1,-1
54,0,0,463,316,626,1,-1,-1,-1
54,3,48,2,516,512,1,-1,-1,-1
54,5,1973,251,544,584,1,-1,-1,-1
54,10,1177,443,335,556,1,-1,-1,-1
54,12,1657,105,688,384,1,-1,-1,-1
54,15,1677,365,312,632,1,-1,-1,-1
54,18,350,0,228,169,1,-1,-1,-1
54,19,390,388,598,556,1,-1,-1,-1
54,20,1285,341,419,530,1,-1,-1,-1
54,22,1080,64,277,403,1,-1,-1,-1
54,23,988,454,360,596,1,-1,-1,-1
54,24,1970,399,284,612,1,-1,-1,-1
55,0,0,460,313,626,1,-1,-1,-1
55,3,49,4,516,512,1,-1,-1,-1
55,5,1975,251,544,584,1,-1,-1,-1
55,10,1176,449,335,556,1,-1,-1,-1
55,12,1653,105,688,384,1,-1,-1,-1
55,15,1680,375,312,632,1,-1,-1,-1
55,18,351,0,228,170,1,-1,-1,-1
55,19,380,388,598,556,1,-1,-1,-1
55,20,1285,341,419,530,1,-1,-1,-1
55,22,1077,67,277,403,1,-1,-1,-1
55,23,986,456,360,596,1,-1,-1,-1
55,24,1970,396,284,612,1,-1,-1,-1
56,3,50,5,516,512,1,-1,-1,-1
56,5,1977,250,544,584,1,-1,-1,-1
56,10,1167,415,352,584,1,-1,-1,-1
56,12,1672,116,655,366,1,-1,-1,-1
56,15,1680,383,312,632,1,-1,-1,-1
56,18,351,0,228,172,1,-1,-1,-1
56,19,381,380,598,556,1,-1,-1,-1
56,20,1301,352,399,504,1,-1,-1,-1
56,22,1074,67,277,403,1,-1,-1,-1
56,23,989,454,360,596,1,-1,-1,-1
56,24,1972,398,284,612,1,-1,-1,-1
57,3,48,4,516,504,1,-1,-1,-1
57,5,1960,252,556,584,1,-1,-1,-1
57,10,1152,428,360,600,1,-1,-1,-1
57,12,1660,104,688,380,1,-1,-1,-1
57,15,1712,308,284,704,1,-1,-1,-1
57,18,352,0,228,180,1,-1,-1,-1
57,19,404,344,584,612,1,-1,-1,-1
57,20,1368,348,404,620,1,-1,-1,-1
57,22,1064,60,320,420,1,-1,-1,-1
57,23,972,444,380,604,1,-1,-1,-1
57,24,1972,372,272,636,1,-1,-1,-1
57,26,0,472,476,576,1,-1,-1,-1
57,27,256,532,488,520,1,-1,-1,-1
57,28,1368,292,472,272,1,-1,-1,-1
58,3,50,5,516,504,1,-1,-1,-1
58,5,1962,249,556,584,1,-1,-1,-1
58,10,1153,431,360,600,1,-1,-1,-1
58,12,1661,103,688,380,1,-1,-1,-1
58,15,1713,310,284,704,1,-1,-1,-1
58,18,351,1,228,180,1,-1,-1,-1
58,19,395,343,584,612,1,-1,-1,-1
58,20,1367,349,404,620,1,-1,-1,-1
58,22,1063,60,320,420,1,-1,-1,-1
58,23,972,445,380,604,1,-1,-1,-1
58,24,1973,374,272,636,1,-1,-1,-1
58,26,12,460,476,576,1,-1,-1,-1
58,27,257,521,488,520,1,-1,-1,-1
58,28,1374,293,472,272,1,-1,-1,-1
59,3,47,0,516,502,1,-1,-1,-1
59,5,1960,247,556,584,1,-1,-1,-1
59,10,1154,434,360,600,1,-1,-1,-1
59,12,1658,103,688,380,1,-1,-1,-1
59,15,1710,322,284,704,1,-1,-1,-1
59,18,353,0,228,180,1,-1,-1,-1
59,19,391,341,584,612,1,-1,-1,-1
59,20,1375,347,404,620,1,-1,-1,-1
59,22,1058,54,320,420,1,-1,-1,-1
59,23,968,444,380,604,1,-1,-1,-1
59,24,1973,370,272,636,1,-1,-1,-1
59,26,20,472,453,549,1,-1,-1,-1
59,27,264,517,488,520,1,-1,-1,-1
59,28,1370,293,472,272,1,-1,-1,-1
60,3,45,0,516,500,1,-1,-1,-1
60,5,1959,246,556,584,1,-1,-1,-1
60,10,1154,432,360,600,1,-1,-1,-1
60,12,1658,106,688,380,1,-1,-1,-1
60,15,1721,339,270,670,1,-1,-1,-1
60,18,354,0,228,180,1,-1,-1,-1
60,19,388,348,584,612,1,-1,-1,-1
60,20,1378,347,404,620,1,-1,-1,-1
60,22,1054,58,320,420,1,-1,-1,-1
60,23,968,452,380,604,1,-1,-1,-1
60,24,1976,368,272,636,1,-1,-1,-1
60,27,269,522,488,520,1,-1,-1,-1
60,28,1374,292,472,272,1,-1,-1,-1
61,3,47,4,516,504,1,-1,-1,-1
61,5,1962,247,556,584,1,-1,-1,-1
61,10,1153,432,360,600,1,-1,-1,-1
61,12,1661,101,688,380,1,-1,-1,-1
61,15,1714,318,284,704,1,-1,-1,-1
61,18,353,0,228,180,1,-1,-1,-1
61,19,391,347,584,612,1,-1,-1,-1
61,20,1375,348,404,620,1,-1,-1,-1
61,22,1045,47,336,441,1,-1,-1,-1
61,23,977,456,362,575,1,-1,-1,-1
61,24,1978,371,272,636,1,-1,-1,-1
61,27,270,526,488,520,1,-1,-1,-1
61,28,1375,298,472,272,1,-1,-1,-1
62,3,46,2,516,504,1,-1,-1,-1
62,5,1964,246,556,584,1,-1,-1,-1
62,10,1157,437,360,600,1,-1,-1,-1
62,12,1660,104,688,380,1,-1,-1,-1
62,15,1704,298,298,739,1,-1,-1,-1
62,18,352,0,228,179,1,-1,-1,-1
62,19,382,345,584,612,1,-1,-1,-1
62,20,1370,339,424,651,1,-1,-1,-1
62,22,1040,53,336,441,1,-1,-1,-1
62,23,980,460,362,575,1,-1,-1,-1
62,24,1979,382,272,636,1,-1,-1,-1
62,28,1383,302,472,272,1,-1,-1,-1
63,3,35,0,542,518,1,-1,-1,-1
63,5,1966,251,556,584,1,-1,-1,-1
63,10,1147,414,378,630,1,-1,-1,-1
63,12,1659,105,688,380,1,-1,-1,-1
63,18,353,0,228,180,1,-1,-1,-1
63,19,372,342,584,612,1,-1,-1,-1
63,22,1041,53,336,441,1,-1,-1,-1
63,23,971,442,380,604,1,-1,-1,-1
63,24,1978,384,272,636,1,-1,-1,-1
63,28,1399,309,450,259,1,-1,-1,-1
64,3,34,0,542,521,1,-1,-1,-1
64,5,1963,252,556,584,1,-1,-1,-1
64,10,1154,427,360,600,1,-1,-1,-1
64,12,1658,105,688,380,1,-1,-1,-1
64,18,353,0,228,180,1,-1,-1,-1
64,19,367,333,584,612,1,-1,-1,-1
64,22,1039,53,336,441,1,-1,-1,-1
64,23,972,440,380,604,1,-1,-1,-1
64,24,1976,372,272,636,1,-1,-1,-1
64,28,1394,309,450,259,1,-1,-1,-1
65,3,56,4,532,496,1,-1,-1,-1
65,5,1956,252,564,588,1,-1,-1,-1
65,10,1152,432,376,600,1,-1,-1,-1
65,12,1660,96,688,376,1,-1,-1,-1
65,18,356,0,228,192,1,-1,-1,-1
65,19,500,248,488,660,1,-1,-1,-1
65,22,1020,60,312,416,1,-1,-1,-1
65,23,952,444,404,608,1,-1,-1,-1
65,24,1972,372,276,640,1,-1,-1,-1
65,28,1364,288,488,252,1,-1,-1,-1
65,29,1396,404,420,580,1,-1,-1,-1
65,30,0,232,192,692,1,-1,-1,-1
65,31,1712,316,284,704,1,-1,-1,-1
65,32,144,448,528,500,1,-1,-1,-1
66,3,58,3,532,496,1,-1,-1,-1
66,5,1955,248,564,588,1,-1,-1,-1
66,10,1160,452,358,571,1,-1,-1,-1
66,12,1663,96,688,376,1,-1,-1,-1
66,18,359,1,228,192,1,-1,-1,-1
66,19,493,244,488,660,1,-1,-1,-1
66,22,1018,63,312,416,1,-1,-1,-1
66,23,952,444,404,608,1,-1,-1,-1
66,24,1974,374,276,640,1,-1,-1,-1
66,28,1363,290,488,252,1,-1,-1,-1
66,29,1394,404,420,580,1,-1,-1,-1
66,31,1713,321,284,704,1,-1,-1,-1
66,32,143,437,528,500,1,-1,-1,-1
67,3,56,2,532,496,1,-1,-1,-1
67,5,1954,247,564,588,1,-1,-1,-1
67,10,1167,449,358,571,1,-1,-1,-1
67,12,1661,98,688,376,1,-1,-1,-1
67,18,359,1,228,192,1,-1,-1,-1
67,19,495,253,465,629,1,-1,-1,-1
67,22,1015,58,312,416,1,-1,-1,-1
67,23,953,448,404,608,1,-1,-1,-1
67,24,1974,376,276,640,1,-1,-1,-1
67,28,1366,289,488,252,1,-1,-1,-1
67,29,1391,391,441,609,1,-1,-1,-1
67,31,1716,324,284,704,1,-1,-1,-1
67,32,133,436,528,500,1,-1,-1,-1
68,3,55,1,532,496,1,-1,-1,-1
68,5,1954,246,564,588,1,-1,-1,-1
68,10,1159,456,358,571,1,-1,-1,-1
68,12,1663,98,688,376,1,-1,-1,-1
68,18,358,2,228,192,1,-1,-1,-1
68,19,473,243,488,660,1,-1,-1,-1
68,22,1015,60,312,416,1,-1,-1,-1
68,23,949,445,404,608,1,-1,-1,-1
68,24,1972,378,276,640,1,-1,-1,-1
68,28,1366,292,488,252,1,-1,-1,-1
68,29,1389,398,441,609,1,-1,-1,-1
68,31,1723,334,270,670,1,-1,-1,-1
68,32,129,429,528,500,1,-1,-1,-1
69,3,53,5,532,496,1,-1,-1,-1
69,5,1951,247,564,588,1,-1,-1,-1
69,10,1160,458,358,571,1,-1,-1,-1
69,12,1660,95,688,376,1,-1,-1,-1
69,18,357,2,228,192,1,-1,-1,-1
69,22,1013,61,312,416,1,-1,-1,-1
69,23,961,467,385,579,1,-1,-1,-1
69,24,1966,356,290,672,1,-1,-1,-1
69,28,1366,287,488,252,1,-1,-1,-1
69,29,1389,404,441,609,1,-1,-1,-1
69,31,1716,327,284,704,1,-1,-1,-1
69,32,106,409,554,525,1,-1,-1,-1
70,3,56,2,532,496,1,-1,-1,-1
70,5,1940,233,592,617,1,-1,-1,-1
70,10,1165,459,358,571,1,-1,-1,-1
70,12,1658,98,688,376,1,-1,-1,-1
70,18,359,2,228,192,1,-1,-1,-1
70,22,1012,59,312,416,1,-1,-1,-1
70,23,957,461,385,579,1,-1,-1,-1
70,24,1975,369,276,640,1,-1,-1,-1
70,28,1376,294,488,252,1,-1,-1,-1
70,29,1412,437,420,580,1,-1,-1,-1
70,31,1711,301,298,739,1,-1,-1,-1
71,3,62,3,532,496,1,-1,-1,-1
71,5,1951,245,564,588,1,-1,-1,-1
71,12,1664,96,688,376,1,-1,-1,-1
71,18,360,2,228,192,1,-1,-1,-1
71,22,1012,57,312,416,1,-1,-1,-1
71,23,960,463,385,579,1,-1,-1,-1
71,24,1972,371,276,640,1,-1,-1,-1
71,28,1373,295,488,252,1,-1,-1,-1
71,29,1414,436,420,580,1,-1,-1,-1
72,3,58,5,532,496,1,-1,-1,-1
72,5,1937,231,592,617,1,-1,-1,-1
72,12,1653,95,688,376,1,-1,-1,-1
72,18,360,2,228,192,1,-1,-1,-1
72,22,1018,75,297,396,1,-1,-1,-1
72,23,956,457,385,579,1,-1,-1,-1
72,24,1974,369,276,640,1,-1,-1,-1
72,28,1384,302,465,240,1,-1,-1,-1
73,3,172,4,392,464,1,-1,-1,-1
73,5,1960,252,560,592,1,-1,-1,-1
73,12,1656,100,688,388,1,-1,-1,-1
73,18,360,0,228,176,1,-1,-1,-1
73,22,1020,56,308,416,1,-1,-1,-1
73,23,948,444,408,604,1,-1,-1,-1
73,24,1972,376,272,636,1,-1,-1,-1
73,28,1356,300,484,268,1,-1,-1,-1
73,33,260,448,500,528,1,-1,-1,-1
73,34,1404,408,464,612,1,-1,-1,-1
73,35,1140,432,476,568,1,-1,-1,-1
73,36,1716,312,288,712,1,-1,-1,-1
73,37,0,292,616,600,1,-1,-1,-1
73,38,520,220,288,648,1,-1,-1,-1
74,3,177,1,392,464,1,-1,-1,-1
74,5,1960,252,560,592,1,-1,-1,-1
74,12,1657,104,688,388,1,-1,-1,-1
74,18,360,0,228,176,1,-1,-1,-1
74,22,1021,58,308,416,1,-1,-1,-1
74,23,950,445,408,604,1,-1,-1,-1
74,24,1972,378,272,636,1,-1,-1,-1
74,28,1354,296,484,268,1,-1,-1,-1
74,33,258,445,500,528,1,-1,-1,-1
74,34,1408,414,464,612,1,-1,-1,-1
74,35,1141,432,476,568,1,-1,-1,-1
74,36,1716,310,288,712,1,-1,-1,-1
74,37,0,296,613,600,1,-1,-1,-1
74,38,510,211,288,648,1,-1,-1,-1
75,3,181,9,373,442,1,-1,-1,-1
75,5,1960,255,560,592,1,-1,-1,-1
75,12,1652,99,688,388,1,-1,-1,-1
75,18,360,1,228,176,1,-1,-1,-1
75,22,1022,55,308,416,1,-1,-1,-1
75,23,950,445,408,604,1,-1,-1,-1
75,24,1972,378,272,636,1,-1,-1,-1
75,28,1348,298,484,268,1,-1,-1,-1
75,33,252,446,500,528,1,-1,-1,-1
75,34,1421,436,442,583,1,-1,-1,-1
75,35,1144,433,476,568,1,-1,-1,-1
75,36,1718,312,288,712,1,-1,-1,-1
75,37,0,288,612,600,1,-1,-1,-1
75,38,510,208,288,648,1,-1,-1,-1
76,3,184,9,373,442,1,-1,-1,-1
76,5,1956,252,560,592,1,-1,-1,-1
76,12,1645,95,688,388,1,-1,-1,-1
76,18,359,1,228,176,1,-1,-1,-1
76,22,1024,55,308,416,1,-1,-1,-1
76,23,950,444,408,604,1,-1,-1,-1
76,24,1974,381,272,636,1,-1,-1,-1
76,28,1362,302,461,255,1,-1,-1,-1
76,33,250,449,500,528,1,-1,-1,-1
76,34,1424,439,442,583,1,-1,-1,-1
76,35,1144,433,476,568,1,-1,-1,-1
76,36,1715,315,288,712,1,-1,-1,-1
76,37,0,281,635,630,1,-1,-1,-1
76,38,505,189,302,680,1,-1,-1,-1
77,3,180,8,373,442,1,-1,-1,-1
77,5,1961,255,560,592,1,-1,-1,-1
77,12,1672,104,655,370,1,-1,-1,-1
77,18,360,1,228,176,1,-1,-1,-1
77,22,1024,54,308,416,1,-1,-1,-1
77,23,953,445,408,604,1,-1,-1,-1
77,24,1979,374,272,636,1,-1,-1,-1
77,28,1361,300,461,255,1,-1,-1,-1
77,33,256,445,500,528,1,-1,-1,-1
77,34,1409,416,464,612,1,-1,-1,-1
77,35,1147,434,476,568,1,-1,-1,-1
77,36,1716,306,288,712,1,-1,-1,-1
77,37,0,284,646,630,1,-1,-1,-1
77,38,501,181,302,680,1,-1,-1,-1
78,3,167,0,392,459,1,-1,-1,-1
78,5,1961,254,560,592,1,-1,-1,-1
78,12,1672,105,655,370,1,-1,-1,-1
78,18,358,0,228,176,1,-1,-1,-1
78,22,1026,55,308,416,1,-1,-1,-1
78,23,955,457,408,604,1,-1,-1,-1
78,24,1968,358,286,668,1,-1,-1,-1
78,28,1360,299,461,255,1,-1,-1,-1
78,34,1414,435,442,583,1,-1,-1,-1
78,35,1148,438,476,568,1,-1,-1,-1
78,36,1719,322,274,678,1,-1,-1,-1
78,37,12,295,647,630,1,-1,-1,-1
79,3,161,1,392,464,1,-1,-1,-1
79,5,1963,256,560,592,1,-1,-1,-1
79,12,1670,99,655,370,1,-1,-1,-1
79,18,358,1,228,176,1,-1,-1,-1
79,22,1024,56,308,416,1,-1,-1,-1
79,23,956,450,408,604,1,-1,-1,-1
79,24,1963,351,286,668,1,-1,-1,-1
79,28,1361,304,461,255,1,-1,-1,-1
79,34,1418,431,442,583,1,-1,-1,-1
79,35,1149,435,476,568,1,-1,-1,-1
79,36,1712,330,274,678,1,-1,-1,-1
79,37,0,278,639,630,1,-1,-1,-1
80,3,171,18,373,442,1,-1,-1,-1
80,5,1959,260,560,592,1,-1,-1,-1
80,12,1673,109,655,370,1,-1,-1,-1
80,18,359,3,228,176,1,-1,-1,-1
80,22,1026,55,308,416,1,-1,-1,-1
80,23,953,445,408,604,1,-1,-1,-1
80,24,1964,347,286,668,1,-1,-1,-1
80,28,1364,301,461,255,1,-1,-1,-1
80,34,1434,436,442,583,1,-1,-1,-1
80,35,1160,456,453,541,1,-1,-1,-1
80,36,1713,334,274,678,1,-1,-1,-1
80,37,14,283,616,600,1,-1,-1,-1
81,3,264,0,248,496,1,-1,-1,-1
81,5,1960,252,564,596,1,-1,-1,-1
81,12,1656,108,688,388,1,-1,-1,-1
81,18,359,3,228,176,1,-1,-1,-1
81,22,1024,60,304,424,1,-1,-1,-1
81,23,932,448,428,600,1,-1,-1,-1
81,24,1972,356,272,656,1,-1,-1,-1
81,28,1360,288,480,276,1,-1,-1,-1
81,34,1416,388,452,640,1,-1,-1,-1
81,35,1152,444,488,588,1,-1,-1,-1
81,36,1712,308,284,716,1,-1,-1,-1
81,37,28,228,372,604,1,-1,-1,-1
81,39,396,348,408,628,1,-1,-1,-1
81,40,544,176,260,436,1,-1,-1,-1
82,3,262,0,248,496,1,-1,-1,-1
82,5,1958,248,564,596,1,-1,-1,-1
82,12,1653,111,688,388,1,-1,-1,-1
82,18,359,4,228,176,1,-1,-1,-1
82,22,1024,59,304,424,1,-1,-1,-1
82,23,933,447,428,600,1,-1,-1,-1
82,24,1971,353,272,656,1,-1,-1,-1
82,28,1360,289,480,276,1,-1,-1,-1
82,34,1420,385,452,640,1,-1,-1,-1
82,35,1152,445,488,588,1,-1,-1,-1
82,36,1712,309,284,716,1,-1,-1,-1
82,37,25,225,372,604,1,-1,-1,-1
82,39,397,340,408,628,1,-1,-1,-1
82,40,545,169,260,436,1,-1,-1,-1
83,3,259,0,248,494,1,-1,-1,-1
83,5,1959,245,564,596,1,-1,-1,-1
83,12,1664,105,688,388,1,-1,-1,-1
83,18,360,5,228,176,1,-1,-1,-1
83,22,1024,61,304,424,1,-1,-1,-1
83,23,933,447,428,600,1,-1,-1,-1
83,24,1971,348,272,656,1,-1,-1,-1
83,28,1360,289,480,276,1,-1,-1,-1
83,34,1424,389,452,640,1,-1,-1,-1
83,35,1152,446,488,588,1,-1,-1,-1
83,36,1711,312,284,716,1,-1,-1,-1
83,37,25,228,372,604,1,-1,-1,-1
83,39,399,358,389,598,1,-1,-1,-1
83,40,549,174,248,415,1,-1,-1,-1
84,3,261,0,248,489,1,-1,-1,-1
84,5,1957,251,564,596,1,-1,-1,-1
84,12,1658,115,688,388,1,-1,-1,-1
84,18,360,6,228,176,1,-1,-1,-1
84,22,1026,59,304,424,1,-1,-1,-1
84,23,934,448,428,600,1,-1,-1,-1
84,24,1977,339,272,656,1,-1,-1,-1
84,28,1360,290,480,276,1,-1,-1,-1
84,34,1425,386,452,640,1,-1,-1,-1
84,35,1151,448,488,588,1,-1,-1,-1
84,36,1703,295,298,752,1,-1,-1,-1
84,37,21,221,372,604,1,-1,-1,-1
84,40,555,163,248,415,1,-1,-1,-1
85,3,263,0,236,467,1,-1,-1,-1
85,5,1964,250,564,596,1,-1,-1,-1
85,12,1663,110,688,388,1,-1,-1,-1
85,18,364,3,228,176,1,-1,-1,-1
85,22,1028,61,304,424,1,-1,-1,-1
85,23,935,444,428,600,1,-1,-1,-1
85,24,1976,367,272,656,1,-1,-1,-1
85,28,1363,289,480,276,1,-1,-1,-1
85,34,1426,384,452,640,1,-1,-1,-1
85,35,1153,434,488,588,1,-1,-1,-1
85,36,1701,286,298,752,1,-1,-1,-1
85,37,17,216,372,604,1,-1,-1,-1
85,40,554,157,248,415,1,-1,-1,-1
86,3,259,0,236,468,1,-1,-1,-1
86,5,1958,249,564,596,1,-1,-1,-1
86,12,1671,121,655,370,1,-1,-1,-1
86,18,367,2,228,176,1,-1,-1,-1
86,22,1026,62,304,424,1,-1,-1,-1
86,23,935,446,428,600,1,-1,-1,-1
86,24,1970,336,286,689,1,-1,-1,-1
86,28,1360,287,480,276,1,-1,-1,-1
86,34,1425,386,452,640,1,-1,-1,-1
86,35,1151,434,488,588,1,-1,-1,-1
86,37,8,194,391,634,1,-1,-1,-1
86,40,556,163,236,395,1,-1,-1,-1
87,3,260,0,236,465,1,-1,-1,-1
87,5,1958,250,564,596,1,-1,-1,-1
87,12,1669,117,655,370,1,-1,-1,-1
87,18,367,7,228,176,1,-1,-1,-1
87,22,1027,63,304,424,1,-1,-1,-1
87,23,936,450,428,600,1,-1,-1,-1
87,24,1972,334,286,689,1,-1,-1,-1
87,28,1354,284,480,276,1,-1,-1,-1
87,34,1418,386,452,640,1,-1,-1,-1
87,35,1156,435,488,588,1,-1,-1,-1
87,37,0,192,391,634,1,-1,-1,-1
87,40,553,156,248,415,1,-1,-1,-1
88,5,1960,250,564,596,1,-1,-1,-1
88,12,1675,111,655,370,1,-1,-1,-1
88,22,1037,68,290,404,1,-1,-1,-1
88,23,936,442,428,600,1,-1,-1,-1
88,28,1357,282,480,276,1,-1,-1,-1
88,34,1417,387,452,640,1,-1,-1,-1
88,35,1156,441,488,588,1,-1,-1,-1
88,37,0,180,385,634,1,-1,-1,-1
89,5,1952,252,572,592,1,-1,-1,-1
89,12,1656,100,684,400,1,-1,-1,-1
89,22,1020,56,308,424,1,-1,-1,-1
89,23,924,444,428,608,1,-1,-1,-1
89,28,1357,282,480,276,1,-1,-1,-1
89,34,1360,324,504,696,1,-1,-1,-1
89,35,1160,440,500,588,1,-1,-1,-1
89,37,44,144,368,680,1,-1,-1,-1
89,41,588,176,320,564,1,-1,-1,-1
89,42,1964,384,280,628,1,-1,-1,-1
89,43,1712,316,284,688,1,-1,-1,-1
89,44,500,376,236,420,1,-1,-1,-1
89,45,320,0,276,600,1,-1,-1,-1
90,5,1949,248,572,592,1,-1,-1,-1
90,12,1657,98,684,400,1,-1,-1,-1
90,22,1019,55,308,424,1,-1,-1,-1
90,23,928,441,428,608,1,-1,-1,-1
90,28,1364,294,457,263,1,-1,-1,-1
90,34,1357,321,504,696,1,-1,-1,-1
90,35,1162,443,500,588,1,-1,-1,-1
90,37,45,136,368,680,1,-1,-1,-1
90,41,594,183,305,537,1,-1,-1,-1
90,42,1961,388,280,628,1,-1,-1,-1
90,43,1714,311,284,688,1,-1,-1,-1
90,44,504,379,225,400,1,-1,-1,-1
90,45,318,0,276,596,1,-1,-1,-1
91,5,1950,251,572,592,1,-1,-1,-1
91,12,1649,97,684,400,1,-1,-1,-1
91,22,1021,54,308,424,1,-1,-1,-1
91,23,939,460,408,579,1,-1,-1,-1
91,28,1362,298,457,263,1,-1,-1,-1
91,34,1356,322,504,696,1,-1,-1,-1
91,35,1156,442,500,588,1,-1,-1,-1
91,37,41,128,368,680,1,-1,-1,-1
91,41,583,164,320,564,1,-1,-1,-1
91,42,1959,393,280,628,1,-1,-1,-1
91,43,1698,292,298,722,1,-1,-1,-1
91,45,317,0,276,592,1,-1,-1,-1
92,5,1960,259,545,564,1,-1,-1,-1
92,12,1656,99,684,400,1,-1,-1,-1
92,22,1018,53,308,424,1,-1,-1,-1
92,23,931,460,408,579,1,-1,-1,-1
92,28,1364,299,457,263,1,-1,-1,-1
92,34,1365,341,480,663,1,-1,-1,-1
92,35,1154,441,500,588,1,-1,-1,-1
92,37,39,123,368,680,1,-1,-1,-1
92,41,577,148,336,592,1,-1,-1,-1
92,42,1967,410,267,598,1,-1,-1,-1
92,43,1703,296,284,688,1,-1,-1,-1
92,45,303,0,290,600,1,-1,-1,-1
93,5,1956,267,545,564,1,-1,-1,-1
93,12,1678,109,651,381,1,-1,-1,-1
93,22,1017,55,308,424,1,-1,-1,-1
93,23,923,459,408,579,1,-1,-1,-1
93,28,1355,296,457,263,1,-1,-1,-1
93,34,1364,359,480,663,1,-1,-1,-1
93,35,1149,434,500,588,1,-1,-1,-1
93,37,50,120,368,680,1,-1,-1,-1
93,41,574,148,336,592,1,-1,-1,-1
93,42,1967,415,254,570,1,-1,-1,-1
93,43,1699,300,284,688,1,-1,-1,-1
93,45,314,0,276,588,1,-1,-1,-1
94,5,1955,268,545,564,1,-1,-1,-1
94,12,1670,108,651,381,1,-1,-1,-1
94,22,1010,58,308,424,1,-1,-1,-1
94,23,921,458,408,579,1,-1,-1,-1
94,28,1343,297,457,263,1,-1,-1,-1
94,34,1364,361,480,663,1,-1,-1,-1
94,35,1147,439,500,588,1,-1,-1,-1
94,42,1964,413,254,570,1,-1,-1,-1
94,43,1690,308,284,688,1,-1,-1,-1
94,45,313,0,276,579,1,-1,-1,-1
95,5,1932,258,572,592,1,-1,-1,-1
95,12,1654,109,651,381,1,-1,-1,-1
95,22,1005,59,308,424,1,-1,-1,-1
95,23,912,461,408,579,1,-1,-1,-1
95,28,1341,299,457,263,1,-1,-1,-1
95,34,1336,333,504,696,1,-1,-1,-1
95,35,1141,442,500,588,1,-1,-1,-1
95,42,1961,400,267,598,1,-1,-1,-1
95,43,1684,293,284,688,1,-1,-1,-1
95,45,310,0,276,575,1,-1,-1,-1
96,5,1906,237,601,622,1,-1,-1,-1
96,12,1651,115,651,381,1,-1,-1,-1
96,22,998,61,308,424,1,-1,-1,-1
96,23,905,463,408,579,1,-1,-1,-1
96,28,1334,300,457,263,1,-1,-1,-1
96,35,1131,443,500,588,1,-1,-1,-1
96,42,1953,415,267,598,1,-1,-1,-1
97,5,1884,272,644,568,1,-1,-1,-1
97,12,1616,100,708,376,1,-1,-1,-1
97,22,976,60,316,428,1,-1,-1,-1
97,23,908,452,404,600,1,-1,-1,-1
97,28,1308,292,500,272,1,-1,-1,-1
97,35,1116,448,524,584,1,-1,-1,-1
97,42,1932,408,272,612,1,-1,-1,-1
97,46,64,100,360,616,1,-1,-1,-1
97,47,564,136,412,556,1,-1,-1,-1
97,48,428,200,256,608,1,-1,-1,-1
97,49,1404,408,420,620,1,-1,-1,-1
97,50,1628,416,388,528,1,-1,-1,-1
97,51,304,0,248,428,1,-1,-1,-1
98,5,1872,277,644,568,1,-1,-1,-1
98,12,1595,102,708,376,1,-1,-1,-1
98,22,969,75,301,408,1,-1,-1,-1
98,23,896,458,404,600,1,-1,-1,-1
98,28,1301,296,500,272,1,-1,-1,-1
98,35,1119,473,499,556,1,-1,-1,-1
98,42,1926,424,259,583,1,-1,-1,-1
98,46,46,78,378,647,1,-1,-1,-1
98,47,567,152,392,530,1,-1,-1,-1
98,48,409,186,269,638,1,-1,-1,-1
98,49,1388,419,420,620,1,-1,-1,-1
98,50,1600,402,407,554,1,-1,-1,-1
98,51,303,7,236,408,1,-1,-1,-1
99,5,1864,278,644,568,1,-1,-1,-1
99,12,1578,94,743,395,1,-1,-1,-1
99,22,953,66,316,428,1,-1,-1,-1
99,23,885,462,404,600,1,-1,-1,-1
99,28,1276,300,500,272,1,-1,-1,-1
99,35,1097,475,499,556,1,-1,-1,-1
99,42,1910,419,259,583,1,-1,-1,-1
99,46,52,97,360,616,1,-1,-1,-1
99,47,566,152,392,530,1,-1,-1,-1
99,48,398,171,269,638,1,-1,-1,-1
99,49,1387,419,420,620,1,-1,-1,-1
99,50,1596,396,407,554,1,-1,-1,-1
99,51,302,0,236,407,1,-1,-1,-1
100,5,1853,282,644,568,1,-1,-1,-1
100,12,1551,98,743,395,1,-1,-1,-1
100,22,944,66,316,428,1,-1,-1,-1
100,23,877,461,404,600,1,-1,-1,-1
100,28,1283,305,476,259,1,-1,-1,-1
100,35,1091,472,499,556,1,-1,-1,-1
100,42,1895,414,259,583,1,-1,-1,-1
100,46,43,91,360,616,1,-1,-1,-1
100,47,546,144,412,556,1,-1,-1,-1
100,48,392,169,269,638,1,-1,-1,-1
100,49,1374,411,420,620,1,-1,-1,-1
100,50,1578,397,407,554,1,-1,-1,-1
100,51,301,8,225,388,1,-1,-1,-1
101,5,1845,288,644,568,1,-1,-1,-1
101,12,1568,108,708,376,1,-1,-1,-1
101,22,933,72,316,428,1,-1,-1,-1
101,23,867,468,404,600,1,-1,-1,-1
101,28,1272,312,476,259,1,-1,-1,-1
101,35,1083,478,499,556,1,-1,-1,-1
101,42,1878,423,259,583,1,-1,-1,-1
101,46,45,92,360,616,1,-1,-1,-1
101,47,539,141,412,556,1,-1,-1,-1
101,48,390,192,256,608,1,-1,-1,-1
101,49,1350,418,420,620,1,-1,-1,-1
101,50,1573,400,407,554,1,-1,-1,-1
102,5,1854,311,613,541,1,-1,-1,-1
102,12,1563,127,708,376,1,-1,-1,-1
102,22,921,73,316,428,1,-1,-1,-1
102,23,862,489,385,571,1,-1,-1,-1
102,28,1265,318,476,259,1,-1,-1,-1
102,35,1054,469,524,584,1,-1,-1,-1
102,42,1872,432,259,583,1,-1,-1,-1
102,46,37,91,360,616,1,-1,-1,-1
102,47,508,144,412,556,1,-1,-1,-1
102,49,1352,426,420,620,1,-1,-1,-1
102,50,1563,409,407,554,1,-1,-1,-1
103,5,1841,319,613,541,1,-1,-1,-1
103,12,1551,118,708,376,1,-1,-1,-1
103,22,910,79,316,428,1,-1,-1,-1
103,23,841,477,404,600,1,-1,-1,-1
103,28,1239,318,476,259,1,-1,-1,-1
103,35,1049,478,524,584,1,-1,-1,-1
103,46,37,88,360,616,1,-1,-1,-1
103,47,500,152,412,556,1,-1,-1,-1
103,49,1342,423,420,620,1,-1,-1,-1
103,50,1558,410,407,554,1,-1,-1,-1
104,5,1821,296,644,568,1,-1,-1,-1
104,12,1536,116,708,376,1,-1,-1,-1
104,22,907,81,316,428,1,-1,-1,-1
104,23,832,475,404,600,1,-1,-1,-1
104,28,1239,322,476,259,1,-1,-1,-1
104,35,1043,476,524,584,1,-1,-1,-1
104,46,34,63,378,647,1,-1,-1,-1
104,47,500,152,412,556,1,-1,-1,-1
104,49,1326,413,441,651,1,-1,-1,-1
104,50,1542,411,407,554,1,-1,-1,-1
105,5,2024,352,456,512,1,-1,-1,-1
105,12,1528,136,696,340,1,-1,-1,-1
105,22,900,60,316,452,1,-1,-1,-1
105,23,800,472,432,604,1,-1,-1,-1
105,28,1224,316,488,224,1,-1,-1,-1
105,35,1036,472,512,580,1,-1,-1,-1
105,46,64,36,400,672,1,-1,-1,-1
105,47,504,160,460,600,1,-1,-1,-1
105,49,1264,440,480,612,1,-1,-1,-1
105,50,1488,416,544,604,1,-1,-1,-1
105,52,320,176,268,580,1,-1,-1,-1
105,53,1812,440,300,596,1,-1,-1,-1
106,5,2012,351,456,512,1,-1,-1,-1
106,12,1512,138,696,340,1,-1,-1,-1
106,22,895,57,316,452,1,-1,-1,-1
106,23,790,467,432,604,1,-1,-1,-1
106,28,1211,315,488,224,1,-1,-1,-1
106,35,1029,475,512,580,1,-1,-1,-1
106,46,66,25,400,672,1,-1,-1,-1
106,47,493,159,460,600,1,-1,-1,-1
106,49,1254,437,480,612,1,-1,-1,-1
106,50,1475,414,544,604,1,-1,-1,-1
106,52,313,163,268,580,1,-1,-1,-1
106,53,1807,440,300,596,1,-1,-1,-1
107,5,2010,351,456,512,1,-1,-1,-1
107,12,1501,135,696,340,1,-1,-1,-1
107,22,897,58,316,452,1,-1,-1,-1
107,23,785,464,432,604,1,-1,-1,-1
107,28,1210,313,488,224,1,-1,-1,-1
107,35,1026,471,512,580,1,-1,-1,-1
107,46,63,19,400,672,1,-1,-1,-1
107,47,488,158,460,600,1,-1,-1,-1
107,49,1250,456,457,583,1,-1,-1,-1
107,50,1467,418,544,604,1,-1,-1,-1
107,52,302,144,281,609,1,-1,-1,-1
107,53,1796,443,300,596,1,-1,-1,-1
108,5,2003,351,456,512,1,-1,-1,-1
108,12,1501,136,696,340,1,-1,-1,-1
108,22,898,62,316,452,1,-1,-1,-1
108,23,793,482,411,575,1,-1,-1,-1
108,28,1216,317,465,213,1,-1,-1,-1
108,35,1018,473,512,580,1,-1,-1,-1
108,46,54,17,400,672,1,-1,-1,-1
108,47,480,157,460,600,1,-1,-1,-1
108,49,1237,436,480,612,1,-1,-1,-1
108,50,1446,398,571,634,1,-1,-1,-1
108,52,311,156,268,580,1,-1,-1,-1
108,53,1796,443,300,596,1,-1,-1,-1
109,5,2001,350,456,512,1,-1,-1,-1
109,12,1496,137,696,340,1,-1,-1,-1
109,22,891,54,316,452,1,-1,-1,-1
109,23,787,497,392,548,1,-1,-1,-1
109,28,1204,315,465,213,1,-1,-1,-1
109,35,1016,474,512,580,1,-1,-1,-1
109,46,56,21,400,672,1,-1,-1,-1
109,47,482,151,460,600,1,-1,-1,-1
109,49,1242,432,480,612,1,-1,-1,-1
109,50,1460,415,544,604,1,-1,-1,-1
109,52,309,166,255,552,1,-1,-1,-1
109,53,1805,454,286,568,1,-1,-1,-1
110,5,1997,347,456,512,1,-1,-1,-1
110,12,1481,134,696,340,1,-1,-1,-1
110,22,881,57,316,452,1,-1,-1,-1
110,23,770,490,411,575,1,-1,-1,-1
110,28,1176,309,488,224,1,-1,-1,-1
110,35,1007,480,512,580,1,-1,-1,-1
110,46,58,11,400,672,1,-1,-1,-1
110,49,1238,436,480,612,1,-1,-1,-1
110,50,1456,407,544,604,1,-1,-1,-1
110,53,1796,455,286,568,1,-1,-1,-1
111,5,2002,366,434,488,1,-1,-1,-1
111,12,1479,133,696,340,1,-1,-1,-1
111,22,866,53,332,475,1,-1,-1,-1
111,23,770,476,411,575,1,-1,-1,-1
111,28,1169,306,512,235,1,-1,-1,-1
111,35,995,484,512,580,1,-1,-1,-1
111,46,50,10,400,672,1,-1,-1,-1
111,49,1235,440,480,612,1,-1,-1,-1
111,50,1448,413,544,604,1,-1,-1,-1
112,5,1999,363,434,488,1,-1,-1,-1
112,12,1491,143,663,324,1,-1,-1,-1
112,22,862,54,332,475,1,-1,-1,-1
112,23,767,479,411,575,1,-1,-1,-1
112,28,1161,305,512,235,1,-1,-1,-1
112,35,1001,493,488,552,1,-1,-1,-1
112,46,40,0,420,701,1,-1,-1,-1
112,49,1230,438,480,612,1,-1,-1,-1
112,50,1448,418,544,604,1,-1,-1,-1
113,5,1964,356,456,500,1,-1,-1,-1
113,12,1480,136,680,336,1,-1,-1,-1
113,22,884,44,372,464,1,-1,-1,-1
113,23,744,476,452,612,1,-1,-1,-1
113,28,1161,305,512,235,1,-1,-1,-1
113,35,984,484,496,568,1,-1,-1,-1
113,46,32,64,452,632,1,-1,-1,-1
113,49,1196,452,496,604,1,-1,-1,-1
113,50,1308,384,640,596,1,-1,-1,-1
113,54,440,204,600,560,1,-1,-1,-1
113,55,328,160,276,560,1,-1,-1,-1
113,56,1772,440,284,604,1,-1,-1,-1
113,57,2468,340,92,284,1,-1,-1,-1
113,58,0,116,84,160,1,-1,-1,-1
114,5,1953,354,456,500,1,-1,-1,-1
114,12,1452,129,714,353,1,-1,-1,-1
114,22,882,46,372,464,1,-1,-1,-1
114,23,751,495,430,583,1,-1,-1,-1
114,28,1172,317,488,224,1,-1,-1,-1
114,35,971,482,496,568,1,-1,-1,-1
114,46,27,68,452,632,1,-1,-1,-1
114,49,1199,475,472,575,1,-1,-1,-1
114,50,1319,409,610,568,1,-1,-1,-1
114,54,454,219,571,533,1,-1,-1,-1
114,55,322,158,276,560,1,-1,-1,-1
114,56,1762,438,284,604,1,-1,-1,-1
114,57,2465,342,92,284,1,-1,-1,-1
114,58,7,122,84,160,1,-1,-1,-1
115,5,1949,354,456,500,1,-1,-1,-1
115,12,1453,122,714,353,1,-1,-1,-1
115,22,871,53,372,464,1,-1,-1,-1
115,23,752,494,430,583,1,-1,-1,-1
115,35,970,486,496,568,1,-1,-1,-1
115,46,23,67,452,632,1,-1,-1,-1
115,49,1198,468,472,575,1,-1,-1,-1
115,50,1299,385,640,596,1,-1,-1,-1
115,54,436,206,600,560,1,-1,-1,-1
115,55,319,158,276,560,1,-1,-1,-1
115,56,1755,422,298,634,1,-1,-1,-1
115,57,2462,346,92,284,1,-1,-1,-1
115,58,12,126,84,160,1,-1,-1,-1
116,5,1943,349,456,500,1,-1,-1,-1
116,12,1469,138,680,336,1,-1,-1,-1
116,22,872,61,354,442,1,-1,-1,-1
116,23,741,497,430,583,1,-1,-1,-1
116,35,972,503,472,541,1,-1,-1,-1
116,46,34,84,430,602,1,-1,-1,-1
116,49,1187,473,472,575,1,-1,-1,-1
116,50,1291,376,640,596,1,-1,-1,-1
116,54,438,212,600,560,1,-1,-1,-1
116,55,316,155,276,560,1,-1,-1,-1
116,56,1752,418,298,634,1,-1,-1,-1
116,57,2458,345,92,284,1,-1,-1,-1
116,58,15,126,84,160,1,-1,-1,-1
117,5,1942,348,456,500,1,-1,-1,-1
117,12,1477,148,648,320,1,-1,-1,-1
117,22,864,62,354,442,1,-1,-1,-1
117,23,734,502,430,583,1,-1,-1,-1
117,35,969,509,472,541,1,-1,-1,-1
117,46,23,66,452,632,1,-1,-1,-1
117,49,1173,454,496,604,1,-1,-1,-1
117,50,1280,378,640,596,1,-1,-1,-1
117,54,431,208,600,560,1,-1,-1,-1
117,55,319,173,263,533,1,-1,-1,-1
117,56,1751,432,284,604,1,-1,-1,-1
117,57,2452,347,92,284,1,-1,-1,-1
117,58,22,118,84,160,1,-1,-1,-1
118,5,1945,347,456,500,1,-1,-1,-1
118,12,1475,153,648,320,1,-1,-1,-1
118,22,862,63,354,442,1,-1,-1,-1
118,23,740,524,410,555,1,-1,-1,-1
118,35,964,508,472,541,1,-1,-1,-1
118,46,32,66,452,632,1,-1,-1,-1
118,49,1161,457,496,604,1,-1,-1,-1
118,50,1283,383,640,596,1,-1,-1,-1
118,54,446,220,571,533,1,-1,-1,-1
118,55,302,155,276,560,1,-1,-1,-1
118,56,1745,465,284,604,1,-1,-1,-1
118,57,2448,348,92,284,1,-1,-1,-1
118,58,23,117,84,160,1,-1,-1,-1
119,5,1952,356,434,476,1,-1,-1,-1
119,12,1455,139,680,336,1,-1,-1,-1
119,22,846,52,372,464,1,-1,-1,-1
119,23,735,513,430,583,1,-1,-1,-1
119,35,953,490,496,568,1,-1,-1,-1
119,46,30,64,452,632,1,-1,-1,-1
119,49,1155,459,496,604,1,-1,-1,-1
119,50,1275,385,640,596,1,-1,-1,-1
119,54,447,221,571,533,1,-1,-1,-1
119,55,304,156,276,560,1,-1,-1,-1
119,56,1749,472,270,575,1,-1,-1,-1
119,57,2445,348,92,284,1,-1,-1,-1
119,58,24,109,84,160,1,-1,-1,-1
120,5,1958,351,434,476,1,-1,-1,-1
120,12,1461,148,648,320,1,-1,-1,-1
120,22,832,39,391,487,1,-1,-1,-1
120,23,721,512,430,583,1,-1,-1,-1
120,35,958,507,472,541,1,-1,-1,-1
120,46,37,79,430,602,1,-1,-1,-1
120,49,1160,462,496,604,1,-1,-1,-1
120,50,1287,395,610,568,1,-1,-1,-1
120,54,445,204,600,560,1,-1,-1,-1
120,55,300,158,276,560,1,-1,-1,-1
120,57,2442,349,92,284,1,-1,-1,-1
120,58,28,113,80,152,1,-1,-1,-1
121,5,1680,340,692,532,1,-1,-1,-1
121,12,1432,148,712,312,1,-1,-1,-1
121,22,668,84,620,432,1,-1,-1,-1
121,23,736,480,396,612,1,-1,-1,-1
121,35,944,488,492,588,1,-1,-1,-1
121,46,48,72,488,636,1,-1,-1,-1
121,49,1160,452,488,608,1,-1,-1,-1
121,50,1324,416,512,512,1,-1,-1,-1
121,54,372,264,660,460,1,-1,-1,-1
121,55,300,158,276,560,1,-1,-1,-1
121,57,2442,349,92,284,1,-1,-1,-1
121,58,28,113,80,152,1,-1,-1,-1
121,59,1736,448,284,612,1,-1,-1,-1
121,60,2428,332,132,416,1,-1,-1,-1
121,61,0,56,128,208,1,-1,-1,-1
122,5,1681,336,692,532,1,-1,-1,-1
122,12,1432,150,712,312,1,-1,-1,-1
122,22,662,88,620,432,1,-1,-1,-1
122,23,736,472,396,612,1,-1,-1,-1
122,35,936,491,492,588,1,-1,-1,-1
122,46,41,71,488,636,1,-1,-1,-1
122,49,1154,449,488,608,1,-1,-1,-1
122,50,1322,412,512,512,1,-1,-1,-1
122,54,366,265,660,460,1,-1,-1,-1
122,55,300,152,276,560,1,-1,-1,-1
122,57,2430,345,97,298,1,-1,-1,-1
122,58,30,112,76,145,1,-1,-1,-1
122,59,1734,444,284,612,1,-1,-1,-1
122,60,2426,333,132,416,1,-1,-1,-1
122,61,0,56,127,208,1,-1,-1,-1
123,5,1675,341,692,532,1,-1,-1,-1
123,12,1424,144,712,312,1,-1,-1,-1
123,22,653,93,620,432,1,-1,-1,-1
123,23,724,480,396,612,1,-1,-1,-1
123,35,929,491,492,588,1,-1,-1,-1
123,46,35,71,488,636,1,-1,-1,-1
123,49,1137,434,512,638,1,-1,-1,-1
123,50,1315,418,512,512,1,-1,-1,-1
123,54,363,277,660,460,1,-1,-1,-1
123,55,291,159,276,560,1,-1,-1,-1
123,57,2423,344,97,298,1,-1,-1,-1
123,58,28,113,76,145,1,-1,-1,-1
123,59,1725,454,284,612,1,-1,-1,-1
123,60,2423,336,132,416,1,-1,-1,-1
123,61,0,55,123,208,1,-1,-1,-1
124,5,1680,336,692,532,1,-1,-1,-1
124,12,1420,137,712,312,1,-1,-1,-1
124,22,648,96,620,432,1,-1,-1,-1
124,23,722,474,396,612,1,-1,-1,-1
124,35,926,497,492,588,1,-1,-1,-1
124,46,37,75,488,636,1,-1,-1,-1
124,49,1142,435,512,638,1,-1,-1,-1
124,50,1312,411,512,512,1,-1,-1,-1
124,54,361,273,660,460,1,-1,-1,-1
124,55,302,172,263,533,1,-1,-1,-1
124,57,2420,344,97,298,1,-1,-1,-1
124,58,29,112,76,145,1,-1,-1,-1
124,59,1726,456,284,612,1,-1,-1,-1
124,60,2421,337,132,416,1,-1,-1,-1
124,61,0,54,122,208,1,-1,-1,-1
125,5,1668,338,692,532,1,-1,-1,-1
125,12,1423,135,712,312,1,-1,-1,-1
125,22,636,92,620,432,1,-1,-1,-1
125,23,724,499,377,583,1,-1,-1,-1
125,35,923,495,492,588,1,-1,-1,-1
125,46,37,77,488,636,1,-1,-1,-1
125,49,1135,447,512,638,1,-1,-1,-1
125,50,1303,422,512,512,1,-1,-1,-1
125,54,359,280,660,460,1,-1,-1,-1
125,55,295,161,276,560,1,-1,-1,-1
125,57,2413,348,97,298,1,-1,-1,-1
125,58,28,115,73,138,1,-1,-1,-1
125,59,1714,444,298,643,1,-1,-1,-1
125,60,2417,338,132,416,1,-1,-1,-1
125,61,0,59,116,198,1,-1,-1,-1
126,5,1652,340,727,559,1,-1,-1,-1
126,12,1424,142,712,312,1,-1,-1,-1
126,22,647,103,590,411,1,-1,-1,-1
126,23,723,508,377,583,1,-1,-1,-1
126,35,922,500,492,588,1,-1,-1,-1
126,46,29,79,488,636,1,-1,-1,-1
126,49,1101,417,538,670,1,-1,-1,-1
126,50,1303,424,512,512,1,-1,-1,-1
126,54,361,275,660,460,1,-1,-1,-1
126,55,295,163,276,560,1,-1,-1,-1
126,57,2410,360,92,284,1,-1,-1,-1
126,59,1716,458,284,612,1,-1,-1,-1
126,60,2413,340,132,416,1,-1,-1,-1
126,61,0,59,115,198,1,-1,-1,-1
127,5,1644,335,727,559,1,-1,-1,-1
127,12,1417,149,712,312,1,-1,-1,-1
127,22,634,109,590,411,1,-1,-1,-1
127,23,716,507,377,583,1,-1,-1,-1
127,35,907,498,492,588,1,-1,-1,-1
127,46,38,74,488,636,1,-1,-1,-1
127,49,1091,425,538,670,1,-1,-1,-1
127,50,1305,435,488,488,1,-1,-1,-1
127,54,346,277,660,460,1,-1,-1,-1
127,57,2404,363,92,284,1,-1,-1,-1
127,59,1713,458,284,612,1,-1,-1,-1
127,60,2409,343,132,416,1,-1,-1,-1
127,61,0,58,111,198,1,-1,-1,-1
128,5,1632,325,727,559,1,-1,-1,-1
128,12,1417,147,712,312,1,-1,-1,-1
128,22,636,105,590,411,1,-1,-1,-1
128,23,711,505,377,583,1,-1,-1,-1
128,35,908,496,492,588,1,-1,-1,-1
128,46,33,79,488,636,1,-1,-1,-1
128,49,1108,433,512,638,1,-1,-1,-1
128,50,1295,440,488,488,1,-1,-1,-1
128,54,340,270,660,460,1,-1,-1,-1
128,57,2401,361,92,284,1,-1,-1,-1
128,59,1710,463,284,612,1,-1,-1,-1
128,60,2406,343,132,416,1,-1,-1,-1
128,61,0,61,108,189,1,-1,-1,-1
129,5,1720,324,600,536,1,-1,-1,-1
129,12,1392,156,724,280,1,-1,-1,-1
129,22,576,116,708,412,1,-1,-1,-1
129,23,692,500,404,612,1,-1,-1,-1
129,35,912,500,484,596,1,-1,-1,-1
129,46,0,76,524,624,1,-1,-1,-1
129,49,1192,464,420,624,1,-1,-1,-1
129,50,1104,372,700,456,1,-1,-1,-1
129,54,448,288,456,452,1,-1,-1,-1
129,57,2401,361,92,284,1,-1,-1,-1
129,59,1672,464,308,608,1,-1,-1,-1
129,60,2384,336,172,428,1,-1,-1,-1
129,61,0,92,108,136,1,-1,-1,-1
129,62,76,0,312,228,1,-1,-1,-1
130,5,1731,329,600,536,1,-1,-1,-1
130,12,1396,157,724,280,1,-1,-1,-1
130,22,587,130,674,392,1,-1,-1,-1
130,23,684,501,404,612,1,-1,-1,-1
130,35,913,505,484,596,1,-1,-1,-1
130,46,0,75,520,624,1,-1,-1,-1
130,49,1191,460,420,624,1,-1,-1,-1
130,50,1101,367,700,456,1,-1,-1,-1
130,54,441,285,456,452,1,-1,-1,-1
130,57,2392,357,97,298,1,-1,-1,-1
130,59,1669,461,308,608,1,-1,-1,-1
130,60,2382,337,172,428,1,-1,-1,-1
130,61,0,91,106,136,1,-1,-1,-1
130,62,77,1,312,228,1,-1,-1,-1
131,5,1738,339,571,510,1,-1,-1,-1
131,22,580,124,674,392,1,-1,-1,-1
131,23,676,496,404,612,1,-1,-1,-1
131,35,919,520,461,568,1,-1,-1,-1
131,46,0,77,518,624,1,-1,-1,-1
131,49,1185,460,420,624,1,-1,-1,-1
131,50,1104,369,700,456,1,-1,-1,-1
131,54,431,279,456,452,1,-1,-1,-1
131,57,2386,359,97,298,1,-1,-1,-1
131,59,1668,457,308,608,1,-1,-1,-1
131,60,2380,337,172,428,1,-1,-1,-1
131,61,0,89,101,136,1,-1,-1,-1
131,62,76,0,312,228,1,-1,-1,-1
132,5,1739,345,571,510,1,-1,-1,-1
132,22,571,126,674,392,1,-1,-1,-1
132,23,687,499,404,612,1,-1,-1,-1
132,35,915,515,461,568,1,-1,-1,-1
132,46,0,72,524,624,1,-1,-1,-1
132,49,1181,456,420,624,1,-1,-1,-1
132,50,1104,376,700,456,1,-1,-1,-1
132,54,429,280,456,452,1,-1,-1,-1
132,57,2383,358,97,298,1,-1,-1,-1
132,59,1666,465,308,608,1,-1,-1,-1
132,60,2378,336,172,428,1,-1,-1,-1
132,61,0,88,101,136,1,-1,-1,-1
132,62,75,0,312,228,1,-1,-1,-1
133,5,1739,332,571,510,1,-1,-1,-1
133,22,547,119,708,412,1,-1,-1,-1
133,23,680,500,404,612,1,-1,-1,-1
133,35,907,515,461,568,1,-1,-1,-1
133,46,0,71,517,624,1,-1,-1,-1
133,49,1181,468,420,624,1,-1,-1,-1
133,54,426,277,456,452,1,-1,-1,-1
133,57,2379,359,97,298,1,-1,-1,-1
133,59,1668,473,308,608,1,-1,-1,-1
133,60,2374,335,172,428,1,-1,-1,-1
133,61,0,88,95,136,1,-1,-1,-1
133,62,72,1,312,228,1,-1,-1,-1
134,5,1732,331,571,510,1,-1,-1,-1
134,22,539,119,708,412,1,-1,-1,-1
134,23,667,497,404,612,1,-1,-1,-1
134,35,903,519,461,568,1,-1,-1,-1
134,46,0,72,517,624,1,-1,-1,-1
134,49,1177,462,420,624,1,-1,-1,-1
134,54,422,272,456,452,1,-1,-1,-1
134,57,2374,359,97,298,1,-1,-1,-1
134,59,1660,463,308,608,1,-1,-1,-1
134,60,2371,336,172,428,1,-1,-1,-1
134,61,0,90,89,136,1,-1,-1,-1
134,62,67,3,312,228,1,-1,-1,-1
135,5,1714,333,571,510,1,-1,-1,-1
135,22,533,124,708,412,1,-1,-1,-1
135,23,655,495,404,612,1,-1,-1,-1
135,35,879,504,484,596,1,-1,-1,-1
135,46,0,74,516,624,1,-1,-1,-1
135,49,1166,462,420,624,1,-1,-1,-1
135,57,2364,360,97,298,1,-1,-1,-1
135,59,1641,447,323,638,1,-1,-1,-1
135,60,2362,337,172,428,1,-1,-1,-1
135,62,55,5,312,228,1,-1,-1,-1
136,5,1721,341,571,510,1,-1,-1,-1
136,22,519,116,708,412,1,-1,-1,-1
136,23,652,494,404,612,1,-1,-1,-1
136,35,876,506,484,596,1,-1,-1,-1
136,46,0,79,515,624,1,-1,-1,-1
136,49,1155,448,441,655,1,-1,-1,-1
136,57,2360,361,97,298,1,-1,-1,-1
136,59,1639,451,323,638,1,-1,-1,-1
136,60,2357,337,172,428,1,-1,-1,-1
136,62,54,4,312,228,1,-1,-1,-1
137,5,1664,300,584,532,1,-1,-1,-1
137,22,496,96,716,404,1,-1,-1,-1
137,23,628,500,412,608,1,-1,-1,-1
137,35,856,508,488,580,1,-1,-1,-1
137,46,0,80,492,612,1,-1,-1,-1
137,49,1100,480,456,604,1,-1,-1,-1
137,57,2360,361,97,298,1,-1,-1,-1
137,59,1644,456,284,620,1,-1,-1,-1
137,60,2336,332,224,432,1,-1,-1,-1
137,62,20,0,336,240,1,-1,-1,-1
137,63,1052,336,688,432,1,-1,-1,-1
137,64,304,260,168,412,1,-1,-1,-1
137,65,2504,180,52,164,1,-1,-1,-1
137,66,480,276,240,456,1,-1,-1,-1
138,5,1652,306,584,532,1,-1,-1,-1
138,22,477,96,716,404,1,-1,-1,-1
138,23,614,499,412,608,1,-1,-1,-1
138,35,850,515,488,580,1,-1,-1,-1
138,46,0,77,488,612,1,-1,-1,-1
138,49,1092,478,456,604,1,-1,-1,-1
138,57,2338,368,92,284,1,-1,-1,-1
138,59,1644,473,270,590,1,-1,-1,-1
138,60,2328,332,224,432,1,-1,-1,-1
138,62,15,0,336,239,1,-1,-1,-1
138,63,1065,336,655,411,1,-1,-1,-1
138,64,298,259,168,412,1,-1,-1,-1
138,65,2499,179,52,164,1,-1,-1,-1
138,66,474,277,240,456,1,-1,-1,-1
139,5,1645,296,584,532,1,-1,-1,-1
139,22,458,99,716,404,1,-1,-1,-1
139,23,600,499,412,608,1,-1,-1,-1
139,35,822,516,488,580,1,-1,-1,-1
139,46,0,77,468,612,1,-1,-1,-1
139,49,1055,476,456,604,1,-1,-1,-1
139,57,2314,361,97,298,1,-1,-1,-1
139,59,1624,461,284,620,1,-1,-1,-1
139,60,2313,332,224,432,1,-1,-1,-1
139,62,0,0,331,240,1,-1,-1,-1
139,63,1027,317,688,432,1,-1,-1,-1
139,64,288,260,168,412,1,-1,-1,-1
139,65,2486,184,50,156,1,-1,-1,-1
140,5,1654,306,556,507,1,-1,-1,-1
140,22,460,101,716,404,1,-1,-1,-1
140,23,595,497,412,608,1,-1,-1,-1
140,35,821,518,488,580,1,-1,-1,-1
140,46,0,75,468,612,1,-1,-1,-1
140,49,1064,485,456,604,1,-1,-1,-1
140,57,2312,361,97,298,1,-1,-1,-1
140,59,1616,455,284,620,1,-1,-1,-1
140,60,2309,332,224,432,1,-1,-1,-1
140,62,1,6,320,229,1,-1,-1,-1
140,63,1044,329,655,411,1,-1,-1,-1
140,64,282,257,168,412,1,-1,-1,-1
140,65,2480,184,50,156,1,-1,-1,-1
141,5,1644,309,556,507,1,-1,-1,-1
141,22,451,116,682,385,1,-1,-1,-1
141,23,586,502,412,608,1,-1,-1,-1
141,35,810,512,488,580,1,-1,-1,-1
141,46,0,96,446,583,1,-1,-1,-1
141,49,1052,480,456,604,1,-1,-1,-1
141,57,2298,362,97,298,1,-1,-1,-1
141,59,1599,456,284,620,1,-1,-1,-1
141,60,2293,332,224,432,1,-1,-1,-1
141,62,0,10,308,229,1,-1,-1,-1
141,64,275,263,168,412,1,-1,-1,-1
141,65,2467,184,50,156,1,-1,-1,-1
142,5,1649,319,530,483,1,-1,-1,-1
142,22,442,112,682,385,1,-1,-1,-1
142,23,569,499,412,608,1,-1,-1,-1
142,35,795,515,488,580,1,-1,-1,-1
142,46,0,77,444,612,1,-1,-1,-1
142,49,1048,497,434,575,1,-1,-1,-1
142,57,2291,360,97,298,1,-1,-1,-1
142,59,1596,460,284,620,1,-1,-1,-1
142,60,2288,331,224,432,1,-1,-1,-1
142,62,0,5,304,229,1,-1,-1,-1
142,65,2454,180,52,164,1,-1,-1,-1
143,5,1633,313,530,483,1,-1,-1,-1
143,22,433,115,682,385,1,-1,-1,-1
143,23,562,519,392,579,1,-1,-1,-1
143,35,773,497,512,609,1,-1,-1,-1
143,46,0,75,437,612,1,-1,-1,-1
143,49,1040,494,434,575,1,-1,-1,-1
143,57,2275,361,97,298,1,-1,-1,-1
143,59,1587,454,284,620,1,-1,-1,-1
143,60,2272,328,224,432,1,-1,-1,-1
143,62,0,6,289,229,1,-1,-1,-1
143,65,2440,179,52,164,1,-1,-1,-1
144,5,1634,315,530,483,1,-1,-1,-1
144,22,420,112,682,385,1,-1,-1,-1
144,23,561,511,392,579,1,-1,-1,-1
144,35,770,495,512,609,1,-1,-1,-1
144,46,0,83,433,612,1,-1,-1,-1
144,49,1026,480,456,604,1,-1,-1,-1
144,57,2273,359,97,298,1,-1,-1,-1
144,59,1581,453,284,620,1,-1,-1,-1
144,60,2269,329,224,432,1,-1,-1,-1
144,62,0,8,285,229,1,-1,-1,-1
144,65,2437,178,52,164,1,-1,-1,-1
145,5,1612,272,580,560,1,-1,-1,-1
145,22,468,124,672,368,1,-1,-1,-1
145,23,556,504,396,608,1,-1,-1,-1
145,35,780,500,480,592,1,-1,-1,-1
145,46,0,104,428,552,1,-1,-1,-1
145,49,1032,456,444,628,1,-1,-1,-1
145,57,2273,359,97,298,1,-1,-1,-1
145,59,1564,452,276,616,1,-1,-1,-1
145,60,2260,332,300,432,1,-1,-1,-1
145,62,0,8,285,229,1,-1,-1,-1
145,65,2437,178,52,164,1,-1,-1,-1
145,67,2424,144,136,208,1,-1,-1,-1
145,68,948,296,752,456,1,-1,-1,-1
145,69,376,352,340,516,1,-1,-1,-1
145,70,1256,232,712,160,1,-1,-1,-1
146,5,1605,274,580,560,1,-1,-1,-1
146,22,464,126,672,368,1,-1,-1,-1
146,23,557,504,396,608,1,-1,-1,-1
146,35,776,501,480,592,1,-1,-1,-1
146,46,0,104,420,552,1,-1,-1,-1
146,49,1038,453,444,628,1,-1,-1,-1
146,59,1562,448,276,616,1,-1,-1,-1
146,60,2256,331,300,432,1,-1,-1,-1
146,65,2426,183,50,156,1,-1,-1,-1
146,67,2422,144,136,208,1,-1,-1,-1
146,68,947,298,752,456,1,-1,-1,-1
146,69,384,368,324,491,1,-1,-1,-1
146,70,1254,232,712,160,1,-1,-1,-1
147,5,1616,283,552,533,1,-1,-1,-1
147,22,457,122,672,368,1,-1,-1,-1
147,23,544,498,396,608,1,-1,-1,-1
147,35,770,501,480,592,1,-1,-1,-1
147,46,0,103,420,552,1,-1,-1,-1
147,49,1032,451,444,628,1,-1,-1,-1
147,59,1561,459,276,616,1,-1,-1,-1
147,60,2254,331,300,432,1,-1,-1,-1
147,65,2418,181,50,156,1,-1,-1,-1
147,67,2418,143,136,208,1,-1,-1,-1
147,69,382,377,324,491,1,-1,-1,-1
148,5,1615,275,552,533,1,-1,-1,-1
148,22,449,128,672,368,1,-1,-1,-1
148,23,546,502,396,608,1,-1,-1,-1
148,35,764,497,480,592,1,-1,-1,-1
148,46,0,102,419,552,1,-1,-1,-1
148,49,1038,461,423,598,1,-1,-1,-1
148,59,1555,456,276,616,1,-1,-1,-1
148,60,2253,330,300,432,1,-1,-1,-1
148,65,2416,177,52,164,1,-1,-1,-1
148,67,2417,142,136,208,1,-1,-1,-1
148,69,376,379,324,491,1,-1,-1,-1
149,5,1611,282,552,533,1,-1,-1,-1
149,22,464,132,640,350,1,-1,-1,-1
149,23,542,500,396,608,1,-1,-1,-1
149,35,747,479,504,622,1,-1,-1,-1
149,46,0,101,417,552,1,-1,-1,-1
149,49,1025,450,444,628,1,-1,-1,-1
149,59,1560,467,263,587,1,-1,-1,-1
149,60,2249,330,300,432,1,-1,-1,-1
149,65,2414,177,52,164,1,-1,-1,-1
149,67,2415,141,136,208,1,-1,-1,-1
149,69,365,359,340,516,1,-1,-1,-1
150,5,1620,291,526,508,1,-1,-1,-1
150,22,453,132,640,350,1,-1,-1,-1
150,23,534,498,396,608,1,-1,-1,-1
150,35,743,484,504,622,1,-1,-1,-1
150,46,0,100,411,552,1,-1,-1,-1
150,49,1024,455,444,628,1,-1,-1,-1
150,59,1569,481,250,559,1,-1,-1,-1
150,60,2247,330,300,432,1,-1,-1,-1
150,65,2410,174,55,172,1,-1,-1,-1
150,67,2411,143,136,208,1,-1,-1,-1
150,69,362,351,340,516,1,-1,-1,-1
151,5,1617,286,526,508,1,-1,-1,-1
151,22,467,136,610,334,1,-1,-1,-1
151,23,529,503,396,608,1,-1,-1,-1
151,35,744,485,504,622,1,-1,-1,-1
151,46,0,100,415,552,1,-1,-1,-1
151,49,1022,454,444,628,1,-1,-1,-1
151,59,1560,470,263,587,1,-1,-1,-1
151,60,2247,330,300,432,1,-1,-1,-1
151,65,2407,173,55,172,1,-1,-1,-1
151,67,2409,141,136,208,1,-1,-1,-1
151,69,350,325,357,542,1,-1,-1,-1
152,5,1622,288,526,508,1,-1,-1,-1
152,22,467,134,610,334,1,-1,-1,-1
152,23,529,501,396,608,1,-1,-1,-1
152,35,746,479,504,622,1,-1,-1,-1
152,46,0,103,411,552,1,-1,-1,-1
152,49,1022,451,444,628,1,-1,-1,-1
152,59,1543,453,276,616,1,-1,-1,-1
152,60,2246,330,300,432,1,-1,-1,-1
152,65,2407,176,52,164,1,-1,-1,-1
152,67,2409,140,136,208,1,-1,-1,-1
152,69,345,334,357,542,1,-1,-1,-1
153,5,1580,216,692,616,1,-1,-1,-1
153,22,528,152,560,384,1,-1,-1,-1
153,23,556,492,388,612,1,-1,-1,-1
153,35,764,500,488,592,1,-1,-1,-1
153,46,0,136,412,520,1,-1,-1,-1
153,49,988,456,468,632,1,-1,-1,-1
153,59,1532,464,292,604,1,-1,-1,-1
153,60,2284,332,276,432,1,-1,-1,-1
153,65,2407,176,52,164,1,-1,-1,-1
153,67,2408,136,152,212,1,-1,-1,-1
153,69,344,344,340,520,1,-1,-1,-1
153,71,0,48,184,192,1,-1,-1,-1
153,72,1096,308,516,348,1,-1,-1,-1
153,73,1236,216,716,180,1,-1,-1,-1
154,5,1580,214,692,616,1,-1,-1,-1
154,22,527,154,560,384,1,-1,-1,-1
154,23,556,488,388,612,1,-1,-1,-1
154,35,762,498,488,592,1,-1,-1,-1
154,46,1,138,412,520,1,-1,-1,-1
154,49,988,460,468,632,1,-1,-1,-1
154,59,1530,459,292,604,1,-1,-1,-1
154,60,2285,334,275,432,1,-1,-1,-1
154,65,2407,177,52,164,1,-1,-1,-1
154,67,2408,136,152,212,1,-1,-1,-1
154,69,347,339,340,520,1,-1,-1,-1
154,71,0,49,184,192,1,-1,-1,-1
154,72,1097,311,516,348,1,-1,-1,-1
154,73,1241,217,716,180,1,-1,-1,-1
155,5,1582,206,692,616,1,-1,-1,-1
155,22,526,151,560,384,1,-1,-1,-1
155,23,556,485,388,612,1,-1,-1,-1
155,35,762,500,488,592,1,-1,-1,-1
155,46,4,138,412,520,1,-1,-1,-1
155,49,986,454,468,632,1,-1,-1,-1
155,59,1530,460,292,604,1,-1,-1,-1
155,60,2284,334,276,432,1,-1,-1,-1
155,65,2407,177,52,164,1,-1,-1,-1
155,67,2409,137,151,212,1,-1,-1,-1
155,69,351,336,340,520,1,-1,-1,-1
155,71,0,45,189,202,1,-1,-1,-1
155,72,1103,309,516,348,1,-1,-1,-1
155,73,1246,217,716,180,1,-1,-1,-1
156,5,1584,205,692,616,1,-1,-1,-1
156,22,523,148,560,384,1,-1,-1,-1
156,23,557,487,388,612,1,-1,-1,-1
156,35,773,509,488,592,1,-1,-1,-1
156,46,5,138,412,520,1,-1,-1,-1
156,49,990,457,468,632,1,-1,-1,-1
156,59,1523,439,307,634,1,-1,-1,-1
156,60,2284,332,276,432,1,-1,-1,-1
156,65,2406,173,55,172,1,-1,-1,-1
156,67,2409,137,151,212,1,-1,-1,-1
156,69,352,337,340,520,1,-1,-1,-1
156,71,0,46,190,202,1,-1,-1,-1
156,72,1110,311,491,331,1,-1,-1,-1
156,73,1262,221,682,171,1,-1,-1,-1
157,5,1584,202,692,616,1,-1,-1,-1
157,22,527,149,560,384,1,-1,-1,-1
157,23,557,489,388,612,1,-1,-1,-1
157,35,767,507,488,592,1,-1,-1,-1
157,46,0,119,428,546,1,-1,-1,-1
157,49,992,450,468,632,1,-1,-1,-1
157,59,1524,433,307,634,1,-1,-1,-1
157,60,2284,333,276,432,1,-1,-1,-1
157,65,2405,174,55,172,1,-1,-1,-1
157,67,2409,137,151,212,1,-1,-1,-1
157,69,359,336,340,520,1,-1,-1,-1
157,71,0,45,191,202,1,-1,-1,-1
157,72,1130,322,468,316,1,-1,-1,-1
158,5,1589,210,692,616,1,-1,-1,-1
158,22,540,153,533,366,1,-1,-1,-1
158,23,561,485,388,612,1,-1,-1,-1
158,35,765,498,488,592,1,-1,-1,-1
158,46,0,115,427,546,1,-1,-1,-1
158,49,985,451,468,632,1,-1,-1,-1
158,59,1521,441,307,634,1,-1,-1,-1
158,60,2292,343,263,411,1,-1,-1,-1
158,65,2405,172,55,172,1,-1,-1,-1
158,67,2409,136,151,212,1,-1,-1,-1
158,69,365,330,340,520,1,-1,-1,-1
158,71,0,43,190,202,1,-1,-1,-1
158,72,1111,312,491,331,1,-1,-1,-1
159,5,1591,205,692,616,1,-1,-1,-1
159,22,529,156,533,366,1,-1,-1,-1
159,23,560,489,388,612,1,-1,-1,-1
159,35,763,494,488,592,1,-1,-1,-1
159,46,2,133,412,520,1,-1,-1,-1
159,49,986,450,468,632,1,-1,-1,-1
159,59,1521,436,307,634,1,-1,-1,-1
159,60,2291,345,263,411,1,-1,-1,-1
159,65,2407,176,52,164,1,-1,-1,-1
159,67,2408,135,152,212,1,-1,-1,-1
159,69,356,325,357,546,1,-1,-1,-1
159,71,0,43,186,202,1,-1,-1,-1
159,72,1112,308,491,331,1,-1,-1,-1
160,5,1592,202,692,616,1,-1,-1,-1
160,22,541,163,508,348,1,-1,-1,-1
160,23,562,487,388,612,1,-1,-1,-1
160,35,762,500,488,592,1,-1,-1,-1
160,46,4,138,412,520,1,-1,-1,-1
160,49,995,471,446,602,1,-1,-1,-1
160,59,1512,418,322,666,1,-1,-1,-1
160,60,2291,347,263,411,1,-1,-1,-1
160,67,2407,136,152,212,1,-1,-1,-1
160,71,0,44,184,202,1,-1,-1,-1
160,72,1129,319,468,316,1,-1,-1,-1
161,5,1528,328,784,740,1,-1,-1,-1
161,22,592,160,456,356,1,-1,-1,-1
161,23,556,496,392,608,1,-1,-1,-1
161,35,764,500,480,588,1,-1,-1,-1
161,46,0,132,408,524,1,-1,-1,-1
161,49,984,468,476,600,1,-1,-1,-1
161,59,1512,418,322,666,1,-1,-1,-1
161,60,2292,328,268,432,1,-1,-1,-1
161,67,2412,136,144,212,1,-1,-1,-1
161,71,0,44,156,200,1,-1,-1,-1
161,72,1129,319,468,316,1,-1,-1,-1
161,74,932,260,628,504,1,-1,-1,-1
161,75,396,296,376,576,1,-1,-1,-1
161,76,0,0,168,116,1,-1,-1,-1
161,77,140,0,244,236,1,-1,-1,-1
162,5,1528,334,784,740,1,-1,-1,-1
162,22,597,159,456,356,1,-1,-1,-1
162,23,555,495,392,608,1,-1,-1,-1
162,35,761,500,480,588,1,-1,-1,-1
162,46,0,129,408,524,1,-1,-1,-1
162,49,989,467,476,600,1,-1,-1,-1
162,59,1524,429,307,634,1,-1,-1,-1
162,60,2292,330,268,432,1,-1,-1,-1
162,67,2412,137,144,212,1,-1,-1,-1
162,71,1,43,156,200,1,-1,-1,-1
162,74,932,255,628,504,1,-1,-1,-1
162,75,402,295,376,576,1,-1,-1,-1
162,76,0,0,168,116,1,-1,-1,-1
162,77,144,0,244,234,1,-1,-1,-1
