1,0,1556,468,108,172,1,-1,-1,-1
1,1,1456,560,76,156,1,-1,-1,-1
1,2,848,544,84,160,1,-1,-1,-1
1,3,292,500,160,208,1,-1,-1,-1
1,4,1088,544,48,140,1,-1,-1,-1
1,5,1924,536,72,184,1,-1,-1,-1
2,0,1552,466,108,172,1,-1,-1,-1
2,1,1452,557,76,156,1,-1,-1,-1
2,2,853,543,84,160,1,-1,-1,-1
2,3,288,499,160,208,1,-1,-1,-1
2,4,1084,540,50,147,1,-1,-1,-1
2,5,1921,535,72,184,1,-1,-1,-1
3,0,1549,464,108,172,1,-1,-1,-1
3,1,1443,553,76,156,1,-1,-1,-1
3,2,855,542,84,160,1,-1,-1,-1
3,3,284,498,160,208,1,-1,-1,-1
3,4,1080,539,50,147,1,-1,-1,-1
3,5,1915,534,72,184,1,-1,-1,-1
4,0,1546,466,108,172,1,-1,-1,-1
4,1,1440,548,76,156,1,-1,-1,-1
4,2,855,531,84,160,1,-1,-1,-1
4,3,279,496,160,208,1,-1,-1,-1
4,4,1076,538,50,147,1,-1,-1,-1
4,5,1912,532,72,184,1,-1,-1,-1
5,0,1537,462,108,172,1,-1,-1,-1
5,1,1433,543,80,164,1,-1,-1,-1
5,3,275,495,160,208,1,-1,-1,-1
5,4,1071,536,50,147,1,-1,-1,-1
5,5,1904,531,72,184,1,-1,-1,-1
6,0,1534,460,108,172,1,-1,-1,-1
6,1,1427,542,80,164,1,-1,-1,-1
6,3,271,494,160,208,1,-1,-1,-1
6,4,1066,535,50,147,1,-1,-1,-1
6,5,1900,532,72,184,1,-1,-1,-1
7,0,1530,458,108,172,1,-1,-1,-1
7,1,1421,540,80,164,1,-1,-1,-1
7,3,266,492,160,208,1,-1,-1,-1
7,4,1062,533,50,147,1,-1,-1,-1
7,5,1892,529,72,184,1,-1,-1,-1
8,0,1522,454,113,181,1,-1,-1,-1
8,1,1418,539,80,164,1,-1,-1,-1
8,3,260,492,160,208,1,-1,-1,-1
8,4,1057,533,50,147,1,-1,-1,-1
8,5,1888,533,69,175,1,-1,-1,-1
9,0,1520,456,108,176,1,-1,-1,-1
9,1,1404,520,68,184,1,-1,-1,-1
9,3,256,492,156,204,1,-1,-1,-1
9,4,1052,528,52,148,1,-1,-1,-1
9,5,1888,533,69,175,1,-1,-1,-1
9,6,1784,500,136,196,1,-1,-1,-1
9,7,888,520,76,160,1,-1,-1,-1
10,0,1518,457,108,176,1,-1,-1,-1
10,1,1400,518,68,184,1,-1,-1,-1
10,3,253,491,156,204,1,-1,-1,-1
10,4,1050,527,52,148,1,-1,-1,-1
10,5,1877,529,69,175,1,-1,-1,-1
10,6,1781,499,136,196,1,-1,-1,-1
10,7,889,519,76,160,1,-1,-1,-1
11,0,1513,456,108,176,1,-1,-1,-1
11,1,1395,516,68,184,1,-1,-1,-1
11,3,249,491,156,204,1,-1,-1,-1
11,4,1047,526,52,148,1,-1,-1,-1
11,5,1872,527,72,184,1,-1,-1,-1
11,6,1776,499,136,196,1,-1,-1,-1
11,7,889,518,76,160,1,-1,-1,-1
12,0,1507,456,108,176,1,-1,-1,-1
12,1,1388,513,68,184,1,-1,-1,-1
12,3,245,490,156,204,1,-1,-1,-1
12,4,1042,526,52,148,1,-1,-1,-1
12,5,1866,520,76,193,1,-1,-1,-1
12,6,1772,498,136,196,1,-1,-1,-1
12,7,885,511,80,168,1,-1,-1,-1
13,0,1503,454,108,176,1,-1,-1,-1
13,1,1382,511,68,184,1,-1,-1,-1
13,3,242,490,156,204,1,-1,-1,-1
13,4,1037,525,52,148,1,-1,-1,-1
13,5,1860,515,79,203,1,-1,-1,-1
13,6,1769,498,136,196,1,-1,-1,-1
13,7,883,509,80,168,1,-1,-1,-1
14,0,1500,454,108,176,1,-1,-1,-1
14,3,237,491,156,204,1,-1,-1,-1
14,4,1034,529,50,141,1,-1,-1,-1
14,5,1855,513,79,203,1,-1,-1,-1
14,6,1764,497,136,196,1,-1,-1,-1
14,7,887,512,76,160,1,-1,-1,-1
15,0,1495,453,108,176,1,-1,-1,-1
15,3,234,490,156,204,1,-1,-1,-1
15,4,1028,525,52,148,1,-1,-1,-1
15,5,1851,513,79,203,1,-1,-1,-1
15,6,1760,496,136,196,1,-1,-1,-1
15,7,886,512,72,152,1,-1,-1,-1
16,0,1492,453,108,176,1,-1,-1,-1
16,3,229,490,156,204,1,-1,-1,-1
16,4,1025,527,52,148,1,-1,-1,-1
16,5,1847,512,79,203,1,-1,-1,-1
16,6,1756,497,136,196,1,-1,-1,-1
17,0,1492,453,108,176,1,-1,-1,-1
17,3,229,490,156,204,1,-1,-1,-1
17,4,1025,527,52,148,1,-1,-1,-1
17,5,1847,512,79,203,1,-1,-1,-1
17,6,1756,497,136,196,1,-1,-1,-1
18,0,1485,452,108,176,1,-1,-1,-1
18,3,222,490,156,204,1,-1,-1,-1
18,4,1011,526,52,148,1,-1,-1,-1
18,5,1833,513,79,203,1,-1,-1,-1
18,6,1748,496,136,196,1,-1,-1,-1
19,0,1482,451,108,176,1,-1,-1,-1
19,3,219,490,156,204,1,-1,-1,-1
19,4,1006,525,52,148,1,-1,-1,-1
19,5,1830,511,79,203,1,-1,-1,-1
19,6,1746,495,136,196,1,-1,-1,-1
20,0,1479,451,108,176,1,-1,-1,-1
20,3,217,490,156,204,1,-1,-1,-1
20,4,999,521,55,155,1,-1,-1,-1
20,5,1828,509,79,203,1,-1,-1,-1
20,6,1743,492,136,196,1,-1,-1,-1
21,0,1475,450,108,176,1,-1,-1,-1
21,3,214,489,156,204,1,-1,-1,-1
21,4,998,524,52,148,1,-1,-1,-1
21,6,1738,491,136,196,1,-1,-1,-1
22,0,1472,450,108,176,1,-1,-1,-1
22,3,211,489,156,204,1,-1,-1,-1
22,6,1736,490,136,196,1,-1,-1,-1
23,0,1470,449,108,176,1,-1,-1,-1
23,3,209,488,156,204,1,-1,-1,-1
23,6,1734,488,136,196,1,-1,-1,-1
24,0,1469,448,108,176,1,-1,-1,-1
24,3,204,484,164,214,1,-1,-1,-1
24,6,1733,488,136,196,1,-1,-1,-1
25,0,1460,440,108,168,1,-1,-1,-1
25,3,204,484,164,214,1,-1,-1,-1
25,6,1728,500,128,176,1,-1,-1,-1
25,8,1320,528,80,148,1,-1,-1,-1
26,0,1459,440,108,168,1,-1,-1,-1
26,3,200,482,164,214,1,-1,-1,-1
26,6,1726,500,128,176,1,-1,-1,-1
26,8,1318,526,80,148,1,-1,-1,-1
27,0,1457,440,108,168,1,-1,-1,-1
27,3,202,486,156,204,1,-1,-1,-1
27,6,1723,503,128,176,1,-1,-1,-1
27,8,1313,522,84,155,1,-1,-1,-1
28,0,1459,443,103,160,1,-1,-1,-1
28,3,199,486,156,204,1,-1,-1,-1
28,6,1721,505,128,176,1,-1,-1,-1
28,8,1308,525,84,155,1,-1,-1,-1
29,0,1457,443,103,160,1,-1,-1,-1
29,3,197,486,156,204,1,-1,-1,-1
29,6,1717,506,128,176,1,-1,-1,-1
29,8,1307,532,80,148,1,-1,-1,-1
30,0,1455,442,103,160,1,-1,-1,-1
30,3,194,487,156,204,1,-1,-1,-1
30,6,1714,506,128,176,1,-1,-1,-1
31,0,1453,442,103,160,1,-1,-1,-1
31,3,192,487,156,204,1,-1,-1,-1
31,6,1711,504,128,176,1,-1,-1,-1
32,0,1447,437,108,168,1,-1,-1,-1
32,3,190,486,156,204,1,-1,-1,-1
32,6,1709,503,128,176,1,-1,-1,-1
33,0,1447,437,108,168,1,-1,-1,-1
33,3,184,488,160,200,1,-1,-1,-1
33,6,1712,492,112,176,1,-1,-1,-1
33,9,1448,436,108,180,1,-1,-1,-1
33,10,940,524,116,132,1,-1,-1,-1
33,11,1260,524,76,140,1,-1,-1,-1
33,12,880,504,56,152,1,-1,-1,-1
34,0,1444,436,108,168,1,-1,-1,-1
34,3,182,488,160,200,1,-1,-1,-1
34,6,1710,491,112,176,1,-1,-1,-1
34,9,1447,436,108,180,1,-1,-1,-1
34,10,937,522,116,132,1,-1,-1,-1
34,11,1252,524,76,140,1,-1,-1,-1
34,12,879,505,56,152,1,-1,-1,-1
35,0,1441,436,108,168,1,-1,-1,-1
35,3,182,489,160,200,1,-1,-1,-1
35,6,1704,492,112,176,1,-1,-1,-1
35,9,1446,435,108,180,1,-1,-1,-1
35,10,932,520,116,132,1,-1,-1,-1
35,11,1245,523,76,140,1,-1,-1,-1
35,12,878,506,56,152,1,-1,-1,-1
36,0,1439,436,108,168,1,-1,-1,-1
36,3,180,489,160,200,1,-1,-1,-1
36,6,1698,491,112,176,1,-1,-1,-1
36,9,1444,434,108,180,1,-1,-1,-1
36,10,934,522,110,126,1,-1,-1,-1
36,12,877,506,56,152,1,-1,-1,-1
37,0,1436,436,108,168,1,-1,-1,-1
37,3,178,490,160,200,1,-1,-1,-1
37,6,1689,488,118,185,1,-1,-1,-1
37,9,1442,435,108,180,1,-1,-1,-1
37,10,929,522,110,126,1,-1,-1,-1
37,12,875,505,56,152,1,-1,-1,-1
38,0,1436,437,108,168,1,-1,-1,-1
38,3,178,491,160,200,1,-1,-1,-1
38,6,1681,488,118,185,1,-1,-1,-1
38,9,1438,432,113,189,1,-1,-1,-1
38,10,928,522,110,126,1,-1,-1,-1
38,12,873,508,56,152,1,-1,-1,-1
39,0,1437,437,108,168,1,-1,-1,-1
39,3,179,492,160,200,1,-1,-1,-1
39,6,1668,487,118,185,1,-1,-1,-1
39,9,1442,437,108,180,1,-1,-1,-1
39,10,931,526,110,126,1,-1,-1,-1
39,12,873,514,56,152,1,-1,-1,-1
40,0,1438,437,108,168,1,-1,-1,-1
40,3,180,492,160,200,1,-1,-1,-1
40,9,1442,437,108,180,1,-1,-1,-1
40,10,931,532,110,126,1,-1,-1,-1
41,0,1444,436,108,172,1,-1,-1,-1
41,3,188,488,160,212,1,-1,-1,-1
41,9,1442,437,108,180,1,-1,-1,-1
41,10,932,536,72,128,1,-1,-1,-1
41,13,1216,520,68,148,1,-1,-1,-1
41,14,1636,528,100,140,1,-1,-1,-1
41,15,1716,488,60,160,1,-1,-1,-1
42,0,1448,440,103,164,1,-1,-1,-1
42,3,189,489,160,212,1,-1,-1,-1
42,9,1445,437,108,180,1,-1,-1,-1
42,10,930,536,72,128,1,-1,-1,-1
42,13,1215,521,68,148,1,-1,-1,-1
42,14,1633,528,100,140,1,-1,-1,-1
42,15,1716,488,60,160,1,-1,-1,-1
43,0,1451,439,103,164,1,-1,-1,-1
43,3,195,490,160,212,1,-1,-1,-1
43,9,1449,436,108,180,1,-1,-1,-1
43,10,931,537,72,128,1,-1,-1,-1
43,13,1214,523,68,148,1,-1,-1,-1
43,14,1633,527,100,140,1,-1,-1,-1
43,15,1718,488,60,160,1,-1,-1,-1
44,0,1455,440,103,164,1,-1,-1,-1
44,3,202,496,152,202,1,-1,-1,-1
44,9,1453,436,108,180,1,-1,-1,-1
44,10,942,526,72,128,1,-1,-1,-1
44,13,1212,513,71,155,1,-1,-1,-1
44,14,1631,525,100,140,1,-1,-1,-1
44,15,1722,488,60,160,1,-1,-1,-1
45,0,1458,438,103,164,1,-1,-1,-1
45,3,205,496,152,202,1,-1,-1,-1
45,9,1457,434,108,180,1,-1,-1,-1
45,10,945,525,72,128,1,-1,-1,-1
45,13,1210,512,71,155,1,-1,-1,-1
45,14,1627,525,100,140,1,-1,-1,-1
45,15,1726,487,60,160,1,-1,-1,-1
46,0,1461,438,103,164,1,-1,-1,-1
46,3,210,496,152,202,1,-1,-1,-1
46,9,1461,434,108,180,1,-1,-1,-1
46,10,945,520,76,134,1,-1,-1,-1
46,13,1209,509,71,155,1,-1,-1,-1
46,14,1626,529,100,140,1,-1,-1,-1
46,15,1728,482,63,168,1,-1,-1,-1
47,0,1466,437,103,164,1,-1,-1,-1
47,3,213,496,152,202,1,-1,-1,-1
47,9,1464,434,108,180,1,-1,-1,-1
47,10,945,515,79,141,1,-1,-1,-1
47,14,1625,537,100,140,1,-1,-1,-1
47,15,1732,482,63,168,1,-1,-1,-1
48,0,1467,437,103,164,1,-1,-1,-1
48,3,216,497,152,202,1,-1,-1,-1
48,9,1469,438,103,171,1,-1,-1,-1
48,10,947,510,83,148,1,-1,-1,-1
48,14,1622,536,100,140,1,-1,-1,-1
48,15,1735,481,63,168,1,-1,-1,-1
49,0,1472,432,104,176,1,-1,-1,-1
49,3,216,497,152,202,1,-1,-1,-1
49,9,1469,438,103,171,1,-1,-1,-1
49,10,947,510,83,148,1,-1,-1,-1
49,14,1624,520,92,140,1,-1,-1,-1
49,15,1735,481,63,168,1,-1,-1,-1
49,16,1192,520,84,144,1,-1,-1,-1
50,0,1475,436,99,168,1,-1,-1,-1
50,3,221,497,152,202,1,-1,-1,-1
50,9,1473,438,103,171,1,-1,-1,-1
50,14,1623,517,92,140,1,-1,-1,-1
50,15,1739,479,63,168,1,-1,-1,-1
50,16,1190,518,84,144,1,-1,-1,-1
51,0,1476,431,104,176,1,-1,-1,-1
51,3,225,497,152,202,1,-1,-1,-1
51,9,1476,437,103,171,1,-1,-1,-1
51,14,1621,514,92,140,1,-1,-1,-1
51,15,1741,478,63,168,1,-1,-1,-1
51,16,1187,517,84,144,1,-1,-1,-1
52,0,1480,431,104,176,1,-1,-1,-1
52,3,228,498,152,202,1,-1,-1,-1
52,9,1479,437,103,171,1,-1,-1,-1
52,14,1618,511,92,140,1,-1,-1,-1
52,15,1745,478,63,168,1,-1,-1,-1
52,16,1178,509,88,151,1,-1,-1,-1
53,0,1484,432,104,176,1,-1,-1,-1
53,3,230,496,152,202,1,-1,-1,-1
53,9,1483,436,103,171,1,-1,-1,-1
53,14,1614,509,92,140,1,-1,-1,-1
53,15,1749,478,63,168,1,-1,-1,-1
53,16,1175,509,88,151,1,-1,-1,-1
54,0,1487,432,104,176,1,-1,-1,-1
54,3,234,496,152,202,1,-1,-1,-1
54,9,1484,432,108,180,1,-1,-1,-1
54,14,1611,510,92,140,1,-1,-1,-1
54,15,1752,478,63,168,1,-1,-1,-1
54,16,1169,506,93,159,1,-1,-1,-1
55,0,1490,433,104,176,1,-1,-1,-1
55,3,237,497,152,202,1,-1,-1,-1
55,9,1488,432,108,180,1,-1,-1,-1
55,14,1606,509,92,140,1,-1,-1,-1
55,15,1756,478,63,168,1,-1,-1,-1
55,16,1163,502,97,167,1,-1,-1,-1
56,0,1493,433,104,176,1,-1,-1,-1
56,3,239,497,152,202,1,-1,-1,-1
56,9,1491,433,108,180,1,-1,-1,-1
56,14,1603,509,92,140,1,-1,-1,-1
56,15,1758,478,63,168,1,-1,-1,-1
56,16,1158,496,102,175,1,-1,-1,-1
57,0,1496,436,124,172,1,-1,-1,-1
57,3,239,497,152,202,1,-1,-1,-1
57,9,1491,433,108,180,1,-1,-1,-1
57,14,1612,524,84,136,1,-1,-1,-1
57,15,1758,478,63,168,1,-1,-1,-1
57,16,1144,500,96,164,1,-1,-1,-1
57,17,948,536,60,120,1,-1,-1,-1
57,18,1764,484,132,172,1,-1,-1,-1
58,0,1497,437,124,172,1,-1,-1,-1
58,3,245,499,152,202,1,-1,-1,-1
58,9,1496,432,108,180,1,-1,-1,-1
58,14,1608,524,84,136,1,-1,-1,-1
58,15,1763,479,63,168,1,-1,-1,-1
58,16,1140,501,96,164,1,-1,-1,-1
58,17,948,539,60,120,1,-1,-1,-1
58,18,1766,484,132,172,1,-1,-1,-1
59,0,1500,439,124,172,1,-1,-1,-1
59,3,247,499,152,202,1,-1,-1,-1
59,9,1499,433,108,180,1,-1,-1,-1
59,14,1607,524,84,136,1,-1,-1,-1
59,15,1768,482,60,160,1,-1,-1,-1
59,16,1139,505,96,164,1,-1,-1,-1
59,17,949,544,60,120,1,-1,-1,-1
59,18,1769,484,132,172,1,-1,-1,-1
60,0,1502,440,124,172,1,-1,-1,-1
60,3,251,502,152,202,1,-1,-1,-1
60,9,1502,434,108,180,1,-1,-1,-1
60,14,1605,521,88,143,1,-1,-1,-1
60,15,1771,484,60,160,1,-1,-1,-1
60,16,1138,514,96,164,1,-1,-1,-1
60,17,948,548,63,126,1,-1,-1,-1
60,18,1772,486,132,172,1,-1,-1,-1
61,0,1504,442,124,172,1,-1,-1,-1
61,3,252,502,152,202,1,-1,-1,-1
61,9,1504,436,108,180,1,-1,-1,-1
61,14,1603,523,88,143,1,-1,-1,-1
61,15,1775,488,57,152,1,-1,-1,-1
61,16,1132,513,96,164,1,-1,-1,-1
61,17,949,547,63,126,1,-1,-1,-1
61,18,1774,488,132,172,1,-1,-1,-1
62,0,1506,444,124,172,1,-1,-1,-1
62,3,254,505,152,202,1,-1,-1,-1
62,9,1506,440,108,180,1,-1,-1,-1
62,14,1601,525,88,143,1,-1,-1,-1
62,15,1776,491,57,152,1,-1,-1,-1
62,16,1115,513,96,164,1,-1,-1,-1
62,17,952,546,63,126,1,-1,-1,-1
62,18,1776,490,132,172,1,-1,-1,-1
63,0,1507,446,124,172,1,-1,-1,-1
63,3,257,508,152,202,1,-1,-1,-1
63,9,1507,441,108,180,1,-1,-1,-1
63,14,1597,530,88,143,1,-1,-1,-1
63,15,1779,493,57,152,1,-1,-1,-1
63,16,1100,514,96,164,1,-1,-1,-1
63,17,953,549,60,120,1,-1,-1,-1
63,18,1781,498,126,164,1,-1,-1,-1
64,0,1509,448,124,172,1,-1,-1,-1
64,3,259,513,152,202,1,-1,-1,-1
64,9,1509,446,108,180,1,-1,-1,-1
64,14,1593,537,88,143,1,-1,-1,-1
64,15,1782,500,54,145,1,-1,-1,-1
64,16,1089,520,96,164,1,-1,-1,-1
64,18,1783,502,126,164,1,-1,-1,-1
65,0,1509,448,124,172,1,-1,-1,-1
65,3,256,512,164,208,1,-1,-1,-1
65,9,1509,446,108,180,1,-1,-1,-1
65,14,1593,537,88,143,1,-1,-1,-1
65,15,1782,500,54,145,1,-1,-1,-1
65,16,1089,520,96,164,1,-1,-1,-1
65,18,1783,502,126,164,1,-1,-1,-1
65,19,1572,536,92,152,1,-1,-1,-1
65,20,1068,540,92,132,1,-1,-1,-1
65,21,952,544,60,116,1,-1,-1,-1
65,22,872,476,52,168,1,-1,-1,-1
66,0,1512,462,124,172,1,-1,-1,-1
66,3,257,517,164,208,1,-1,-1,-1
66,9,1511,457,108,180,1,-1,-1,-1
66,14,1583,550,88,143,1,-1,-1,-1
66,15,1786,512,54,145,1,-1,-1,-1
66,18,1787,515,126,164,1,-1,-1,-1
66,19,1572,544,92,152,1,-1,-1,-1
66,20,1062,547,92,132,1,-1,-1,-1
66,21,952,547,60,116,1,-1,-1,-1
66,22,872,482,50,160,1,-1,-1,-1
67,0,1518,468,118,164,1,-1,-1,-1
67,3,258,522,164,208,1,-1,-1,-1
67,9,1514,460,108,180,1,-1,-1,-1
67,14,1583,559,88,143,1,-1,-1,-1
67,15,1788,517,54,145,1,-1,-1,-1
67,18,1789,519,126,164,1,-1,-1,-1
67,19,1572,551,92,152,1,-1,-1,-1
67,20,1055,555,88,126,1,-1,-1,-1
67,21,951,554,60,116,1,-1,-1,-1
67,22,874,497,47,152,1,-1,-1,-1
68,0,1519,473,124,172,1,-1,-1,-1
68,3,261,527,164,208,1,-1,-1,-1
68,9,1518,467,108,180,1,-1,-1,-1
68,14,1582,565,88,143,1,-1,-1,-1
68,15,1790,523,54,145,1,-1,-1,-1
68,18,1790,525,126,164,1,-1,-1,-1
68,19,1571,557,92,152,1,-1,-1,-1
68,20,1043,556,92,132,1,-1,-1,-1
68,21,949,560,60,116,1,-1,-1,-1
69,0,1521,479,124,172,1,-1,-1,-1
69,3,262,534,164,208,1,-1,-1,-1
69,9,1522,478,103,171,1,-1,-1,-1
69,15,1792,529,54,145,1,-1,-1,-1
69,18,1792,530,126,164,1,-1,-1,-1
69,19,1573,561,92,152,1,-1,-1,-1
69,20,1038,561,92,132,1,-1,-1,-1
69,21,951,568,60,116,1,-1,-1,-1
70,0,1524,484,124,172,1,-1,-1,-1
70,3,264,539,164,208,1,-1,-1,-1
70,9,1523,479,108,180,1,-1,-1,-1
70,15,1794,531,54,145,1,-1,-1,-1
70,18,1795,536,126,164,1,-1,-1,-1
70,19,1570,564,92,152,1,-1,-1,-1
70,20,1033,562,92,132,1,-1,-1,-1
70,21,954,581,57,110,1,-1,-1,-1
71,0,1527,488,124,172,1,-1,-1,-1
71,3,266,543,164,208,1,-1,-1,-1
71,9,1526,483,108,180,1,-1,-1,-1
71,15,1795,539,57,152,1,-1,-1,-1
71,18,1798,541,126,164,1,-1,-1,-1
71,19,1564,576,88,145,1,-1,-1,-1
71,20,1032,563,88,126,1,-1,-1,-1
71,21,955,600,57,110,1,-1,-1,-1
72,0,1529,494,124,172,1,-1,-1,-1
72,3,269,547,164,208,1,-1,-1,-1
72,9,1527,489,108,180,1,-1,-1,-1
72,15,1797,542,57,152,1,-1,-1,-1
72,18,1800,546,126,164,1,-1,-1,-1
72,19,1554,578,88,145,1,-1,-1,-1
72,20,1028,561,88,126,1,-1,-1,-1
72,21,954,606,57,110,1,-1,-1,-1
73,0,1524,496,128,228,1,-1,-1,-1
73,3,280,560,152,200,1,-1,-1,-1
73,9,1527,489,108,180,1,-1,-1,-1
73,15,1797,542,57,152,1,-1,-1,-1
73,18,1812,556,120,168,1,-1,-1,-1
73,19,1554,578,88,145,1,-1,-1,-1
73,20,1028,556,72,168,1,-1,-1,-1
73,21,954,606,57,110,1,-1,-1,-1
74,0,1524,498,128,228,1,-1,-1,-1
74,3,282,563,152,200,1,-1,-1,-1
74,9,1530,501,108,180,1,-1,-1,-1
74,15,1801,552,57,152,1,-1,-1,-1
74,18,1815,559,120,168,1,-1,-1,-1
74,19,1540,583,92,152,1,-1,-1,-1
74,20,1025,562,72,168,1,-1,-1,-1
74,21,946,602,57,110,1,-1,-1,-1
75,0,1524,508,128,228,1,-1,-1,-1
75,3,287,573,145,190,1,-1,-1,-1
75,9,1533,505,108,180,1,-1,-1,-1
75,15,1804,556,57,152,1,-1,-1,-1
75,18,1819,565,120,168,1,-1,-1,-1
75,19,1536,593,92,152,1,-1,-1,-1
75,20,1020,567,72,168,1,-1,-1,-1
75,21,940,595,54,105,1,-1,-1,-1
76,0,1522,512,128,228,1,-1,-1,-1
76,3,286,572,152,200,1,-1,-1,-1
76,9,1535,509,108,180,1,-1,-1,-1
76,15,1807,561,57,152,1,-1,-1,-1
76,18,1821,569,120,168,1,-1,-1,-1
76,19,1530,597,92,152,1,-1,-1,-1
76,20,1016,569,76,176,1,-1,-1,-1
77,0,1519,516,128,228,1,-1,-1,-1
77,3,290,576,152,200,1,-1,-1,-1
77,9,1539,516,108,180,1,-1,-1,-1
77,15,1810,565,57,152,1,-1,-1,-1
77,18,1823,573,120,168,1,-1,-1,-1
77,19,1527,599,92,152,1,-1,-1,-1
77,20,1011,572,76,176,1,-1,-1,-1
78,0,1523,524,122,217,1,-1,-1,-1
78,3,293,580,152,200,1,-1,-1,-1
78,9,1543,518,108,180,1,-1,-1,-1
78,15,1814,571,54,145,1,-1,-1,-1
78,18,1826,578,120,168,1,-1,-1,-1
78,19,1520,596,97,160,1,-1,-1,-1
78,20,1000,582,72,168,1,-1,-1,-1
79,3,295,585,152,200,1,-1,-1,-1
79,9,1545,521,108,180,1,-1,-1,-1
79,15,1817,576,54,145,1,-1,-1,-1
79,18,1829,581,120,168,1,-1,-1,-1
79,19,1517,598,97,160,1,-1,-1,-1
79,20,1000,588,69,160,1,-1,-1,-1
80,3,298,590,152,200,1,-1,-1,-1
80,9,1549,524,108,180,1,-1,-1,-1
80,15,1819,578,54,145,1,-1,-1,-1
80,18,1831,585,120,168,1,-1,-1,-1
80,19,1517,597,97,160,1,-1,-1,-1
81,3,296,588,160,204,1,-1,-1,-1
81,9,1549,524,108,180,1,-1,-1,-1
81,15,1819,578,54,145,1,-1,-1,-1
81,18,1832,588,116,160,1,-1,-1,-1
81,19,1517,597,97,160,1,-1,-1,-1
81,23,1488,524,112,232,1,-1,-1,-1
82,3,297,590,160,204,1,-1,-1,-1
82,9,1553,531,108,180,1,-1,-1,-1
82,15,1824,584,54,145,1,-1,-1,-1
82,18,1834,590,116,160,1,-1,-1,-1
82,19,1508,613,92,152,1,-1,-1,-1
82,23,1488,527,112,232,1,-1,-1,-1
83,3,300,592,160,204,1,-1,-1,-1
83,9,1556,534,108,180,1,-1,-1,-1
83,15,1827,588,54,145,1,-1,-1,-1
83,18,1836,593,116,160,1,-1,-1,-1
83,19,1504,619,92,152,1,-1,-1,-1
83,23,1488,532,112,232,1,-1,-1,-1
84,3,302,594,160,204,1,-1,-1,-1
84,9,1558,537,108,180,1,-1,-1,-1
84,15,1829,590,54,145,1,-1,-1,-1
84,18,1838,595,116,160,1,-1,-1,-1
84,19,1501,625,92,152,1,-1,-1,-1
84,23,1487,537,112,232,1,-1,-1,-1
85,3,300,593,168,214,1,-1,-1,-1
85,9,1560,540,108,180,1,-1,-1,-1
85,15,1831,594,54,145,1,-1,-1,-1
85,18,1840,598,116,160,1,-1,-1,-1
85,19,1499,633,92,152,1,-1,-1,-1
85,23,1487,542,112,232,1,-1,-1,-1
86,3,305,599,160,204,1,-1,-1,-1
86,9,1561,542,108,180,1,-1,-1,-1
86,15,1833,596,54,145,1,-1,-1,-1
86,18,1841,601,116,160,1,-1,-1,-1
86,19,1497,637,88,145,1,-1,-1,-1
86,23,1487,545,112,232,1,-1,-1,-1
87,3,307,601,160,204,1,-1,-1,-1
87,9,1563,545,108,180,1,-1,-1,-1
87,15,1835,598,54,145,1,-1,-1,-1
87,18,1843,603,116,160,1,-1,-1,-1
87,19,1495,641,88,145,1,-1,-1,-1
87,23,1487,547,112,232,1,-1,-1,-1
88,3,308,603,160,204,1,-1,-1,-1
88,9,1564,545,108,180,1,-1,-1,-1
88,15,1836,600,54,145,1,-1,-1,-1
88,18,1845,605,116,160,1,-1,-1,-1
88,19,1491,642,88,145,1,-1,-1,-1
88,23,1487,543,118,244,1,-1,-1,-1
89,3,308,596,160,216,1,-1,-1,-1
89,9,1564,545,108,180,1,-1,-1,-1
89,15,1836,600,54,145,1,-1,-1,-1
89,18,1845,605,116,160,1,-1,-1,-1
89,19,1491,642,88,145,1,-1,-1,-1
89,23,1487,543,118,244,1,-1,-1,-1
89,24,1484,640,76,136,1,-1,-1,-1
89,25,1564,544,120,176,1,-1,-1,-1
90,3,309,597,160,216,1,-1,-1,-1
90,9,1567,547,108,180,1,-1,-1,-1
90,15,1838,603,54,145,1,-1,-1,-1
90,18,1847,608,116,160,1,-1,-1,-1
90,19,1488,638,88,145,1,-1,-1,-1
90,23,1486,539,123,256,1,-1,-1,-1
90,24,1484,639,76,136,1,-1,-1,-1
90,25,1565,545,120,176,1,-1,-1,-1
91,3,310,599,160,216,1,-1,-1,-1
91,9,1568,549,108,180,1,-1,-1,-1
91,15,1839,604,54,145,1,-1,-1,-1
91,18,1846,610,116,160,1,-1,-1,-1
91,19,1485,638,88,145,1,-1,-1,-1
91,23,1489,544,118,244,1,-1,-1,-1
91,24,1484,639,76,136,1,-1,-1,-1
91,25,1566,547,120,176,1,-1,-1,-1
92,3,311,600,160,216,1,-1,-1,-1
92,9,1568,551,108,180,1,-1,-1,-1
92,15,1840,606,54,145,1,-1,-1,-1
92,18,1847,611,116,160,1,-1,-1,-1
92,19,1483,639,88,145,1,-1,-1,-1
92,23,1488,542,123,256,1,-1,-1,-1
92,24,1483,639,76,136,1,-1,-1,-1
92,25,1569,553,114,168,1,-1,-1,-1
93,3,311,601,160,216,1,-1,-1,-1
93,9,1569,552,108,180,1,-1,-1,-1
93,15,1840,608,54,145,1,-1,-1,-1
93,18,1847,613,116,160,1,-1,-1,-1
93,19,1482,642,83,138,1,-1,-1,-1
93,23,1490,541,123,256,1,-1,-1,-1
93,24,1483,640,76,136,1,-1,-1,-1
93,25,1570,553,114,168,1,-1,-1,-1
94,3,311,602,160,216,1,-1,-1,-1
94,9,1570,554,108,180,1,-1,-1,-1
94,15,1840,609,54,145,1,-1,-1,-1
94,18,1846,614,116,160,1,-1,-1,-1
94,19,1478,643,83,138,1,-1,-1,-1
94,23,1491,543,130,269,1,-1,-1,-1
94,24,1480,641,76,136,1,-1,-1,-1
94,25,1571,555,114,168,1,-1,-1,-1
95,3,310,602,160,216,1,-1,-1,-1
95,9,1570,554,108,180,1,-1,-1,-1
95,15,1840,611,54,145,1,-1,-1,-1
95,18,1846,615,116,160,1,-1,-1,-1
95,19,1473,644,83,138,1,-1,-1,-1
95,23,1497,546,123,256,1,-1,-1,-1
95,24,1473,640,76,136,1,-1,-1,-1
95,25,1571,556,114,168,1,-1,-1,-1
96,3,310,603,160,216,1,-1,-1,-1
96,9,1570,554,108,180,1,-1,-1,-1
96,15,1839,612,54,145,1,-1,-1,-1
96,18,1846,616,116,160,1,-1,-1,-1
96,19,1468,643,83,138,1,-1,-1,-1
96,23,1497,549,123,256,1,-1,-1,-1
96,24,1466,643,72,130,1,-1,-1,-1
96,25,1567,553,120,176,1,-1,-1,-1
97,3,312,616,156,212,1,-1,-1,-1
97,9,1570,554,108,180,1,-1,-1,-1
97,15,1839,612,54,145,1,-1,-1,-1
97,18,1846,616,116,160,1,-1,-1,-1
97,19,1468,640,68,148,1,-1,-1,-1
97,23,1497,549,123,256,1,-1,-1,-1
97,24,1466,643,72,130,1,-1,-1,-1
97,25,1572,560,120,180,1,-1,-1,-1
98,3,312,616,156,212,1,-1,-1,-1
98,9,1570,557,108,180,1,-1,-1,-1
98,15,1838,615,54,145,1,-1,-1,-1
98,18,1842,614,122,168,1,-1,-1,-1
98,19,1466,640,68,148,1,-1,-1,-1
98,23,1498,548,123,256,1,-1,-1,-1
98,24,1458,641,72,130,1,-1,-1,-1
98,25,1573,560,120,180,1,-1,-1,-1
99,3,313,616,156,212,1,-1,-1,-1
99,9,1569,558,108,180,1,-1,-1,-1
99,15,1836,615,54,145,1,-1,-1,-1
99,18,1841,615,122,168,1,-1,-1,-1
99,19,1464,640,68,148,1,-1,-1,-1
99,23,1500,550,123,256,1,-1,-1,-1
99,24,1453,640,72,130,1,-1,-1,-1
99,25,1572,561,120,180,1,-1,-1,-1
100,3,313,617,156,212,1,-1,-1,-1
100,9,1570,559,108,180,1,-1,-1,-1
100,15,1835,616,54,145,1,-1,-1,-1
100,18,1839,617,122,168,1,-1,-1,-1
100,19,1462,639,68,148,1,-1,-1,-1
100,23,1500,549,123,256,1,-1,-1,-1
100,24,1452,639,72,130,1,-1,-1,-1
100,25,1573,562,120,180,1,-1,-1,-1
101,3,313,618,156,212,1,-1,-1,-1
101,9,1570,559,108,180,1,-1,-1,-1
101,15,1834,616,54,145,1,-1,-1,-1
101,18,1841,621,116,160,1,-1,-1,-1
101,19,1459,638,68,148,1,-1,-1,-1
101,23,1502,549,123,256,1,-1,-1,-1
101,24,1451,639,72,130,1,-1,-1,-1
101,25,1574,562,120,180,1,-1,-1,-1
102,3,313,618,156,212,1,-1,-1,-1
102,9,1570,560,108,180,1,-1,-1,-1
102,15,1832,617,54,145,1,-1,-1,-1
102,18,1840,621,116,160,1,-1,-1,-1
102,19,1456,641,68,148,1,-1,-1,-1
102,23,1505,552,118,244,1,-1,-1,-1
102,24,1447,637,76,136,1,-1,-1,-1
102,25,1573,562,120,180,1,-1,-1,-1
103,3,312,618,156,212,1,-1,-1,-1
103,9,1569,560,108,180,1,-1,-1,-1
103,15,1831,617,54,145,1,-1,-1,-1
103,18,1839,623,116,160,1,-1,-1,-1
103,19,1452,651,68,148,1,-1,-1,-1
103,23,1507,557,112,232,1,-1,-1,-1
103,24,1443,636,80,143,1,-1,-1,-1
103,25,1572,563,120,180,1,-1,-1,-1
104,3,311,618,156,212,1,-1,-1,-1
104,9,1569,561,108,180,1,-1,-1,-1
104,15,1830,618,54,145,1,-1,-1,-1
104,18,1838,624,116,160,1,-1,-1,-1
104,19,1452,657,65,141,1,-1,-1,-1
104,23,1508,557,112,232,1,-1,-1,-1
104,24,1441,639,80,143,1,-1,-1,-1
104,25,1572,564,120,180,1,-1,-1,-1
105,3,312,620,160,208,1,-1,-1,-1
105,9,1569,561,108,180,1,-1,-1,-1
105,15,1830,618,54,145,1,-1,-1,-1
105,18,1832,628,128,176,1,-1,-1,-1
105,19,1452,657,65,141,1,-1,-1,-1
105,23,1508,557,112,232,1,-1,-1,-1
105,24,1441,639,80,143,1,-1,-1,-1
105,25,1568,560,116,180,1,-1,-1,-1
105,26,1452,632,68,156,1,-1,-1,-1
105,27,876,592,64,156,1,-1,-1,-1
105,28,1004,552,56,132,1,-1,-1,-1
106,3,312,620,160,208,1,-1,-1,-1
106,9,1568,561,108,180,1,-1,-1,-1
106,15,1827,620,54,145,1,-1,-1,-1
106,18,1831,628,128,176,1,-1,-1,-1
106,19,1448,657,65,141,1,-1,-1,-1
106,23,1507,556,112,232,1,-1,-1,-1
106,24,1437,641,80,143,1,-1,-1,-1
106,25,1567,560,116,180,1,-1,-1,-1
106,26,1451,631,68,156,1,-1,-1,-1
106,27,874,595,64,156,1,-1,-1,-1
106,28,1006,553,56,132,1,-1,-1,-1
107,3,313,621,160,208,1,-1,-1,-1
107,9,1568,561,108,180,1,-1,-1,-1
107,15,1824,617,57,152,1,-1,-1,-1
107,18,1829,628,128,176,1,-1,-1,-1
107,19,1448,651,62,134,1,-1,-1,-1
107,23,1506,555,112,232,1,-1,-1,-1
107,24,1430,641,80,143,1,-1,-1,-1
107,25,1567,560,116,180,1,-1,-1,-1
107,26,1450,632,68,156,1,-1,-1,-1
107,27,872,599,64,156,1,-1,-1,-1
107,28,1010,555,56,132,1,-1,-1,-1
108,3,313,622,160,208,1,-1,-1,-1
108,9,1568,562,108,180,1,-1,-1,-1
108,15,1823,619,57,152,1,-1,-1,-1
108,18,1828,628,128,176,1,-1,-1,-1
108,19,1444,650,62,134,1,-1,-1,-1
108,23,1505,558,112,232,1,-1,-1,-1
108,24,1428,638,80,143,1,-1,-1,-1
108,25,1567,561,116,180,1,-1,-1,-1
108,26,1449,632,68,156,1,-1,-1,-1
108,27,870,597,64,156,1,-1,-1,-1
108,28,1014,558,56,132,1,-1,-1,-1
109,3,312,623,160,208,1,-1,-1,-1
109,9,1567,562,108,180,1,-1,-1,-1
109,15,1821,619,57,152,1,-1,-1,-1
109,18,1827,630,128,176,1,-1,-1,-1
109,19,1439,642,65,141,1,-1,-1,-1
109,23,1504,560,112,232,1,-1,-1,-1
109,24,1427,637,80,143,1,-1,-1,-1
109,25,1566,561,116,180,1,-1,-1,-1
109,26,1445,625,71,164,1,-1,-1,-1
110,3,312,622,160,208,1,-1,-1,-1
110,9,1567,563,108,180,1,-1,-1,-1
110,15,1819,619,57,152,1,-1,-1,-1
110,18,1827,630,128,176,1,-1,-1,-1
110,19,1435,637,68,148,1,-1,-1,-1
110,23,1503,559,112,232,1,-1,-1,-1
110,24,1424,633,80,143,1,-1,-1,-1
110,25,1566,561,116,180,1,-1,-1,-1
110,26,1441,622,71,164,1,-1,-1,-1
111,3,310,622,160,208,1,-1,-1,-1
111,9,1566,563,108,180,1,-1,-1,-1
111,15,1816,621,57,152,1,-1,-1,-1
111,18,1825,631,128,176,1,-1,-1,-1
111,19,1430,633,71,155,1,-1,-1,-1
111,23,1502,559,112,232,1,-1,-1,-1
111,24,1421,631,80,143,1,-1,-1,-1
111,25,1566,562,116,180,1,-1,-1,-1
111,26,1437,621,71,164,1,-1,-1,-1
112,3,310,622,160,208,1,-1,-1,-1
112,9,1566,564,108,180,1,-1,-1,-1
112,15,1814,622,57,152,1,-1,-1,-1
112,18,1823,632,128,176,1,-1,-1,-1
112,19,1426,630,75,163,1,-1,-1,-1
112,23,1502,559,112,232,1,-1,-1,-1
112,24,1418,631,80,143,1,-1,-1,-1
112,25,1566,562,116,180,1,-1,-1,-1
112,26,1434,619,71,164,1,-1,-1,-1
113,3,312,620,160,208,1,-1,-1,-1
113,9,1566,564,108,180,1,-1,-1,-1
113,15,1814,622,57,152,1,-1,-1,-1
113,18,1816,632,108,168,1,-1,-1,-1
113,19,1426,630,75,163,1,-1,-1,-1
113,23,1502,559,112,232,1,-1,-1,-1
113,24,1418,631,80,143,1,-1,-1,-1
113,25,1564,564,112,176,1,-1,-1,-1
113,26,1434,619,71,164,1,-1,-1,-1
113,29,1424,628,92,160,1,-1,-1,-1
113,30,1036,540,56,120,1,-1,-1,-1
113,31,868,584,52,156,1,-1,-1,-1
114,3,311,620,160,208,1,-1,-1,-1
114,9,1565,564,108,180,1,-1,-1,-1
114,15,1807,623,57,152,1,-1,-1,-1
114,18,1814,632,108,168,1,-1,-1,-1
114,19,1421,632,79,171,1,-1,-1,-1
114,23,1501,561,112,232,1,-1,-1,-1
114,24,1411,631,84,150,1,-1,-1,-1
114,25,1563,564,112,176,1,-1,-1,-1
114,26,1426,621,71,164,1,-1,-1,-1
114,29,1422,630,92,160,1,-1,-1,-1
114,30,1038,539,56,120,1,-1,-1,-1
114,31,867,584,52,156,1,-1,-1,-1
115,3,310,620,160,208,1,-1,-1,-1
115,9,1565,564,108,180,1,-1,-1,-1
115,15,1805,624,57,152,1,-1,-1,-1
115,18,1813,632,108,168,1,-1,-1,-1
115,19,1414,633,79,171,1,-1,-1,-1
115,23,1501,560,112,232,1,-1,-1,-1
115,24,1407,634,84,150,1,-1,-1,-1
115,25,1563,565,112,176,1,-1,-1,-1
115,26,1424,624,71,164,1,-1,-1,-1
115,29,1418,632,92,160,1,-1,-1,-1
115,30,1040,534,59,126,1,-1,-1,-1
115,31,865,584,52,156,1,-1,-1,-1
116,3,311,620,160,208,1,-1,-1,-1
116,9,1565,564,108,180,1,-1,-1,-1
116,15,1802,623,57,152,1,-1,-1,-1
116,18,1811,631,108,168,1,-1,-1,-1
116,19,1409,633,79,171,1,-1,-1,-1
116,23,1500,561,112,232,1,-1,-1,-1
116,24,1399,635,84,150,1,-1,-1,-1
116,25,1564,565,112,176,1,-1,-1,-1
116,26,1420,627,68,156,1,-1,-1,-1
116,29,1413,630,92,160,1,-1,-1,-1
116,30,1045,533,56,120,1,-1,-1,-1
116,31,864,578,55,164,1,-1,-1,-1
117,3,311,620,160,208,1,-1,-1,-1
117,9,1565,564,108,180,1,-1,-1,-1
117,15,1799,622,57,152,1,-1,-1,-1
117,18,1807,628,113,176,1,-1,-1,-1
117,19,1404,634,79,171,1,-1,-1,-1
117,23,1500,561,112,232,1,-1,-1,-1
117,24,1392,635,84,150,1,-1,-1,-1
117,25,1564,565,112,176,1,-1,-1,-1
117,26,1415,628,68,156,1,-1,-1,-1
117,29,1405,625,97,168,1,-1,-1,-1
117,30,1049,531,56,120,1,-1,-1,-1
117,31,864,583,52,156,1,-1,-1,-1
118,3,310,620,160,208,1,-1,-1,-1
118,9,1564,565,108,180,1,-1,-1,-1
118,15,1796,623,57,152,1,-1,-1,-1
118,18,1803,628,113,176,1,-1,-1,-1
118,19,1400,635,79,171,1,-1,-1,-1
118,23,1500,561,112,232,1,-1,-1,-1
118,24,1388,636,84,150,1,-1,-1,-1
118,25,1562,565,112,176,1,-1,-1,-1
118,26,1413,624,68,156,1,-1,-1,-1
118,29,1402,625,97,168,1,-1,-1,-1
118,30,1052,532,56,120,1,-1,-1,-1
118,31,864,588,50,149,1,-1,-1,-1
119,3,309,620,160,208,1,-1,-1,-1
119,9,1563,565,108,180,1,-1,-1,-1
119,15,1793,622,57,152,1,-1,-1,-1
119,18,1802,628,113,176,1,-1,-1,-1
119,19,1390,635,79,171,1,-1,-1,-1
119,23,1499,562,112,232,1,-1,-1,-1
119,24,1383,634,84,150,1,-1,-1,-1
119,25,1562,565,112,176,1,-1,-1,-1
119,26,1408,622,68,156,1,-1,-1,-1
119,29,1400,623,97,168,1,-1,-1,-1
120,3,308,620,160,208,1,-1,-1,-1
120,9,1562,566,108,180,1,-1,-1,-1
120,15,1792,622,57,152,1,-1,-1,-1
120,18,1800,629,113,176,1,-1,-1,-1
120,19,1388,633,79,171,1,-1,-1,-1
120,23,1498,564,112,232,1,-1,-1,-1
120,24,1379,632,84,150,1,-1,-1,-1
120,25,1561,566,112,176,1,-1,-1,-1
120,26,1401,623,68,156,1,-1,-1,-1
120,29,1396,624,97,168,1,-1,-1,-1
121,3,304,620,160,208,1,-1,-1,-1
121,9,1560,564,108,180,1,-1,-1,-1
121,15,1792,622,57,152,1,-1,-1,-1
121,18,1800,628,108,176,1,-1,-1,-1
121,19,1388,633,79,171,1,-1,-1,-1
121,23,1498,564,112,232,1,-1,-1,-1
121,24,1379,632,84,150,1,-1,-1,-1
121,25,1561,566,112,176,1,-1,-1,-1
121,26,1401,623,68,156,1,-1,-1,-1
121,29,1380,636,84,148,1,-1,-1,-1
121,32,876,572,72,168,1,-1,-1,-1
122,3,303,622,160,208,1,-1,-1,-1
122,9,1560,563,108,180,1,-1,-1,-1
122,15,1784,622,57,152,1,-1,-1,-1
122,18,1796,624,113,185,1,-1,-1,-1
122,19,1380,635,79,171,1,-1,-1,-1
122,23,1497,560,112,232,1,-1,-1,-1
122,24,1370,630,84,150,1,-1,-1,-1
122,25,1558,567,112,176,1,-1,-1,-1
122,26,1391,621,68,156,1,-1,-1,-1
122,29,1378,637,84,148,1,-1,-1,-1
122,32,877,573,72,168,1,-1,-1,-1
123,3,305,627,152,198,1,-1,-1,-1
123,9,1559,564,108,180,1,-1,-1,-1
123,15,1783,623,57,152,1,-1,-1,-1
123,18,1795,624,113,185,1,-1,-1,-1
123,19,1371,629,83,180,1,-1,-1,-1
123,23,1494,560,112,232,1,-1,-1,-1
123,24,1365,629,84,150,1,-1,-1,-1
123,25,1556,567,112,176,1,-1,-1,-1
123,26,1386,624,68,156,1,-1,-1,-1
123,29,1374,637,84,148,1,-1,-1,-1
123,32,878,575,72,168,1,-1,-1,-1
124,3,308,631,145,189,1,-1,-1,-1
124,9,1557,564,108,180,1,-1,-1,-1
124,15,1780,623,57,152,1,-1,-1,-1
124,18,1793,625,113,185,1,-1,-1,-1
124,19,1368,631,83,180,1,-1,-1,-1
124,23,1493,561,112,232,1,-1,-1,-1
124,24,1362,631,84,150,1,-1,-1,-1
124,25,1555,569,112,176,1,-1,-1,-1
124,26,1383,626,68,156,1,-1,-1,-1
124,29,1371,640,84,148,1,-1,-1,-1
124,32,877,578,72,168,1,-1,-1,-1
125,3,307,633,145,189,1,-1,-1,-1
125,9,1555,565,108,180,1,-1,-1,-1
125,15,1778,622,57,152,1,-1,-1,-1
125,18,1791,625,113,185,1,-1,-1,-1
125,19,1364,634,83,180,1,-1,-1,-1
125,23,1493,563,112,232,1,-1,-1,-1
125,24,1357,633,84,150,1,-1,-1,-1
125,25,1553,569,112,176,1,-1,-1,-1
125,26,1379,631,68,156,1,-1,-1,-1
125,29,1367,643,84,148,1,-1,-1,-1
125,32,877,576,72,168,1,-1,-1,-1
126,3,306,634,145,189,1,-1,-1,-1
126,9,1555,566,108,180,1,-1,-1,-1
126,15,1776,624,57,152,1,-1,-1,-1
126,18,1792,629,108,176,1,-1,-1,-1
126,19,1361,639,83,180,1,-1,-1,-1
126,23,1491,564,112,232,1,-1,-1,-1
126,24,1353,636,84,150,1,-1,-1,-1
126,25,1553,569,112,176,1,-1,-1,-1
126,26,1375,633,68,156,1,-1,-1,-1
126,29,1363,646,84,148,1,-1,-1,-1
126,32,880,579,69,160,1,-1,-1,-1
127,3,303,634,145,189,1,-1,-1,-1
127,9,1553,566,108,180,1,-1,-1,-1
127,15,1774,624,57,152,1,-1,-1,-1
127,18,1790,629,108,176,1,-1,-1,-1
127,19,1359,638,83,180,1,-1,-1,-1
127,23,1490,562,112,232,1,-1,-1,-1
127,24,1351,637,84,150,1,-1,-1,-1
127,25,1550,569,112,176,1,-1,-1,-1
127,26,1373,634,68,156,1,-1,-1,-1
127,29,1362,646,84,148,1,-1,-1,-1
128,3,303,633,145,189,1,-1,-1,-1
128,9,1553,567,108,180,1,-1,-1,-1
128,15,1774,623,57,152,1,-1,-1,-1
128,18,1792,634,103,168,1,-1,-1,-1
128,19,1354,634,87,189,1,-1,-1,-1
128,23,1489,564,112,232,1,-1,-1,-1
128,24,1350,637,84,150,1,-1,-1,-1
128,25,1551,570,112,176,1,-1,-1,-1
128,26,1372,632,68,156,1,-1,-1,-1
128,29,1361,646,84,148,1,-1,-1,-1
129,3,292,620,164,212,1,-1,-1,-1
129,9,1548,568,108,180,1,-1,-1,-1
129,15,1774,623,57,152,1,-1,-1,-1
129,18,1780,632,116,192,1,-1,-1,-1
129,19,1354,634,87,189,1,-1,-1,-1
129,23,1489,564,112,232,1,-1,-1,-1
129,24,1350,637,84,150,1,-1,-1,-1
129,25,1551,570,112,176,1,-1,-1,-1
129,26,1356,628,76,148,1,-1,-1,-1
129,29,1361,646,84,148,1,-1,-1,-1
129,33,924,552,64,132,1,-1,-1,-1
130,3,291,620,164,212,1,-1,-1,-1
130,9,1547,567,108,180,1,-1,-1,-1
130,15,1771,624,57,152,1,-1,-1,-1
130,18,1780,632,116,192,1,-1,-1,-1
130,19,1351,630,87,189,1,-1,-1,-1
130,23,1488,563,112,232,1,-1,-1,-1
130,24,1341,638,84,150,1,-1,-1,-1
130,25,1548,565,118,185,1,-1,-1,-1
130,26,1355,627,76,148,1,-1,-1,-1
130,29,1357,644,84,148,1,-1,-1,-1
130,33,925,553,64,132,1,-1,-1,-1
131,3,289,620,164,212,1,-1,-1,-1
131,9,1546,566,108,180,1,-1,-1,-1
131,15,1770,624,57,152,1,-1,-1,-1
131,18,1779,632,116,192,1,-1,-1,-1
131,19,1347,629,87,189,1,-1,-1,-1
131,23,1487,563,112,232,1,-1,-1,-1
131,24,1338,635,84,150,1,-1,-1,-1
131,25,1546,565,118,185,1,-1,-1,-1
131,26,1353,627,76,148,1,-1,-1,-1
131,29,1351,638,88,155,1,-1,-1,-1
131,33,927,553,64,132,1,-1,-1,-1
132,3,288,621,164,212,1,-1,-1,-1
132,9,1544,568,108,180,1,-1,-1,-1
132,15,1768,625,57,152,1,-1,-1,-1
132,18,1776,633,116,192,1,-1,-1,-1
132,19,1343,626,87,189,1,-1,-1,-1
132,23,1485,563,112,232,1,-1,-1,-1
132,24,1334,634,84,150,1,-1,-1,-1
132,25,1545,565,118,185,1,-1,-1,-1
132,26,1348,623,80,155,1,-1,-1,-1
132,29,1347,636,88,155,1,-1,-1,-1
132,33,928,550,64,132,1,-1,-1,-1
133,3,287,621,164,212,1,-1,-1,-1
133,9,1543,569,108,180,1,-1,-1,-1
133,15,1766,625,57,152,1,-1,-1,-1
133,18,1776,632,116,192,1,-1,-1,-1
133,19,1336,620,91,198,1,-1,-1,-1
133,23,1484,564,112,232,1,-1,-1,-1
133,24,1331,631,84,150,1,-1,-1,-1
133,25,1544,566,118,185,1,-1,-1,-1
133,26,1346,622,80,155,1,-1,-1,-1
133,29,1339,630,93,163,1,-1,-1,-1
133,33,929,548,64,132,1,-1,-1,-1
134,3,285,621,164,212,1,-1,-1,-1
134,9,1543,569,108,180,1,-1,-1,-1
134,15,1765,625,57,152,1,-1,-1,-1
134,18,1775,632,116,192,1,-1,-1,-1
134,19,1332,617,91,198,1,-1,-1,-1
134,23,1485,568,107,221,1,-1,-1,-1
134,24,1327,631,84,150,1,-1,-1,-1
134,25,1542,565,118,185,1,-1,-1,-1
134,26,1342,622,80,155,1,-1,-1,-1
134,29,1335,629,93,163,1,-1,-1,-1
135,3,284,622,164,212,1,-1,-1,-1
135,9,1541,570,108,180,1,-1,-1,-1
135,15,1764,626,57,152,1,-1,-1,-1
135,18,1776,637,110,183,1,-1,-1,-1
135,19,1330,618,91,198,1,-1,-1,-1
135,23,1483,570,107,221,1,-1,-1,-1
135,24,1325,632,84,150,1,-1,-1,-1
135,25,1541,567,118,185,1,-1,-1,-1
135,26,1338,621,80,155,1,-1,-1,-1
135,29,1334,633,88,155,1,-1,-1,-1
136,3,283,622,164,212,1,-1,-1,-1
136,9,1541,570,108,180,1,-1,-1,-1
136,15,1763,626,57,152,1,-1,-1,-1
136,18,1775,637,110,183,1,-1,-1,-1
136,19,1329,621,87,189,1,-1,-1,-1
136,23,1482,568,107,221,1,-1,-1,-1
136,24,1321,632,84,150,1,-1,-1,-1
136,25,1542,571,112,176,1,-1,-1,-1
136,26,1336,620,80,155,1,-1,-1,-1
136,29,1329,633,88,155,1,-1,-1,-1
137,3,280,632,160,200,1,-1,-1,-1
137,9,1540,580,112,172,1,-1,-1,-1
137,15,1763,626,57,152,1,-1,-1,-1
137,18,1764,640,124,160,1,-1,-1,-1
137,19,1329,621,87,189,1,-1,-1,-1
137,23,1482,568,107,221,1,-1,-1,-1
137,24,1321,632,84,150,1,-1,-1,-1
137,25,1542,571,112,176,1,-1,-1,-1
137,26,1324,648,88,140,1,-1,-1,-1
137,29,1329,633,88,155,1,-1,-1,-1
138,3,262,627,160,200,1,-1,-1,-1
138,9,1535,576,112,172,1,-1,-1,-1
138,15,1762,624,57,152,1,-1,-1,-1
138,18,1761,635,124,160,1,-1,-1,-1
138,19,1318,614,91,198,1,-1,-1,-1
138,23,1477,562,112,232,1,-1,-1,-1
138,24,1310,632,84,150,1,-1,-1,-1
138,25,1540,568,112,176,1,-1,-1,-1
138,26,1314,643,88,140,1,-1,-1,-1
138,29,1317,634,88,155,1,-1,-1,-1
139,3,255,628,160,200,1,-1,-1,-1
139,9,1540,574,112,172,1,-1,-1,-1
139,15,1768,623,57,152,1,-1,-1,-1
139,18,1770,635,124,160,1,-1,-1,-1
139,19,1313,616,91,198,1,-1,-1,-1
139,23,1478,561,112,232,1,-1,-1,-1
139,24,1309,630,84,150,1,-1,-1,-1
139,25,1544,568,112,176,1,-1,-1,-1
139,26,1315,642,88,140,1,-1,-1,-1
139,29,1316,634,88,155,1,-1,-1,-1
140,3,248,630,160,200,1,-1,-1,-1
140,9,1551,576,112,172,1,-1,-1,-1
140,15,1780,624,57,152,1,-1,-1,-1
140,18,1783,636,124,160,1,-1,-1,-1
140,19,1315,616,91,198,1,-1,-1,-1
140,23,1483,563,112,232,1,-1,-1,-1
140,24,1308,625,88,157,1,-1,-1,-1
140,25,1553,567,112,176,1,-1,-1,-1
140,26,1317,642,88,140,1,-1,-1,-1
140,29,1318,634,88,155,1,-1,-1,-1
141,3,230,633,160,200,1,-1,-1,-1
141,9,1561,578,112,172,1,-1,-1,-1
141,15,1794,626,57,152,1,-1,-1,-1
141,18,1798,639,124,160,1,-1,-1,-1
141,19,1317,619,91,198,1,-1,-1,-1
141,23,1494,565,112,232,1,-1,-1,-1
141,24,1312,628,88,157,1,-1,-1,-1
141,25,1564,570,112,176,1,-1,-1,-1
141,26,1323,646,84,133,1,-1,-1,-1
141,29,1321,637,88,155,1,-1,-1,-1
142,3,213,635,160,200,1,-1,-1,-1
142,9,1568,578,112,172,1,-1,-1,-1
142,15,1807,628,57,152,1,-1,-1,-1
142,18,1812,641,124,160,1,-1,-1,-1
142,19,1319,619,91,198,1,-1,-1,-1
142,23,1501,565,112,232,1,-1,-1,-1
142,24,1314,627,88,157,1,-1,-1,-1
142,25,1571,570,112,176,1,-1,-1,-1
142,26,1324,646,84,133,1,-1,-1,-1
142,29,1324,637,88,155,1,-1,-1,-1
143,3,201,639,160,200,1,-1,-1,-1
143,9,1580,580,112,172,1,-1,-1,-1
143,15,1820,630,57,152,1,-1,-1,-1
143,18,1825,643,124,160,1,-1,-1,-1
143,19,1321,624,91,198,1,-1,-1,-1
143,23,1508,561,118,244,1,-1,-1,-1
143,24,1317,631,88,157,1,-1,-1,-1
143,25,1583,572,112,176,1,-1,-1,-1
143,26,1328,652,80,127,1,-1,-1,-1
143,29,1329,640,88,155,1,-1,-1,-1
144,3,183,643,160,200,1,-1,-1,-1
144,9,1586,583,112,172,1,-1,-1,-1
144,15,1832,632,57,152,1,-1,-1,-1
144,18,1836,645,124,160,1,-1,-1,-1
144,19,1323,629,91,198,1,-1,-1,-1
144,23,1512,562,118,244,1,-1,-1,-1
144,24,1318,634,88,157,1,-1,-1,-1
144,25,1587,568,118,185,1,-1,-1,-1
144,26,1330,655,80,127,1,-1,-1,-1
144,29,1329,641,88,155,1,-1,-1,-1
145,3,164,624,180,236,1,-1,-1,-1
145,9,1596,564,120,200,1,-1,-1,-1
145,15,1832,632,57,152,1,-1,-1,-1
145,18,1856,636,128,192,1,-1,-1,-1
145,19,1323,629,91,198,1,-1,-1,-1
145,23,1512,562,118,244,1,-1,-1,-1
145,24,1318,634,88,157,1,-1,-1,-1
145,25,1587,568,118,185,1,-1,-1,-1
145,26,1330,655,80,127,1,-1,-1,-1
145,29,1332,632,88,172,1,-1,-1,-1
145,34,884,540,88,172,1,-1,-1,-1
146,3,144,627,180,236,1,-1,-1,-1
146,9,1601,564,120,200,1,-1,-1,-1
146,15,1851,628,60,160,1,-1,-1,-1
146,18,1868,636,128,192,1,-1,-1,-1
146,19,1325,631,91,198,1,-1,-1,-1
146,23,1529,561,118,244,1,-1,-1,-1
146,24,1321,635,88,157,1,-1,-1,-1
146,25,1604,568,118,185,1,-1,-1,-1
146,26,1333,653,84,133,1,-1,-1,-1
146,29,1333,633,88,172,1,-1,-1,-1
146,34,883,536,88,172,1,-1,-1,-1
147,3,125,628,180,236,1,-1,-1,-1
147,9,1609,565,120,200,1,-1,-1,-1
147,15,1866,629,60,160,1,-1,-1,-1
147,18,1880,637,128,192,1,-1,-1,-1
147,19,1326,631,91,198,1,-1,-1,-1
147,23,1529,556,123,256,1,-1,-1,-1
147,24,1324,640,84,150,1,-1,-1,-1
147,25,1611,567,118,185,1,-1,-1,-1
147,26,1333,654,84,133,1,-1,-1,-1
147,29,1333,634,88,172,1,-1,-1,-1
147,34,883,534,88,172,1,-1,-1,-1
148,3,104,627,180,236,1,-1,-1,-1
148,9,1615,563,120,200,1,-1,-1,-1
148,15,1877,624,63,168,1,-1,-1,-1
148,18,1893,636,128,192,1,-1,-1,-1
148,19,1325,631,91,198,1,-1,-1,-1
148,23,1536,554,123,256,1,-1,-1,-1
148,24,1323,639,84,150,1,-1,-1,-1
148,25,1618,566,118,185,1,-1,-1,-1
148,26,1330,650,88,140,1,-1,-1,-1
148,29,1333,633,88,172,1,-1,-1,-1
148,34,880,531,88,172,1,-1,-1,-1
149,3,88,626,180,236,1,-1,-1,-1
149,9,1622,561,120,200,1,-1,-1,-1
149,15,1889,624,63,168,1,-1,-1,-1
149,18,1904,637,128,192,1,-1,-1,-1
149,19,1326,631,91,198,1,-1,-1,-1
149,23,1543,553,123,256,1,-1,-1,-1
149,24,1323,639,84,150,1,-1,-1,-1
149,25,1626,562,118,185,1,-1,-1,-1
149,26,1329,650,88,140,1,-1,-1,-1
149,29,1334,632,88,172,1,-1,-1,-1
149,34,878,524,88,172,1,-1,-1,-1
150,3,66,626,180,236,1,-1,-1,-1
150,9,1625,555,126,210,1,-1,-1,-1
150,15,1900,624,63,168,1,-1,-1,-1
150,18,1911,633,134,202,1,-1,-1,-1
150,19,1325,630,91,198,1,-1,-1,-1
150,23,1545,545,130,269,1,-1,-1,-1
150,24,1321,638,84,150,1,-1,-1,-1
150,25,1631,562,118,185,1,-1,-1,-1
150,26,1330,652,84,133,1,-1,-1,-1
150,29,1333,631,88,172,1,-1,-1,-1
150,34,875,524,88,172,1,-1,-1,-1
151,3,43,626,180,236,1,-1,-1,-1
151,9,1629,554,126,210,1,-1,-1,-1
151,15,1904,619,66,176,1,-1,-1,-1
151,18,1922,631,134,202,1,-1,-1,-1
151,19,1323,629,91,198,1,-1,-1,-1
151,23,1549,544,130,269,1,-1,-1,-1
151,24,1320,638,84,150,1,-1,-1,-1
151,25,1633,555,123,194,1,-1,-1,-1
151,26,1328,652,84,133,1,-1,-1,-1
151,29,1331,631,88,172,1,-1,-1,-1
151,34,871,520,88,172,1,-1,-1,-1
152,3,18,619,189,248,1,-1,-1,-1
152,9,1637,553,126,210,1,-1,-1,-1
152,15,1917,613,69,185,1,-1,-1,-1
152,18,1934,625,141,212,1,-1,-1,-1
152,19,1322,627,91,198,1,-1,-1,-1
152,23,1552,535,136,282,1,-1,-1,-1
152,24,1320,632,84,150,1,-1,-1,-1
152,25,1638,548,130,204,1,-1,-1,-1
152,26,1328,643,88,140,1,-1,-1,-1
152,29,1331,628,88,172,1,-1,-1,-1
153,3,18,619,189,248,1,-1,-1,-1
153,9,1632,532,144,244,1,-1,-1,-1
153,15,1917,613,69,185,1,-1,-1,-1
153,18,1928,608,156,224,1,-1,-1,-1
153,19,1308,612,100,196,1,-1,-1,-1
153,23,1552,535,136,282,1,-1,-1,-1
153,24,1320,632,84,150,1,-1,-1,-1
153,25,1638,548,130,204,1,-1,-1,-1
153,26,1328,643,88,140,1,-1,-1,-1
153,29,1331,628,88,172,1,-1,-1,-1
154,3,-27,616,189,248,1,-1,-1,-1
154,9,1637,529,144,244,1,-1,-1,-1
154,15,1932,606,69,185,1,-1,-1,-1
154,18,1938,606,156,224,1,-1,-1,-1
154,19,1308,609,100,196,1,-1,-1,-1
154,23,1555,529,136,282,1,-1,-1,-1
154,24,1315,628,84,150,1,-1,-1,-1
154,25,1644,540,130,204,1,-1,-1,-1
154,26,1319,633,92,147,1,-1,-1,-1
154,29,1322,619,92,181,1,-1,-1,-1
155,3,-46,616,189,248,1,-1,-1,-1
155,9,1648,528,144,244,1,-1,-1,-1
155,15,1947,605,69,185,1,-1,-1,-1
155,18,1956,606,156,224,1,-1,-1,-1
155,19,1311,608,100,196,1,-1,-1,-1
155,23,1565,527,136,282,1,-1,-1,-1
155,24,1315,623,84,150,1,-1,-1,-1
155,25,1653,533,136,214,1,-1,-1,-1
155,26,1318,629,97,154,1,-1,-1,-1
155,29,1322,615,92,181,1,-1,-1,-1
156,3,-73,613,189,248,1,-1,-1,-1
156,9,1649,523,144,244,1,-1,-1,-1
156,15,1952,600,69,185,1,-1,-1,-1
156,18,1961,602,156,224,1,-1,-1,-1
156,19,1309,602,100,196,1,-1,-1,-1
156,23,1563,515,143,296,1,-1,-1,-1
156,24,1310,616,84,150,1,-1,-1,-1
156,25,1654,527,136,214,1,-1,-1,-1
156,26,1311,623,97,154,1,-1,-1,-1
156,29,1318,603,97,190,1,-1,-1,-1
157,3,-91,616,189,248,1,-1,-1,-1
157,9,1659,522,144,244,1,-1,-1,-1
157,15,1966,599,69,185,1,-1,-1,-1
157,18,1977,601,156,224,1,-1,-1,-1
157,19,1309,599,100,196,1,-1,-1,-1
157,23,1565,506,150,311,1,-1,-1,-1
157,24,1307,610,88,157,1,-1,-1,-1
157,25,1661,527,136,214,1,-1,-1,-1
157,26,1312,622,97,154,1,-1,-1,-1
157,29,1317,602,97,190,1,-1,-1,-1
158,3,-115,606,198,260,1,-1,-1,-1
158,9,1663,514,151,256,1,-1,-1,-1
158,15,1979,595,73,194,1,-1,-1,-1
158,18,1989,595,164,235,1,-1,-1,-1
158,19,1308,594,105,206,1,-1,-1,-1
158,23,1571,505,150,311,1,-1,-1,-1
158,24,1308,608,88,157,1,-1,-1,-1
158,25,1671,523,136,214,1,-1,-1,-1
158,26,1311,620,97,154,1,-1,-1,-1
158,29,1317,599,97,190,1,-1,-1,-1
159,9,1671,510,151,256,1,-1,-1,-1
159,15,1992,593,73,194,1,-1,-1,-1
159,18,1997,589,172,247,1,-1,-1,-1
159,19,1309,591,105,206,1,-1,-1,-1
159,23,1573,496,158,326,1,-1,-1,-1
159,24,1306,603,92,165,1,-1,-1,-1
159,25,1675,515,143,225,1,-1,-1,-1
159,26,1311,615,102,162,1,-1,-1,-1
159,29,1316,593,102,199,1,-1,-1,-1
160,9,1681,504,159,269,1,-1,-1,-1
160,15,2006,588,77,204,1,-1,-1,-1
160,18,2016,589,172,247,1,-1,-1,-1
160,19,1308,587,110,216,1,-1,-1,-1
160,23,1579,488,165,343,1,-1,-1,-1
160,24,1304,600,97,174,1,-1,-1,-1
160,25,1688,514,143,225,1,-1,-1,-1
160,26,1313,616,102,162,1,-1,-1,-1
160,29,1316,593,102,199,1,-1,-1,-1
161,9,1681,504,159,269,1,-1,-1,-1
161,15,2006,588,77,204,1,-1,-1,-1
161,18,2020,584,184,264,1,-1,-1,-1
161,19,1296,584,124,236,1,-1,-1,-1
161,23,1579,488,165,343,1,-1,-1,-1
161,24,1304,600,97,174,1,-1,-1,-1
161,25,1688,492,160,272,1,-1,-1,-1
161,26,1313,616,102,162,1,-1,-1,-1
161,29,1316,593,102,199,1,-1,-1,-1
162,9,1686,500,159,269,1,-1,-1,-1
162,15,2020,585,77,204,1,-1,-1,-1
162,18,2023,580,184,264,1,-1,-1,-1
162,19,1291,581,124,236,1,-1,-1,-1
162,23,1583,485,165,343,1,-1,-1,-1
162,24,1302,599,97,174,1,-1,-1,-1
162,25,1688,488,160,272,1,-1,-1,-1
162,26,1308,613,102,162,1,-1,-1,-1
162,29,1315,591,102,199,1,-1,-1,-1
163,9,1682,487,167,282,1,-1,-1,-1
163,15,2022,581,77,204,1,-1,-1,-1
163,18,2025,577,184,264,1,-1,-1,-1
163,19,1287,578,124,236,1,-1,-1,-1
163,23,1585,479,165,343,1,-1,-1,-1
163,24,1294,597,97,174,1,-1,-1,-1
163,25,1687,484,160,272,1,-1,-1,-1
163,26,1302,611,102,162,1,-1,-1,-1
163,29,1308,587,102,199,1,-1,-1,-1
164,9,1680,483,167,282,1,-1,-1,-1
164,15,2019,575,80,214,1,-1,-1,-1
164,18,2023,574,184,264,1,-1,-1,-1
164,19,1277,572,130,248,1,-1,-1,-1
164,23,1583,477,165,343,1,-1,-1,-1
164,24,1287,592,102,182,1,-1,-1,-1
164,25,1683,482,160,272,1,-1,-1,-1
164,26,1292,606,107,170,1,-1,-1,-1
164,29,1299,582,107,209,1,-1,-1,-1
165,9,1674,481,167,282,1,-1,-1,-1
165,15,2014,567,84,225,1,-1,-1,-1
165,18,2021,572,184,264,1,-1,-1,-1
165,19,1273,570,130,248,1,-1,-1,-1
165,23,1579,475,165,343,1,-1,-1,-1
165,24,1276,587,107,191,1,-1,-1,-1
165,25,1678,480,160,272,1,-1,-1,-1
165,26,1287,604,107,170,1,-1,-1,-1
165,29,1294,580,107,209,1,-1,-1,-1
166,9,1668,473,175,297,1,-1,-1,-1
166,15,2012,565,84,225,1,-1,-1,-1
166,18,2016,570,184,264,1,-1,-1,-1
166,19,1269,568,130,248,1,-1,-1,-1
166,23,1575,473,165,343,1,-1,-1,-1
166,24,1273,584,107,191,1,-1,-1,-1
166,25,1675,478,160,272,1,-1,-1,-1
166,26,1282,604,107,170,1,-1,-1,-1
166,29,1288,574,112,220,1,-1,-1,-1
167,9,1665,470,175,297,1,-1,-1,-1
167,15,2009,563,84,225,1,-1,-1,-1
167,18,2013,567,184,264,1,-1,-1,-1
167,19,1265,564,130,248,1,-1,-1,-1
167,23,1573,469,165,343,1,-1,-1,-1
167,24,1266,578,112,201,1,-1,-1,-1
167,25,1672,477,160,272,1,-1,-1,-1
167,26,1278,601,107,170,1,-1,-1,-1
167,29,1284,572,112,220,1,-1,-1,-1
168,9,1661,467,175,297,1,-1,-1,-1
168,15,2006,560,84,225,1,-1,-1,-1
168,18,2010,565,184,264,1,-1,-1,-1
168,19,1265,570,124,236,1,-1,-1,-1
168,23,1570,468,165,343,1,-1,-1,-1
168,24,1261,576,112,201,1,-1,-1,-1
168,25,1669,475,160,272,1,-1,-1,-1
168,26,1273,599,107,170,1,-1,-1,-1
168,29,1276,565,118,230,1,-1,-1,-1
169,9,1661,467,175,297,1,-1,-1,-1
169,15,2006,560,84,225,1,-1,-1,-1
169,18,2008,568,176,268,1,-1,-1,-1
169,19,1265,570,124,236,1,-1,-1,-1
169,23,1570,468,165,343,1,-1,-1,-1
169,24,1261,576,112,201,1,-1,-1,-1
169,25,1664,468,168,268,1,-1,-1,-1
169,26,1273,599,107,170,1,-1,-1,-1
169,29,1252,568,128,240,1,-1,-1,-1
169,35,792,320,140,312,1,-1,-1,-1
170,9,1659,474,167,282,1,-1,-1,-1
170,15,2000,559,84,225,1,-1,-1,-1
170,18,2007,568,176,268,1,-1,-1,-1
170,19,1253,561,130,248,1,-1,-1,-1
170,23,1566,466,165,343,1,-1,-1,-1
170,24,1248,569,118,211,1,-1,-1,-1
170,25,1663,466,168,268,1,-1,-1,-1
170,26,1262,597,107,170,1,-1,-1,-1
170,29,1249,567,128,240,1,-1,-1,-1
170,35,789,318,140,312,1,-1,-1,-1
171,9,1656,471,167,282,1,-1,-1,-1
171,15,1996,557,84,225,1,-1,-1,-1
171,18,2004,567,176,268,1,-1,-1,-1
171,19,1249,559,130,248,1,-1,-1,-1
171,23,1562,464,165,343,1,-1,-1,-1
171,24,1244,565,118,211,1,-1,-1,-1
171,25,1661,466,168,268,1,-1,-1,-1
171,26,1256,590,112,179,1,-1,-1,-1
171,29,1247,567,128,240,1,-1,-1,-1
171,35,788,320,140,312,1,-1,-1,-1
172,9,1654,472,167,282,1,-1,-1,-1
172,15,1995,557,84,225,1,-1,-1,-1
172,18,2002,566,176,268,1,-1,-1,-1
172,19,1246,559,130,248,1,-1,-1,-1
172,23,1558,464,165,343,1,-1,-1,-1
172,24,1240,562,118,211,1,-1,-1,-1
172,25,1659,466,168,268,1,-1,-1,-1
172,26,1250,583,118,188,1,-1,-1,-1
172,29,1245,566,128,240,1,-1,-1,-1
172,35,789,316,140,312,1,-1,-1,-1
173,9,1651,471,167,282,1,-1,-1,-1
173,15,1992,556,84,225,1,-1,-1,-1
173,18,2000,567,176,268,1,-1,-1,-1
173,19,1242,559,130,248,1,-1,-1,-1
173,23,1556,463,165,343,1,-1,-1,-1
173,24,1237,562,118,211,1,-1,-1,-1
173,25,1656,466,168,268,1,-1,-1,-1
173,26,1248,583,118,188,1,-1,-1,-1
173,29,1237,559,134,252,1,-1,-1,-1
173,35,789,315,140,312,1,-1,-1,-1
174,9,1650,471,167,282,1,-1,-1,-1
174,15,1989,557,84,225,1,-1,-1,-1
174,18,1996,566,176,268,1,-1,-1,-1
174,19,1236,553,137,260,1,-1,-1,-1
174,23,1554,463,165,343,1,-1,-1,-1
174,24,1234,563,118,211,1,-1,-1,-1
174,25,1651,459,176,281,1,-1,-1,-1
174,26,1246,583,118,188,1,-1,-1,-1
174,29,1234,560,134,252,1,-1,-1,-1
174,35,792,311,140,312,1,-1,-1,-1
175,9,1643,465,175,297,1,-1,-1,-1
175,15,1986,557,84,225,1,-1,-1,-1
175,18,1993,566,176,268,1,-1,-1,-1
175,19,1231,553,137,260,1,-1,-1,-1
175,23,1550,463,165,343,1,-1,-1,-1
175,24,1231,562,118,211,1,-1,-1,-1
175,25,1651,467,168,268,1,-1,-1,-1
175,26,1243,584,118,188,1,-1,-1,-1
175,29,1229,561,134,252,1,-1,-1,-1
175,35,790,309,140,312,1,-1,-1,-1
176,9,1639,466,175,297,1,-1,-1,-1
176,15,1984,557,84,225,1,-1,-1,-1
176,18,1990,567,176,268,1,-1,-1,-1
176,19,1226,554,137,260,1,-1,-1,-1
176,23,1546,465,165,343,1,-1,-1,-1
176,24,1227,564,118,211,1,-1,-1,-1
176,25,1647,467,168,268,1,-1,-1,-1
176,26,1240,587,118,188,1,-1,-1,-1
176,29,1226,561,134,252,1,-1,-1,-1
176,35,788,311,140,312,1,-1,-1,-1
177,9,1640,468,184,264,1,-1,-1,-1
177,15,1984,557,84,225,1,-1,-1,-1
177,18,1980,564,188,268,1,-1,-1,-1
177,19,1226,554,137,260,1,-1,-1,-1
177,23,1546,465,165,343,1,-1,-1,-1
177,24,1216,552,144,252,1,-1,-1,-1
177,25,1647,467,168,268,1,-1,-1,-1
177,26,1240,587,118,188,1,-1,-1,-1
177,29,1226,561,134,252,1,-1,-1,-1
177,35,788,311,140,312,1,-1,-1,-1
178,9,1637,468,184,264,1,-1,-1,-1
178,15,1976,559,84,225,1,-1,-1,-1
178,18,1977,565,188,268,1,-1,-1,-1
178,19,1221,553,137,260,1,-1,-1,-1
178,23,1541,466,165,343,1,-1,-1,-1
178,24,1213,551,144,252,1,-1,-1,-1
178,25,1642,469,168,268,1,-1,-1,-1
178,26,1230,588,118,188,1,-1,-1,-1
178,29,1218,561,134,252,1,-1,-1,-1
179,9,1632,470,184,264,1,-1,-1,-1
179,15,1972,560,84,225,1,-1,-1,-1
179,18,1974,566,188,268,1,-1,-1,-1
179,19,1217,554,137,260,1,-1,-1,-1
179,23,1537,467,165,343,1,-1,-1,-1
179,24,1209,552,144,252,1,-1,-1,-1
179,25,1637,470,168,268,1,-1,-1,-1
179,26,1226,587,118,188,1,-1,-1,-1
179,29,1218,567,128,240,1,-1,-1,-1
180,9,1628,471,184,264,1,-1,-1,-1
180,15,1966,561,84,225,1,-1,-1,-1
180,18,1968,566,188,268,1,-1,-1,-1
180,19,1210,555,137,260,1,-1,-1,-1
180,23,1532,469,165,343,1,-1,-1,-1
180,24,1203,551,144,252,1,-1,-1,-1
180,25,1632,471,168,268,1,-1,-1,-1
180,26,1219,585,118,188,1,-1,-1,-1
180,29,1207,562,134,252,1,-1,-1,-1
181,9,1616,472,184,264,1,-1,-1,-1
181,15,1955,568,80,214,1,-1,-1,-1
181,18,1954,563,197,281,1,-1,-1,-1
181,19,1198,556,137,260,1,-1,-1,-1
181,23,1522,469,165,343,1,-1,-1,-1
181,24,1192,552,144,252,1,-1,-1,-1
181,25,1620,473,168,268,1,-1,-1,-1
181,26,1207,586,118,188,1,-1,-1,-1
181,29,1197,564,134,252,1,-1,-1,-1
182,9,1606,474,184,264,1,-1,-1,-1
182,15,1945,565,84,225,1,-1,-1,-1
182,18,1943,566,197,281,1,-1,-1,-1
182,19,1182,550,144,273,1,-1,-1,-1
182,23,1508,463,174,360,1,-1,-1,-1
182,24,1180,553,144,252,1,-1,-1,-1
182,25,1608,476,168,268,1,-1,-1,-1
182,26,1196,587,118,188,1,-1,-1,-1
182,29,1187,564,134,252,1,-1,-1,-1
183,9,1596,477,184,264,1,-1,-1,-1
183,15,1933,562,89,236,1,-1,-1,-1
183,18,1933,566,197,281,1,-1,-1,-1
183,19,1174,556,137,260,1,-1,-1,-1
183,23,1497,465,174,360,1,-1,-1,-1
183,24,1168,554,144,252,1,-1,-1,-1
183,25,1598,478,168,268,1,-1,-1,-1
183,26,1184,588,118,188,1,-1,-1,-1
183,29,1175,566,134,252,1,-1,-1,-1
184,9,1583,478,184,264,1,-1,-1,-1
184,15,1920,564,89,236,1,-1,-1,-1
184,18,1919,568,197,281,1,-1,-1,-1
184,19,1163,558,137,260,1,-1,-1,-1
184,23,1491,474,165,343,1,-1,-1,-1
184,24,1156,553,144,252,1,-1,-1,-1
184,25,1585,480,168,268,1,-1,-1,-1
184,26,1172,587,118,188,1,-1,-1,-1
184,29,1161,564,134,252,1,-1,-1,-1
185,9,1583,478,184,264,1,-1,-1,-1
185,15,1920,564,89,236,1,-1,-1,-1
185,18,1916,576,180,268,1,-1,-1,-1
185,19,1144,560,136,252,1,-1,-1,-1
185,23,1491,474,165,343,1,-1,-1,-1
185,24,1156,553,144,252,1,-1,-1,-1
185,25,1576,472,172,292,1,-1,-1,-1
185,26,1172,587,118,188,1,-1,-1,-1
185,29,1161,564,134,252,1,-1,-1,-1
185,36,624,336,64,204,1,-1,-1,-1
186,9,1560,480,184,264,1,-1,-1,-1
186,15,1900,568,89,236,1,-1,-1,-1
186,18,1903,571,189,281,1,-1,-1,-1
186,19,1138,565,130,240,1,-1,-1,-1
186,23,1466,479,165,343,1,-1,-1,-1
186,24,1132,555,144,252,1,-1,-1,-1
186,25,1563,468,181,307,1,-1,-1,-1
186,26,1151,589,118,188,1,-1,-1,-1
186,29,1138,566,134,252,1,-1,-1,-1
186,36,620,339,64,204,1,-1,-1,-1
187,9,1553,482,184,264,1,-1,-1,-1
187,15,1890,569,89,236,1,-1,-1,-1
187,18,1893,573,189,281,1,-1,-1,-1
187,19,1128,568,130,240,1,-1,-1,-1
187,23,1457,478,165,343,1,-1,-1,-1
187,24,1123,555,144,252,1,-1,-1,-1
187,25,1555,471,181,307,1,-1,-1,-1
187,26,1138,590,118,188,1,-1,-1,-1
187,29,1130,567,134,252,1,-1,-1,-1
187,36,611,332,67,214,1,-1,-1,-1
188,9,1538,477,193,277,1,-1,-1,-1
188,15,1884,575,84,225,1,-1,-1,-1
188,18,1886,573,189,281,1,-1,-1,-1
188,19,1118,568,130,240,1,-1,-1,-1
188,23,1448,480,165,343,1,-1,-1,-1
188,24,1112,558,144,252,1,-1,-1,-1
188,25,1544,471,181,307,1,-1,-1,-1
188,26,1129,589,118,188,1,-1,-1,-1
188,29,1119,567,134,252,1,-1,-1,-1
189,9,1536,485,184,264,1,-1,-1,-1
189,15,1874,576,84,225,1,-1,-1,-1
189,18,1877,575,189,281,1,-1,-1,-1
189,19,1110,568,130,240,1,-1,-1,-1
189,23,1441,480,165,343,1,-1,-1,-1
189,24,1110,565,137,240,1,-1,-1,-1
189,25,1536,471,181,307,1,-1,-1,-1
189,26,1120,590,118,188,1,-1,-1,-1
189,29,1111,568,134,252,1,-1,-1,-1
190,9,1526,484,184,264,1,-1,-1,-1
190,15,1867,576,84,225,1,-1,-1,-1
190,18,1870,575,189,281,1,-1,-1,-1
190,19,1101,569,130,240,1,-1,-1,-1
190,23,1431,481,165,343,1,-1,-1,-1
190,24,1100,564,137,240,1,-1,-1,-1
190,25,1529,469,181,307,1,-1,-1,-1
190,26,1111,591,118,188,1,-1,-1,-1
190,29,1103,569,134,252,1,-1,-1,-1
191,9,1519,484,184,264,1,-1,-1,-1
191,15,1861,576,84,225,1,-1,-1,-1
191,18,1863,576,189,281,1,-1,-1,-1
191,19,1092,570,130,240,1,-1,-1,-1
191,23,1427,482,165,343,1,-1,-1,-1
191,24,1092,566,137,240,1,-1,-1,-1
191,25,1523,469,181,307,1,-1,-1,-1
191,26,1104,591,118,188,1,-1,-1,-1
191,29,1095,570,134,252,1,-1,-1,-1
192,9,1515,487,184,264,1,-1,-1,-1
192,15,1854,577,84,225,1,-1,-1,-1
192,18,1856,576,189,281,1,-1,-1,-1
192,19,1084,569,130,240,1,-1,-1,-1
192,23,1419,482,165,343,1,-1,-1,-1
192,24,1082,561,144,252,1,-1,-1,-1
192,25,1515,471,181,307,1,-1,-1,-1
192,26,1097,592,118,188,1,-1,-1,-1
192,29,1089,571,134,252,1,-1,-1,-1
193,9,1512,484,168,296,1,-1,-1,-1
193,15,1854,577,84,225,1,-1,-1,-1
193,18,1852,580,180,280,1,-1,-1,-1
193,19,1084,569,130,240,1,-1,-1,-1
193,23,1419,482,165,343,1,-1,-1,-1
193,24,1082,561,144,252,1,-1,-1,-1
193,25,1515,471,181,307,1,-1,-1,-1
193,26,1097,592,118,188,1,-1,-1,-1
193,29,1072,580,136,232,1,-1,-1,-1
193,37,664,356,132,256,1,-1,-1,-1
193,38,520,344,80,196,1,-1,-1,-1
194,9,1507,485,168,296,1,-1,-1,-1
194,15,1840,578,84,225,1,-1,-1,-1
194,18,1848,580,180,280,1,-1,-1,-1
194,19,1069,565,136,252,1,-1,-1,-1
194,23,1409,483,165,343,1,-1,-1,-1
194,24,1068,561,144,252,1,-1,-1,-1
194,25,1507,480,172,292,1,-1,-1,-1
194,26,1082,594,118,188,1,-1,-1,-1
194,29,1068,580,136,232,1,-1,-1,-1
194,37,659,356,132,256,1,-1,-1,-1
194,38,515,349,80,196,1,-1,-1,-1
195,9,1502,485,168,296,1,-1,-1,-1
195,15,1837,579,84,225,1,-1,-1,-1
195,18,1843,580,180,280,1,-1,-1,-1
195,19,1062,566,136,252,1,-1,-1,-1
195,23,1402,484,165,343,1,-1,-1,-1
195,24,1060,563,144,252,1,-1,-1,-1
195,25,1504,480,172,292,1,-1,-1,-1
195,26,1075,594,118,188,1,-1,-1,-1
195,29,1061,581,136,232,1,-1,-1,-1
195,37,653,362,132,256,1,-1,-1,-1
195,38,499,345,84,206,1,-1,-1,-1
196,9,1497,486,168,296,1,-1,-1,-1
196,15,1831,580,84,225,1,-1,-1,-1
196,18,1838,581,180,280,1,-1,-1,-1
196,19,1054,567,136,252,1,-1,-1,-1
196,23,1397,485,165,343,1,-1,-1,-1
196,24,1058,568,137,240,1,-1,-1,-1
196,25,1497,481,172,292,1,-1,-1,-1
196,26,1067,595,118,188,1,-1,-1,-1
196,29,1053,581,136,232,1,-1,-1,-1
196,37,650,364,132,256,1,-1,-1,-1
196,38,493,344,84,206,1,-1,-1,-1
197,9,1492,488,168,296,1,-1,-1,-1
197,15,1824,580,84,225,1,-1,-1,-1
197,18,1831,583,180,280,1,-1,-1,-1
197,19,1046,567,136,252,1,-1,-1,-1
197,23,1388,485,165,343,1,-1,-1,-1
197,24,1049,569,137,240,1,-1,-1,-1
197,25,1489,483,172,292,1,-1,-1,-1
197,26,1058,596,118,188,1,-1,-1,-1
197,29,1044,583,136,232,1,-1,-1,-1
197,37,639,367,132,256,1,-1,-1,-1
198,9,1483,478,176,311,1,-1,-1,-1
198,15,1818,580,84,225,1,-1,-1,-1
198,18,1825,582,180,280,1,-1,-1,-1
198,19,1039,569,136,252,1,-1,-1,-1
198,23,1384,485,165,343,1,-1,-1,-1
198,24,1043,572,137,240,1,-1,-1,-1
198,25,1483,482,172,292,1,-1,-1,-1
198,26,1052,596,118,188,1,-1,-1,-1
198,29,1037,584,136,232,1,-1,-1,-1
199,9,1477,478,176,311,1,-1,-1,-1
199,15,1813,580,84,225,1,-1,-1,-1
199,18,1819,582,180,280,1,-1,-1,-1
199,19,1034,571,136,252,1,-1,-1,-1
199,23,1377,486,165,343,1,-1,-1,-1
199,24,1035,571,137,240,1,-1,-1,-1
199,25,1478,482,172,292,1,-1,-1,-1
199,26,1046,596,118,188,1,-1,-1,-1
199,29,1033,585,136,232,1,-1,-1,-1
200,9,1470,478,176,311,1,-1,-1,-1
200,15,1806,581,84,225,1,-1,-1,-1
200,18,1812,583,180,280,1,-1,-1,-1
200,19,1034,577,130,240,1,-1,-1,-1
200,23,1373,487,165,343,1,-1,-1,-1
200,24,1029,572,137,240,1,-1,-1,-1
200,25,1472,482,172,292,1,-1,-1,-1
200,26,1041,597,118,188,1,-1,-1,-1
200,29,1029,593,130,221,1,-1,-1,-1
201,9,1470,478,176,311,1,-1,-1,-1
201,15,1806,581,84,225,1,-1,-1,-1
201,18,1804,584,184,276,1,-1,-1,-1
201,19,1024,576,112,244,1,-1,-1,-1
201,23,1373,487,165,343,1,-1,-1,-1
201,24,1029,572,137,240,1,-1,-1,-1
201,25,1460,492,164,284,1,-1,-1,-1
201,26,1041,597,118,188,1,-1,-1,-1
201,29,1029,593,130,221,1,-1,-1,-1
201,39,428,348,80,176,1,-1,-1,-1
201,40,608,368,48,188,1,-1,-1,-1
202,9,1453,480,176,311,1,-1,-1,-1
202,15,1790,582,84,225,1,-1,-1,-1
202,18,1799,584,184,276,1,-1,-1,-1
202,19,1018,576,112,244,1,-1,-1,-1
202,23,1353,488,165,343,1,-1,-1,-1
202,24,1013,572,137,240,1,-1,-1,-1
202,25,1455,492,164,284,1,-1,-1,-1
202,26,1023,594,118,188,1,-1,-1,-1
202,29,1010,592,130,221,1,-1,-1,-1
202,39,422,350,80,176,1,-1,-1,-1
202,40,602,361,50,197,1,-1,-1,-1
203,9,1447,479,176,311,1,-1,-1,-1
203,15,1785,582,84,225,1,-1,-1,-1
203,18,1789,576,193,290,1,-1,-1,-1
203,19,1012,576,112,244,1,-1,-1,-1
203,23,1350,488,165,343,1,-1,-1,-1
203,24,1008,573,137,240,1,-1,-1,-1
203,25,1449,493,164,284,1,-1,-1,-1
203,26,1012,594,118,188,1,-1,-1,-1
203,29,1001,587,136,232,1,-1,-1,-1
203,39,417,348,80,176,1,-1,-1,-1
203,40,592,359,53,207,1,-1,-1,-1
204,9,1440,478,176,311,1,-1,-1,-1
204,15,1779,581,84,225,1,-1,-1,-1
204,18,1782,578,193,290,1,-1,-1,-1
204,19,1005,577,112,244,1,-1,-1,-1
204,23,1343,486,165,343,1,-1,-1,-1
204,24,1001,574,137,240,1,-1,-1,-1
204,25,1442,493,164,284,1,-1,-1,-1
204,26,1008,594,118,188,1,-1,-1,-1
204,29,997,586,136,232,1,-1,-1,-1
204,39,411,348,80,176,1,-1,-1,-1
204,40,588,365,50,197,1,-1,-1,-1
205,9,1434,478,176,311,1,-1,-1,-1
205,15,1772,582,84,225,1,-1,-1,-1
205,18,1775,578,193,290,1,-1,-1,-1
205,19,995,571,118,256,1,-1,-1,-1
205,23,1337,487,165,343,1,-1,-1,-1
205,24,995,574,137,240,1,-1,-1,-1
205,25,1436,492,164,284,1,-1,-1,-1
205,26,998,594,118,188,1,-1,-1,-1
205,29,984,578,143,244,1,-1,-1,-1
206,9,1428,476,176,311,1,-1,-1,-1
206,15,1765,582,84,225,1,-1,-1,-1
206,18,1768,578,193,290,1,-1,-1,-1
206,19,987,571,118,256,1,-1,-1,-1
206,23,1328,486,165,343,1,-1,-1,-1
206,24,987,569,137,240,1,-1,-1,-1
206,25,1430,491,164,284,1,-1,-1,-1
206,26,989,594,118,188,1,-1,-1,-1
206,29,975,577,143,244,1,-1,-1,-1
207,9,1424,476,176,311,1,-1,-1,-1
207,15,1759,582,84,225,1,-1,-1,-1
207,18,1767,585,184,276,1,-1,-1,-1
207,19,980,569,118,256,1,-1,-1,-1
207,23,1328,494,158,326,1,-1,-1,-1
207,24,982,570,137,240,1,-1,-1,-1
207,25,1424,491,164,284,1,-1,-1,-1
207,26,984,592,118,188,1,-1,-1,-1
207,29,971,578,143,244,1,-1,-1,-1
208,9,1418,476,176,311,1,-1,-1,-1
208,15,1754,582,84,225,1,-1,-1,-1
208,18,1763,584,184,276,1,-1,-1,-1
208,19,976,567,118,256,1,-1,-1,-1
208,23,1320,485,165,343,1,-1,-1,-1
208,24,972,563,144,252,1,-1,-1,-1
208,25,1417,491,164,284,1,-1,-1,-1
208,26,979,589,118,188,1,-1,-1,-1
208,29,965,576,143,244,1,-1,-1,-1
209,9,1418,476,176,311,1,-1,-1,-1
209,15,1754,582,84,225,1,-1,-1,-1
209,18,1752,584,180,280,1,-1,-1,-1
209,19,976,567,118,256,1,-1,-1,-1
209,23,1320,485,165,343,1,-1,-1,-1
209,24,972,560,100,252,1,-1,-1,-1
209,25,1412,488,160,288,1,-1,-1,-1
209,26,979,589,118,188,1,-1,-1,-1
209,29,965,576,143,244,1,-1,-1,-1
209,41,360,336,108,180,1,-1,-1,-1
210,9,1409,482,168,296,1,-1,-1,-1
210,15,1743,579,84,225,1,-1,-1,-1
210,18,1749,583,180,280,1,-1,-1,-1
210,19,961,560,118,256,1,-1,-1,-1
210,23,1310,482,165,343,1,-1,-1,-1
210,24,969,559,100,252,1,-1,-1,-1
210,25,1408,486,160,288,1,-1,-1,-1
210,26,965,586,118,188,1,-1,-1,-1
210,29,952,570,143,244,1,-1,-1,-1
210,41,355,336,108,180,1,-1,-1,-1
211,9,1405,478,168,296,1,-1,-1,-1
211,15,1739,577,84,225,1,-1,-1,-1
211,18,1746,583,180,280,1,-1,-1,-1
211,19,957,559,118,256,1,-1,-1,-1
211,23,1305,479,165,343,1,-1,-1,-1
211,24,965,557,100,252,1,-1,-1,-1
211,25,1404,486,160,288,1,-1,-1,-1
211,26,962,583,118,188,1,-1,-1,-1
211,29,945,569,143,244,1,-1,-1,-1
211,41,346,334,108,180,1,-1,-1,-1
212,9,1400,477,168,296,1,-1,-1,-1
212,15,1734,575,84,225,1,-1,-1,-1
212,18,1745,589,171,267,1,-1,-1,-1
212,19,952,556,118,256,1,-1,-1,-1
212,23,1299,477,165,343,1,-1,-1,-1
212,24,961,556,100,252,1,-1,-1,-1
212,25,1399,484,160,288,1,-1,-1,-1
212,26,956,581,118,188,1,-1,-1,-1
212,29,941,570,143,244,1,-1,-1,-1
212,41,338,337,103,171,1,-1,-1,-1
213,9,1396,476,168,296,1,-1,-1,-1
213,15,1730,574,84,225,1,-1,-1,-1
213,18,1736,579,180,280,1,-1,-1,-1
213,19,948,553,118,256,1,-1,-1,-1
213,23,1296,474,165,343,1,-1,-1,-1
213,24,957,553,100,252,1,-1,-1,-1
213,25,1395,484,160,288,1,-1,-1,-1
213,26,946,574,124,197,1,-1,-1,-1
213,29,933,559,150,256,1,-1,-1,-1
213,41,333,333,108,180,1,-1,-1,-1
214,9,1393,472,168,296,1,-1,-1,-1
214,15,1726,571,84,225,1,-1,-1,-1
214,18,1733,578,180,280,1,-1,-1,-1
214,19,941,544,123,269,1,-1,-1,-1
214,23,1292,471,165,343,1,-1,-1,-1
214,24,952,549,100,252,1,-1,-1,-1
214,25,1389,473,168,302,1,-1,-1,-1
214,26,941,571,124,197,1,-1,-1,-1
214,29,929,555,150,256,1,-1,-1,-1
214,41,332,329,108,180,1,-1,-1,-1
215,9,1388,470,168,296,1,-1,-1,-1
215,15,1720,564,89,236,1,-1,-1,-1
215,18,1727,575,180,280,1,-1,-1,-1
215,19,936,542,123,269,1,-1,-1,-1
215,23,1288,470,165,343,1,-1,-1,-1
215,24,947,546,100,252,1,-1,-1,-1
215,25,1387,474,168,302,1,-1,-1,-1
215,26,934,566,124,197,1,-1,-1,-1
215,29,920,551,150,256,1,-1,-1,-1
215,41,329,324,108,180,1,-1,-1,-1
216,9,1384,467,168,296,1,-1,-1,-1
216,15,1715,561,89,236,1,-1,-1,-1
216,18,1722,572,180,280,1,-1,-1,-1
216,19,930,537,123,269,1,-1,-1,-1
216,23,1285,474,165,343,1,-1,-1,-1
216,24,943,542,100,252,1,-1,-1,-1
216,25,1384,473,168,302,1,-1,-1,-1
216,26,929,562,124,197,1,-1,-1,-1
216,29,916,544,150,256,1,-1,-1,-1
216,41,327,321,108,180,1,-1,-1,-1
217,9,1372,468,176,276,1,-1,-1,-1
217,15,1715,561,89,236,1,-1,-1,-1
217,18,1716,560,184,272,1,-1,-1,-1
217,19,930,537,123,269,1,-1,-1,-1
217,23,1285,474,165,343,1,-1,-1,-1
217,24,943,542,100,252,1,-1,-1,-1
217,25,1384,473,168,302,1,-1,-1,-1
217,26,929,562,124,197,1,-1,-1,-1
217,29,916,544,150,256,1,-1,-1,-1
217,41,327,321,108,180,1,-1,-1,-1
217,42,932,536,108,256,1,-1,-1,-1
217,43,260,320,112,156,1,-1,-1,-1
217,44,540,340,88,220,1,-1,-1,-1
217,45,472,320,64,200,1,-1,-1,-1
218,9,1374,472,168,263,1,-1,-1,-1
218,15,1710,555,89,236,1,-1,-1,-1
218,18,1717,564,175,259,1,-1,-1,-1
218,19,921,532,123,269,1,-1,-1,-1
218,23,1275,465,165,343,1,-1,-1,-1
218,24,936,535,100,252,1,-1,-1,-1
218,25,1372,460,168,302,1,-1,-1,-1
218,26,918,557,124,197,1,-1,-1,-1
218,29,910,546,143,244,1,-1,-1,-1
218,41,324,315,108,180,1,-1,-1,-1
218,42,930,533,108,256,1,-1,-1,-1
218,43,256,318,112,156,1,-1,-1,-1
218,44,534,338,92,231,1,-1,-1,-1
218,45,470,319,64,200,1,-1,-1,-1
219,9,1370,470,168,263,1,-1,-1,-1
219,15,1706,551,89,236,1,-1,-1,-1
219,18,1715,560,175,259,1,-1,-1,-1
219,19,917,527,123,269,1,-1,-1,-1
219,23,1272,460,165,343,1,-1,-1,-1
219,24,929,532,100,252,1,-1,-1,-1
219,25,1370,457,168,302,1,-1,-1,-1
219,26,915,553,124,197,1,-1,-1,-1
219,29,911,547,136,232,1,-1,-1,-1
219,41,318,314,108,180,1,-1,-1,-1
219,42,925,527,108,256,1,-1,-1,-1
219,43,250,317,112,156,1,-1,-1,-1
219,44,530,338,92,231,1,-1,-1,-1
219,45,468,309,64,200,1,-1,-1,-1
220,9,1366,467,168,263,1,-1,-1,-1
220,15,1702,548,89,236,1,-1,-1,-1
220,18,1710,557,175,259,1,-1,-1,-1
220,19,917,530,118,256,1,-1,-1,-1
220,23,1269,457,165,343,1,-1,-1,-1
220,24,925,527,100,252,1,-1,-1,-1
220,25,1366,456,168,302,1,-1,-1,-1
220,26,913,550,124,197,1,-1,-1,-1
220,29,907,546,136,232,1,-1,-1,-1
220,41,316,308,108,180,1,-1,-1,-1
220,42,921,524,108,256,1,-1,-1,-1
220,43,238,310,112,156,1,-1,-1,-1
220,44,527,333,97,243,1,-1,-1,-1
221,9,1362,463,168,263,1,-1,-1,-1
221,15,1699,544,89,236,1,-1,-1,-1
221,18,1708,554,175,259,1,-1,-1,-1
221,19,911,528,118,256,1,-1,-1,-1
221,23,1265,452,165,343,1,-1,-1,-1
221,24,920,525,100,252,1,-1,-1,-1
221,25,1366,459,160,288,1,-1,-1,-1
221,26,904,547,124,197,1,-1,-1,-1
221,29,898,538,143,244,1,-1,-1,-1
221,41,319,304,108,180,1,-1,-1,-1
221,42,917,521,108,256,1,-1,-1,-1
221,43,230,306,118,164,1,-1,-1,-1
221,44,527,328,97,243,1,-1,-1,-1
222,9,1360,461,168,263,1,-1,-1,-1
222,15,1695,541,89,236,1,-1,-1,-1
222,18,1705,550,175,259,1,-1,-1,-1
222,19,907,524,118,256,1,-1,-1,-1
222,23,1262,450,165,343,1,-1,-1,-1
222,24,918,521,100,252,1,-1,-1,-1
222,25,1363,457,160,288,1,-1,-1,-1
222,26,900,542,124,197,1,-1,-1,-1
222,29,894,533,143,244,1,-1,-1,-1
222,42,913,518,108,256,1,-1,-1,-1
222,43,215,302,123,172,1,-1,-1,-1
222,44,526,324,92,231,1,-1,-1,-1
223,9,1357,457,168,263,1,-1,-1,-1
223,15,1692,538,89,236,1,-1,-1,-1
223,18,1701,546,175,259,1,-1,-1,-1
223,19,904,521,118,256,1,-1,-1,-1
223,23,1259,446,165,343,1,-1,-1,-1
223,24,914,519,100,252,1,-1,-1,-1
223,25,1359,452,160,288,1,-1,-1,-1
223,26,897,541,124,197,1,-1,-1,-1
223,29,896,537,136,232,1,-1,-1,-1
223,42,910,516,108,256,1,-1,-1,-1
223,43,209,299,123,172,1,-1,-1,-1
223,44,522,317,92,231,1,-1,-1,-1
224,9,1359,451,168,263,1,-1,-1,-1
224,15,1694,532,89,236,1,-1,-1,-1
224,18,1705,541,175,259,1,-1,-1,-1
224,19,905,516,118,256,1,-1,-1,-1
224,23,1260,439,165,343,1,-1,-1,-1
224,24,914,514,100,252,1,-1,-1,-1
224,25,1357,440,168,302,1,-1,-1,-1
224,26,901,535,124,197,1,-1,-1,-1
224,29,896,532,136,232,1,-1,-1,-1
224,42,911,513,108,256,1,-1,-1,-1
224,44,519,296,97,243,1,-1,-1,-1
225,9,1356,440,168,268,1,-1,-1,-1
225,15,1694,532,89,236,1,-1,-1,-1
225,18,1700,536,184,264,1,-1,-1,-1
225,19,905,516,118,256,1,-1,-1,-1
225,23,1260,439,165,343,1,-1,-1,-1
225,24,914,514,100,252,1,-1,-1,-1
225,25,1357,440,168,302,1,-1,-1,-1
225,26,901,535,124,197,1,-1,-1,-1
225,29,920,500,88,264,1,-1,-1,-1
225,42,911,513,108,256,1,-1,-1,-1
225,44,519,296,97,243,1,-1,-1,-1
225,46,184,288,184,172,1,-1,-1,-1
225,47,524,320,100,220,1,-1,-1,-1
226,9,1358,446,160,255,1,-1,-1,-1
226,15,1692,527,89,236,1,-1,-1,-1
226,18,1699,534,184,264,1,-1,-1,-1
226,19,904,512,118,256,1,-1,-1,-1
226,23,1257,435,165,343,1,-1,-1,-1
226,24,911,511,100,252,1,-1,-1,-1
226,25,1356,434,168,302,1,-1,-1,-1
226,26,896,531,124,197,1,-1,-1,-1
226,29,918,499,88,264,1,-1,-1,-1
226,42,909,506,108,256,1,-1,-1,-1
226,46,180,285,184,172,1,-1,-1,-1
226,47,522,317,100,220,1,-1,-1,-1
227,9,1356,443,160,255,1,-1,-1,-1
227,15,1691,524,89,236,1,-1,-1,-1
227,18,1696,532,184,264,1,-1,-1,-1
227,19,901,510,118,256,1,-1,-1,-1
227,23,1255,432,165,343,1,-1,-1,-1
227,24,908,508,100,252,1,-1,-1,-1
227,25,1354,430,168,302,1,-1,-1,-1
227,26,893,528,124,197,1,-1,-1,-1
227,29,916,498,88,264,1,-1,-1,-1
227,42,906,503,108,256,1,-1,-1,-1
227,46,176,281,184,172,1,-1,-1,-1
227,47,519,313,100,220,1,-1,-1,-1
228,9,1353,441,160,255,1,-1,-1,-1
228,15,1688,522,89,236,1,-1,-1,-1
228,18,1694,530,184,264,1,-1,-1,-1
228,19,898,507,118,256,1,-1,-1,-1
228,23,1252,429,165,343,1,-1,-1,-1
228,24,905,507,100,252,1,-1,-1,-1
228,25,1352,425,168,302,1,-1,-1,-1
228,26,891,527,124,197,1,-1,-1,-1
228,29,913,497,88,264,1,-1,-1,-1
228,42,905,503,108,256,1,-1,-1,-1
228,46,173,277,184,172,1,-1,-1,-1
228,47,515,307,100,220,1,-1,-1,-1
229,9,1351,440,160,255,1,-1,-1,-1
229,15,1687,520,89,236,1,-1,-1,-1
229,18,1693,528,184,264,1,-1,-1,-1
229,19,895,505,118,256,1,-1,-1,-1
229,23,1252,428,165,343,1,-1,-1,-1
229,24,902,504,100,252,1,-1,-1,-1
229,25,1350,424,168,302,1,-1,-1,-1
229,26,888,524,124,197,1,-1,-1,-1
229,29,911,495,88,264,1,-1,-1,-1
229,42,901,499,108,256,1,-1,-1,-1
229,46,169,274,184,172,1,-1,-1,-1
229,47,512,305,100,220,1,-1,-1,-1
230,9,1347,432,168,268,1,-1,-1,-1
230,15,1687,523,84,225,1,-1,-1,-1
230,18,1691,526,184,264,1,-1,-1,-1
230,19,892,504,118,256,1,-1,-1,-1
230,23,1251,425,165,343,1,-1,-1,-1
230,24,898,495,105,265,1,-1,-1,-1
230,25,1352,431,160,288,1,-1,-1,-1
230,26,887,522,124,197,1,-1,-1,-1
230,29,909,494,88,264,1,-1,-1,-1
230,42,898,498,108,256,1,-1,-1,-1
230,46,165,271,184,172,1,-1,-1,-1
230,47,509,307,100,220,1,-1,-1,-1
231,9,1346,429,168,268,1,-1,-1,-1
231,15,1685,521,84,225,1,-1,-1,-1
231,18,1690,524,184,264,1,-1,-1,-1
231,19,892,502,118,256,1,-1,-1,-1
231,23,1250,425,165,343,1,-1,-1,-1
231,24,898,501,100,252,1,-1,-1,-1
231,25,1351,429,160,288,1,-1,-1,-1
231,26,885,521,124,197,1,-1,-1,-1
231,29,906,492,88,264,1,-1,-1,-1
231,42,898,498,108,256,1,-1,-1,-1
231,46,162,270,184,172,1,-1,-1,-1
231,47,508,309,100,220,1,-1,-1,-1
232,9,1346,428,168,268,1,-1,-1,-1
232,15,1684,521,84,225,1,-1,-1,-1
232,18,1688,524,184,264,1,-1,-1,-1
232,19,890,501,118,256,1,-1,-1,-1
232,23,1250,423,165,343,1,-1,-1,-1
232,24,896,500,100,252,1,-1,-1,-1
232,25,1351,428,160,288,1,-1,-1,-1
232,26,884,519,124,197,1,-1,-1,-1
232,29,905,490,88,264,1,-1,-1,-1
232,42,896,496,108,256,1,-1,-1,-1
232,46,163,270,184,172,1,-1,-1,-1
232,47,507,311,100,220,1,-1,-1,-1
233,9,1352,424,160,280,1,-1,-1,-1
233,15,1684,521,84,225,1,-1,-1,-1
233,18,1688,524,188,264,1,-1,-1,-1
233,19,896,488,96,268,1,-1,-1,-1
233,23,1250,423,165,343,1,-1,-1,-1
233,24,896,500,100,252,1,-1,-1,-1
233,25,1351,428,160,288,1,-1,-1,-1
233,26,884,519,124,197,1,-1,-1,-1
233,29,905,490,88,264,1,-1,-1,-1
233,42,896,496,108,256,1,-1,-1,-1
233,46,132,268,204,184,1,-1,-1,-1
233,47,507,311,100,220,1,-1,-1,-1
233,48,460,308,148,208,1,-1,-1,-1
233,49,384,304,88,164,1,-1,-1,-1
234,9,1352,422,160,280,1,-1,-1,-1
234,15,1681,518,84,225,1,-1,-1,-1
234,18,1688,523,188,264,1,-1,-1,-1
234,19,896,487,96,268,1,-1,-1,-1
234,23,1250,420,165,343,1,-1,-1,-1
234,24,894,498,100,252,1,-1,-1,-1
234,25,1351,425,160,288,1,-1,-1,-1
234,26,883,516,124,197,1,-1,-1,-1
234,29,904,489,88,264,1,-1,-1,-1
234,42,894,494,108,256,1,-1,-1,-1
234,46,131,267,204,184,1,-1,-1,-1
234,47,504,308,100,220,1,-1,-1,-1
234,48,458,306,148,208,1,-1,-1,-1
234,49,382,301,88,164,1,-1,-1,-1
235,9,1352,422,160,280,1,-1,-1,-1
235,15,1678,516,84,225,1,-1,-1,-1
235,18,1686,523,188,264,1,-1,-1,-1
235,19,895,487,96,268,1,-1,-1,-1
235,23,1247,419,165,343,1,-1,-1,-1
235,24,893,496,100,252,1,-1,-1,-1
235,25,1352,423,160,288,1,-1,-1,-1
235,26,882,516,124,197,1,-1,-1,-1
235,29,903,487,88,264,1,-1,-1,-1
235,42,893,493,108,256,1,-1,-1,-1
235,46,130,266,204,184,1,-1,-1,-1
235,47,501,304,100,220,1,-1,-1,-1
235,48,456,303,148,208,1,-1,-1,-1
235,49,381,297,88,164,1,-1,-1,-1
236,9,1353,421,160,280,1,-1,-1,-1
236,15,1676,517,84,225,1,-1,-1,-1
236,18,1684,522,188,264,1,-1,-1,-1
236,19,895,487,96,268,1,-1,-1,-1
236,23,1247,418,165,343,1,-1,-1,-1
236,24,894,495,100,252,1,-1,-1,-1
236,25,1352,423,160,288,1,-1,-1,-1
236,26,881,514,124,197,1,-1,-1,-1
236,29,902,485,88,264,1,-1,-1,-1
236,42,891,492,108,256,1,-1,-1,-1
236,46,130,263,204,184,1,-1,-1,-1
236,47,498,300,100,220,1,-1,-1,-1
236,48,454,301,148,208,1,-1,-1,-1
236,49,378,291,88,164,1,-1,-1,-1
237,9,1359,425,152,267,1,-1,-1,-1
237,15,1677,515,84,225,1,-1,-1,-1
237,18,1687,520,188,264,1,-1,-1,-1
237,19,897,486,96,268,1,-1,-1,-1
237,23,1249,417,165,343,1,-1,-1,-1
237,24,896,494,100,252,1,-1,-1,-1
237,25,1353,422,160,288,1,-1,-1,-1
237,26,885,515,124,197,1,-1,-1,-1
237,29,905,486,88,264,1,-1,-1,-1
237,42,895,491,108,256,1,-1,-1,-1
237,46,133,262,204,184,1,-1,-1,-1
237,47,499,298,100,220,1,-1,-1,-1
237,48,453,298,148,208,1,-1,-1,-1
237,49,377,288,88,164,1,-1,-1,-1
238,9,1364,424,152,267,1,-1,-1,-1
238,15,1680,512,84,225,1,-1,-1,-1
238,18,1693,519,188,264,1,-1,-1,-1
238,19,904,483,96,268,1,-1,-1,-1
238,23,1256,415,165,343,1,-1,-1,-1
238,24,902,494,100,252,1,-1,-1,-1
238,25,1360,421,160,288,1,-1,-1,-1
238,26,891,513,124,197,1,-1,-1,-1
238,29,910,484,88,264,1,-1,-1,-1
238,42,900,490,108,256,1,-1,-1,-1
238,46,140,261,204,184,1,-1,-1,-1
238,47,502,296,100,220,1,-1,-1,-1
238,48,457,295,148,208,1,-1,-1,-1
238,49,381,286,88,164,1,-1,-1,-1
239,9,1373,423,152,267,1,-1,-1,-1
239,15,1686,515,80,214,1,-1,-1,-1
239,18,1702,518,188,264,1,-1,-1,-1
239,19,910,484,96,268,1,-1,-1,-1
239,23,1263,414,165,343,1,-1,-1,-1
239,24,910,494,100,252,1,-1,-1,-1
239,25,1364,412,168,302,1,-1,-1,-1
239,26,902,514,124,197,1,-1,-1,-1
239,29,924,484,88,264,1,-1,-1,-1
239,42,909,492,108,256,1,-1,-1,-1
239,46,148,259,204,184,1,-1,-1,-1
239,47,505,294,100,220,1,-1,-1,-1
239,48,462,292,148,208,1,-1,-1,-1
239,49,384,286,88,164,1,-1,-1,-1
240,9,1384,423,152,267,1,-1,-1,-1
240,15,1696,513,80,214,1,-1,-1,-1
240,18,1710,517,188,264,1,-1,-1,-1
240,19,921,484,96,268,1,-1,-1,-1
240,23,1271,412,165,343,1,-1,-1,-1
240,24,918,492,100,252,1,-1,-1,-1
240,25,1374,409,168,302,1,-1,-1,-1
240,26,909,511,124,197,1,-1,-1,-1
240,29,931,483,88,264,1,-1,-1,-1
240,42,920,489,108,256,1,-1,-1,-1
240,46,158,258,204,184,1,-1,-1,-1
240,47,510,292,100,220,1,-1,-1,-1
240,48,468,290,148,208,1,-1,-1,-1
240,49,391,285,88,164,1,-1,-1,-1
241,9,1384,423,152,267,1,-1,-1,-1
241,15,1696,513,80,214,1,-1,-1,-1
241,18,1712,512,208,256,1,-1,-1,-1
241,19,928,500,108,248,1,-1,-1,-1
241,23,1271,412,165,343,1,-1,-1,-1
241,24,918,492,100,252,1,-1,-1,-1
241,25,1388,408,168,272,1,-1,-1,-1
241,26,909,511,124,197,1,-1,-1,-1
241,29,931,483,88,264,1,-1,-1,-1
241,42,920,489,108,256,1,-1,-1,-1
241,46,188,248,180,188,1,-1,-1,-1
241,47,484,276,140,232,1,-1,-1,-1
241,48,468,290,148,208,1,-1,-1,-1
241,49,391,285,88,164,1,-1,-1,-1
242,9,1406,412,160,280,1,-1,-1,-1
242,15,1717,511,80,214,1,-1,-1,-1
242,18,1721,511,208,256,1,-1,-1,-1
242,19,937,499,108,248,1,-1,-1,-1
242,23,1300,408,165,343,1,-1,-1,-1
242,24,940,490,100,252,1,-1,-1,-1
242,25,1400,414,160,259,1,-1,-1,-1
242,26,935,508,124,197,1,-1,-1,-1
242,29,954,479,88,264,1,-1,-1,-1
242,42,943,486,108,256,1,-1,-1,-1
242,46,198,247,180,188,1,-1,-1,-1
242,47,490,275,140,232,1,-1,-1,-1
242,48,483,291,141,198,1,-1,-1,-1
242,49,410,288,88,164,1,-1,-1,-1
243,9,1417,411,160,280,1,-1,-1,-1
243,15,1734,514,77,204,1,-1,-1,-1
243,18,1731,511,208,256,1,-1,-1,-1
243,19,949,499,108,248,1,-1,-1,-1
243,23,1308,406,165,343,1,-1,-1,-1
243,24,953,490,100,252,1,-1,-1,-1
243,25,1413,412,160,259,1,-1,-1,-1
243,26,950,507,124,197,1,-1,-1,-1
243,29,966,480,88,264,1,-1,-1,-1
243,42,959,484,108,256,1,-1,-1,-1
243,46,209,245,180,188,1,-1,-1,-1
243,47,502,281,133,221,1,-1,-1,-1
243,48,491,296,134,189,1,-1,-1,-1
243,49,424,287,88,164,1,-1,-1,-1
244,9,1429,408,160,280,1,-1,-1,-1
244,15,1740,513,77,204,1,-1,-1,-1
244,18,1741,511,208,256,1,-1,-1,-1
244,19,961,499,108,248,1,-1,-1,-1
244,23,1316,398,174,360,1,-1,-1,-1
244,24,966,487,100,252,1,-1,-1,-1
244,25,1422,413,160,259,1,-1,-1,-1
244,26,960,508,124,197,1,-1,-1,-1
244,29,977,480,88,264,1,-1,-1,-1
244,42,967,484,108,256,1,-1,-1,-1
244,46,219,245,180,188,1,-1,-1,-1
244,47,511,281,133,221,1,-1,-1,-1
244,48,500,296,134,189,1,-1,-1,-1
244,49,431,285,88,164,1,-1,-1,-1
245,9,1440,415,152,267,1,-1,-1,-1
245,15,1752,512,77,204,1,-1,-1,-1
245,18,1754,517,198,244,1,-1,-1,-1
245,19,970,497,108,248,1,-1,-1,-1
245,23,1324,397,174,360,1,-1,-1,-1
245,24,975,486,100,252,1,-1,-1,-1
245,25,1433,413,160,259,1,-1,-1,-1
245,26,970,505,124,197,1,-1,-1,-1
245,29,986,472,92,277,1,-1,-1,-1
245,42,976,483,108,256,1,-1,-1,-1
245,46,230,245,180,188,1,-1,-1,-1
245,47,520,280,133,221,1,-1,-1,-1
245,48,507,295,134,189,1,-1,-1,-1
245,49,437,284,88,164,1,-1,-1,-1
246,9,1450,406,160,280,1,-1,-1,-1
246,15,1761,512,77,204,1,-1,-1,-1
246,18,1769,522,189,232,1,-1,-1,-1
246,19,982,497,108,248,1,-1,-1,-1
246,23,1337,396,174,360,1,-1,-1,-1
246,24,985,487,100,252,1,-1,-1,-1
246,25,1446,411,160,259,1,-1,-1,-1
246,26,982,503,124,197,1,-1,-1,-1
246,29,1000,476,92,277,1,-1,-1,-1
246,42,989,482,108,256,1,-1,-1,-1
246,46,242,244,180,188,1,-1,-1,-1
246,47,531,281,133,221,1,-1,-1,-1
246,48,514,292,141,198,1,-1,-1,-1
246,49,450,281,88,164,1,-1,-1,-1
247,9,1460,405,160,280,1,-1,-1,-1
247,15,1773,511,77,204,1,-1,-1,-1
247,18,1780,523,189,232,1,-1,-1,-1
247,19,990,493,108,248,1,-1,-1,-1
247,23,1346,395,174,360,1,-1,-1,-1
247,24,993,486,100,252,1,-1,-1,-1
247,25,1455,410,160,259,1,-1,-1,-1
247,26,991,503,124,197,1,-1,-1,-1
247,29,1008,469,92,277,1,-1,-1,-1
247,42,994,477,113,269,1,-1,-1,-1
247,46,252,242,180,188,1,-1,-1,-1
247,47,541,279,133,221,1,-1,-1,-1
247,48,528,291,141,198,1,-1,-1,-1
247,49,457,277,88,164,1,-1,-1,-1
248,9,1470,405,160,280,1,-1,-1,-1
248,15,1781,511,77,204,1,-1,-1,-1
248,18,1791,522,189,232,1,-1,-1,-1
248,19,997,488,113,260,1,-1,-1,-1
248,23,1357,394,174,360,1,-1,-1,-1
248,24,1003,484,100,252,1,-1,-1,-1
248,25,1465,411,160,259,1,-1,-1,-1
248,26,1003,501,124,197,1,-1,-1,-1
248,29,1017,467,92,277,1,-1,-1,-1
248,42,1008,475,113,269,1,-1,-1,-1
248,46,262,242,180,188,1,-1,-1,-1
248,47,556,278,133,221,1,-1,-1,-1
248,48,542,289,141,198,1,-1,-1,-1
248,49,467,277,88,164,1,-1,-1,-1
249,9,1470,405,160,280,1,-1,-1,-1
249,15,1781,511,77,204,1,-1,-1,-1
249,18,1784,512,204,252,1,-1,-1,-1
249,19,997,488,113,260,1,-1,-1,-1
249,23,1357,394,174,360,1,-1,-1,-1
249,24,1003,484,100,252,1,-1,-1,-1
249,25,1465,411,160,259,1,-1,-1,-1
249,26,1003,501,124,197,1,-1,-1,-1
249,29,1017,467,92,277,1,-1,-1,-1
249,42,1008,475,113,269,1,-1,-1,-1
249,46,272,240,184,192,1,-1,-1,-1
249,47,556,278,133,221,1,-1,-1,-1
249,48,542,289,141,198,1,-1,-1,-1
249,49,467,277,88,164,1,-1,-1,-1
249,50,1480,400,168,276,1,-1,-1,-1
250,9,1497,401,160,280,1,-1,-1,-1
250,15,1804,510,77,204,1,-1,-1,-1
250,18,1802,511,204,252,1,-1,-1,-1
250,19,1019,484,113,260,1,-1,-1,-1
250,23,1385,389,174,360,1,-1,-1,-1
250,24,1020,483,100,252,1,-1,-1,-1
250,25,1490,404,160,259,1,-1,-1,-1
250,26,1022,497,124,197,1,-1,-1,-1
250,29,1038,464,92,277,1,-1,-1,-1
250,42,1026,470,113,269,1,-1,-1,-1
250,46,275,232,184,192,1,-1,-1,-1
250,47,569,270,133,221,1,-1,-1,-1
250,48,554,279,141,198,1,-1,-1,-1
250,49,481,267,88,164,1,-1,-1,-1
250,50,1493,399,168,276,1,-1,-1,-1
251,9,1510,394,160,280,1,-1,-1,-1
251,15,1824,510,77,204,1,-1,-1,-1
251,18,1821,508,204,252,1,-1,-1,-1
251,19,1027,479,113,260,1,-1,-1,-1
251,23,1391,377,182,378,1,-1,-1,-1
251,24,1030,474,100,252,1,-1,-1,-1
251,25,1508,400,160,259,1,-1,-1,-1
251,26,1033,491,124,197,1,-1,-1,-1
251,29,1045,456,92,277,1,-1,-1,-1
251,42,1037,466,113,269,1,-1,-1,-1
251,46,279,230,184,192,1,-1,-1,-1
251,47,575,266,133,221,1,-1,-1,-1
251,48,573,276,141,198,1,-1,-1,-1
251,49,483,261,92,172,1,-1,-1,-1
251,50,1511,393,168,276,1,-1,-1,-1
252,9,1530,390,160,280,1,-1,-1,-1
252,15,1844,511,77,204,1,-1,-1,-1
252,18,1839,508,204,252,1,-1,-1,-1
252,19,1035,473,119,273,1,-1,-1,-1
252,23,1415,379,182,378,1,-1,-1,-1
252,24,1037,472,100,252,1,-1,-1,-1
252,25,1520,388,168,272,1,-1,-1,-1
252,26,1042,490,124,197,1,-1,-1,-1
252,29,1061,453,92,277,1,-1,-1,-1
252,42,1042,463,113,269,1,-1,-1,-1
252,46,281,224,184,192,1,-1,-1,-1
252,47,575,254,140,232,1,-1,-1,-1
252,48,577,269,141,198,1,-1,-1,-1
252,49,487,256,92,172,1,-1,-1,-1
252,50,1518,385,176,290,1,-1,-1,-1
253,9,1543,381,168,294,1,-1,-1,-1
253,15,1863,511,77,204,1,-1,-1,-1
253,18,1860,507,204,252,1,-1,-1,-1
253,19,1045,472,119,273,1,-1,-1,-1
253,23,1424,374,182,378,1,-1,-1,-1
253,24,1047,471,100,252,1,-1,-1,-1
253,25,1539,386,168,272,1,-1,-1,-1
253,26,1050,481,130,207,1,-1,-1,-1
253,29,1068,450,92,277,1,-1,-1,-1
253,42,1056,458,113,269,1,-1,-1,-1
253,46,283,217,184,192,1,-1,-1,-1
253,47,581,249,140,232,1,-1,-1,-1
253,48,580,265,141,198,1,-1,-1,-1
253,49,488,254,92,172,1,-1,-1,-1
253,50,1541,382,176,290,1,-1,-1,-1
254,9,1565,379,168,294,1,-1,-1,-1
254,15,1884,511,77,204,1,-1,-1,-1
254,18,1884,508,204,252,1,-1,-1,-1
254,19,1061,465,119,273,1,-1,-1,-1
254,23,1447,368,182,378,1,-1,-1,-1
254,24,1059,467,100,252,1,-1,-1,-1
254,25,1560,385,168,272,1,-1,-1,-1
254,26,1063,477,130,207,1,-1,-1,-1
254,29,1084,449,92,277,1,-1,-1,-1
254,42,1072,453,113,269,1,-1,-1,-1
254,46,287,213,184,192,1,-1,-1,-1
254,47,582,245,140,232,1,-1,-1,-1
254,48,582,260,141,198,1,-1,-1,-1
254,49,494,249,92,172,1,-1,-1,-1
254,50,1564,386,168,276,1,-1,-1,-1
255,9,1589,373,168,294,1,-1,-1,-1
255,18,1913,506,204,252,1,-1,-1,-1
255,19,1074,464,119,273,1,-1,-1,-1
255,23,1470,366,182,378,1,-1,-1,-1
255,24,1070,466,100,252,1,-1,-1,-1
255,25,1583,381,168,272,1,-1,-1,-1
255,26,1078,476,130,207,1,-1,-1,-1
255,29,1096,448,92,277,1,-1,-1,-1
255,42,1088,450,113,269,1,-1,-1,-1
255,46,287,206,184,192,1,-1,-1,-1
255,47,581,232,147,244,1,-1,-1,-1
255,48,579,250,148,208,1,-1,-1,-1
255,50,1588,383,168,276,1,-1,-1,-1
256,9,1609,374,168,294,1,-1,-1,-1
256,18,1938,505,204,252,1,-1,-1,-1
256,19,1083,467,119,273,1,-1,-1,-1
256,23,1478,356,192,397,1,-1,-1,-1
256,24,1079,468,100,252,1,-1,-1,-1
256,25,1604,381,168,272,1,-1,-1,-1
256,26,1089,477,130,207,1,-1,-1,-1
256,29,1102,442,97,291,1,-1,-1,-1
256,42,1095,455,113,269,1,-1,-1,-1
256,46,282,202,184,192,1,-1,-1,-1
256,47,582,228,147,244,1,-1,-1,-1
256,48,572,244,148,208,1,-1,-1,-1
256,50,1607,382,168,276,1,-1,-1,-1
257,9,1609,374,168,294,1,-1,-1,-1
257,18,1964,500,216,260,1,-1,-1,-1
257,19,1083,467,119,273,1,-1,-1,-1
257,23,1478,356,192,397,1,-1,-1,-1
257,24,1079,468,100,252,1,-1,-1,-1
257,25,1616,368,208,304,1,-1,-1,-1
257,26,1089,477,130,207,1,-1,-1,-1
257,29,1102,442,97,291,1,-1,-1,-1
257,42,1084,456,144,276,1,-1,-1,-1
257,46,268,180,200,220,1,-1,-1,-1
257,47,484,228,264,244,1,-1,-1,-1
257,48,572,244,148,208,1,-1,-1,-1
257,50,1607,382,168,276,1,-1,-1,-1
258,9,1644,376,168,294,1,-1,-1,-1
258,18,1987,502,216,260,1,-1,-1,-1
258,19,1100,461,125,287,1,-1,-1,-1
258,23,1515,356,192,397,1,-1,-1,-1
258,24,1101,473,100,252,1,-1,-1,-1
258,25,1638,367,208,304,1,-1,-1,-1
258,26,1108,480,130,207,1,-1,-1,-1
258,29,1119,441,97,291,1,-1,-1,-1
258,42,1090,458,144,276,1,-1,-1,-1
258,46,264,176,200,220,1,-1,-1,-1
258,47,484,225,264,244,1,-1,-1,-1
258,50,1644,375,176,290,1,-1,-1,-1
259,9,1670,377,168,294,1,-1,-1,-1
259,18,2006,495,227,273,1,-1,-1,-1
259,19,1110,465,125,287,1,-1,-1,-1
259,23,1541,355,192,397,1,-1,-1,-1
259,24,1105,470,100,252,1,-1,-1,-1
259,25,1656,364,208,304,1,-1,-1,-1
259,26,1117,481,130,207,1,-1,-1,-1
259,29,1131,440,97,291,1,-1,-1,-1
259,42,1098,458,144,276,1,-1,-1,-1
259,46,258,171,200,220,1,-1,-1,-1
259,47,481,223,264,244,1,-1,-1,-1
259,50,1664,368,185,304,1,-1,-1,-1
260,9,1691,376,168,294,1,-1,-1,-1
260,18,2032,494,227,273,1,-1,-1,-1
260,19,1118,466,125,287,1,-1,-1,-1
260,23,1549,346,201,417,1,-1,-1,-1
260,24,1110,466,105,265,1,-1,-1,-1
260,25,1676,365,208,304,1,-1,-1,-1
260,26,1126,479,130,207,1,-1,-1,-1
260,29,1142,445,97,291,1,-1,-1,-1
260,42,1107,458,144,276,1,-1,-1,-1
260,46,254,164,200,220,1,-1,-1,-1
260,47,479,220,264,244,1,-1,-1,-1
260,50,1685,367,185,304,1,-1,-1,-1
261,9,1707,367,176,309,1,-1,-1,-1
261,18,2057,496,227,273,1,-1,-1,-1
261,19,1126,462,125,287,1,-1,-1,-1
261,23,1557,336,211,437,1,-1,-1,-1
261,24,1118,462,110,278,1,-1,-1,-1
261,25,1693,365,208,304,1,-1,-1,-1
261,26,1132,480,130,207,1,-1,-1,-1
261,29,1144,432,102,306,1,-1,-1,-1
261,42,1115,459,144,276,1,-1,-1,-1
261,46,246,158,200,220,1,-1,-1,-1
261,47,473,212,264,244,1,-1,-1,-1
261,50,1696,365,185,304,1,-1,-1,-1
262,9,1721,364,176,309,1,-1,-1,-1
262,18,2077,494,227,273,1,-1,-1,-1
262,19,1131,461,125,287,1,-1,-1,-1
262,23,1580,344,201,417,1,-1,-1,-1
262,24,1122,456,110,278,1,-1,-1,-1
262,25,1706,356,218,319,1,-1,-1,-1
262,26,1138,478,130,207,1,-1,-1,-1
262,29,1148,432,102,306,1,-1,-1,-1
262,42,1121,457,144,276,1,-1,-1,-1
262,46,235,147,200,220,1,-1,-1,-1
262,47,469,207,264,244,1,-1,-1,-1
262,50,1714,356,194,320,1,-1,-1,-1
263,9,1736,361,176,309,1,-1,-1,-1
263,18,2093,487,238,287,1,-1,-1,-1
263,19,1132,456,131,301,1,-1,-1,-1
263,23,1589,331,211,437,1,-1,-1,-1
263,24,1125,455,110,278,1,-1,-1,-1
263,25,1723,353,218,319,1,-1,-1,-1
263,26,1139,470,137,217,1,-1,-1,-1
263,29,1155,430,102,306,1,-1,-1,-1
263,42,1125,456,144,276,1,-1,-1,-1
263,46,227,138,200,220,1,-1,-1,-1
263,47,457,191,277,256,1,-1,-1,-1
263,50,1725,355,194,320,1,-1,-1,-1
264,9,1749,353,185,324,1,-1,-1,-1
264,18,2116,489,238,287,1,-1,-1,-1
264,19,1132,448,138,317,1,-1,-1,-1
264,23,1603,330,211,437,1,-1,-1,-1
264,24,1129,454,110,278,1,-1,-1,-1
264,25,1742,362,208,304,1,-1,-1,-1
264,26,1144,471,137,217,1,-1,-1,-1
264,29,1157,420,107,321,1,-1,-1,-1
264,42,1129,456,144,276,1,-1,-1,-1
264,46,214,133,200,220,1,-1,-1,-1
264,47,451,184,277,256,1,-1,-1,-1
264,50,1746,352,194,320,1,-1,-1,-1
265,9,1756,328,248,352,1,-1,-1,-1
265,18,2116,489,238,287,1,-1,-1,-1
265,19,1128,436,168,320,1,-1,-1,-1
265,23,1603,330,211,437,1,-1,-1,-1
265,24,1129,454,110,278,1,-1,-1,-1
265,25,1742,362,208,304,1,-1,-1,-1
265,26,1144,471,137,217,1,-1,-1,-1
265,29,1157,420,107,321,1,-1,-1,-1
265,42,1129,456,144,276,1,-1,-1,-1
265,46,196,120,220,224,1,-1,-1,-1
265,47,451,184,277,256,1,-1,-1,-1
265,50,1746,352,194,320,1,-1,-1,-1
266,9,1772,326,248,352,1,-1,-1,-1
266,18,2158,488,238,287,1,-1,-1,-1
266,19,1130,437,168,320,1,-1,-1,-1
266,23,1637,327,211,437,1,-1,-1,-1
266,24,1133,449,116,292,1,-1,-1,-1
266,25,1772,361,208,304,1,-1,-1,-1
266,26,1151,470,137,217,1,-1,-1,-1
266,29,1166,424,107,321,1,-1,-1,-1
266,42,1136,454,144,276,1,-1,-1,-1
266,46,187,116,220,224,1,-1,-1,-1
266,47,434,167,291,269,1,-1,-1,-1
266,50,1776,348,194,320,1,-1,-1,-1
267,9,1786,317,260,370,1,-1,-1,-1
267,18,2180,484,250,301,1,-1,-1,-1
267,19,1130,427,176,336,1,-1,-1,-1
267,23,1643,317,222,459,1,-1,-1,-1
267,24,1134,441,122,306,1,-1,-1,-1
267,25,1787,348,218,319,1,-1,-1,-1
267,26,1152,464,143,228,1,-1,-1,-1
267,29,1166,415,112,337,1,-1,-1,-1
267,42,1141,455,144,276,1,-1,-1,-1
267,46,176,107,220,224,1,-1,-1,-1
267,47,428,160,291,269,1,-1,-1,-1
267,50,1795,341,204,335,1,-1,-1,-1
268,9,1800,316,260,370,1,-1,-1,-1
268,18,2203,489,250,301,1,-1,-1,-1
268,19,1132,430,176,336,1,-1,-1,-1
268,23,1656,316,222,459,1,-1,-1,-1
268,24,1137,442,122,306,1,-1,-1,-1
268,25,1803,349,218,319,1,-1,-1,-1
268,26,1156,463,143,228,1,-1,-1,-1
268,29,1173,416,112,337,1,-1,-1,-1
268,42,1141,450,151,290,1,-1,-1,-1
268,46,162,101,220,224,1,-1,-1,-1
268,47,420,154,291,269,1,-1,-1,-1
268,50,1807,340,204,335,1,-1,-1,-1
269,9,1823,316,260,370,1,-1,-1,-1
269,18,2227,490,250,301,1,-1,-1,-1
269,19,1136,431,176,336,1,-1,-1,-1
269,23,1673,318,222,459,1,-1,-1,-1
269,24,1141,442,122,306,1,-1,-1,-1
269,25,1817,338,229,335,1,-1,-1,-1
269,26,1156,458,151,239,1,-1,-1,-1
269,29,1175,412,112,337,1,-1,-1,-1
269,42,1143,449,151,290,1,-1,-1,-1
269,46,149,97,220,224,1,-1,-1,-1
269,47,418,151,291,269,1,-1,-1,-1
269,50,1827,341,204,335,1,-1,-1,-1
