1,0,2276,512,280,196,1,-1,-1,-1
1,1,1756,612,240,132,1,-1,-1,-1
1,2,1136,620,296,140,1,-1,-1,-1
1,3,900,624,236,136,1,-1,-1,-1
2,0,2265,512,280,196,1,-1,-1,-1
2,1,1751,613,240,132,1,-1,-1,-1
2,2,1137,620,296,140,1,-1,-1,-1
2,3,903,625,236,136,1,-1,-1,-1
3,0,2253,515,280,196,1,-1,-1,-1
3,1,1745,614,240,132,1,-1,-1,-1
3,2,1144,621,296,140,1,-1,-1,-1
3,3,918,626,236,136,1,-1,-1,-1
4,0,2232,520,267,187,1,-1,-1,-1
4,1,1728,616,240,132,1,-1,-1,-1
4,2,1145,623,296,140,1,-1,-1,-1
4,3,928,626,236,136,1,-1,-1,-1
5,0,2223,525,254,178,1,-1,-1,-1
5,1,1728,620,229,126,1,-1,-1,-1
5,2,1146,626,296,140,1,-1,-1,-1
5,3,926,627,236,136,1,-1,-1,-1
6,0,2210,525,254,178,1,-1,-1,-1
6,1,1721,621,229,126,1,-1,-1,-1
6,2,1146,626,296,140,1,-1,-1,-1
6,3,935,625,236,136,1,-1,-1,-1
7,0,2206,527,254,178,1,-1,-1,-1
7,1,1715,624,229,126,1,-1,-1,-1
7,2,1149,627,296,140,1,-1,-1,-1
7,3,939,628,236,136,1,-1,-1,-1
8,0,2204,525,254,178,1,-1,-1,-1
8,1,1711,624,229,126,1,-1,-1,-1
8,2,1166,629,282,133,1,-1,-1,-1
8,3,947,633,225,130,1,-1,-1,-1
9,0,2208,528,280,184,1,-1,-1,-1
9,1,1716,628,224,120,1,-1,-1,-1
9,2,1224,624,224,124,1,-1,-1,-1
9,3,948,616,256,136,1,-1,-1,-1
9,4,608,632,216,112,1,-1,-1,-1
10,0,2212,526,280,184,1,-1,-1,-1
10,1,1716,628,224,120,1,-1,-1,-1
10,2,1226,624,224,124,1,-1,-1,-1
10,3,949,616,256,136,1,-1,-1,-1
10,4,610,632,216,112,1,-1,-1,-1
11,0,2217,527,280,184,1,-1,-1,-1
11,1,1719,628,224,120,1,-1,-1,-1
11,2,1229,624,224,124,1,-1,-1,-1
11,3,951,617,256,136,1,-1,-1,-1
11,4,614,632,216,112,1,-1,-1,-1
12,0,2228,526,280,184,1,-1,-1,-1
12,1,1725,627,224,120,1,-1,-1,-1
12,2,1234,625,224,124,1,-1,-1,-1
12,3,945,613,269,143,1,-1,-1,-1
12,4,615,633,216,112,1,-1,-1,-1
13,0,2240,530,267,175,1,-1,-1,-1
13,1,1730,628,224,120,1,-1,-1,-1
13,2,1237,626,224,124,1,-1,-1,-1
13,3,945,613,269,143,1,-1,-1,-1
13,4,615,634,216,112,1,-1,-1,-1
14,0,2247,530,267,175,1,-1,-1,-1
14,1,1733,628,224,120,1,-1,-1,-1
14,2,1239,627,224,124,1,-1,-1,-1
14,3,950,614,269,143,1,-1,-1,-1
14,4,617,635,216,112,1,-1,-1,-1
15,0,2251,529,267,175,1,-1,-1,-1
15,1,1736,629,224,120,1,-1,-1,-1
15,2,1242,629,224,124,1,-1,-1,-1
15,3,948,612,269,143,1,-1,-1,-1
15,4,617,636,216,112,1,-1,-1,-1
16,0,2253,526,267,175,1,-1,-1,-1
16,1,1736,628,235,126,1,-1,-1,-1
16,2,1247,631,224,124,1,-1,-1,-1
16,3,956,612,269,143,1,-1,-1,-1
16,4,624,636,216,112,1,-1,-1,-1
17,0,2276,532,272,152,1,-1,-1,-1
17,1,1736,632,240,112,1,-1,-1,-1
17,2,1200,624,288,136,1,-1,-1,-1
17,3,956,612,269,143,1,-1,-1,-1
17,4,596,644,260,144,1,-1,-1,-1
17,5,1044,636,228,104,1,-1,-1,-1
18,0,2284,532,272,152,1,-1,-1,-1
18,1,1735,630,252,118,1,-1,-1,-1
18,2,1206,627,288,136,1,-1,-1,-1
18,3,955,614,256,136,1,-1,-1,-1
18,4,599,644,260,144,1,-1,-1,-1
18,5,1051,639,228,104,1,-1,-1,-1
19,0,2289,533,271,152,1,-1,-1,-1
19,1,1738,632,252,118,1,-1,-1,-1
19,2,1209,630,288,136,1,-1,-1,-1
19,3,956,615,256,136,1,-1,-1,-1
19,4,603,647,260,144,1,-1,-1,-1
19,5,1051,639,228,104,1,-1,-1,-1
20,0,2291,534,269,152,1,-1,-1,-1
20,1,1740,633,252,118,1,-1,-1,-1
20,2,1213,633,288,136,1,-1,-1,-1
20,3,953,618,256,136,1,-1,-1,-1
20,4,600,647,260,144,1,-1,-1,-1
20,5,1062,643,217,99,1,-1,-1,-1
21,0,2310,533,250,152,1,-1,-1,-1
21,1,1765,637,240,112,1,-1,-1,-1
21,2,1236,633,288,136,1,-1,-1,-1
21,3,964,621,256,136,1,-1,-1,-1
21,4,615,648,260,144,1,-1,-1,-1
21,5,1075,643,217,99,1,-1,-1,-1
22,0,2318,542,242,145,1,-1,-1,-1
22,1,1767,630,252,118,1,-1,-1,-1
22,2,1245,633,288,136,1,-1,-1,-1
22,3,968,622,256,136,1,-1,-1,-1
22,4,628,650,260,144,1,-1,-1,-1
22,5,1084,642,228,104,1,-1,-1,-1
23,0,2322,545,238,145,1,-1,-1,-1
23,1,1776,629,252,118,1,-1,-1,-1
23,2,1259,635,274,130,1,-1,-1,-1
23,3,977,625,256,136,1,-1,-1,-1
23,4,635,651,260,144,1,-1,-1,-1
23,5,1090,643,228,104,1,-1,-1,-1
24,0,2329,544,231,145,1,-1,-1,-1
24,1,1797,630,240,112,1,-1,-1,-1
24,2,1287,640,261,123,1,-1,-1,-1
24,3,994,625,256,136,1,-1,-1,-1
24,4,646,652,260,144,1,-1,-1,-1
24,5,1099,642,239,109,1,-1,-1,-1
25,0,2329,544,231,145,1,-1,-1,-1
25,1,1816,604,220,152,1,-1,-1,-1
25,2,1287,640,261,123,1,-1,-1,-1
25,3,994,625,256,136,1,-1,-1,-1
25,4,646,652,260,144,1,-1,-1,-1
25,5,1099,642,239,109,1,-1,-1,-1
26,0,2376,541,184,145,1,-1,-1,-1
26,1,1843,604,220,152,1,-1,-1,-1
26,2,1326,640,274,130,1,-1,-1,-1
26,3,1030,630,256,136,1,-1,-1,-1
26,4,694,651,260,144,1,-1,-1,-1
26,5,1126,647,239,109,1,-1,-1,-1
27,0,2385,538,175,145,1,-1,-1,-1
27,1,1860,608,220,152,1,-1,-1,-1
27,2,1341,640,274,130,1,-1,-1,-1
27,3,1048,629,256,136,1,-1,-1,-1
27,4,708,649,260,144,1,-1,-1,-1
27,5,1141,650,228,104,1,-1,-1,-1
28,0,2408,539,152,145,1,-1,-1,-1
28,1,1873,608,220,152,1,-1,-1,-1
28,2,1359,641,274,130,1,-1,-1,-1
28,3,1059,633,256,136,1,-1,-1,-1
28,4,730,652,248,137,1,-1,-1,-1
28,5,1155,646,239,109,1,-1,-1,-1
29,0,2414,541,146,145,1,-1,-1,-1
29,1,1889,609,220,152,1,-1,-1,-1
29,2,1371,633,274,130,1,-1,-1,-1
29,3,1071,634,256,136,1,-1,-1,-1
29,4,743,655,248,137,1,-1,-1,-1
29,5,1174,645,251,115,1,-1,-1,-1
30,0,2431,540,129,145,1,-1,-1,-1
30,1,1912,611,220,152,1,-1,-1,-1
30,2,1380,630,274,130,1,-1,-1,-1
30,3,1088,627,269,143,1,-1,-1,-1
30,4,768,657,248,137,1,-1,-1,-1
31,0,2439,545,121,145,1,-1,-1,-1
31,1,1920,610,231,160,1,-1,-1,-1
31,2,1369,629,274,130,1,-1,-1,-1
31,3,1094,628,269,143,1,-1,-1,-1
31,4,787,658,248,137,1,-1,-1,-1
32,0,2444,548,116,145,1,-1,-1,-1
32,1,1928,611,231,160,1,-1,-1,-1
32,2,1380,630,274,130,1,-1,-1,-1
32,3,1107,628,269,143,1,-1,-1,-1
32,4,806,653,248,137,1,-1,-1,-1
33,0,2444,548,116,145,1,-1,-1,-1
33,1,1936,632,244,128,1,-1,-1,-1
33,2,1380,630,274,130,1,-1,-1,-1
33,3,1107,628,269,143,1,-1,-1,-1
33,4,876,648,184,124,1,-1,-1,-1
34,0,2460,543,100,145,1,-1,-1,-1
34,1,1953,632,244,128,1,-1,-1,-1
34,2,1437,629,274,130,1,-1,-1,-1
34,3,1124,625,269,143,1,-1,-1,-1
34,4,892,648,184,124,1,-1,-1,-1
35,0,2462,545,98,138,1,-1,-1,-1
35,1,1958,632,244,128,1,-1,-1,-1
35,2,1468,640,261,123,1,-1,-1,-1
35,3,1127,628,269,143,1,-1,-1,-1
35,4,901,648,184,124,1,-1,-1,-1
36,1,1965,631,244,128,1,-1,-1,-1
36,4,908,647,184,124,1,-1,-1,-1
37,1,1972,631,244,128,1,-1,-1,-1
37,4,912,649,184,124,1,-1,-1,-1
38,1,1986,630,244,128,1,-1,-1,-1
38,4,927,646,184,124,1,-1,-1,-1
39,1,1991,628,244,128,1,-1,-1,-1
39,4,930,643,193,130,1,-1,-1,-1
40,1,1995,627,244,128,1,-1,-1,-1
40,4,940,642,193,130,1,-1,-1,-1
41,1,2004,624,244,132,1,-1,-1,-1
41,4,968,636,228,140,1,-1,-1,-1
41,6,88,656,204,140,1,-1,-1,-1
42,1,2005,619,256,139,1,-1,-1,-1
42,4,980,635,228,140,1,-1,-1,-1
42,6,93,655,204,140,1,-1,-1,-1
43,1,2011,617,256,139,1,-1,-1,-1
43,4,983,633,228,140,1,-1,-1,-1
43,6,98,654,204,140,1,-1,-1,-1
44,1,2017,615,256,139,1,-1,-1,-1
44,4,995,635,217,133,1,-1,-1,-1
44,6,102,656,204,140,1,-1,-1,-1
45,1,2021,614,256,139,1,-1,-1,-1
45,4,1000,633,217,133,1,-1,-1,-1
45,6,106,658,204,140,1,-1,-1,-1
46,1,2034,612,256,139,1,-1,-1,-1
46,4,1008,633,217,133,1,-1,-1,-1
46,6,112,661,204,140,1,-1,-1,-1
47,1,2037,611,256,139,1,-1,-1,-1
47,4,1007,627,217,133,1,-1,-1,-1
47,6,116,664,204,140,1,-1,-1,-1
48,1,2042,609,256,139,1,-1,-1,-1
48,4,1014,631,207,127,1,-1,-1,-1
48,6,126,671,194,133,1,-1,-1,-1
49,1,2064,608,244,148,1,-1,-1,-1
49,4,1014,631,207,127,1,-1,-1,-1
49,6,126,671,194,133,1,-1,-1,-1
50,1,2070,609,244,148,1,-1,-1,-1
50,4,1032,634,197,121,1,-1,-1,-1
50,6,132,671,194,133,1,-1,-1,-1
51,1,2074,609,244,148,1,-1,-1,-1
51,4,1036,634,197,121,1,-1,-1,-1
51,6,132,672,194,133,1,-1,-1,-1
52,1,2078,610,244,148,1,-1,-1,-1
52,4,1037,634,197,121,1,-1,-1,-1
52,6,137,673,194,133,1,-1,-1,-1
53,1,2084,610,244,148,1,-1,-1,-1
53,4,1034,632,207,127,1,-1,-1,-1
53,6,140,676,185,127,1,-1,-1,-1
54,1,2091,607,244,148,1,-1,-1,-1
54,4,1032,631,207,127,1,-1,-1,-1
54,6,145,677,185,127,1,-1,-1,-1
55,1,2094,605,244,148,1,-1,-1,-1
55,4,1034,630,207,127,1,-1,-1,-1
55,6,148,676,185,127,1,-1,-1,-1
56,1,2099,603,244,148,1,-1,-1,-1
56,4,1040,631,207,127,1,-1,-1,-1
56,6,149,678,185,127,1,-1,-1,-1
57,1,2108,588,236,168,1,-1,-1,-1
57,4,1092,624,172,140,1,-1,-1,-1
57,6,156,672,196,124,1,-1,-1,-1
57,7,1596,624,288,152,1,-1,-1,-1
57,8,728,656,200,140,1,-1,-1,-1
58,1,2114,587,236,168,1,-1,-1,-1
58,4,1094,625,172,140,1,-1,-1,-1
58,6,162,671,196,124,1,-1,-1,-1
58,7,1599,624,288,152,1,-1,-1,-1
58,8,728,656,200,140,1,-1,-1,-1
59,1,2119,586,236,168,1,-1,-1,-1
59,4,1094,628,172,140,1,-1,-1,-1
59,6,163,672,196,124,1,-1,-1,-1
59,7,1605,625,288,152,1,-1,-1,-1
59,8,729,658,200,140,1,-1,-1,-1
60,1,2122,587,236,168,1,-1,-1,-1
60,4,1096,629,172,140,1,-1,-1,-1
60,6,165,672,196,124,1,-1,-1,-1
60,7,1607,624,288,152,1,-1,-1,-1
60,8,732,658,200,140,1,-1,-1,-1
61,1,2126,587,236,168,1,-1,-1,-1
61,4,1095,629,172,140,1,-1,-1,-1
61,6,171,674,187,118,1,-1,-1,-1
61,7,1610,623,288,152,1,-1,-1,-1
61,8,732,658,200,140,1,-1,-1,-1
62,1,2135,588,236,168,1,-1,-1,-1
62,4,1097,629,172,140,1,-1,-1,-1
62,6,177,675,187,118,1,-1,-1,-1
62,7,1615,624,288,152,1,-1,-1,-1
62,8,735,659,200,140,1,-1,-1,-1
63,1,2136,585,248,176,1,-1,-1,-1
63,4,1100,629,172,140,1,-1,-1,-1
63,6,179,675,187,118,1,-1,-1,-1
63,7,1619,625,288,152,1,-1,-1,-1
63,8,735,659,200,140,1,-1,-1,-1
64,1,2141,586,248,176,1,-1,-1,-1
64,4,1099,628,172,140,1,-1,-1,-1
64,6,174,672,196,124,1,-1,-1,-1
64,7,1611,622,302,160,1,-1,-1,-1
64,8,734,660,200,140,1,-1,-1,-1
65,1,2140,596,268,156,1,-1,-1,-1
65,4,1084,628,204,136,1,-1,-1,-1
65,6,208,692,184,100,1,-1,-1,-1
65,7,1611,622,302,160,1,-1,-1,-1
65,8,734,660,200,140,1,-1,-1,-1
65,9,0,676,120,116,1,-1,-1,-1
66,1,2145,598,268,156,1,-1,-1,-1
66,4,1086,629,204,136,1,-1,-1,-1
66,6,217,694,175,95,1,-1,-1,-1
66,7,1622,622,302,160,1,-1,-1,-1
66,8,739,662,200,140,1,-1,-1,-1
66,9,2,676,120,116,1,-1,-1,-1
67,1,2149,600,268,156,1,-1,-1,-1
67,4,1088,630,204,136,1,-1,-1,-1
67,6,219,697,175,95,1,-1,-1,-1
67,7,1613,622,318,168,1,-1,-1,-1
67,8,740,663,200,140,1,-1,-1,-1
67,9,2,677,120,116,1,-1,-1,-1
68,1,2151,600,268,156,1,-1,-1,-1
68,4,1089,631,204,136,1,-1,-1,-1
68,6,223,697,175,95,1,-1,-1,-1
68,7,1611,623,318,168,1,-1,-1,-1
68,8,741,664,200,140,1,-1,-1,-1
68,9,3,678,120,116,1,-1,-1,-1
69,1,2147,595,281,164,1,-1,-1,-1
69,4,1088,631,204,136,1,-1,-1,-1
69,6,223,698,175,95,1,-1,-1,-1
69,7,1602,626,318,168,1,-1,-1,-1
69,8,752,668,190,133,1,-1,-1,-1
69,9,5,681,120,116,1,-1,-1,-1
70,1,2153,596,281,164,1,-1,-1,-1
70,4,1084,634,204,136,1,-1,-1,-1
70,6,219,697,184,100,1,-1,-1,-1
70,7,1622,624,318,168,1,-1,-1,-1
70,8,766,666,190,133,1,-1,-1,-1
70,9,4,684,120,116,1,-1,-1,-1
71,1,2158,595,281,164,1,-1,-1,-1
71,4,1079,634,214,143,1,-1,-1,-1
71,6,222,695,184,100,1,-1,-1,-1
71,7,1634,616,318,168,1,-1,-1,-1
71,8,768,666,190,133,1,-1,-1,-1
71,9,7,684,120,116,1,-1,-1,-1
72,1,2161,597,281,164,1,-1,-1,-1
72,4,1073,636,214,143,1,-1,-1,-1
72,6,223,696,184,100,1,-1,-1,-1
72,7,1649,624,302,160,1,-1,-1,-1
72,8,776,664,190,133,1,-1,-1,-1
72,9,6,682,126,122,1,-1,-1,-1
73,1,2176,600,260,160,1,-1,-1,-1
73,4,1096,652,220,128,1,-1,-1,-1
73,6,223,696,184,100,1,-1,-1,-1
73,7,1649,624,302,160,1,-1,-1,-1
73,8,820,664,152,144,1,-1,-1,-1
73,9,0,684,148,136,1,-1,-1,-1
74,1,2174,599,273,168,1,-1,-1,-1
74,4,1098,654,220,128,1,-1,-1,-1
74,6,223,687,193,105,1,-1,-1,-1
74,7,1681,633,288,152,1,-1,-1,-1
74,8,823,665,152,144,1,-1,-1,-1
74,9,4,684,148,136,1,-1,-1,-1
75,1,2177,601,273,168,1,-1,-1,-1
75,4,1100,656,220,128,1,-1,-1,-1
75,6,223,683,203,110,1,-1,-1,-1
75,7,1674,620,302,160,1,-1,-1,-1
75,8,824,667,152,144,1,-1,-1,-1
75,9,3,685,148,136,1,-1,-1,-1
76,1,2187,606,260,160,1,-1,-1,-1
76,4,1101,658,220,128,1,-1,-1,-1
76,6,224,679,213,116,1,-1,-1,-1
76,7,1678,613,302,160,1,-1,-1,-1
76,8,825,667,152,144,1,-1,-1,-1
76,9,5,686,148,136,1,-1,-1,-1
77,1,2192,606,260,160,1,-1,-1,-1
77,4,1103,659,220,128,1,-1,-1,-1
77,6,221,677,213,116,1,-1,-1,-1
77,7,1692,619,288,152,1,-1,-1,-1
77,8,825,668,152,144,1,-1,-1,-1
77,9,5,686,148,136,1,-1,-1,-1
78,1,2199,605,260,160,1,-1,-1,-1
78,4,1104,660,220,128,1,-1,-1,-1
78,6,223,677,213,116,1,-1,-1,-1
78,8,825,669,152,144,1,-1,-1,-1
78,9,1,684,155,143,1,-1,-1,-1
79,1,2202,606,260,160,1,-1,-1,-1
79,4,1105,660,220,128,1,-1,-1,-1
79,6,224,678,213,116,1,-1,-1,-1
79,8,825,670,152,144,1,-1,-1,-1
79,9,2,684,155,143,1,-1,-1,-1
80,1,2203,604,260,160,1,-1,-1,-1
80,4,1107,660,220,128,1,-1,-1,-1
80,6,232,678,213,116,1,-1,-1,-1
80,8,823,671,152,144,1,-1,-1,-1
80,9,6,683,155,143,1,-1,-1,-1
81,1,2216,616,264,152,1,-1,-1,-1
81,4,1124,656,216,128,1,-1,-1,-1
81,6,232,678,213,116,1,-1,-1,-1
81,8,823,671,152,144,1,-1,-1,-1
81,9,6,683,155,143,1,-1,-1,-1
81,10,1732,700,128,80,1,-1,-1,-1
82,1,2220,613,264,152,1,-1,-1,-1
82,4,1125,656,216,128,1,-1,-1,-1
82,6,235,679,203,110,1,-1,-1,-1
82,8,814,670,152,144,1,-1,-1,-1
82,9,14,685,155,143,1,-1,-1,-1
82,10,1741,699,128,80,1,-1,-1,-1
83,1,2223,614,264,152,1,-1,-1,-1
83,4,1126,658,216,128,1,-1,-1,-1
83,6,237,678,203,110,1,-1,-1,-1
83,8,816,673,152,144,1,-1,-1,-1
83,9,16,684,155,143,1,-1,-1,-1
83,10,1744,696,128,80,1,-1,-1,-1
84,1,2224,614,264,152,1,-1,-1,-1
84,4,1130,659,216,128,1,-1,-1,-1
84,6,238,679,203,110,1,-1,-1,-1
84,8,814,669,160,151,1,-1,-1,-1
84,9,20,682,155,143,1,-1,-1,-1
84,10,1752,694,128,80,1,-1,-1,-1
85,1,2228,615,264,152,1,-1,-1,-1
85,4,1125,656,227,134,1,-1,-1,-1
85,6,243,680,203,110,1,-1,-1,-1
85,8,813,667,160,151,1,-1,-1,-1
85,9,24,692,148,136,1,-1,-1,-1
85,10,1761,689,128,80,1,-1,-1,-1
86,1,2235,616,264,152,1,-1,-1,-1
86,4,1128,656,227,134,1,-1,-1,-1
86,8,814,669,160,151,1,-1,-1,-1
86,9,30,692,148,136,1,-1,-1,-1
86,10,1775,684,128,80,1,-1,-1,-1
87,1,2237,615,264,152,1,-1,-1,-1
87,4,1131,655,227,134,1,-1,-1,-1
87,8,813,668,160,151,1,-1,-1,-1
87,9,23,686,155,143,1,-1,-1,-1
87,10,1786,683,128,80,1,-1,-1,-1
88,1,2240,614,264,152,1,-1,-1,-1
88,4,1137,657,216,128,1,-1,-1,-1
88,8,811,668,160,151,1,-1,-1,-1
88,9,17,686,155,143,1,-1,-1,-1
88,10,1794,683,128,80,1,-1,-1,-1
89,1,2264,604,228,148,1,-1,-1,-1
89,4,1160,660,224,132,1,-1,-1,-1
89,8,811,668,160,151,1,-1,-1,-1
89,9,17,686,155,143,1,-1,-1,-1
89,10,1794,683,128,80,1,-1,-1,-1
90,1,2346,596,214,148,1,-1,-1,-1
90,4,1160,657,235,139,1,-1,-1,-1
90,8,784,668,160,151,1,-1,-1,-1
90,9,0,663,119,143,1,-1,-1,-1
90,10,1806,696,128,80,1,-1,-1,-1
91,1,2386,592,174,148,1,-1,-1,-1
91,4,1158,655,247,146,1,-1,-1,-1
91,8,768,666,160,151,1,-1,-1,-1
91,9,1,681,148,136,1,-1,-1,-1
91,10,1873,697,122,76,1,-1,-1,-1
92,1,2425,590,135,148,1,-1,-1,-1
92,4,1158,648,259,153,1,-1,-1,-1
92,8,760,662,168,159,1,-1,-1,-1
92,9,0,677,142,136,1,-1,-1,-1
92,10,1901,685,122,76,1,-1,-1,-1
93,1,2454,589,106,148,1,-1,-1,-1
93,4,1163,646,259,153,1,-1,-1,-1
93,8,751,663,168,159,1,-1,-1,-1
93,9,20,664,148,136,1,-1,-1,-1
93,10,1927,667,122,76,1,-1,-1,-1
94,1,2496,575,64,148,1,-1,-1,-1
94,4,1176,644,259,153,1,-1,-1,-1
94,8,739,657,176,167,1,-1,-1,-1
94,9,2,656,148,136,1,-1,-1,-1
94,10,1955,663,128,80,1,-1,-1,-1
95,1,2496,504,64,148,1,-1,-1,-1
95,4,1177,642,259,153,1,-1,-1,-1
95,8,723,649,185,175,1,-1,-1,-1
95,9,0,660,136,136,1,-1,-1,-1
95,10,1972,658,134,84,1,-1,-1,-1
96,1,2405,458,155,148,1,-1,-1,-1
96,4,1169,635,272,160,1,-1,-1,-1
96,8,716,648,185,175,1,-1,-1,-1
96,9,0,668,119,136,1,-1,-1,-1
96,10,1995,653,141,88,1,-1,-1,-1
97,1,2405,458,155,148,1,-1,-1,-1
97,4,1124,632,336,132,1,-1,-1,-1
97,8,716,648,185,175,1,-1,-1,-1
97,9,8,668,188,140,1,-1,-1,-1
97,10,1995,653,141,88,1,-1,-1,-1
97,11,2020,624,316,160,1,-1,-1,-1
97,12,428,628,220,180,1,-1,-1,-1
97,13,1736,620,260,176,1,-1,-1,-1
97,14,776,596,224,224,1,-1,-1,-1
97,15,216,640,228,152,1,-1,-1,-1
98,1,2311,448,228,148,1,-1,-1,-1
98,4,1129,629,336,132,1,-1,-1,-1
98,8,688,643,194,184,1,-1,-1,-1
98,9,0,664,170,147,1,-1,-1,-1
98,10,2052,655,141,88,1,-1,-1,-1
98,11,2062,623,316,160,1,-1,-1,-1
98,12,411,627,220,180,1,-1,-1,-1
98,13,1771,619,260,176,1,-1,-1,-1
98,14,775,594,224,224,1,-1,-1,-1
98,15,192,637,228,152,1,-1,-1,-1
99,1,2315,449,239,155,1,-1,-1,-1
99,4,1135,628,336,132,1,-1,-1,-1
99,8,679,644,194,184,1,-1,-1,-1
99,9,0,665,148,147,1,-1,-1,-1
99,10,2075,650,148,93,1,-1,-1,-1
99,11,2084,617,332,168,1,-1,-1,-1
99,12,401,626,220,180,1,-1,-1,-1
99,13,1796,619,260,176,1,-1,-1,-1
99,14,768,593,224,224,1,-1,-1,-1
99,15,172,637,228,152,1,-1,-1,-1
100,4,1151,628,336,132,1,-1,-1,-1
100,8,664,639,204,193,1,-1,-1,-1
100,9,0,663,130,147,1,-1,-1,-1
100,10,2099,649,148,93,1,-1,-1,-1
100,11,2115,615,332,168,1,-1,-1,-1
100,12,393,626,220,180,1,-1,-1,-1
100,13,1827,623,248,168,1,-1,-1,-1
100,14,763,594,224,224,1,-1,-1,-1
100,15,152,634,239,160,1,-1,-1,-1
101,4,1142,627,353,139,1,-1,-1,-1
101,8,646,630,214,203,1,-1,-1,-1
101,9,0,662,108,147,1,-1,-1,-1
101,10,2123,646,148,93,1,-1,-1,-1
101,11,2142,614,332,168,1,-1,-1,-1
101,12,382,625,220,180,1,-1,-1,-1
101,13,1845,619,260,176,1,-1,-1,-1
101,14,753,592,224,224,1,-1,-1,-1
101,15,136,633,239,160,1,-1,-1,-1
102,4,1169,629,336,132,1,-1,-1,-1
102,8,625,625,225,213,1,-1,-1,-1
102,9,0,659,66,147,1,-1,-1,-1
102,10,2171,646,148,93,1,-1,-1,-1
102,11,2200,612,332,168,1,-1,-1,-1
102,12,353,618,231,189,1,-1,-1,-1
102,13,1896,622,260,176,1,-1,-1,-1
102,14,742,589,224,224,1,-1,-1,-1
102,15,98,628,251,168,1,-1,-1,-1
103,4,1174,627,336,132,1,-1,-1,-1
103,8,613,624,225,213,1,-1,-1,-1
103,9,0,658,51,147,1,-1,-1,-1
103,10,2197,645,148,93,1,-1,-1,-1
103,11,2216,602,344,176,1,-1,-1,-1
103,12,338,613,243,198,1,-1,-1,-1
103,13,1923,623,260,176,1,-1,-1,-1
103,14,739,589,224,224,1,-1,-1,-1
103,15,81,626,264,176,1,-1,-1,-1
104,4,1164,626,353,139,1,-1,-1,-1
104,8,614,623,225,213,1,-1,-1,-1
104,9,0,654,51,147,1,-1,-1,-1
104,10,2202,648,148,93,1,-1,-1,-1
104,11,2209,598,351,185,1,-1,-1,-1
104,12,338,614,243,198,1,-1,-1,-1
104,13,1940,624,260,176,1,-1,-1,-1
104,14,732,583,235,235,1,-1,-1,-1
104,15,87,632,251,168,1,-1,-1,-1
105,4,1224,636,324,168,1,-1,-1,-1
105,8,624,612,164,200,1,-1,-1,-1
105,9,0,654,51,147,1,-1,-1,-1
105,10,2202,648,148,93,1,-1,-1,-1
105,11,2204,592,352,208,1,-1,-1,-1
105,12,336,608,260,216,1,-1,-1,-1
105,13,1924,612,292,180,1,-1,-1,-1
105,14,740,588,280,220,1,-1,-1,-1
105,15,104,624,240,176,1,-1,-1,-1
105,16,1076,620,148,176,1,-1,-1,-1
106,4,1221,631,340,176,1,-1,-1,-1
106,8,628,611,164,200,1,-1,-1,-1
106,9,0,650,57,147,1,-1,-1,-1
106,10,2216,644,148,93,1,-1,-1,-1
106,11,2208,591,352,208,1,-1,-1,-1
106,12,342,608,260,216,1,-1,-1,-1
106,13,1924,610,307,189,1,-1,-1,-1
106,14,743,588,280,220,1,-1,-1,-1
106,15,109,626,240,176,1,-1,-1,-1
106,16,1080,621,148,176,1,-1,-1,-1
107,4,1235,632,324,168,1,-1,-1,-1
107,8,632,610,164,200,1,-1,-1,-1
107,9,0,645,66,154,1,-1,-1,-1
107,10,2222,644,148,93,1,-1,-1,-1
107,11,2209,592,351,208,1,-1,-1,-1
107,12,346,607,260,216,1,-1,-1,-1
107,13,1937,618,292,180,1,-1,-1,-1
107,14,746,586,280,220,1,-1,-1,-1
107,15,117,629,229,168,1,-1,-1,-1
107,16,1084,620,148,176,1,-1,-1,-1
108,4,1230,625,340,176,1,-1,-1,-1
108,8,632,611,164,200,1,-1,-1,-1
108,9,0,643,68,154,1,-1,-1,-1
108,10,2227,637,156,97,1,-1,-1,-1
108,11,2216,589,344,208,1,-1,-1,-1
108,12,349,605,260,216,1,-1,-1,-1
108,13,1933,617,292,180,1,-1,-1,-1
108,14,748,586,280,220,1,-1,-1,-1
108,15,121,628,229,168,1,-1,-1,-1
108,16,1086,621,148,176,1,-1,-1,-1
109,4,1233,626,340,176,1,-1,-1,-1
109,8,633,611,164,200,1,-1,-1,-1
109,9,0,639,72,154,1,-1,-1,-1
109,10,2233,637,156,97,1,-1,-1,-1
109,11,2215,589,345,208,1,-1,-1,-1
109,12,354,605,260,216,1,-1,-1,-1
109,13,1936,617,292,180,1,-1,-1,-1
109,14,750,585,280,220,1,-1,-1,-1
109,15,126,629,229,168,1,-1,-1,-1
109,16,1089,621,148,176,1,-1,-1,-1
110,4,1237,626,340,176,1,-1,-1,-1
110,8,636,610,164,200,1,-1,-1,-1
110,9,0,632,85,162,1,-1,-1,-1
110,10,2247,634,156,97,1,-1,-1,-1
110,11,2209,580,351,218,1,-1,-1,-1
110,12,363,604,260,216,1,-1,-1,-1
110,13,1943,621,278,171,1,-1,-1,-1
110,14,766,589,267,210,1,-1,-1,-1
110,15,135,628,229,168,1,-1,-1,-1
110,16,1095,622,148,176,1,-1,-1,-1
111,4,1252,628,324,168,1,-1,-1,-1
111,8,639,610,164,200,1,-1,-1,-1
111,10,2252,634,156,97,1,-1,-1,-1
111,11,2217,577,343,218,1,-1,-1,-1
111,12,370,602,260,216,1,-1,-1,-1
111,13,1934,618,292,180,1,-1,-1,-1
111,14,770,589,267,210,1,-1,-1,-1
111,15,140,627,229,168,1,-1,-1,-1
111,16,1097,624,148,176,1,-1,-1,-1
112,4,1244,623,340,176,1,-1,-1,-1
112,8,640,610,164,200,1,-1,-1,-1
112,10,2261,634,156,97,1,-1,-1,-1
112,11,2229,583,331,208,1,-1,-1,-1
112,12,366,597,273,227,1,-1,-1,-1
112,13,1940,615,292,180,1,-1,-1,-1
112,14,772,587,267,210,1,-1,-1,-1
112,15,146,627,229,168,1,-1,-1,-1
112,16,1102,627,141,168,1,-1,-1,-1
113,4,1248,624,340,172,1,-1,-1,-1
113,8,648,596,156,216,1,-1,-1,-1
113,10,2261,634,156,97,1,-1,-1,-1
113,11,2248,568,308,216,1,-1,-1,-1
113,12,388,584,276,232,1,-1,-1,-1
113,13,1940,615,292,180,1,-1,-1,-1
113,14,792,584,288,228,1,-1,-1,-1
113,15,168,644,220,176,1,-1,-1,-1
113,16,1102,627,141,168,1,-1,-1,-1
113,17,0,640,104,180,1,-1,-1,-1
114,4,1251,622,340,172,1,-1,-1,-1
114,8,651,595,156,216,1,-1,-1,-1
114,10,2289,637,156,97,1,-1,-1,-1
114,11,2261,571,299,216,1,-1,-1,-1
114,12,397,589,263,221,1,-1,-1,-1
114,13,1939,612,292,180,1,-1,-1,-1
114,14,793,582,288,228,1,-1,-1,-1
114,15,174,644,220,176,1,-1,-1,-1
114,16,1108,621,148,176,1,-1,-1,-1
114,17,2,640,104,180,1,-1,-1,-1
115,4,1252,621,340,172,1,-1,-1,-1
115,8,657,602,149,206,1,-1,-1,-1
115,10,2295,640,156,97,1,-1,-1,-1
115,11,2266,569,294,216,1,-1,-1,-1
115,12,396,583,276,232,1,-1,-1,-1
115,13,1942,611,292,180,1,-1,-1,-1
115,14,790,576,302,239,1,-1,-1,-1
115,15,176,643,220,176,1,-1,-1,-1
115,16,1111,620,148,176,1,-1,-1,-1
115,17,3,637,104,180,1,-1,-1,-1
116,4,1254,620,340,172,1,-1,-1,-1
116,8,656,598,156,216,1,-1,-1,-1
116,10,2302,643,156,97,1,-1,-1,-1
116,11,2270,569,290,216,1,-1,-1,-1
116,12,399,583,276,232,1,-1,-1,-1
116,13,1948,611,292,180,1,-1,-1,-1
116,14,790,578,302,239,1,-1,-1,-1
116,15,177,641,220,176,1,-1,-1,-1
116,16,1114,620,148,176,1,-1,-1,-1
116,17,5,636,104,180,1,-1,-1,-1
117,4,1261,618,340,172,1,-1,-1,-1
117,8,653,592,164,227,1,-1,-1,-1
117,10,2302,642,163,102,1,-1,-1,-1
117,11,2271,569,289,216,1,-1,-1,-1
117,12,401,581,276,232,1,-1,-1,-1
117,13,1951,610,292,180,1,-1,-1,-1
117,14,791,576,302,239,1,-1,-1,-1
117,15,179,641,220,176,1,-1,-1,-1
117,16,1114,619,148,176,1,-1,-1,-1
117,17,7,632,104,180,1,-1,-1,-1
118,4,1258,617,357,181,1,-1,-1,-1
118,8,653,591,164,227,1,-1,-1,-1
118,10,2310,637,172,107,1,-1,-1,-1
118,11,2283,569,277,216,1,-1,-1,-1
118,12,406,580,276,232,1,-1,-1,-1
118,13,1950,608,292,180,1,-1,-1,-1
118,14,798,576,302,239,1,-1,-1,-1
118,15,176,632,231,185,1,-1,-1,-1
118,16,1124,618,148,176,1,-1,-1,-1
118,17,11,628,104,180,1,-1,-1,-1
119,4,1257,619,357,181,1,-1,-1,-1
119,8,654,591,164,227,1,-1,-1,-1
119,10,2314,636,172,107,1,-1,-1,-1
119,11,2283,565,277,216,1,-1,-1,-1
119,12,409,580,276,232,1,-1,-1,-1
119,13,1943,605,292,180,1,-1,-1,-1
119,14,795,577,302,239,1,-1,-1,-1
119,15,177,635,231,185,1,-1,-1,-1
119,16,1130,619,148,176,1,-1,-1,-1
119,17,14,626,104,180,1,-1,-1,-1
120,4,1259,618,357,181,1,-1,-1,-1
120,8,654,589,164,227,1,-1,-1,-1
120,10,2319,634,172,107,1,-1,-1,-1
120,11,2287,566,273,216,1,-1,-1,-1
120,12,412,577,276,232,1,-1,-1,-1
120,14,790,576,302,239,1,-1,-1,-1
120,15,178,631,231,185,1,-1,-1,-1
120,16,1133,619,148,176,1,-1,-1,-1
120,17,16,620,109,189,1,-1,-1,-1
121,4,1268,604,368,192,1,-1,-1,-1
121,8,612,600,236,228,1,-1,-1,-1
121,10,2319,634,172,107,1,-1,-1,-1
121,11,2324,624,236,152,1,-1,-1,-1
121,12,456,540,236,272,1,-1,-1,-1
121,14,832,580,296,216,1,-1,-1,-1
121,15,228,600,164,208,1,-1,-1,-1
121,16,1133,619,148,176,1,-1,-1,-1
121,17,0,612,144,220,1,-1,-1,-1
121,18,2068,608,272,196,1,-1,-1,-1
122,4,1269,603,368,192,1,-1,-1,-1
122,8,616,599,236,228,1,-1,-1,-1
122,10,2335,629,172,107,1,-1,-1,-1
122,11,2333,621,227,152,1,-1,-1,-1
122,12,461,538,236,272,1,-1,-1,-1
122,14,835,582,296,216,1,-1,-1,-1
122,15,232,603,164,208,1,-1,-1,-1
122,16,1138,622,141,168,1,-1,-1,-1
122,17,5,611,144,220,1,-1,-1,-1
122,18,2077,606,272,196,1,-1,-1,-1
123,4,1264,600,386,202,1,-1,-1,-1
123,8,619,598,236,228,1,-1,-1,-1
123,10,2341,627,172,107,1,-1,-1,-1
123,11,2341,620,219,152,1,-1,-1,-1
123,12,464,539,236,272,1,-1,-1,-1
123,14,838,581,296,216,1,-1,-1,-1
123,15,236,606,164,208,1,-1,-1,-1
123,16,1148,618,141,168,1,-1,-1,-1
123,17,9,613,144,220,1,-1,-1,-1
123,18,2082,608,272,196,1,-1,-1,-1
124,4,1267,605,386,202,1,-1,-1,-1
124,8,619,596,236,228,1,-1,-1,-1
124,10,2348,625,172,107,1,-1,-1,-1
124,11,2347,619,213,152,1,-1,-1,-1
124,12,469,538,236,272,1,-1,-1,-1
124,14,840,580,296,216,1,-1,-1,-1
124,15,239,605,164,208,1,-1,-1,-1
124,16,1154,624,134,160,1,-1,-1,-1
124,17,13,612,144,220,1,-1,-1,-1
124,18,2082,603,286,206,1,-1,-1,-1
125,4,1278,612,368,192,1,-1,-1,-1
125,8,622,596,236,228,1,-1,-1,-1
125,10,2355,625,172,107,1,-1,-1,-1
125,11,2353,616,207,152,1,-1,-1,-1
125,12,471,537,236,272,1,-1,-1,-1
125,14,841,580,296,216,1,-1,-1,-1
125,15,240,603,164,208,1,-1,-1,-1
125,16,1154,625,134,160,1,-1,-1,-1
125,17,15,611,144,220,1,-1,-1,-1
125,18,2086,603,286,206,1,-1,-1,-1
126,4,1285,614,368,192,1,-1,-1,-1
126,8,637,602,225,217,1,-1,-1,-1
126,10,2371,621,172,107,1,-1,-1,-1
126,11,2370,612,190,152,1,-1,-1,-1
126,12,480,538,236,272,1,-1,-1,-1
126,14,845,579,296,216,1,-1,-1,-1
126,15,245,603,164,208,1,-1,-1,-1
126,16,1157,622,141,168,1,-1,-1,-1
126,17,20,611,144,220,1,-1,-1,-1
126,18,2103,600,286,206,1,-1,-1,-1
127,4,1292,619,368,192,1,-1,-1,-1
127,8,638,605,225,217,1,-1,-1,-1
127,10,2379,619,172,107,1,-1,-1,-1
127,11,2377,610,183,152,1,-1,-1,-1
127,12,485,539,236,272,1,-1,-1,-1
127,14,848,580,296,216,1,-1,-1,-1
127,15,248,603,164,208,1,-1,-1,-1
127,16,1159,628,141,168,1,-1,-1,-1
127,17,21,614,144,220,1,-1,-1,-1
127,18,2109,602,286,206,1,-1,-1,-1
128,4,1312,625,350,183,1,-1,-1,-1
128,8,639,604,225,217,1,-1,-1,-1
128,10,2388,620,172,107,1,-1,-1,-1
128,11,2384,607,176,152,1,-1,-1,-1
128,12,486,540,236,272,1,-1,-1,-1
128,14,854,579,296,216,1,-1,-1,-1
128,15,250,604,164,208,1,-1,-1,-1
128,16,1174,634,134,160,1,-1,-1,-1
128,17,22,614,144,220,1,-1,-1,-1
128,18,2112,602,286,206,1,-1,-1,-1
129,4,1332,620,372,176,1,-1,-1,-1
129,8,660,564,228,240,1,-1,-1,-1
129,10,2388,620,172,107,1,-1,-1,-1
129,11,2396,612,164,164,1,-1,-1,-1
129,12,516,564,196,244,1,-1,-1,-1
129,14,840,576,320,216,1,-1,-1,-1
129,15,264,624,148,184,1,-1,-1,-1
129,16,1174,634,134,160,1,-1,-1,-1
129,17,0,620,204,216,1,-1,-1,-1
129,18,2124,628,284,160,1,-1,-1,-1
130,4,1346,621,372,176,1,-1,-1,-1
130,8,667,562,228,240,1,-1,-1,-1
130,10,2411,621,149,107,1,-1,-1,-1
130,11,2409,610,151,164,1,-1,-1,-1
130,12,520,563,196,244,1,-1,-1,-1
130,14,847,576,320,216,1,-1,-1,-1
130,15,269,625,148,184,1,-1,-1,-1
130,16,1203,637,134,160,1,-1,-1,-1
130,17,4,619,204,216,1,-1,-1,-1
130,18,2125,622,298,168,1,-1,-1,-1
131,4,1351,620,372,176,1,-1,-1,-1
131,8,670,563,228,240,1,-1,-1,-1
131,10,2418,617,142,113,1,-1,-1,-1
131,11,2417,610,143,164,1,-1,-1,-1
131,12,529,568,187,232,1,-1,-1,-1
131,14,851,577,320,216,1,-1,-1,-1
131,15,277,629,141,175,1,-1,-1,-1
131,16,1211,643,134,160,1,-1,-1,-1
131,17,5,619,204,216,1,-1,-1,-1
131,18,2133,620,298,168,1,-1,-1,-1
132,4,1348,612,391,185,1,-1,-1,-1
132,8,671,564,228,240,1,-1,-1,-1
132,10,2426,619,134,113,1,-1,-1,-1
132,11,2427,607,133,164,1,-1,-1,-1
132,12,536,567,187,232,1,-1,-1,-1
132,14,852,578,320,216,1,-1,-1,-1
132,15,279,628,141,175,1,-1,-1,-1
132,17,7,619,204,216,1,-1,-1,-1
132,18,2137,618,298,168,1,-1,-1,-1
133,4,1352,608,391,185,1,-1,-1,-1
133,8,662,559,239,252,1,-1,-1,-1
133,10,2431,620,129,113,1,-1,-1,-1
133,11,2436,604,124,164,1,-1,-1,-1
133,12,533,569,187,232,1,-1,-1,-1
133,14,852,580,320,216,1,-1,-1,-1
133,15,282,628,141,175,1,-1,-1,-1
133,17,8,620,204,216,1,-1,-1,-1
133,18,2140,616,298,168,1,-1,-1,-1
134,4,1364,605,391,185,1,-1,-1,-1
134,8,660,558,239,252,1,-1,-1,-1
134,10,2442,617,118,113,1,-1,-1,-1
134,11,2447,603,113,164,1,-1,-1,-1
134,12,528,563,196,244,1,-1,-1,-1
134,14,852,581,320,216,1,-1,-1,-1
134,15,283,625,148,184,1,-1,-1,-1
134,17,11,619,204,216,1,-1,-1,-1
134,18,2156,617,284,160,1,-1,-1,-1
135,4,1378,608,372,176,1,-1,-1,-1
135,8,660,557,239,252,1,-1,-1,-1
135,10,2447,621,113,113,1,-1,-1,-1
135,11,2454,605,106,164,1,-1,-1,-1
135,12,531,558,196,244,1,-1,-1,-1
135,14,843,577,336,227,1,-1,-1,-1
135,15,288,624,148,184,1,-1,-1,-1
135,17,13,620,204,216,1,-1,-1,-1
135,18,2152,611,298,168,1,-1,-1,-1
136,4,1392,609,372,176,1,-1,-1,-1
136,8,658,557,239,252,1,-1,-1,-1
136,10,2455,622,105,113,1,-1,-1,-1
136,11,2461,603,99,164,1,-1,-1,-1
136,12,535,557,196,244,1,-1,-1,-1
136,14,848,577,336,227,1,-1,-1,-1
136,15,287,620,155,193,1,-1,-1,-1
136,17,17,620,204,216,1,-1,-1,-1
136,18,2155,609,298,168,1,-1,-1,-1
137,4,1408,600,384,184,1,-1,-1,-1
137,8,672,560,300,248,1,-1,-1,-1
137,10,2455,622,105,113,1,-1,-1,-1
137,11,2472,604,88,164,1,-1,-1,-1
137,12,556,600,200,208,1,-1,-1,-1
137,14,880,576,300,232,1,-1,-1,-1
137,15,296,616,168,172,1,-1,-1,-1
137,17,0,628,244,212,1,-1,-1,-1
137,18,2152,608,324,176,1,-1,-1,-1
138,4,1416,597,384,184,1,-1,-1,-1
138,8,672,559,300,248,1,-1,-1,-1
138,10,2360,604,180,113,1,-1,-1,-1
138,11,2488,603,72,164,1,-1,-1,-1
138,12,561,601,200,208,1,-1,-1,-1
138,14,883,577,300,232,1,-1,-1,-1
138,15,302,616,168,172,1,-1,-1,-1
138,17,4,629,244,212,1,-1,-1,-1
138,18,2159,609,324,176,1,-1,-1,-1
139,4,1420,596,384,184,1,-1,-1,-1
139,8,677,563,300,248,1,-1,-1,-1
139,10,2358,596,180,113,1,-1,-1,-1
139,11,2493,605,67,164,1,-1,-1,-1
139,12,563,602,200,208,1,-1,-1,-1
139,14,885,579,300,232,1,-1,-1,-1
139,15,305,615,168,172,1,-1,-1,-1
139,17,9,629,244,212,1,-1,-1,-1
139,18,2164,608,324,176,1,-1,-1,-1
140,4,1425,594,384,184,1,-1,-1,-1
140,8,665,557,315,260,1,-1,-1,-1
140,10,2372,595,180,113,1,-1,-1,-1
140,11,2503,599,57,172,1,-1,-1,-1
140,12,565,602,200,208,1,-1,-1,-1
140,14,886,581,300,232,1,-1,-1,-1
140,15,304,610,176,181,1,-1,-1,-1
140,17,11,629,244,212,1,-1,-1,-1
140,18,2170,608,324,176,1,-1,-1,-1
141,4,1415,589,403,193,1,-1,-1,-1
141,8,671,557,315,260,1,-1,-1,-1
141,10,2373,595,187,118,1,-1,-1,-1
141,11,2508,598,52,172,1,-1,-1,-1
141,12,566,603,200,208,1,-1,-1,-1
141,14,884,582,300,232,1,-1,-1,-1
141,15,309,608,176,181,1,-1,-1,-1
141,17,12,628,244,212,1,-1,-1,-1
141,18,2171,608,324,176,1,-1,-1,-1
142,4,1416,588,403,193,1,-1,-1,-1
142,8,674,566,300,248,1,-1,-1,-1
142,10,2392,598,168,113,1,-1,-1,-1
142,11,2520,597,40,181,1,-1,-1,-1
142,12,570,602,200,208,1,-1,-1,-1
142,14,880,579,300,232,1,-1,-1,-1
142,15,314,609,176,181,1,-1,-1,-1
142,17,18,628,244,212,1,-1,-1,-1
142,18,2173,604,340,185,1,-1,-1,-1
143,4,1415,587,403,193,1,-1,-1,-1
143,8,671,555,315,260,1,-1,-1,-1
143,11,2523,588,37,181,1,-1,-1,-1
143,12,571,601,200,208,1,-1,-1,-1
143,14,882,579,300,232,1,-1,-1,-1
143,15,318,610,176,181,1,-1,-1,-1
143,17,17,629,244,212,1,-1,-1,-1
143,18,2178,603,340,185,1,-1,-1,-1
144,4,1418,587,403,193,1,-1,-1,-1
144,8,670,556,315,260,1,-1,-1,-1
144,11,2526,591,34,172,1,-1,-1,-1
144,12,572,601,200,208,1,-1,-1,-1
144,14,884,579,300,232,1,-1,-1,-1
144,15,319,605,185,190,1,-1,-1,-1
144,17,8,622,256,223,1,-1,-1,-1
144,18,2172,598,357,194,1,-1,-1,-1
145,4,1464,592,360,200,1,-1,-1,-1
145,8,720,528,288,292,1,-1,-1,-1
145,11,2526,591,34,172,1,-1,-1,-1
145,12,576,556,196,260,1,-1,-1,-1
145,14,908,596,292,212,1,-1,-1,-1
145,15,312,604,220,212,1,-1,-1,-1
145,17,48,604,244,216,1,-1,-1,-1
145,18,2180,608,368,184,1,-1,-1,-1
145,19,1848,812,156,220,1,-1,-1,-1
146,4,1467,592,360,200,1,-1,-1,-1
146,8,722,529,288,292,1,-1,-1,-1
146,11,2527,587,33,172,1,-1,-1,-1
146,12,582,560,187,248,1,-1,-1,-1
146,14,911,595,292,212,1,-1,-1,-1
146,15,317,603,220,212,1,-1,-1,-1
146,17,54,607,244,216,1,-1,-1,-1
146,18,2182,609,368,184,1,-1,-1,-1
146,19,1848,811,156,220,1,-1,-1,-1
147,4,1460,588,378,210,1,-1,-1,-1
147,8,726,528,288,292,1,-1,-1,-1
147,11,2536,590,24,172,1,-1,-1,-1
147,12,585,559,187,248,1,-1,-1,-1
147,14,914,595,292,212,1,-1,-1,-1
147,15,322,603,220,212,1,-1,-1,-1
147,17,62,609,244,216,1,-1,-1,-1
147,18,2187,609,368,184,1,-1,-1,-1
147,19,1849,810,156,220,1,-1,-1,-1
