1,0,2276,512,280,196,1,-1,-1,-1
1,1,1756,612,240,132,1,-1,-1,-1
1,2,1136,620,296,140,1,-1,-1,-1
1,3,900,624,236,136,1,-1,-1,-1
1,4,240,616,188,156,1,-1,-1,-1
2,0,2265,512,280,196,1,-1,-1,-1
2,1,1751,613,240,132,1,-1,-1,-1
2,2,1137,620,296,140,1,-1,-1,-1
2,3,903,625,236,136,1,-1,-1,-1
2,4,256,615,188,156,1,-1,-1,-1
3,0,2253,515,280,196,1,-1,-1,-1
3,1,1745,614,240,132,1,-1,-1,-1
3,2,1144,621,296,140,1,-1,-1,-1
3,3,918,626,236,136,1,-1,-1,-1
3,4,275,615,188,156,1,-1,-1,-1
4,0,2232,520,267,187,1,-1,-1,-1
4,1,1728,616,240,132,1,-1,-1,-1
4,2,1145,623,296,140,1,-1,-1,-1
4,3,928,626,236,136,1,-1,-1,-1
4,4,310,618,188,156,1,-1,-1,-1
5,0,2223,525,254,178,1,-1,-1,-1
5,1,1728,620,229,126,1,-1,-1,-1
5,2,1146,626,296,140,1,-1,-1,-1
5,3,926,627,236,136,1,-1,-1,-1
5,4,322,617,188,156,1,-1,-1,-1
6,0,2210,525,254,178,1,-1,-1,-1
6,1,1721,621,229,126,1,-1,-1,-1
6,2,1146,626,296,140,1,-1,-1,-1
6,3,935,625,236,136,1,-1,-1,-1
6,4,339,616,188,156,1,-1,-1,-1
7,0,2206,527,254,178,1,-1,-1,-1
7,1,1715,624,229,126,1,-1,-1,-1
7,2,1149,627,296,140,1,-1,-1,-1
7,3,939,628,236,136,1,-1,-1,-1
7,4,355,618,188,156,1,-1,-1,-1
8,0,2204,525,254,178,1,-1,-1,-1
8,1,1711,624,229,126,1,-1,-1,-1
8,2,1166,629,282,133,1,-1,-1,-1
8,3,947,633,225,130,1,-1,-1,-1
8,4,363,619,188,156,1,-1,-1,-1
9,0,2208,528,280,184,1,-1,-1,-1
9,1,1716,628,224,120,1,-1,-1,-1
9,2,1166,629,282,133,1,-1,-1,-1
9,3,948,616,256,136,1,-1,-1,-1
9,4,352,624,172,132,1,-1,-1,-1
9,5,1224,624,224,124,1,-1,-1,-1
9,6,608,632,216,112,1,-1,-1,-1
9,7,208,628,172,116,1,-1,-1,-1
10,0,2212,526,280,184,1,-1,-1,-1
10,1,1716,628,224,120,1,-1,-1,-1
10,2,1178,632,268,127,1,-1,-1,-1
10,3,949,616,256,136,1,-1,-1,-1
10,4,353,624,172,132,1,-1,-1,-1
10,5,1226,624,224,124,1,-1,-1,-1
10,6,610,632,216,112,1,-1,-1,-1
10,7,211,628,172,116,1,-1,-1,-1
11,0,2217,527,280,184,1,-1,-1,-1
11,1,1719,628,224,120,1,-1,-1,-1
11,2,1180,631,268,127,1,-1,-1,-1
11,3,951,617,256,136,1,-1,-1,-1
11,4,357,625,172,132,1,-1,-1,-1
11,5,1229,624,224,124,1,-1,-1,-1
11,6,614,632,216,112,1,-1,-1,-1
11,7,213,629,172,116,1,-1,-1,-1
12,0,2228,526,280,184,1,-1,-1,-1
12,1,1725,627,224,120,1,-1,-1,-1
12,2,1172,628,282,133,1,-1,-1,-1
12,3,945,613,269,143,1,-1,-1,-1
12,4,356,625,172,132,1,-1,-1,-1
12,5,1234,625,224,124,1,-1,-1,-1
12,6,615,633,216,112,1,-1,-1,-1
12,7,215,629,172,116,1,-1,-1,-1
13,0,2240,530,267,175,1,-1,-1,-1
13,1,1730,628,224,120,1,-1,-1,-1
13,2,1178,628,282,133,1,-1,-1,-1
13,3,945,613,269,143,1,-1,-1,-1
13,4,358,626,172,132,1,-1,-1,-1
13,5,1237,626,224,124,1,-1,-1,-1
13,6,615,634,216,112,1,-1,-1,-1
13,7,214,627,181,122,1,-1,-1,-1
14,0,2247,530,267,175,1,-1,-1,-1
14,1,1733,628,224,120,1,-1,-1,-1
14,2,1194,630,282,133,1,-1,-1,-1
14,3,950,614,269,143,1,-1,-1,-1
14,4,361,626,172,132,1,-1,-1,-1
14,5,1239,627,224,124,1,-1,-1,-1
14,6,617,635,216,112,1,-1,-1,-1
14,7,216,627,181,122,1,-1,-1,-1
15,0,2251,529,267,175,1,-1,-1,-1
15,1,1736,629,224,120,1,-1,-1,-1
15,2,1196,633,268,127,1,-1,-1,-1
15,3,948,612,269,143,1,-1,-1,-1
15,4,361,626,172,132,1,-1,-1,-1
15,5,1242,629,224,124,1,-1,-1,-1
15,6,617,636,216,112,1,-1,-1,-1
15,7,218,628,181,122,1,-1,-1,-1
16,0,2253,526,267,175,1,-1,-1,-1
16,1,1736,628,235,126,1,-1,-1,-1
16,2,1199,633,268,127,1,-1,-1,-1
16,3,956,612,269,143,1,-1,-1,-1
16,4,362,626,172,132,1,-1,-1,-1
16,5,1247,631,224,124,1,-1,-1,-1
16,6,624,636,216,112,1,-1,-1,-1
16,7,227,633,172,116,1,-1,-1,-1
17,0,2276,532,272,152,1,-1,-1,-1
17,1,1736,632,240,112,1,-1,-1,-1
17,2,1200,624,288,136,1,-1,-1,-1
17,3,956,612,269,143,1,-1,-1,-1
17,4,362,626,172,132,1,-1,-1,-1
17,5,1247,631,224,124,1,-1,-1,-1
17,6,624,636,216,112,1,-1,-1,-1
17,7,227,633,172,116,1,-1,-1,-1
17,8,1044,636,228,104,1,-1,-1,-1
17,9,596,644,260,144,1,-1,-1,-1
17,10,4,624,220,168,1,-1,-1,-1
17,11,392,632,164,116,1,-1,-1,-1
17,12,260,644,164,104,1,-1,-1,-1
18,0,2284,532,272,152,1,-1,-1,-1
18,1,1735,630,252,118,1,-1,-1,-1
18,2,1206,627,288,136,1,-1,-1,-1
18,3,955,614,256,136,1,-1,-1,-1
18,4,361,626,181,139,1,-1,-1,-1
18,5,1261,629,235,130,1,-1,-1,-1
18,6,641,641,206,107,1,-1,-1,-1
18,7,233,638,172,116,1,-1,-1,-1
18,8,1051,639,228,104,1,-1,-1,-1
18,9,599,644,260,144,1,-1,-1,-1
18,10,9,625,220,168,1,-1,-1,-1
18,11,398,633,164,116,1,-1,-1,-1
18,12,268,647,164,104,1,-1,-1,-1
19,0,2289,533,271,152,1,-1,-1,-1
19,1,1738,632,252,118,1,-1,-1,-1
19,2,1209,630,288,136,1,-1,-1,-1
19,3,956,615,256,136,1,-1,-1,-1
19,4,360,630,181,139,1,-1,-1,-1
19,5,1260,627,235,130,1,-1,-1,-1
19,6,637,643,206,107,1,-1,-1,-1
19,7,241,636,181,122,1,-1,-1,-1
19,8,1051,639,228,104,1,-1,-1,-1
19,9,603,647,260,144,1,-1,-1,-1
19,10,10,626,220,168,1,-1,-1,-1
19,11,401,633,164,116,1,-1,-1,-1
19,12,271,647,164,104,1,-1,-1,-1
20,0,2291,534,269,152,1,-1,-1,-1
20,1,1740,633,252,118,1,-1,-1,-1
20,2,1213,633,288,136,1,-1,-1,-1
20,3,953,618,256,136,1,-1,-1,-1
20,4,362,629,181,139,1,-1,-1,-1
20,5,1269,628,235,130,1,-1,-1,-1
20,6,639,646,206,107,1,-1,-1,-1
20,7,242,634,190,128,1,-1,-1,-1
20,8,1062,643,217,99,1,-1,-1,-1
20,9,600,647,260,144,1,-1,-1,-1
20,10,12,626,220,168,1,-1,-1,-1
20,11,400,633,164,116,1,-1,-1,-1
20,12,271,647,164,104,1,-1,-1,-1
21,0,2310,533,250,152,1,-1,-1,-1
21,1,1765,637,240,112,1,-1,-1,-1
21,2,1236,633,288,136,1,-1,-1,-1
21,3,964,621,256,136,1,-1,-1,-1
21,4,377,629,181,139,1,-1,-1,-1
21,5,1297,633,224,124,1,-1,-1,-1
21,6,655,646,206,107,1,-1,-1,-1
21,7,256,633,190,128,1,-1,-1,-1
21,8,1075,643,217,99,1,-1,-1,-1
21,9,615,648,260,144,1,-1,-1,-1
21,10,26,627,220,168,1,-1,-1,-1
21,11,415,633,164,116,1,-1,-1,-1
21,12,287,648,164,104,1,-1,-1,-1
22,0,2318,542,242,145,1,-1,-1,-1
22,1,1767,630,252,118,1,-1,-1,-1
22,2,1245,633,288,136,1,-1,-1,-1
22,3,968,622,256,136,1,-1,-1,-1
22,4,392,634,172,132,1,-1,-1,-1
22,5,1308,633,224,124,1,-1,-1,-1
22,6,670,648,206,107,1,-1,-1,-1
22,7,273,637,190,128,1,-1,-1,-1
22,8,1084,642,228,104,1,-1,-1,-1
22,9,628,650,260,144,1,-1,-1,-1
22,10,40,630,220,168,1,-1,-1,-1
22,11,434,637,156,110,1,-1,-1,-1
22,12,303,651,164,104,1,-1,-1,-1
23,0,2322,545,238,145,1,-1,-1,-1
23,1,1776,629,252,118,1,-1,-1,-1
23,2,1259,635,274,130,1,-1,-1,-1
23,3,977,625,256,136,1,-1,-1,-1
23,4,410,637,172,132,1,-1,-1,-1
23,5,1323,632,224,124,1,-1,-1,-1
23,6,685,647,206,107,1,-1,-1,-1
23,7,289,639,190,128,1,-1,-1,-1
23,8,1090,643,228,104,1,-1,-1,-1
23,9,635,651,260,144,1,-1,-1,-1
23,10,54,629,220,168,1,-1,-1,-1
23,11,444,641,156,110,1,-1,-1,-1
23,12,321,654,164,104,1,-1,-1,-1
24,0,2329,544,231,145,1,-1,-1,-1
24,1,1797,630,240,112,1,-1,-1,-1
24,2,1287,640,261,123,1,-1,-1,-1
24,3,994,625,256,136,1,-1,-1,-1
24,4,423,637,172,132,1,-1,-1,-1
24,5,1334,628,235,130,1,-1,-1,-1
24,6,698,643,216,112,1,-1,-1,-1
24,7,306,639,190,128,1,-1,-1,-1
24,8,1099,642,239,109,1,-1,-1,-1
24,9,646,652,260,144,1,-1,-1,-1
24,10,74,637,210,160,1,-1,-1,-1
24,11,454,642,156,110,1,-1,-1,-1
24,12,335,656,164,104,1,-1,-1,-1
25,0,2392,560,164,112,1,-1,-1,-1
25,1,1816,604,220,152,1,-1,-1,-1
25,2,1287,640,261,123,1,-1,-1,-1
25,3,994,625,256,136,1,-1,-1,-1
25,4,423,637,172,132,1,-1,-1,-1
25,5,1320,628,244,136,1,-1,-1,-1
25,6,698,643,216,112,1,-1,-1,-1
25,7,306,639,190,128,1,-1,-1,-1
25,8,1099,642,239,109,1,-1,-1,-1
25,9,646,652,260,144,1,-1,-1,-1
25,10,74,637,210,160,1,-1,-1,-1
25,11,356,632,268,128,1,-1,-1,-1
25,12,335,656,164,104,1,-1,-1,-1
26,0,2422,560,138,112,1,-1,-1,-1
26,1,1843,604,220,152,1,-1,-1,-1
26,2,1326,640,274,130,1,-1,-1,-1
26,3,1030,630,256,136,1,-1,-1,-1
26,4,471,643,172,132,1,-1,-1,-1
26,5,1351,630,244,136,1,-1,-1,-1
26,6,755,641,216,112,1,-1,-1,-1
26,7,358,638,190,128,1,-1,-1,-1
26,8,1126,647,239,109,1,-1,-1,-1
26,9,694,651,260,144,1,-1,-1,-1
26,10,114,640,210,160,1,-1,-1,-1
26,11,387,633,268,128,1,-1,-1,-1
26,12,389,657,164,104,1,-1,-1,-1
27,0,2437,561,123,112,1,-1,-1,-1
27,1,1860,608,220,152,1,-1,-1,-1
27,2,1341,640,274,130,1,-1,-1,-1
27,3,1048,629,256,136,1,-1,-1,-1
27,4,491,645,172,132,1,-1,-1,-1
27,5,1371,632,244,136,1,-1,-1,-1
27,6,768,643,216,112,1,-1,-1,-1
27,7,378,640,190,128,1,-1,-1,-1
27,8,1141,650,228,104,1,-1,-1,-1
27,9,708,649,260,144,1,-1,-1,-1
27,10,135,639,210,160,1,-1,-1,-1
27,11,410,635,268,128,1,-1,-1,-1
27,12,408,658,164,104,1,-1,-1,-1
28,0,2451,560,109,112,1,-1,-1,-1
28,1,1873,608,220,152,1,-1,-1,-1
28,2,1359,641,274,130,1,-1,-1,-1
28,3,1059,633,256,136,1,-1,-1,-1
28,4,507,645,172,132,1,-1,-1,-1
28,5,1382,634,244,136,1,-1,-1,-1
28,7,397,639,190,128,1,-1,-1,-1
28,8,1155,646,239,109,1,-1,-1,-1
28,9,730,652,248,137,1,-1,-1,-1
28,10,150,639,210,160,1,-1,-1,-1
28,11,422,635,268,128,1,-1,-1,-1
28,12,428,658,164,104,1,-1,-1,-1
29,0,2466,558,94,112,1,-1,-1,-1
29,1,1889,609,220,152,1,-1,-1,-1
29,2,1371,633,274,130,1,-1,-1,-1
29,3,1071,634,256,136,1,-1,-1,-1
29,4,525,644,172,132,1,-1,-1,-1
29,5,1397,634,244,136,1,-1,-1,-1
29,7,412,639,190,128,1,-1,-1,-1
29,8,1174,645,251,115,1,-1,-1,-1
29,9,743,655,248,137,1,-1,-1,-1
29,10,163,639,210,160,1,-1,-1,-1
29,11,441,634,268,128,1,-1,-1,-1
29,12,447,660,156,99,1,-1,-1,-1
30,0,2485,556,75,112,1,-1,-1,-1
30,1,1912,611,220,152,1,-1,-1,-1
30,2,1380,630,274,130,1,-1,-1,-1
30,3,1088,627,269,143,1,-1,-1,-1
30,4,549,644,172,132,1,-1,-1,-1
30,5,1421,633,244,136,1,-1,-1,-1
30,7,444,641,190,128,1,-1,-1,-1
30,9,768,657,248,137,1,-1,-1,-1
30,10,182,638,210,160,1,-1,-1,-1
30,11,467,633,268,128,1,-1,-1,-1
30,12,478,658,156,99,1,-1,-1,-1
31,0,2495,555,65,112,1,-1,-1,-1
31,1,1920,610,231,160,1,-1,-1,-1
31,2,1369,629,274,130,1,-1,-1,-1
31,3,1094,628,269,143,1,-1,-1,-1
31,4,571,645,164,126,1,-1,-1,-1
31,5,1430,634,244,136,1,-1,-1,-1
31,7,458,640,190,128,1,-1,-1,-1
31,9,787,658,248,137,1,-1,-1,-1
31,10,201,640,200,152,1,-1,-1,-1
31,11,477,632,268,128,1,-1,-1,-1
31,12,496,657,149,94,1,-1,-1,-1
32,0,2502,559,58,107,1,-1,-1,-1
32,1,1928,611,231,160,1,-1,-1,-1
32,2,1380,630,274,130,1,-1,-1,-1
32,3,1107,628,269,143,1,-1,-1,-1
32,4,581,643,164,126,1,-1,-1,-1
32,5,1432,629,256,143,1,-1,-1,-1
32,7,465,638,190,128,1,-1,-1,-1
32,9,806,653,248,137,1,-1,-1,-1
32,10,206,637,210,160,1,-1,-1,-1
32,11,491,634,255,122,1,-1,-1,-1
32,12,505,655,149,94,1,-1,-1,-1
33,0,2502,559,58,107,1,-1,-1,-1
33,1,1936,632,244,128,1,-1,-1,-1
33,2,1380,630,274,130,1,-1,-1,-1
33,3,1107,628,269,143,1,-1,-1,-1
33,4,581,643,164,126,1,-1,-1,-1
33,5,1432,629,256,143,1,-1,-1,-1
33,7,465,638,190,128,1,-1,-1,-1
33,9,806,653,248,137,1,-1,-1,-1
33,10,206,637,210,160,1,-1,-1,-1
33,11,524,636,220,112,1,-1,-1,-1
33,12,505,655,149,94,1,-1,-1,-1
33,13,876,648,184,124,1,-1,-1,-1
33,14,1312,644,268,120,1,-1,-1,-1
34,0,2513,561,47,112,1,-1,-1,-1
34,1,1953,632,244,128,1,-1,-1,-1
34,2,1437,629,274,130,1,-1,-1,-1
34,3,1124,625,269,143,1,-1,-1,-1
34,4,605,638,172,132,1,-1,-1,-1
34,5,1455,628,256,143,1,-1,-1,-1
34,7,485,626,199,134,1,-1,-1,-1
34,9,814,659,248,137,1,-1,-1,-1
34,10,223,634,210,160,1,-1,-1,-1
34,11,540,636,220,112,1,-1,-1,-1
34,12,525,651,156,99,1,-1,-1,-1
34,13,892,648,184,124,1,-1,-1,-1
34,14,1329,644,268,120,1,-1,-1,-1
35,0,2521,560,39,118,1,-1,-1,-1
35,1,1958,632,244,128,1,-1,-1,-1
35,2,1468,640,261,123,1,-1,-1,-1
35,3,1127,628,269,143,1,-1,-1,-1
35,4,612,637,172,132,1,-1,-1,-1
35,5,1464,630,256,143,1,-1,-1,-1
35,7,498,630,199,134,1,-1,-1,-1
35,9,813,663,248,137,1,-1,-1,-1
35,10,238,632,210,160,1,-1,-1,-1
35,11,549,637,220,112,1,-1,-1,-1
35,12,541,648,149,94,1,-1,-1,-1
35,13,901,648,184,124,1,-1,-1,-1
35,14,1334,644,268,120,1,-1,-1,-1
36,0,2524,563,36,112,1,-1,-1,-1
36,1,1965,631,244,128,1,-1,-1,-1
36,4,616,632,181,139,1,-1,-1,-1
36,5,1477,630,256,143,1,-1,-1,-1
36,7,502,629,199,134,1,-1,-1,-1
36,9,815,665,248,137,1,-1,-1,-1
36,10,239,633,210,160,1,-1,-1,-1
36,11,557,639,210,107,1,-1,-1,-1
36,12,543,650,149,94,1,-1,-1,-1
36,13,908,647,184,124,1,-1,-1,-1
36,14,1340,644,268,120,1,-1,-1,-1
37,0,2529,563,31,112,1,-1,-1,-1
37,1,1972,631,244,128,1,-1,-1,-1
37,4,621,633,181,139,1,-1,-1,-1
37,5,1475,626,269,150,1,-1,-1,-1
37,7,506,628,199,134,1,-1,-1,-1
37,9,833,670,236,131,1,-1,-1,-1
37,10,248,632,210,160,1,-1,-1,-1
37,11,558,638,220,112,1,-1,-1,-1
37,12,556,651,149,94,1,-1,-1,-1
37,13,912,649,184,124,1,-1,-1,-1
37,14,1344,643,268,120,1,-1,-1,-1
38,0,2539,561,21,118,1,-1,-1,-1
38,1,1986,630,244,128,1,-1,-1,-1
38,4,638,633,181,139,1,-1,-1,-1
38,5,1495,627,269,150,1,-1,-1,-1
38,7,527,629,190,128,1,-1,-1,-1
38,9,863,667,236,131,1,-1,-1,-1
38,10,261,631,210,160,1,-1,-1,-1
38,11,571,636,220,112,1,-1,-1,-1
38,13,927,646,184,124,1,-1,-1,-1
38,14,1356,643,268,120,1,-1,-1,-1
39,0,2540,560,20,118,1,-1,-1,-1
39,1,1991,628,244,128,1,-1,-1,-1
39,4,635,630,190,146,1,-1,-1,-1
39,5,1503,627,269,150,1,-1,-1,-1
39,7,530,628,190,128,1,-1,-1,-1
39,9,874,667,225,124,1,-1,-1,-1
39,10,251,627,220,168,1,-1,-1,-1
39,11,572,637,220,112,1,-1,-1,-1
39,13,930,643,193,130,1,-1,-1,-1
39,14,1359,643,268,120,1,-1,-1,-1
40,1,1995,627,244,128,1,-1,-1,-1
40,4,655,634,181,139,1,-1,-1,-1
40,5,1515,629,256,143,1,-1,-1,-1
40,9,882,657,236,131,1,-1,-1,-1
40,10,259,628,220,168,1,-1,-1,-1
40,11,579,638,220,112,1,-1,-1,-1
40,13,940,642,193,130,1,-1,-1,-1
40,14,1363,644,268,120,1,-1,-1,-1
41,1,2004,624,244,132,1,-1,-1,-1
41,4,655,634,181,139,1,-1,-1,-1
41,5,1515,629,256,143,1,-1,-1,-1
41,9,882,657,236,131,1,-1,-1,-1
41,10,259,628,220,168,1,-1,-1,-1
41,11,579,638,220,112,1,-1,-1,-1
41,13,940,642,193,130,1,-1,-1,-1
41,14,1396,640,168,120,1,-1,-1,-1
41,15,88,656,204,140,1,-1,-1,-1
41,16,968,636,228,140,1,-1,-1,-1
41,17,364,624,156,168,1,-1,-1,-1
41,18,704,628,172,128,1,-1,-1,-1
41,19,1548,656,248,112,1,-1,-1,-1
42,1,2005,619,256,139,1,-1,-1,-1
42,4,659,636,181,139,1,-1,-1,-1
42,5,1536,635,256,143,1,-1,-1,-1
42,9,913,658,225,124,1,-1,-1,-1
42,10,275,624,220,168,1,-1,-1,-1
42,11,592,636,231,118,1,-1,-1,-1
42,13,974,641,193,130,1,-1,-1,-1
42,14,1403,640,168,120,1,-1,-1,-1
42,15,93,655,204,140,1,-1,-1,-1
42,16,980,635,228,140,1,-1,-1,-1
42,17,370,624,156,168,1,-1,-1,-1
42,18,710,627,172,128,1,-1,-1,-1
42,19,1553,655,248,112,1,-1,-1,-1
43,1,2011,617,256,139,1,-1,-1,-1
43,4,674,637,172,132,1,-1,-1,-1
43,5,1540,637,256,143,1,-1,-1,-1
43,11,594,636,231,118,1,-1,-1,-1
43,13,966,642,193,130,1,-1,-1,-1
43,14,1406,639,168,120,1,-1,-1,-1
43,15,98,654,204,140,1,-1,-1,-1
43,16,983,633,228,140,1,-1,-1,-1
43,17,375,625,156,168,1,-1,-1,-1
43,18,715,627,172,128,1,-1,-1,-1
43,19,1556,654,248,112,1,-1,-1,-1
44,1,2017,615,256,139,1,-1,-1,-1
44,4,682,638,172,132,1,-1,-1,-1
44,5,1544,634,256,143,1,-1,-1,-1
44,11,598,635,231,118,1,-1,-1,-1
44,13,963,641,203,137,1,-1,-1,-1
44,14,1407,639,168,120,1,-1,-1,-1
44,15,102,656,204,140,1,-1,-1,-1
44,16,995,635,217,133,1,-1,-1,-1
44,17,378,627,156,168,1,-1,-1,-1
44,18,721,627,172,128,1,-1,-1,-1
44,19,1557,651,260,118,1,-1,-1,-1
45,1,2021,614,256,139,1,-1,-1,-1
45,4,687,639,172,132,1,-1,-1,-1
45,5,1545,632,256,143,1,-1,-1,-1
45,11,602,635,231,118,1,-1,-1,-1
45,13,964,642,203,137,1,-1,-1,-1
45,14,1411,638,168,120,1,-1,-1,-1
45,15,106,658,204,140,1,-1,-1,-1
45,16,1000,633,217,133,1,-1,-1,-1
45,17,382,628,156,168,1,-1,-1,-1
45,18,723,628,172,128,1,-1,-1,-1
45,19,1560,651,260,118,1,-1,-1,-1
46,1,2034,612,256,139,1,-1,-1,-1
46,4,697,633,172,132,1,-1,-1,-1
46,5,1551,630,256,143,1,-1,-1,-1
46,11,616,631,231,118,1,-1,-1,-1
46,13,965,633,213,144,1,-1,-1,-1
46,14,1418,639,168,120,1,-1,-1,-1
46,15,112,661,204,140,1,-1,-1,-1
46,16,1008,633,217,133,1,-1,-1,-1
46,17,392,628,156,168,1,-1,-1,-1
46,18,732,626,172,128,1,-1,-1,-1
46,19,1564,647,273,123,1,-1,-1,-1
47,1,2037,611,256,139,1,-1,-1,-1
47,4,703,635,172,132,1,-1,-1,-1
47,5,1556,629,256,143,1,-1,-1,-1
47,11,615,632,231,118,1,-1,-1,-1
47,13,961,624,224,151,1,-1,-1,-1
47,14,1423,639,168,120,1,-1,-1,-1
47,15,116,664,204,140,1,-1,-1,-1
47,16,1007,627,217,133,1,-1,-1,-1
47,17,396,627,156,168,1,-1,-1,-1
47,18,734,626,172,128,1,-1,-1,-1
47,19,1568,645,273,123,1,-1,-1,-1
48,1,2042,609,256,139,1,-1,-1,-1
48,4,703,634,172,132,1,-1,-1,-1
48,5,1562,629,256,143,1,-1,-1,-1
48,11,619,629,231,118,1,-1,-1,-1
48,13,963,629,224,151,1,-1,-1,-1
48,14,1427,640,168,120,1,-1,-1,-1
48,15,126,671,194,133,1,-1,-1,-1
48,16,1014,631,207,127,1,-1,-1,-1
48,17,400,629,156,168,1,-1,-1,-1
48,18,732,623,181,134,1,-1,-1,-1
48,19,1579,646,260,118,1,-1,-1,-1
49,1,2064,608,244,148,1,-1,-1,-1
49,4,676,624,232,164,1,-1,-1,-1
49,5,1562,629,256,143,1,-1,-1,-1
49,11,619,629,231,118,1,-1,-1,-1
49,13,963,629,224,151,1,-1,-1,-1
49,14,1427,640,168,120,1,-1,-1,-1
49,15,108,668,212,132,1,-1,-1,-1
49,16,1014,631,207,127,1,-1,-1,-1
49,17,400,629,156,168,1,-1,-1,-1
49,18,732,623,181,134,1,-1,-1,-1
49,19,1444,640,404,140,1,-1,-1,-1
49,20,1048,620,204,144,1,-1,-1,-1
50,1,2070,609,244,148,1,-1,-1,-1
50,4,679,623,232,164,1,-1,-1,-1
50,5,1576,628,256,143,1,-1,-1,-1
50,11,641,630,220,112,1,-1,-1,-1
50,13,967,632,224,151,1,-1,-1,-1
50,14,1436,642,168,120,1,-1,-1,-1
50,15,111,668,212,132,1,-1,-1,-1
50,16,1032,634,197,121,1,-1,-1,-1
50,17,413,631,156,168,1,-1,-1,-1
50,18,736,625,181,134,1,-1,-1,-1
50,19,1446,643,404,140,1,-1,-1,-1
50,20,1052,621,204,144,1,-1,-1,-1
51,1,2074,609,244,148,1,-1,-1,-1
51,4,684,622,232,164,1,-1,-1,-1
51,5,1570,626,269,150,1,-1,-1,-1
51,11,652,632,210,107,1,-1,-1,-1
51,13,983,629,235,158,1,-1,-1,-1
51,14,1444,641,168,120,1,-1,-1,-1
51,15,114,667,212,132,1,-1,-1,-1
51,16,1036,634,197,121,1,-1,-1,-1
51,17,419,630,156,168,1,-1,-1,-1
51,18,742,623,181,134,1,-1,-1,-1
51,19,1449,645,404,140,1,-1,-1,-1
51,20,1056,622,204,144,1,-1,-1,-1
52,1,2078,610,244,148,1,-1,-1,-1
52,4,686,622,232,164,1,-1,-1,-1
52,5,1577,632,256,143,1,-1,-1,-1
52,11,653,633,210,107,1,-1,-1,-1
52,13,992,630,235,158,1,-1,-1,-1
52,14,1459,640,160,114,1,-1,-1,-1
52,15,116,668,212,132,1,-1,-1,-1
52,16,1037,634,197,121,1,-1,-1,-1
52,17,434,640,156,168,1,-1,-1,-1
52,18,748,625,172,128,1,-1,-1,-1
52,19,1440,643,424,147,1,-1,-1,-1
52,20,1056,622,204,144,1,-1,-1,-1
53,1,2084,610,244,148,1,-1,-1,-1
53,4,691,622,232,164,1,-1,-1,-1
53,5,1582,630,256,143,1,-1,-1,-1
53,11,659,636,200,102,1,-1,-1,-1
53,13,978,629,235,158,1,-1,-1,-1
53,14,1464,639,160,114,1,-1,-1,-1
53,15,117,668,212,132,1,-1,-1,-1
53,16,1034,632,207,127,1,-1,-1,-1
53,17,438,644,156,168,1,-1,-1,-1
53,18,764,623,172,128,1,-1,-1,-1
53,19,1443,641,424,147,1,-1,-1,-1
53,20,1058,621,204,144,1,-1,-1,-1
54,1,2091,607,244,148,1,-1,-1,-1
54,4,695,623,232,164,1,-1,-1,-1
54,5,1584,628,256,143,1,-1,-1,-1
54,11,667,632,210,107,1,-1,-1,-1
54,13,1049,615,235,158,1,-1,-1,-1
54,14,1471,640,160,114,1,-1,-1,-1
54,15,120,669,212,132,1,-1,-1,-1
54,16,1032,631,207,127,1,-1,-1,-1
54,17,432,640,164,176,1,-1,-1,-1
54,18,782,629,164,122,1,-1,-1,-1
54,19,1449,638,424,147,1,-1,-1,-1
54,20,1058,620,204,144,1,-1,-1,-1
55,1,2094,605,244,148,1,-1,-1,-1
55,4,696,625,232,164,1,-1,-1,-1
55,5,1594,630,256,143,1,-1,-1,-1
55,14,1476,641,160,114,1,-1,-1,-1
55,15,123,670,212,132,1,-1,-1,-1
55,16,1034,630,207,127,1,-1,-1,-1
55,17,434,642,164,176,1,-1,-1,-1
55,18,782,631,164,122,1,-1,-1,-1
55,19,1461,642,404,140,1,-1,-1,-1
55,20,1054,617,214,151,1,-1,-1,-1
56,1,2099,603,244,148,1,-1,-1,-1
56,4,696,625,232,164,1,-1,-1,-1
56,5,1604,628,244,136,1,-1,-1,-1
56,14,1476,641,160,114,1,-1,-1,-1
56,15,126,670,212,132,1,-1,-1,-1
56,16,1040,631,207,127,1,-1,-1,-1
56,17,433,641,164,176,1,-1,-1,-1
56,18,786,632,164,122,1,-1,-1,-1
56,19,1460,641,404,140,1,-1,-1,-1
56,20,1058,617,214,151,1,-1,-1,-1
57,1,2108,588,236,168,1,-1,-1,-1
57,4,696,625,232,164,1,-1,-1,-1
57,5,1596,624,288,152,1,-1,-1,-1
57,14,1476,641,160,114,1,-1,-1,-1
57,15,156,672,196,124,1,-1,-1,-1
57,16,1040,631,207,127,1,-1,-1,-1
57,17,433,641,164,176,1,-1,-1,-1
57,18,786,632,164,122,1,-1,-1,-1
57,19,1460,641,404,140,1,-1,-1,-1
57,20,1092,624,172,140,1,-1,-1,-1
57,21,728,656,200,140,1,-1,-1,-1
57,22,1480,656,172,108,1,-1,-1,-1
57,23,0,676,108,124,1,-1,-1,-1
58,1,2114,587,236,168,1,-1,-1,-1
58,4,697,626,232,164,1,-1,-1,-1
58,5,1599,624,288,152,1,-1,-1,-1
58,14,1485,646,152,109,1,-1,-1,-1
58,15,162,671,196,124,1,-1,-1,-1
58,16,1051,633,207,127,1,-1,-1,-1
58,17,441,645,164,176,1,-1,-1,-1
58,18,789,635,164,122,1,-1,-1,-1
58,19,1464,641,404,140,1,-1,-1,-1
58,20,1094,625,172,140,1,-1,-1,-1
58,21,728,656,200,140,1,-1,-1,-1
58,22,1483,657,172,108,1,-1,-1,-1
58,23,2,675,108,124,1,-1,-1,-1
59,1,2119,586,236,168,1,-1,-1,-1
59,4,698,628,232,164,1,-1,-1,-1
59,5,1605,625,288,152,1,-1,-1,-1
59,14,1489,646,152,109,1,-1,-1,-1
59,15,163,672,196,124,1,-1,-1,-1
59,16,1062,638,197,121,1,-1,-1,-1
59,17,440,641,164,176,1,-1,-1,-1
59,18,792,636,164,122,1,-1,-1,-1
59,19,1458,638,424,147,1,-1,-1,-1
59,20,1094,628,172,140,1,-1,-1,-1
59,21,729,658,200,140,1,-1,-1,-1
59,22,1485,658,172,108,1,-1,-1,-1
59,23,3,674,108,124,1,-1,-1,-1
60,1,2122,587,236,168,1,-1,-1,-1
60,4,701,629,232,164,1,-1,-1,-1
60,5,1607,624,288,152,1,-1,-1,-1
60,14,1491,649,152,109,1,-1,-1,-1
60,15,165,672,196,124,1,-1,-1,-1
60,16,1056,632,207,127,1,-1,-1,-1
60,17,448,647,164,176,1,-1,-1,-1
60,18,792,636,164,122,1,-1,-1,-1
60,19,1460,640,424,147,1,-1,-1,-1
60,20,1096,629,172,140,1,-1,-1,-1
60,21,732,658,200,140,1,-1,-1,-1
60,22,1488,660,172,108,1,-1,-1,-1
60,23,3,673,108,124,1,-1,-1,-1
61,1,2126,587,236,168,1,-1,-1,-1
61,4,702,628,232,164,1,-1,-1,-1
61,5,1610,623,288,152,1,-1,-1,-1
61,14,1493,652,152,109,1,-1,-1,-1
61,15,171,674,187,118,1,-1,-1,-1
61,17,450,652,164,176,1,-1,-1,-1
61,18,794,636,164,122,1,-1,-1,-1
61,19,1469,645,404,140,1,-1,-1,-1
61,20,1095,629,172,140,1,-1,-1,-1
61,21,732,658,200,140,1,-1,-1,-1
61,22,1489,661,172,108,1,-1,-1,-1
61,23,4,673,108,124,1,-1,-1,-1
62,1,2135,588,236,168,1,-1,-1,-1
62,4,712,632,221,156,1,-1,-1,-1
62,5,1615,624,288,152,1,-1,-1,-1
62,14,1494,649,160,114,1,-1,-1,-1
62,15,177,675,187,118,1,-1,-1,-1
62,18,794,635,164,122,1,-1,-1,-1
62,19,1470,640,424,147,1,-1,-1,-1
62,20,1097,629,172,140,1,-1,-1,-1
62,21,735,659,200,140,1,-1,-1,-1
62,22,1489,662,172,108,1,-1,-1,-1
62,23,7,675,108,124,1,-1,-1,-1
63,1,2136,585,248,176,1,-1,-1,-1
63,4,715,633,221,156,1,-1,-1,-1
63,5,1619,625,288,152,1,-1,-1,-1
63,14,1499,648,160,114,1,-1,-1,-1
63,15,179,675,187,118,1,-1,-1,-1
63,18,796,634,164,122,1,-1,-1,-1
63,19,1470,643,424,147,1,-1,-1,-1
63,20,1100,629,172,140,1,-1,-1,-1
63,21,735,659,200,140,1,-1,-1,-1
63,22,1489,662,181,113,1,-1,-1,-1
63,23,8,675,108,124,1,-1,-1,-1
64,1,2141,586,248,176,1,-1,-1,-1
64,4,725,633,221,156,1,-1,-1,-1
64,5,1611,622,302,160,1,-1,-1,-1
64,14,1496,645,168,120,1,-1,-1,-1
64,15,174,672,196,124,1,-1,-1,-1
64,18,797,634,164,122,1,-1,-1,-1
64,19,1474,643,424,147,1,-1,-1,-1
64,20,1099,628,172,140,1,-1,-1,-1
64,21,734,660,200,140,1,-1,-1,-1
64,22,1486,659,181,113,1,-1,-1,-1
64,23,7,675,108,124,1,-1,-1,-1
65,1,2140,596,268,156,1,-1,-1,-1
65,4,725,633,221,156,1,-1,-1,-1
65,5,1656,636,260,140,1,-1,-1,-1
65,14,1496,645,168,120,1,-1,-1,-1
65,15,174,672,196,124,1,-1,-1,-1
65,18,797,634,164,122,1,-1,-1,-1
65,19,1474,643,424,147,1,-1,-1,-1
65,20,1084,628,204,136,1,-1,-1,-1
65,21,734,660,200,140,1,-1,-1,-1
65,22,1486,659,181,113,1,-1,-1,-1
65,23,0,676,120,116,1,-1,-1,-1
65,24,208,692,184,100,1,-1,-1,-1
65,25,776,652,168,128,1,-1,-1,-1
66,1,2145,598,268,156,1,-1,-1,-1
66,4,738,635,221,156,1,-1,-1,-1
66,5,1664,637,260,140,1,-1,-1,-1
66,14,1504,650,160,114,1,-1,-1,-1
66,15,186,670,196,124,1,-1,-1,-1
66,18,802,641,164,122,1,-1,-1,-1
66,19,1458,643,445,154,1,-1,-1,-1
66,20,1086,629,204,136,1,-1,-1,-1
66,21,739,662,200,140,1,-1,-1,-1
66,22,1488,661,181,113,1,-1,-1,-1
66,23,2,676,120,116,1,-1,-1,-1
66,24,217,694,175,95,1,-1,-1,-1
66,25,778,654,168,128,1,-1,-1,-1
67,1,2149,600,268,156,1,-1,-1,-1
67,4,736,638,221,156,1,-1,-1,-1
67,5,1671,642,248,133,1,-1,-1,-1
67,14,1505,650,160,114,1,-1,-1,-1
67,15,221,664,206,130,1,-1,-1,-1
67,18,801,643,164,122,1,-1,-1,-1
67,19,1488,638,445,154,1,-1,-1,-1
67,20,1088,630,204,136,1,-1,-1,-1
67,21,740,663,200,140,1,-1,-1,-1
67,22,1490,661,181,113,1,-1,-1,-1
67,23,2,677,120,116,1,-1,-1,-1
67,24,219,697,175,95,1,-1,-1,-1
67,25,779,655,168,128,1,-1,-1,-1
68,1,2151,600,268,156,1,-1,-1,-1
68,4,736,639,221,156,1,-1,-1,-1
68,5,1664,644,248,133,1,-1,-1,-1
68,14,1511,650,160,114,1,-1,-1,-1
68,15,233,665,206,130,1,-1,-1,-1
68,18,802,645,164,122,1,-1,-1,-1
68,19,1481,637,445,154,1,-1,-1,-1
68,20,1089,631,204,136,1,-1,-1,-1
68,21,741,664,200,140,1,-1,-1,-1
68,22,1492,662,181,113,1,-1,-1,-1
68,23,3,678,120,116,1,-1,-1,-1
68,24,223,697,175,95,1,-1,-1,-1
68,25,781,657,168,128,1,-1,-1,-1
69,1,2147,595,281,164,1,-1,-1,-1
69,4,739,641,221,156,1,-1,-1,-1
69,5,1669,646,248,133,1,-1,-1,-1
69,14,1509,648,168,120,1,-1,-1,-1
69,15,222,664,206,130,1,-1,-1,-1
69,18,804,646,164,122,1,-1,-1,-1
69,19,1507,629,445,154,1,-1,-1,-1
69,20,1088,631,204,136,1,-1,-1,-1
69,21,752,668,190,133,1,-1,-1,-1
69,22,1493,661,181,113,1,-1,-1,-1
69,23,5,681,120,116,1,-1,-1,-1
69,24,223,698,175,95,1,-1,-1,-1
69,25,781,659,168,128,1,-1,-1,-1
70,1,2153,596,281,164,1,-1,-1,-1
70,4,742,642,221,156,1,-1,-1,-1
70,5,1685,646,248,133,1,-1,-1,-1
70,14,1512,656,160,114,1,-1,-1,-1
70,15,203,665,196,124,1,-1,-1,-1
70,18,809,650,164,122,1,-1,-1,-1
70,19,1496,632,445,154,1,-1,-1,-1
70,20,1084,634,204,136,1,-1,-1,-1
70,21,766,666,190,133,1,-1,-1,-1
70,22,1496,663,181,113,1,-1,-1,-1
70,23,4,684,120,116,1,-1,-1,-1
70,24,219,697,184,100,1,-1,-1,-1
70,25,787,663,160,122,1,-1,-1,-1
71,1,2158,595,281,164,1,-1,-1,-1
71,4,745,643,221,156,1,-1,-1,-1
71,5,1693,650,236,127,1,-1,-1,-1
71,14,1512,654,168,120,1,-1,-1,-1
71,15,208,670,187,118,1,-1,-1,-1
71,18,810,650,164,122,1,-1,-1,-1
71,19,1508,643,424,147,1,-1,-1,-1
71,20,1079,634,214,143,1,-1,-1,-1
71,21,768,666,190,133,1,-1,-1,-1
71,22,1501,663,181,113,1,-1,-1,-1
71,23,7,684,120,116,1,-1,-1,-1
71,24,222,695,184,100,1,-1,-1,-1
71,25,788,664,160,122,1,-1,-1,-1
72,1,2161,597,281,164,1,-1,-1,-1
72,4,749,641,221,156,1,-1,-1,-1
72,5,1697,657,225,121,1,-1,-1,-1
72,14,1511,650,176,126,1,-1,-1,-1
72,15,215,668,187,118,1,-1,-1,-1
72,18,814,650,164,122,1,-1,-1,-1
72,19,1495,637,445,154,1,-1,-1,-1
72,20,1073,636,214,143,1,-1,-1,-1
72,21,776,664,190,133,1,-1,-1,-1
72,22,1502,665,181,113,1,-1,-1,-1
72,23,6,682,126,122,1,-1,-1,-1
72,24,223,696,184,100,1,-1,-1,-1
72,25,790,664,160,122,1,-1,-1,-1
73,1,2176,600,260,160,1,-1,-1,-1
73,4,749,641,221,156,1,-1,-1,-1
73,5,1696,680,184,96,1,-1,-1,-1
73,14,1511,650,176,126,1,-1,-1,-1
73,15,215,668,187,118,1,-1,-1,-1
73,18,814,650,164,122,1,-1,-1,-1
73,19,1495,637,445,154,1,-1,-1,-1
73,20,1096,652,220,128,1,-1,-1,-1
73,21,776,664,190,133,1,-1,-1,-1
73,22,1502,665,181,113,1,-1,-1,-1
73,23,0,684,148,136,1,-1,-1,-1
73,24,223,696,184,100,1,-1,-1,-1
73,25,790,664,160,122,1,-1,-1,-1
73,26,820,664,152,144,1,-1,-1,-1
73,27,628,664,184,128,1,-1,-1,-1
73,28,504,652,156,132,1,-1,-1,-1
73,29,1692,628,276,156,1,-1,-1,-1
73,30,332,680,192,128,1,-1,-1,-1
74,1,2174,599,273,168,1,-1,-1,-1
74,4,761,641,221,156,1,-1,-1,-1
74,5,1701,681,184,96,1,-1,-1,-1
74,14,1507,649,176,126,1,-1,-1,-1
74,15,212,667,187,118,1,-1,-1,-1
74,18,826,651,164,122,1,-1,-1,-1
74,19,1488,636,468,162,1,-1,-1,-1
74,20,1098,654,220,128,1,-1,-1,-1
74,21,788,670,181,127,1,-1,-1,-1
74,22,1504,666,181,113,1,-1,-1,-1
74,23,4,684,148,136,1,-1,-1,-1
74,24,223,687,193,105,1,-1,-1,-1
74,25,794,666,160,122,1,-1,-1,-1
74,26,823,665,152,144,1,-1,-1,-1
74,27,631,665,184,128,1,-1,-1,-1
74,28,506,652,156,132,1,-1,-1,-1
74,29,1697,629,276,156,1,-1,-1,-1
74,30,336,681,192,128,1,-1,-1,-1
75,1,2177,601,273,168,1,-1,-1,-1
75,4,761,643,221,156,1,-1,-1,-1
75,5,1705,681,184,96,1,-1,-1,-1
75,14,1513,652,168,120,1,-1,-1,-1
75,15,208,667,187,118,1,-1,-1,-1
75,18,833,653,164,122,1,-1,-1,-1
75,19,1478,640,468,162,1,-1,-1,-1
75,20,1100,656,220,128,1,-1,-1,-1
75,21,788,672,181,127,1,-1,-1,-1
75,22,1506,669,181,113,1,-1,-1,-1
75,23,3,685,148,136,1,-1,-1,-1
75,24,223,683,203,110,1,-1,-1,-1
75,25,806,668,152,116,1,-1,-1,-1
75,26,824,667,152,144,1,-1,-1,-1
75,27,634,667,184,128,1,-1,-1,-1
75,28,510,655,156,132,1,-1,-1,-1
75,29,1696,628,276,156,1,-1,-1,-1
75,30,339,682,192,128,1,-1,-1,-1
76,1,2187,606,260,160,1,-1,-1,-1
76,4,763,642,221,156,1,-1,-1,-1
76,5,1710,681,184,96,1,-1,-1,-1
76,14,1519,651,168,120,1,-1,-1,-1
76,15,208,667,187,118,1,-1,-1,-1
76,18,832,657,164,122,1,-1,-1,-1
76,20,1101,658,220,128,1,-1,-1,-1
76,21,792,670,181,127,1,-1,-1,-1
76,22,1513,670,172,108,1,-1,-1,-1
76,23,5,686,148,136,1,-1,-1,-1
76,24,224,679,213,116,1,-1,-1,-1
76,25,801,666,152,116,1,-1,-1,-1
76,26,825,667,152,144,1,-1,-1,-1
76,27,634,669,184,128,1,-1,-1,-1
76,28,512,656,156,132,1,-1,-1,-1
76,29,1699,629,276,156,1,-1,-1,-1
76,30,341,683,192,128,1,-1,-1,-1
77,1,2192,606,260,160,1,-1,-1,-1
77,4,774,645,210,149,1,-1,-1,-1
77,5,1719,687,175,91,1,-1,-1,-1
77,14,1524,655,160,114,1,-1,-1,-1
77,15,209,663,187,118,1,-1,-1,-1
77,18,835,657,164,122,1,-1,-1,-1
77,20,1103,659,220,128,1,-1,-1,-1
77,21,795,672,181,127,1,-1,-1,-1
77,22,1518,668,172,108,1,-1,-1,-1
77,23,5,686,148,136,1,-1,-1,-1
77,24,221,677,213,116,1,-1,-1,-1
77,25,813,663,152,116,1,-1,-1,-1
77,26,825,668,152,144,1,-1,-1,-1
77,27,634,671,184,128,1,-1,-1,-1
77,28,513,657,156,132,1,-1,-1,-1
77,29,1705,632,276,156,1,-1,-1,-1
77,30,345,684,192,128,1,-1,-1,-1
78,1,2199,605,260,160,1,-1,-1,-1
78,4,776,643,210,149,1,-1,-1,-1
78,5,1723,689,175,91,1,-1,-1,-1
78,14,1528,653,168,120,1,-1,-1,-1
78,15,216,664,187,118,1,-1,-1,-1
78,18,843,653,164,122,1,-1,-1,-1
78,20,1104,660,220,128,1,-1,-1,-1
78,21,798,673,181,127,1,-1,-1,-1
78,22,1529,671,172,108,1,-1,-1,-1
78,23,1,684,155,143,1,-1,-1,-1
78,24,223,677,213,116,1,-1,-1,-1
78,25,821,668,152,116,1,-1,-1,-1
78,26,825,669,152,144,1,-1,-1,-1
78,27,640,673,184,128,1,-1,-1,-1
78,28,517,657,156,132,1,-1,-1,-1
78,29,1703,632,276,156,1,-1,-1,-1
78,30,340,682,202,134,1,-1,-1,-1
79,1,2202,606,260,160,1,-1,-1,-1
79,4,778,644,210,149,1,-1,-1,-1
79,5,1727,690,175,91,1,-1,-1,-1
79,14,1530,652,168,120,1,-1,-1,-1
79,15,217,662,187,118,1,-1,-1,-1
79,18,843,650,164,122,1,-1,-1,-1
79,20,1105,660,220,128,1,-1,-1,-1
79,21,799,672,181,127,1,-1,-1,-1
79,22,1526,671,181,113,1,-1,-1,-1
79,23,2,684,155,143,1,-1,-1,-1
79,24,224,678,213,116,1,-1,-1,-1
79,25,826,667,152,116,1,-1,-1,-1
79,26,825,670,152,144,1,-1,-1,-1
79,27,641,672,184,128,1,-1,-1,-1
79,28,520,658,156,132,1,-1,-1,-1
79,29,1704,636,276,156,1,-1,-1,-1
79,30,338,682,202,134,1,-1,-1,-1
80,1,2203,604,260,160,1,-1,-1,-1
80,4,779,645,210,149,1,-1,-1,-1
80,5,1736,690,175,91,1,-1,-1,-1
80,14,1529,653,168,120,1,-1,-1,-1
80,15,218,663,187,118,1,-1,-1,-1
80,20,1107,660,220,128,1,-1,-1,-1
80,21,800,674,181,127,1,-1,-1,-1
80,22,1528,669,181,113,1,-1,-1,-1
80,23,6,683,155,143,1,-1,-1,-1
80,24,232,678,213,116,1,-1,-1,-1
80,25,828,666,152,116,1,-1,-1,-1
80,26,823,671,152,144,1,-1,-1,-1
80,27,637,668,193,134,1,-1,-1,-1
80,28,524,660,156,132,1,-1,-1,-1
80,29,1695,634,290,164,1,-1,-1,-1
80,30,344,684,192,128,1,-1,-1,-1
81,1,2216,616,264,152,1,-1,-1,-1
81,4,779,645,210,149,1,-1,-1,-1
81,5,1732,700,128,80,1,-1,-1,-1
81,14,1529,653,168,120,1,-1,-1,-1
81,15,212,668,184,120,1,-1,-1,-1
81,20,1124,656,216,128,1,-1,-1,-1
81,21,800,674,181,127,1,-1,-1,-1
81,22,1528,669,181,113,1,-1,-1,-1
81,23,6,683,155,143,1,-1,-1,-1
81,24,232,678,213,116,1,-1,-1,-1
81,25,828,666,152,116,1,-1,-1,-1
81,26,823,671,152,144,1,-1,-1,-1
81,27,637,668,193,134,1,-1,-1,-1
81,28,488,664,208,156,1,-1,-1,-1
81,29,1695,634,290,164,1,-1,-1,-1
81,30,344,684,192,128,1,-1,-1,-1
81,31,664,656,220,144,1,-1,-1,-1
82,1,2220,613,264,152,1,-1,-1,-1
82,4,778,644,221,156,1,-1,-1,-1
82,5,1741,699,128,80,1,-1,-1,-1
82,14,1536,660,160,114,1,-1,-1,-1
82,15,214,669,184,120,1,-1,-1,-1
82,20,1125,656,216,128,1,-1,-1,-1
82,21,796,671,190,133,1,-1,-1,-1
82,22,1535,670,181,113,1,-1,-1,-1
82,23,14,685,155,143,1,-1,-1,-1
82,24,235,679,203,110,1,-1,-1,-1
82,25,827,669,160,122,1,-1,-1,-1
82,26,814,670,152,144,1,-1,-1,-1
82,27,653,668,193,134,1,-1,-1,-1
82,28,491,664,208,156,1,-1,-1,-1
82,29,1701,631,290,164,1,-1,-1,-1
82,30,353,683,192,128,1,-1,-1,-1
82,31,667,657,220,144,1,-1,-1,-1
83,1,2223,614,264,152,1,-1,-1,-1
83,4,780,644,221,156,1,-1,-1,-1
83,5,1744,696,128,80,1,-1,-1,-1
83,14,1539,662,160,114,1,-1,-1,-1
83,15,215,670,184,120,1,-1,-1,-1
83,20,1126,658,216,128,1,-1,-1,-1
83,21,801,674,190,133,1,-1,-1,-1
83,22,1537,670,181,113,1,-1,-1,-1
83,23,16,684,155,143,1,-1,-1,-1
83,24,237,678,203,110,1,-1,-1,-1
83,25,827,668,160,122,1,-1,-1,-1
83,26,816,673,152,144,1,-1,-1,-1
83,27,655,669,193,134,1,-1,-1,-1
83,28,494,665,208,156,1,-1,-1,-1
83,29,1705,632,290,164,1,-1,-1,-1
83,30,357,683,192,128,1,-1,-1,-1
83,31,663,653,231,151,1,-1,-1,-1
84,1,2224,614,264,152,1,-1,-1,-1
84,4,788,649,210,149,1,-1,-1,-1
84,5,1752,694,128,80,1,-1,-1,-1
84,15,215,670,184,120,1,-1,-1,-1
84,20,1130,659,216,128,1,-1,-1,-1
84,21,803,673,190,133,1,-1,-1,-1
84,22,1541,671,181,113,1,-1,-1,-1
84,23,20,682,155,143,1,-1,-1,-1
84,24,238,679,203,110,1,-1,-1,-1
84,25,834,671,152,116,1,-1,-1,-1
84,26,814,669,160,151,1,-1,-1,-1
84,27,657,670,193,134,1,-1,-1,-1
84,28,496,666,208,156,1,-1,-1,-1
84,29,1704,632,290,164,1,-1,-1,-1
84,30,346,683,192,128,1,-1,-1,-1
84,31,668,654,231,151,1,-1,-1,-1
85,1,2228,615,264,152,1,-1,-1,-1
85,4,790,648,210,149,1,-1,-1,-1
85,5,1761,689,128,80,1,-1,-1,-1
85,15,216,671,184,120,1,-1,-1,-1
85,20,1125,656,227,134,1,-1,-1,-1
85,21,795,668,200,140,1,-1,-1,-1
85,22,1553,671,172,108,1,-1,-1,-1
85,23,24,692,148,136,1,-1,-1,-1
85,24,243,680,203,110,1,-1,-1,-1
85,25,834,673,152,116,1,-1,-1,-1
85,26,813,667,160,151,1,-1,-1,-1
85,27,663,670,193,134,1,-1,-1,-1
85,28,497,666,208,156,1,-1,-1,-1
85,29,1704,630,290,164,1,-1,-1,-1
85,30,352,685,192,128,1,-1,-1,-1
85,31,675,657,220,144,1,-1,-1,-1
86,1,2235,616,264,152,1,-1,-1,-1
86,4,788,647,221,156,1,-1,-1,-1
86,5,1775,684,128,80,1,-1,-1,-1
86,15,219,671,184,120,1,-1,-1,-1
86,20,1128,656,227,134,1,-1,-1,-1
86,21,797,670,200,140,1,-1,-1,-1
86,22,1565,670,172,108,1,-1,-1,-1
86,23,30,692,148,136,1,-1,-1,-1
86,25,839,672,152,116,1,-1,-1,-1
86,26,814,669,160,151,1,-1,-1,-1
86,27,669,670,193,134,1,-1,-1,-1
86,28,501,668,208,156,1,-1,-1,-1
86,29,1748,630,304,172,1,-1,-1,-1
86,30,369,683,192,128,1,-1,-1,-1
86,31,680,659,220,144,1,-1,-1,-1
87,1,2237,615,264,152,1,-1,-1,-1
87,4,789,647,221,156,1,-1,-1,-1
87,5,1786,683,128,80,1,-1,-1,-1
87,15,219,674,184,120,1,-1,-1,-1
87,20,1131,655,227,134,1,-1,-1,-1
87,21,803,675,190,133,1,-1,-1,-1
87,22,1570,670,172,108,1,-1,-1,-1
87,23,23,686,155,143,1,-1,-1,-1
87,25,836,670,160,122,1,-1,-1,-1
87,26,813,668,160,151,1,-1,-1,-1
87,27,674,666,193,134,1,-1,-1,-1
87,28,502,668,208,156,1,-1,-1,-1
87,29,1749,632,304,172,1,-1,-1,-1
87,30,380,683,192,128,1,-1,-1,-1
87,31,682,657,220,144,1,-1,-1,-1
88,1,2240,614,264,152,1,-1,-1,-1
88,4,797,650,210,149,1,-1,-1,-1
88,5,1794,683,128,80,1,-1,-1,-1
88,15,219,675,184,120,1,-1,-1,-1
88,20,1137,657,216,128,1,-1,-1,-1
88,21,809,679,181,127,1,-1,-1,-1
88,22,1576,671,172,108,1,-1,-1,-1
88,23,17,686,155,143,1,-1,-1,-1
88,25,833,667,168,128,1,-1,-1,-1
88,26,811,668,160,151,1,-1,-1,-1
88,27,680,670,184,128,1,-1,-1,-1
88,28,498,662,218,164,1,-1,-1,-1
88,29,1772,643,290,164,1,-1,-1,-1
88,30,378,683,192,128,1,-1,-1,-1
88,31,692,657,210,137,1,-1,-1,-1
89,1,2264,604,228,148,1,-1,-1,-1
89,4,797,650,210,149,1,-1,-1,-1
89,5,1794,683,128,80,1,-1,-1,-1
89,15,219,675,184,120,1,-1,-1,-1
89,20,1160,660,224,132,1,-1,-1,-1
89,21,809,679,181,127,1,-1,-1,-1
89,22,1572,664,200,124,1,-1,-1,-1
89,23,17,686,155,143,1,-1,-1,-1
89,25,836,656,184,152,1,-1,-1,-1
89,26,811,668,160,151,1,-1,-1,-1
89,27,680,670,184,128,1,-1,-1,-1
89,28,498,662,218,164,1,-1,-1,-1
89,29,1772,643,290,164,1,-1,-1,-1
89,30,378,683,192,128,1,-1,-1,-1
89,31,692,657,210,137,1,-1,-1,-1
89,32,1808,672,260,108,1,-1,-1,-1
90,1,2346,596,214,148,1,-1,-1,-1
90,4,798,671,210,149,1,-1,-1,-1
90,5,1806,696,128,80,1,-1,-1,-1
90,15,159,666,184,120,1,-1,-1,-1
90,20,1160,657,235,139,1,-1,-1,-1
90,21,753,672,190,133,1,-1,-1,-1
90,22,1610,658,200,124,1,-1,-1,-1
90,23,0,663,119,143,1,-1,-1,-1
90,25,818,652,193,160,1,-1,-1,-1
90,26,784,668,160,151,1,-1,-1,-1
90,27,674,666,184,128,1,-1,-1,-1
90,28,470,643,229,172,1,-1,-1,-1
90,29,1841,631,304,172,1,-1,-1,-1
90,30,334,675,202,134,1,-1,-1,-1
90,31,655,651,200,131,1,-1,-1,-1
90,32,1861,663,273,113,1,-1,-1,-1
91,1,2386,592,174,148,1,-1,-1,-1
91,4,740,656,210,149,1,-1,-1,-1
91,5,1873,697,122,76,1,-1,-1,-1
91,15,139,667,184,120,1,-1,-1,-1
91,20,1158,655,247,146,1,-1,-1,-1
91,21,662,667,200,140,1,-1,-1,-1
91,22,1622,655,210,130,1,-1,-1,-1
91,23,1,681,148,136,1,-1,-1,-1
91,25,797,650,193,160,1,-1,-1,-1
91,26,768,666,160,151,1,-1,-1,-1
91,27,657,666,184,128,1,-1,-1,-1
91,28,437,653,229,172,1,-1,-1,-1
91,29,1873,632,304,172,1,-1,-1,-1
91,30,304,674,212,141,1,-1,-1,-1
91,31,641,651,200,131,1,-1,-1,-1
91,32,1895,660,273,113,1,-1,-1,-1
92,1,2425,590,135,148,1,-1,-1,-1
92,4,735,649,221,156,1,-1,-1,-1
92,5,1901,685,122,76,1,-1,-1,-1
92,15,103,667,193,126,1,-1,-1,-1
92,20,1158,648,259,153,1,-1,-1,-1
92,21,644,672,200,140,1,-1,-1,-1
92,22,1638,654,210,130,1,-1,-1,-1
92,23,0,677,142,136,1,-1,-1,-1
92,25,793,648,193,160,1,-1,-1,-1
92,26,760,662,168,159,1,-1,-1,-1
92,27,645,661,193,134,1,-1,-1,-1
92,28,425,654,229,172,1,-1,-1,-1
92,29,1902,633,304,172,1,-1,-1,-1
92,30,285,670,212,141,1,-1,-1,-1
92,31,658,653,200,131,1,-1,-1,-1
92,32,1918,655,287,119,1,-1,-1,-1
93,1,2454,589,106,148,1,-1,-1,-1
93,4,742,643,221,156,1,-1,-1,-1
93,5,1927,667,122,76,1,-1,-1,-1
93,15,88,669,184,120,1,-1,-1,-1
93,20,1163,646,259,153,1,-1,-1,-1
93,21,633,669,210,147,1,-1,-1,-1
93,22,1655,653,210,130,1,-1,-1,-1
93,23,20,664,148,136,1,-1,-1,-1
93,25,782,645,203,168,1,-1,-1,-1
93,26,751,663,168,159,1,-1,-1,-1
93,27,632,661,193,134,1,-1,-1,-1
93,28,417,654,229,172,1,-1,-1,-1
93,29,1924,632,304,172,1,-1,-1,-1
93,30,275,668,212,141,1,-1,-1,-1
93,31,640,651,210,137,1,-1,-1,-1
93,32,1933,653,301,125,1,-1,-1,-1
94,1,2496,575,64,148,1,-1,-1,-1
94,4,737,643,221,156,1,-1,-1,-1
94,5,1955,663,128,80,1,-1,-1,-1
94,15,56,665,193,126,1,-1,-1,-1
94,20,1176,644,259,153,1,-1,-1,-1
94,21,617,663,220,154,1,-1,-1,-1
94,22,1688,645,220,137,1,-1,-1,-1
94,23,2,656,148,136,1,-1,-1,-1
94,25,772,636,213,176,1,-1,-1,-1
94,26,739,657,176,167,1,-1,-1,-1
94,27,626,660,193,134,1,-1,-1,-1
94,28,403,653,229,172,1,-1,-1,-1
94,29,1957,631,304,172,1,-1,-1,-1
94,30,258,664,212,141,1,-1,-1,-1
94,31,631,647,220,144,1,-1,-1,-1
94,32,1964,648,301,125,1,-1,-1,-1
95,1,2496,504,64,148,1,-1,-1,-1
95,4,730,641,221,156,1,-1,-1,-1
95,5,1972,658,134,84,1,-1,-1,-1
95,15,35,669,193,126,1,-1,-1,-1
95,20,1177,642,259,153,1,-1,-1,-1
95,21,607,659,232,162,1,-1,-1,-1
95,22,1708,642,220,137,1,-1,-1,-1
95,23,0,660,136,136,1,-1,-1,-1
95,25,760,630,224,185,1,-1,-1,-1
95,26,723,649,185,175,1,-1,-1,-1
95,27,617,657,203,141,1,-1,-1,-1
95,28,395,646,241,181,1,-1,-1,-1
95,29,1982,629,304,172,1,-1,-1,-1
95,30,248,664,212,141,1,-1,-1,-1
95,31,620,644,231,151,1,-1,-1,-1
95,32,1987,647,301,125,1,-1,-1,-1
96,1,2405,458,155,148,1,-1,-1,-1
96,4,721,635,232,164,1,-1,-1,-1
96,5,1995,653,141,88,1,-1,-1,-1
96,15,8,668,203,132,1,-1,-1,-1
96,20,1169,635,272,160,1,-1,-1,-1
96,21,601,660,232,162,1,-1,-1,-1
96,22,1726,627,232,144,1,-1,-1,-1
96,23,0,668,119,136,1,-1,-1,-1
96,25,754,628,224,185,1,-1,-1,-1
96,26,716,648,185,175,1,-1,-1,-1
96,27,612,656,203,141,1,-1,-1,-1
96,28,386,643,241,181,1,-1,-1,-1
96,29,2015,628,304,172,1,-1,-1,-1
96,30,232,658,222,148,1,-1,-1,-1
96,31,625,642,231,151,1,-1,-1,-1
96,32,2005,640,316,131,1,-1,-1,-1
97,1,2405,458,155,148,1,-1,-1,-1
97,4,721,635,232,164,1,-1,-1,-1
97,5,1995,653,141,88,1,-1,-1,-1
97,15,8,668,188,140,1,-1,-1,-1
97,20,1169,635,272,160,1,-1,-1,-1
97,21,601,660,232,162,1,-1,-1,-1
97,22,1736,620,260,176,1,-1,-1,-1
97,23,0,668,119,136,1,-1,-1,-1
97,25,776,596,224,224,1,-1,-1,-1
97,26,716,648,185,175,1,-1,-1,-1
97,27,612,656,203,141,1,-1,-1,-1
97,28,386,643,241,181,1,-1,-1,-1
97,29,2015,628,304,172,1,-1,-1,-1
97,30,232,658,222,148,1,-1,-1,-1
97,31,625,642,231,151,1,-1,-1,-1
97,32,2020,624,316,160,1,-1,-1,-1
97,33,428,628,220,180,1,-1,-1,-1
97,34,1124,632,336,132,1,-1,-1,-1
97,35,216,640,228,152,1,-1,-1,-1
98,1,2311,448,228,148,1,-1,-1,-1
98,4,703,636,232,164,1,-1,-1,-1
98,5,2052,655,141,88,1,-1,-1,-1
98,15,0,664,170,147,1,-1,-1,-1
98,20,1193,632,272,160,1,-1,-1,-1
98,21,582,661,232,162,1,-1,-1,-1
98,22,1771,619,260,176,1,-1,-1,-1
98,23,0,671,155,143,1,-1,-1,-1
98,25,775,594,224,224,1,-1,-1,-1
98,26,688,643,194,184,1,-1,-1,-1
98,27,606,654,203,141,1,-1,-1,-1
98,28,377,632,241,181,1,-1,-1,-1
98,29,2069,622,320,181,1,-1,-1,-1
98,30,199,653,222,148,1,-1,-1,-1
98,31,620,641,231,151,1,-1,-1,-1
98,32,2062,623,316,160,1,-1,-1,-1
98,33,411,627,220,180,1,-1,-1,-1
98,34,1129,629,336,132,1,-1,-1,-1
98,35,192,637,228,152,1,-1,-1,-1
99,1,2315,449,239,155,1,-1,-1,-1
99,4,698,634,232,164,1,-1,-1,-1
99,5,2075,650,148,93,1,-1,-1,-1
99,15,0,665,148,147,1,-1,-1,-1
99,20,1196,627,286,168,1,-1,-1,-1
99,21,574,658,232,162,1,-1,-1,-1
99,22,1796,619,260,176,1,-1,-1,-1
99,23,0,667,143,150,1,-1,-1,-1
99,25,768,593,224,224,1,-1,-1,-1
99,26,679,644,194,184,1,-1,-1,-1
99,28,351,632,253,190,1,-1,-1,-1
99,29,2090,614,335,190,1,-1,-1,-1
99,30,180,651,222,148,1,-1,-1,-1
99,31,621,644,220,144,1,-1,-1,-1
99,32,2084,617,332,168,1,-1,-1,-1
99,33,401,626,220,180,1,-1,-1,-1
99,34,1135,628,336,132,1,-1,-1,-1
99,35,172,637,228,152,1,-1,-1,-1
100,5,2099,649,148,93,1,-1,-1,-1
100,15,0,663,130,147,1,-1,-1,-1
100,21,569,656,232,162,1,-1,-1,-1
100,22,1827,623,248,168,1,-1,-1,-1
100,25,763,594,224,224,1,-1,-1,-1
100,26,664,639,204,193,1,-1,-1,-1
100,29,2102,605,352,199,1,-1,-1,-1
100,32,2115,615,332,168,1,-1,-1,-1
100,33,393,626,220,180,1,-1,-1,-1
100,34,1151,628,336,132,1,-1,-1,-1
100,35,152,634,239,160,1,-1,-1,-1
101,5,2123,646,148,93,1,-1,-1,-1
101,15,0,662,108,147,1,-1,-1,-1
101,21,562,653,232,162,1,-1,-1,-1
101,22,1845,619,260,176,1,-1,-1,-1
101,25,753,592,224,224,1,-1,-1,-1
101,26,646,630,214,203,1,-1,-1,-1
101,29,2128,596,370,209,1,-1,-1,-1
101,32,2142,614,332,168,1,-1,-1,-1
101,33,382,625,220,180,1,-1,-1,-1
101,34,1142,627,353,139,1,-1,-1,-1
101,35,136,633,239,160,1,-1,-1,-1
102,5,2171,646,148,93,1,-1,-1,-1
102,15,0,659,66,147,1,-1,-1,-1
102,21,552,645,232,162,1,-1,-1,-1
102,22,1896,622,260,176,1,-1,-1,-1
102,25,742,589,224,224,1,-1,-1,-1
102,26,625,625,225,213,1,-1,-1,-1
102,29,2178,599,370,209,1,-1,-1,-1
102,32,2200,612,332,168,1,-1,-1,-1
102,33,353,618,231,189,1,-1,-1,-1
102,34,1169,629,336,132,1,-1,-1,-1
102,35,98,628,251,168,1,-1,-1,-1
103,5,2197,645,148,93,1,-1,-1,-1
103,15,0,658,51,147,1,-1,-1,-1
103,21,548,643,232,162,1,-1,-1,-1
103,22,1923,623,260,176,1,-1,-1,-1
103,25,739,589,224,224,1,-1,-1,-1
103,26,613,624,225,213,1,-1,-1,-1
103,29,2192,586,368,220,1,-1,-1,-1
103,32,2216,602,344,176,1,-1,-1,-1
103,33,338,613,243,198,1,-1,-1,-1
103,34,1174,627,336,132,1,-1,-1,-1
103,35,81,626,264,176,1,-1,-1,-1
104,5,2202,648,148,93,1,-1,-1,-1
104,15,0,654,51,147,1,-1,-1,-1
104,21,550,643,232,162,1,-1,-1,-1
104,22,1940,624,260,176,1,-1,-1,-1
104,25,732,583,235,235,1,-1,-1,-1
104,26,614,623,225,213,1,-1,-1,-1
104,29,2190,585,370,220,1,-1,-1,-1
104,32,2209,598,351,185,1,-1,-1,-1
104,33,338,614,243,198,1,-1,-1,-1
104,34,1164,626,353,139,1,-1,-1,-1
104,35,87,632,251,168,1,-1,-1,-1
105,5,2202,648,148,93,1,-1,-1,-1
105,15,0,654,51,147,1,-1,-1,-1
105,21,624,612,164,200,1,-1,-1,-1
105,22,1924,612,292,180,1,-1,-1,-1
105,25,740,588,280,220,1,-1,-1,-1
105,26,614,623,225,213,1,-1,-1,-1
105,29,2204,592,352,208,1,-1,-1,-1
105,32,2209,598,351,185,1,-1,-1,-1
105,33,336,608,260,216,1,-1,-1,-1
105,34,1224,636,324,168,1,-1,-1,-1
105,35,104,624,240,176,1,-1,-1,-1
105,36,1076,620,148,176,1,-1,-1,-1
105,37,1928,676,140,108,1,-1,-1,-1
105,38,1844,828,152,220,1,-1,-1,-1
106,5,2216,644,148,93,1,-1,-1,-1
106,15,0,650,57,147,1,-1,-1,-1
106,21,628,611,164,200,1,-1,-1,-1
106,22,1924,610,307,189,1,-1,-1,-1
106,25,743,588,280,220,1,-1,-1,-1
106,26,618,621,225,213,1,-1,-1,-1
106,29,2208,591,352,208,1,-1,-1,-1
106,32,2206,591,354,194,1,-1,-1,-1
106,33,342,608,260,216,1,-1,-1,-1
106,34,1221,631,340,176,1,-1,-1,-1
106,35,109,626,240,176,1,-1,-1,-1
106,36,1080,621,148,176,1,-1,-1,-1
106,37,1941,677,147,113,1,-1,-1,-1
106,38,1845,827,152,220,1,-1,-1,-1
107,5,2222,644,148,93,1,-1,-1,-1
107,15,0,645,66,154,1,-1,-1,-1
107,21,632,610,164,200,1,-1,-1,-1
107,22,1937,618,292,180,1,-1,-1,-1
107,25,746,586,280,220,1,-1,-1,-1
107,26,618,620,225,213,1,-1,-1,-1
107,29,2209,592,351,208,1,-1,-1,-1
107,32,2209,590,351,194,1,-1,-1,-1
107,33,346,607,260,216,1,-1,-1,-1
107,34,1235,632,324,168,1,-1,-1,-1
107,35,117,629,229,168,1,-1,-1,-1
107,36,1084,620,148,176,1,-1,-1,-1
107,37,1942,683,147,113,1,-1,-1,-1
107,38,1846,826,152,220,1,-1,-1,-1
108,5,2227,637,156,97,1,-1,-1,-1
108,15,0,643,68,154,1,-1,-1,-1
108,21,632,611,164,200,1,-1,-1,-1
108,22,1933,617,292,180,1,-1,-1,-1
108,25,748,586,280,220,1,-1,-1,-1
108,26,617,620,225,213,1,-1,-1,-1
108,29,2216,589,344,208,1,-1,-1,-1
108,32,2214,584,346,194,1,-1,-1,-1
108,33,349,605,260,216,1,-1,-1,-1
108,34,1230,625,340,176,1,-1,-1,-1
108,35,121,628,229,168,1,-1,-1,-1
108,36,1086,621,148,176,1,-1,-1,-1
108,37,1944,687,154,119,1,-1,-1,-1
108,38,1846,826,152,220,1,-1,-1,-1
109,5,2233,637,156,97,1,-1,-1,-1
109,15,0,639,72,154,1,-1,-1,-1
109,21,633,611,164,200,1,-1,-1,-1
109,22,1936,617,292,180,1,-1,-1,-1
109,25,750,585,280,220,1,-1,-1,-1
109,26,617,620,225,213,1,-1,-1,-1
109,29,2215,589,345,208,1,-1,-1,-1
109,32,2230,588,330,185,1,-1,-1,-1
109,33,354,605,260,216,1,-1,-1,-1
109,34,1233,626,340,176,1,-1,-1,-1
109,35,126,629,229,168,1,-1,-1,-1
109,36,1089,621,148,176,1,-1,-1,-1
109,37,1960,683,154,119,1,-1,-1,-1
109,38,1846,826,152,220,1,-1,-1,-1
110,5,2247,634,156,97,1,-1,-1,-1
110,15,0,632,85,162,1,-1,-1,-1
110,21,636,610,164,200,1,-1,-1,-1
110,22,1943,621,278,171,1,-1,-1,-1
110,25,766,589,267,210,1,-1,-1,-1
110,26,618,620,225,213,1,-1,-1,-1
110,29,2209,580,351,218,1,-1,-1,-1
110,32,2237,584,323,185,1,-1,-1,-1
110,33,363,604,260,216,1,-1,-1,-1
110,34,1237,626,340,176,1,-1,-1,-1
110,35,135,628,229,168,1,-1,-1,-1
110,36,1095,622,148,176,1,-1,-1,-1
110,37,1976,687,154,119,1,-1,-1,-1
110,38,1847,826,152,220,1,-1,-1,-1
111,5,2252,634,156,97,1,-1,-1,-1
111,21,639,610,164,200,1,-1,-1,-1
111,22,1934,618,292,180,1,-1,-1,-1
111,25,770,589,267,210,1,-1,-1,-1
111,26,618,622,225,213,1,-1,-1,-1
111,29,2217,577,343,218,1,-1,-1,-1
111,32,2249,582,311,185,1,-1,-1,-1
111,33,370,602,260,216,1,-1,-1,-1
111,34,1252,628,324,168,1,-1,-1,-1
111,35,140,627,229,168,1,-1,-1,-1
111,36,1097,624,148,176,1,-1,-1,-1
111,37,1980,687,154,119,1,-1,-1,-1
111,38,1846,827,152,220,1,-1,-1,-1
112,5,2261,634,156,97,1,-1,-1,-1
112,21,640,610,164,200,1,-1,-1,-1
112,22,1940,615,292,180,1,-1,-1,-1
112,25,772,587,267,210,1,-1,-1,-1
112,26,617,615,236,223,1,-1,-1,-1
112,29,2229,583,331,208,1,-1,-1,-1
112,32,2265,586,295,176,1,-1,-1,-1
112,33,366,597,273,227,1,-1,-1,-1
112,34,1244,623,340,176,1,-1,-1,-1
112,35,146,627,229,168,1,-1,-1,-1
112,36,1102,627,141,168,1,-1,-1,-1
112,37,1976,683,154,119,1,-1,-1,-1
112,38,1846,826,152,220,1,-1,-1,-1
113,5,2261,634,156,97,1,-1,-1,-1
113,21,648,596,156,216,1,-1,-1,-1
113,22,1940,615,292,180,1,-1,-1,-1
113,25,792,584,288,228,1,-1,-1,-1
113,26,617,615,236,223,1,-1,-1,-1
113,29,2248,568,308,216,1,-1,-1,-1
113,32,2265,586,295,176,1,-1,-1,-1
113,33,388,584,276,232,1,-1,-1,-1
113,34,1248,624,340,172,1,-1,-1,-1
113,35,146,627,229,168,1,-1,-1,-1
113,36,1120,628,136,160,1,-1,-1,-1
113,37,1976,683,154,119,1,-1,-1,-1
113,38,1860,824,136,228,1,-1,-1,-1
113,39,168,644,220,176,1,-1,-1,-1
113,40,0,640,104,180,1,-1,-1,-1
114,5,2289,637,156,97,1,-1,-1,-1
114,21,651,595,156,216,1,-1,-1,-1
114,22,1939,612,292,180,1,-1,-1,-1
114,25,793,582,288,228,1,-1,-1,-1
114,26,618,616,236,223,1,-1,-1,-1
114,29,2261,571,299,216,1,-1,-1,-1
114,32,2286,588,274,176,1,-1,-1,-1
114,33,397,589,263,221,1,-1,-1,-1
114,34,1251,622,340,172,1,-1,-1,-1
114,35,164,623,229,168,1,-1,-1,-1
114,36,1124,627,136,160,1,-1,-1,-1
114,37,1983,684,147,113,1,-1,-1,-1
114,38,1861,825,136,228,1,-1,-1,-1
114,39,174,644,220,176,1,-1,-1,-1
114,40,2,640,104,180,1,-1,-1,-1
115,5,2295,640,156,97,1,-1,-1,-1
115,21,657,602,149,206,1,-1,-1,-1
115,22,1942,611,292,180,1,-1,-1,-1
115,25,790,576,302,239,1,-1,-1,-1
115,26,613,614,236,223,1,-1,-1,-1
115,29,2266,569,294,216,1,-1,-1,-1
115,32,2260,590,300,176,1,-1,-1,-1
115,33,396,583,276,232,1,-1,-1,-1
115,34,1252,621,340,172,1,-1,-1,-1
115,35,171,626,218,160,1,-1,-1,-1
115,36,1128,627,136,160,1,-1,-1,-1
115,37,2002,678,140,108,1,-1,-1,-1
115,38,1862,824,136,228,1,-1,-1,-1
115,39,176,643,220,176,1,-1,-1,-1
115,40,3,637,104,180,1,-1,-1,-1
116,5,2302,643,156,97,1,-1,-1,-1
116,21,656,598,156,216,1,-1,-1,-1
116,22,1948,611,292,180,1,-1,-1,-1
116,25,790,578,302,239,1,-1,-1,-1
116,26,613,614,236,223,1,-1,-1,-1
116,29,2270,569,290,216,1,-1,-1,-1
116,32,2254,589,306,176,1,-1,-1,-1
116,33,399,583,276,232,1,-1,-1,-1
116,34,1254,620,340,172,1,-1,-1,-1
116,35,176,626,218,160,1,-1,-1,-1
116,36,1128,626,136,160,1,-1,-1,-1
116,37,2003,679,140,108,1,-1,-1,-1
116,38,1862,825,136,228,1,-1,-1,-1
116,39,177,641,220,176,1,-1,-1,-1
116,40,5,636,104,180,1,-1,-1,-1
117,5,2302,642,163,102,1,-1,-1,-1
117,21,653,592,164,227,1,-1,-1,-1
117,22,1951,610,292,180,1,-1,-1,-1
117,25,791,576,302,239,1,-1,-1,-1
117,26,613,614,236,223,1,-1,-1,-1
117,29,2271,569,289,216,1,-1,-1,-1
117,32,2264,594,296,168,1,-1,-1,-1
117,33,401,581,276,232,1,-1,-1,-1
117,34,1261,618,340,172,1,-1,-1,-1
117,35,169,620,229,168,1,-1,-1,-1
117,36,1132,625,136,160,1,-1,-1,-1
117,37,2009,681,140,108,1,-1,-1,-1
117,38,1862,824,136,228,1,-1,-1,-1
117,39,179,641,220,176,1,-1,-1,-1
117,40,7,632,104,180,1,-1,-1,-1
118,5,2310,637,172,107,1,-1,-1,-1
118,21,653,591,164,227,1,-1,-1,-1
118,22,1950,608,292,180,1,-1,-1,-1
118,25,798,576,302,239,1,-1,-1,-1
118,26,618,615,236,223,1,-1,-1,-1
118,29,2283,569,277,216,1,-1,-1,-1
118,32,2305,590,255,168,1,-1,-1,-1
118,33,406,580,276,232,1,-1,-1,-1
118,34,1258,617,357,181,1,-1,-1,-1
118,35,174,622,229,168,1,-1,-1,-1
118,36,1137,630,130,152,1,-1,-1,-1
118,37,2020,672,140,108,1,-1,-1,-1
118,38,1863,824,136,228,1,-1,-1,-1
118,39,176,632,231,185,1,-1,-1,-1
118,40,11,628,104,180,1,-1,-1,-1
119,5,2314,636,172,107,1,-1,-1,-1
119,21,654,591,164,227,1,-1,-1,-1
119,22,1943,605,292,180,1,-1,-1,-1
119,25,795,577,302,239,1,-1,-1,-1
119,26,618,614,236,223,1,-1,-1,-1
119,29,2283,565,277,216,1,-1,-1,-1
119,32,2284,580,276,176,1,-1,-1,-1
119,33,409,580,276,232,1,-1,-1,-1
119,34,1257,619,357,181,1,-1,-1,-1
119,35,176,618,229,168,1,-1,-1,-1
119,36,1139,631,130,152,1,-1,-1,-1
119,37,2023,670,140,108,1,-1,-1,-1
119,38,1863,823,136,228,1,-1,-1,-1
119,39,177,635,231,185,1,-1,-1,-1
119,40,14,626,104,180,1,-1,-1,-1
120,5,2319,634,172,107,1,-1,-1,-1
120,21,654,589,164,227,1,-1,-1,-1
120,25,790,576,302,239,1,-1,-1,-1
120,26,619,613,236,223,1,-1,-1,-1
120,29,2287,566,273,216,1,-1,-1,-1
120,32,2291,576,269,185,1,-1,-1,-1
120,33,412,577,276,232,1,-1,-1,-1
120,34,1259,618,357,181,1,-1,-1,-1
120,35,178,619,229,168,1,-1,-1,-1
120,36,1141,630,130,152,1,-1,-1,-1
120,37,2028,672,140,108,1,-1,-1,-1
120,38,1863,822,136,228,1,-1,-1,-1
120,39,178,631,231,185,1,-1,-1,-1
120,40,16,620,109,189,1,-1,-1,-1
121,5,2319,634,172,107,1,-1,-1,-1
121,21,654,589,164,227,1,-1,-1,-1
121,25,790,576,302,239,1,-1,-1,-1
121,26,612,600,236,228,1,-1,-1,-1
121,29,2287,566,273,216,1,-1,-1,-1
121,32,2291,576,269,185,1,-1,-1,-1
121,33,456,540,236,272,1,-1,-1,-1
121,34,1268,604,368,192,1,-1,-1,-1
121,35,228,600,164,208,1,-1,-1,-1
121,36,1141,630,130,152,1,-1,-1,-1
121,37,2028,672,140,108,1,-1,-1,-1
121,38,1836,820,164,224,1,-1,-1,-1
121,39,178,631,231,185,1,-1,-1,-1
121,40,0,612,144,220,1,-1,-1,-1
121,41,2324,624,236,152,1,-1,-1,-1
121,42,2068,608,272,196,1,-1,-1,-1
121,43,832,580,296,216,1,-1,-1,-1
122,5,2335,629,172,107,1,-1,-1,-1
122,21,658,591,156,216,1,-1,-1,-1
122,25,809,577,302,239,1,-1,-1,-1
122,26,616,599,236,228,1,-1,-1,-1
122,29,2293,563,267,216,1,-1,-1,-1
122,32,2292,575,268,176,1,-1,-1,-1
122,33,461,538,236,272,1,-1,-1,-1
122,34,1269,603,368,192,1,-1,-1,-1
122,35,232,603,164,208,1,-1,-1,-1
122,36,1140,632,130,152,1,-1,-1,-1
122,37,2046,672,140,108,1,-1,-1,-1
122,38,1836,818,164,224,1,-1,-1,-1
122,39,190,635,220,176,1,-1,-1,-1
122,40,5,611,144,220,1,-1,-1,-1
122,41,2333,621,227,152,1,-1,-1,-1
122,42,2077,606,272,196,1,-1,-1,-1
122,43,835,582,296,216,1,-1,-1,-1
123,5,2341,627,172,107,1,-1,-1,-1
123,21,663,590,156,216,1,-1,-1,-1
123,25,812,578,302,239,1,-1,-1,-1
123,26,619,598,236,228,1,-1,-1,-1
123,29,2296,560,264,216,1,-1,-1,-1
123,32,2276,585,284,168,1,-1,-1,-1
123,33,464,539,236,272,1,-1,-1,-1
123,34,1264,600,386,202,1,-1,-1,-1
123,35,236,606,164,208,1,-1,-1,-1
123,36,1135,636,123,145,1,-1,-1,-1
123,37,2053,672,140,108,1,-1,-1,-1
123,38,1837,818,164,224,1,-1,-1,-1
123,39,193,639,220,176,1,-1,-1,-1
123,40,9,613,144,220,1,-1,-1,-1
123,41,2341,620,219,152,1,-1,-1,-1
123,42,2082,608,272,196,1,-1,-1,-1
123,43,838,581,296,216,1,-1,-1,-1
124,5,2348,625,172,107,1,-1,-1,-1
124,21,666,589,156,216,1,-1,-1,-1
124,25,820,578,302,239,1,-1,-1,-1
124,26,619,596,236,228,1,-1,-1,-1
124,29,2312,559,248,216,1,-1,-1,-1
124,33,469,538,236,272,1,-1,-1,-1
124,34,1267,605,386,202,1,-1,-1,-1
124,35,239,605,164,208,1,-1,-1,-1
124,36,1129,631,130,152,1,-1,-1,-1
124,37,2057,673,140,108,1,-1,-1,-1
124,38,1838,818,164,224,1,-1,-1,-1
124,39,192,640,220,176,1,-1,-1,-1
124,40,13,612,144,220,1,-1,-1,-1
124,41,2347,619,213,152,1,-1,-1,-1
124,42,2082,603,286,206,1,-1,-1,-1
124,43,840,580,296,216,1,-1,-1,-1
125,5,2355,625,172,107,1,-1,-1,-1
125,21,671,596,149,206,1,-1,-1,-1
125,25,818,574,302,239,1,-1,-1,-1
125,26,622,596,236,228,1,-1,-1,-1
125,29,2312,554,248,216,1,-1,-1,-1
125,33,471,537,236,272,1,-1,-1,-1
125,34,1278,612,368,192,1,-1,-1,-1
125,35,240,603,164,208,1,-1,-1,-1
125,36,1131,625,136,160,1,-1,-1,-1
125,37,2061,675,140,108,1,-1,-1,-1
125,38,1839,818,164,224,1,-1,-1,-1
125,39,198,641,220,176,1,-1,-1,-1
125,40,15,611,144,220,1,-1,-1,-1
125,41,2353,616,207,152,1,-1,-1,-1
125,42,2086,603,286,206,1,-1,-1,-1
125,43,841,580,296,216,1,-1,-1,-1
126,5,2371,621,172,107,1,-1,-1,-1
126,21,674,595,149,206,1,-1,-1,-1
126,25,825,573,302,239,1,-1,-1,-1
126,26,637,602,225,217,1,-1,-1,-1
126,29,2250,576,308,216,1,-1,-1,-1
126,33,480,538,236,272,1,-1,-1,-1
126,34,1285,614,368,192,1,-1,-1,-1
126,35,245,603,164,208,1,-1,-1,-1
126,36,1131,624,136,160,1,-1,-1,-1
126,37,2070,668,140,108,1,-1,-1,-1
126,38,1840,817,164,224,1,-1,-1,-1
126,39,200,641,220,176,1,-1,-1,-1
126,40,20,611,144,220,1,-1,-1,-1
126,41,2370,612,190,152,1,-1,-1,-1
126,42,2103,600,286,206,1,-1,-1,-1
126,43,845,579,296,216,1,-1,-1,-1
127,5,2379,619,172,107,1,-1,-1,-1
127,21,673,595,149,206,1,-1,-1,-1
127,25,822,574,302,239,1,-1,-1,-1
127,26,638,605,225,217,1,-1,-1,-1
127,29,2239,575,308,216,1,-1,-1,-1
127,33,485,539,236,272,1,-1,-1,-1
127,34,1292,619,368,192,1,-1,-1,-1
127,35,248,603,164,208,1,-1,-1,-1
127,36,1130,622,136,160,1,-1,-1,-1
127,37,2077,670,140,108,1,-1,-1,-1
127,38,1841,817,164,224,1,-1,-1,-1
127,39,202,637,220,176,1,-1,-1,-1
127,40,21,614,144,220,1,-1,-1,-1
127,41,2377,610,183,152,1,-1,-1,-1
127,42,2109,602,286,206,1,-1,-1,-1
127,43,848,580,296,216,1,-1,-1,-1
128,5,2388,620,172,107,1,-1,-1,-1
128,21,672,594,149,206,1,-1,-1,-1
128,25,822,579,302,239,1,-1,-1,-1
128,26,639,604,225,217,1,-1,-1,-1
128,29,2237,574,308,216,1,-1,-1,-1
128,33,486,540,236,272,1,-1,-1,-1
128,34,1312,625,350,183,1,-1,-1,-1
128,35,250,604,164,208,1,-1,-1,-1
128,36,1132,624,130,152,1,-1,-1,-1
128,38,1841,816,164,224,1,-1,-1,-1
128,39,202,639,220,176,1,-1,-1,-1
128,40,22,614,144,220,1,-1,-1,-1
128,41,2384,607,176,152,1,-1,-1,-1
128,42,2112,602,286,206,1,-1,-1,-1
128,43,854,579,296,216,1,-1,-1,-1
129,5,2388,620,172,107,1,-1,-1,-1
129,21,672,594,149,206,1,-1,-1,-1
129,25,822,579,302,239,1,-1,-1,-1
129,26,639,604,225,217,1,-1,-1,-1
129,29,2237,574,308,216,1,-1,-1,-1
129,33,516,564,196,244,1,-1,-1,-1
129,34,1332,620,372,176,1,-1,-1,-1
129,35,264,624,148,184,1,-1,-1,-1
129,36,1132,624,130,152,1,-1,-1,-1
129,38,1840,816,168,228,1,-1,-1,-1
129,39,202,639,220,176,1,-1,-1,-1
129,40,0,620,204,216,1,-1,-1,-1
129,41,2396,612,164,164,1,-1,-1,-1
129,42,2124,628,284,160,1,-1,-1,-1
129,43,840,576,320,216,1,-1,-1,-1
129,44,660,564,228,240,1,-1,-1,-1
130,5,2411,621,149,107,1,-1,-1,-1
130,21,669,596,149,206,1,-1,-1,-1
130,25,825,576,302,239,1,-1,-1,-1
130,26,646,600,236,228,1,-1,-1,-1
130,29,2238,565,322,227,1,-1,-1,-1
130,33,520,563,196,244,1,-1,-1,-1
130,34,1346,621,372,176,1,-1,-1,-1
130,35,269,625,148,184,1,-1,-1,-1
130,36,1141,625,130,152,1,-1,-1,-1
130,38,1841,816,168,228,1,-1,-1,-1
130,39,216,639,231,185,1,-1,-1,-1
130,40,4,619,204,216,1,-1,-1,-1
130,41,2409,610,151,164,1,-1,-1,-1
130,42,2125,622,298,168,1,-1,-1,-1
130,43,847,576,320,216,1,-1,-1,-1
130,44,667,562,228,240,1,-1,-1,-1
131,5,2418,617,142,113,1,-1,-1,-1
131,21,669,598,149,206,1,-1,-1,-1
131,25,878,585,288,228,1,-1,-1,-1
131,26,637,596,248,239,1,-1,-1,-1
131,29,2244,563,316,227,1,-1,-1,-1
131,33,529,568,187,232,1,-1,-1,-1
131,34,1351,620,372,176,1,-1,-1,-1
131,35,277,629,141,175,1,-1,-1,-1
131,36,1142,622,130,152,1,-1,-1,-1
131,38,1842,816,168,228,1,-1,-1,-1
131,39,218,638,231,185,1,-1,-1,-1
131,40,5,619,204,216,1,-1,-1,-1
131,41,2417,610,143,164,1,-1,-1,-1
131,42,2133,620,298,168,1,-1,-1,-1
131,43,851,577,320,216,1,-1,-1,-1
131,44,670,563,228,240,1,-1,-1,-1
132,5,2426,619,134,113,1,-1,-1,-1
132,21,665,593,156,216,1,-1,-1,-1
132,25,876,584,288,228,1,-1,-1,-1
132,26,643,602,236,228,1,-1,-1,-1
132,29,2248,563,312,227,1,-1,-1,-1
132,33,536,567,187,232,1,-1,-1,-1
132,34,1348,612,391,185,1,-1,-1,-1
132,35,279,628,141,175,1,-1,-1,-1
132,36,1142,619,136,160,1,-1,-1,-1
132,38,1843,816,168,228,1,-1,-1,-1
132,39,217,637,231,185,1,-1,-1,-1
132,40,7,619,204,216,1,-1,-1,-1
132,41,2427,607,133,164,1,-1,-1,-1
132,42,2137,618,298,168,1,-1,-1,-1
132,43,852,578,320,216,1,-1,-1,-1
132,44,671,564,228,240,1,-1,-1,-1
133,5,2431,620,129,113,1,-1,-1,-1
133,21,668,592,156,216,1,-1,-1,-1
133,25,845,580,302,239,1,-1,-1,-1
133,26,632,600,236,228,1,-1,-1,-1
133,29,2256,561,304,227,1,-1,-1,-1
133,33,533,569,187,232,1,-1,-1,-1
133,34,1352,608,391,185,1,-1,-1,-1
133,35,282,628,141,175,1,-1,-1,-1
133,38,1843,816,168,228,1,-1,-1,-1
133,39,219,638,231,185,1,-1,-1,-1
133,40,8,620,204,216,1,-1,-1,-1
133,41,2436,604,124,164,1,-1,-1,-1
133,42,2140,616,298,168,1,-1,-1,-1
133,43,852,580,320,216,1,-1,-1,-1
133,44,662,559,239,252,1,-1,-1,-1
134,5,2442,617,118,113,1,-1,-1,-1
134,21,667,591,156,216,1,-1,-1,-1
134,25,827,585,288,228,1,-1,-1,-1
134,26,620,589,248,239,1,-1,-1,-1
134,29,2249,561,311,227,1,-1,-1,-1
134,33,528,563,196,244,1,-1,-1,-1
134,34,1364,605,391,185,1,-1,-1,-1
134,35,283,625,148,184,1,-1,-1,-1
134,38,1842,814,168,228,1,-1,-1,-1
134,39,217,633,243,194,1,-1,-1,-1
134,40,11,619,204,216,1,-1,-1,-1
134,41,2447,603,113,164,1,-1,-1,-1
134,42,2156,617,284,160,1,-1,-1,-1
134,43,852,581,320,216,1,-1,-1,-1
134,44,660,558,239,252,1,-1,-1,-1
135,5,2447,621,113,113,1,-1,-1,-1
135,21,662,588,156,216,1,-1,-1,-1
135,25,809,585,288,228,1,-1,-1,-1
135,26,618,588,248,239,1,-1,-1,-1
135,29,2244,563,316,227,1,-1,-1,-1
135,33,531,558,196,244,1,-1,-1,-1
135,34,1378,608,372,176,1,-1,-1,-1
135,35,288,624,148,184,1,-1,-1,-1
135,38,1843,815,168,228,1,-1,-1,-1
135,39,217,634,243,194,1,-1,-1,-1
135,40,13,620,204,216,1,-1,-1,-1
135,41,2454,605,106,164,1,-1,-1,-1
135,42,2152,611,298,168,1,-1,-1,-1
135,43,843,577,336,227,1,-1,-1,-1
135,44,660,557,239,252,1,-1,-1,-1
136,5,2455,622,105,113,1,-1,-1,-1
136,21,660,583,164,227,1,-1,-1,-1
136,25,809,580,302,239,1,-1,-1,-1
136,26,614,588,248,239,1,-1,-1,-1
136,29,2241,563,319,227,1,-1,-1,-1
136,33,535,557,196,244,1,-1,-1,-1
136,34,1392,609,372,176,1,-1,-1,-1
136,35,287,620,155,193,1,-1,-1,-1
136,38,1843,815,168,228,1,-1,-1,-1
136,39,214,629,255,204,1,-1,-1,-1
136,40,17,620,204,216,1,-1,-1,-1
136,41,2461,603,99,164,1,-1,-1,-1
136,42,2155,609,298,168,1,-1,-1,-1
136,43,848,577,336,227,1,-1,-1,-1
136,44,658,557,239,252,1,-1,-1,-1
137,5,2455,622,105,113,1,-1,-1,-1
137,21,660,583,164,227,1,-1,-1,-1
137,25,809,580,302,239,1,-1,-1,-1
137,26,614,588,248,239,1,-1,-1,-1
137,29,2241,563,319,227,1,-1,-1,-1
137,33,535,557,196,244,1,-1,-1,-1
137,34,1408,600,384,184,1,-1,-1,-1
137,35,296,616,168,172,1,-1,-1,-1
137,38,1868,808,140,232,1,-1,-1,-1
137,39,214,629,255,204,1,-1,-1,-1
137,40,0,628,244,212,1,-1,-1,-1
137,41,2472,604,88,164,1,-1,-1,-1
137,42,2152,608,324,176,1,-1,-1,-1
137,43,880,576,300,232,1,-1,-1,-1
137,44,658,557,239,252,1,-1,-1,-1
137,45,672,560,300,248,1,-1,-1,-1
137,46,556,600,200,208,1,-1,-1,-1
138,5,2360,604,180,113,1,-1,-1,-1
138,21,662,580,164,227,1,-1,-1,-1
138,25,809,582,302,239,1,-1,-1,-1
138,26,613,585,248,239,1,-1,-1,-1
138,29,2235,563,323,227,1,-1,-1,-1
138,33,535,559,196,244,1,-1,-1,-1
138,34,1416,597,384,184,1,-1,-1,-1
138,35,302,616,168,172,1,-1,-1,-1
138,38,1867,808,140,232,1,-1,-1,-1
138,39,227,630,255,204,1,-1,-1,-1
138,40,4,629,244,212,1,-1,-1,-1
138,41,2488,603,72,164,1,-1,-1,-1
138,42,2159,609,324,176,1,-1,-1,-1
138,43,883,577,300,232,1,-1,-1,-1
138,44,655,557,239,252,1,-1,-1,-1
138,45,672,559,300,248,1,-1,-1,-1
138,46,561,601,200,208,1,-1,-1,-1
139,5,2358,596,180,113,1,-1,-1,-1
139,21,659,574,172,238,1,-1,-1,-1
139,25,814,586,302,239,1,-1,-1,-1
139,26,616,585,248,239,1,-1,-1,-1
139,29,2229,565,323,227,1,-1,-1,-1
139,33,524,551,206,256,1,-1,-1,-1
139,34,1420,596,384,184,1,-1,-1,-1
139,35,305,615,168,172,1,-1,-1,-1
139,38,1866,809,140,232,1,-1,-1,-1
139,39,236,631,255,204,1,-1,-1,-1
139,40,9,629,244,212,1,-1,-1,-1
139,41,2493,605,67,164,1,-1,-1,-1
139,42,2164,608,324,176,1,-1,-1,-1
139,43,885,579,300,232,1,-1,-1,-1
139,44,651,558,239,252,1,-1,-1,-1
139,45,677,563,300,248,1,-1,-1,-1
139,46,563,602,200,208,1,-1,-1,-1
140,5,2372,595,180,113,1,-1,-1,-1
140,21,659,569,172,238,1,-1,-1,-1
140,26,607,580,260,251,1,-1,-1,-1
140,29,2227,564,323,227,1,-1,-1,-1
140,33,518,551,206,256,1,-1,-1,-1
140,34,1425,594,384,184,1,-1,-1,-1
140,35,304,610,176,181,1,-1,-1,-1
140,38,1865,809,140,232,1,-1,-1,-1
140,39,235,631,255,204,1,-1,-1,-1
140,40,11,629,244,212,1,-1,-1,-1
140,41,2503,599,57,172,1,-1,-1,-1
140,42,2170,608,324,176,1,-1,-1,-1
140,43,886,581,300,232,1,-1,-1,-1
140,44,648,561,239,252,1,-1,-1,-1
140,45,665,557,315,260,1,-1,-1,-1
140,46,565,602,200,208,1,-1,-1,-1
141,5,2373,595,187,118,1,-1,-1,-1
141,21,661,572,172,238,1,-1,-1,-1
141,26,605,582,260,251,1,-1,-1,-1
141,29,2226,564,323,227,1,-1,-1,-1
141,33,520,551,206,256,1,-1,-1,-1
141,34,1415,589,403,193,1,-1,-1,-1
141,35,309,608,176,181,1,-1,-1,-1
141,38,1865,809,140,232,1,-1,-1,-1
141,39,246,634,255,204,1,-1,-1,-1
141,40,12,628,244,212,1,-1,-1,-1
141,41,2508,598,52,172,1,-1,-1,-1
141,42,2171,608,324,176,1,-1,-1,-1
141,43,884,582,300,232,1,-1,-1,-1
141,44,651,560,239,252,1,-1,-1,-1
141,45,671,557,315,260,1,-1,-1,-1
141,46,566,603,200,208,1,-1,-1,-1
142,5,2392,598,168,113,1,-1,-1,-1
142,21,653,578,172,238,1,-1,-1,-1
142,26,610,582,260,251,1,-1,-1,-1
142,29,2216,559,340,238,1,-1,-1,-1
142,33,518,553,206,256,1,-1,-1,-1
142,34,1416,588,403,193,1,-1,-1,-1
142,35,314,609,176,181,1,-1,-1,-1
142,38,1864,807,140,232,1,-1,-1,-1
142,39,243,628,267,214,1,-1,-1,-1
142,40,18,628,244,212,1,-1,-1,-1
142,41,2520,597,40,181,1,-1,-1,-1
142,42,2173,604,340,185,1,-1,-1,-1
142,43,880,579,300,232,1,-1,-1,-1
142,44,659,571,228,240,1,-1,-1,-1
142,45,674,566,300,248,1,-1,-1,-1
142,46,570,602,200,208,1,-1,-1,-1
143,21,648,578,172,238,1,-1,-1,-1
143,26,617,588,248,239,1,-1,-1,-1
143,29,2220,561,340,238,1,-1,-1,-1
143,33,511,553,206,256,1,-1,-1,-1
143,34,1415,587,403,193,1,-1,-1,-1
143,35,318,610,176,181,1,-1,-1,-1
143,38,1862,806,140,232,1,-1,-1,-1
143,39,252,629,267,214,1,-1,-1,-1
143,40,17,629,244,212,1,-1,-1,-1
143,41,2523,588,37,181,1,-1,-1,-1
143,42,2178,603,340,185,1,-1,-1,-1
143,43,882,579,300,232,1,-1,-1,-1
143,44,653,566,239,252,1,-1,-1,-1
143,45,671,555,315,260,1,-1,-1,-1
143,46,571,601,200,208,1,-1,-1,-1
144,21,637,577,172,238,1,-1,-1,-1
144,26,620,598,236,228,1,-1,-1,-1
144,29,2227,561,333,238,1,-1,-1,-1
144,33,513,553,206,256,1,-1,-1,-1
144,34,1418,587,403,193,1,-1,-1,-1
144,35,319,605,185,190,1,-1,-1,-1
144,38,1860,807,140,232,1,-1,-1,-1
144,39,267,635,255,204,1,-1,-1,-1
144,40,8,622,256,223,1,-1,-1,-1
144,41,2526,591,34,172,1,-1,-1,-1
144,42,2172,598,357,194,1,-1,-1,-1
144,43,884,579,300,232,1,-1,-1,-1
144,44,653,568,239,252,1,-1,-1,-1
144,45,670,556,315,260,1,-1,-1,-1
144,46,572,601,200,208,1,-1,-1,-1
145,21,637,577,172,238,1,-1,-1,-1
145,26,620,598,236,228,1,-1,-1,-1
145,29,2227,561,333,238,1,-1,-1,-1
145,33,513,553,206,256,1,-1,-1,-1
145,34,1464,592,360,200,1,-1,-1,-1
145,35,312,604,220,212,1,-1,-1,-1
145,38,1848,812,156,220,1,-1,-1,-1
145,39,267,635,255,204,1,-1,-1,-1
145,40,48,604,244,216,1,-1,-1,-1
145,41,2526,591,34,172,1,-1,-1,-1
145,42,2180,608,368,184,1,-1,-1,-1
145,43,908,596,292,212,1,-1,-1,-1
145,44,653,568,239,252,1,-1,-1,-1
145,45,720,528,288,292,1,-1,-1,-1
145,46,576,556,196,260,1,-1,-1,-1
146,21,631,576,172,238,1,-1,-1,-1
146,26,620,599,236,228,1,-1,-1,-1
146,29,2229,560,331,238,1,-1,-1,-1
146,33,513,550,206,256,1,-1,-1,-1
146,34,1467,592,360,200,1,-1,-1,-1
146,35,317,603,220,212,1,-1,-1,-1
146,38,1848,811,156,220,1,-1,-1,-1
146,39,276,644,255,204,1,-1,-1,-1
146,40,54,607,244,216,1,-1,-1,-1
146,41,2527,587,33,172,1,-1,-1,-1
146,42,2182,609,368,184,1,-1,-1,-1
146,43,911,595,292,212,1,-1,-1,-1
146,44,656,567,239,252,1,-1,-1,-1
146,45,722,529,288,292,1,-1,-1,-1
146,46,582,560,187,248,1,-1,-1,-1
147,21,629,576,172,238,1,-1,-1,-1
147,26,620,600,236,228,1,-1,-1,-1
147,29,2231,560,329,238,1,-1,-1,-1
147,33,515,549,206,256,1,-1,-1,-1
147,34,1460,588,378,210,1,-1,-1,-1
147,35,322,603,220,212,1,-1,-1,-1
147,38,1849,810,156,220,1,-1,-1,-1
147,39,269,644,255,204,1,-1,-1,-1
147,40,62,609,244,216,1,-1,-1,-1
147,41,2536,590,24,172,1,-1,-1,-1
147,42,2187,609,368,184,1,-1,-1,-1
147,43,914,595,292,212,1,-1,-1,-1
147,44,647,560,251,265,1,-1,-1,-1
147,45,726,528,288,292,1,-1,-1,-1
147,46,585,559,187,248,1,-1,-1,-1
