1,0,1100,732,180,116,1,-1,-1,-1
1,1,256,764,276,96,1,-1,-1,-1
1,2,1452,724,192,100,1,-1,-1,-1
1,3,356,708,292,124,1,-1,-1,-1
1,4,736,720,120,108,1,-1,-1,-1
2,0,1101,729,180,116,1,-1,-1,-1
2,1,230,765,276,96,1,-1,-1,-1
2,2,1431,724,192,100,1,-1,-1,-1
2,3,334,709,292,124,1,-1,-1,-1
2,4,723,719,120,108,1,-1,-1,-1
3,0,1103,727,180,116,1,-1,-1,-1
3,1,202,767,276,96,1,-1,-1,-1
3,2,1408,725,192,100,1,-1,-1,-1
3,3,309,709,292,124,1,-1,-1,-1
3,4,709,717,120,108,1,-1,-1,-1
4,0,1104,718,189,122,1,-1,-1,-1
4,1,168,766,290,101,1,-1,-1,-1
4,2,1375,722,202,105,1,-1,-1,-1
4,3,288,710,292,124,1,-1,-1,-1
4,4,695,716,120,108,1,-1,-1,-1
5,0,1113,715,189,122,1,-1,-1,-1
5,1,138,765,290,101,1,-1,-1,-1
5,2,1341,719,202,105,1,-1,-1,-1
5,3,268,711,292,124,1,-1,-1,-1
5,4,682,715,120,108,1,-1,-1,-1
6,0,1126,713,189,122,1,-1,-1,-1
6,1,101,765,290,101,1,-1,-1,-1
6,2,1305,717,202,105,1,-1,-1,-1
6,3,248,713,292,124,1,-1,-1,-1
6,4,669,716,120,108,1,-1,-1,-1
7,0,1122,712,189,122,1,-1,-1,-1
7,1,62,762,304,106,1,-1,-1,-1
7,2,1270,717,202,105,1,-1,-1,-1
7,3,215,713,307,130,1,-1,-1,-1
7,4,656,715,120,108,1,-1,-1,-1
8,0,1122,715,180,116,1,-1,-1,-1
8,1,30,762,304,106,1,-1,-1,-1
8,2,1235,718,202,105,1,-1,-1,-1
8,3,199,717,292,124,1,-1,-1,-1
8,4,647,714,120,108,1,-1,-1,-1
9,0,1122,715,180,116,1,-1,-1,-1
9,1,68,768,244,128,1,-1,-1,-1
9,2,1232,708,176,120,1,-1,-1,-1
9,3,199,717,292,124,1,-1,-1,-1
9,4,647,714,120,108,1,-1,-1,-1
9,5,432,704,208,124,1,-1,-1,-1
9,6,1956,760,144,156,1,-1,-1,-1
10,0,1119,714,180,116,1,-1,-1,-1
10,1,45,772,244,128,1,-1,-1,-1
10,2,1213,707,176,120,1,-1,-1,-1
10,3,184,707,307,130,1,-1,-1,-1
10,4,627,705,126,113,1,-1,-1,-1
10,5,419,704,208,124,1,-1,-1,-1
10,6,1942,758,144,156,1,-1,-1,-1
11,1,23,771,256,134,1,-1,-1,-1
11,2,1199,703,176,120,1,-1,-1,-1
11,3,170,707,307,130,1,-1,-1,-1
11,4,620,704,126,113,1,-1,-1,-1
11,5,406,705,208,124,1,-1,-1,-1
11,6,1928,757,144,156,1,-1,-1,-1
12,1,0,772,251,134,1,-1,-1,-1
12,2,1185,703,168,114,1,-1,-1,-1
12,3,147,710,307,130,1,-1,-1,-1
12,4,610,704,126,113,1,-1,-1,-1
12,5,388,703,218,130,1,-1,-1,-1
12,6,1916,755,144,156,1,-1,-1,-1
13,1,0,773,254,134,1,-1,-1,-1
13,2,1172,701,168,114,1,-1,-1,-1
13,3,134,709,322,137,1,-1,-1,-1
13,4,605,704,126,113,1,-1,-1,-1
13,5,380,703,218,130,1,-1,-1,-1
13,6,1904,752,144,156,1,-1,-1,-1
14,1,0,775,251,134,1,-1,-1,-1
14,2,1115,701,168,114,1,-1,-1,-1
14,4,590,700,132,119,1,-1,-1,-1
14,5,369,702,218,130,1,-1,-1,-1
14,6,1893,750,144,156,1,-1,-1,-1
15,1,0,775,247,134,1,-1,-1,-1
15,2,1032,690,168,114,1,-1,-1,-1
15,4,586,701,132,119,1,-1,-1,-1
15,5,362,702,218,130,1,-1,-1,-1
15,6,1881,749,144,156,1,-1,-1,-1
16,1,0,765,236,134,1,-1,-1,-1
16,2,1003,679,176,120,1,-1,-1,-1
16,5,352,701,218,130,1,-1,-1,-1
16,6,1871,747,144,156,1,-1,-1,-1
17,1,0,765,236,134,1,-1,-1,-1
17,2,1003,679,176,120,1,-1,-1,-1
17,5,312,700,244,140,1,-1,-1,-1
17,6,1800,720,212,180,1,-1,-1,-1
17,7,2060,768,296,188,1,-1,-1,-1
17,8,44,728,304,144,1,-1,-1,-1
17,9,576,708,104,120,1,-1,-1,-1
17,10,1696,732,128,104,1,-1,-1,-1
18,1,88,736,256,134,1,-1,-1,-1
18,2,966,675,176,120,1,-1,-1,-1
18,5,306,701,244,140,1,-1,-1,-1
18,6,1786,719,212,180,1,-1,-1,-1
18,7,2041,765,296,188,1,-1,-1,-1
18,8,34,729,304,144,1,-1,-1,-1
18,9,567,708,104,120,1,-1,-1,-1
18,10,1682,732,128,104,1,-1,-1,-1
19,5,299,700,244,140,1,-1,-1,-1
19,6,1776,718,212,180,1,-1,-1,-1
19,7,2027,769,296,188,1,-1,-1,-1
19,8,26,731,304,144,1,-1,-1,-1
19,9,558,708,104,120,1,-1,-1,-1
19,10,1669,731,128,104,1,-1,-1,-1
20,5,292,700,244,140,1,-1,-1,-1
20,6,1768,717,212,180,1,-1,-1,-1
20,7,2009,764,296,188,1,-1,-1,-1
20,8,21,732,304,144,1,-1,-1,-1
20,9,554,706,104,120,1,-1,-1,-1
20,10,1657,728,128,104,1,-1,-1,-1
21,5,286,700,244,140,1,-1,-1,-1
21,6,1755,714,212,180,1,-1,-1,-1
21,7,1987,762,296,188,1,-1,-1,-1
21,8,15,733,304,144,1,-1,-1,-1
21,9,549,704,104,120,1,-1,-1,-1
21,10,1642,724,128,104,1,-1,-1,-1
22,5,279,700,244,140,1,-1,-1,-1
22,6,1742,714,212,180,1,-1,-1,-1
22,7,1950,755,311,197,1,-1,-1,-1
22,8,29,737,290,137,1,-1,-1,-1
22,9,541,705,104,120,1,-1,-1,-1
22,10,1630,722,128,104,1,-1,-1,-1
23,5,272,700,244,140,1,-1,-1,-1
23,6,1722,713,212,180,1,-1,-1,-1
23,7,1921,751,311,197,1,-1,-1,-1
23,8,25,736,290,137,1,-1,-1,-1
23,9,531,707,104,120,1,-1,-1,-1
23,10,1615,722,128,104,1,-1,-1,-1
24,5,273,702,232,133,1,-1,-1,-1
24,6,1706,708,223,189,1,-1,-1,-1
24,7,1891,742,311,197,1,-1,-1,-1
24,8,26,735,290,137,1,-1,-1,-1
24,9,524,708,104,120,1,-1,-1,-1
24,10,1600,723,128,104,1,-1,-1,-1
25,5,292,700,212,132,1,-1,-1,-1
25,6,1684,728,212,120,1,-1,-1,-1
25,7,1844,768,328,156,1,-1,-1,-1
25,8,60,728,276,136,1,-1,-1,-1
25,9,464,712,152,116,1,-1,-1,-1
25,10,1600,723,128,104,1,-1,-1,-1
25,11,952,648,148,104,1,-1,-1,-1
26,5,288,700,212,132,1,-1,-1,-1
26,6,1671,726,212,120,1,-1,-1,-1
26,7,1821,768,328,156,1,-1,-1,-1
26,8,57,728,276,136,1,-1,-1,-1
26,9,454,713,152,116,1,-1,-1,-1
26,10,1576,725,122,99,1,-1,-1,-1
26,11,950,649,148,104,1,-1,-1,-1
27,5,283,699,212,132,1,-1,-1,-1
27,6,1661,723,212,120,1,-1,-1,-1
27,7,1808,768,328,156,1,-1,-1,-1
27,8,55,728,276,136,1,-1,-1,-1
27,9,445,714,152,116,1,-1,-1,-1
27,10,1568,723,122,99,1,-1,-1,-1
27,11,948,651,148,104,1,-1,-1,-1
28,5,281,698,212,132,1,-1,-1,-1
28,6,1651,721,212,120,1,-1,-1,-1
28,7,1776,764,328,156,1,-1,-1,-1
28,8,55,729,276,136,1,-1,-1,-1
28,9,434,709,160,122,1,-1,-1,-1
28,10,1571,717,122,99,1,-1,-1,-1
28,11,944,652,148,104,1,-1,-1,-1
29,5,284,700,202,126,1,-1,-1,-1
29,6,1610,717,212,120,1,-1,-1,-1
29,7,1735,761,328,156,1,-1,-1,-1
29,8,57,729,276,136,1,-1,-1,-1
29,9,441,708,160,122,1,-1,-1,-1
29,10,1574,719,122,99,1,-1,-1,-1
29,11,943,653,148,104,1,-1,-1,-1
30,5,284,698,202,126,1,-1,-1,-1
30,6,1590,721,212,120,1,-1,-1,-1
30,7,1702,752,328,156,1,-1,-1,-1
30,8,61,728,276,136,1,-1,-1,-1
30,9,441,707,160,122,1,-1,-1,-1
30,10,1571,722,122,99,1,-1,-1,-1
30,11,938,651,155,109,1,-1,-1,-1
31,5,290,697,202,126,1,-1,-1,-1
31,6,1526,705,212,120,1,-1,-1,-1
31,7,1663,749,328,156,1,-1,-1,-1
31,8,65,726,276,136,1,-1,-1,-1
31,9,446,712,152,116,1,-1,-1,-1
31,10,1598,745,122,99,1,-1,-1,-1
31,11,939,653,155,109,1,-1,-1,-1
32,5,291,696,202,126,1,-1,-1,-1
32,6,1505,707,212,120,1,-1,-1,-1
32,7,1627,741,328,156,1,-1,-1,-1
32,8,76,730,263,130,1,-1,-1,-1
32,9,443,711,152,116,1,-1,-1,-1
32,10,1562,730,128,104,1,-1,-1,-1
32,11,938,650,163,115,1,-1,-1,-1
33,5,291,696,202,126,1,-1,-1,-1
33,6,1508,688,216,108,1,-1,-1,-1
33,7,1608,748,268,144,1,-1,-1,-1
33,8,84,720,296,140,1,-1,-1,-1
33,9,356,716,240,116,1,-1,-1,-1
33,10,1562,730,128,104,1,-1,-1,-1
33,11,932,644,176,128,1,-1,-1,-1
34,5,343,709,202,126,1,-1,-1,-1
34,6,1489,687,216,108,1,-1,-1,-1
34,7,1595,751,268,144,1,-1,-1,-1
34,8,87,720,296,140,1,-1,-1,-1
34,9,354,715,240,116,1,-1,-1,-1
34,11,933,645,176,128,1,-1,-1,-1
35,5,356,723,192,120,1,-1,-1,-1
35,6,1470,685,216,108,1,-1,-1,-1
35,7,1605,748,268,144,1,-1,-1,-1
35,8,91,719,296,140,1,-1,-1,-1
35,9,355,719,229,110,1,-1,-1,-1
35,11,935,646,176,128,1,-1,-1,-1
36,5,361,722,192,120,1,-1,-1,-1
36,6,1447,683,216,108,1,-1,-1,-1
36,7,1603,743,268,144,1,-1,-1,-1
36,8,96,719,296,140,1,-1,-1,-1
36,9,349,719,229,110,1,-1,-1,-1
36,11,937,648,176,128,1,-1,-1,-1
37,5,365,723,192,120,1,-1,-1,-1
37,6,1427,681,216,108,1,-1,-1,-1
37,7,1598,738,268,144,1,-1,-1,-1
37,8,109,717,296,140,1,-1,-1,-1
37,9,345,718,229,110,1,-1,-1,-1
37,11,938,651,176,128,1,-1,-1,-1
38,5,363,723,192,120,1,-1,-1,-1
38,6,1413,676,216,108,1,-1,-1,-1
38,7,1599,715,268,144,1,-1,-1,-1
38,8,111,716,296,140,1,-1,-1,-1
38,9,344,722,218,105,1,-1,-1,-1
38,11,939,651,176,128,1,-1,-1,-1
39,6,1394,675,216,108,1,-1,-1,-1
39,7,1631,716,268,144,1,-1,-1,-1
39,8,129,714,296,140,1,-1,-1,-1
39,9,350,723,218,105,1,-1,-1,-1
39,11,941,652,176,128,1,-1,-1,-1
40,6,1373,677,216,108,1,-1,-1,-1
40,7,1637,721,268,144,1,-1,-1,-1
40,8,130,714,296,140,1,-1,-1,-1
40,9,332,729,218,105,1,-1,-1,-1
40,11,944,653,176,128,1,-1,-1,-1
41,6,1373,677,216,108,1,-1,-1,-1
41,7,1637,721,268,144,1,-1,-1,-1
41,8,164,712,220,140,1,-1,-1,-1
41,9,380,728,160,104,1,-1,-1,-1
41,11,944,653,176,128,1,-1,-1,-1
41,12,24,708,132,148,1,-1,-1,-1
41,13,1376,720,220,112,1,-1,-1,-1
41,14,1740,728,204,108,1,-1,-1,-1
41,15,1368,672,184,72,1,-1,-1,-1
42,6,1337,678,216,108,1,-1,-1,-1
42,8,167,712,220,140,1,-1,-1,-1
42,9,378,729,160,104,1,-1,-1,-1
42,11,956,657,176,128,1,-1,-1,-1
42,12,29,708,132,148,1,-1,-1,-1
42,13,1357,725,210,107,1,-1,-1,-1
42,14,1753,731,204,108,1,-1,-1,-1
42,15,1346,673,184,72,1,-1,-1,-1
43,6,1325,682,216,108,1,-1,-1,-1
43,8,169,711,220,140,1,-1,-1,-1
43,9,375,730,160,104,1,-1,-1,-1
43,11,962,658,176,128,1,-1,-1,-1
43,12,33,709,132,148,1,-1,-1,-1
43,13,1336,727,210,107,1,-1,-1,-1
43,14,1767,731,214,113,1,-1,-1,-1
43,15,1332,675,175,69,1,-1,-1,-1
44,8,171,711,220,140,1,-1,-1,-1
44,9,373,731,160,104,1,-1,-1,-1
44,11,967,663,168,122,1,-1,-1,-1
44,12,38,709,132,148,1,-1,-1,-1
44,13,1319,727,200,102,1,-1,-1,-1
44,14,1812,749,214,113,1,-1,-1,-1
44,15,1321,675,167,65,1,-1,-1,-1
45,8,172,711,220,140,1,-1,-1,-1
45,9,359,731,160,104,1,-1,-1,-1
45,11,967,665,168,122,1,-1,-1,-1
45,12,41,709,132,148,1,-1,-1,-1
45,13,1300,728,200,102,1,-1,-1,-1
45,14,1849,753,214,113,1,-1,-1,-1
45,15,1310,670,167,65,1,-1,-1,-1
46,8,174,711,220,140,1,-1,-1,-1
46,9,367,732,152,99,1,-1,-1,-1
46,11,968,666,168,122,1,-1,-1,-1
46,12,43,710,132,148,1,-1,-1,-1
46,13,1235,720,200,102,1,-1,-1,-1
46,14,1868,757,214,113,1,-1,-1,-1
46,15,1307,665,167,65,1,-1,-1,-1
47,8,180,714,210,133,1,-1,-1,-1
47,9,352,734,145,94,1,-1,-1,-1
47,11,970,667,168,122,1,-1,-1,-1
47,12,44,711,132,148,1,-1,-1,-1
47,13,1207,710,210,107,1,-1,-1,-1
47,14,1880,756,225,119,1,-1,-1,-1
47,15,1289,667,167,65,1,-1,-1,-1
48,8,180,713,210,133,1,-1,-1,-1
48,9,344,732,145,94,1,-1,-1,-1
48,11,970,665,168,122,1,-1,-1,-1
48,12,44,713,132,148,1,-1,-1,-1
48,13,1189,701,210,107,1,-1,-1,-1
48,14,1923,763,225,119,1,-1,-1,-1
48,15,1273,667,167,65,1,-1,-1,-1
49,8,180,713,210,133,1,-1,-1,-1
49,9,344,732,145,94,1,-1,-1,-1
49,11,1000,688,144,100,1,-1,-1,-1
49,12,44,713,132,148,1,-1,-1,-1
49,13,1260,684,140,116,1,-1,-1,-1
49,14,1923,763,225,119,1,-1,-1,-1
49,15,1273,667,167,65,1,-1,-1,-1
49,16,1300,612,92,128,1,-1,-1,-1
50,8,176,714,210,133,1,-1,-1,-1
50,9,360,728,152,99,1,-1,-1,-1
50,11,997,688,144,100,1,-1,-1,-1
50,12,35,716,132,148,1,-1,-1,-1
50,13,1241,681,147,122,1,-1,-1,-1
50,14,1988,772,225,119,1,-1,-1,-1
50,15,1239,664,167,65,1,-1,-1,-1
50,16,1288,605,92,128,1,-1,-1,-1
51,8,170,713,210,133,1,-1,-1,-1
51,9,356,728,145,94,1,-1,-1,-1
51,11,992,688,144,100,1,-1,-1,-1
51,12,25,717,132,148,1,-1,-1,-1
51,13,1218,676,147,122,1,-1,-1,-1
51,14,2028,768,236,125,1,-1,-1,-1
51,15,1325,662,167,65,1,-1,-1,-1
51,16,1274,585,97,134,1,-1,-1,-1
52,8,159,710,220,140,1,-1,-1,-1
52,9,347,727,145,94,1,-1,-1,-1
52,11,987,690,144,100,1,-1,-1,-1
52,12,16,719,132,148,1,-1,-1,-1
52,13,1194,682,147,122,1,-1,-1,-1
52,14,2056,777,236,125,1,-1,-1,-1
52,16,1265,576,92,128,1,-1,-1,-1
53,8,147,713,220,140,1,-1,-1,-1
53,9,338,726,145,94,1,-1,-1,-1
53,11,981,691,144,100,1,-1,-1,-1
53,12,5,724,132,148,1,-1,-1,-1
53,13,1176,679,147,122,1,-1,-1,-1
53,14,2094,780,236,125,1,-1,-1,-1
53,16,1269,555,88,122,1,-1,-1,-1
54,8,135,710,231,147,1,-1,-1,-1
54,11,975,691,144,100,1,-1,-1,-1
54,12,0,724,124,148,1,-1,-1,-1
54,13,1145,665,147,122,1,-1,-1,-1
54,14,2113,782,236,125,1,-1,-1,-1
54,16,1264,548,88,122,1,-1,-1,-1
55,8,119,712,231,147,1,-1,-1,-1
55,11,960,689,144,100,1,-1,-1,-1
55,12,0,723,110,148,1,-1,-1,-1
55,13,1104,672,147,122,1,-1,-1,-1
55,16,1273,522,88,122,1,-1,-1,-1
56,8,106,712,231,147,1,-1,-1,-1
56,11,950,689,144,100,1,-1,-1,-1
56,12,0,725,93,148,1,-1,-1,-1
56,13,1083,677,147,122,1,-1,-1,-1
56,16,1245,485,88,122,1,-1,-1,-1
57,8,106,712,231,147,1,-1,-1,-1
57,11,950,689,144,100,1,-1,-1,-1
57,12,0,725,93,148,1,-1,-1,-1
57,13,1083,677,147,122,1,-1,-1,-1
57,16,1245,485,88,122,1,-1,-1,-1
57,17,1216,1188,192,152,1,-1,-1,-1
58,8,64,715,231,147,1,-1,-1,-1
58,11,920,687,144,100,1,-1,-1,-1
58,12,1,742,139,155,1,-1,-1,-1
58,17,1192,1154,192,152,1,-1,-1,-1
59,8,39,719,231,147,1,-1,-1,-1
59,11,904,690,144,100,1,-1,-1,-1
59,12,3,740,146,163,1,-1,-1,-1
59,17,1165,1135,192,152,1,-1,-1,-1
60,8,13,721,231,147,1,-1,-1,-1
60,11,890,691,144,100,1,-1,-1,-1
60,12,14,741,146,163,1,-1,-1,-1
60,17,1132,1150,202,160,1,-1,-1,-1
61,8,0,722,221,147,1,-1,-1,-1
61,11,861,691,144,100,1,-1,-1,-1
61,12,0,740,143,163,1,-1,-1,-1
61,17,1108,1190,202,160,1,-1,-1,-1
62,8,0,726,196,147,1,-1,-1,-1
62,11,842,690,151,105,1,-1,-1,-1
62,12,0,742,123,163,1,-1,-1,-1
62,17,1097,1212,202,160,1,-1,-1,-1
63,8,0,726,175,147,1,-1,-1,-1
63,17,1075,1231,202,160,1,-1,-1,-1
64,8,0,730,153,147,1,-1,-1,-1
64,17,1049,1264,202,160,1,-1,-1,-1
65,8,0,730,153,147,1,-1,-1,-1
65,17,1049,1264,202,160,1,-1,-1,-1
65,18,132,716,140,128,1,-1,-1,-1
66,8,0,737,128,147,1,-1,-1,-1
66,17,1015,1286,202,154,1,-1,-1,-1
66,18,120,720,140,128,1,-1,-1,-1
67,17,1011,1289,192,151,1,-1,-1,-1
67,18,111,722,140,128,1,-1,-1,-1
68,17,1001,1277,192,152,1,-1,-1,-1
68,18,103,722,140,128,1,-1,-1,-1
69,17,993,1263,192,152,1,-1,-1,-1
69,18,100,723,140,128,1,-1,-1,-1
70,17,994,1262,192,152,1,-1,-1,-1
70,18,95,726,140,128,1,-1,-1,-1
71,17,1004,1266,192,152,1,-1,-1,-1
71,18,93,731,140,128,1,-1,-1,-1
72,17,1018,1280,192,152,1,-1,-1,-1
72,18,97,726,140,128,1,-1,-1,-1
73,17,1018,1280,192,152,1,-1,-1,-1
73,18,97,726,140,128,1,-1,-1,-1
73,19,0,748,140,132,1,-1,-1,-1
73,20,1736,804,288,140,1,-1,-1,-1
74,17,1045,1316,192,124,1,-1,-1,-1
74,18,106,722,147,134,1,-1,-1,-1
74,19,9,749,140,132,1,-1,-1,-1
74,20,1728,803,288,140,1,-1,-1,-1
75,17,1065,1335,192,105,1,-1,-1,-1
75,18,108,728,147,134,1,-1,-1,-1
75,19,17,750,140,132,1,-1,-1,-1
75,20,1722,805,274,133,1,-1,-1,-1
76,17,1084,1349,192,91,1,-1,-1,-1
76,18,116,737,147,134,1,-1,-1,-1
76,19,27,751,140,132,1,-1,-1,-1
76,20,1709,807,274,133,1,-1,-1,-1
77,17,1098,1337,192,103,1,-1,-1,-1
77,18,114,749,154,141,1,-1,-1,-1
77,19,41,751,140,132,1,-1,-1,-1
77,20,1701,806,274,133,1,-1,-1,-1
78,17,1121,1317,192,123,1,-1,-1,-1
78,18,120,747,162,148,1,-1,-1,-1
78,19,55,753,140,132,1,-1,-1,-1
78,20,1680,795,274,133,1,-1,-1,-1
79,17,1147,1300,192,140,1,-1,-1,-1
79,19,48,751,140,132,1,-1,-1,-1
79,20,1662,791,274,133,1,-1,-1,-1
80,17,1176,1294,192,146,1,-1,-1,-1
80,19,0,764,141,139,1,-1,-1,-1
80,20,1658,788,274,133,1,-1,-1,-1
81,17,1176,1294,192,146,1,-1,-1,-1
81,19,0,764,141,139,1,-1,-1,-1
81,20,1656,772,260,148,1,-1,-1,-1
81,21,136,776,232,140,1,-1,-1,-1
81,22,4,732,252,156,1,-1,-1,-1
81,23,1164,704,228,92,1,-1,-1,-1
82,17,1226,1302,192,138,1,-1,-1,-1
82,19,0,776,142,139,1,-1,-1,-1
82,20,1650,772,260,148,1,-1,-1,-1
82,21,145,779,232,140,1,-1,-1,-1
82,22,22,731,252,156,1,-1,-1,-1
82,23,1193,706,228,92,1,-1,-1,-1
83,17,1252,1317,192,123,1,-1,-1,-1
83,19,7,771,147,139,1,-1,-1,-1
83,20,1629,764,260,148,1,-1,-1,-1
83,21,150,779,232,140,1,-1,-1,-1
83,22,42,731,252,156,1,-1,-1,-1
83,23,1234,709,228,92,1,-1,-1,-1
84,17,1281,1318,192,122,1,-1,-1,-1
84,19,23,774,140,132,1,-1,-1,-1
84,20,1617,762,260,148,1,-1,-1,-1
84,21,168,778,232,140,1,-1,-1,-1
84,22,69,730,252,156,1,-1,-1,-1
84,23,1266,708,228,92,1,-1,-1,-1
85,17,1310,1317,192,123,1,-1,-1,-1
85,20,1626,752,260,148,1,-1,-1,-1
85,21,147,795,232,140,1,-1,-1,-1
85,22,89,732,252,156,1,-1,-1,-1
85,23,1324,712,217,88,1,-1,-1,-1
86,17,1335,1313,192,127,1,-1,-1,-1
86,20,1610,750,248,141,1,-1,-1,-1
86,21,128,803,232,140,1,-1,-1,-1
86,22,118,736,252,156,1,-1,-1,-1
86,23,1370,719,217,88,1,-1,-1,-1
87,17,1357,1312,192,128,1,-1,-1,-1
87,20,1618,752,236,134,1,-1,-1,-1
87,21,148,828,221,133,1,-1,-1,-1
87,22,141,749,265,164,1,-1,-1,-1
87,23,1390,722,228,92,1,-1,-1,-1
88,17,1378,1311,192,129,1,-1,-1,-1
88,20,1620,750,236,134,1,-1,-1,-1
88,21,141,835,221,133,1,-1,-1,-1
88,22,174,752,265,164,1,-1,-1,-1
88,23,1416,723,239,97,1,-1,-1,-1
89,17,1378,1311,192,129,1,-1,-1,-1
89,20,1648,764,152,124,1,-1,-1,-1
89,21,0,824,360,136,1,-1,-1,-1
89,22,174,752,265,164,1,-1,-1,-1
89,23,1448,720,180,112,1,-1,-1,-1
89,24,0,760,140,124,1,-1,-1,-1
89,25,1236,756,192,80,1,-1,-1,-1
89,26,236,736,244,120,1,-1,-1,-1
89,27,1064,700,224,108,1,-1,-1,-1
90,17,1425,1306,192,134,1,-1,-1,-1
90,20,1649,761,152,124,1,-1,-1,-1
90,21,0,825,338,136,1,-1,-1,-1
90,22,206,748,265,164,1,-1,-1,-1
90,23,1468,721,180,112,1,-1,-1,-1
90,24,15,759,140,124,1,-1,-1,-1
90,25,1265,755,192,80,1,-1,-1,-1
90,26,258,737,244,120,1,-1,-1,-1
90,27,1091,700,224,108,1,-1,-1,-1
91,17,1446,1303,192,137,1,-1,-1,-1
91,20,1651,754,152,124,1,-1,-1,-1
91,21,0,832,299,130,1,-1,-1,-1
91,22,232,739,252,156,1,-1,-1,-1
91,23,1488,719,180,112,1,-1,-1,-1
91,24,32,757,140,124,1,-1,-1,-1
91,25,1300,757,192,80,1,-1,-1,-1
91,26,280,737,244,120,1,-1,-1,-1
91,27,1114,700,224,108,1,-1,-1,-1
92,17,1460,1299,192,141,1,-1,-1,-1
92,20,1668,760,145,118,1,-1,-1,-1
92,21,0,835,262,123,1,-1,-1,-1
92,23,1503,718,180,112,1,-1,-1,-1
92,24,48,755,140,124,1,-1,-1,-1
92,25,1328,757,192,80,1,-1,-1,-1
92,26,300,738,244,120,1,-1,-1,-1
92,27,1131,701,224,108,1,-1,-1,-1
93,17,1471,1300,192,140,1,-1,-1,-1
93,20,1654,758,145,118,1,-1,-1,-1
93,21,0,836,254,123,1,-1,-1,-1
93,23,1523,719,171,107,1,-1,-1,-1
93,24,60,757,140,124,1,-1,-1,-1
93,25,1364,762,192,80,1,-1,-1,-1
93,26,303,732,256,126,1,-1,-1,-1
93,27,1150,699,224,108,1,-1,-1,-1
94,17,1487,1307,192,133,1,-1,-1,-1
94,20,1668,751,145,118,1,-1,-1,-1
94,21,0,852,193,123,1,-1,-1,-1
94,23,1533,716,171,107,1,-1,-1,-1
94,24,73,759,140,124,1,-1,-1,-1
94,25,1371,763,183,76,1,-1,-1,-1
94,26,320,730,269,132,1,-1,-1,-1
94,27,1166,698,224,108,1,-1,-1,-1
95,17,1497,1314,192,126,1,-1,-1,-1
95,20,1670,763,138,112,1,-1,-1,-1
95,21,0,855,141,123,1,-1,-1,-1
95,23,1546,715,171,107,1,-1,-1,-1
95,24,83,759,140,124,1,-1,-1,-1
95,25,1430,765,183,76,1,-1,-1,-1
95,26,333,731,269,132,1,-1,-1,-1
95,27,1175,695,235,113,1,-1,-1,-1
96,17,1503,1315,192,125,1,-1,-1,-1
96,20,1618,741,138,112,1,-1,-1,-1
96,21,0,858,112,123,1,-1,-1,-1
96,23,1555,712,171,107,1,-1,-1,-1
96,24,94,761,140,124,1,-1,-1,-1
96,25,1471,772,183,76,1,-1,-1,-1
96,26,347,733,269,132,1,-1,-1,-1
96,27,1184,693,247,119,1,-1,-1,-1
97,17,1503,1315,192,125,1,-1,-1,-1
97,20,1618,741,138,112,1,-1,-1,-1
97,21,0,858,112,123,1,-1,-1,-1
97,23,1555,712,171,107,1,-1,-1,-1
97,24,94,761,140,124,1,-1,-1,-1
97,25,1471,772,183,76,1,-1,-1,-1
97,26,444,740,168,128,1,-1,-1,-1
97,27,1240,704,184,104,1,-1,-1,-1
97,28,20,768,236,156,1,-1,-1,-1
97,29,268,740,172,152,1,-1,-1,-1
97,30,1340,724,216,100,1,-1,-1,-1
97,31,1496,728,272,140,1,-1,-1,-1
98,17,1520,1298,192,142,1,-1,-1,-1
98,23,1533,710,180,112,1,-1,-1,-1
98,24,107,766,140,124,1,-1,-1,-1
98,25,1524,783,192,80,1,-1,-1,-1
98,26,455,739,168,128,1,-1,-1,-1
98,27,1258,706,184,104,1,-1,-1,-1
98,28,23,769,236,156,1,-1,-1,-1
98,29,279,740,172,152,1,-1,-1,-1
98,30,1360,724,216,100,1,-1,-1,-1
98,31,1508,726,272,140,1,-1,-1,-1
99,17,1532,1291,192,149,1,-1,-1,-1
99,23,1548,712,180,112,1,-1,-1,-1
99,24,110,771,140,124,1,-1,-1,-1
99,26,460,741,168,128,1,-1,-1,-1
99,27,1271,707,193,109,1,-1,-1,-1
99,28,21,766,248,164,1,-1,-1,-1
99,29,285,740,172,152,1,-1,-1,-1
99,30,1391,726,206,95,1,-1,-1,-1
99,31,1519,725,272,140,1,-1,-1,-1
100,17,1544,1265,192,152,1,-1,-1,-1
100,23,1564,714,180,112,1,-1,-1,-1
100,24,112,774,140,124,1,-1,-1,-1
100,26,473,744,176,134,1,-1,-1,-1
100,27,1271,710,193,109,1,-1,-1,-1
100,28,23,768,248,164,1,-1,-1,-1
100,29,292,740,172,152,1,-1,-1,-1
100,30,1418,728,206,95,1,-1,-1,-1
100,31,1542,726,272,140,1,-1,-1,-1
101,17,1540,1230,192,152,1,-1,-1,-1
101,23,1555,713,189,118,1,-1,-1,-1
101,24,112,775,140,124,1,-1,-1,-1
101,26,486,744,176,134,1,-1,-1,-1
101,27,1286,709,193,109,1,-1,-1,-1
101,28,25,769,248,164,1,-1,-1,-1
101,29,298,739,172,152,1,-1,-1,-1
101,30,1443,727,216,100,1,-1,-1,-1
101,31,1621,724,286,147,1,-1,-1,-1
102,17,1516,1204,202,160,1,-1,-1,-1
102,23,1554,717,189,118,1,-1,-1,-1
102,24,112,774,140,124,1,-1,-1,-1
102,26,500,745,176,134,1,-1,-1,-1
102,27,1302,707,193,109,1,-1,-1,-1
102,28,24,768,248,164,1,-1,-1,-1
102,29,302,738,172,152,1,-1,-1,-1
102,30,1455,723,227,105,1,-1,-1,-1
102,31,1618,718,300,154,1,-1,-1,-1
103,17,1495,1189,202,160,1,-1,-1,-1
103,23,1534,720,189,118,1,-1,-1,-1
103,24,106,773,140,124,1,-1,-1,-1
103,26,507,750,168,128,1,-1,-1,-1
103,27,1315,707,193,109,1,-1,-1,-1
103,28,24,767,248,164,1,-1,-1,-1
103,29,305,738,172,152,1,-1,-1,-1
103,30,1442,720,238,110,1,-1,-1,-1
103,31,1768,707,300,154,1,-1,-1,-1
104,17,1484,1183,202,160,1,-1,-1,-1
104,23,1547,721,189,118,1,-1,-1,-1
104,24,107,772,140,124,1,-1,-1,-1
104,26,525,752,168,128,1,-1,-1,-1
104,27,1331,708,193,109,1,-1,-1,-1
104,28,21,767,248,164,1,-1,-1,-1
104,29,311,738,172,152,1,-1,-1,-1
104,30,1434,729,238,110,1,-1,-1,-1
104,31,1798,712,300,154,1,-1,-1,-1
105,17,1484,1183,202,160,1,-1,-1,-1
105,23,1552,720,160,116,1,-1,-1,-1
105,24,107,772,140,124,1,-1,-1,-1
105,26,525,752,168,128,1,-1,-1,-1
105,27,1348,712,188,100,1,-1,-1,-1
105,28,4,768,264,160,1,-1,-1,-1
105,29,320,740,168,148,1,-1,-1,-1
105,30,1434,729,238,110,1,-1,-1,-1
105,31,1840,752,272,148,1,-1,-1,-1
105,32,536,760,284,112,1,-1,-1,-1
106,17,1521,1197,202,160,1,-1,-1,-1
106,23,1556,720,160,116,1,-1,-1,-1
106,24,96,769,140,124,1,-1,-1,-1
106,26,575,751,168,128,1,-1,-1,-1
106,27,1361,712,188,100,1,-1,-1,-1
106,28,4,768,264,160,1,-1,-1,-1
106,29,323,740,168,148,1,-1,-1,-1
106,30,1438,733,238,110,1,-1,-1,-1
106,31,1846,750,272,148,1,-1,-1,-1
106,32,558,760,284,112,1,-1,-1,-1
107,17,1515,1213,202,160,1,-1,-1,-1
107,23,1559,719,160,116,1,-1,-1,-1
107,24,98,769,140,124,1,-1,-1,-1
107,26,613,744,168,128,1,-1,-1,-1
107,27,1369,713,188,100,1,-1,-1,-1
107,28,4,768,264,160,1,-1,-1,-1
107,29,328,740,168,148,1,-1,-1,-1
107,31,1853,749,272,148,1,-1,-1,-1
107,32,580,754,298,118,1,-1,-1,-1
108,17,1487,1199,202,160,1,-1,-1,-1
108,23,1563,720,160,116,1,-1,-1,-1
108,24,101,769,140,124,1,-1,-1,-1
108,26,669,748,168,128,1,-1,-1,-1
108,27,1375,713,188,100,1,-1,-1,-1
108,28,5,768,264,160,1,-1,-1,-1
108,29,332,740,168,148,1,-1,-1,-1
108,31,1845,747,286,155,1,-1,-1,-1
108,32,638,755,284,112,1,-1,-1,-1
109,17,1466,1160,202,160,1,-1,-1,-1
109,23,1567,721,160,116,1,-1,-1,-1
109,24,96,767,147,130,1,-1,-1,-1
109,27,1380,712,188,100,1,-1,-1,-1
109,28,4,769,264,160,1,-1,-1,-1
109,29,336,740,168,148,1,-1,-1,-1
109,31,1858,747,272,148,1,-1,-1,-1
109,32,680,752,284,112,1,-1,-1,-1
110,17,1479,1135,202,160,1,-1,-1,-1
110,23,1572,719,160,116,1,-1,-1,-1
110,24,95,768,147,130,1,-1,-1,-1
110,27,1387,711,188,100,1,-1,-1,-1
110,28,1,768,264,160,1,-1,-1,-1
110,29,341,740,168,148,1,-1,-1,-1
110,31,1854,740,272,148,1,-1,-1,-1
110,32,740,751,270,107,1,-1,-1,-1
111,17,1509,1146,202,160,1,-1,-1,-1
111,23,1574,718,160,116,1,-1,-1,-1
111,24,93,767,147,130,1,-1,-1,-1
111,27,1389,709,188,100,1,-1,-1,-1
111,28,0,763,270,168,1,-1,-1,-1
111,29,346,740,168,148,1,-1,-1,-1
111,31,1846,728,286,155,1,-1,-1,-1
111,32,764,745,284,112,1,-1,-1,-1
112,17,1549,1153,202,160,1,-1,-1,-1
112,23,1576,718,160,116,1,-1,-1,-1
112,24,90,767,147,130,1,-1,-1,-1
112,27,1390,709,188,100,1,-1,-1,-1
112,28,0,761,270,168,1,-1,-1,-1
112,29,353,739,168,148,1,-1,-1,-1
112,31,1845,729,286,155,1,-1,-1,-1
112,32,794,744,284,112,1,-1,-1,-1
113,17,1549,1153,202,160,1,-1,-1,-1
113,23,1576,718,160,116,1,-1,-1,-1
113,24,90,767,147,130,1,-1,-1,-1
113,27,1408,720,140,96,1,-1,-1,-1
113,28,0,768,248,156,1,-1,-1,-1
113,29,348,732,228,144,1,-1,-1,-1
113,31,1845,729,286,155,1,-1,-1,-1
113,32,828,732,292,136,1,-1,-1,-1
113,33,2196,744,152,148,1,-1,-1,-1
114,17,1590,1168,202,160,1,-1,-1,-1
114,23,1577,713,160,116,1,-1,-1,-1
114,24,75,761,154,137,1,-1,-1,-1
114,27,1407,719,140,96,1,-1,-1,-1
114,28,0,768,244,156,1,-1,-1,-1
114,29,354,732,228,144,1,-1,-1,-1
114,31,1850,732,286,155,1,-1,-1,-1
114,32,857,734,292,136,1,-1,-1,-1
114,33,2207,743,152,148,1,-1,-1,-1
115,17,1591,1200,202,160,1,-1,-1,-1
115,23,1575,707,168,122,1,-1,-1,-1
115,24,60,759,162,144,1,-1,-1,-1
115,27,1405,718,140,96,1,-1,-1,-1
115,28,0,766,240,156,1,-1,-1,-1
115,29,362,733,228,144,1,-1,-1,-1
115,32,893,738,292,136,1,-1,-1,-1
115,33,2210,742,152,148,1,-1,-1,-1
116,17,1584,1230,202,160,1,-1,-1,-1
116,23,1578,704,168,122,1,-1,-1,-1
116,24,60,758,162,144,1,-1,-1,-1
116,27,1402,717,140,96,1,-1,-1,-1
116,28,0,764,238,156,1,-1,-1,-1
116,29,374,731,228,144,1,-1,-1,-1
116,32,893,739,292,136,1,-1,-1,-1
116,33,2203,732,160,155,1,-1,-1,-1
117,17,1569,1238,202,160,1,-1,-1,-1
117,23,1569,698,176,128,1,-1,-1,-1
117,24,56,757,162,144,1,-1,-1,-1
117,27,1400,717,140,96,1,-1,-1,-1
117,28,0,762,236,156,1,-1,-1,-1
117,29,392,725,228,144,1,-1,-1,-1
117,32,871,741,292,136,1,-1,-1,-1
117,33,2205,725,160,155,1,-1,-1,-1
118,17,1565,1239,202,160,1,-1,-1,-1
118,23,1567,697,176,128,1,-1,-1,-1
118,24,54,755,162,144,1,-1,-1,-1
118,27,1394,714,147,101,1,-1,-1,-1
118,28,0,759,236,156,1,-1,-1,-1
118,29,412,718,228,144,1,-1,-1,-1
118,32,873,738,292,136,1,-1,-1,-1
118,33,2201,686,160,155,1,-1,-1,-1
119,17,1571,1240,192,152,1,-1,-1,-1
119,23,1563,696,176,128,1,-1,-1,-1
119,24,50,754,162,144,1,-1,-1,-1
119,27,1391,714,147,101,1,-1,-1,-1
119,28,0,759,233,156,1,-1,-1,-1
119,29,432,711,228,144,1,-1,-1,-1
119,32,874,741,278,130,1,-1,-1,-1
119,33,2196,691,160,155,1,-1,-1,-1
120,17,1573,1230,192,152,1,-1,-1,-1
120,24,48,753,162,144,1,-1,-1,-1
120,27,1382,711,154,106,1,-1,-1,-1
120,28,0,759,232,156,1,-1,-1,-1
120,29,447,707,228,144,1,-1,-1,-1
120,32,855,736,278,130,1,-1,-1,-1
120,33,2183,689,160,155,1,-1,-1,-1
121,17,1573,1230,192,152,1,-1,-1,-1
121,24,48,753,162,144,1,-1,-1,-1
121,27,1392,712,144,100,1,-1,-1,-1
121,28,0,752,228,164,1,-1,-1,-1
121,29,460,720,232,132,1,-1,-1,-1
121,32,855,736,278,130,1,-1,-1,-1
121,33,2183,689,160,155,1,-1,-1,-1
121,34,2220,732,192,164,1,-1,-1,-1
121,35,1212,712,172,92,1,-1,-1,-1
122,17,1575,1233,192,152,1,-1,-1,-1
122,24,31,748,170,151,1,-1,-1,-1
122,27,1390,712,144,100,1,-1,-1,-1
122,28,0,751,225,164,1,-1,-1,-1
122,29,466,720,232,132,1,-1,-1,-1
122,33,2206,726,160,155,1,-1,-1,-1
122,34,2212,728,202,172,1,-1,-1,-1
122,35,1232,708,172,92,1,-1,-1,-1
123,17,1570,1234,192,152,1,-1,-1,-1
123,24,17,741,179,158,1,-1,-1,-1
123,27,1386,712,144,100,1,-1,-1,-1
123,28,0,751,221,164,1,-1,-1,-1
123,29,481,721,232,132,1,-1,-1,-1
123,33,2198,718,168,163,1,-1,-1,-1
123,34,2195,722,212,181,1,-1,-1,-1
123,35,1264,705,172,92,1,-1,-1,-1
124,17,1556,1233,192,152,1,-1,-1,-1
124,24,12,739,179,158,1,-1,-1,-1
124,27,1379,711,144,100,1,-1,-1,-1
124,28,0,750,217,164,1,-1,-1,-1
124,29,498,715,232,132,1,-1,-1,-1
124,34,2184,723,212,181,1,-1,-1,-1
124,35,1319,699,181,97,1,-1,-1,-1
125,17,1544,1234,192,152,1,-1,-1,-1
125,24,6,738,179,158,1,-1,-1,-1
125,27,1371,708,151,105,1,-1,-1,-1
125,28,0,753,205,156,1,-1,-1,-1
125,29,517,711,232,132,1,-1,-1,-1
125,34,2179,723,212,181,1,-1,-1,-1
125,35,1339,698,190,101,1,-1,-1,-1
126,17,1529,1236,192,152,1,-1,-1,-1
126,24,4,736,179,158,1,-1,-1,-1
126,27,1364,708,151,105,1,-1,-1,-1
126,28,0,753,200,156,1,-1,-1,-1
126,29,529,707,232,132,1,-1,-1,-1
126,34,2175,730,212,181,1,-1,-1,-1
126,35,1340,699,190,101,1,-1,-1,-1
127,17,1518,1242,192,152,1,-1,-1,-1
127,24,0,737,176,158,1,-1,-1,-1
127,27,1358,709,151,105,1,-1,-1,-1
127,28,0,753,190,156,1,-1,-1,-1
127,29,552,710,221,126,1,-1,-1,-1
127,34,2162,737,212,181,1,-1,-1,-1
127,35,1339,701,190,101,1,-1,-1,-1
128,17,1500,1250,192,152,1,-1,-1,-1
128,24,0,740,163,158,1,-1,-1,-1
128,27,1350,709,151,105,1,-1,-1,-1
128,28,0,754,180,156,1,-1,-1,-1
128,29,554,704,232,132,1,-1,-1,-1
128,34,2148,745,212,181,1,-1,-1,-1
128,35,1333,700,190,101,1,-1,-1,-1
129,17,1500,1250,192,152,1,-1,-1,-1
129,24,0,740,163,158,1,-1,-1,-1
129,27,1350,709,151,105,1,-1,-1,-1
129,28,0,752,192,156,1,-1,-1,-1
129,29,572,700,228,124,1,-1,-1,-1
129,34,2092,780,232,152,1,-1,-1,-1
129,35,1333,700,190,101,1,-1,-1,-1
130,17,1482,1251,192,152,1,-1,-1,-1
130,24,0,741,152,151,1,-1,-1,-1
130,27,1340,707,151,105,1,-1,-1,-1
130,28,0,752,183,156,1,-1,-1,-1
130,29,584,699,228,124,1,-1,-1,-1
130,34,2082,782,232,152,1,-1,-1,-1
130,35,1328,697,190,101,1,-1,-1,-1
131,17,1482,1238,192,152,1,-1,-1,-1
131,24,0,740,145,151,1,-1,-1,-1
131,27,1337,704,159,110,1,-1,-1,-1
131,28,0,752,175,156,1,-1,-1,-1
131,29,602,699,228,124,1,-1,-1,-1
131,34,2060,780,244,160,1,-1,-1,-1
131,35,1329,696,190,101,1,-1,-1,-1
132,17,1472,1213,192,152,1,-1,-1,-1
132,24,0,741,140,151,1,-1,-1,-1
132,27,1339,704,159,110,1,-1,-1,-1
132,28,0,755,161,149,1,-1,-1,-1
132,29,621,700,217,118,1,-1,-1,-1
132,34,2043,781,244,160,1,-1,-1,-1
132,35,1326,693,190,101,1,-1,-1,-1
133,17,1449,1185,192,152,1,-1,-1,-1
133,24,0,741,134,151,1,-1,-1,-1
133,27,1343,703,159,110,1,-1,-1,-1
133,28,0,753,153,149,1,-1,-1,-1
133,29,642,697,217,118,1,-1,-1,-1
133,34,2022,785,244,160,1,-1,-1,-1
133,35,1323,694,190,101,1,-1,-1,-1
134,17,1434,1175,183,145,1,-1,-1,-1
134,24,0,740,132,151,1,-1,-1,-1
134,27,1346,700,159,110,1,-1,-1,-1
134,28,0,755,144,141,1,-1,-1,-1
134,29,658,694,217,118,1,-1,-1,-1
134,34,1997,785,244,160,1,-1,-1,-1
135,17,1432,1191,183,145,1,-1,-1,-1
135,24,0,735,123,151,1,-1,-1,-1
135,27,1349,700,159,110,1,-1,-1,-1
135,28,0,755,133,141,1,-1,-1,-1
135,29,670,694,217,118,1,-1,-1,-1
135,34,1968,787,244,160,1,-1,-1,-1
136,17,1437,1222,183,145,1,-1,-1,-1
136,24,0,738,114,144,1,-1,-1,-1
136,27,1321,695,159,110,1,-1,-1,-1
136,28,0,755,126,141,1,-1,-1,-1
136,29,690,685,217,118,1,-1,-1,-1
136,34,1946,790,232,152,1,-1,-1,-1
137,17,1437,1222,183,145,1,-1,-1,-1
137,24,0,738,114,144,1,-1,-1,-1
137,27,1321,695,159,110,1,-1,-1,-1
137,28,0,755,126,141,1,-1,-1,-1
137,29,724,684,164,128,1,-1,-1,-1
137,34,1920,796,236,124,1,-1,-1,-1
138,17,1418,1288,183,145,1,-1,-1,-1
138,24,0,736,110,144,1,-1,-1,-1
138,28,0,726,105,135,1,-1,-1,-1
138,29,730,683,164,128,1,-1,-1,-1
138,34,1904,796,236,124,1,-1,-1,-1
139,17,1405,1292,183,145,1,-1,-1,-1
139,24,0,728,96,144,1,-1,-1,-1
139,28,0,728,110,135,1,-1,-1,-1
139,29,742,678,172,134,1,-1,-1,-1
139,34,1883,795,248,130,1,-1,-1,-1
140,17,1400,1278,183,145,1,-1,-1,-1
140,24,0,717,93,137,1,-1,-1,-1
140,28,0,729,117,135,1,-1,-1,-1
140,29,756,677,172,134,1,-1,-1,-1
140,34,1866,799,248,130,1,-1,-1,-1
141,17,1401,1255,183,145,1,-1,-1,-1
141,28,0,732,112,128,1,-1,-1,-1
141,29,769,681,164,128,1,-1,-1,-1
141,34,1842,801,248,130,1,-1,-1,-1
142,17,1403,1237,183,145,1,-1,-1,-1
142,28,0,725,102,128,1,-1,-1,-1
142,29,775,680,164,128,1,-1,-1,-1
142,34,1821,802,248,130,1,-1,-1,-1
143,17,1403,1234,183,145,1,-1,-1,-1
143,28,0,724,97,128,1,-1,-1,-1
143,29,781,678,164,128,1,-1,-1,-1
143,34,1805,802,248,130,1,-1,-1,-1
144,17,1403,1235,183,145,1,-1,-1,-1
144,29,790,680,156,122,1,-1,-1,-1
144,34,1775,798,260,137,1,-1,-1,-1
145,17,1403,1235,183,145,1,-1,-1,-1
145,29,816,680,128,116,1,-1,-1,-1
145,34,1744,804,240,124,1,-1,-1,-1
145,36,0,780,240,156,1,-1,-1,-1
145,37,1420,704,200,128,1,-1,-1,-1
145,38,1544,672,92,60,1,-1,-1,-1
146,17,1404,1235,183,145,1,-1,-1,-1
146,29,818,680,128,116,1,-1,-1,-1
146,34,1725,810,229,118,1,-1,-1,-1
146,36,18,779,240,156,1,-1,-1,-1
146,37,1420,704,200,128,1,-1,-1,-1
146,38,1547,671,92,60,1,-1,-1,-1
147,17,1407,1238,183,145,1,-1,-1,-1
147,29,824,683,122,110,1,-1,-1,-1
147,34,1705,821,229,118,1,-1,-1,-1
147,36,30,775,252,164,1,-1,-1,-1
147,37,1420,704,200,128,1,-1,-1,-1
147,38,1546,669,97,63,1,-1,-1,-1
148,17,1410,1245,192,152,1,-1,-1,-1
148,29,826,683,122,110,1,-1,-1,-1
148,34,1632,821,240,124,1,-1,-1,-1
148,36,52,764,265,172,1,-1,-1,-1
148,37,1421,704,200,128,1,-1,-1,-1
148,38,1546,671,97,63,1,-1,-1,-1
149,17,1414,1256,192,152,1,-1,-1,-1
149,29,828,682,122,110,1,-1,-1,-1
149,34,1594,821,252,130,1,-1,-1,-1
149,36,57,764,265,172,1,-1,-1,-1
149,37,1422,704,200,128,1,-1,-1,-1
149,38,1547,669,97,63,1,-1,-1,-1
150,17,1415,1264,192,152,1,-1,-1,-1
150,29,830,682,122,110,1,-1,-1,-1
150,34,1565,827,252,130,1,-1,-1,-1
150,36,78,745,278,181,1,-1,-1,-1
150,37,1425,704,200,128,1,-1,-1,-1
150,38,1548,668,97,63,1,-1,-1,-1
151,17,1416,1265,192,152,1,-1,-1,-1
151,29,832,682,122,110,1,-1,-1,-1
151,34,1509,806,265,137,1,-1,-1,-1
151,36,110,737,278,181,1,-1,-1,-1
151,37,1426,703,200,128,1,-1,-1,-1
151,38,1551,667,97,63,1,-1,-1,-1
152,17,1418,1261,192,152,1,-1,-1,-1
152,29,833,681,122,110,1,-1,-1,-1
152,34,1464,805,265,137,1,-1,-1,-1
152,36,113,732,278,181,1,-1,-1,-1
152,37,1427,701,200,128,1,-1,-1,-1
152,38,1554,669,97,63,1,-1,-1,-1
153,17,1418,1261,192,152,1,-1,-1,-1
153,29,844,676,108,120,1,-1,-1,-1
153,34,1416,804,256,132,1,-1,-1,-1
153,36,113,732,278,181,1,-1,-1,-1
153,37,1428,704,124,116,1,-1,-1,-1
153,38,1554,669,97,63,1,-1,-1,-1
153,39,20,724,220,156,1,-1,-1,-1
153,40,1544,700,88,104,1,-1,-1,-1
153,41,224,732,184,128,1,-1,-1,-1
153,42,1416,652,112,64,1,-1,-1,-1
154,17,1434,1248,192,152,1,-1,-1,-1
154,29,847,677,108,120,1,-1,-1,-1
154,34,1379,803,256,132,1,-1,-1,-1
154,37,1431,703,124,116,1,-1,-1,-1
154,38,1557,665,97,63,1,-1,-1,-1
154,39,35,724,220,156,1,-1,-1,-1
154,40,1544,699,88,104,1,-1,-1,-1
154,41,243,732,184,128,1,-1,-1,-1
154,42,1419,650,112,64,1,-1,-1,-1
155,17,1441,1246,192,152,1,-1,-1,-1
155,29,851,678,108,120,1,-1,-1,-1
155,34,1319,802,256,132,1,-1,-1,-1
155,37,1436,703,124,116,1,-1,-1,-1
155,39,44,721,231,164,1,-1,-1,-1
155,40,1547,698,88,104,1,-1,-1,-1
155,41,251,729,184,128,1,-1,-1,-1
155,42,1425,649,112,64,1,-1,-1,-1
156,17,1449,1244,192,152,1,-1,-1,-1
156,29,853,682,108,120,1,-1,-1,-1
156,34,1262,795,269,139,1,-1,-1,-1
156,37,1440,702,124,116,1,-1,-1,-1
156,39,63,720,243,172,1,-1,-1,-1
156,40,1549,699,88,104,1,-1,-1,-1
156,41,270,729,175,122,1,-1,-1,-1
156,42,1427,648,112,64,1,-1,-1,-1
157,17,1456,1247,192,152,1,-1,-1,-1
157,29,854,683,108,120,1,-1,-1,-1
157,34,1232,792,269,139,1,-1,-1,-1
157,37,1447,701,124,116,1,-1,-1,-1
157,39,99,721,231,164,1,-1,-1,-1
157,40,1555,702,84,99,1,-1,-1,-1
157,41,302,729,175,122,1,-1,-1,-1
157,42,1446,645,107,61,1,-1,-1,-1
158,17,1459,1251,192,152,1,-1,-1,-1
158,29,858,687,108,120,1,-1,-1,-1
158,34,1164,779,282,146,1,-1,-1,-1
158,37,1451,700,124,116,1,-1,-1,-1
158,39,110,724,231,164,1,-1,-1,-1
158,40,1558,705,84,99,1,-1,-1,-1
158,41,303,717,175,122,1,-1,-1,-1
158,42,1451,645,107,61,1,-1,-1,-1
159,17,1466,1251,192,152,1,-1,-1,-1
159,29,861,688,108,120,1,-1,-1,-1
159,34,1105,772,282,146,1,-1,-1,-1
159,37,1456,699,124,116,1,-1,-1,-1
159,39,132,723,231,164,1,-1,-1,-1
159,40,1560,706,84,99,1,-1,-1,-1
159,41,270,721,175,122,1,-1,-1,-1
159,42,1460,646,102,58,1,-1,-1,-1
160,17,1479,1253,192,152,1,-1,-1,-1
160,29,866,690,108,120,1,-1,-1,-1
160,34,1055,769,282,146,1,-1,-1,-1
160,37,1460,700,124,116,1,-1,-1,-1
160,39,159,718,231,164,1,-1,-1,-1
160,40,1567,707,84,99,1,-1,-1,-1
160,41,272,723,175,122,1,-1,-1,-1
160,42,1463,646,102,58,1,-1,-1,-1
161,17,1479,1253,192,152,1,-1,-1,-1
161,29,868,684,120,128,1,-1,-1,-1
161,34,1032,768,228,144,1,-1,-1,-1
161,37,1464,700,112,128,1,-1,-1,-1
161,39,159,718,231,164,1,-1,-1,-1
161,40,1567,707,84,99,1,-1,-1,-1
161,41,272,723,175,122,1,-1,-1,-1
161,42,1456,640,112,72,1,-1,-1,-1
161,43,1576,672,192,116,1,-1,-1,-1
161,44,1688,696,240,108,1,-1,-1,-1
161,45,184,712,324,124,1,-1,-1,-1
162,17,1494,1247,192,152,1,-1,-1,-1
162,29,875,684,120,128,1,-1,-1,-1
162,34,990,768,228,144,1,-1,-1,-1
162,37,1467,700,112,128,1,-1,-1,-1
162,39,243,697,231,164,1,-1,-1,-1
162,40,1577,709,84,99,1,-1,-1,-1
162,42,1459,642,112,72,1,-1,-1,-1
162,43,1580,672,192,116,1,-1,-1,-1
162,44,1700,696,240,108,1,-1,-1,-1
162,45,217,711,324,124,1,-1,-1,-1
163,17,1493,1221,192,152,1,-1,-1,-1
163,29,882,683,120,128,1,-1,-1,-1
163,34,961,771,228,144,1,-1,-1,-1
163,37,1473,702,112,128,1,-1,-1,-1
163,40,1582,709,84,99,1,-1,-1,-1
163,42,1462,648,112,72,1,-1,-1,-1
163,43,1584,672,192,116,1,-1,-1,-1
163,44,1701,695,252,113,1,-1,-1,-1
163,45,277,714,309,118,1,-1,-1,-1
164,17,1478,1178,202,160,1,-1,-1,-1
164,29,891,682,120,128,1,-1,-1,-1
164,34,917,763,228,144,1,-1,-1,-1
164,37,1478,703,112,128,1,-1,-1,-1
164,40,1589,710,84,99,1,-1,-1,-1
164,42,1469,650,112,72,1,-1,-1,-1
164,43,1593,675,183,110,1,-1,-1,-1
164,44,1710,698,240,108,1,-1,-1,-1
164,45,307,712,309,118,1,-1,-1,-1
165,17,1474,1125,202,160,1,-1,-1,-1
165,29,900,682,120,128,1,-1,-1,-1
165,34,862,761,239,151,1,-1,-1,-1
165,37,1485,705,112,128,1,-1,-1,-1
165,40,1595,710,84,99,1,-1,-1,-1
165,42,1472,654,112,72,1,-1,-1,-1
165,43,1600,675,183,110,1,-1,-1,-1
165,44,1707,696,252,113,1,-1,-1,-1
165,45,375,715,294,112,1,-1,-1,-1
166,17,1499,1096,202,160,1,-1,-1,-1
166,29,913,681,120,128,1,-1,-1,-1
166,34,805,750,251,159,1,-1,-1,-1
166,37,1491,705,112,128,1,-1,-1,-1
166,40,1602,711,84,99,1,-1,-1,-1
166,42,1475,655,112,72,1,-1,-1,-1
166,43,1609,677,183,110,1,-1,-1,-1
166,44,1715,698,252,113,1,-1,-1,-1
166,45,428,713,280,107,1,-1,-1,-1
167,17,1540,1105,202,160,1,-1,-1,-1
167,29,922,682,120,128,1,-1,-1,-1
167,34,757,735,251,159,1,-1,-1,-1
167,37,1495,706,112,128,1,-1,-1,-1
167,40,1611,711,84,99,1,-1,-1,-1
167,42,1476,657,112,72,1,-1,-1,-1
167,43,1619,681,183,110,1,-1,-1,-1
167,44,1733,702,252,113,1,-1,-1,-1
167,45,472,709,280,107,1,-1,-1,-1
168,17,1569,1140,202,160,1,-1,-1,-1
168,29,930,683,120,128,1,-1,-1,-1
168,34,699,716,251,159,1,-1,-1,-1
168,37,1500,708,112,128,1,-1,-1,-1
168,40,1618,711,84,99,1,-1,-1,-1
168,42,1480,661,107,69,1,-1,-1,-1
168,43,1630,682,183,110,1,-1,-1,-1
168,44,1739,707,252,113,1,-1,-1,-1
168,45,522,705,280,107,1,-1,-1,-1
169,17,1569,1140,202,160,1,-1,-1,-1
169,29,940,680,172,132,1,-1,-1,-1
169,34,699,716,251,159,1,-1,-1,-1
169,37,1476,712,152,128,1,-1,-1,-1
169,40,1616,712,96,120,1,-1,-1,-1
169,42,1476,660,180,76,1,-1,-1,-1
169,43,1640,688,196,104,1,-1,-1,-1
169,44,1739,707,252,113,1,-1,-1,-1
169,45,522,705,280,107,1,-1,-1,-1
169,46,1872,724,172,112,1,-1,-1,-1
169,47,64,752,128,144,1,-1,-1,-1
169,48,756,740,132,128,1,-1,-1,-1
169,49,0,784,44,140,1,-1,-1,-1
169,50,452,640,144,156,1,-1,-1,-1
170,17,1561,1199,202,160,1,-1,-1,-1
170,29,953,679,172,132,1,-1,-1,-1
170,37,1482,712,152,128,1,-1,-1,-1
170,40,1626,711,96,120,1,-1,-1,-1
170,42,1479,661,180,76,1,-1,-1,-1
170,43,1655,688,196,104,1,-1,-1,-1
170,44,1765,709,252,113,1,-1,-1,-1
170,45,635,700,280,107,1,-1,-1,-1
170,46,1881,725,172,112,1,-1,-1,-1
170,47,78,752,128,144,1,-1,-1,-1
170,48,732,741,132,128,1,-1,-1,-1
170,49,12,782,44,140,1,-1,-1,-1
170,50,467,640,144,156,1,-1,-1,-1
171,17,1561,1219,202,160,1,-1,-1,-1
171,29,963,675,181,139,1,-1,-1,-1
171,37,1489,712,152,128,1,-1,-1,-1
171,40,1634,711,96,120,1,-1,-1,-1
171,42,1486,663,180,76,1,-1,-1,-1
171,43,1669,689,196,104,1,-1,-1,-1
171,44,1782,714,252,113,1,-1,-1,-1
171,45,637,699,294,112,1,-1,-1,-1
171,46,1892,725,172,112,1,-1,-1,-1
171,47,93,752,128,144,1,-1,-1,-1
171,48,705,727,132,128,1,-1,-1,-1
171,49,25,780,44,140,1,-1,-1,-1
171,50,483,640,144,156,1,-1,-1,-1
172,17,1579,1240,202,160,1,-1,-1,-1
172,29,975,675,181,139,1,-1,-1,-1
172,37,1494,713,152,128,1,-1,-1,-1
172,40,1642,712,96,120,1,-1,-1,-1
172,42,1487,664,189,80,1,-1,-1,-1
172,43,1681,691,196,104,1,-1,-1,-1
172,44,1785,708,265,119,1,-1,-1,-1
172,45,629,700,309,118,1,-1,-1,-1
172,46,1898,725,172,112,1,-1,-1,-1
172,47,110,753,128,144,1,-1,-1,-1
172,48,689,732,126,122,1,-1,-1,-1
172,49,38,780,44,140,1,-1,-1,-1
172,50,493,643,144,156,1,-1,-1,-1
173,17,1605,1261,202,160,1,-1,-1,-1
173,29,988,676,181,139,1,-1,-1,-1
173,37,1498,713,152,128,1,-1,-1,-1
173,40,1648,711,96,120,1,-1,-1,-1
173,42,1495,664,189,80,1,-1,-1,-1
173,43,1688,691,206,109,1,-1,-1,-1
173,45,788,704,294,112,1,-1,-1,-1
173,46,1905,723,172,112,1,-1,-1,-1
173,47,128,753,128,144,1,-1,-1,-1
173,48,707,728,132,128,1,-1,-1,-1
173,49,47,776,46,147,1,-1,-1,-1
173,50,506,639,151,164,1,-1,-1,-1
174,17,1625,1274,202,160,1,-1,-1,-1
174,29,998,676,181,139,1,-1,-1,-1
174,37,1501,713,152,128,1,-1,-1,-1
174,40,1660,712,96,120,1,-1,-1,-1
174,42,1495,662,198,84,1,-1,-1,-1
174,43,1705,695,206,109,1,-1,-1,-1
174,45,902,690,294,112,1,-1,-1,-1
174,46,1913,721,172,112,1,-1,-1,-1
174,47,149,752,128,144,1,-1,-1,-1
174,48,735,738,132,128,1,-1,-1,-1
174,49,48,777,46,147,1,-1,-1,-1
174,50,513,642,151,164,1,-1,-1,-1
175,17,1641,1274,202,160,1,-1,-1,-1
175,29,1015,676,181,139,1,-1,-1,-1
175,37,1512,714,152,128,1,-1,-1,-1
175,40,1671,714,96,120,1,-1,-1,-1
175,42,1505,659,208,88,1,-1,-1,-1
175,43,1710,694,206,109,1,-1,-1,-1
175,45,909,691,294,112,1,-1,-1,-1
175,46,1921,721,172,112,1,-1,-1,-1
175,47,165,753,128,144,1,-1,-1,-1
175,48,749,729,132,128,1,-1,-1,-1
175,49,52,781,44,140,1,-1,-1,-1
175,50,521,646,144,156,1,-1,-1,-1
176,17,1657,1259,202,160,1,-1,-1,-1
176,29,1030,678,181,139,1,-1,-1,-1
176,37,1524,715,152,128,1,-1,-1,-1
176,40,1688,714,96,120,1,-1,-1,-1
176,42,1518,658,208,88,1,-1,-1,-1
176,43,1709,694,206,109,1,-1,-1,-1
176,46,1929,724,172,112,1,-1,-1,-1
176,47,177,750,134,151,1,-1,-1,-1
176,48,761,730,132,128,1,-1,-1,-1
176,49,62,791,44,140,1,-1,-1,-1
176,50,544,643,144,156,1,-1,-1,-1
177,17,1657,1259,202,160,1,-1,-1,-1
177,29,984,680,240,132,1,-1,-1,-1
177,37,1540,716,228,128,1,-1,-1,-1
177,40,1688,714,96,120,1,-1,-1,-1
177,42,1518,658,208,88,1,-1,-1,-1
177,43,1709,694,206,109,1,-1,-1,-1
177,46,1940,736,164,104,1,-1,-1,-1
177,47,172,736,156,148,1,-1,-1,-1
177,48,761,730,132,128,1,-1,-1,-1
177,49,62,791,44,140,1,-1,-1,-1
177,50,544,643,144,156,1,-1,-1,-1
177,51,72,732,112,168,1,-1,-1,-1
177,52,492,680,180,132,1,-1,-1,-1
177,53,1780,696,188,128,1,-1,-1,-1
178,17,1696,1210,192,152,1,-1,-1,-1
178,29,1009,683,229,126,1,-1,-1,-1
178,37,1554,717,228,128,1,-1,-1,-1
178,40,1712,713,96,120,1,-1,-1,-1
178,42,1529,658,219,92,1,-1,-1,-1
178,43,1731,694,196,104,1,-1,-1,-1
178,46,1950,740,164,104,1,-1,-1,-1
178,47,189,738,156,148,1,-1,-1,-1
178,50,570,656,144,156,1,-1,-1,-1
178,51,88,732,112,168,1,-1,-1,-1
178,52,496,682,180,132,1,-1,-1,-1
178,53,1796,697,188,128,1,-1,-1,-1
179,17,1707,1189,192,152,1,-1,-1,-1
179,29,1029,684,229,126,1,-1,-1,-1
179,37,1570,720,228,128,1,-1,-1,-1
179,40,1722,715,96,120,1,-1,-1,-1
179,42,1515,661,208,88,1,-1,-1,-1
179,43,1740,691,196,104,1,-1,-1,-1
179,46,1956,743,164,104,1,-1,-1,-1
179,47,201,736,164,155,1,-1,-1,-1
179,50,584,663,137,149,1,-1,-1,-1
179,51,103,732,112,168,1,-1,-1,-1
179,52,495,687,180,132,1,-1,-1,-1
179,53,1813,701,188,128,1,-1,-1,-1
180,17,1713,1172,192,152,1,-1,-1,-1
180,29,1046,685,229,126,1,-1,-1,-1
180,37,1584,722,228,128,1,-1,-1,-1
180,40,1735,717,96,120,1,-1,-1,-1
180,42,1516,663,208,88,1,-1,-1,-1
180,46,1966,748,156,99,1,-1,-1,-1
180,47,216,739,164,155,1,-1,-1,-1
180,50,591,679,131,141,1,-1,-1,-1
180,51,119,734,112,168,1,-1,-1,-1
180,52,503,692,180,132,1,-1,-1,-1
180,53,1831,702,188,128,1,-1,-1,-1
181,17,1725,1169,192,152,1,-1,-1,-1
181,29,1066,686,229,126,1,-1,-1,-1
181,37,1598,722,239,134,1,-1,-1,-1
181,42,1525,666,198,84,1,-1,-1,-1
181,46,1983,752,149,94,1,-1,-1,-1
181,47,229,739,164,155,1,-1,-1,-1
181,50,605,674,131,141,1,-1,-1,-1
181,51,132,732,112,168,1,-1,-1,-1
181,52,516,696,180,132,1,-1,-1,-1
181,53,1845,705,188,128,1,-1,-1,-1
182,17,1741,1178,192,152,1,-1,-1,-1
182,29,1091,687,229,126,1,-1,-1,-1
182,37,1608,725,239,134,1,-1,-1,-1
182,42,1530,668,189,80,1,-1,-1,-1
182,46,1993,753,149,94,1,-1,-1,-1
182,47,245,740,164,155,1,-1,-1,-1
182,51,144,733,112,168,1,-1,-1,-1
182,52,528,691,189,139,1,-1,-1,-1
182,53,1858,705,188,128,1,-1,-1,-1
183,17,1759,1197,192,152,1,-1,-1,-1
183,29,1113,681,240,132,1,-1,-1,-1
183,37,1638,726,239,134,1,-1,-1,-1
183,46,2000,755,149,94,1,-1,-1,-1
183,47,259,740,164,155,1,-1,-1,-1
183,51,156,734,112,168,1,-1,-1,-1
183,52,549,696,180,132,1,-1,-1,-1
183,53,1864,704,188,128,1,-1,-1,-1
184,17,1780,1211,192,152,1,-1,-1,-1
184,29,1139,678,240,132,1,-1,-1,-1
184,37,1682,725,228,128,1,-1,-1,-1
184,46,2003,754,156,99,1,-1,-1,-1
184,47,273,740,164,155,1,-1,-1,-1
184,51,165,735,112,168,1,-1,-1,-1
184,52,565,698,171,126,1,-1,-1,-1
184,53,1870,704,188,128,1,-1,-1,-1
185,17,1780,1211,192,152,1,-1,-1,-1
185,29,1139,678,240,132,1,-1,-1,-1
185,37,1682,725,228,128,1,-1,-1,-1
185,46,2003,754,156,99,1,-1,-1,-1
185,47,273,740,164,155,1,-1,-1,-1
185,51,165,735,112,168,1,-1,-1,-1
185,52,565,698,171,126,1,-1,-1,-1
185,53,1870,704,188,128,1,-1,-1,-1
185,54,1784,724,200,140,1,-1,-1,-1
185,55,500,648,136,180,1,-1,-1,-1
185,56,676,684,212,132,1,-1,-1,-1
186,17,1814,1237,192,152,1,-1,-1,-1
186,29,1190,676,240,132,1,-1,-1,-1
186,37,1702,723,228,128,1,-1,-1,-1
186,46,2008,763,156,99,1,-1,-1,-1
186,47,299,742,164,155,1,-1,-1,-1
186,51,179,735,112,168,1,-1,-1,-1
186,52,579,699,171,126,1,-1,-1,-1
186,53,1823,725,197,134,1,-1,-1,-1
186,54,1802,723,200,140,1,-1,-1,-1
186,55,509,653,136,180,1,-1,-1,-1
186,56,680,685,212,132,1,-1,-1,-1
187,17,1819,1254,192,152,1,-1,-1,-1
187,29,1212,679,240,132,1,-1,-1,-1
187,37,1722,720,228,128,1,-1,-1,-1
187,46,2011,765,156,99,1,-1,-1,-1
187,47,310,744,164,155,1,-1,-1,-1
187,51,184,736,112,168,1,-1,-1,-1
187,53,1826,721,207,141,1,-1,-1,-1
187,54,1829,723,200,140,1,-1,-1,-1
187,55,516,659,136,180,1,-1,-1,-1
187,56,687,687,212,132,1,-1,-1,-1
188,17,1820,1259,192,152,1,-1,-1,-1
188,29,1239,683,229,126,1,-1,-1,-1
188,37,1721,710,239,134,1,-1,-1,-1
188,46,2017,766,156,99,1,-1,-1,-1
188,47,319,746,164,155,1,-1,-1,-1
188,51,193,738,112,168,1,-1,-1,-1
188,53,1849,721,207,141,1,-1,-1,-1
188,54,1865,726,200,140,1,-1,-1,-1
188,55,516,660,136,180,1,-1,-1,-1
188,56,694,687,212,132,1,-1,-1,-1
189,17,1831,1258,192,152,1,-1,-1,-1
189,29,1265,687,218,120,1,-1,-1,-1
189,47,322,747,164,155,1,-1,-1,-1
189,51,200,742,112,168,1,-1,-1,-1
189,53,1874,721,197,134,1,-1,-1,-1
189,54,1899,727,190,133,1,-1,-1,-1
189,55,513,651,143,189,1,-1,-1,-1
189,56,704,683,212,132,1,-1,-1,-1
190,17,1852,1261,192,152,1,-1,-1,-1
190,29,1288,684,218,120,1,-1,-1,-1
190,47,331,753,164,155,1,-1,-1,-1
190,51,209,742,112,168,1,-1,-1,-1
190,53,1889,707,207,141,1,-1,-1,-1
190,54,1916,728,190,133,1,-1,-1,-1
190,55,523,652,143,189,1,-1,-1,-1
190,56,707,681,212,132,1,-1,-1,-1
191,17,1871,1271,192,152,1,-1,-1,-1
191,29,1305,679,229,126,1,-1,-1,-1
191,47,330,757,164,155,1,-1,-1,-1
191,51,218,744,112,168,1,-1,-1,-1
191,53,1912,711,197,134,1,-1,-1,-1
191,54,1936,728,200,140,1,-1,-1,-1
191,55,530,649,143,189,1,-1,-1,-1
191,56,713,681,212,132,1,-1,-1,-1
192,17,1877,1274,192,152,1,-1,-1,-1
192,29,1321,685,229,126,1,-1,-1,-1
192,47,333,758,164,155,1,-1,-1,-1
192,51,223,743,118,176,1,-1,-1,-1
192,53,1920,701,197,134,1,-1,-1,-1
192,54,1954,725,200,140,1,-1,-1,-1
192,55,546,645,143,189,1,-1,-1,-1
192,56,711,680,223,139,1,-1,-1,-1
193,17,1877,1274,192,152,1,-1,-1,-1
193,29,1321,685,229,126,1,-1,-1,-1
193,47,333,758,164,155,1,-1,-1,-1
193,51,223,743,118,176,1,-1,-1,-1
193,53,1920,701,197,134,1,-1,-1,-1
193,54,1954,725,200,140,1,-1,-1,-1
193,55,546,645,143,189,1,-1,-1,-1
193,56,700,720,224,100,1,-1,-1,-1
193,57,548,752,212,88,1,-1,-1,-1
193,58,1688,740,212,96,1,-1,-1,-1
194,17,1878,1265,192,152,1,-1,-1,-1
194,29,1353,690,229,126,1,-1,-1,-1
194,47,337,766,156,148,1,-1,-1,-1
194,51,239,744,118,176,1,-1,-1,-1
194,53,1954,734,207,141,1,-1,-1,-1
194,55,559,646,143,189,1,-1,-1,-1
194,56,702,718,224,100,1,-1,-1,-1
194,57,563,752,212,88,1,-1,-1,-1
194,58,1689,740,212,96,1,-1,-1,-1
195,17,1882,1264,192,152,1,-1,-1,-1
195,29,1365,691,240,132,1,-1,-1,-1
195,47,340,762,156,148,1,-1,-1,-1
195,51,244,746,118,176,1,-1,-1,-1
195,53,1961,742,207,141,1,-1,-1,-1
195,56,703,718,224,100,1,-1,-1,-1
195,57,574,750,223,92,1,-1,-1,-1
195,58,1688,741,212,96,1,-1,-1,-1
196,17,1886,1263,192,152,1,-1,-1,-1
196,29,1380,696,229,126,1,-1,-1,-1
196,47,343,761,149,141,1,-1,-1,-1
196,51,251,747,118,176,1,-1,-1,-1
196,56,695,712,235,105,1,-1,-1,-1
196,57,589,747,234,97,1,-1,-1,-1
196,58,1688,741,212,96,1,-1,-1,-1
197,17,1893,1265,192,152,1,-1,-1,-1
197,29,1396,695,229,126,1,-1,-1,-1
197,47,343,756,149,141,1,-1,-1,-1
197,51,256,748,118,176,1,-1,-1,-1
197,56,701,712,224,100,1,-1,-1,-1
197,57,604,742,245,102,1,-1,-1,-1
197,58,1687,740,212,96,1,-1,-1,-1
198,17,1895,1270,192,152,1,-1,-1,-1
198,47,359,757,149,141,1,-1,-1,-1
198,51,262,748,118,176,1,-1,-1,-1
198,56,690,710,235,105,1,-1,-1,-1
198,57,615,739,258,107,1,-1,-1,-1
198,58,1687,740,212,96,1,-1,-1,-1
199,17,1893,1270,192,152,1,-1,-1,-1
199,47,357,751,149,141,1,-1,-1,-1
199,51,266,744,118,176,1,-1,-1,-1
199,56,670,709,247,110,1,-1,-1,-1
199,57,631,737,245,102,1,-1,-1,-1
199,58,1686,741,212,96,1,-1,-1,-1
200,17,1884,1254,192,152,1,-1,-1,-1
200,51,274,744,118,176,1,-1,-1,-1
200,56,659,715,247,110,1,-1,-1,-1
200,57,651,730,245,102,1,-1,-1,-1
200,58,1683,740,212,96,1,-1,-1,-1
201,17,1884,1254,192,152,1,-1,-1,-1
201,51,274,744,118,176,1,-1,-1,-1
201,56,652,712,248,116,1,-1,-1,-1
201,57,651,730,245,102,1,-1,-1,-1
201,58,1724,748,160,88,1,-1,-1,-1
201,59,1956,732,172,108,1,-1,-1,-1
201,60,1384,660,156,132,1,-1,-1,-1
201,61,2068,736,256,152,1,-1,-1,-1
201,62,1656,688,120,56,1,-1,-1,-1
201,63,1532,716,172,100,1,-1,-1,-1
202,17,1864,1182,192,152,1,-1,-1,-1
202,51,276,747,118,176,1,-1,-1,-1
202,56,657,711,248,116,1,-1,-1,-1
202,57,670,734,245,102,1,-1,-1,-1
202,58,1721,749,160,88,1,-1,-1,-1
202,59,1957,732,172,108,1,-1,-1,-1
202,60,1384,659,156,132,1,-1,-1,-1
202,61,2070,737,256,152,1,-1,-1,-1
202,62,1658,688,120,56,1,-1,-1,-1
202,63,1545,716,172,100,1,-1,-1,-1
203,17,1876,1141,192,152,1,-1,-1,-1
203,51,280,746,118,176,1,-1,-1,-1
203,56,657,705,260,122,1,-1,-1,-1
203,57,692,734,245,102,1,-1,-1,-1
203,58,1716,748,160,88,1,-1,-1,-1
203,59,1959,732,172,108,1,-1,-1,-1
203,60,1384,659,156,132,1,-1,-1,-1
203,61,2073,739,256,152,1,-1,-1,-1
203,62,1662,687,120,56,1,-1,-1,-1
203,63,1562,718,172,100,1,-1,-1,-1
204,17,1894,1126,192,152,1,-1,-1,-1
204,51,283,749,118,176,1,-1,-1,-1
204,56,653,701,260,122,1,-1,-1,-1
204,57,721,734,234,97,1,-1,-1,-1
204,58,1703,744,160,88,1,-1,-1,-1
204,59,1961,732,172,108,1,-1,-1,-1
204,60,1385,660,156,132,1,-1,-1,-1
204,61,2075,740,256,152,1,-1,-1,-1
204,62,1662,687,120,56,1,-1,-1,-1
204,63,1577,718,181,105,1,-1,-1,-1
205,17,1900,1143,192,152,1,-1,-1,-1
205,51,284,752,118,176,1,-1,-1,-1
205,56,651,696,273,128,1,-1,-1,-1
205,57,725,739,223,92,1,-1,-1,-1
205,58,1705,742,160,88,1,-1,-1,-1
205,59,1963,732,172,108,1,-1,-1,-1
205,60,1385,660,156,132,1,-1,-1,-1
205,61,2075,741,256,152,1,-1,-1,-1
205,62,1663,688,126,59,1,-1,-1,-1
205,63,1588,722,181,105,1,-1,-1,-1
206,17,1898,1178,192,152,1,-1,-1,-1
206,56,651,695,273,128,1,-1,-1,-1
206,57,728,740,223,92,1,-1,-1,-1
206,58,1656,743,160,88,1,-1,-1,-1
206,59,1964,733,172,108,1,-1,-1,-1
206,60,1382,661,156,132,1,-1,-1,-1
206,61,2075,741,256,152,1,-1,-1,-1
206,62,1666,689,126,59,1,-1,-1,-1
206,63,1596,723,181,105,1,-1,-1,-1
207,17,1898,1218,192,152,1,-1,-1,-1
207,56,670,686,287,134,1,-1,-1,-1
207,57,755,741,223,92,1,-1,-1,-1
207,58,1622,745,160,88,1,-1,-1,-1
207,59,1965,733,172,108,1,-1,-1,-1
207,60,1382,661,156,132,1,-1,-1,-1
207,61,2078,741,256,152,1,-1,-1,-1
207,62,1670,689,126,59,1,-1,-1,-1
207,63,1609,726,190,110,1,-1,-1,-1
208,17,1901,1253,192,152,1,-1,-1,-1
208,56,620,680,301,141,1,-1,-1,-1
208,58,1629,747,160,88,1,-1,-1,-1
208,59,1965,732,172,108,1,-1,-1,-1
208,60,1381,663,156,132,1,-1,-1,-1
208,61,2074,740,256,152,1,-1,-1,-1
208,62,1668,689,132,62,1,-1,-1,-1
208,63,1620,728,190,110,1,-1,-1,-1
209,17,1901,1253,192,152,1,-1,-1,-1
209,56,620,680,301,141,1,-1,-1,-1
209,58,1629,747,160,88,1,-1,-1,-1
209,59,1964,724,156,112,1,-1,-1,-1
209,60,1372,668,164,128,1,-1,-1,-1
209,61,2064,764,236,124,1,-1,-1,-1
209,62,1668,689,132,62,1,-1,-1,-1
209,63,1600,724,252,120,1,-1,-1,-1
209,64,760,728,264,108,1,-1,-1,-1
209,65,192,796,208,124,1,-1,-1,-1
209,66,584,708,216,116,1,-1,-1,-1
209,67,192,732,232,100,1,-1,-1,-1
210,17,1901,1292,192,148,1,-1,-1,-1
210,56,573,692,287,134,1,-1,-1,-1
210,58,1593,731,168,92,1,-1,-1,-1
210,59,1963,724,156,112,1,-1,-1,-1
210,60,1371,668,164,128,1,-1,-1,-1
210,61,2065,763,236,124,1,-1,-1,-1
210,62,1678,691,132,62,1,-1,-1,-1
210,63,1606,724,252,120,1,-1,-1,-1
210,64,768,728,264,108,1,-1,-1,-1
210,65,191,796,208,124,1,-1,-1,-1
210,66,579,708,216,116,1,-1,-1,-1
210,67,193,731,232,100,1,-1,-1,-1
211,17,1896,1295,192,145,1,-1,-1,-1
211,59,1963,725,156,112,1,-1,-1,-1
211,60,1370,669,164,128,1,-1,-1,-1
211,61,2067,764,236,124,1,-1,-1,-1
211,62,1681,691,132,62,1,-1,-1,-1
211,63,1626,725,252,120,1,-1,-1,-1
211,64,788,725,264,108,1,-1,-1,-1
211,65,192,797,208,124,1,-1,-1,-1
211,66,575,709,216,116,1,-1,-1,-1
211,67,193,732,232,100,1,-1,-1,-1
212,17,1892,1285,192,152,1,-1,-1,-1
212,59,1963,726,156,112,1,-1,-1,-1
212,60,1368,671,164,128,1,-1,-1,-1
212,61,2069,765,236,124,1,-1,-1,-1
212,62,1686,693,132,62,1,-1,-1,-1
212,63,1655,728,240,114,1,-1,-1,-1
212,64,817,721,264,108,1,-1,-1,-1
212,65,192,798,208,124,1,-1,-1,-1
212,66,569,707,216,116,1,-1,-1,-1
212,67,195,733,232,100,1,-1,-1,-1
213,17,1896,1270,192,152,1,-1,-1,-1
213,59,1962,726,156,112,1,-1,-1,-1
213,60,1365,674,164,128,1,-1,-1,-1
213,61,2069,766,236,124,1,-1,-1,-1
213,63,1676,734,229,109,1,-1,-1,-1
213,64,818,718,277,113,1,-1,-1,-1
213,65,192,798,208,124,1,-1,-1,-1
213,66,565,706,216,116,1,-1,-1,-1
213,67,191,731,244,105,1,-1,-1,-1
214,17,1905,1264,192,152,1,-1,-1,-1
214,59,1960,725,156,112,1,-1,-1,-1
214,60,1363,678,164,128,1,-1,-1,-1
214,61,2070,763,248,130,1,-1,-1,-1
214,63,1669,732,229,109,1,-1,-1,-1
214,64,842,717,264,108,1,-1,-1,-1
214,65,194,796,208,124,1,-1,-1,-1
214,66,555,706,216,116,1,-1,-1,-1
214,67,192,731,244,105,1,-1,-1,-1
215,17,1907,1260,202,160,1,-1,-1,-1
215,59,1960,725,156,112,1,-1,-1,-1
215,60,1366,682,164,128,1,-1,-1,-1
215,61,2085,769,236,124,1,-1,-1,-1
215,63,1682,734,229,109,1,-1,-1,-1
215,64,846,714,277,113,1,-1,-1,-1
215,65,195,795,208,124,1,-1,-1,-1
215,66,550,706,216,116,1,-1,-1,-1
215,67,196,733,244,105,1,-1,-1,-1
216,17,1910,1262,202,160,1,-1,-1,-1
216,59,1959,724,156,112,1,-1,-1,-1
216,60,1368,683,164,128,1,-1,-1,-1
216,61,2108,772,236,124,1,-1,-1,-1
216,63,1695,736,229,109,1,-1,-1,-1
216,64,869,713,277,113,1,-1,-1,-1
216,65,189,792,218,130,1,-1,-1,-1
216,66,546,707,216,116,1,-1,-1,-1
216,67,194,733,244,105,1,-1,-1,-1
217,17,1910,1262,202,160,1,-1,-1,-1
217,59,1964,728,136,100,1,-1,-1,-1
217,60,1380,696,160,112,1,-1,-1,-1
217,61,2140,764,280,128,1,-1,-1,-1
217,63,1732,720,180,120,1,-1,-1,-1
217,64,944,724,192,108,1,-1,-1,-1
217,65,164,784,248,160,1,-1,-1,-1
217,66,556,704,216,124,1,-1,-1,-1
217,67,194,733,244,105,1,-1,-1,-1
217,68,1652,688,168,112,1,-1,-1,-1
217,69,2068,724,184,152,1,-1,-1,-1
217,70,260,756,224,148,1,-1,-1,-1
217,71,1524,704,104,96,1,-1,-1,-1
218,17,1911,1278,202,160,1,-1,-1,-1
218,59,1965,727,136,100,1,-1,-1,-1
218,60,1383,696,160,112,1,-1,-1,-1
218,61,2147,766,280,128,1,-1,-1,-1
218,63,1737,719,180,120,1,-1,-1,-1
218,64,950,725,192,108,1,-1,-1,-1
218,65,166,784,248,160,1,-1,-1,-1
218,66,555,705,216,124,1,-1,-1,-1
218,67,201,736,232,100,1,-1,-1,-1
218,68,1654,687,168,112,1,-1,-1,-1
218,69,2069,725,184,152,1,-1,-1,-1
218,70,263,757,224,148,1,-1,-1,-1
218,71,1520,702,104,96,1,-1,-1,-1
219,17,1910,1275,202,160,1,-1,-1,-1
219,59,1966,726,136,100,1,-1,-1,-1
219,60,1390,698,160,112,1,-1,-1,-1
219,61,2152,766,280,128,1,-1,-1,-1
219,63,1735,716,189,126,1,-1,-1,-1
219,64,954,724,192,108,1,-1,-1,-1
219,65,167,784,248,160,1,-1,-1,-1
219,66,553,705,216,124,1,-1,-1,-1
219,67,206,736,232,100,1,-1,-1,-1
219,68,1655,687,168,112,1,-1,-1,-1
219,69,2071,725,184,152,1,-1,-1,-1
219,70,268,758,224,148,1,-1,-1,-1
219,71,1515,700,104,96,1,-1,-1,-1
220,17,1909,1272,202,160,1,-1,-1,-1
220,59,1969,725,136,100,1,-1,-1,-1
220,60,1395,700,160,112,1,-1,-1,-1
220,61,2169,766,280,128,1,-1,-1,-1
220,63,1740,715,189,126,1,-1,-1,-1
220,64,962,724,192,108,1,-1,-1,-1
220,65,169,785,248,160,1,-1,-1,-1
220,66,552,705,216,124,1,-1,-1,-1
220,67,210,737,232,100,1,-1,-1,-1
220,68,1650,684,176,118,1,-1,-1,-1
220,69,2067,730,184,152,1,-1,-1,-1
220,70,271,759,224,148,1,-1,-1,-1
220,71,1507,696,104,96,1,-1,-1,-1
221,17,1912,1276,202,160,1,-1,-1,-1
221,59,1969,725,136,100,1,-1,-1,-1
221,60,1412,700,152,107,1,-1,-1,-1
221,61,2191,769,280,128,1,-1,-1,-1
221,63,1741,714,189,126,1,-1,-1,-1
221,64,969,725,183,103,1,-1,-1,-1
221,65,170,786,248,160,1,-1,-1,-1
221,66,551,705,216,124,1,-1,-1,-1
221,67,204,735,244,105,1,-1,-1,-1
221,68,1645,685,176,118,1,-1,-1,-1
221,69,2060,729,184,152,1,-1,-1,-1
221,70,274,759,224,148,1,-1,-1,-1
221,71,1504,690,109,101,1,-1,-1,-1
222,17,1916,1292,202,148,1,-1,-1,-1
222,59,1973,726,136,100,1,-1,-1,-1
222,60,1430,702,145,102,1,-1,-1,-1
222,61,2216,771,280,128,1,-1,-1,-1
222,63,1744,714,189,126,1,-1,-1,-1
222,64,976,723,174,98,1,-1,-1,-1
222,65,170,788,248,160,1,-1,-1,-1
222,66,548,705,216,124,1,-1,-1,-1
222,67,202,734,244,105,1,-1,-1,-1
222,68,1644,687,176,118,1,-1,-1,-1
222,69,2060,736,184,152,1,-1,-1,-1
222,70,277,759,224,148,1,-1,-1,-1
222,71,1500,687,109,101,1,-1,-1,-1
223,17,1916,1298,202,142,1,-1,-1,-1
223,59,1976,724,136,100,1,-1,-1,-1
223,60,1446,699,145,102,1,-1,-1,-1
223,61,2222,773,280,128,1,-1,-1,-1
223,63,1745,712,189,126,1,-1,-1,-1
223,64,957,716,183,103,1,-1,-1,-1
223,65,170,790,248,160,1,-1,-1,-1
223,66,544,705,216,124,1,-1,-1,-1
223,67,210,738,232,100,1,-1,-1,-1
223,68,1642,688,176,118,1,-1,-1,-1
223,69,2075,746,175,145,1,-1,-1,-1
223,70,277,760,224,148,1,-1,-1,-1
223,71,1493,684,109,101,1,-1,-1,-1
224,17,1912,1298,202,142,1,-1,-1,-1
224,59,1976,721,143,105,1,-1,-1,-1
224,60,1461,698,145,102,1,-1,-1,-1
224,61,2235,776,267,122,1,-1,-1,-1
224,63,1747,710,189,126,1,-1,-1,-1
224,64,943,712,192,108,1,-1,-1,-1
224,65,168,790,248,160,1,-1,-1,-1
224,66,539,704,216,124,1,-1,-1,-1
224,67,211,738,232,100,1,-1,-1,-1
224,68,1640,688,176,118,1,-1,-1,-1
224,69,2080,752,175,145,1,-1,-1,-1
224,70,278,760,224,148,1,-1,-1,-1
224,71,1494,683,109,101,1,-1,-1,-1
225,17,1912,1298,202,142,1,-1,-1,-1
225,59,1976,721,143,105,1,-1,-1,-1
225,60,1440,712,144,112,1,-1,-1,-1
225,61,2252,776,236,116,1,-1,-1,-1
225,63,1784,740,128,100,1,-1,-1,-1
225,64,943,712,192,108,1,-1,-1,-1
225,65,136,788,292,140,1,-1,-1,-1
225,66,516,700,240,128,1,-1,-1,-1
225,67,211,738,232,100,1,-1,-1,-1
225,68,1636,688,200,120,1,-1,-1,-1
225,69,1992,740,264,140,1,-1,-1,-1
225,70,278,760,224,148,1,-1,-1,-1
225,71,1494,683,109,101,1,-1,-1,-1
225,72,1036,700,80,128,1,-1,-1,-1
226,17,1911,1283,202,157,1,-1,-1,-1
226,59,1976,722,143,105,1,-1,-1,-1
226,60,1448,714,144,112,1,-1,-1,-1
226,61,2251,776,236,116,1,-1,-1,-1
226,63,1786,740,128,100,1,-1,-1,-1
226,64,937,711,202,113,1,-1,-1,-1
226,65,135,789,292,140,1,-1,-1,-1
226,66,515,700,240,128,1,-1,-1,-1
226,68,1636,688,200,120,1,-1,-1,-1
226,69,1992,740,264,140,1,-1,-1,-1
226,70,279,760,224,148,1,-1,-1,-1
226,71,1487,699,109,101,1,-1,-1,-1
226,72,1040,701,80,128,1,-1,-1,-1
227,17,1916,1280,202,160,1,-1,-1,-1
227,59,1981,723,143,105,1,-1,-1,-1
227,60,1451,715,144,112,1,-1,-1,-1
227,61,2249,775,236,116,1,-1,-1,-1
227,63,1789,741,128,100,1,-1,-1,-1
227,64,942,719,192,108,1,-1,-1,-1
227,65,133,789,292,140,1,-1,-1,-1
227,66,512,700,240,128,1,-1,-1,-1
227,68,1638,688,200,120,1,-1,-1,-1
227,69,1992,741,264,140,1,-1,-1,-1
227,70,281,760,224,148,1,-1,-1,-1
227,71,1469,719,115,106,1,-1,-1,-1
227,72,1039,695,84,134,1,-1,-1,-1
228,17,1919,1283,202,157,1,-1,-1,-1
228,59,1979,724,143,105,1,-1,-1,-1
228,60,1449,714,144,112,1,-1,-1,-1
228,61,2245,773,236,116,1,-1,-1,-1
228,63,1791,741,128,100,1,-1,-1,-1
228,64,949,719,192,108,1,-1,-1,-1
228,65,131,790,292,140,1,-1,-1,-1
228,66,507,702,240,128,1,-1,-1,-1
228,68,1641,688,200,120,1,-1,-1,-1
228,69,1996,742,264,140,1,-1,-1,-1
228,70,281,760,224,148,1,-1,-1,-1
228,71,1473,726,115,106,1,-1,-1,-1
228,72,1034,694,88,141,1,-1,-1,-1
229,17,1925,1295,202,145,1,-1,-1,-1
229,60,1474,713,144,112,1,-1,-1,-1
229,61,2246,774,225,110,1,-1,-1,-1
229,63,1795,742,128,100,1,-1,-1,-1
229,65,131,792,292,140,1,-1,-1,-1
229,66,502,702,240,128,1,-1,-1,-1
229,68,1643,688,200,120,1,-1,-1,-1
229,69,1998,742,264,140,1,-1,-1,-1
229,70,282,760,224,148,1,-1,-1,-1
229,71,1487,730,115,106,1,-1,-1,-1
229,72,1032,696,88,141,1,-1,-1,-1
230,17,1931,1300,202,140,1,-1,-1,-1
230,60,1492,710,137,107,1,-1,-1,-1
230,61,2241,774,225,110,1,-1,-1,-1
230,63,1798,742,128,100,1,-1,-1,-1
230,65,122,791,307,147,1,-1,-1,-1
230,66,493,702,240,128,1,-1,-1,-1
230,68,1644,687,200,120,1,-1,-1,-1
230,69,2001,741,264,140,1,-1,-1,-1
230,70,283,762,224,148,1,-1,-1,-1
230,71,1510,721,120,111,1,-1,-1,-1
230,72,1036,702,84,134,1,-1,-1,-1
231,17,1936,1298,202,142,1,-1,-1,-1
231,60,1490,711,131,102,1,-1,-1,-1
231,61,2234,774,225,110,1,-1,-1,-1
231,63,1796,739,134,105,1,-1,-1,-1
231,65,137,793,292,140,1,-1,-1,-1
231,66,484,703,240,128,1,-1,-1,-1
231,68,1647,686,200,120,1,-1,-1,-1
231,69,2002,740,264,140,1,-1,-1,-1
231,70,287,763,224,148,1,-1,-1,-1
231,72,1033,699,88,141,1,-1,-1,-1
232,17,1940,1294,202,146,1,-1,-1,-1
232,60,1491,716,124,97,1,-1,-1,-1
232,61,2229,773,225,110,1,-1,-1,-1
232,63,1797,739,134,105,1,-1,-1,-1
232,65,136,792,292,140,1,-1,-1,-1
232,66,484,709,229,122,1,-1,-1,-1
232,68,1654,686,200,120,1,-1,-1,-1
232,69,2002,740,264,140,1,-1,-1,-1
232,70,281,761,235,155,1,-1,-1,-1
232,72,1033,702,88,141,1,-1,-1,-1
233,17,1940,1294,202,146,1,-1,-1,-1
233,60,1512,716,80,92,1,-1,-1,-1
233,61,2220,760,216,132,1,-1,-1,-1
233,63,1836,732,88,108,1,-1,-1,-1
233,65,116,792,296,124,1,-1,-1,-1
233,66,484,724,232,108,1,-1,-1,-1
233,68,1680,692,172,100,1,-1,-1,-1
233,69,2016,740,232,144,1,-1,-1,-1
233,70,308,776,228,144,1,-1,-1,-1
233,72,1033,702,88,141,1,-1,-1,-1
233,73,940,716,212,120,1,-1,-1,-1
233,74,1560,724,280,116,1,-1,-1,-1
234,17,1942,1294,202,146,1,-1,-1,-1
234,60,1513,717,80,92,1,-1,-1,-1
234,61,2218,760,216,132,1,-1,-1,-1
234,63,1838,731,88,108,1,-1,-1,-1
234,65,114,793,296,124,1,-1,-1,-1
234,66,485,724,232,108,1,-1,-1,-1
234,68,1688,693,172,100,1,-1,-1,-1
234,69,2016,741,232,144,1,-1,-1,-1
234,70,308,777,228,144,1,-1,-1,-1
234,72,1033,703,88,141,1,-1,-1,-1
234,73,937,715,212,120,1,-1,-1,-1
234,74,1572,726,280,116,1,-1,-1,-1
235,17,1943,1293,202,147,1,-1,-1,-1
235,60,1515,717,80,92,1,-1,-1,-1
235,61,2215,760,216,132,1,-1,-1,-1
235,63,1841,731,88,108,1,-1,-1,-1
235,65,112,794,296,124,1,-1,-1,-1
235,66,485,724,232,108,1,-1,-1,-1
235,68,1690,693,172,100,1,-1,-1,-1
235,69,2015,742,232,144,1,-1,-1,-1
235,70,308,777,228,144,1,-1,-1,-1
235,72,1033,705,88,141,1,-1,-1,-1
235,73,928,716,212,120,1,-1,-1,-1
235,74,1582,729,280,116,1,-1,-1,-1
236,17,1944,1287,202,153,1,-1,-1,-1
236,60,1517,717,80,92,1,-1,-1,-1
236,61,2213,759,216,132,1,-1,-1,-1
236,63,1840,728,88,108,1,-1,-1,-1
236,65,112,793,296,124,1,-1,-1,-1
236,66,486,724,232,108,1,-1,-1,-1
236,68,1701,695,164,95,1,-1,-1,-1
236,69,2016,742,232,144,1,-1,-1,-1
236,70,309,776,228,144,1,-1,-1,-1
236,72,1016,693,93,148,1,-1,-1,-1
236,73,917,714,212,120,1,-1,-1,-1
236,74,1634,726,294,122,1,-1,-1,-1
237,17,1944,1276,202,160,1,-1,-1,-1
237,60,1519,717,80,92,1,-1,-1,-1
237,61,2211,759,216,132,1,-1,-1,-1
237,63,1836,725,92,113,1,-1,-1,-1
237,65,111,789,296,124,1,-1,-1,-1
237,66,486,724,232,108,1,-1,-1,-1
237,68,1701,694,164,95,1,-1,-1,-1
237,69,2015,742,232,144,1,-1,-1,-1
237,70,308,775,228,144,1,-1,-1,-1
237,72,1004,683,93,148,1,-1,-1,-1
237,73,900,714,212,120,1,-1,-1,-1
237,74,1682,727,309,128,1,-1,-1,-1
238,17,1946,1273,202,160,1,-1,-1,-1
238,60,1520,719,80,92,1,-1,-1,-1
238,61,2206,760,216,132,1,-1,-1,-1
238,63,1832,735,97,119,1,-1,-1,-1
238,65,115,791,282,118,1,-1,-1,-1
238,66,488,724,232,108,1,-1,-1,-1
238,68,1715,711,164,95,1,-1,-1,-1
238,69,2018,745,221,137,1,-1,-1,-1
238,70,306,774,228,144,1,-1,-1,-1
238,72,979,679,93,148,1,-1,-1,-1
238,73,862,713,212,120,1,-1,-1,-1
238,74,1721,729,294,122,1,-1,-1,-1
239,17,1947,1274,202,160,1,-1,-1,-1
239,60,1519,720,80,92,1,-1,-1,-1
239,61,2193,756,227,139,1,-1,-1,-1
239,63,1825,731,97,119,1,-1,-1,-1
239,65,105,790,296,124,1,-1,-1,-1
239,66,490,723,232,108,1,-1,-1,-1
239,68,1707,732,156,91,1,-1,-1,-1
239,69,2016,744,221,137,1,-1,-1,-1
239,70,306,775,228,144,1,-1,-1,-1
239,73,835,710,223,126,1,-1,-1,-1
239,74,1752,731,294,122,1,-1,-1,-1
240,17,1946,1277,202,160,1,-1,-1,-1
240,60,1519,720,80,92,1,-1,-1,-1
240,61,2190,755,227,139,1,-1,-1,-1
240,63,1840,731,97,119,1,-1,-1,-1
240,65,100,794,296,124,1,-1,-1,-1
240,66,492,723,232,108,1,-1,-1,-1
240,68,1708,729,156,91,1,-1,-1,-1
240,69,2015,745,221,137,1,-1,-1,-1
240,70,304,776,228,144,1,-1,-1,-1
240,73,821,713,212,120,1,-1,-1,-1
240,74,1786,731,294,122,1,-1,-1,-1
241,17,1946,1277,202,160,1,-1,-1,-1
241,60,1508,708,76,104,1,-1,-1,-1
241,61,2164,760,220,132,1,-1,-1,-1
241,63,1840,731,97,119,1,-1,-1,-1
241,65,88,804,296,136,1,-1,-1,-1
241,66,512,724,208,116,1,-1,-1,-1
241,68,1720,708,144,112,1,-1,-1,-1
241,69,2000,732,200,144,1,-1,-1,-1
241,70,316,776,216,144,1,-1,-1,-1
241,73,784,720,220,104,1,-1,-1,-1
241,74,1844,748,196,120,1,-1,-1,-1
242,17,1947,1286,202,154,1,-1,-1,-1
242,60,1507,708,76,104,1,-1,-1,-1
242,61,2160,759,220,132,1,-1,-1,-1
242,63,1844,731,97,119,1,-1,-1,-1
242,65,88,802,296,136,1,-1,-1,-1
242,66,513,724,208,116,1,-1,-1,-1
242,68,1720,708,144,112,1,-1,-1,-1
242,69,1997,731,200,144,1,-1,-1,-1
242,70,316,776,216,144,1,-1,-1,-1
242,73,770,719,220,104,1,-1,-1,-1
242,74,1851,748,196,120,1,-1,-1,-1
243,17,1949,1287,202,153,1,-1,-1,-1
243,60,1507,709,76,104,1,-1,-1,-1
243,61,2157,757,220,132,1,-1,-1,-1
243,63,1841,719,97,119,1,-1,-1,-1
243,65,87,799,296,136,1,-1,-1,-1
243,66,515,725,208,116,1,-1,-1,-1
243,68,1719,708,144,112,1,-1,-1,-1
243,69,1993,730,200,144,1,-1,-1,-1
243,70,315,776,216,144,1,-1,-1,-1
243,73,749,716,231,109,1,-1,-1,-1
243,74,1852,748,196,120,1,-1,-1,-1
244,17,1950,1288,202,152,1,-1,-1,-1
244,60,1506,710,76,104,1,-1,-1,-1
244,61,2155,757,220,132,1,-1,-1,-1
244,65,87,800,296,136,1,-1,-1,-1
244,66,516,725,208,116,1,-1,-1,-1
244,68,1719,709,144,112,1,-1,-1,-1
244,69,1991,730,200,144,1,-1,-1,-1
244,70,315,777,216,144,1,-1,-1,-1
244,73,734,718,220,104,1,-1,-1,-1
244,74,1835,746,196,120,1,-1,-1,-1
245,17,1952,1292,202,148,1,-1,-1,-1
245,60,1505,710,76,104,1,-1,-1,-1
245,61,2154,756,220,132,1,-1,-1,-1
245,65,86,804,296,136,1,-1,-1,-1
245,66,516,725,208,116,1,-1,-1,-1
245,68,1718,709,144,112,1,-1,-1,-1
245,69,1984,726,210,151,1,-1,-1,-1
245,70,313,778,216,144,1,-1,-1,-1
245,73,706,713,231,109,1,-1,-1,-1
245,74,1833,744,196,120,1,-1,-1,-1
246,17,1955,1297,202,143,1,-1,-1,-1
246,60,1503,710,76,104,1,-1,-1,-1
246,61,2154,757,220,132,1,-1,-1,-1
246,65,83,808,296,136,1,-1,-1,-1
246,66,521,729,198,110,1,-1,-1,-1
246,68,1718,710,144,112,1,-1,-1,-1
246,69,1987,727,210,151,1,-1,-1,-1
246,70,311,780,216,144,1,-1,-1,-1
246,73,687,714,231,109,1,-1,-1,-1
246,74,1837,747,187,114,1,-1,-1,-1
247,17,1957,1298,202,142,1,-1,-1,-1
247,60,1501,710,76,104,1,-1,-1,-1
247,61,2155,758,220,132,1,-1,-1,-1
247,65,83,809,296,136,1,-1,-1,-1
247,66,520,729,198,110,1,-1,-1,-1
247,68,1716,711,144,112,1,-1,-1,-1
247,69,1986,727,210,151,1,-1,-1,-1
247,70,310,781,216,144,1,-1,-1,-1
247,73,662,718,231,109,1,-1,-1,-1
247,74,1834,747,187,114,1,-1,-1,-1
248,17,1958,1297,202,143,1,-1,-1,-1
248,60,1502,712,76,104,1,-1,-1,-1
248,61,2158,759,220,132,1,-1,-1,-1
248,65,82,805,296,136,1,-1,-1,-1
248,66,520,730,198,110,1,-1,-1,-1
248,68,1715,712,144,112,1,-1,-1,-1
248,69,1989,729,210,151,1,-1,-1,-1
248,70,308,782,216,144,1,-1,-1,-1
248,73,635,719,231,109,1,-1,-1,-1
248,74,1836,748,187,114,1,-1,-1,-1
249,17,1958,1297,202,143,1,-1,-1,-1
249,60,1502,712,76,104,1,-1,-1,-1
249,61,2144,764,232,128,1,-1,-1,-1
249,65,92,812,284,188,1,-1,-1,-1
249,66,520,730,198,110,1,-1,-1,-1
249,68,1720,716,124,120,1,-1,-1,-1
249,69,1989,729,210,151,1,-1,-1,-1
249,70,260,784,256,136,1,-1,-1,-1
249,73,635,719,231,109,1,-1,-1,-1
249,74,1836,748,187,114,1,-1,-1,-1
250,17,1956,1293,202,147,1,-1,-1,-1
250,60,1503,714,76,104,1,-1,-1,-1
250,61,2150,765,232,128,1,-1,-1,-1
250,65,91,815,284,188,1,-1,-1,-1
250,66,519,730,198,110,1,-1,-1,-1
250,68,1719,715,124,120,1,-1,-1,-1
250,69,1993,731,210,151,1,-1,-1,-1
250,70,259,785,256,136,1,-1,-1,-1
250,73,580,714,243,115,1,-1,-1,-1
251,17,1954,1288,202,152,1,-1,-1,-1
251,60,1503,714,76,104,1,-1,-1,-1
251,61,2162,765,244,134,1,-1,-1,-1
251,65,91,824,284,188,1,-1,-1,-1
251,66,520,732,198,110,1,-1,-1,-1
251,68,1719,716,124,120,1,-1,-1,-1
251,69,1992,722,220,159,1,-1,-1,-1
251,70,258,785,256,136,1,-1,-1,-1
251,73,583,716,231,109,1,-1,-1,-1
252,17,1954,1284,202,156,1,-1,-1,-1
252,60,1506,712,76,104,1,-1,-1,-1
252,61,2193,767,244,134,1,-1,-1,-1
252,65,95,827,284,188,1,-1,-1,-1
252,66,518,734,198,110,1,-1,-1,-1
252,68,1719,715,124,120,1,-1,-1,-1
252,69,2006,716,220,159,1,-1,-1,-1
252,70,257,786,256,136,1,-1,-1,-1
252,73,584,719,220,104,1,-1,-1,-1
253,17,1954,1270,202,160,1,-1,-1,-1
253,60,1511,715,72,99,1,-1,-1,-1
253,61,2211,770,244,134,1,-1,-1,-1
253,65,105,823,270,179,1,-1,-1,-1
253,66,516,734,198,110,1,-1,-1,-1
253,68,1720,714,124,120,1,-1,-1,-1
253,69,2038,720,210,151,1,-1,-1,-1
253,70,254,785,256,136,1,-1,-1,-1
253,73,582,719,220,104,1,-1,-1,-1
254,17,1956,1256,202,160,1,-1,-1,-1
254,60,1514,710,72,99,1,-1,-1,-1
254,61,2221,768,256,141,1,-1,-1,-1
254,65,113,816,270,179,1,-1,-1,-1
254,66,511,730,208,116,1,-1,-1,-1
254,68,1720,713,124,120,1,-1,-1,-1
254,69,2063,723,210,151,1,-1,-1,-1
254,70,252,784,256,136,1,-1,-1,-1
255,17,1959,1250,202,160,1,-1,-1,-1
255,60,1519,710,72,99,1,-1,-1,-1
255,61,2207,771,244,134,1,-1,-1,-1
255,65,112,817,270,179,1,-1,-1,-1
255,66,511,731,208,116,1,-1,-1,-1
255,68,1721,712,124,120,1,-1,-1,-1
255,69,2084,728,210,151,1,-1,-1,-1
255,70,250,785,256,136,1,-1,-1,-1
256,17,1966,1244,202,160,1,-1,-1,-1
256,60,1528,709,72,99,1,-1,-1,-1
256,61,2237,777,244,134,1,-1,-1,-1
256,65,129,831,258,171,1,-1,-1,-1
256,66,503,730,218,122,1,-1,-1,-1
256,68,1721,712,124,120,1,-1,-1,-1
256,69,2096,728,210,151,1,-1,-1,-1
256,70,245,787,256,136,1,-1,-1,-1
257,17,1966,1244,202,160,1,-1,-1,-1
257,60,1528,709,72,99,1,-1,-1,-1
257,61,2237,777,244,134,1,-1,-1,-1
257,65,129,831,258,171,1,-1,-1,-1
257,66,468,720,232,124,1,-1,-1,-1
257,68,1721,712,124,120,1,-1,-1,-1
257,69,2120,732,268,140,1,-1,-1,-1
257,70,245,787,256,136,1,-1,-1,-1
257,75,1552,692,156,116,1,-1,-1,-1
257,76,2344,776,216,148,1,-1,-1,-1
257,77,2004,728,200,92,1,-1,-1,-1
257,78,1804,708,104,116,1,-1,-1,-1
258,17,1972,1238,202,160,1,-1,-1,-1
258,60,1533,701,72,99,1,-1,-1,-1
258,61,2314,781,244,134,1,-1,-1,-1
258,65,163,830,245,162,1,-1,-1,-1
258,66,466,721,232,124,1,-1,-1,-1
258,68,1721,714,124,120,1,-1,-1,-1
258,69,2127,731,268,140,1,-1,-1,-1
258,70,248,790,244,130,1,-1,-1,-1
258,75,1562,692,156,116,1,-1,-1,-1
258,76,2351,776,209,148,1,-1,-1,-1
258,77,2005,728,200,92,1,-1,-1,-1
258,78,1803,708,104,116,1,-1,-1,-1
259,17,1963,1236,202,160,1,-1,-1,-1
259,60,1537,706,72,99,1,-1,-1,-1
259,65,167,827,245,162,1,-1,-1,-1
259,66,463,724,232,124,1,-1,-1,-1
259,68,1722,713,124,120,1,-1,-1,-1
259,69,2134,731,281,147,1,-1,-1,-1
259,70,251,792,232,123,1,-1,-1,-1
259,75,1565,692,156,116,1,-1,-1,-1
259,76,2346,779,214,148,1,-1,-1,-1
259,77,2006,728,200,92,1,-1,-1,-1
259,78,1802,708,104,116,1,-1,-1,-1
260,17,1952,1239,202,160,1,-1,-1,-1
260,60,1518,706,69,94,1,-1,-1,-1
260,65,184,847,245,162,1,-1,-1,-1
260,66,455,726,232,124,1,-1,-1,-1
260,68,1719,715,124,120,1,-1,-1,-1
260,69,2136,729,281,147,1,-1,-1,-1
260,70,244,800,232,123,1,-1,-1,-1
260,75,1568,692,156,116,1,-1,-1,-1
260,76,2349,783,206,141,1,-1,-1,-1
260,77,2004,728,200,92,1,-1,-1,-1
260,78,1800,708,104,116,1,-1,-1,-1
261,17,1949,1255,202,160,1,-1,-1,-1
261,65,182,866,245,162,1,-1,-1,-1
261,66,442,723,244,130,1,-1,-1,-1
261,68,1719,714,124,120,1,-1,-1,-1
261,69,2129,722,295,154,1,-1,-1,-1
261,70,219,804,244,130,1,-1,-1,-1
261,75,1585,688,156,116,1,-1,-1,-1
261,76,2343,779,216,148,1,-1,-1,-1
261,77,2003,728,200,92,1,-1,-1,-1
261,78,1798,707,104,116,1,-1,-1,-1
262,17,1948,1274,202,160,1,-1,-1,-1
262,65,147,873,245,162,1,-1,-1,-1
262,66,439,723,244,130,1,-1,-1,-1
262,68,1716,715,124,120,1,-1,-1,-1
262,69,2132,720,295,154,1,-1,-1,-1
262,70,220,808,244,130,1,-1,-1,-1
262,75,1596,686,156,116,1,-1,-1,-1
262,76,2345,781,215,148,1,-1,-1,-1
262,77,2003,729,200,92,1,-1,-1,-1
262,78,1795,706,104,116,1,-1,-1,-1
263,17,1949,1289,202,151,1,-1,-1,-1
263,65,162,846,258,171,1,-1,-1,-1
263,66,431,722,244,130,1,-1,-1,-1
263,68,1716,716,124,120,1,-1,-1,-1
263,69,2110,717,295,154,1,-1,-1,-1
263,70,219,808,244,130,1,-1,-1,-1
263,75,1605,681,164,122,1,-1,-1,-1
263,76,2336,785,224,155,1,-1,-1,-1
263,77,2002,729,200,92,1,-1,-1,-1
263,78,1794,706,104,116,1,-1,-1,-1
264,17,1951,1289,202,151,1,-1,-1,-1
264,65,183,833,270,179,1,-1,-1,-1
264,66,420,726,232,124,1,-1,-1,-1
264,68,1716,716,124,120,1,-1,-1,-1
264,69,2118,722,281,147,1,-1,-1,-1
264,70,215,802,244,130,1,-1,-1,-1
264,75,1613,682,164,122,1,-1,-1,-1
264,76,2336,764,224,155,1,-1,-1,-1
264,77,2001,729,200,92,1,-1,-1,-1
264,78,1794,706,104,116,1,-1,-1,-1
265,17,1951,1289,202,151,1,-1,-1,-1
265,65,183,833,270,179,1,-1,-1,-1
265,66,396,736,248,132,1,-1,-1,-1
265,68,1716,716,124,120,1,-1,-1,-1
265,69,2172,732,168,136,1,-1,-1,-1
265,70,148,792,332,136,1,-1,-1,-1
265,75,1613,682,164,122,1,-1,-1,-1
265,76,2336,764,224,155,1,-1,-1,-1
265,77,2012,732,184,124,1,-1,-1,-1
265,78,1794,706,104,116,1,-1,-1,-1
265,79,700,720,92,124,1,-1,-1,-1
265,80,2332,696,228,100,1,-1,-1,-1
266,17,1951,1260,202,160,1,-1,-1,-1
266,65,172,832,284,188,1,-1,-1,-1
266,66,393,737,248,132,1,-1,-1,-1
266,68,1714,718,124,120,1,-1,-1,-1
266,69,2167,731,168,136,1,-1,-1,-1
266,70,144,794,332,136,1,-1,-1,-1
266,75,1631,684,164,122,1,-1,-1,-1
266,76,2332,762,227,155,1,-1,-1,-1
266,77,2010,733,184,124,1,-1,-1,-1
266,78,1792,707,104,116,1,-1,-1,-1
266,79,702,719,92,124,1,-1,-1,-1
266,80,2343,697,217,100,1,-1,-1,-1
267,17,1946,1241,202,160,1,-1,-1,-1
267,66,389,738,248,132,1,-1,-1,-1
267,68,1711,718,124,120,1,-1,-1,-1
267,69,2161,730,168,136,1,-1,-1,-1
267,70,133,796,332,136,1,-1,-1,-1
267,75,1634,682,164,122,1,-1,-1,-1
267,76,2330,718,230,163,1,-1,-1,-1
267,77,2006,732,184,124,1,-1,-1,-1
267,78,1791,706,104,116,1,-1,-1,-1
267,79,705,720,92,124,1,-1,-1,-1
267,80,2353,702,207,95,1,-1,-1,-1
268,17,1930,1220,202,160,1,-1,-1,-1
268,66,387,741,248,132,1,-1,-1,-1
268,68,1711,721,118,114,1,-1,-1,-1
268,69,2149,730,168,136,1,-1,-1,-1
268,70,121,796,332,136,1,-1,-1,-1
268,75,1637,685,156,116,1,-1,-1,-1
268,77,2002,732,184,124,1,-1,-1,-1
268,78,1788,706,104,116,1,-1,-1,-1
268,79,707,720,92,124,1,-1,-1,-1
268,80,2350,713,210,95,1,-1,-1,-1
269,17,1914,1204,202,160,1,-1,-1,-1
269,66,384,743,248,132,1,-1,-1,-1
269,68,1706,722,118,114,1,-1,-1,-1
269,69,2140,723,176,143,1,-1,-1,-1
269,70,120,800,316,130,1,-1,-1,-1
269,75,1634,685,156,116,1,-1,-1,-1
269,77,1994,732,184,124,1,-1,-1,-1
269,78,1783,706,104,116,1,-1,-1,-1
269,79,706,721,92,124,1,-1,-1,-1
269,80,2344,716,216,95,1,-1,-1,-1
270,17,1908,1201,202,160,1,-1,-1,-1
270,66,382,743,248,132,1,-1,-1,-1
270,68,1701,723,118,114,1,-1,-1,-1
270,69,2131,720,176,143,1,-1,-1,-1
270,70,90,802,316,130,1,-1,-1,-1
270,77,1988,732,184,124,1,-1,-1,-1
270,78,1777,705,104,116,1,-1,-1,-1
270,79,703,722,92,124,1,-1,-1,-1
270,80,2335,718,217,95,1,-1,-1,-1
271,17,1905,1211,202,160,1,-1,-1,-1
271,66,380,744,248,132,1,-1,-1,-1
271,68,1698,725,112,109,1,-1,-1,-1
271,69,2115,726,176,143,1,-1,-1,-1
271,70,50,804,332,136,1,-1,-1,-1
271,77,1980,734,175,118,1,-1,-1,-1
271,78,1765,706,104,116,1,-1,-1,-1
271,79,696,724,92,124,1,-1,-1,-1
271,80,2313,723,217,95,1,-1,-1,-1
272,17,1883,1235,212,168,1,-1,-1,-1
272,66,376,745,248,132,1,-1,-1,-1
272,68,1688,723,112,109,1,-1,-1,-1
272,69,2106,724,176,143,1,-1,-1,-1
272,70,9,802,349,143,1,-1,-1,-1
272,77,1968,730,184,124,1,-1,-1,-1
272,78,1758,706,104,116,1,-1,-1,-1
272,79,693,726,92,124,1,-1,-1,-1
272,80,2278,726,217,95,1,-1,-1,-1
273,17,1883,1235,212,168,1,-1,-1,-1
273,66,380,740,236,144,1,-1,-1,-1
273,68,1688,723,112,109,1,-1,-1,-1
273,69,2106,724,176,143,1,-1,-1,-1
273,70,8,832,340,124,1,-1,-1,-1
273,77,1968,730,184,124,1,-1,-1,-1
273,78,1758,706,104,116,1,-1,-1,-1
273,79,672,724,108,132,1,-1,-1,-1
273,80,2278,726,217,95,1,-1,-1,-1
273,81,2224,704,252,160,1,-1,-1,-1
273,82,1592,708,92,96,1,-1,-1,-1
274,17,1831,1284,212,156,1,-1,-1,-1
274,66,368,742,236,144,1,-1,-1,-1
274,68,1662,724,112,109,1,-1,-1,-1
274,69,2067,724,176,143,1,-1,-1,-1
274,70,0,834,314,124,1,-1,-1,-1
274,77,1936,729,184,124,1,-1,-1,-1
274,78,1732,706,104,116,1,-1,-1,-1
274,79,661,725,108,132,1,-1,-1,-1
274,80,2237,723,217,95,1,-1,-1,-1
274,81,2199,704,252,160,1,-1,-1,-1
274,82,1580,708,92,96,1,-1,-1,-1
275,17,1800,1291,212,149,1,-1,-1,-1
275,66,354,744,236,144,1,-1,-1,-1
275,68,1646,724,112,109,1,-1,-1,-1
275,69,2043,727,176,143,1,-1,-1,-1
275,70,0,847,274,124,1,-1,-1,-1
275,77,1919,729,184,124,1,-1,-1,-1
275,78,1717,707,104,116,1,-1,-1,-1
275,79,646,723,113,139,1,-1,-1,-1
275,80,2235,707,217,95,1,-1,-1,-1
275,81,2173,705,252,160,1,-1,-1,-1
275,82,1565,709,92,96,1,-1,-1,-1
276,17,1782,1289,212,151,1,-1,-1,-1
276,66,341,748,236,144,1,-1,-1,-1
276,68,1633,723,112,109,1,-1,-1,-1
276,69,2022,728,176,143,1,-1,-1,-1
276,70,0,854,218,124,1,-1,-1,-1
276,77,1902,729,184,124,1,-1,-1,-1
276,78,1702,706,104,116,1,-1,-1,-1
276,79,634,725,113,139,1,-1,-1,-1
276,80,2199,703,228,100,1,-1,-1,-1
276,81,2151,706,252,160,1,-1,-1,-1
276,82,1552,710,92,96,1,-1,-1,-1
277,17,1772,1276,212,164,1,-1,-1,-1
277,66,325,751,236,144,1,-1,-1,-1
277,68,1618,722,112,109,1,-1,-1,-1
277,69,1989,728,176,143,1,-1,-1,-1
277,70,0,857,186,124,1,-1,-1,-1
277,77,1884,729,184,124,1,-1,-1,-1
277,78,1687,706,104,116,1,-1,-1,-1
277,79,627,727,113,139,1,-1,-1,-1
277,80,2173,706,228,100,1,-1,-1,-1
277,81,2124,709,252,160,1,-1,-1,-1
277,82,1538,711,92,96,1,-1,-1,-1
278,17,1757,1264,212,168,1,-1,-1,-1
278,66,300,749,248,151,1,-1,-1,-1
278,68,1602,722,112,109,1,-1,-1,-1
278,69,1961,729,176,143,1,-1,-1,-1
278,70,0,851,149,124,1,-1,-1,-1
278,77,1873,730,184,124,1,-1,-1,-1
278,78,1669,705,104,116,1,-1,-1,-1
278,79,617,728,113,139,1,-1,-1,-1
278,81,2098,712,252,160,1,-1,-1,-1
278,82,1526,712,92,96,1,-1,-1,-1
279,17,1740,1260,212,168,1,-1,-1,-1
279,66,283,753,248,151,1,-1,-1,-1
279,68,1583,721,112,109,1,-1,-1,-1
279,69,1923,731,176,143,1,-1,-1,-1
279,70,0,855,110,118,1,-1,-1,-1
279,77,1864,729,175,118,1,-1,-1,-1
279,78,1652,703,104,116,1,-1,-1,-1
279,79,605,729,113,139,1,-1,-1,-1
279,81,2069,712,252,160,1,-1,-1,-1
279,82,1514,712,92,96,1,-1,-1,-1
280,17,1719,1262,212,168,1,-1,-1,-1
280,66,271,752,248,151,1,-1,-1,-1
280,70,0,858,84,118,1,-1,-1,-1
280,77,1857,729,175,118,1,-1,-1,-1
280,78,1637,703,104,116,1,-1,-1,-1
280,79,593,726,119,146,1,-1,-1,-1
280,81,2045,714,252,160,1,-1,-1,-1
280,82,1499,713,92,96,1,-1,-1,-1
281,17,1719,1262,212,168,1,-1,-1,-1
281,66,256,764,244,124,1,-1,-1,-1
281,70,0,858,84,118,1,-1,-1,-1
281,77,1848,752,196,108,1,-1,-1,-1
281,78,1637,703,104,116,1,-1,-1,-1
281,79,540,732,160,144,1,-1,-1,-1
281,81,2044,724,240,120,1,-1,-1,-1
281,82,1499,713,92,96,1,-1,-1,-1
281,83,2368,812,192,120,1,-1,-1,-1
282,17,1683,1279,212,161,1,-1,-1,-1
282,66,239,765,244,124,1,-1,-1,-1
282,77,1826,752,196,108,1,-1,-1,-1
282,78,1613,701,104,116,1,-1,-1,-1
282,79,529,733,160,144,1,-1,-1,-1
282,81,2023,725,240,120,1,-1,-1,-1
282,82,1477,715,92,96,1,-1,-1,-1
282,83,2342,811,192,120,1,-1,-1,-1
283,17,1663,1282,212,158,1,-1,-1,-1
283,66,224,767,244,124,1,-1,-1,-1
283,77,1807,753,196,108,1,-1,-1,-1
283,78,1599,701,104,116,1,-1,-1,-1
283,79,519,734,160,144,1,-1,-1,-1
283,81,2005,725,240,120,1,-1,-1,-1
283,82,1463,715,97,101,1,-1,-1,-1
283,83,2328,807,202,126,1,-1,-1,-1
284,17,1638,1284,212,156,1,-1,-1,-1
284,66,199,766,256,130,1,-1,-1,-1
284,77,1795,752,196,108,1,-1,-1,-1
284,79,506,735,160,144,1,-1,-1,-1
284,81,1995,730,240,120,1,-1,-1,-1
284,82,1451,716,97,101,1,-1,-1,-1
284,83,2308,805,202,126,1,-1,-1,-1
285,17,1613,1280,212,160,1,-1,-1,-1
285,66,181,769,256,130,1,-1,-1,-1
285,77,1782,751,196,108,1,-1,-1,-1
285,79,492,737,160,144,1,-1,-1,-1
285,81,1981,729,240,120,1,-1,-1,-1
285,82,1442,716,97,101,1,-1,-1,-1
285,83,2302,804,202,126,1,-1,-1,-1
286,17,1592,1271,212,168,1,-1,-1,-1
286,66,157,767,269,137,1,-1,-1,-1
286,77,1770,750,196,108,1,-1,-1,-1
286,79,479,738,160,144,1,-1,-1,-1
286,81,1972,733,240,120,1,-1,-1,-1
286,82,1428,715,97,101,1,-1,-1,-1
286,83,2258,797,212,132,1,-1,-1,-1
287,17,1571,1261,212,168,1,-1,-1,-1
287,66,139,771,269,137,1,-1,-1,-1
287,77,1756,749,196,108,1,-1,-1,-1
287,79,467,741,160,144,1,-1,-1,-1
287,81,1957,733,252,126,1,-1,-1,-1
287,82,1410,715,92,96,1,-1,-1,-1
287,83,2232,785,212,132,1,-1,-1,-1
288,17,1544,1243,212,168,1,-1,-1,-1
288,66,112,770,282,144,1,-1,-1,-1
288,77,1745,748,196,108,1,-1,-1,-1
288,79,456,743,160,144,1,-1,-1,-1
288,81,1945,735,252,126,1,-1,-1,-1
288,82,1394,715,92,96,1,-1,-1,-1
288,83,2222,778,212,132,1,-1,-1,-1
289,17,1532,1224,180,168,1,-1,-1,-1
289,66,84,784,272,120,1,-1,-1,-1
289,77,1732,716,220,144,1,-1,-1,-1
289,79,444,744,180,140,1,-1,-1,-1
289,81,1936,748,236,140,1,-1,-1,-1
289,82,1380,708,104,104,1,-1,-1,-1
289,83,2222,778,212,132,1,-1,-1,-1
289,84,2120,768,208,140,1,-1,-1,-1
289,85,1504,688,100,120,1,-1,-1,-1
290,17,1508,1196,180,168,1,-1,-1,-1
290,66,63,783,272,120,1,-1,-1,-1
290,77,1719,716,220,144,1,-1,-1,-1
290,79,432,745,180,140,1,-1,-1,-1
290,81,1920,747,236,140,1,-1,-1,-1
290,82,1368,709,104,104,1,-1,-1,-1
290,84,2101,766,208,140,1,-1,-1,-1
290,85,1493,688,100,120,1,-1,-1,-1
291,17,1494,1166,180,168,1,-1,-1,-1
291,66,50,784,272,120,1,-1,-1,-1
291,77,1709,715,220,144,1,-1,-1,-1
291,79,419,747,180,140,1,-1,-1,-1
291,81,1904,744,236,140,1,-1,-1,-1
291,82,1356,709,104,104,1,-1,-1,-1
291,84,2083,764,208,140,1,-1,-1,-1
291,85,1482,688,100,120,1,-1,-1,-1
292,17,1493,1161,180,168,1,-1,-1,-1
292,66,30,783,272,120,1,-1,-1,-1
292,77,1697,714,220,144,1,-1,-1,-1
292,79,407,748,180,140,1,-1,-1,-1
292,81,1889,743,236,140,1,-1,-1,-1
292,82,1343,710,104,104,1,-1,-1,-1
292,84,2062,765,208,140,1,-1,-1,-1
292,85,1471,687,100,120,1,-1,-1,-1
293,17,1493,1176,180,168,1,-1,-1,-1
293,66,4,778,286,126,1,-1,-1,-1
293,77,1687,714,220,144,1,-1,-1,-1
293,79,393,749,180,140,1,-1,-1,-1
293,81,1879,746,225,133,1,-1,-1,-1
293,82,1332,710,104,104,1,-1,-1,-1
293,84,2058,766,208,140,1,-1,-1,-1
293,85,1461,687,100,120,1,-1,-1,-1
294,17,1493,1207,180,168,1,-1,-1,-1
294,66,0,778,272,126,1,-1,-1,-1
294,77,1679,712,220,144,1,-1,-1,-1
294,79,379,749,180,140,1,-1,-1,-1
294,81,1865,745,225,133,1,-1,-1,-1
294,82,1320,710,104,104,1,-1,-1,-1
294,84,2044,770,218,147,1,-1,-1,-1
294,85,1452,686,100,120,1,-1,-1,-1
295,17,1494,1227,180,168,1,-1,-1,-1
295,66,0,778,256,126,1,-1,-1,-1
295,77,1670,711,220,144,1,-1,-1,-1
295,79,363,745,189,147,1,-1,-1,-1
295,81,1846,746,225,133,1,-1,-1,-1
295,82,1309,710,104,104,1,-1,-1,-1
295,84,2038,776,218,147,1,-1,-1,-1
295,85,1444,685,100,120,1,-1,-1,-1
296,17,1492,1225,180,168,1,-1,-1,-1
296,66,0,777,238,132,1,-1,-1,-1
296,77,1659,705,231,151,1,-1,-1,-1
296,79,352,745,189,147,1,-1,-1,-1
296,81,1827,746,225,133,1,-1,-1,-1
296,82,1297,709,104,104,1,-1,-1,-1
296,84,2047,781,208,140,1,-1,-1,-1
296,85,1435,685,100,120,1,-1,-1,-1
297,17,1492,1225,180,168,1,-1,-1,-1
297,66,0,792,244,140,1,-1,-1,-1
297,77,1648,716,224,136,1,-1,-1,-1
297,79,300,756,228,124,1,-1,-1,-1
297,81,1796,760,240,116,1,-1,-1,-1
297,82,1297,709,104,104,1,-1,-1,-1
297,84,2047,781,208,140,1,-1,-1,-1
297,85,1436,680,88,112,1,-1,-1,-1
297,86,1232,700,152,108,1,-1,-1,-1
297,87,1396,704,96,128,1,-1,-1,-1
297,88,1996,752,124,120,1,-1,-1,-1
298,17,1471,1209,180,168,1,-1,-1,-1
298,66,0,789,228,147,1,-1,-1,-1
298,77,1643,716,224,136,1,-1,-1,-1
298,79,286,756,228,124,1,-1,-1,-1
298,81,1793,764,229,110,1,-1,-1,-1
298,82,1280,704,104,104,1,-1,-1,-1
298,84,2030,774,208,140,1,-1,-1,-1
298,85,1430,679,88,112,1,-1,-1,-1
298,86,1223,699,152,108,1,-1,-1,-1
298,87,1390,704,96,128,1,-1,-1,-1
298,88,1989,751,124,120,1,-1,-1,-1
299,17,1456,1217,180,168,1,-1,-1,-1
299,66,0,792,217,147,1,-1,-1,-1
299,77,1637,716,224,136,1,-1,-1,-1
299,79,272,756,228,124,1,-1,-1,-1
299,81,1782,765,229,110,1,-1,-1,-1
299,82,1265,703,104,104,1,-1,-1,-1
299,85,1425,678,88,112,1,-1,-1,-1
299,86,1215,699,152,108,1,-1,-1,-1
299,87,1385,704,96,128,1,-1,-1,-1
299,88,1982,746,130,126,1,-1,-1,-1
300,17,1444,1233,180,168,1,-1,-1,-1
300,66,0,791,199,147,1,-1,-1,-1
300,77,1631,715,224,136,1,-1,-1,-1
300,79,250,753,239,130,1,-1,-1,-1
300,81,1771,763,240,116,1,-1,-1,-1
300,82,1263,703,104,104,1,-1,-1,-1
300,85,1420,678,88,112,1,-1,-1,-1
300,86,1203,694,160,113,1,-1,-1,-1
300,87,1380,702,96,128,1,-1,-1,-1
300,88,1979,743,130,126,1,-1,-1,-1
301,17,1441,1249,180,168,1,-1,-1,-1
301,66,0,789,184,147,1,-1,-1,-1
301,77,1626,714,224,136,1,-1,-1,-1
301,79,233,755,239,130,1,-1,-1,-1
301,81,1760,762,240,116,1,-1,-1,-1
301,82,1276,696,104,104,1,-1,-1,-1
301,85,1415,678,88,112,1,-1,-1,-1
301,86,1198,694,160,113,1,-1,-1,-1
301,87,1376,702,96,128,1,-1,-1,-1
301,88,1977,742,130,126,1,-1,-1,-1
302,17,1444,1264,180,168,1,-1,-1,-1
302,66,0,796,158,140,1,-1,-1,-1
302,77,1621,712,224,136,1,-1,-1,-1
302,79,210,755,239,130,1,-1,-1,-1
302,81,1756,760,240,116,1,-1,-1,-1
302,82,1275,698,104,104,1,-1,-1,-1
302,85,1411,677,88,112,1,-1,-1,-1
302,86,1194,693,160,113,1,-1,-1,-1
302,87,1372,701,96,128,1,-1,-1,-1
302,88,1972,742,130,126,1,-1,-1,-1
303,17,1451,1274,180,166,1,-1,-1,-1
303,66,0,797,141,140,1,-1,-1,-1
303,77,1617,711,224,136,1,-1,-1,-1
303,79,192,757,239,130,1,-1,-1,-1
303,81,1752,758,240,116,1,-1,-1,-1
303,82,1273,700,104,104,1,-1,-1,-1
303,85,1407,676,88,112,1,-1,-1,-1
303,86,1188,692,160,113,1,-1,-1,-1
303,87,1368,700,96,128,1,-1,-1,-1
303,88,1966,740,137,132,1,-1,-1,-1
304,17,1453,1281,180,159,1,-1,-1,-1
304,66,0,794,132,140,1,-1,-1,-1
304,77,1616,710,224,136,1,-1,-1,-1
304,79,175,757,239,130,1,-1,-1,-1
304,81,1751,757,240,116,1,-1,-1,-1
304,85,1406,675,88,112,1,-1,-1,-1
304,86,1186,693,160,113,1,-1,-1,-1
304,87,1366,699,96,128,1,-1,-1,-1
304,88,1964,738,137,132,1,-1,-1,-1
305,17,1453,1281,180,159,1,-1,-1,-1
305,66,0,794,132,140,1,-1,-1,-1
305,77,1608,708,204,136,1,-1,-1,-1
305,79,148,760,268,124,1,-1,-1,-1
305,81,1748,740,192,128,1,-1,-1,-1
305,85,1406,675,88,112,1,-1,-1,-1
305,86,1186,693,160,113,1,-1,-1,-1
305,87,1364,688,96,136,1,-1,-1,-1
305,88,1964,728,136,144,1,-1,-1,-1
305,89,1104,700,204,96,1,-1,-1,-1
305,90,0,808,76,108,1,-1,-1,-1
306,17,1441,1267,180,168,1,-1,-1,-1
306,66,0,793,117,140,1,-1,-1,-1
306,77,1607,707,204,136,1,-1,-1,-1
306,79,135,756,281,130,1,-1,-1,-1
306,81,1747,739,192,128,1,-1,-1,-1
306,85,1402,674,88,112,1,-1,-1,-1
306,86,1185,691,160,113,1,-1,-1,-1
306,87,1363,688,96,136,1,-1,-1,-1
306,88,1965,728,136,144,1,-1,-1,-1
306,89,1086,696,214,101,1,-1,-1,-1
306,90,0,805,65,108,1,-1,-1,-1
307,17,1437,1253,180,168,1,-1,-1,-1
307,66,0,785,117,140,1,-1,-1,-1
307,77,1607,707,204,136,1,-1,-1,-1
307,79,116,757,281,130,1,-1,-1,-1
307,81,1746,738,192,128,1,-1,-1,-1
307,85,1402,673,88,112,1,-1,-1,-1
307,86,1177,691,168,119,1,-1,-1,-1
307,87,1364,688,96,136,1,-1,-1,-1
307,88,1967,730,136,144,1,-1,-1,-1
307,89,1065,691,225,106,1,-1,-1,-1
307,90,0,811,52,108,1,-1,-1,-1
308,17,1437,1234,180,168,1,-1,-1,-1
308,66,0,781,108,140,1,-1,-1,-1
308,77,1607,706,204,136,1,-1,-1,-1
308,79,91,757,295,137,1,-1,-1,-1
308,81,1747,736,192,128,1,-1,-1,-1
308,85,1401,673,88,112,1,-1,-1,-1
308,86,1178,692,168,119,1,-1,-1,-1
308,87,1363,687,96,136,1,-1,-1,-1
308,88,1968,732,136,144,1,-1,-1,-1
308,89,1054,691,225,106,1,-1,-1,-1
308,90,0,812,42,113,1,-1,-1,-1
309,17,1437,1221,180,168,1,-1,-1,-1
309,66,0,778,116,140,1,-1,-1,-1
309,77,1607,705,204,136,1,-1,-1,-1
309,79,74,762,281,130,1,-1,-1,-1
309,81,1748,734,192,128,1,-1,-1,-1
309,85,1401,672,88,112,1,-1,-1,-1
309,86,1193,701,160,113,1,-1,-1,-1
309,87,1362,687,96,136,1,-1,-1,-1
309,88,1970,734,136,144,1,-1,-1,-1
309,89,1036,687,225,106,1,-1,-1,-1
309,90,0,811,42,119,1,-1,-1,-1
310,17,1438,1220,180,168,1,-1,-1,-1
310,77,1607,704,204,136,1,-1,-1,-1
310,79,57,764,281,130,1,-1,-1,-1
310,81,1750,732,192,128,1,-1,-1,-1
310,85,1401,672,88,112,1,-1,-1,-1
310,86,1192,703,160,113,1,-1,-1,-1
310,87,1363,687,96,136,1,-1,-1,-1
310,88,1971,735,136,144,1,-1,-1,-1
310,89,1021,687,225,106,1,-1,-1,-1
310,90,0,806,42,113,1,-1,-1,-1
311,17,1436,1223,180,168,1,-1,-1,-1
311,77,1608,703,204,136,1,-1,-1,-1
311,79,53,768,268,124,1,-1,-1,-1
311,81,1752,728,192,128,1,-1,-1,-1
311,85,1401,671,88,112,1,-1,-1,-1
311,87,1363,686,96,136,1,-1,-1,-1
311,88,1971,734,136,144,1,-1,-1,-1
311,89,1003,686,225,106,1,-1,-1,-1
311,90,0,810,46,108,1,-1,-1,-1
312,17,1435,1233,180,168,1,-1,-1,-1
312,77,1609,702,204,136,1,-1,-1,-1
312,79,41,768,268,124,1,-1,-1,-1
312,81,1753,726,192,128,1,-1,-1,-1
312,85,1401,671,88,112,1,-1,-1,-1
312,87,1364,686,96,136,1,-1,-1,-1
312,88,1969,730,143,151,1,-1,-1,-1
312,89,986,690,214,101,1,-1,-1,-1
312,90,0,813,47,108,1,-1,-1,-1
313,17,1435,1233,180,168,1,-1,-1,-1
313,77,1608,700,208,140,1,-1,-1,-1
313,79,32,764,268,132,1,-1,-1,-1
313,81,1772,716,172,144,1,-1,-1,-1
313,85,1401,671,88,112,1,-1,-1,-1
313,87,1364,686,96,136,1,-1,-1,-1
313,88,1956,736,156,144,1,-1,-1,-1
313,89,1000,684,172,96,1,-1,-1,-1
313,90,0,813,47,108,1,-1,-1,-1
314,17,1443,1243,180,168,1,-1,-1,-1
314,77,1608,700,208,140,1,-1,-1,-1
314,79,27,765,268,132,1,-1,-1,-1
314,81,1773,715,172,144,1,-1,-1,-1
314,85,1401,669,88,112,1,-1,-1,-1
314,87,1364,685,96,136,1,-1,-1,-1
314,88,1956,736,156,144,1,-1,-1,-1
314,89,993,683,172,96,1,-1,-1,-1
315,17,1445,1235,180,168,1,-1,-1,-1
315,77,1610,699,208,140,1,-1,-1,-1
315,79,20,765,268,132,1,-1,-1,-1
315,81,1774,713,172,144,1,-1,-1,-1
315,85,1401,666,88,112,1,-1,-1,-1
315,87,1365,684,96,136,1,-1,-1,-1
315,88,1957,735,156,144,1,-1,-1,-1
315,89,979,680,181,101,1,-1,-1,-1
