1,0,2276,512,280,196,1,-1,-1,-1
1,1,1756,612,240,132,1,-1,-1,-1
1,2,1136,620,296,140,1,-1,-1,-1
1,3,900,624,236,136,1,-1,-1,-1
2,0,2265,512,280,196,1,-1,-1,-1
2,1,1751,613,240,132,1,-1,-1,-1
2,2,1137,620,296,140,1,-1,-1,-1
2,3,903,625,236,136,1,-1,-1,-1
3,0,2253,515,280,196,1,-1,-1,-1
3,1,1745,614,240,132,1,-1,-1,-1
3,2,1144,621,296,140,1,-1,-1,-1
3,3,918,626,236,136,1,-1,-1,-1
4,0,2232,520,267,187,1,-1,-1,-1
4,1,1728,616,240,132,1,-1,-1,-1
4,2,1145,623,296,140,1,-1,-1,-1
4,3,928,626,236,136,1,-1,-1,-1
5,0,2223,525,254,178,1,-1,-1,-1
5,1,1728,620,229,126,1,-1,-1,-1
5,2,1146,626,296,140,1,-1,-1,-1
5,3,926,627,236,136,1,-1,-1,-1
6,0,2210,525,254,178,1,-1,-1,-1
6,1,1721,621,229,126,1,-1,-1,-1
6,2,1146,626,296,140,1,-1,-1,-1
6,3,935,625,236,136,1,-1,-1,-1
7,0,2206,527,254,178,1,-1,-1,-1
7,1,1715,624,229,126,1,-1,-1,-1
7,2,1149,627,296,140,1,-1,-1,-1
7,3,939,628,236,136,1,-1,-1,-1
8,0,2204,525,254,178,1,-1,-1,-1
8,1,1711,624,229,126,1,-1,-1,-1
8,2,1166,629,282,133,1,-1,-1,-1
8,3,947,633,225,130,1,-1,-1,-1
9,0,2208,528,280,184,1,-1,-1,-1
9,1,1716,628,224,120,1,-1,-1,-1
9,2,1224,624,224,124,1,-1,-1,-1
9,3,948,616,256,136,1,-1,-1,-1
9,4,608,632,216,112,1,-1,-1,-1
10,0,2212,526,280,184,1,-1,-1,-1
10,1,1716,628,224,120,1,-1,-1,-1
10,2,1226,624,224,124,1,-1,-1,-1
10,3,949,616,256,136,1,-1,-1,-1
10,4,610,632,216,112,1,-1,-1,-1
11,0,2217,527,280,184,1,-1,-1,-1
11,1,1719,628,224,120,1,-1,-1,-1
11,2,1229,624,224,124,1,-1,-1,-1
11,3,951,617,256,136,1,-1,-1,-1
11,4,614,632,216,112,1,-1,-1,-1
12,0,2228,526,280,184,1,-1,-1,-1
12,1,1725,627,224,120,1,-1,-1,-1
12,2,1234,625,224,124,1,-1,-1,-1
12,3,945,613,269,143,1,-1,-1,-1
12,4,615,633,216,112,1,-1,-1,-1
13,0,2240,530,267,175,1,-1,-1,-1
13,1,1730,628,224,120,1,-1,-1,-1
13,2,1237,626,224,124,1,-1,-1,-1
13,3,945,613,269,143,1,-1,-1,-1
13,4,615,634,216,112,1,-1,-1,-1
14,0,2247,530,267,175,1,-1,-1,-1
14,1,1733,628,224,120,1,-1,-1,-1
14,2,1239,627,224,124,1,-1,-1,-1
14,3,950,614,269,143,1,-1,-1,-1
14,4,617,635,216,112,1,-1,-1,-1
15,0,2251,529,267,175,1,-1,-1,-1
15,1,1736,629,224,120,1,-1,-1,-1
15,2,1242,629,224,124,1,-1,-1,-1
15,3,948,612,269,143,1,-1,-1,-1
15,4,617,636,216,112,1,-1,-1,-1
16,0,2253,526,267,175,1,-1,-1,-1
16,1,1736,628,235,126,1,-1,-1,-1
16,2,1247,631,224,124,1,-1,-1,-1
16,3,956,612,269,143,1,-1,-1,-1
16,4,624,636,216,112,1,-1,-1,-1
17,0,2276,532,272,152,1,-1,-1,-1
17,1,1736,632,240,112,1,-1,-1,-1
17,2,1200,624,288,136,1,-1,-1,-1
17,3,956,612,269,143,1,-1,-1,-1
17,4,596,644,260,144,1,-1,-1,-1
17,5,1044,636,228,104,1,-1,-1,-1
17,6,4,624,220,168,1,-1,-1,-1
18,0,2284,532,272,152,1,-1,-1,-1
18,1,1735,630,252,118,1,-1,-1,-1
18,2,1206,627,288,136,1,-1,-1,-1
18,3,955,614,256,136,1,-1,-1,-1
18,4,599,644,260,144,1,-1,-1,-1
18,5,1051,639,228,104,1,-1,-1,-1
18,6,9,625,220,168,1,-1,-1,-1
19,0,2289,533,271,152,1,-1,-1,-1
19,1,1738,632,252,118,1,-1,-1,-1
19,2,1209,630,288,136,1,-1,-1,-1
19,3,956,615,256,136,1,-1,-1,-1
19,4,603,647,260,144,1,-1,-1,-1
19,5,1051,639,228,104,1,-1,-1,-1
19,6,10,626,220,168,1,-1,-1,-1
20,0,2291,534,269,152,1,-1,-1,-1
20,1,1740,633,252,118,1,-1,-1,-1
20,2,1213,633,288,136,1,-1,-1,-1
20,3,953,618,256,136,1,-1,-1,-1
20,4,600,647,260,144,1,-1,-1,-1
20,5,1062,643,217,99,1,-1,-1,-1
20,6,12,626,220,168,1,-1,-1,-1
21,0,2310,533,250,152,1,-1,-1,-1
21,1,1765,637,240,112,1,-1,-1,-1
21,2,1236,633,288,136,1,-1,-1,-1
21,3,964,621,256,136,1,-1,-1,-1
21,4,615,648,260,144,1,-1,-1,-1
21,5,1075,643,217,99,1,-1,-1,-1
21,6,26,627,220,168,1,-1,-1,-1
22,0,2318,542,242,145,1,-1,-1,-1
22,1,1767,630,252,118,1,-1,-1,-1
22,2,1245,633,288,136,1,-1,-1,-1
22,3,968,622,256,136,1,-1,-1,-1
22,4,628,650,260,144,1,-1,-1,-1
22,5,1084,642,228,104,1,-1,-1,-1
22,6,40,630,220,168,1,-1,-1,-1
23,0,2322,545,238,145,1,-1,-1,-1
23,1,1776,629,252,118,1,-1,-1,-1
23,2,1259,635,274,130,1,-1,-1,-1
23,3,977,625,256,136,1,-1,-1,-1
23,4,635,651,260,144,1,-1,-1,-1
23,5,1090,643,228,104,1,-1,-1,-1
23,6,54,629,220,168,1,-1,-1,-1
24,0,2329,544,231,145,1,-1,-1,-1
24,1,1797,630,240,112,1,-1,-1,-1
24,2,1287,640,261,123,1,-1,-1,-1
24,3,994,625,256,136,1,-1,-1,-1
24,4,646,652,260,144,1,-1,-1,-1
24,5,1099,642,239,109,1,-1,-1,-1
24,6,74,637,210,160,1,-1,-1,-1
25,0,2329,544,231,145,1,-1,-1,-1
25,1,1816,604,220,152,1,-1,-1,-1
25,2,1287,640,261,123,1,-1,-1,-1
25,3,994,625,256,136,1,-1,-1,-1
25,4,646,652,260,144,1,-1,-1,-1
25,5,1099,642,239,109,1,-1,-1,-1
25,6,74,637,210,160,1,-1,-1,-1
26,0,2376,541,184,145,1,-1,-1,-1
26,1,1843,604,220,152,1,-1,-1,-1
26,2,1326,640,274,130,1,-1,-1,-1
26,3,1030,630,256,136,1,-1,-1,-1
26,4,694,651,260,144,1,-1,-1,-1
26,5,1126,647,239,109,1,-1,-1,-1
26,6,114,640,210,160,1,-1,-1,-1
27,0,2385,538,175,145,1,-1,-1,-1
27,1,1860,608,220,152,1,-1,-1,-1
27,2,1341,640,274,130,1,-1,-1,-1
27,3,1048,629,256,136,1,-1,-1,-1
27,4,708,649,260,144,1,-1,-1,-1
27,6,135,639,210,160,1,-1,-1,-1
28,0,2408,539,152,145,1,-1,-1,-1
28,1,1873,608,220,152,1,-1,-1,-1
28,2,1359,641,274,130,1,-1,-1,-1
28,3,1059,633,256,136,1,-1,-1,-1
28,4,730,652,248,137,1,-1,-1,-1
28,6,150,639,210,160,1,-1,-1,-1
29,0,2414,541,146,145,1,-1,-1,-1
29,1,1889,609,220,152,1,-1,-1,-1
29,2,1371,633,274,130,1,-1,-1,-1
29,3,1071,634,256,136,1,-1,-1,-1
29,4,743,655,248,137,1,-1,-1,-1
29,6,163,639,210,160,1,-1,-1,-1
30,0,2431,540,129,145,1,-1,-1,-1
30,1,1912,611,220,152,1,-1,-1,-1
30,2,1380,630,274,130,1,-1,-1,-1
30,3,1088,627,269,143,1,-1,-1,-1
30,4,768,657,248,137,1,-1,-1,-1
30,6,182,638,210,160,1,-1,-1,-1
31,0,2439,545,121,145,1,-1,-1,-1
31,1,1920,610,231,160,1,-1,-1,-1
31,2,1369,629,274,130,1,-1,-1,-1
31,3,1094,628,269,143,1,-1,-1,-1
31,4,787,658,248,137,1,-1,-1,-1
31,6,201,640,200,152,1,-1,-1,-1
32,1,1928,611,231,160,1,-1,-1,-1
32,4,806,653,248,137,1,-1,-1,-1
32,6,206,637,210,160,1,-1,-1,-1
33,1,1936,632,244,128,1,-1,-1,-1
33,4,876,648,184,124,1,-1,-1,-1
33,6,206,637,210,160,1,-1,-1,-1
33,7,524,636,220,112,1,-1,-1,-1
34,1,1953,632,244,128,1,-1,-1,-1
34,4,892,648,184,124,1,-1,-1,-1
34,6,223,634,210,160,1,-1,-1,-1
34,7,540,636,220,112,1,-1,-1,-1
35,1,1958,632,244,128,1,-1,-1,-1
35,4,901,648,184,124,1,-1,-1,-1
35,6,238,632,210,160,1,-1,-1,-1
35,7,549,637,220,112,1,-1,-1,-1
36,1,1965,631,244,128,1,-1,-1,-1
36,4,908,647,184,124,1,-1,-1,-1
36,6,239,633,210,160,1,-1,-1,-1
36,7,557,639,210,107,1,-1,-1,-1
37,1,1972,631,244,128,1,-1,-1,-1
37,4,912,649,184,124,1,-1,-1,-1
37,6,248,632,210,160,1,-1,-1,-1
37,7,558,638,220,112,1,-1,-1,-1
38,1,1986,630,244,128,1,-1,-1,-1
38,4,927,646,184,124,1,-1,-1,-1
38,6,261,631,210,160,1,-1,-1,-1
38,7,571,636,220,112,1,-1,-1,-1
39,1,1991,628,244,128,1,-1,-1,-1
39,4,930,643,193,130,1,-1,-1,-1
39,7,572,637,220,112,1,-1,-1,-1
40,1,1995,627,244,128,1,-1,-1,-1
40,4,940,642,193,130,1,-1,-1,-1
40,7,579,638,220,112,1,-1,-1,-1
41,1,2004,624,244,132,1,-1,-1,-1
41,4,968,636,228,140,1,-1,-1,-1
41,7,579,638,220,112,1,-1,-1,-1
41,8,88,656,204,140,1,-1,-1,-1
41,9,364,624,156,168,1,-1,-1,-1
41,10,704,628,172,128,1,-1,-1,-1
42,1,2005,619,256,139,1,-1,-1,-1
42,4,980,635,228,140,1,-1,-1,-1
42,7,592,636,231,118,1,-1,-1,-1
42,8,93,655,204,140,1,-1,-1,-1
42,9,370,624,156,168,1,-1,-1,-1
42,10,710,627,172,128,1,-1,-1,-1
43,1,2011,617,256,139,1,-1,-1,-1
43,4,983,633,228,140,1,-1,-1,-1
43,7,594,636,231,118,1,-1,-1,-1
43,8,98,654,204,140,1,-1,-1,-1
43,9,375,625,156,168,1,-1,-1,-1
43,10,715,627,172,128,1,-1,-1,-1
44,1,2017,615,256,139,1,-1,-1,-1
44,4,995,635,217,133,1,-1,-1,-1
44,7,598,635,231,118,1,-1,-1,-1
44,8,102,656,204,140,1,-1,-1,-1
44,9,378,627,156,168,1,-1,-1,-1
44,10,721,627,172,128,1,-1,-1,-1
45,1,2021,614,256,139,1,-1,-1,-1
45,4,1000,633,217,133,1,-1,-1,-1
45,7,602,635,231,118,1,-1,-1,-1
45,8,106,658,204,140,1,-1,-1,-1
45,9,382,628,156,168,1,-1,-1,-1
45,10,723,628,172,128,1,-1,-1,-1
46,1,2034,612,256,139,1,-1,-1,-1
46,4,1008,633,217,133,1,-1,-1,-1
46,7,616,631,231,118,1,-1,-1,-1
46,8,112,661,204,140,1,-1,-1,-1
46,9,392,628,156,168,1,-1,-1,-1
46,10,732,626,172,128,1,-1,-1,-1
47,1,2037,611,256,139,1,-1,-1,-1
47,4,1007,627,217,133,1,-1,-1,-1
47,7,615,632,231,118,1,-1,-1,-1
47,8,116,664,204,140,1,-1,-1,-1
47,9,396,627,156,168,1,-1,-1,-1
47,10,734,626,172,128,1,-1,-1,-1
48,1,2042,609,256,139,1,-1,-1,-1
48,4,1014,631,207,127,1,-1,-1,-1
48,7,619,629,231,118,1,-1,-1,-1
48,8,126,671,194,133,1,-1,-1,-1
48,9,400,629,156,168,1,-1,-1,-1
48,10,732,623,181,134,1,-1,-1,-1
49,1,2064,608,244,148,1,-1,-1,-1
49,4,1014,631,207,127,1,-1,-1,-1
49,7,619,629,231,118,1,-1,-1,-1
49,8,126,671,194,133,1,-1,-1,-1
49,9,400,629,156,168,1,-1,-1,-1
49,10,732,623,181,134,1,-1,-1,-1
50,1,2070,609,244,148,1,-1,-1,-1
50,4,1032,634,197,121,1,-1,-1,-1
50,7,641,630,220,112,1,-1,-1,-1
50,8,132,671,194,133,1,-1,-1,-1
50,9,413,631,156,168,1,-1,-1,-1
50,10,736,625,181,134,1,-1,-1,-1
51,1,2074,609,244,148,1,-1,-1,-1
51,4,1036,634,197,121,1,-1,-1,-1
51,7,652,632,210,107,1,-1,-1,-1
51,8,132,672,194,133,1,-1,-1,-1
51,9,419,630,156,168,1,-1,-1,-1
51,10,742,623,181,134,1,-1,-1,-1
52,1,2078,610,244,148,1,-1,-1,-1
52,4,1037,634,197,121,1,-1,-1,-1
52,8,137,673,194,133,1,-1,-1,-1
52,9,434,640,156,168,1,-1,-1,-1
52,10,748,625,172,128,1,-1,-1,-1
53,1,2084,610,244,148,1,-1,-1,-1
53,4,1034,632,207,127,1,-1,-1,-1
53,8,140,676,185,127,1,-1,-1,-1
53,9,438,644,156,168,1,-1,-1,-1
53,10,764,623,172,128,1,-1,-1,-1
54,1,2091,607,244,148,1,-1,-1,-1
54,4,1032,631,207,127,1,-1,-1,-1
54,8,145,677,185,127,1,-1,-1,-1
54,9,432,640,164,176,1,-1,-1,-1
54,10,782,629,164,122,1,-1,-1,-1
55,1,2094,605,244,148,1,-1,-1,-1
55,4,1034,630,207,127,1,-1,-1,-1
55,8,148,676,185,127,1,-1,-1,-1
55,9,434,642,164,176,1,-1,-1,-1
55,10,782,631,164,122,1,-1,-1,-1
56,1,2099,603,244,148,1,-1,-1,-1
56,4,1040,631,207,127,1,-1,-1,-1
56,8,149,678,185,127,1,-1,-1,-1
56,9,433,641,164,176,1,-1,-1,-1
56,10,786,632,164,122,1,-1,-1,-1
57,1,2108,588,236,168,1,-1,-1,-1
57,4,1092,624,172,140,1,-1,-1,-1
57,8,156,672,196,124,1,-1,-1,-1
57,9,433,641,164,176,1,-1,-1,-1
57,10,786,632,164,122,1,-1,-1,-1
57,11,1596,624,288,152,1,-1,-1,-1
57,12,728,656,200,140,1,-1,-1,-1
57,13,1480,656,172,108,1,-1,-1,-1
58,1,2114,587,236,168,1,-1,-1,-1
58,4,1094,625,172,140,1,-1,-1,-1
58,8,162,671,196,124,1,-1,-1,-1
58,9,441,645,164,176,1,-1,-1,-1
58,10,789,635,164,122,1,-1,-1,-1
58,11,1599,624,288,152,1,-1,-1,-1
58,12,728,656,200,140,1,-1,-1,-1
58,13,1483,657,172,108,1,-1,-1,-1
59,1,2119,586,236,168,1,-1,-1,-1
59,4,1094,628,172,140,1,-1,-1,-1
59,8,163,672,196,124,1,-1,-1,-1
59,10,792,636,164,122,1,-1,-1,-1
59,11,1605,625,288,152,1,-1,-1,-1
59,12,729,658,200,140,1,-1,-1,-1
59,13,1485,658,172,108,1,-1,-1,-1
60,1,2122,587,236,168,1,-1,-1,-1
60,4,1096,629,172,140,1,-1,-1,-1
60,8,165,672,196,124,1,-1,-1,-1
60,10,792,636,164,122,1,-1,-1,-1
60,11,1607,624,288,152,1,-1,-1,-1
60,12,732,658,200,140,1,-1,-1,-1
60,13,1488,660,172,108,1,-1,-1,-1
61,1,2126,587,236,168,1,-1,-1,-1
61,4,1095,629,172,140,1,-1,-1,-1
61,8,171,674,187,118,1,-1,-1,-1
61,10,794,636,164,122,1,-1,-1,-1
61,11,1610,623,288,152,1,-1,-1,-1
61,12,732,658,200,140,1,-1,-1,-1
61,13,1489,661,172,108,1,-1,-1,-1
62,1,2135,588,236,168,1,-1,-1,-1
62,4,1097,629,172,140,1,-1,-1,-1
62,8,177,675,187,118,1,-1,-1,-1
62,10,794,635,164,122,1,-1,-1,-1
62,11,1615,624,288,152,1,-1,-1,-1
62,12,735,659,200,140,1,-1,-1,-1
62,13,1489,662,172,108,1,-1,-1,-1
63,1,2136,585,248,176,1,-1,-1,-1
63,4,1100,629,172,140,1,-1,-1,-1
63,8,179,675,187,118,1,-1,-1,-1
63,10,796,634,164,122,1,-1,-1,-1
63,11,1619,625,288,152,1,-1,-1,-1
63,12,735,659,200,140,1,-1,-1,-1
63,13,1489,662,181,113,1,-1,-1,-1
64,1,2141,586,248,176,1,-1,-1,-1
64,4,1099,628,172,140,1,-1,-1,-1
64,8,174,672,196,124,1,-1,-1,-1
64,10,797,634,164,122,1,-1,-1,-1
64,11,1611,622,302,160,1,-1,-1,-1
64,12,734,660,200,140,1,-1,-1,-1
64,13,1486,659,181,113,1,-1,-1,-1
65,1,2140,596,268,156,1,-1,-1,-1
65,4,1084,628,204,136,1,-1,-1,-1
65,8,208,692,184,100,1,-1,-1,-1
65,10,797,634,164,122,1,-1,-1,-1
65,11,1656,636,260,140,1,-1,-1,-1
65,12,776,652,168,128,1,-1,-1,-1
65,13,1486,659,181,113,1,-1,-1,-1
65,14,0,676,120,116,1,-1,-1,-1
66,1,2145,598,268,156,1,-1,-1,-1
66,4,1086,629,204,136,1,-1,-1,-1
66,8,217,694,175,95,1,-1,-1,-1
66,10,802,641,164,122,1,-1,-1,-1
66,11,1664,637,260,140,1,-1,-1,-1
66,12,778,654,168,128,1,-1,-1,-1
66,13,1488,661,181,113,1,-1,-1,-1
66,14,2,676,120,116,1,-1,-1,-1
67,1,2149,600,268,156,1,-1,-1,-1
67,4,1088,630,204,136,1,-1,-1,-1
67,8,219,697,175,95,1,-1,-1,-1
67,10,801,643,164,122,1,-1,-1,-1
67,11,1671,642,248,133,1,-1,-1,-1
67,12,779,655,168,128,1,-1,-1,-1
67,13,1490,661,181,113,1,-1,-1,-1
67,14,2,677,120,116,1,-1,-1,-1
68,1,2151,600,268,156,1,-1,-1,-1
68,4,1089,631,204,136,1,-1,-1,-1
68,8,223,697,175,95,1,-1,-1,-1
68,10,802,645,164,122,1,-1,-1,-1
68,11,1664,644,248,133,1,-1,-1,-1
68,12,781,657,168,128,1,-1,-1,-1
68,13,1492,662,181,113,1,-1,-1,-1
68,14,3,678,120,116,1,-1,-1,-1
69,1,2147,595,281,164,1,-1,-1,-1
69,4,1088,631,204,136,1,-1,-1,-1
69,8,223,698,175,95,1,-1,-1,-1
69,10,804,646,164,122,1,-1,-1,-1
69,11,1669,646,248,133,1,-1,-1,-1
69,12,781,659,168,128,1,-1,-1,-1
69,13,1493,661,181,113,1,-1,-1,-1
69,14,5,681,120,116,1,-1,-1,-1
70,1,2153,596,281,164,1,-1,-1,-1
70,4,1084,634,204,136,1,-1,-1,-1
70,8,219,697,184,100,1,-1,-1,-1
70,10,809,650,164,122,1,-1,-1,-1
70,11,1685,646,248,133,1,-1,-1,-1
70,12,787,663,160,122,1,-1,-1,-1
70,13,1496,663,181,113,1,-1,-1,-1
70,14,4,684,120,116,1,-1,-1,-1
71,1,2158,595,281,164,1,-1,-1,-1
71,4,1079,634,214,143,1,-1,-1,-1
71,8,222,695,184,100,1,-1,-1,-1
71,10,810,650,164,122,1,-1,-1,-1
71,11,1693,650,236,127,1,-1,-1,-1
71,12,788,664,160,122,1,-1,-1,-1
71,13,1501,663,181,113,1,-1,-1,-1
71,14,7,684,120,116,1,-1,-1,-1
72,1,2161,597,281,164,1,-1,-1,-1
72,4,1073,636,214,143,1,-1,-1,-1
72,8,223,696,184,100,1,-1,-1,-1
72,10,814,650,164,122,1,-1,-1,-1
72,11,1697,657,225,121,1,-1,-1,-1
72,12,790,664,160,122,1,-1,-1,-1
72,13,1502,665,181,113,1,-1,-1,-1
72,14,6,682,126,122,1,-1,-1,-1
73,1,2176,600,260,160,1,-1,-1,-1
73,4,1096,652,220,128,1,-1,-1,-1
73,8,223,696,184,100,1,-1,-1,-1
73,10,820,664,152,144,1,-1,-1,-1
73,11,1697,657,225,121,1,-1,-1,-1
73,12,790,664,160,122,1,-1,-1,-1
73,13,1502,665,181,113,1,-1,-1,-1
73,14,0,684,148,136,1,-1,-1,-1
73,15,628,664,184,128,1,-1,-1,-1
74,1,2174,599,273,168,1,-1,-1,-1
74,4,1098,654,220,128,1,-1,-1,-1
74,8,223,687,193,105,1,-1,-1,-1
74,10,823,665,152,144,1,-1,-1,-1
74,11,1717,652,236,127,1,-1,-1,-1
74,12,794,666,160,122,1,-1,-1,-1
74,13,1504,666,181,113,1,-1,-1,-1
74,14,4,684,148,136,1,-1,-1,-1
74,15,631,665,184,128,1,-1,-1,-1
75,1,2177,601,273,168,1,-1,-1,-1
75,4,1100,656,220,128,1,-1,-1,-1
75,8,223,683,203,110,1,-1,-1,-1
75,10,824,667,152,144,1,-1,-1,-1
75,11,1729,645,248,133,1,-1,-1,-1
75,12,806,668,152,116,1,-1,-1,-1
75,13,1506,669,181,113,1,-1,-1,-1
75,14,3,685,148,136,1,-1,-1,-1
75,15,634,667,184,128,1,-1,-1,-1
76,1,2187,606,260,160,1,-1,-1,-1
76,4,1101,658,220,128,1,-1,-1,-1
76,8,224,679,213,116,1,-1,-1,-1
76,10,825,667,152,144,1,-1,-1,-1
76,11,1729,648,248,133,1,-1,-1,-1
76,12,801,666,152,116,1,-1,-1,-1
76,13,1513,670,172,108,1,-1,-1,-1
76,14,5,686,148,136,1,-1,-1,-1
76,15,634,669,184,128,1,-1,-1,-1
77,1,2192,606,260,160,1,-1,-1,-1
77,4,1103,659,220,128,1,-1,-1,-1
77,8,221,677,213,116,1,-1,-1,-1
77,10,825,668,152,144,1,-1,-1,-1
77,11,1723,651,248,133,1,-1,-1,-1
77,12,813,663,152,116,1,-1,-1,-1
77,13,1518,668,172,108,1,-1,-1,-1
77,14,5,686,148,136,1,-1,-1,-1
77,15,634,671,184,128,1,-1,-1,-1
78,1,2199,605,260,160,1,-1,-1,-1
78,4,1104,660,220,128,1,-1,-1,-1
78,8,223,677,213,116,1,-1,-1,-1
78,10,825,669,152,144,1,-1,-1,-1
78,11,1709,649,260,140,1,-1,-1,-1
78,12,821,668,152,116,1,-1,-1,-1
78,13,1529,671,172,108,1,-1,-1,-1
78,14,1,684,155,143,1,-1,-1,-1
78,15,640,673,184,128,1,-1,-1,-1
79,1,2202,606,260,160,1,-1,-1,-1
79,4,1105,660,220,128,1,-1,-1,-1
79,8,224,678,213,116,1,-1,-1,-1
79,10,825,670,152,144,1,-1,-1,-1
79,12,826,667,152,116,1,-1,-1,-1
79,13,1526,671,181,113,1,-1,-1,-1
79,14,2,684,155,143,1,-1,-1,-1
79,15,641,672,184,128,1,-1,-1,-1
80,1,2203,604,260,160,1,-1,-1,-1
80,4,1107,660,220,128,1,-1,-1,-1
80,8,232,678,213,116,1,-1,-1,-1
80,10,823,671,152,144,1,-1,-1,-1
80,13,1528,669,181,113,1,-1,-1,-1
80,14,6,683,155,143,1,-1,-1,-1
80,15,637,668,193,134,1,-1,-1,-1
81,1,2216,616,264,152,1,-1,-1,-1
81,4,1124,656,216,128,1,-1,-1,-1
81,8,232,678,213,116,1,-1,-1,-1
81,10,823,671,152,144,1,-1,-1,-1
81,13,1528,669,181,113,1,-1,-1,-1
81,14,6,683,155,143,1,-1,-1,-1
81,15,664,656,220,144,1,-1,-1,-1
81,16,1732,700,128,80,1,-1,-1,-1
81,17,488,664,208,156,1,-1,-1,-1
82,1,2220,613,264,152,1,-1,-1,-1
82,4,1125,656,216,128,1,-1,-1,-1
82,8,235,679,203,110,1,-1,-1,-1
82,10,814,670,152,144,1,-1,-1,-1
82,13,1535,670,181,113,1,-1,-1,-1
82,14,14,685,155,143,1,-1,-1,-1
82,15,667,657,220,144,1,-1,-1,-1
82,16,1741,699,128,80,1,-1,-1,-1
82,17,491,664,208,156,1,-1,-1,-1
83,1,2223,614,264,152,1,-1,-1,-1
83,4,1126,658,216,128,1,-1,-1,-1
83,10,816,673,152,144,1,-1,-1,-1
83,13,1537,670,181,113,1,-1,-1,-1
83,14,16,684,155,143,1,-1,-1,-1
83,15,663,653,231,151,1,-1,-1,-1
83,16,1744,696,128,80,1,-1,-1,-1
83,17,494,665,208,156,1,-1,-1,-1
84,1,2224,614,264,152,1,-1,-1,-1
84,4,1130,659,216,128,1,-1,-1,-1
84,10,814,669,160,151,1,-1,-1,-1
84,14,20,682,155,143,1,-1,-1,-1
84,15,668,654,231,151,1,-1,-1,-1
84,16,1752,694,128,80,1,-1,-1,-1
84,17,496,666,208,156,1,-1,-1,-1
85,1,2228,615,264,152,1,-1,-1,-1
85,4,1125,656,227,134,1,-1,-1,-1
85,10,813,667,160,151,1,-1,-1,-1
85,14,24,692,148,136,1,-1,-1,-1
85,15,675,657,220,144,1,-1,-1,-1
85,16,1761,689,128,80,1,-1,-1,-1
85,17,497,666,208,156,1,-1,-1,-1
86,1,2235,616,264,152,1,-1,-1,-1
86,4,1128,656,227,134,1,-1,-1,-1
86,10,814,669,160,151,1,-1,-1,-1
86,14,30,692,148,136,1,-1,-1,-1
86,15,680,659,220,144,1,-1,-1,-1
86,16,1775,684,128,80,1,-1,-1,-1
86,17,501,668,208,156,1,-1,-1,-1
87,1,2237,615,264,152,1,-1,-1,-1
87,4,1131,655,227,134,1,-1,-1,-1
87,10,813,668,160,151,1,-1,-1,-1
87,14,23,686,155,143,1,-1,-1,-1
87,15,682,657,220,144,1,-1,-1,-1
87,16,1786,683,128,80,1,-1,-1,-1
87,17,502,668,208,156,1,-1,-1,-1
88,1,2240,614,264,152,1,-1,-1,-1
88,4,1137,657,216,128,1,-1,-1,-1
88,10,811,668,160,151,1,-1,-1,-1
88,14,17,686,155,143,1,-1,-1,-1
88,15,692,657,210,137,1,-1,-1,-1
88,16,1794,683,128,80,1,-1,-1,-1
88,17,498,662,218,164,1,-1,-1,-1
89,1,2264,604,228,148,1,-1,-1,-1
89,4,1160,660,224,132,1,-1,-1,-1
89,10,811,668,160,151,1,-1,-1,-1
89,14,17,686,155,143,1,-1,-1,-1
89,15,692,657,210,137,1,-1,-1,-1
89,16,1794,683,128,80,1,-1,-1,-1
89,17,498,662,218,164,1,-1,-1,-1
89,18,1808,672,260,108,1,-1,-1,-1
89,19,1572,664,200,124,1,-1,-1,-1
90,1,2346,596,214,148,1,-1,-1,-1
90,4,1160,657,235,139,1,-1,-1,-1
90,10,784,668,160,151,1,-1,-1,-1
90,14,0,663,119,143,1,-1,-1,-1
90,15,655,651,200,131,1,-1,-1,-1
90,16,1806,696,128,80,1,-1,-1,-1
90,17,470,643,229,172,1,-1,-1,-1
90,18,1861,663,273,113,1,-1,-1,-1
90,19,1610,658,200,124,1,-1,-1,-1
91,1,2386,592,174,148,1,-1,-1,-1
91,4,1158,655,247,146,1,-1,-1,-1
91,10,768,666,160,151,1,-1,-1,-1
91,14,1,681,148,136,1,-1,-1,-1
91,15,641,651,200,131,1,-1,-1,-1
91,16,1873,697,122,76,1,-1,-1,-1
91,17,437,653,229,172,1,-1,-1,-1
91,18,1895,660,273,113,1,-1,-1,-1
91,19,1622,655,210,130,1,-1,-1,-1
92,1,2425,590,135,148,1,-1,-1,-1
92,4,1158,648,259,153,1,-1,-1,-1
92,10,760,662,168,159,1,-1,-1,-1
92,14,0,677,142,136,1,-1,-1,-1
92,15,658,653,200,131,1,-1,-1,-1
92,16,1901,685,122,76,1,-1,-1,-1
92,17,425,654,229,172,1,-1,-1,-1
92,18,1918,655,287,119,1,-1,-1,-1
92,19,1638,654,210,130,1,-1,-1,-1
93,1,2454,589,106,148,1,-1,-1,-1
93,4,1163,646,259,153,1,-1,-1,-1
93,10,751,663,168,159,1,-1,-1,-1
93,14,20,664,148,136,1,-1,-1,-1
93,15,640,651,210,137,1,-1,-1,-1
93,16,1927,667,122,76,1,-1,-1,-1
93,17,417,654,229,172,1,-1,-1,-1
93,18,1933,653,301,125,1,-1,-1,-1
93,19,1655,653,210,130,1,-1,-1,-1
94,1,2496,575,64,148,1,-1,-1,-1
94,4,1176,644,259,153,1,-1,-1,-1
94,10,739,657,176,167,1,-1,-1,-1
94,14,2,656,148,136,1,-1,-1,-1
94,15,631,647,220,144,1,-1,-1,-1
94,16,1955,663,128,80,1,-1,-1,-1
94,17,403,653,229,172,1,-1,-1,-1
94,18,1964,648,301,125,1,-1,-1,-1
94,19,1688,645,220,137,1,-1,-1,-1
95,1,2496,504,64,148,1,-1,-1,-1
95,4,1177,642,259,153,1,-1,-1,-1
95,10,723,649,185,175,1,-1,-1,-1
95,14,0,660,136,136,1,-1,-1,-1
95,15,620,644,231,151,1,-1,-1,-1
95,16,1972,658,134,84,1,-1,-1,-1
95,17,395,646,241,181,1,-1,-1,-1
95,18,1987,647,301,125,1,-1,-1,-1
95,19,1708,642,220,137,1,-1,-1,-1
96,10,716,648,185,175,1,-1,-1,-1
96,16,1995,653,141,88,1,-1,-1,-1
96,18,2005,640,316,131,1,-1,-1,-1
96,19,1726,627,232,144,1,-1,-1,-1
97,10,716,648,185,175,1,-1,-1,-1
97,16,1995,653,141,88,1,-1,-1,-1
97,18,2020,624,316,160,1,-1,-1,-1
97,19,1736,620,260,176,1,-1,-1,-1
97,20,428,628,220,180,1,-1,-1,-1
97,21,1124,632,336,132,1,-1,-1,-1
97,22,776,596,224,224,1,-1,-1,-1
97,23,8,668,188,140,1,-1,-1,-1
97,24,216,640,228,152,1,-1,-1,-1
98,10,688,643,194,184,1,-1,-1,-1
98,16,2052,655,141,88,1,-1,-1,-1
98,18,2062,623,316,160,1,-1,-1,-1
98,19,1771,619,260,176,1,-1,-1,-1
98,20,411,627,220,180,1,-1,-1,-1
98,21,1129,629,336,132,1,-1,-1,-1
98,22,775,594,224,224,1,-1,-1,-1
98,23,0,664,170,147,1,-1,-1,-1
98,24,192,637,228,152,1,-1,-1,-1
99,10,679,644,194,184,1,-1,-1,-1
99,16,2075,650,148,93,1,-1,-1,-1
99,18,2084,617,332,168,1,-1,-1,-1
99,19,1796,619,260,176,1,-1,-1,-1
99,20,401,626,220,180,1,-1,-1,-1
99,21,1135,628,336,132,1,-1,-1,-1
99,22,768,593,224,224,1,-1,-1,-1
99,23,0,665,148,147,1,-1,-1,-1
99,24,172,637,228,152,1,-1,-1,-1
100,10,664,639,204,193,1,-1,-1,-1
100,16,2099,649,148,93,1,-1,-1,-1
100,18,2115,615,332,168,1,-1,-1,-1
100,19,1827,623,248,168,1,-1,-1,-1
100,20,393,626,220,180,1,-1,-1,-1
100,21,1151,628,336,132,1,-1,-1,-1
100,22,763,594,224,224,1,-1,-1,-1
100,23,0,663,130,147,1,-1,-1,-1
100,24,152,634,239,160,1,-1,-1,-1
101,10,646,630,214,203,1,-1,-1,-1
101,16,2123,646,148,93,1,-1,-1,-1
101,18,2142,614,332,168,1,-1,-1,-1
101,19,1845,619,260,176,1,-1,-1,-1
101,20,382,625,220,180,1,-1,-1,-1
101,21,1142,627,353,139,1,-1,-1,-1
101,22,753,592,224,224,1,-1,-1,-1
101,23,0,662,108,147,1,-1,-1,-1
101,24,136,633,239,160,1,-1,-1,-1
102,10,625,625,225,213,1,-1,-1,-1
102,16,2171,646,148,93,1,-1,-1,-1
102,18,2200,612,332,168,1,-1,-1,-1
102,19,1896,622,260,176,1,-1,-1,-1
102,20,353,618,231,189,1,-1,-1,-1
102,21,1169,629,336,132,1,-1,-1,-1
102,22,742,589,224,224,1,-1,-1,-1
102,23,0,659,66,147,1,-1,-1,-1
102,24,98,628,251,168,1,-1,-1,-1
103,10,613,624,225,213,1,-1,-1,-1
103,16,2197,645,148,93,1,-1,-1,-1
103,18,2216,602,344,176,1,-1,-1,-1
103,19,1923,623,260,176,1,-1,-1,-1
103,20,338,613,243,198,1,-1,-1,-1
103,21,1174,627,336,132,1,-1,-1,-1
103,22,739,589,224,224,1,-1,-1,-1
103,23,0,658,51,147,1,-1,-1,-1
103,24,81,626,264,176,1,-1,-1,-1
104,10,614,623,225,213,1,-1,-1,-1
104,16,2202,648,148,93,1,-1,-1,-1
104,18,2209,598,351,185,1,-1,-1,-1
104,19,1940,624,260,176,1,-1,-1,-1
104,20,338,614,243,198,1,-1,-1,-1
104,21,1164,626,353,139,1,-1,-1,-1
104,22,732,583,235,235,1,-1,-1,-1
104,23,0,654,51,147,1,-1,-1,-1
104,24,87,632,251,168,1,-1,-1,-1
105,10,624,612,164,200,1,-1,-1,-1
105,16,2202,648,148,93,1,-1,-1,-1
105,18,2204,592,352,208,1,-1,-1,-1
105,19,1924,612,292,180,1,-1,-1,-1
105,20,336,608,260,216,1,-1,-1,-1
105,21,1224,636,324,168,1,-1,-1,-1
105,22,740,588,280,220,1,-1,-1,-1
105,23,0,654,51,147,1,-1,-1,-1
105,24,104,624,240,176,1,-1,-1,-1
105,25,1076,620,148,176,1,-1,-1,-1
106,10,628,611,164,200,1,-1,-1,-1
106,16,2216,644,148,93,1,-1,-1,-1
106,18,2208,591,352,208,1,-1,-1,-1
106,19,1924,610,307,189,1,-1,-1,-1
106,20,342,608,260,216,1,-1,-1,-1
106,21,1221,631,340,176,1,-1,-1,-1
106,22,743,588,280,220,1,-1,-1,-1
106,23,0,650,57,147,1,-1,-1,-1
106,24,109,626,240,176,1,-1,-1,-1
106,25,1080,621,148,176,1,-1,-1,-1
107,10,632,610,164,200,1,-1,-1,-1
107,16,2222,644,148,93,1,-1,-1,-1
107,18,2209,592,351,208,1,-1,-1,-1
107,19,1937,618,292,180,1,-1,-1,-1
107,20,346,607,260,216,1,-1,-1,-1
107,21,1235,632,324,168,1,-1,-1,-1
107,22,746,586,280,220,1,-1,-1,-1
107,23,0,645,66,154,1,-1,-1,-1
107,24,117,629,229,168,1,-1,-1,-1
107,25,1084,620,148,176,1,-1,-1,-1
108,10,632,611,164,200,1,-1,-1,-1
108,16,2227,637,156,97,1,-1,-1,-1
108,18,2216,589,344,208,1,-1,-1,-1
108,19,1933,617,292,180,1,-1,-1,-1
108,20,349,605,260,216,1,-1,-1,-1
108,21,1230,625,340,176,1,-1,-1,-1
108,22,748,586,280,220,1,-1,-1,-1
108,24,121,628,229,168,1,-1,-1,-1
108,25,1086,621,148,176,1,-1,-1,-1
109,10,633,611,164,200,1,-1,-1,-1
109,16,2233,637,156,97,1,-1,-1,-1
109,18,2215,589,345,208,1,-1,-1,-1
109,19,1936,617,292,180,1,-1,-1,-1
109,20,354,605,260,216,1,-1,-1,-1
109,21,1233,626,340,176,1,-1,-1,-1
109,22,750,585,280,220,1,-1,-1,-1
109,24,126,629,229,168,1,-1,-1,-1
109,25,1089,621,148,176,1,-1,-1,-1
110,10,636,610,164,200,1,-1,-1,-1
110,16,2247,634,156,97,1,-1,-1,-1
110,18,2209,580,351,218,1,-1,-1,-1
110,19,1943,621,278,171,1,-1,-1,-1
110,20,363,604,260,216,1,-1,-1,-1
110,21,1237,626,340,176,1,-1,-1,-1
110,22,766,589,267,210,1,-1,-1,-1
110,24,135,628,229,168,1,-1,-1,-1
110,25,1095,622,148,176,1,-1,-1,-1
111,10,639,610,164,200,1,-1,-1,-1
111,16,2252,634,156,97,1,-1,-1,-1
111,18,2217,577,343,218,1,-1,-1,-1
111,19,1934,618,292,180,1,-1,-1,-1
111,20,370,602,260,216,1,-1,-1,-1
111,21,1252,628,324,168,1,-1,-1,-1
111,22,770,589,267,210,1,-1,-1,-1
111,24,140,627,229,168,1,-1,-1,-1
111,25,1097,624,148,176,1,-1,-1,-1
112,10,640,610,164,200,1,-1,-1,-1
112,16,2261,634,156,97,1,-1,-1,-1
112,18,2229,583,331,208,1,-1,-1,-1
112,19,1940,615,292,180,1,-1,-1,-1
112,20,366,597,273,227,1,-1,-1,-1
112,21,1244,623,340,176,1,-1,-1,-1
112,22,772,587,267,210,1,-1,-1,-1
112,24,146,627,229,168,1,-1,-1,-1
112,25,1102,627,141,168,1,-1,-1,-1
113,10,648,596,156,216,1,-1,-1,-1
113,16,2261,634,156,97,1,-1,-1,-1
113,18,2248,568,308,216,1,-1,-1,-1
113,19,1940,615,292,180,1,-1,-1,-1
113,20,388,584,276,232,1,-1,-1,-1
113,21,1248,624,340,172,1,-1,-1,-1
113,22,792,584,288,228,1,-1,-1,-1
113,24,168,644,220,176,1,-1,-1,-1
113,25,1102,627,141,168,1,-1,-1,-1
113,26,0,640,104,180,1,-1,-1,-1
113,27,1860,824,136,228,1,-1,-1,-1
114,10,651,595,156,216,1,-1,-1,-1
114,16,2289,637,156,97,1,-1,-1,-1
114,18,2261,571,299,216,1,-1,-1,-1
114,19,1939,612,292,180,1,-1,-1,-1
114,20,397,589,263,221,1,-1,-1,-1
114,21,1251,622,340,172,1,-1,-1,-1
114,22,793,582,288,228,1,-1,-1,-1
114,24,174,644,220,176,1,-1,-1,-1
114,25,1108,621,148,176,1,-1,-1,-1
114,26,2,640,104,180,1,-1,-1,-1
114,27,1861,825,136,228,1,-1,-1,-1
115,10,657,602,149,206,1,-1,-1,-1
115,16,2295,640,156,97,1,-1,-1,-1
115,18,2266,569,294,216,1,-1,-1,-1
115,19,1942,611,292,180,1,-1,-1,-1
115,20,396,583,276,232,1,-1,-1,-1
115,21,1252,621,340,172,1,-1,-1,-1
115,22,790,576,302,239,1,-1,-1,-1
115,24,176,643,220,176,1,-1,-1,-1
115,25,1111,620,148,176,1,-1,-1,-1
115,26,3,637,104,180,1,-1,-1,-1
115,27,1862,824,136,228,1,-1,-1,-1
116,10,656,598,156,216,1,-1,-1,-1
116,16,2302,643,156,97,1,-1,-1,-1
116,18,2270,569,290,216,1,-1,-1,-1
116,19,1948,611,292,180,1,-1,-1,-1
116,20,399,583,276,232,1,-1,-1,-1
116,21,1254,620,340,172,1,-1,-1,-1
116,22,790,578,302,239,1,-1,-1,-1
116,24,177,641,220,176,1,-1,-1,-1
116,25,1114,620,148,176,1,-1,-1,-1
116,26,5,636,104,180,1,-1,-1,-1
116,27,1862,825,136,228,1,-1,-1,-1
117,10,653,592,164,227,1,-1,-1,-1
117,16,2302,642,163,102,1,-1,-1,-1
117,18,2271,569,289,216,1,-1,-1,-1
117,20,401,581,276,232,1,-1,-1,-1
117,21,1261,618,340,172,1,-1,-1,-1
117,22,791,576,302,239,1,-1,-1,-1
117,24,179,641,220,176,1,-1,-1,-1
117,25,1114,619,148,176,1,-1,-1,-1
117,26,7,632,104,180,1,-1,-1,-1
117,27,1862,824,136,228,1,-1,-1,-1
118,10,653,591,164,227,1,-1,-1,-1
118,16,2310,637,172,107,1,-1,-1,-1
118,18,2283,569,277,216,1,-1,-1,-1
118,20,406,580,276,232,1,-1,-1,-1
118,21,1258,617,357,181,1,-1,-1,-1
118,22,798,576,302,239,1,-1,-1,-1
118,24,176,632,231,185,1,-1,-1,-1
118,25,1124,618,148,176,1,-1,-1,-1
118,26,11,628,104,180,1,-1,-1,-1
118,27,1863,824,136,228,1,-1,-1,-1
119,10,654,591,164,227,1,-1,-1,-1
119,16,2314,636,172,107,1,-1,-1,-1
119,18,2283,565,277,216,1,-1,-1,-1
119,20,409,580,276,232,1,-1,-1,-1
119,21,1257,619,357,181,1,-1,-1,-1
119,22,795,577,302,239,1,-1,-1,-1
119,24,177,635,231,185,1,-1,-1,-1
119,25,1130,619,148,176,1,-1,-1,-1
119,26,14,626,104,180,1,-1,-1,-1
119,27,1863,823,136,228,1,-1,-1,-1
120,10,654,589,164,227,1,-1,-1,-1
120,16,2319,634,172,107,1,-1,-1,-1
120,18,2287,566,273,216,1,-1,-1,-1
120,20,412,577,276,232,1,-1,-1,-1
120,21,1259,618,357,181,1,-1,-1,-1
120,22,790,576,302,239,1,-1,-1,-1
120,24,178,631,231,185,1,-1,-1,-1
120,25,1133,619,148,176,1,-1,-1,-1
120,26,16,620,109,189,1,-1,-1,-1
120,27,1863,822,136,228,1,-1,-1,-1
121,10,612,600,236,228,1,-1,-1,-1
121,16,2319,634,172,107,1,-1,-1,-1
121,18,2324,624,236,152,1,-1,-1,-1
121,20,456,540,236,272,1,-1,-1,-1
121,21,1268,604,368,192,1,-1,-1,-1
121,22,832,580,296,216,1,-1,-1,-1
121,24,228,600,164,208,1,-1,-1,-1
121,25,1133,619,148,176,1,-1,-1,-1
121,26,0,612,144,220,1,-1,-1,-1
121,27,1863,822,136,228,1,-1,-1,-1
121,28,2068,608,272,196,1,-1,-1,-1
122,10,616,599,236,228,1,-1,-1,-1
122,16,2335,629,172,107,1,-1,-1,-1
122,18,2333,621,227,152,1,-1,-1,-1
122,20,461,538,236,272,1,-1,-1,-1
122,21,1269,603,368,192,1,-1,-1,-1
122,22,835,582,296,216,1,-1,-1,-1
122,24,232,603,164,208,1,-1,-1,-1
122,25,1138,622,141,168,1,-1,-1,-1
122,26,5,611,144,220,1,-1,-1,-1
122,27,1865,821,136,228,1,-1,-1,-1
122,28,2077,606,272,196,1,-1,-1,-1
123,10,619,598,236,228,1,-1,-1,-1
123,16,2341,627,172,107,1,-1,-1,-1
123,18,2341,620,219,152,1,-1,-1,-1
123,20,464,539,236,272,1,-1,-1,-1
123,21,1264,600,386,202,1,-1,-1,-1
123,22,838,581,296,216,1,-1,-1,-1
123,24,236,606,164,208,1,-1,-1,-1
123,25,1148,618,141,168,1,-1,-1,-1
123,26,9,613,144,220,1,-1,-1,-1
123,27,1866,821,136,228,1,-1,-1,-1
123,28,2082,608,272,196,1,-1,-1,-1
124,10,619,596,236,228,1,-1,-1,-1
124,16,2348,625,172,107,1,-1,-1,-1
124,18,2347,619,213,152,1,-1,-1,-1
124,20,469,538,236,272,1,-1,-1,-1
124,21,1267,605,386,202,1,-1,-1,-1
124,22,840,580,296,216,1,-1,-1,-1
124,24,239,605,164,208,1,-1,-1,-1
124,25,1154,624,134,160,1,-1,-1,-1
124,26,13,612,144,220,1,-1,-1,-1
124,27,1866,820,136,228,1,-1,-1,-1
124,28,2082,603,286,206,1,-1,-1,-1
125,10,622,596,236,228,1,-1,-1,-1
125,16,2355,625,172,107,1,-1,-1,-1
125,18,2353,616,207,152,1,-1,-1,-1
125,20,471,537,236,272,1,-1,-1,-1
125,21,1278,612,368,192,1,-1,-1,-1
125,22,841,580,296,216,1,-1,-1,-1
125,24,240,603,164,208,1,-1,-1,-1
125,25,1154,625,134,160,1,-1,-1,-1
125,26,15,611,144,220,1,-1,-1,-1
125,27,1867,820,136,228,1,-1,-1,-1
125,28,2086,603,286,206,1,-1,-1,-1
126,10,637,602,225,217,1,-1,-1,-1
126,16,2371,621,172,107,1,-1,-1,-1
126,18,2370,612,190,152,1,-1,-1,-1
126,20,480,538,236,272,1,-1,-1,-1
126,21,1285,614,368,192,1,-1,-1,-1
126,22,845,579,296,216,1,-1,-1,-1
126,24,245,603,164,208,1,-1,-1,-1
126,25,1157,622,141,168,1,-1,-1,-1
126,26,20,611,144,220,1,-1,-1,-1
126,27,1868,820,136,228,1,-1,-1,-1
126,28,2103,600,286,206,1,-1,-1,-1
127,10,638,605,225,217,1,-1,-1,-1
127,16,2379,619,172,107,1,-1,-1,-1
127,18,2377,610,183,152,1,-1,-1,-1
127,20,485,539,236,272,1,-1,-1,-1
127,21,1292,619,368,192,1,-1,-1,-1
127,22,848,580,296,216,1,-1,-1,-1
127,24,248,603,164,208,1,-1,-1,-1
127,25,1159,628,141,168,1,-1,-1,-1
127,26,21,614,144,220,1,-1,-1,-1
127,27,1868,820,136,228,1,-1,-1,-1
127,28,2109,602,286,206,1,-1,-1,-1
128,10,639,604,225,217,1,-1,-1,-1
128,16,2388,620,172,107,1,-1,-1,-1
128,18,2384,607,176,152,1,-1,-1,-1
128,20,486,540,236,272,1,-1,-1,-1
128,21,1312,625,350,183,1,-1,-1,-1
128,22,854,579,296,216,1,-1,-1,-1
128,24,250,604,164,208,1,-1,-1,-1
128,26,22,614,144,220,1,-1,-1,-1
128,27,1869,819,136,228,1,-1,-1,-1
128,28,2112,602,286,206,1,-1,-1,-1
129,10,660,564,228,240,1,-1,-1,-1
129,16,2388,620,172,107,1,-1,-1,-1
129,18,2396,612,164,164,1,-1,-1,-1
129,20,516,564,196,244,1,-1,-1,-1
129,21,1332,620,372,176,1,-1,-1,-1
129,22,840,576,320,216,1,-1,-1,-1
129,24,264,624,148,184,1,-1,-1,-1
129,26,0,620,204,216,1,-1,-1,-1
129,27,1840,816,168,228,1,-1,-1,-1
129,28,2124,628,284,160,1,-1,-1,-1
130,10,667,562,228,240,1,-1,-1,-1
130,16,2411,621,149,107,1,-1,-1,-1
130,18,2409,610,151,164,1,-1,-1,-1
130,20,520,563,196,244,1,-1,-1,-1
130,21,1346,621,372,176,1,-1,-1,-1
130,22,847,576,320,216,1,-1,-1,-1
130,24,269,625,148,184,1,-1,-1,-1
130,26,4,619,204,216,1,-1,-1,-1
130,27,1841,816,168,228,1,-1,-1,-1
130,28,2125,622,298,168,1,-1,-1,-1
131,10,670,563,228,240,1,-1,-1,-1
131,16,2418,617,142,113,1,-1,-1,-1
131,18,2417,610,143,164,1,-1,-1,-1
131,20,529,568,187,232,1,-1,-1,-1
131,21,1351,620,372,176,1,-1,-1,-1
131,22,851,577,320,216,1,-1,-1,-1
131,24,277,629,141,175,1,-1,-1,-1
131,26,5,619,204,216,1,-1,-1,-1
131,27,1842,816,168,228,1,-1,-1,-1
131,28,2133,620,298,168,1,-1,-1,-1
132,10,671,564,228,240,1,-1,-1,-1
132,16,2426,619,134,113,1,-1,-1,-1
132,18,2427,607,133,164,1,-1,-1,-1
132,20,536,567,187,232,1,-1,-1,-1
132,21,1348,612,391,185,1,-1,-1,-1
132,22,852,578,320,216,1,-1,-1,-1
132,24,279,628,141,175,1,-1,-1,-1
132,26,7,619,204,216,1,-1,-1,-1
132,27,1843,816,168,228,1,-1,-1,-1
132,28,2137,618,298,168,1,-1,-1,-1
133,10,662,559,239,252,1,-1,-1,-1
133,16,2431,620,129,113,1,-1,-1,-1
133,18,2436,604,124,164,1,-1,-1,-1
133,20,533,569,187,232,1,-1,-1,-1
133,21,1352,608,391,185,1,-1,-1,-1
133,22,852,580,320,216,1,-1,-1,-1
133,24,282,628,141,175,1,-1,-1,-1
133,26,8,620,204,216,1,-1,-1,-1
133,27,1843,816,168,228,1,-1,-1,-1
133,28,2140,616,298,168,1,-1,-1,-1
134,10,660,558,239,252,1,-1,-1,-1
134,16,2442,617,118,113,1,-1,-1,-1
134,18,2447,603,113,164,1,-1,-1,-1
134,20,528,563,196,244,1,-1,-1,-1
134,21,1364,605,391,185,1,-1,-1,-1
134,22,852,581,320,216,1,-1,-1,-1
134,24,283,625,148,184,1,-1,-1,-1
134,26,11,619,204,216,1,-1,-1,-1
134,27,1842,814,168,228,1,-1,-1,-1
134,28,2156,617,284,160,1,-1,-1,-1
135,10,660,557,239,252,1,-1,-1,-1
135,16,2447,621,113,113,1,-1,-1,-1
135,18,2454,605,106,164,1,-1,-1,-1
135,20,531,558,196,244,1,-1,-1,-1
135,21,1378,608,372,176,1,-1,-1,-1
135,22,843,577,336,227,1,-1,-1,-1
135,24,288,624,148,184,1,-1,-1,-1
135,26,13,620,204,216,1,-1,-1,-1
135,27,1843,815,168,228,1,-1,-1,-1
135,28,2152,611,298,168,1,-1,-1,-1
136,10,658,557,239,252,1,-1,-1,-1
136,16,2455,622,105,113,1,-1,-1,-1
136,18,2461,603,99,164,1,-1,-1,-1
136,20,535,557,196,244,1,-1,-1,-1
136,21,1392,609,372,176,1,-1,-1,-1
136,22,848,577,336,227,1,-1,-1,-1
136,24,287,620,155,193,1,-1,-1,-1
136,26,17,620,204,216,1,-1,-1,-1
136,27,1843,815,168,228,1,-1,-1,-1
136,28,2155,609,298,168,1,-1,-1,-1
137,10,672,560,300,248,1,-1,-1,-1
137,16,2455,622,105,113,1,-1,-1,-1
137,18,2472,604,88,164,1,-1,-1,-1
137,20,556,600,200,208,1,-1,-1,-1
137,21,1408,600,384,184,1,-1,-1,-1
137,22,880,576,300,232,1,-1,-1,-1
137,24,296,616,168,172,1,-1,-1,-1
137,26,0,628,244,212,1,-1,-1,-1
137,27,1868,808,140,232,1,-1,-1,-1
137,28,2152,608,324,176,1,-1,-1,-1
138,10,672,559,300,248,1,-1,-1,-1
138,16,2360,604,180,113,1,-1,-1,-1
138,18,2488,603,72,164,1,-1,-1,-1
138,20,561,601,200,208,1,-1,-1,-1
138,21,1416,597,384,184,1,-1,-1,-1
138,22,883,577,300,232,1,-1,-1,-1
138,24,302,616,168,172,1,-1,-1,-1
138,26,4,629,244,212,1,-1,-1,-1
138,27,1867,808,140,232,1,-1,-1,-1
138,28,2159,609,324,176,1,-1,-1,-1
139,10,677,563,300,248,1,-1,-1,-1
139,16,2358,596,180,113,1,-1,-1,-1
139,18,2493,605,67,164,1,-1,-1,-1
139,20,563,602,200,208,1,-1,-1,-1
139,21,1420,596,384,184,1,-1,-1,-1
139,22,885,579,300,232,1,-1,-1,-1
139,24,305,615,168,172,1,-1,-1,-1
139,26,9,629,244,212,1,-1,-1,-1
139,27,1866,809,140,232,1,-1,-1,-1
139,28,2164,608,324,176,1,-1,-1,-1
140,10,665,557,315,260,1,-1,-1,-1
140,18,2503,599,57,172,1,-1,-1,-1
140,20,565,602,200,208,1,-1,-1,-1
140,21,1425,594,384,184,1,-1,-1,-1
140,22,886,581,300,232,1,-1,-1,-1
140,24,304,610,176,181,1,-1,-1,-1
140,26,11,629,244,212,1,-1,-1,-1
140,27,1865,809,140,232,1,-1,-1,-1
140,28,2170,608,324,176,1,-1,-1,-1
141,10,671,557,315,260,1,-1,-1,-1
141,18,2508,598,52,172,1,-1,-1,-1
141,20,566,603,200,208,1,-1,-1,-1
141,21,1415,589,403,193,1,-1,-1,-1
141,22,884,582,300,232,1,-1,-1,-1
141,24,309,608,176,181,1,-1,-1,-1
141,26,12,628,244,212,1,-1,-1,-1
141,27,1865,809,140,232,1,-1,-1,-1
141,28,2171,608,324,176,1,-1,-1,-1
142,10,674,566,300,248,1,-1,-1,-1
142,18,2520,597,40,181,1,-1,-1,-1
142,20,570,602,200,208,1,-1,-1,-1
142,21,1416,588,403,193,1,-1,-1,-1
142,22,880,579,300,232,1,-1,-1,-1
142,24,314,609,176,181,1,-1,-1,-1
142,26,18,628,244,212,1,-1,-1,-1
142,27,1864,807,140,232,1,-1,-1,-1
142,28,2173,604,340,185,1,-1,-1,-1
143,10,671,555,315,260,1,-1,-1,-1
143,18,2523,588,37,181,1,-1,-1,-1
143,20,571,601,200,208,1,-1,-1,-1
143,21,1415,587,403,193,1,-1,-1,-1
143,22,882,579,300,232,1,-1,-1,-1
143,24,318,610,176,181,1,-1,-1,-1
143,26,17,629,244,212,1,-1,-1,-1
143,27,1862,806,140,232,1,-1,-1,-1
143,28,2178,603,340,185,1,-1,-1,-1
144,10,670,556,315,260,1,-1,-1,-1
144,18,2526,591,34,172,1,-1,-1,-1
144,20,572,601,200,208,1,-1,-1,-1
144,21,1418,587,403,193,1,-1,-1,-1
144,22,884,579,300,232,1,-1,-1,-1
144,24,319,605,185,190,1,-1,-1,-1
144,26,8,622,256,223,1,-1,-1,-1
144,27,1860,807,140,232,1,-1,-1,-1
144,28,2172,598,357,194,1,-1,-1,-1
145,10,720,528,288,292,1,-1,-1,-1
145,18,2526,591,34,172,1,-1,-1,-1
145,20,576,556,196,260,1,-1,-1,-1
145,21,1464,592,360,200,1,-1,-1,-1
145,22,908,596,292,212,1,-1,-1,-1
145,24,312,604,220,212,1,-1,-1,-1
145,26,48,604,244,216,1,-1,-1,-1
145,27,1848,812,156,220,1,-1,-1,-1
145,28,2180,608,368,184,1,-1,-1,-1
146,10,722,529,288,292,1,-1,-1,-1
146,18,2527,587,33,172,1,-1,-1,-1
146,20,582,560,187,248,1,-1,-1,-1
146,21,1467,592,360,200,1,-1,-1,-1
146,22,911,595,292,212,1,-1,-1,-1
146,24,317,603,220,212,1,-1,-1,-1
146,26,54,607,244,216,1,-1,-1,-1
146,27,1848,811,156,220,1,-1,-1,-1
146,28,2182,609,368,184,1,-1,-1,-1
147,10,726,528,288,292,1,-1,-1,-1
147,18,2536,590,24,172,1,-1,-1,-1
147,20,585,559,187,248,1,-1,-1,-1
147,21,1460,588,378,210,1,-1,-1,-1
147,22,914,595,292,212,1,-1,-1,-1
147,24,322,603,220,212,1,-1,-1,-1
147,26,62,609,244,216,1,-1,-1,-1
147,27,1849,810,156,220,1,-1,-1,-1
147,28,2187,609,368,184,1,-1,-1,-1
