1,0,1628,412,280,232,1,-1,-1,-1
1,1,1000,588,264,224,1,-1,-1,-1
1,2,1984,452,232,236,1,-1,-1,-1
2,0,1628,413,280,232,1,-1,-1,-1
2,1,999,588,264,224,1,-1,-1,-1
2,2,1983,453,232,236,1,-1,-1,-1
3,0,1637,418,267,221,1,-1,-1,-1
3,1,1001,590,264,224,1,-1,-1,-1
3,2,1983,454,232,236,1,-1,-1,-1
4,0,1638,417,267,221,1,-1,-1,-1
4,1,1003,589,264,224,1,-1,-1,-1
4,2,1982,457,232,236,1,-1,-1,-1
5,0,1638,417,267,221,1,-1,-1,-1
5,1,1003,589,264,224,1,-1,-1,-1
5,2,1983,457,232,236,1,-1,-1,-1
6,0,1638,417,267,221,1,-1,-1,-1
6,1,1004,590,264,224,1,-1,-1,-1
6,2,1980,462,232,236,1,-1,-1,-1
7,0,1638,418,267,221,1,-1,-1,-1
7,1,1005,590,264,224,1,-1,-1,-1
7,2,1984,468,221,225,1,-1,-1,-1
8,0,1638,417,267,221,1,-1,-1,-1
8,1,1005,590,264,224,1,-1,-1,-1
8,2,1982,471,221,225,1,-1,-1,-1
9,0,1644,396,260,248,1,-1,-1,-1
9,1,1008,592,260,228,1,-1,-1,-1
9,2,1982,471,221,225,1,-1,-1,-1
9,3,1104,628,248,244,1,-1,-1,-1
9,4,1792,444,188,236,1,-1,-1,-1
9,5,2408,304,152,296,1,-1,-1,-1
9,6,1256,680,192,192,1,-1,-1,-1
10,0,1644,396,260,248,1,-1,-1,-1
10,1,1008,592,260,228,1,-1,-1,-1
10,2,1981,476,210,214,1,-1,-1,-1
10,3,1104,628,248,244,1,-1,-1,-1
10,4,1792,444,188,236,1,-1,-1,-1
10,5,2408,304,152,296,1,-1,-1,-1
10,6,1256,681,192,192,1,-1,-1,-1
11,0,1644,398,260,248,1,-1,-1,-1
11,1,1009,592,260,228,1,-1,-1,-1
11,2,1977,481,210,214,1,-1,-1,-1
11,3,1104,629,248,244,1,-1,-1,-1
11,4,1791,445,188,236,1,-1,-1,-1
11,5,2401,306,152,296,1,-1,-1,-1
11,6,1255,681,192,192,1,-1,-1,-1
12,0,1643,397,260,248,1,-1,-1,-1
12,1,1008,591,260,228,1,-1,-1,-1
12,2,1976,478,210,214,1,-1,-1,-1
12,3,1101,628,248,244,1,-1,-1,-1
12,4,1791,444,188,236,1,-1,-1,-1
12,5,2389,304,152,296,1,-1,-1,-1
12,6,1251,680,192,192,1,-1,-1,-1
13,0,1642,398,260,248,1,-1,-1,-1
13,1,1012,598,248,217,1,-1,-1,-1
13,2,1970,471,221,225,1,-1,-1,-1
13,3,1098,628,248,244,1,-1,-1,-1
13,4,1789,445,188,236,1,-1,-1,-1
13,5,2380,305,152,296,1,-1,-1,-1
13,6,1250,685,183,183,1,-1,-1,-1
14,0,1646,403,248,236,1,-1,-1,-1
14,1,1003,591,260,228,1,-1,-1,-1
14,2,1965,469,221,225,1,-1,-1,-1
14,3,1096,627,248,244,1,-1,-1,-1
14,4,1786,446,188,236,1,-1,-1,-1
14,5,2366,311,152,296,1,-1,-1,-1
14,6,1246,684,183,183,1,-1,-1,-1
15,0,1645,403,248,236,1,-1,-1,-1
15,1,1003,591,260,228,1,-1,-1,-1
15,2,1965,470,221,225,1,-1,-1,-1
15,3,1095,627,248,244,1,-1,-1,-1
15,4,1785,445,188,236,1,-1,-1,-1
15,5,2363,312,152,296,1,-1,-1,-1
15,6,1246,685,183,183,1,-1,-1,-1
16,0,1644,402,248,236,1,-1,-1,-1
16,1,1004,590,260,228,1,-1,-1,-1
16,2,1959,471,221,225,1,-1,-1,-1
16,3,1095,627,248,244,1,-1,-1,-1
16,4,1785,446,188,236,1,-1,-1,-1
16,5,2350,314,152,296,1,-1,-1,-1
16,6,1246,684,183,183,1,-1,-1,-1
17,0,1652,392,228,248,1,-1,-1,-1
17,1,1000,596,260,220,1,-1,-1,-1
17,2,1959,471,221,225,1,-1,-1,-1
17,3,1096,624,244,244,1,-1,-1,-1
17,4,1780,444,188,260,1,-1,-1,-1
17,5,2332,368,228,240,1,-1,-1,-1
17,6,1224,680,216,196,1,-1,-1,-1
17,7,2040,324,212,224,1,-1,-1,-1
18,0,1651,393,228,248,1,-1,-1,-1
18,1,999,596,260,220,1,-1,-1,-1
18,2,1957,472,221,225,1,-1,-1,-1
18,3,1095,624,244,244,1,-1,-1,-1
18,4,1779,444,188,260,1,-1,-1,-1
18,5,2321,368,228,240,1,-1,-1,-1
18,6,1224,680,216,196,1,-1,-1,-1
18,7,2040,321,212,224,1,-1,-1,-1
19,0,1649,393,228,248,1,-1,-1,-1
19,1,998,596,260,220,1,-1,-1,-1
19,2,1957,470,221,225,1,-1,-1,-1
19,3,1092,624,244,244,1,-1,-1,-1
19,4,1779,445,188,260,1,-1,-1,-1
19,5,2307,370,228,240,1,-1,-1,-1
19,6,1222,680,216,196,1,-1,-1,-1
19,7,2043,318,212,224,1,-1,-1,-1
20,0,1649,392,228,248,1,-1,-1,-1
20,1,998,595,260,220,1,-1,-1,-1
20,3,1094,624,244,244,1,-1,-1,-1
20,4,1778,445,188,260,1,-1,-1,-1
20,5,2305,371,228,240,1,-1,-1,-1
20,6,1221,680,216,196,1,-1,-1,-1
20,7,2042,317,212,224,1,-1,-1,-1
21,0,1647,391,228,248,1,-1,-1,-1
21,1,996,595,260,220,1,-1,-1,-1
21,3,1091,624,244,244,1,-1,-1,-1
21,4,1775,445,188,260,1,-1,-1,-1
21,5,2299,369,228,240,1,-1,-1,-1
21,6,1219,680,216,196,1,-1,-1,-1
21,7,2037,310,223,235,1,-1,-1,-1
22,0,1644,392,228,248,1,-1,-1,-1
22,1,995,594,260,220,1,-1,-1,-1
22,3,1089,624,244,244,1,-1,-1,-1
22,4,1778,451,179,248,1,-1,-1,-1
22,5,2292,369,228,240,1,-1,-1,-1
22,6,1217,680,216,196,1,-1,-1,-1
22,7,2038,309,223,235,1,-1,-1,-1
23,0,1642,392,228,248,1,-1,-1,-1
23,1,993,592,260,220,1,-1,-1,-1
23,3,1087,623,244,244,1,-1,-1,-1
23,4,1774,450,179,248,1,-1,-1,-1
23,5,2286,368,228,240,1,-1,-1,-1
23,6,1215,680,216,196,1,-1,-1,-1
23,7,2038,308,223,235,1,-1,-1,-1
24,0,1640,392,228,248,1,-1,-1,-1
24,1,989,593,260,220,1,-1,-1,-1
24,3,1085,623,244,244,1,-1,-1,-1
24,4,1771,450,179,248,1,-1,-1,-1
24,5,2281,373,228,240,1,-1,-1,-1
24,6,1212,679,216,196,1,-1,-1,-1
24,7,2036,308,223,235,1,-1,-1,-1
25,0,1640,392,228,248,1,-1,-1,-1
25,1,989,593,260,220,1,-1,-1,-1
25,3,1085,623,244,244,1,-1,-1,-1
25,4,1771,450,179,248,1,-1,-1,-1
25,5,2281,373,228,240,1,-1,-1,-1
25,6,1212,679,216,196,1,-1,-1,-1
25,7,2036,308,223,235,1,-1,-1,-1
26,0,1637,392,228,248,1,-1,-1,-1
26,1,984,592,260,220,1,-1,-1,-1
26,3,1083,622,244,244,1,-1,-1,-1
26,4,1766,451,179,248,1,-1,-1,-1
26,5,2256,368,239,252,1,-1,-1,-1
26,6,1206,673,227,206,1,-1,-1,-1
26,7,2008,316,223,235,1,-1,-1,-1
27,0,1633,392,228,248,1,-1,-1,-1
27,1,983,592,260,220,1,-1,-1,-1
27,3,1079,622,244,244,1,-1,-1,-1
27,4,1765,449,179,248,1,-1,-1,-1
27,5,2231,372,239,252,1,-1,-1,-1
27,6,1202,672,227,206,1,-1,-1,-1
27,7,1988,318,223,235,1,-1,-1,-1
28,0,1631,392,228,248,1,-1,-1,-1
28,1,981,590,260,220,1,-1,-1,-1
28,3,1077,621,244,244,1,-1,-1,-1
28,4,1762,448,179,248,1,-1,-1,-1
28,5,2200,376,239,252,1,-1,-1,-1
28,6,1200,670,227,206,1,-1,-1,-1
28,7,1988,318,223,235,1,-1,-1,-1
29,0,1627,391,228,248,1,-1,-1,-1
29,1,980,587,260,220,1,-1,-1,-1
29,3,1076,616,244,244,1,-1,-1,-1
29,4,1761,449,179,248,1,-1,-1,-1
29,5,2185,382,228,240,1,-1,-1,-1
29,6,1198,668,227,206,1,-1,-1,-1
29,7,1985,321,223,235,1,-1,-1,-1
30,0,1627,391,228,248,1,-1,-1,-1
30,1,980,586,260,220,1,-1,-1,-1
30,3,1075,617,244,244,1,-1,-1,-1
30,4,1761,448,179,248,1,-1,-1,-1
30,5,2189,386,217,229,1,-1,-1,-1
30,6,1199,668,227,206,1,-1,-1,-1
30,7,1982,322,223,235,1,-1,-1,-1
31,0,1627,389,228,248,1,-1,-1,-1
31,1,978,582,260,220,1,-1,-1,-1
31,3,1076,614,244,244,1,-1,-1,-1
31,4,1763,448,179,248,1,-1,-1,-1
31,5,2172,382,217,229,1,-1,-1,-1
31,6,1198,666,227,206,1,-1,-1,-1
31,7,1981,323,223,235,1,-1,-1,-1
32,0,1629,384,228,248,1,-1,-1,-1
32,1,977,577,260,220,1,-1,-1,-1
32,3,1075,608,244,244,1,-1,-1,-1
32,4,1766,441,179,248,1,-1,-1,-1
32,5,2155,381,217,229,1,-1,-1,-1
32,6,1199,661,227,206,1,-1,-1,-1
32,7,1974,315,223,235,1,-1,-1,-1
33,0,1636,400,224,220,1,-1,-1,-1
33,1,977,577,260,220,1,-1,-1,-1
33,3,1072,600,256,236,1,-1,-1,-1
33,4,1766,441,179,248,1,-1,-1,-1
33,5,2155,381,217,229,1,-1,-1,-1
33,6,1199,661,227,206,1,-1,-1,-1
33,7,1974,315,223,235,1,-1,-1,-1
34,0,1635,396,224,220,1,-1,-1,-1
34,1,978,565,260,220,1,-1,-1,-1
34,3,1073,596,256,236,1,-1,-1,-1
34,4,1776,439,171,236,1,-1,-1,-1
34,5,2161,372,217,229,1,-1,-1,-1
34,6,1205,652,216,196,1,-1,-1,-1
35,0,1635,395,224,220,1,-1,-1,-1
35,1,980,564,260,220,1,-1,-1,-1
35,3,1073,595,256,236,1,-1,-1,-1
35,4,1776,436,171,236,1,-1,-1,-1
35,5,2156,370,217,229,1,-1,-1,-1
35,6,1205,651,216,196,1,-1,-1,-1
36,0,1631,390,224,220,1,-1,-1,-1
36,1,980,561,260,220,1,-1,-1,-1
36,3,1072,593,256,236,1,-1,-1,-1
36,4,1775,434,171,236,1,-1,-1,-1
36,5,2147,366,217,229,1,-1,-1,-1
36,6,1204,650,216,196,1,-1,-1,-1
37,0,1620,382,235,231,1,-1,-1,-1
37,1,979,556,260,220,1,-1,-1,-1
37,3,1072,588,256,236,1,-1,-1,-1
37,4,1775,433,171,236,1,-1,-1,-1
37,5,2134,360,217,229,1,-1,-1,-1
37,6,1202,646,216,196,1,-1,-1,-1
38,0,1610,379,235,231,1,-1,-1,-1
38,1,977,556,260,220,1,-1,-1,-1
38,3,1071,586,256,236,1,-1,-1,-1
38,4,1773,427,171,236,1,-1,-1,-1
38,5,2120,366,207,218,1,-1,-1,-1
38,6,1201,644,216,196,1,-1,-1,-1
39,0,1607,374,235,231,1,-1,-1,-1
39,1,975,554,260,220,1,-1,-1,-1
39,3,1069,585,256,236,1,-1,-1,-1
39,4,1768,406,171,236,1,-1,-1,-1
39,5,2094,370,207,218,1,-1,-1,-1
39,6,1193,638,227,206,1,-1,-1,-1
40,0,1610,379,224,220,1,-1,-1,-1
40,1,976,553,260,220,1,-1,-1,-1
40,3,1070,585,256,236,1,-1,-1,-1
40,4,1764,407,171,236,1,-1,-1,-1
40,5,2091,371,207,218,1,-1,-1,-1
40,6,1194,636,227,206,1,-1,-1,-1
41,0,1624,336,224,252,1,-1,-1,-1
41,1,976,553,260,220,1,-1,-1,-1
41,3,1064,576,248,248,1,-1,-1,-1
41,4,1764,407,171,236,1,-1,-1,-1
41,5,2091,371,207,218,1,-1,-1,-1
41,6,1194,636,227,206,1,-1,-1,-1
42,0,1620,335,224,252,1,-1,-1,-1
42,1,969,551,260,220,1,-1,-1,-1
42,3,1061,575,248,248,1,-1,-1,-1
42,4,1758,408,171,236,1,-1,-1,-1
42,5,2028,379,207,218,1,-1,-1,-1
42,6,1189,634,227,206,1,-1,-1,-1
43,0,1617,333,224,252,1,-1,-1,-1
43,1,968,549,260,220,1,-1,-1,-1
43,3,1058,574,248,248,1,-1,-1,-1
43,4,1756,409,162,225,1,-1,-1,-1
43,5,2005,378,207,218,1,-1,-1,-1
43,6,1186,634,227,206,1,-1,-1,-1
44,0,1611,335,224,252,1,-1,-1,-1
44,1,964,548,260,220,1,-1,-1,-1
44,3,1055,574,248,248,1,-1,-1,-1
44,4,1752,416,162,225,1,-1,-1,-1
44,5,1986,377,207,218,1,-1,-1,-1
44,6,1186,633,227,206,1,-1,-1,-1
45,0,1615,340,213,240,1,-1,-1,-1
45,1,965,549,260,220,1,-1,-1,-1
45,3,1055,574,248,248,1,-1,-1,-1
45,4,1743,418,171,236,1,-1,-1,-1
45,5,1985,376,207,218,1,-1,-1,-1
45,6,1186,633,227,206,1,-1,-1,-1
46,0,1612,339,213,240,1,-1,-1,-1
46,1,964,549,260,220,1,-1,-1,-1
46,3,1054,573,248,248,1,-1,-1,-1
46,5,1974,372,207,218,1,-1,-1,-1
46,6,1183,631,227,206,1,-1,-1,-1
47,0,1603,339,213,240,1,-1,-1,-1
47,1,963,549,260,220,1,-1,-1,-1
47,3,1051,575,248,248,1,-1,-1,-1
47,5,1969,372,207,218,1,-1,-1,-1
47,6,1182,632,227,206,1,-1,-1,-1
48,0,1594,337,224,252,1,-1,-1,-1
48,1,961,545,260,220,1,-1,-1,-1
48,3,1051,570,248,248,1,-1,-1,-1
48,5,1959,373,207,218,1,-1,-1,-1
48,6,1180,631,227,206,1,-1,-1,-1
49,0,1594,337,224,252,1,-1,-1,-1
49,1,961,545,260,220,1,-1,-1,-1
49,3,1051,570,248,248,1,-1,-1,-1
49,5,1959,373,207,218,1,-1,-1,-1
49,6,1180,631,227,206,1,-1,-1,-1
49,8,2196,176,240,204,1,-1,-1,-1
50,0,1602,336,224,252,1,-1,-1,-1
50,1,965,542,260,220,1,-1,-1,-1
50,3,1051,569,248,248,1,-1,-1,-1
50,5,1954,373,207,218,1,-1,-1,-1
50,6,1182,635,216,196,1,-1,-1,-1
50,8,2196,176,240,204,1,-1,-1,-1
51,0,1601,328,235,265,1,-1,-1,-1
51,1,966,536,260,220,1,-1,-1,-1
51,3,1054,569,248,248,1,-1,-1,-1
51,5,1950,377,207,218,1,-1,-1,-1
51,6,1182,632,216,196,1,-1,-1,-1
51,8,2201,176,240,204,1,-1,-1,-1
52,0,1613,332,224,252,1,-1,-1,-1
52,1,961,530,273,231,1,-1,-1,-1
52,3,1055,568,248,248,1,-1,-1,-1
52,5,1930,379,207,218,1,-1,-1,-1
52,6,1180,631,216,196,1,-1,-1,-1
52,8,2205,174,240,204,1,-1,-1,-1
53,0,1610,323,235,265,1,-1,-1,-1
53,1,961,530,273,231,1,-1,-1,-1
53,3,1056,565,248,248,1,-1,-1,-1
53,5,1906,380,207,218,1,-1,-1,-1
53,6,1181,629,216,196,1,-1,-1,-1
53,8,2208,172,240,204,1,-1,-1,-1
54,0,1621,326,224,252,1,-1,-1,-1
54,1,958,527,273,231,1,-1,-1,-1
54,3,1046,558,260,260,1,-1,-1,-1
54,5,1881,383,207,218,1,-1,-1,-1
54,6,1181,629,216,196,1,-1,-1,-1
54,8,2211,172,240,204,1,-1,-1,-1
55,0,1619,318,235,265,1,-1,-1,-1
55,1,962,531,260,220,1,-1,-1,-1
55,3,1045,555,260,260,1,-1,-1,-1
55,5,1874,379,217,229,1,-1,-1,-1
55,6,1185,634,206,187,1,-1,-1,-1
55,8,2212,171,240,204,1,-1,-1,-1
56,0,1630,315,235,265,1,-1,-1,-1
56,1,952,524,273,231,1,-1,-1,-1
56,3,1041,555,260,260,1,-1,-1,-1
56,5,1861,383,207,218,1,-1,-1,-1
56,6,1185,634,206,187,1,-1,-1,-1
56,8,2215,171,240,204,1,-1,-1,-1
57,0,1630,315,235,265,1,-1,-1,-1
57,1,952,524,273,231,1,-1,-1,-1
57,3,1041,555,260,260,1,-1,-1,-1
57,5,1861,383,207,218,1,-1,-1,-1
57,6,1185,634,206,187,1,-1,-1,-1
57,8,2216,176,236,204,1,-1,-1,-1
58,0,1628,315,224,252,1,-1,-1,-1
58,1,955,532,260,220,1,-1,-1,-1
58,3,1043,555,260,260,1,-1,-1,-1
58,5,1843,386,207,218,1,-1,-1,-1
58,6,1185,632,206,187,1,-1,-1,-1
58,8,2218,176,236,204,1,-1,-1,-1
59,0,1614,318,224,252,1,-1,-1,-1
59,1,951,528,273,231,1,-1,-1,-1
59,3,1045,554,260,260,1,-1,-1,-1
59,5,1838,384,207,218,1,-1,-1,-1
59,6,1185,630,206,187,1,-1,-1,-1
59,8,2220,175,236,204,1,-1,-1,-1
60,0,1616,310,224,252,1,-1,-1,-1
60,1,953,529,273,231,1,-1,-1,-1
60,3,1044,553,260,260,1,-1,-1,-1
60,5,1837,385,207,218,1,-1,-1,-1
60,6,1186,630,206,187,1,-1,-1,-1
60,8,2219,175,236,204,1,-1,-1,-1
61,1,952,526,273,231,1,-1,-1,-1
61,3,1050,550,260,260,1,-1,-1,-1
61,5,1833,385,207,218,1,-1,-1,-1
61,6,1185,628,206,187,1,-1,-1,-1
61,8,2230,178,225,194,1,-1,-1,-1
62,1,954,528,273,231,1,-1,-1,-1
62,3,1048,548,260,260,1,-1,-1,-1
62,5,1830,384,207,218,1,-1,-1,-1
62,6,1180,625,216,196,1,-1,-1,-1
62,8,2234,177,225,194,1,-1,-1,-1
63,1,951,524,273,231,1,-1,-1,-1
63,3,1048,549,260,260,1,-1,-1,-1
63,5,1823,384,207,218,1,-1,-1,-1
63,6,1178,624,216,196,1,-1,-1,-1
63,8,2236,176,225,194,1,-1,-1,-1
64,3,1045,550,260,260,1,-1,-1,-1
64,5,1814,382,217,229,1,-1,-1,-1
64,6,1178,623,216,196,1,-1,-1,-1
64,8,2241,175,225,194,1,-1,-1,-1
65,3,1045,550,260,260,1,-1,-1,-1
65,5,1748,432,220,280,1,-1,-1,-1
65,6,1178,623,216,196,1,-1,-1,-1
65,8,2241,175,225,194,1,-1,-1,-1
66,3,1046,548,260,260,1,-1,-1,-1
66,5,1747,431,220,280,1,-1,-1,-1
66,6,1179,622,216,196,1,-1,-1,-1
66,8,2250,175,225,194,1,-1,-1,-1
67,3,1040,540,273,273,1,-1,-1,-1
67,5,1746,429,220,280,1,-1,-1,-1
67,6,1178,622,216,196,1,-1,-1,-1
67,8,2256,173,225,194,1,-1,-1,-1
68,3,1038,541,273,273,1,-1,-1,-1
68,5,1744,430,220,280,1,-1,-1,-1
68,6,1177,623,216,196,1,-1,-1,-1
68,8,2265,179,214,185,1,-1,-1,-1
69,3,1038,542,273,273,1,-1,-1,-1
69,5,1744,431,220,280,1,-1,-1,-1
69,6,1180,621,216,196,1,-1,-1,-1
69,8,2270,180,214,185,1,-1,-1,-1
70,3,1035,539,273,273,1,-1,-1,-1
70,5,1744,431,220,280,1,-1,-1,-1
70,6,1179,622,216,196,1,-1,-1,-1
70,8,2270,180,214,185,1,-1,-1,-1
71,3,1038,542,273,273,1,-1,-1,-1
71,5,1742,432,220,280,1,-1,-1,-1
71,6,1178,621,216,196,1,-1,-1,-1
71,8,2273,179,214,185,1,-1,-1,-1
72,3,1036,538,273,273,1,-1,-1,-1
72,5,1739,431,220,280,1,-1,-1,-1
72,6,1178,620,216,196,1,-1,-1,-1
72,8,2279,180,214,185,1,-1,-1,-1
73,3,1036,538,273,273,1,-1,-1,-1
73,5,1739,431,220,280,1,-1,-1,-1
73,6,1178,620,216,196,1,-1,-1,-1
73,8,2280,168,236,196,1,-1,-1,-1
73,9,1820,208,244,200,1,-1,-1,-1
74,3,1039,536,273,273,1,-1,-1,-1
74,5,1739,429,220,280,1,-1,-1,-1
74,6,1178,618,216,196,1,-1,-1,-1
74,8,2282,168,236,196,1,-1,-1,-1
74,9,1838,205,244,200,1,-1,-1,-1
75,3,1040,535,273,273,1,-1,-1,-1
75,5,1742,428,220,280,1,-1,-1,-1
75,6,1178,618,216,196,1,-1,-1,-1
75,8,2283,168,236,196,1,-1,-1,-1
75,9,1841,205,244,200,1,-1,-1,-1
76,3,1040,533,273,273,1,-1,-1,-1
76,5,1738,416,231,294,1,-1,-1,-1
76,6,1179,617,216,196,1,-1,-1,-1
76,8,2287,169,236,196,1,-1,-1,-1
76,9,1862,200,244,200,1,-1,-1,-1
77,3,1047,542,260,260,1,-1,-1,-1
77,5,1740,414,231,294,1,-1,-1,-1
77,6,1180,617,216,196,1,-1,-1,-1
77,8,2289,169,236,196,1,-1,-1,-1
77,9,1890,199,232,190,1,-1,-1,-1
78,3,1046,543,260,260,1,-1,-1,-1
78,5,1740,417,231,294,1,-1,-1,-1
78,6,1180,616,216,196,1,-1,-1,-1
78,8,2294,170,236,196,1,-1,-1,-1
78,9,1921,198,221,181,1,-1,-1,-1
79,3,1045,541,260,260,1,-1,-1,-1
79,5,1739,415,231,294,1,-1,-1,-1
79,6,1179,615,216,196,1,-1,-1,-1
79,8,2297,170,236,196,1,-1,-1,-1
79,9,1940,179,232,190,1,-1,-1,-1
80,3,1046,541,260,260,1,-1,-1,-1
80,5,1739,413,231,294,1,-1,-1,-1
80,6,1179,615,216,196,1,-1,-1,-1
80,8,2291,165,248,206,1,-1,-1,-1
80,9,1938,178,232,190,1,-1,-1,-1
81,3,1116,556,208,256,1,-1,-1,-1
81,5,1704,376,336,204,1,-1,-1,-1
81,6,1179,615,216,196,1,-1,-1,-1
81,8,2320,152,216,208,1,-1,-1,-1
81,9,1920,152,276,252,1,-1,-1,-1
81,10,1360,208,184,320,1,-1,-1,-1
82,3,1115,556,208,256,1,-1,-1,-1
82,5,1704,376,336,204,1,-1,-1,-1
82,6,1178,615,216,196,1,-1,-1,-1
82,8,2325,153,216,208,1,-1,-1,-1
82,9,1927,150,276,252,1,-1,-1,-1
82,10,1361,205,184,320,1,-1,-1,-1
83,3,1115,556,208,256,1,-1,-1,-1
83,5,1703,377,336,204,1,-1,-1,-1
83,6,1177,613,216,196,1,-1,-1,-1
83,8,2329,152,216,208,1,-1,-1,-1
83,9,1938,148,276,252,1,-1,-1,-1
83,10,1363,201,184,320,1,-1,-1,-1
84,3,1115,556,208,256,1,-1,-1,-1
84,5,1702,376,336,204,1,-1,-1,-1
84,6,1177,612,216,196,1,-1,-1,-1
84,8,2334,152,216,208,1,-1,-1,-1
84,9,1966,151,263,240,1,-1,-1,-1
84,10,1370,199,184,320,1,-1,-1,-1
85,3,1114,556,208,256,1,-1,-1,-1
85,5,1702,376,336,204,1,-1,-1,-1
85,6,1178,612,216,196,1,-1,-1,-1
85,8,2336,153,216,208,1,-1,-1,-1
85,9,1964,150,263,240,1,-1,-1,-1
85,10,1366,187,193,336,1,-1,-1,-1
86,3,1115,555,208,256,1,-1,-1,-1
86,5,1700,377,336,204,1,-1,-1,-1
86,6,1176,613,216,196,1,-1,-1,-1
86,8,2339,151,216,208,1,-1,-1,-1
86,9,1978,143,263,240,1,-1,-1,-1
86,10,1370,185,193,336,1,-1,-1,-1
87,3,1113,555,208,256,1,-1,-1,-1
87,5,1696,379,336,204,1,-1,-1,-1
87,6,1175,613,216,196,1,-1,-1,-1
87,8,2342,152,216,208,1,-1,-1,-1
87,9,1983,137,276,252,1,-1,-1,-1
87,10,1378,180,193,336,1,-1,-1,-1
88,3,1111,556,208,256,1,-1,-1,-1
88,5,1698,377,336,204,1,-1,-1,-1
88,6,1174,613,216,196,1,-1,-1,-1
88,8,2348,151,212,208,1,-1,-1,-1
88,9,2004,123,276,252,1,-1,-1,-1
88,10,1390,182,184,320,1,-1,-1,-1
89,3,1048,556,264,256,1,-1,-1,-1
89,5,1698,377,336,204,1,-1,-1,-1
89,6,1174,613,216,196,1,-1,-1,-1
89,8,2356,152,200,208,1,-1,-1,-1
89,9,2032,128,256,248,1,-1,-1,-1
89,10,1416,216,212,276,1,-1,-1,-1
90,3,1048,556,264,256,1,-1,-1,-1
90,5,1695,376,336,204,1,-1,-1,-1
90,6,1173,612,216,196,1,-1,-1,-1
90,8,2356,152,200,208,1,-1,-1,-1
90,9,2032,128,256,248,1,-1,-1,-1
90,10,1416,216,212,276,1,-1,-1,-1
91,3,1048,556,264,256,1,-1,-1,-1
91,5,1693,378,336,204,1,-1,-1,-1
91,6,1173,611,216,196,1,-1,-1,-1
91,8,2361,153,199,208,1,-1,-1,-1
91,9,2036,127,256,248,1,-1,-1,-1
91,10,1419,215,212,276,1,-1,-1,-1
92,3,1048,555,264,256,1,-1,-1,-1
92,5,1691,376,336,204,1,-1,-1,-1
92,6,1172,611,216,196,1,-1,-1,-1
92,8,2365,152,195,208,1,-1,-1,-1
92,9,2048,125,256,248,1,-1,-1,-1
92,10,1425,213,212,276,1,-1,-1,-1
93,3,1046,555,264,256,1,-1,-1,-1
93,5,1689,377,336,204,1,-1,-1,-1
93,6,1172,610,216,196,1,-1,-1,-1
93,8,2370,149,190,208,1,-1,-1,-1
93,9,2059,123,256,248,1,-1,-1,-1
93,10,1429,213,212,276,1,-1,-1,-1
94,3,1042,550,277,269,1,-1,-1,-1
94,5,1691,376,336,204,1,-1,-1,-1
94,6,1173,611,216,196,1,-1,-1,-1
94,8,2368,143,192,218,1,-1,-1,-1
94,9,2063,115,269,260,1,-1,-1,-1
94,10,1434,212,212,276,1,-1,-1,-1
95,3,1043,550,277,269,1,-1,-1,-1
95,5,1690,374,336,204,1,-1,-1,-1
95,6,1174,610,216,196,1,-1,-1,-1
95,8,2373,149,187,208,1,-1,-1,-1
95,9,2068,112,269,260,1,-1,-1,-1
95,10,1434,211,212,276,1,-1,-1,-1
96,3,1041,549,277,269,1,-1,-1,-1
96,5,1689,374,336,204,1,-1,-1,-1
96,6,1174,609,216,196,1,-1,-1,-1
96,8,2376,148,184,208,1,-1,-1,-1
96,9,2077,109,269,260,1,-1,-1,-1
96,10,1439,207,212,276,1,-1,-1,-1
97,3,1040,560,404,272,1,-1,-1,-1
97,5,1689,374,336,204,1,-1,-1,-1
97,8,2420,176,140,184,1,-1,-1,-1
97,9,2100,108,256,276,1,-1,-1,-1
97,10,1452,184,236,300,1,-1,-1,-1
98,3,1041,559,404,272,1,-1,-1,-1
98,5,1685,373,336,204,1,-1,-1,-1
98,8,2423,177,137,184,1,-1,-1,-1
98,9,2105,107,256,276,1,-1,-1,-1
98,10,1455,184,236,300,1,-1,-1,-1
99,3,1042,559,404,272,1,-1,-1,-1
99,5,1696,376,320,194,1,-1,-1,-1
99,8,2426,177,134,184,1,-1,-1,-1
99,9,2111,105,256,276,1,-1,-1,-1
99,10,1459,180,236,300,1,-1,-1,-1
100,3,1041,558,404,272,1,-1,-1,-1
100,5,1698,375,320,194,1,-1,-1,-1
100,8,2427,177,133,184,1,-1,-1,-1
100,9,2112,104,256,276,1,-1,-1,-1
100,10,1460,181,236,300,1,-1,-1,-1
101,3,1041,559,404,272,1,-1,-1,-1
101,5,1707,381,305,185,1,-1,-1,-1
101,8,2430,177,130,184,1,-1,-1,-1
101,9,2117,103,256,276,1,-1,-1,-1
101,10,1462,179,236,300,1,-1,-1,-1
102,3,1041,559,404,272,1,-1,-1,-1
102,5,1701,381,305,185,1,-1,-1,-1
102,8,2432,178,128,184,1,-1,-1,-1
102,9,2121,102,256,276,1,-1,-1,-1
102,10,1464,178,236,300,1,-1,-1,-1
103,3,1040,559,404,272,1,-1,-1,-1
103,5,1696,383,305,185,1,-1,-1,-1
103,8,2434,179,126,184,1,-1,-1,-1
103,9,2126,103,256,276,1,-1,-1,-1
103,10,1460,170,248,315,1,-1,-1,-1
104,3,1039,562,404,272,1,-1,-1,-1
104,5,1707,386,290,176,1,-1,-1,-1
104,8,2437,179,123,184,1,-1,-1,-1
104,9,2130,104,256,276,1,-1,-1,-1
104,10,1459,170,248,315,1,-1,-1,-1
105,3,1032,556,416,276,1,-1,-1,-1
105,5,1707,386,290,176,1,-1,-1,-1
105,8,2444,184,116,176,1,-1,-1,-1
105,9,2152,92,220,260,1,-1,-1,-1
105,10,1468,164,248,316,1,-1,-1,-1
106,3,1032,556,416,276,1,-1,-1,-1
106,5,1697,382,305,185,1,-1,-1,-1
106,8,2445,184,115,176,1,-1,-1,-1
106,9,2156,91,220,260,1,-1,-1,-1
106,10,1467,162,248,316,1,-1,-1,-1
107,3,1031,556,416,276,1,-1,-1,-1
107,5,1696,380,305,185,1,-1,-1,-1
107,8,2449,184,111,176,1,-1,-1,-1
107,9,2161,91,220,260,1,-1,-1,-1
107,10,1467,161,248,316,1,-1,-1,-1
108,3,1032,556,416,276,1,-1,-1,-1
108,5,1698,383,290,176,1,-1,-1,-1
108,8,2450,179,110,185,1,-1,-1,-1
108,9,2166,90,220,260,1,-1,-1,-1
108,10,1466,161,248,316,1,-1,-1,-1
109,3,1031,555,416,276,1,-1,-1,-1
109,5,1694,379,305,185,1,-1,-1,-1
109,8,2454,183,106,176,1,-1,-1,-1
109,9,2170,90,220,260,1,-1,-1,-1
109,10,1469,159,248,316,1,-1,-1,-1
110,3,1031,552,416,276,1,-1,-1,-1
110,5,1689,379,305,185,1,-1,-1,-1
110,8,2454,183,106,176,1,-1,-1,-1
110,9,2172,89,220,260,1,-1,-1,-1
110,10,1470,160,248,316,1,-1,-1,-1
111,3,1035,555,416,276,1,-1,-1,-1
111,5,1693,382,290,176,1,-1,-1,-1
111,8,2453,184,107,176,1,-1,-1,-1
111,9,2177,87,220,260,1,-1,-1,-1
111,10,1469,160,248,316,1,-1,-1,-1
112,3,1038,554,416,276,1,-1,-1,-1
112,5,1700,378,290,176,1,-1,-1,-1
112,8,2454,182,106,176,1,-1,-1,-1
112,9,2180,86,220,260,1,-1,-1,-1
112,10,1471,158,248,316,1,-1,-1,-1
113,3,1038,554,416,276,1,-1,-1,-1
113,5,1700,378,290,176,1,-1,-1,-1
113,8,2454,182,106,176,1,-1,-1,-1
113,9,2180,86,220,260,1,-1,-1,-1
113,10,1471,158,248,316,1,-1,-1,-1
114,3,1036,553,416,276,1,-1,-1,-1
114,5,1692,375,305,185,1,-1,-1,-1
114,8,2460,182,100,176,1,-1,-1,-1
114,9,2195,84,220,260,1,-1,-1,-1
114,10,1470,159,248,316,1,-1,-1,-1
115,3,1037,551,416,276,1,-1,-1,-1
115,8,2462,182,98,176,1,-1,-1,-1
115,9,2197,84,220,260,1,-1,-1,-1
115,10,1471,158,248,316,1,-1,-1,-1
116,3,1027,546,437,290,1,-1,-1,-1
116,8,2463,179,97,185,1,-1,-1,-1
116,9,2202,82,220,260,1,-1,-1,-1
116,10,1477,164,236,301,1,-1,-1,-1
117,3,1024,546,437,290,1,-1,-1,-1
117,8,2466,179,94,185,1,-1,-1,-1
117,9,2205,81,220,260,1,-1,-1,-1
117,10,1477,165,236,301,1,-1,-1,-1
118,3,1036,552,416,276,1,-1,-1,-1
118,8,2469,177,91,185,1,-1,-1,-1
118,9,2208,80,220,260,1,-1,-1,-1
118,10,1478,161,236,301,1,-1,-1,-1
119,3,1051,559,396,263,1,-1,-1,-1
119,8,2474,178,86,185,1,-1,-1,-1
119,9,2212,80,220,260,1,-1,-1,-1
119,10,1480,164,236,301,1,-1,-1,-1
120,3,1051,557,396,263,1,-1,-1,-1
120,8,2474,178,86,185,1,-1,-1,-1
120,9,2214,79,220,260,1,-1,-1,-1
120,10,1480,162,236,301,1,-1,-1,-1
121,3,1140,572,308,240,1,-1,-1,-1
121,8,2476,172,84,180,1,-1,-1,-1
121,9,2214,79,220,260,1,-1,-1,-1
121,10,1480,162,236,301,1,-1,-1,-1
122,3,1140,573,308,240,1,-1,-1,-1
122,8,2477,171,83,180,1,-1,-1,-1
122,9,2227,78,220,260,1,-1,-1,-1
122,10,1487,169,225,287,1,-1,-1,-1
123,3,1142,572,308,240,1,-1,-1,-1
123,8,2479,171,81,180,1,-1,-1,-1
123,9,2239,83,210,248,1,-1,-1,-1
123,10,1489,169,225,287,1,-1,-1,-1
124,3,1150,579,293,229,1,-1,-1,-1
124,8,2481,172,79,180,1,-1,-1,-1
124,9,2245,82,210,248,1,-1,-1,-1
124,10,1490,169,225,287,1,-1,-1,-1
125,3,1152,585,279,218,1,-1,-1,-1
125,8,2481,172,79,180,1,-1,-1,-1
125,9,2246,83,210,248,1,-1,-1,-1
125,10,1490,168,225,287,1,-1,-1,-1
126,3,1151,588,279,218,1,-1,-1,-1
126,8,2482,171,78,180,1,-1,-1,-1
126,9,2252,83,210,248,1,-1,-1,-1
126,10,1490,166,225,287,1,-1,-1,-1
127,3,1157,588,279,218,1,-1,-1,-1
127,8,2483,172,77,180,1,-1,-1,-1
127,9,2256,85,210,248,1,-1,-1,-1
127,10,1490,166,225,287,1,-1,-1,-1
128,3,1161,584,279,218,1,-1,-1,-1
128,8,2484,171,76,180,1,-1,-1,-1
128,9,2261,86,210,248,1,-1,-1,-1
128,10,1493,166,225,287,1,-1,-1,-1
129,3,1204,544,216,256,1,-1,-1,-1
129,8,2484,164,76,184,1,-1,-1,-1
129,9,2268,92,192,244,1,-1,-1,-1
129,10,1484,140,248,316,1,-1,-1,-1
129,11,1600,400,308,220,1,-1,-1,-1
130,3,1204,544,216,256,1,-1,-1,-1
130,8,2484,164,76,184,1,-1,-1,-1
130,9,2268,92,192,244,1,-1,-1,-1
130,10,1484,140,248,316,1,-1,-1,-1
130,11,1600,400,308,220,1,-1,-1,-1
131,3,1210,539,216,256,1,-1,-1,-1
131,8,2484,164,76,184,1,-1,-1,-1
131,9,2270,92,192,244,1,-1,-1,-1
131,10,1485,140,248,316,1,-1,-1,-1
131,11,1601,401,308,220,1,-1,-1,-1
132,3,1214,538,216,256,1,-1,-1,-1
132,8,2484,164,76,184,1,-1,-1,-1
132,9,2271,93,192,244,1,-1,-1,-1
132,10,1483,139,248,316,1,-1,-1,-1
132,11,1601,402,308,220,1,-1,-1,-1
133,3,1220,537,216,256,1,-1,-1,-1
133,8,2483,164,76,184,1,-1,-1,-1
133,9,2273,93,192,244,1,-1,-1,-1
133,10,1481,139,248,316,1,-1,-1,-1
133,11,1602,402,308,220,1,-1,-1,-1
134,3,1234,536,216,256,1,-1,-1,-1
134,8,2483,164,76,184,1,-1,-1,-1
134,9,2275,94,192,244,1,-1,-1,-1
134,10,1479,140,248,316,1,-1,-1,-1
134,11,1600,402,308,220,1,-1,-1,-1
135,3,1236,537,216,256,1,-1,-1,-1
135,8,2483,164,76,184,1,-1,-1,-1
135,9,2274,93,192,244,1,-1,-1,-1
135,10,1479,139,248,316,1,-1,-1,-1
135,11,1600,401,308,220,1,-1,-1,-1
136,3,1260,532,216,256,1,-1,-1,-1
136,8,2482,164,76,184,1,-1,-1,-1
136,9,2276,92,192,244,1,-1,-1,-1
136,10,1477,139,248,316,1,-1,-1,-1
136,11,1599,402,308,220,1,-1,-1,-1
137,3,1280,540,244,244,1,-1,-1,-1
137,8,2482,164,76,184,1,-1,-1,-1
137,9,2276,92,192,244,1,-1,-1,-1
137,10,1480,148,232,308,1,-1,-1,-1
137,11,1599,402,308,220,1,-1,-1,-1
138,3,1285,540,244,244,1,-1,-1,-1
138,8,2482,164,76,184,1,-1,-1,-1
138,9,2288,94,192,244,1,-1,-1,-1
138,10,1480,149,232,308,1,-1,-1,-1
138,11,1601,403,308,220,1,-1,-1,-1
139,3,1291,542,244,244,1,-1,-1,-1
139,8,2481,163,76,184,1,-1,-1,-1
139,9,2291,92,192,244,1,-1,-1,-1
139,10,1481,149,232,308,1,-1,-1,-1
139,11,1602,401,308,220,1,-1,-1,-1
140,3,1293,544,244,244,1,-1,-1,-1
140,8,2481,163,76,184,1,-1,-1,-1
140,9,2291,93,192,244,1,-1,-1,-1
140,10,1480,148,232,308,1,-1,-1,-1
140,11,1602,400,308,220,1,-1,-1,-1
141,3,1298,544,244,244,1,-1,-1,-1
141,8,2481,163,76,184,1,-1,-1,-1
141,9,2293,94,192,244,1,-1,-1,-1
141,10,1480,149,232,308,1,-1,-1,-1
141,11,1604,400,308,220,1,-1,-1,-1
142,3,1304,552,232,232,1,-1,-1,-1
142,8,2481,163,76,184,1,-1,-1,-1
142,9,2301,95,192,244,1,-1,-1,-1
142,10,1479,148,232,308,1,-1,-1,-1
142,11,1603,397,308,220,1,-1,-1,-1
143,3,1306,560,221,221,1,-1,-1,-1
143,8,2482,162,76,184,1,-1,-1,-1
143,9,2304,93,192,244,1,-1,-1,-1
143,10,1479,149,232,308,1,-1,-1,-1
143,11,1610,402,293,210,1,-1,-1,-1
144,3,1309,568,211,211,1,-1,-1,-1
144,8,2481,162,76,184,1,-1,-1,-1
144,9,2316,91,192,244,1,-1,-1,-1
144,10,1480,150,232,308,1,-1,-1,-1
144,11,1614,405,293,210,1,-1,-1,-1
145,3,1309,568,211,211,1,-1,-1,-1
145,8,2481,162,76,184,1,-1,-1,-1
145,9,2296,80,260,260,1,-1,-1,-1
145,10,1480,140,236,316,1,-1,-1,-1
145,11,1616,392,268,232,1,-1,-1,-1
145,12,1940,372,200,220,1,-1,-1,-1
146,3,1310,559,221,221,1,-1,-1,-1
146,8,2482,162,76,184,1,-1,-1,-1
146,9,2299,79,260,260,1,-1,-1,-1
146,10,1480,140,236,316,1,-1,-1,-1
146,11,1618,391,268,232,1,-1,-1,-1
146,12,1946,372,200,220,1,-1,-1,-1
147,3,1316,546,232,232,1,-1,-1,-1
147,8,2483,162,76,184,1,-1,-1,-1
147,9,2302,78,258,260,1,-1,-1,-1
147,10,1480,140,236,316,1,-1,-1,-1
147,11,1620,391,268,232,1,-1,-1,-1
147,12,1953,373,200,220,1,-1,-1,-1
148,3,1318,554,232,232,1,-1,-1,-1
148,8,2485,166,72,175,1,-1,-1,-1
148,9,2306,78,254,260,1,-1,-1,-1
148,10,1483,140,236,316,1,-1,-1,-1
148,11,1624,392,268,232,1,-1,-1,-1
148,12,1959,373,200,220,1,-1,-1,-1
149,3,1321,550,232,232,1,-1,-1,-1
149,8,2486,167,72,175,1,-1,-1,-1
149,9,2310,80,250,260,1,-1,-1,-1
149,10,1482,139,236,316,1,-1,-1,-1
149,11,1624,391,268,232,1,-1,-1,-1
149,12,1969,378,190,210,1,-1,-1,-1
150,3,1319,542,244,244,1,-1,-1,-1
150,8,2486,166,72,175,1,-1,-1,-1
150,9,2311,80,249,260,1,-1,-1,-1
150,10,1483,138,236,316,1,-1,-1,-1
150,11,1624,390,268,232,1,-1,-1,-1
150,12,1971,378,190,210,1,-1,-1,-1
151,3,1313,553,244,244,1,-1,-1,-1
151,8,2485,163,75,184,1,-1,-1,-1
151,9,2314,81,246,260,1,-1,-1,-1
151,10,1489,148,225,301,1,-1,-1,-1
151,11,1626,393,268,232,1,-1,-1,-1
151,12,1974,378,190,210,1,-1,-1,-1
152,3,1309,553,244,244,1,-1,-1,-1
152,8,2486,164,74,184,1,-1,-1,-1
152,9,2318,81,242,260,1,-1,-1,-1
152,10,1484,140,236,316,1,-1,-1,-1
152,11,1628,392,268,232,1,-1,-1,-1
152,12,1975,378,190,210,1,-1,-1,-1
153,3,1309,553,244,244,1,-1,-1,-1
153,8,2486,164,74,184,1,-1,-1,-1
153,9,2318,81,242,260,1,-1,-1,-1
153,10,1484,140,236,316,1,-1,-1,-1
153,11,1652,388,244,232,1,-1,-1,-1
153,12,1980,356,236,232,1,-1,-1,-1
153,13,1480,520,236,216,1,-1,-1,-1
153,14,1832,432,200,244,1,-1,-1,-1
154,3,1315,550,244,244,1,-1,-1,-1
154,8,2485,165,75,184,1,-1,-1,-1
154,9,2326,77,234,260,1,-1,-1,-1
154,10,1483,141,236,316,1,-1,-1,-1
154,11,1657,388,244,232,1,-1,-1,-1
154,12,1986,356,236,232,1,-1,-1,-1
154,13,1485,519,236,216,1,-1,-1,-1
154,14,1836,433,200,244,1,-1,-1,-1
155,3,1325,557,232,232,1,-1,-1,-1
155,8,2485,165,75,184,1,-1,-1,-1
155,9,2323,78,237,260,1,-1,-1,-1
155,10,1480,143,236,316,1,-1,-1,-1
155,11,1658,389,244,232,1,-1,-1,-1
155,12,1987,356,236,232,1,-1,-1,-1
155,13,1486,520,236,216,1,-1,-1,-1
155,14,1838,433,200,244,1,-1,-1,-1
156,3,1334,557,232,232,1,-1,-1,-1
156,8,2485,165,75,184,1,-1,-1,-1
156,9,2333,75,227,260,1,-1,-1,-1
156,10,1481,144,236,316,1,-1,-1,-1
156,11,1666,386,244,232,1,-1,-1,-1
156,12,1993,356,236,232,1,-1,-1,-1
156,13,1494,518,236,216,1,-1,-1,-1
156,14,1843,432,200,244,1,-1,-1,-1
157,3,1337,553,244,244,1,-1,-1,-1
157,8,2485,165,75,184,1,-1,-1,-1
157,9,2319,69,241,273,1,-1,-1,-1
157,10,1480,144,236,316,1,-1,-1,-1
157,11,1672,384,244,232,1,-1,-1,-1
157,12,2000,355,236,232,1,-1,-1,-1
157,13,1509,518,236,216,1,-1,-1,-1
157,14,1848,432,200,244,1,-1,-1,-1
158,3,1359,555,244,244,1,-1,-1,-1
158,8,2485,165,75,184,1,-1,-1,-1
158,9,2320,71,240,273,1,-1,-1,-1
158,10,1484,151,225,301,1,-1,-1,-1
158,11,1671,385,244,232,1,-1,-1,-1
158,12,2013,351,236,232,1,-1,-1,-1
158,13,1510,520,236,216,1,-1,-1,-1
158,14,1852,432,200,244,1,-1,-1,-1
159,3,1386,557,244,244,1,-1,-1,-1
159,8,2484,164,76,184,1,-1,-1,-1
159,9,2324,73,236,273,1,-1,-1,-1
159,10,1483,151,225,301,1,-1,-1,-1
159,11,1674,385,244,232,1,-1,-1,-1
159,12,2022,351,236,232,1,-1,-1,-1
159,13,1533,525,225,206,1,-1,-1,-1
159,14,1852,433,200,244,1,-1,-1,-1
160,3,1389,558,244,244,1,-1,-1,-1
160,8,2483,163,76,184,1,-1,-1,-1
160,9,2320,80,240,260,1,-1,-1,-1
160,10,1487,159,214,287,1,-1,-1,-1
160,11,1673,385,244,232,1,-1,-1,-1
160,12,2024,351,236,232,1,-1,-1,-1
160,13,1532,527,225,206,1,-1,-1,-1
160,14,1852,433,200,244,1,-1,-1,-1
161,3,1472,552,148,200,1,-1,-1,-1
161,8,2483,163,76,184,1,-1,-1,-1
161,9,2380,152,180,196,1,-1,-1,-1
161,10,1476,172,196,280,1,-1,-1,-1
161,11,1692,384,204,232,1,-1,-1,-1
161,12,2028,340,244,236,1,-1,-1,-1
161,13,1556,492,228,224,1,-1,-1,-1
161,14,1828,416,272,244,1,-1,-1,-1
161,15,2452,348,108,252,1,-1,-1,-1
162,3,1473,552,148,200,1,-1,-1,-1
162,8,2482,163,76,184,1,-1,-1,-1
162,9,2380,153,180,196,1,-1,-1,-1
162,10,1475,172,196,280,1,-1,-1,-1
162,11,1694,383,204,232,1,-1,-1,-1
162,12,2033,340,244,236,1,-1,-1,-1
162,13,1563,493,228,224,1,-1,-1,-1
162,14,1830,416,272,244,1,-1,-1,-1
162,15,2451,347,108,252,1,-1,-1,-1
163,3,1474,552,148,200,1,-1,-1,-1
163,8,2481,163,76,184,1,-1,-1,-1
163,9,2381,152,179,196,1,-1,-1,-1
163,10,1474,171,196,280,1,-1,-1,-1
163,11,1698,382,204,232,1,-1,-1,-1
163,12,2037,340,244,236,1,-1,-1,-1
163,13,1569,493,228,224,1,-1,-1,-1
163,14,1835,415,272,244,1,-1,-1,-1
163,15,2448,347,108,252,1,-1,-1,-1
164,3,1477,554,148,200,1,-1,-1,-1
164,8,2480,163,76,184,1,-1,-1,-1
164,9,2383,153,177,196,1,-1,-1,-1
164,10,1473,171,196,280,1,-1,-1,-1
164,11,1700,382,204,232,1,-1,-1,-1
164,12,2044,340,244,236,1,-1,-1,-1
164,13,1574,493,228,224,1,-1,-1,-1
164,14,1837,414,272,244,1,-1,-1,-1
164,15,2444,349,108,252,1,-1,-1,-1
165,3,1478,553,148,200,1,-1,-1,-1
165,8,2480,163,76,184,1,-1,-1,-1
165,9,2383,153,177,196,1,-1,-1,-1
165,10,1472,172,196,280,1,-1,-1,-1
165,11,1702,383,204,232,1,-1,-1,-1
165,12,2044,338,244,236,1,-1,-1,-1
165,13,1575,493,228,224,1,-1,-1,-1
165,14,1839,414,272,244,1,-1,-1,-1
165,15,2441,349,108,252,1,-1,-1,-1
166,3,1473,547,155,210,1,-1,-1,-1
166,8,2479,163,76,184,1,-1,-1,-1
166,9,2384,153,176,196,1,-1,-1,-1
166,10,1471,171,196,280,1,-1,-1,-1
166,11,1705,383,204,232,1,-1,-1,-1
166,12,2049,337,244,236,1,-1,-1,-1
166,13,1578,494,228,224,1,-1,-1,-1
166,14,1840,412,272,244,1,-1,-1,-1
166,15,2438,349,108,252,1,-1,-1,-1
167,3,1475,551,148,200,1,-1,-1,-1
167,8,2477,164,76,184,1,-1,-1,-1
167,9,2386,152,174,196,1,-1,-1,-1
167,10,1470,171,196,280,1,-1,-1,-1
167,11,1705,381,204,232,1,-1,-1,-1
167,12,2053,336,244,236,1,-1,-1,-1
167,13,1584,494,228,224,1,-1,-1,-1
167,14,1845,420,259,232,1,-1,-1,-1
167,15,2433,353,108,252,1,-1,-1,-1
168,3,1474,552,148,200,1,-1,-1,-1
168,8,2474,164,76,184,1,-1,-1,-1
168,9,2380,153,180,196,1,-1,-1,-1
168,10,1468,171,196,280,1,-1,-1,-1
168,11,1703,381,204,232,1,-1,-1,-1
168,12,2060,335,244,236,1,-1,-1,-1
168,13,1590,494,228,224,1,-1,-1,-1
168,14,1848,420,259,232,1,-1,-1,-1
168,15,2424,353,108,252,1,-1,-1,-1
169,3,1474,552,148,200,1,-1,-1,-1
169,8,2474,164,76,184,1,-1,-1,-1
169,9,2380,153,180,196,1,-1,-1,-1
169,10,1468,171,196,280,1,-1,-1,-1
169,11,1703,381,204,232,1,-1,-1,-1
169,12,2064,328,244,240,1,-1,-1,-1
169,13,1590,494,228,224,1,-1,-1,-1
169,14,1848,420,259,232,1,-1,-1,-1
169,15,2408,384,152,236,1,-1,-1,-1
170,3,1470,552,148,200,1,-1,-1,-1
170,8,2469,165,76,184,1,-1,-1,-1
170,9,2377,156,180,196,1,-1,-1,-1
170,10,1465,171,196,280,1,-1,-1,-1
170,11,1700,379,204,232,1,-1,-1,-1
170,12,2064,328,244,240,1,-1,-1,-1
170,13,1590,496,228,224,1,-1,-1,-1
170,14,1849,420,259,232,1,-1,-1,-1
170,15,2408,384,152,236,1,-1,-1,-1
171,3,1466,553,148,200,1,-1,-1,-1
171,8,2467,165,76,184,1,-1,-1,-1
171,9,2381,158,179,196,1,-1,-1,-1
171,10,1462,172,196,280,1,-1,-1,-1
171,11,1699,381,204,232,1,-1,-1,-1
171,12,2070,330,244,240,1,-1,-1,-1
171,13,1602,499,228,224,1,-1,-1,-1
171,14,1849,426,259,232,1,-1,-1,-1
171,15,2403,384,152,236,1,-1,-1,-1
172,3,1462,557,148,200,1,-1,-1,-1
172,8,2464,166,76,184,1,-1,-1,-1
172,9,2371,159,180,196,1,-1,-1,-1
172,10,1464,180,187,267,1,-1,-1,-1
172,11,1686,384,204,232,1,-1,-1,-1
172,12,2075,333,244,240,1,-1,-1,-1
172,13,1616,506,217,213,1,-1,-1,-1
172,14,1847,427,259,232,1,-1,-1,-1
172,15,2397,386,152,236,1,-1,-1,-1
173,3,1458,558,148,200,1,-1,-1,-1
173,8,2460,166,76,184,1,-1,-1,-1
173,9,2368,160,180,196,1,-1,-1,-1
173,10,1461,181,187,267,1,-1,-1,-1
173,11,1689,391,194,221,1,-1,-1,-1
173,12,2075,328,256,252,1,-1,-1,-1
173,13,1629,513,217,213,1,-1,-1,-1
173,14,1844,429,259,232,1,-1,-1,-1
173,15,2392,386,152,236,1,-1,-1,-1
174,3,1454,559,148,200,1,-1,-1,-1
174,8,2456,167,76,184,1,-1,-1,-1
174,9,2366,163,180,196,1,-1,-1,-1
174,10,1457,183,187,267,1,-1,-1,-1
174,11,1675,394,194,221,1,-1,-1,-1
174,12,2087,328,256,252,1,-1,-1,-1
174,13,1643,520,207,203,1,-1,-1,-1
174,14,1844,430,259,232,1,-1,-1,-1
174,15,2380,379,160,248,1,-1,-1,-1
175,3,1453,557,148,200,1,-1,-1,-1
175,8,2453,167,76,184,1,-1,-1,-1
175,9,2372,164,180,196,1,-1,-1,-1
175,10,1457,184,187,267,1,-1,-1,-1
175,11,1670,390,204,232,1,-1,-1,-1
175,12,2085,328,256,252,1,-1,-1,-1
175,13,1642,523,207,203,1,-1,-1,-1
175,14,1841,431,259,232,1,-1,-1,-1
175,15,2379,380,160,248,1,-1,-1,-1
176,3,1451,558,148,200,1,-1,-1,-1
176,8,2451,168,76,184,1,-1,-1,-1
176,9,2371,171,171,187,1,-1,-1,-1
176,10,1454,184,187,267,1,-1,-1,-1
176,11,1663,390,204,232,1,-1,-1,-1
176,12,2108,328,244,240,1,-1,-1,-1
176,13,1647,520,207,203,1,-1,-1,-1
176,14,1838,431,259,232,1,-1,-1,-1
176,15,2372,381,160,248,1,-1,-1,-1
177,3,1451,558,148,200,1,-1,-1,-1
177,8,2451,168,76,184,1,-1,-1,-1
177,9,2371,171,171,187,1,-1,-1,-1
177,10,1440,160,228,308,1,-1,-1,-1
177,11,1663,390,204,232,1,-1,-1,-1
177,12,2104,340,256,236,1,-1,-1,-1
177,13,1647,520,207,203,1,-1,-1,-1
177,14,1828,456,256,212,1,-1,-1,-1
177,15,2372,381,160,248,1,-1,-1,-1
178,3,1449,564,141,190,1,-1,-1,-1
178,8,2447,170,76,184,1,-1,-1,-1
178,9,2358,169,171,187,1,-1,-1,-1
178,10,1439,160,228,308,1,-1,-1,-1
178,11,1666,404,194,221,1,-1,-1,-1
178,12,2108,341,256,236,1,-1,-1,-1
178,13,1663,521,207,203,1,-1,-1,-1
178,14,1824,457,256,212,1,-1,-1,-1
178,15,2363,381,160,248,1,-1,-1,-1
179,3,1444,568,141,190,1,-1,-1,-1
179,8,2445,169,76,184,1,-1,-1,-1
179,9,2349,168,171,187,1,-1,-1,-1
179,10,1437,161,228,308,1,-1,-1,-1
179,11,1671,406,185,210,1,-1,-1,-1
179,12,2120,343,256,236,1,-1,-1,-1
179,13,1672,530,197,193,1,-1,-1,-1
179,14,1817,461,256,212,1,-1,-1,-1
179,15,2357,381,160,248,1,-1,-1,-1
180,3,1444,568,141,190,1,-1,-1,-1
180,8,2444,168,76,184,1,-1,-1,-1
180,9,2349,168,171,187,1,-1,-1,-1
180,10,1436,161,228,308,1,-1,-1,-1
180,11,1666,405,185,210,1,-1,-1,-1
180,12,2120,342,256,236,1,-1,-1,-1
180,13,1674,532,197,193,1,-1,-1,-1
180,14,1815,461,256,212,1,-1,-1,-1
180,15,2358,382,160,248,1,-1,-1,-1
181,3,1441,569,141,190,1,-1,-1,-1
181,8,2442,170,76,184,1,-1,-1,-1
181,9,2349,170,171,187,1,-1,-1,-1
181,10,1434,161,228,308,1,-1,-1,-1
181,11,1667,404,185,210,1,-1,-1,-1
181,12,2133,342,256,236,1,-1,-1,-1
181,13,1687,537,188,184,1,-1,-1,-1
181,14,1809,462,256,212,1,-1,-1,-1
181,15,2356,382,160,248,1,-1,-1,-1
182,3,1437,571,141,190,1,-1,-1,-1
182,8,2441,172,76,184,1,-1,-1,-1
182,10,1433,162,228,308,1,-1,-1,-1
182,12,2148,337,256,236,1,-1,-1,-1
182,13,1699,542,188,184,1,-1,-1,-1
182,14,1806,468,256,212,1,-1,-1,-1
182,15,2353,382,160,248,1,-1,-1,-1
183,3,1436,571,141,190,1,-1,-1,-1
183,8,2439,174,76,184,1,-1,-1,-1
183,10,1430,162,228,308,1,-1,-1,-1
183,12,2162,342,244,225,1,-1,-1,-1
183,13,1704,546,188,184,1,-1,-1,-1
183,14,1797,473,256,212,1,-1,-1,-1
183,15,2352,382,160,248,1,-1,-1,-1
184,3,1432,573,141,190,1,-1,-1,-1
184,8,2439,175,76,184,1,-1,-1,-1
184,10,1428,162,228,308,1,-1,-1,-1
184,12,2175,330,244,225,1,-1,-1,-1
184,13,1707,544,197,193,1,-1,-1,-1
184,14,1789,478,256,212,1,-1,-1,-1
184,15,2340,388,160,248,1,-1,-1,-1
185,3,1432,573,141,190,1,-1,-1,-1
185,8,2439,175,76,184,1,-1,-1,-1
185,10,1428,164,236,300,1,-1,-1,-1
185,12,2180,320,180,248,1,-1,-1,-1
185,13,1707,544,197,193,1,-1,-1,-1
185,14,1789,478,256,212,1,-1,-1,-1
185,15,2340,388,160,248,1,-1,-1,-1
186,3,1428,575,141,190,1,-1,-1,-1
186,8,2436,173,80,193,1,-1,-1,-1
186,10,1427,166,236,300,1,-1,-1,-1
186,12,2184,320,180,248,1,-1,-1,-1
186,13,1715,542,197,193,1,-1,-1,-1
186,14,1791,481,256,212,1,-1,-1,-1
186,15,2327,391,160,248,1,-1,-1,-1
187,3,1424,575,141,190,1,-1,-1,-1
187,8,2436,174,80,193,1,-1,-1,-1
187,10,1424,166,236,300,1,-1,-1,-1
187,12,2190,318,180,248,1,-1,-1,-1
187,13,1723,543,188,184,1,-1,-1,-1
187,14,1790,481,256,212,1,-1,-1,-1
187,15,2319,392,160,248,1,-1,-1,-1
188,3,1423,575,141,190,1,-1,-1,-1
188,8,2437,176,80,193,1,-1,-1,-1
188,10,1422,166,236,300,1,-1,-1,-1
188,12,2192,319,180,248,1,-1,-1,-1
188,13,1733,546,188,184,1,-1,-1,-1
188,14,1795,490,244,202,1,-1,-1,-1
188,15,2315,386,168,260,1,-1,-1,-1
189,3,1419,577,141,190,1,-1,-1,-1
189,8,2438,180,80,193,1,-1,-1,-1
189,10,1421,167,236,300,1,-1,-1,-1
189,12,2188,317,180,248,1,-1,-1,-1
189,13,1747,548,188,184,1,-1,-1,-1
189,14,1756,509,256,212,1,-1,-1,-1
189,15,2304,386,168,260,1,-1,-1,-1
190,3,1417,577,141,190,1,-1,-1,-1
190,8,2438,179,80,193,1,-1,-1,-1
190,10,1419,170,236,300,1,-1,-1,-1
190,12,2184,318,180,248,1,-1,-1,-1
190,13,1748,548,188,184,1,-1,-1,-1
190,14,1739,539,244,202,1,-1,-1,-1
190,15,2304,384,168,260,1,-1,-1,-1
191,3,1420,584,134,181,1,-1,-1,-1
191,8,2440,179,80,193,1,-1,-1,-1
191,10,1423,176,225,286,1,-1,-1,-1
191,12,2168,324,180,248,1,-1,-1,-1
191,13,1752,549,188,184,1,-1,-1,-1
191,14,1749,541,244,202,1,-1,-1,-1
191,15,2294,385,168,260,1,-1,-1,-1
192,3,1418,586,134,181,1,-1,-1,-1
192,8,2443,177,80,193,1,-1,-1,-1
192,10,1420,178,225,286,1,-1,-1,-1
192,12,2146,325,189,260,1,-1,-1,-1
192,13,1758,554,188,184,1,-1,-1,-1
192,14,1753,547,244,202,1,-1,-1,-1
192,15,2289,388,168,260,1,-1,-1,-1
193,3,1418,586,134,181,1,-1,-1,-1
193,8,2443,177,80,193,1,-1,-1,-1
193,10,1420,178,225,286,1,-1,-1,-1
193,12,2146,325,189,260,1,-1,-1,-1
193,13,1758,554,188,184,1,-1,-1,-1
193,14,1753,547,244,202,1,-1,-1,-1
193,15,2289,388,168,260,1,-1,-1,-1
194,3,1413,581,141,190,1,-1,-1,-1
194,8,2454,191,80,193,1,-1,-1,-1
194,10,1419,178,225,286,1,-1,-1,-1
194,12,2145,332,189,260,1,-1,-1,-1
194,13,1770,553,188,184,1,-1,-1,-1
194,14,1763,550,244,202,1,-1,-1,-1
194,15,2284,400,160,248,1,-1,-1,-1
195,3,1412,581,141,190,1,-1,-1,-1
195,8,2456,181,84,203,1,-1,-1,-1
195,10,1420,180,225,286,1,-1,-1,-1
195,12,2143,334,189,260,1,-1,-1,-1
195,13,1769,554,188,184,1,-1,-1,-1
195,14,1761,552,244,202,1,-1,-1,-1
195,15,2281,392,168,260,1,-1,-1,-1
196,3,1408,576,148,200,1,-1,-1,-1
196,8,2459,181,84,203,1,-1,-1,-1
196,10,1417,180,225,286,1,-1,-1,-1
196,12,2145,338,189,260,1,-1,-1,-1
196,13,1774,555,188,184,1,-1,-1,-1
196,15,2277,392,168,260,1,-1,-1,-1
197,3,1408,576,148,200,1,-1,-1,-1
197,8,2468,179,84,203,1,-1,-1,-1
197,10,1416,181,225,286,1,-1,-1,-1
197,12,2131,332,198,273,1,-1,-1,-1
197,13,1784,548,188,184,1,-1,-1,-1
197,15,2271,393,168,260,1,-1,-1,-1
198,3,1404,571,155,210,1,-1,-1,-1
198,8,2476,186,80,193,1,-1,-1,-1
198,10,1413,183,225,286,1,-1,-1,-1
198,12,2126,332,198,273,1,-1,-1,-1
198,13,1786,546,197,193,1,-1,-1,-1
198,15,2267,391,168,260,1,-1,-1,-1
199,3,1402,572,155,210,1,-1,-1,-1
199,8,2482,181,78,193,1,-1,-1,-1
199,10,1410,184,225,286,1,-1,-1,-1
199,13,1796,551,197,193,1,-1,-1,-1
199,15,2266,393,168,260,1,-1,-1,-1
200,3,1401,572,155,210,1,-1,-1,-1
200,8,2485,182,75,193,1,-1,-1,-1
200,10,1411,184,225,286,1,-1,-1,-1
200,13,1798,551,197,193,1,-1,-1,-1
200,15,2266,392,168,260,1,-1,-1,-1
201,3,1404,556,148,220,1,-1,-1,-1
201,8,2485,182,75,193,1,-1,-1,-1
201,10,1400,164,236,328,1,-1,-1,-1
201,13,1792,496,232,284,1,-1,-1,-1
201,15,2248,324,304,308,1,-1,-1,-1
201,16,1700,292,284,320,1,-1,-1,-1
202,3,1406,557,148,220,1,-1,-1,-1
202,8,2487,182,73,184,1,-1,-1,-1
202,10,1397,164,236,328,1,-1,-1,-1
202,13,1795,498,232,284,1,-1,-1,-1
202,15,2247,324,304,308,1,-1,-1,-1
202,16,1707,292,284,320,1,-1,-1,-1
203,3,1406,558,148,220,1,-1,-1,-1
203,8,2492,183,68,175,1,-1,-1,-1
203,10,1396,166,236,328,1,-1,-1,-1
203,13,1798,502,232,284,1,-1,-1,-1
203,15,2247,324,304,308,1,-1,-1,-1
203,16,1717,292,284,320,1,-1,-1,-1
204,3,1407,559,148,220,1,-1,-1,-1
204,10,1393,166,236,328,1,-1,-1,-1
204,13,1809,506,232,284,1,-1,-1,-1
204,15,2246,324,304,308,1,-1,-1,-1
204,16,1725,293,284,320,1,-1,-1,-1
205,3,1406,559,148,220,1,-1,-1,-1
205,10,1392,167,236,328,1,-1,-1,-1
205,13,1811,505,232,284,1,-1,-1,-1
205,15,2246,325,304,308,1,-1,-1,-1
205,16,1720,282,298,336,1,-1,-1,-1
206,3,1403,552,155,231,1,-1,-1,-1
206,10,1392,167,236,328,1,-1,-1,-1
206,13,1811,506,232,284,1,-1,-1,-1
206,15,2244,325,304,308,1,-1,-1,-1
206,16,1735,281,298,336,1,-1,-1,-1
207,3,1410,558,148,220,1,-1,-1,-1
207,10,1391,166,236,328,1,-1,-1,-1
207,13,1822,513,221,270,1,-1,-1,-1
207,15,2240,326,304,308,1,-1,-1,-1
207,16,1737,279,298,336,1,-1,-1,-1
208,3,1412,558,148,220,1,-1,-1,-1
208,10,1388,166,236,328,1,-1,-1,-1
208,13,1828,513,221,270,1,-1,-1,-1
208,15,2239,325,304,308,1,-1,-1,-1
208,16,1760,264,298,336,1,-1,-1,-1
209,3,1388,540,200,240,1,-1,-1,-1
209,10,1384,172,228,316,1,-1,-1,-1
209,13,1836,556,236,236,1,-1,-1,-1
209,15,2240,292,304,340,1,-1,-1,-1
209,16,1804,312,336,260,1,-1,-1,-1
210,3,1388,540,200,240,1,-1,-1,-1
210,10,1384,172,228,316,1,-1,-1,-1
210,13,1836,556,236,236,1,-1,-1,-1
210,15,2240,292,304,340,1,-1,-1,-1
210,16,1804,312,336,260,1,-1,-1,-1
211,3,1388,541,200,240,1,-1,-1,-1
211,10,1383,172,228,316,1,-1,-1,-1
211,13,1840,557,236,236,1,-1,-1,-1
211,15,2239,292,304,340,1,-1,-1,-1
211,16,1817,312,336,260,1,-1,-1,-1
212,3,1385,541,200,240,1,-1,-1,-1
212,10,1378,173,228,316,1,-1,-1,-1
212,13,1839,558,236,236,1,-1,-1,-1
212,15,2234,293,304,340,1,-1,-1,-1
212,16,1839,312,320,248,1,-1,-1,-1
213,3,1382,541,200,240,1,-1,-1,-1
213,10,1372,174,228,316,1,-1,-1,-1
213,13,1836,559,236,236,1,-1,-1,-1
213,15,2228,293,304,340,1,-1,-1,-1
213,16,1843,302,336,260,1,-1,-1,-1
214,3,1376,540,200,240,1,-1,-1,-1
214,10,1362,174,228,316,1,-1,-1,-1
214,13,1831,561,236,236,1,-1,-1,-1
214,15,2220,294,304,340,1,-1,-1,-1
214,16,1845,291,336,260,1,-1,-1,-1
215,3,1375,540,200,240,1,-1,-1,-1
215,10,1359,174,228,316,1,-1,-1,-1
215,13,1832,559,236,236,1,-1,-1,-1
215,15,2219,292,304,340,1,-1,-1,-1
215,16,1856,289,336,260,1,-1,-1,-1
216,3,1371,541,200,240,1,-1,-1,-1
216,10,1356,175,228,316,1,-1,-1,-1
216,13,1828,559,236,236,1,-1,-1,-1
216,15,2213,294,304,340,1,-1,-1,-1
216,16,1902,285,320,248,1,-1,-1,-1
217,3,1352,532,224,252,1,-1,-1,-1
217,10,1344,172,232,316,1,-1,-1,-1
217,13,1812,532,272,260,1,-1,-1,-1
217,15,2200,328,300,312,1,-1,-1,-1
217,16,1940,252,264,292,1,-1,-1,-1
218,3,1348,532,224,252,1,-1,-1,-1
218,10,1338,172,232,316,1,-1,-1,-1
218,13,1811,532,272,260,1,-1,-1,-1
218,15,2195,328,300,312,1,-1,-1,-1
218,16,1947,249,264,292,1,-1,-1,-1
219,3,1341,532,224,252,1,-1,-1,-1
219,10,1332,172,232,316,1,-1,-1,-1
219,13,1808,535,272,260,1,-1,-1,-1
219,15,2189,329,300,312,1,-1,-1,-1
219,16,1948,242,264,292,1,-1,-1,-1
220,3,1339,532,224,252,1,-1,-1,-1
220,10,1331,173,232,316,1,-1,-1,-1
220,13,1808,536,272,260,1,-1,-1,-1
220,15,2190,329,300,312,1,-1,-1,-1
220,16,1944,235,277,307,1,-1,-1,-1
221,3,1333,532,224,252,1,-1,-1,-1
221,10,1321,171,232,316,1,-1,-1,-1
221,13,1805,537,272,260,1,-1,-1,-1
221,15,2179,329,300,312,1,-1,-1,-1
221,16,1938,219,291,322,1,-1,-1,-1
222,3,1320,532,224,252,1,-1,-1,-1
222,10,1303,172,232,316,1,-1,-1,-1
222,13,1801,544,259,248,1,-1,-1,-1
222,15,2166,331,300,312,1,-1,-1,-1
222,16,1936,212,291,322,1,-1,-1,-1
223,3,1308,532,224,252,1,-1,-1,-1
223,10,1286,172,232,316,1,-1,-1,-1
223,13,1799,542,259,248,1,-1,-1,-1
223,15,2151,330,300,312,1,-1,-1,-1
223,16,1965,188,291,322,1,-1,-1,-1
224,3,1298,532,224,252,1,-1,-1,-1
224,10,1276,171,232,316,1,-1,-1,-1
224,13,1790,540,259,248,1,-1,-1,-1
224,15,2146,340,286,297,1,-1,-1,-1
224,16,1957,172,306,338,1,-1,-1,-1
225,3,1280,532,244,252,1,-1,-1,-1
225,10,1276,172,228,316,1,-1,-1,-1
225,13,1852,584,212,220,1,-1,-1,-1
225,15,2140,332,348,308,1,-1,-1,-1
225,16,1992,220,316,296,1,-1,-1,-1
225,17,2420,348,140,196,1,-1,-1,-1
225,18,1744,528,212,268,1,-1,-1,-1
226,3,1273,532,244,252,1,-1,-1,-1
226,10,1268,172,228,316,1,-1,-1,-1
226,13,1850,586,212,220,1,-1,-1,-1
226,15,2136,332,348,308,1,-1,-1,-1
226,16,1990,216,316,296,1,-1,-1,-1
226,17,2417,347,140,196,1,-1,-1,-1
226,18,1742,528,212,268,1,-1,-1,-1
227,3,1268,530,244,252,1,-1,-1,-1
227,10,1260,169,228,316,1,-1,-1,-1
227,13,1849,588,212,220,1,-1,-1,-1
227,15,2131,334,348,308,1,-1,-1,-1
227,16,1999,224,301,282,1,-1,-1,-1
227,17,2415,349,140,196,1,-1,-1,-1
227,18,1739,527,212,268,1,-1,-1,-1
228,3,1263,530,244,252,1,-1,-1,-1
228,10,1253,170,228,316,1,-1,-1,-1
228,13,1854,590,202,210,1,-1,-1,-1
228,15,2118,332,348,308,1,-1,-1,-1
228,16,1984,222,301,282,1,-1,-1,-1
228,17,2416,349,140,196,1,-1,-1,-1
228,18,1737,528,212,268,1,-1,-1,-1
229,3,1255,531,244,252,1,-1,-1,-1
229,10,1245,171,228,316,1,-1,-1,-1
229,13,1853,589,202,210,1,-1,-1,-1
229,15,2114,336,348,308,1,-1,-1,-1
229,16,1971,225,301,282,1,-1,-1,-1
229,17,2422,346,138,196,1,-1,-1,-1
229,18,1734,528,212,268,1,-1,-1,-1
230,3,1253,531,244,252,1,-1,-1,-1
230,10,1242,170,228,316,1,-1,-1,-1
230,13,1853,589,202,210,1,-1,-1,-1
230,15,2112,333,348,308,1,-1,-1,-1
230,16,1952,219,316,296,1,-1,-1,-1
230,17,2426,349,133,187,1,-1,-1,-1
230,18,1733,528,212,268,1,-1,-1,-1
231,3,1249,529,244,252,1,-1,-1,-1
231,10,1233,169,228,316,1,-1,-1,-1
231,13,1850,589,202,210,1,-1,-1,-1
231,15,2107,333,348,308,1,-1,-1,-1
231,16,1945,215,316,296,1,-1,-1,-1
231,17,2431,348,129,187,1,-1,-1,-1
231,18,1728,529,212,268,1,-1,-1,-1
232,3,1241,529,244,252,1,-1,-1,-1
232,10,1225,170,228,316,1,-1,-1,-1
232,13,1851,589,202,210,1,-1,-1,-1
232,15,2097,332,348,308,1,-1,-1,-1
232,16,1951,217,301,282,1,-1,-1,-1
232,17,2432,345,128,187,1,-1,-1,-1
232,18,1730,529,212,268,1,-1,-1,-1
233,3,1220,512,232,260,1,-1,-1,-1
233,10,1208,188,220,300,1,-1,-1,-1
233,13,1768,516,304,288,1,-1,-1,-1
233,15,2084,344,284,288,1,-1,-1,-1
233,16,2112,204,288,220,1,-1,-1,-1
233,17,2432,345,128,187,1,-1,-1,-1
233,18,1730,529,212,268,1,-1,-1,-1
234,3,1213,511,232,260,1,-1,-1,-1
234,10,1199,189,220,300,1,-1,-1,-1
234,13,1766,518,304,288,1,-1,-1,-1
234,15,2080,344,284,288,1,-1,-1,-1
234,16,2117,203,288,220,1,-1,-1,-1
234,17,2434,342,126,187,1,-1,-1,-1
234,18,1729,528,212,268,1,-1,-1,-1
235,3,1213,512,232,260,1,-1,-1,-1
235,10,1199,188,220,300,1,-1,-1,-1
235,13,1765,516,304,288,1,-1,-1,-1
235,15,2080,343,284,288,1,-1,-1,-1
235,16,2119,201,288,220,1,-1,-1,-1
235,17,2435,341,125,187,1,-1,-1,-1
235,18,1728,527,212,268,1,-1,-1,-1
236,3,1203,510,232,260,1,-1,-1,-1
236,10,1181,181,231,315,1,-1,-1,-1
236,13,1762,515,304,288,1,-1,-1,-1
236,15,2081,349,270,274,1,-1,-1,-1
236,16,2125,198,288,220,1,-1,-1,-1
236,17,2432,340,128,187,1,-1,-1,-1
236,18,1727,526,212,268,1,-1,-1,-1
237,3,1197,508,232,260,1,-1,-1,-1
237,10,1170,180,231,315,1,-1,-1,-1
237,13,1760,517,304,288,1,-1,-1,-1
237,15,2069,344,270,274,1,-1,-1,-1
237,16,2128,191,288,220,1,-1,-1,-1
237,17,2428,337,132,187,1,-1,-1,-1
237,18,1727,526,212,268,1,-1,-1,-1
238,3,1191,506,232,260,1,-1,-1,-1
238,10,1167,187,220,300,1,-1,-1,-1
238,13,1758,515,304,288,1,-1,-1,-1
238,15,2061,344,270,274,1,-1,-1,-1
238,16,2145,176,288,220,1,-1,-1,-1
238,17,2427,335,133,187,1,-1,-1,-1
238,18,1718,522,223,281,1,-1,-1,-1
239,3,1177,497,244,273,1,-1,-1,-1
239,10,1159,185,220,300,1,-1,-1,-1
239,13,1756,514,304,288,1,-1,-1,-1
239,15,2050,342,270,274,1,-1,-1,-1
239,16,2155,172,288,220,1,-1,-1,-1
239,17,2424,329,136,196,1,-1,-1,-1
239,18,1719,520,223,281,1,-1,-1,-1
240,3,1175,496,244,273,1,-1,-1,-1
240,10,1158,185,220,300,1,-1,-1,-1
240,13,1755,513,304,288,1,-1,-1,-1
240,15,2044,336,284,288,1,-1,-1,-1
240,16,2163,173,274,210,1,-1,-1,-1
240,17,2425,327,135,196,1,-1,-1,-1
240,18,1725,524,212,268,1,-1,-1,-1
241,3,1172,492,224,264,1,-1,-1,-1
241,10,1152,204,224,272,1,-1,-1,-1
241,13,1832,580,224,208,1,-1,-1,-1
241,15,2028,264,288,352,1,-1,-1,-1
241,16,2160,136,292,264,1,-1,-1,-1
241,17,2420,324,140,196,1,-1,-1,-1
241,18,1720,488,144,236,1,-1,-1,-1
242,3,1164,490,224,264,1,-1,-1,-1
242,10,1145,203,224,272,1,-1,-1,-1
242,13,1832,579,224,208,1,-1,-1,-1
242,15,2022,262,288,352,1,-1,-1,-1
242,16,2162,136,292,264,1,-1,-1,-1
242,17,2420,321,140,196,1,-1,-1,-1
242,18,1717,486,144,236,1,-1,-1,-1
243,3,1159,490,224,264,1,-1,-1,-1
243,10,1139,200,224,272,1,-1,-1,-1
243,13,1833,578,224,208,1,-1,-1,-1
243,15,2026,270,274,335,1,-1,-1,-1
243,16,2167,137,292,264,1,-1,-1,-1
243,17,2422,319,138,196,1,-1,-1,-1
243,18,1711,486,144,236,1,-1,-1,-1
244,3,1153,489,224,264,1,-1,-1,-1
244,10,1130,200,224,272,1,-1,-1,-1
244,13,1832,578,224,208,1,-1,-1,-1
244,15,2028,279,261,319,1,-1,-1,-1
244,16,2164,127,307,277,1,-1,-1,-1
244,17,2426,315,134,196,1,-1,-1,-1
244,18,1707,484,144,236,1,-1,-1,-1
245,3,1151,489,224,264,1,-1,-1,-1
245,10,1129,200,224,272,1,-1,-1,-1
245,13,1829,574,235,218,1,-1,-1,-1
245,15,2023,269,274,335,1,-1,-1,-1
245,16,2166,126,307,277,1,-1,-1,-1
245,17,2426,315,134,196,1,-1,-1,-1
245,18,1705,485,144,236,1,-1,-1,-1
246,3,1145,488,224,264,1,-1,-1,-1
246,10,1128,207,213,259,1,-1,-1,-1
246,13,1831,572,235,218,1,-1,-1,-1
246,15,2017,268,274,335,1,-1,-1,-1
246,16,2169,122,307,277,1,-1,-1,-1
246,17,2424,310,136,206,1,-1,-1,-1
246,18,1702,485,144,236,1,-1,-1,-1
247,3,1140,488,224,264,1,-1,-1,-1
247,10,1121,206,213,259,1,-1,-1,-1
247,13,1836,571,235,218,1,-1,-1,-1
247,15,2013,265,274,335,1,-1,-1,-1
247,16,2179,117,307,277,1,-1,-1,-1
247,17,2430,309,130,206,1,-1,-1,-1
247,18,1699,484,144,236,1,-1,-1,-1
248,3,1136,486,224,264,1,-1,-1,-1
248,10,1119,205,213,259,1,-1,-1,-1
248,13,1837,571,235,218,1,-1,-1,-1
248,15,2005,262,274,335,1,-1,-1,-1
248,16,2183,112,307,277,1,-1,-1,-1
248,17,2429,308,131,206,1,-1,-1,-1
248,18,1695,484,144,236,1,-1,-1,-1
249,3,1128,480,212,272,1,-1,-1,-1
249,10,1116,208,192,260,1,-1,-1,-1
249,13,1816,572,272,220,1,-1,-1,-1
249,15,1992,268,284,340,1,-1,-1,-1
249,16,2204,148,292,232,1,-1,-1,-1
249,17,2428,296,128,204,1,-1,-1,-1
249,18,1688,476,144,260,1,-1,-1,-1
250,3,1128,480,212,272,1,-1,-1,-1
250,10,1116,208,192,260,1,-1,-1,-1
250,13,1816,572,272,220,1,-1,-1,-1
250,15,1992,268,284,340,1,-1,-1,-1
250,16,2204,148,292,232,1,-1,-1,-1
250,17,2428,296,128,204,1,-1,-1,-1
250,18,1688,476,144,260,1,-1,-1,-1
251,3,1124,480,212,272,1,-1,-1,-1
251,10,1118,215,183,248,1,-1,-1,-1
251,13,1819,572,272,220,1,-1,-1,-1
251,15,1990,266,284,340,1,-1,-1,-1
251,16,2210,147,292,232,1,-1,-1,-1
251,17,2428,295,128,204,1,-1,-1,-1
251,18,1687,476,144,260,1,-1,-1,-1
252,3,1127,484,202,259,1,-1,-1,-1
252,10,1112,216,183,248,1,-1,-1,-1
252,13,1820,573,272,220,1,-1,-1,-1
252,15,1986,265,284,340,1,-1,-1,-1
252,16,2222,151,278,221,1,-1,-1,-1
252,17,2428,294,128,204,1,-1,-1,-1
252,18,1685,476,144,260,1,-1,-1,-1
253,3,1121,486,202,259,1,-1,-1,-1
253,10,1108,218,183,248,1,-1,-1,-1
253,13,1821,575,272,220,1,-1,-1,-1
253,15,1986,266,284,340,1,-1,-1,-1
253,16,2226,152,278,221,1,-1,-1,-1
253,17,2428,294,128,204,1,-1,-1,-1
253,18,1683,477,144,260,1,-1,-1,-1
254,3,1118,486,202,259,1,-1,-1,-1
254,10,1104,219,183,248,1,-1,-1,-1
254,13,1826,575,272,220,1,-1,-1,-1
254,15,1984,266,284,340,1,-1,-1,-1
254,16,2232,151,278,221,1,-1,-1,-1
254,17,2429,295,128,204,1,-1,-1,-1
254,18,1681,478,144,260,1,-1,-1,-1
255,3,1117,487,202,259,1,-1,-1,-1
255,10,1103,218,183,248,1,-1,-1,-1
255,13,1824,575,272,220,1,-1,-1,-1
255,15,1982,267,284,340,1,-1,-1,-1
255,16,2234,150,278,221,1,-1,-1,-1
255,17,2429,295,128,204,1,-1,-1,-1
255,18,1681,479,144,260,1,-1,-1,-1
256,3,1113,487,202,259,1,-1,-1,-1
256,10,1101,221,183,248,1,-1,-1,-1
256,13,1830,572,272,220,1,-1,-1,-1
256,15,1979,266,284,340,1,-1,-1,-1
256,16,2245,149,278,221,1,-1,-1,-1
256,17,2431,293,128,204,1,-1,-1,-1
256,18,1679,479,144,260,1,-1,-1,-1
257,3,1108,484,208,260,1,-1,-1,-1
257,10,1116,192,152,276,1,-1,-1,-1
257,13,1896,572,204,220,1,-1,-1,-1
257,15,1968,260,284,364,1,-1,-1,-1
257,16,2208,144,328,228,1,-1,-1,-1
257,17,2431,293,128,204,1,-1,-1,-1
257,18,1676,496,136,248,1,-1,-1,-1
258,3,1106,484,208,260,1,-1,-1,-1
258,10,1115,192,152,276,1,-1,-1,-1
258,13,1899,572,204,220,1,-1,-1,-1
258,15,1966,260,284,364,1,-1,-1,-1
258,16,2212,143,328,228,1,-1,-1,-1
258,17,2436,292,124,204,1,-1,-1,-1
258,18,1676,496,136,248,1,-1,-1,-1
259,3,1102,484,208,260,1,-1,-1,-1
259,10,1113,192,152,276,1,-1,-1,-1
259,13,1904,571,204,220,1,-1,-1,-1
259,15,1965,260,284,364,1,-1,-1,-1
259,16,2218,141,328,228,1,-1,-1,-1
259,17,2435,292,125,204,1,-1,-1,-1
259,18,1674,496,136,248,1,-1,-1,-1
260,3,1102,485,208,260,1,-1,-1,-1
260,10,1112,191,152,276,1,-1,-1,-1
260,13,1904,570,204,220,1,-1,-1,-1
260,15,1964,260,284,364,1,-1,-1,-1
260,16,2219,141,328,228,1,-1,-1,-1
260,17,2434,292,126,204,1,-1,-1,-1
260,18,1674,496,136,248,1,-1,-1,-1
261,3,1102,485,208,260,1,-1,-1,-1
261,10,1114,196,145,263,1,-1,-1,-1
261,13,1908,571,204,220,1,-1,-1,-1
261,15,1964,261,284,364,1,-1,-1,-1
261,16,2222,142,328,228,1,-1,-1,-1
261,17,2431,291,128,204,1,-1,-1,-1
261,18,1674,497,136,248,1,-1,-1,-1
262,3,1099,485,208,260,1,-1,-1,-1
262,10,1111,189,152,276,1,-1,-1,-1
262,13,1910,572,204,220,1,-1,-1,-1
262,15,1963,261,284,364,1,-1,-1,-1
262,16,2226,141,328,228,1,-1,-1,-1
262,17,2437,293,123,204,1,-1,-1,-1
262,18,1674,499,136,248,1,-1,-1,-1
263,3,1096,484,208,260,1,-1,-1,-1
263,10,1110,190,152,276,1,-1,-1,-1
263,13,1918,573,204,220,1,-1,-1,-1
263,15,1966,272,270,347,1,-1,-1,-1
263,16,2228,144,328,228,1,-1,-1,-1
263,17,2440,294,120,204,1,-1,-1,-1
263,18,1674,500,136,248,1,-1,-1,-1
264,3,1096,483,208,260,1,-1,-1,-1
264,10,1112,198,145,263,1,-1,-1,-1
264,13,1928,580,194,210,1,-1,-1,-1
264,15,1965,271,270,347,1,-1,-1,-1
264,16,2233,144,327,228,1,-1,-1,-1
264,17,2447,296,113,204,1,-1,-1,-1
264,18,1673,502,136,248,1,-1,-1,-1
265,3,1096,488,216,256,1,-1,-1,-1
265,10,1116,208,136,264,1,-1,-1,-1
265,13,1904,580,236,228,1,-1,-1,-1
265,15,1965,271,270,347,1,-1,-1,-1
265,16,2288,156,252,220,1,-1,-1,-1
265,17,2447,296,113,204,1,-1,-1,-1
265,18,1676,480,132,264,1,-1,-1,-1
266,3,1093,488,216,256,1,-1,-1,-1
266,10,1115,208,136,264,1,-1,-1,-1
266,13,1906,581,236,228,1,-1,-1,-1
266,15,1964,271,270,347,1,-1,-1,-1
266,16,2293,157,252,220,1,-1,-1,-1
266,17,2453,299,107,194,1,-1,-1,-1
266,18,1676,480,132,264,1,-1,-1,-1
267,3,1091,491,216,256,1,-1,-1,-1
267,10,1113,209,136,264,1,-1,-1,-1
267,13,1909,584,236,228,1,-1,-1,-1
267,15,1962,271,270,347,1,-1,-1,-1
267,16,2300,158,252,220,1,-1,-1,-1
267,17,2455,299,105,194,1,-1,-1,-1
267,18,1678,482,132,264,1,-1,-1,-1
268,3,1088,493,216,256,1,-1,-1,-1
268,10,1107,211,136,264,1,-1,-1,-1
268,13,1913,584,236,228,1,-1,-1,-1
268,15,1960,273,270,347,1,-1,-1,-1
268,16,2306,155,252,220,1,-1,-1,-1
268,17,2469,304,91,185,1,-1,-1,-1
268,18,1679,481,132,264,1,-1,-1,-1
269,3,1089,492,216,256,1,-1,-1,-1
269,10,1109,218,136,264,1,-1,-1,-1
269,13,1916,585,236,228,1,-1,-1,-1
269,15,1960,273,270,347,1,-1,-1,-1
269,16,2315,158,245,220,1,-1,-1,-1
269,17,2479,302,81,185,1,-1,-1,-1
269,18,1681,481,132,264,1,-1,-1,-1
270,3,1089,492,216,256,1,-1,-1,-1
270,10,1110,217,136,264,1,-1,-1,-1
270,13,1910,578,248,239,1,-1,-1,-1
270,15,1961,273,270,347,1,-1,-1,-1
270,16,2314,157,246,220,1,-1,-1,-1
270,17,2480,304,80,185,1,-1,-1,-1
270,18,1682,481,132,264,1,-1,-1,-1
271,3,1089,493,216,256,1,-1,-1,-1
271,10,1104,207,143,277,1,-1,-1,-1
271,13,1917,578,248,239,1,-1,-1,-1
271,15,1960,270,270,347,1,-1,-1,-1
271,16,2318,159,242,220,1,-1,-1,-1
271,17,2483,305,77,185,1,-1,-1,-1
271,18,1683,482,132,264,1,-1,-1,-1
272,3,1089,494,216,256,1,-1,-1,-1
272,10,1106,209,136,264,1,-1,-1,-1
272,13,1927,577,248,239,1,-1,-1,-1
272,15,1960,271,270,347,1,-1,-1,-1
272,16,2318,159,242,220,1,-1,-1,-1
272,17,2482,304,78,185,1,-1,-1,-1
272,18,1683,482,132,264,1,-1,-1,-1
273,3,1088,496,244,252,1,-1,-1,-1
273,10,1106,209,136,264,1,-1,-1,-1
273,13,1927,577,248,239,1,-1,-1,-1
273,15,1960,271,270,347,1,-1,-1,-1
273,16,2320,160,236,212,1,-1,-1,-1
273,17,2482,304,78,185,1,-1,-1,-1
273,18,1684,500,180,248,1,-1,-1,-1
274,3,1089,497,244,252,1,-1,-1,-1
274,10,1104,212,136,264,1,-1,-1,-1
274,13,1933,579,248,239,1,-1,-1,-1
274,15,1961,271,270,347,1,-1,-1,-1
274,16,2324,160,236,212,1,-1,-1,-1
274,17,2495,312,65,176,1,-1,-1,-1
274,18,1686,501,180,248,1,-1,-1,-1
275,3,1090,498,244,252,1,-1,-1,-1
275,10,1103,213,136,264,1,-1,-1,-1
275,13,1941,586,236,228,1,-1,-1,-1
275,15,1962,271,270,347,1,-1,-1,-1
275,16,2326,161,234,212,1,-1,-1,-1
275,17,2495,311,65,176,1,-1,-1,-1
275,18,1687,502,180,248,1,-1,-1,-1
276,3,1093,499,244,252,1,-1,-1,-1
276,10,1099,215,136,264,1,-1,-1,-1
276,13,1963,586,225,217,1,-1,-1,-1
276,15,1963,271,270,347,1,-1,-1,-1
276,16,2331,161,229,212,1,-1,-1,-1
276,17,2500,314,60,176,1,-1,-1,-1
276,18,1690,502,180,248,1,-1,-1,-1
277,3,1094,501,244,252,1,-1,-1,-1
277,10,1101,214,136,264,1,-1,-1,-1
277,13,1979,586,225,217,1,-1,-1,-1
277,15,1963,271,270,347,1,-1,-1,-1
277,16,2337,163,223,212,1,-1,-1,-1
277,18,1693,502,180,248,1,-1,-1,-1
278,3,1096,502,244,252,1,-1,-1,-1
278,10,1102,217,136,264,1,-1,-1,-1
278,13,1999,587,214,207,1,-1,-1,-1
278,15,1964,270,270,347,1,-1,-1,-1
278,16,2343,164,217,212,1,-1,-1,-1
278,18,1696,503,180,248,1,-1,-1,-1
279,3,1097,503,244,252,1,-1,-1,-1
279,10,1101,223,136,264,1,-1,-1,-1
279,13,2006,589,214,207,1,-1,-1,-1
279,15,1964,271,270,347,1,-1,-1,-1
279,16,2357,171,203,202,1,-1,-1,-1
279,18,1700,510,171,236,1,-1,-1,-1
280,3,1097,503,244,252,1,-1,-1,-1
280,10,1093,218,136,264,1,-1,-1,-1
280,13,2006,588,214,207,1,-1,-1,-1
280,15,1964,271,270,347,1,-1,-1,-1
280,16,2356,172,204,202,1,-1,-1,-1
280,18,1697,504,180,248,1,-1,-1,-1
281,3,1104,516,264,236,1,-1,-1,-1
281,10,1044,276,156,232,1,-1,-1,-1
281,13,1992,580,196,224,1,-1,-1,-1
281,15,1960,260,280,328,1,-1,-1,-1
281,16,2412,160,148,212,1,-1,-1,-1
281,18,1724,504,184,264,1,-1,-1,-1
282,3,1105,516,264,236,1,-1,-1,-1
282,10,1043,277,156,232,1,-1,-1,-1
282,13,1997,580,196,224,1,-1,-1,-1
282,15,1961,259,280,328,1,-1,-1,-1
282,16,2421,159,139,212,1,-1,-1,-1
282,18,1728,504,184,264,1,-1,-1,-1
283,3,1110,515,264,236,1,-1,-1,-1
283,10,1043,279,156,232,1,-1,-1,-1
283,13,2003,581,196,224,1,-1,-1,-1
283,15,1962,258,280,328,1,-1,-1,-1
283,16,2435,158,125,212,1,-1,-1,-1
283,18,1736,504,184,264,1,-1,-1,-1
284,3,1112,516,264,236,1,-1,-1,-1
284,10,1042,280,156,232,1,-1,-1,-1
284,13,2009,580,196,224,1,-1,-1,-1
284,15,1963,259,280,328,1,-1,-1,-1
284,16,2441,160,119,212,1,-1,-1,-1
284,18,1744,505,184,264,1,-1,-1,-1
285,3,1114,516,264,236,1,-1,-1,-1
285,10,1043,282,156,232,1,-1,-1,-1
285,13,2011,581,196,224,1,-1,-1,-1
285,15,1965,260,280,328,1,-1,-1,-1
285,16,2442,160,118,212,1,-1,-1,-1
285,18,1746,507,184,264,1,-1,-1,-1
286,3,1116,517,264,236,1,-1,-1,-1
286,10,1041,283,156,232,1,-1,-1,-1
286,13,2016,582,196,224,1,-1,-1,-1
286,15,1965,259,280,328,1,-1,-1,-1
286,16,2449,162,111,212,1,-1,-1,-1
286,18,1744,502,193,277,1,-1,-1,-1
287,3,1117,519,264,236,1,-1,-1,-1
287,10,1040,285,156,232,1,-1,-1,-1
287,13,2015,577,206,235,1,-1,-1,-1
287,15,1967,260,280,328,1,-1,-1,-1
287,16,2456,164,104,212,1,-1,-1,-1
287,18,1745,504,193,277,1,-1,-1,-1
288,3,1127,525,251,225,1,-1,-1,-1
288,10,1039,288,156,232,1,-1,-1,-1
288,13,2020,577,206,235,1,-1,-1,-1
288,15,1968,260,280,328,1,-1,-1,-1
288,16,2461,164,99,212,1,-1,-1,-1
288,18,1748,503,193,277,1,-1,-1,-1
289,3,1160,528,224,216,1,-1,-1,-1
289,10,1032,284,196,272,1,-1,-1,-1
289,13,2088,576,184,232,1,-1,-1,-1
289,15,1968,264,276,340,1,-1,-1,-1
289,16,2452,176,108,208,1,-1,-1,-1
289,18,1756,512,224,248,1,-1,-1,-1
289,19,2468,448,92,180,1,-1,-1,-1
290,3,1160,528,224,216,1,-1,-1,-1
290,10,1032,284,196,272,1,-1,-1,-1
290,13,2088,576,184,232,1,-1,-1,-1
290,15,1968,263,276,340,1,-1,-1,-1
290,16,2452,176,108,208,1,-1,-1,-1
290,18,1756,512,224,248,1,-1,-1,-1
290,19,2468,448,92,180,1,-1,-1,-1
291,3,1167,534,213,206,1,-1,-1,-1
291,10,1030,285,196,272,1,-1,-1,-1
291,13,2092,576,184,232,1,-1,-1,-1
291,15,1968,263,276,340,1,-1,-1,-1
291,16,2454,176,106,208,1,-1,-1,-1
291,18,1759,512,224,248,1,-1,-1,-1
291,19,2468,449,92,180,1,-1,-1,-1
292,3,1168,534,213,206,1,-1,-1,-1
292,10,1027,289,196,272,1,-1,-1,-1
292,13,2091,572,193,244,1,-1,-1,-1
292,15,1968,263,276,340,1,-1,-1,-1
292,16,2460,178,100,208,1,-1,-1,-1
292,18,1765,514,224,248,1,-1,-1,-1
292,19,2467,449,92,180,1,-1,-1,-1
293,3,1168,534,213,206,1,-1,-1,-1
293,10,1030,297,187,259,1,-1,-1,-1
293,13,2094,570,193,244,1,-1,-1,-1
293,15,1967,262,276,340,1,-1,-1,-1
293,16,2465,178,95,208,1,-1,-1,-1
293,18,1770,513,224,248,1,-1,-1,-1
293,19,2467,449,92,180,1,-1,-1,-1
294,3,1170,535,213,206,1,-1,-1,-1
294,10,1024,294,196,272,1,-1,-1,-1
294,13,2099,571,193,244,1,-1,-1,-1
294,15,1965,264,276,340,1,-1,-1,-1
294,16,2467,180,93,208,1,-1,-1,-1
294,18,1772,514,224,248,1,-1,-1,-1
294,19,2466,449,92,180,1,-1,-1,-1
295,3,1168,534,213,206,1,-1,-1,-1
295,10,1024,293,196,272,1,-1,-1,-1
295,13,2100,573,193,244,1,-1,-1,-1
295,15,1966,264,276,340,1,-1,-1,-1
295,16,2467,181,93,208,1,-1,-1,-1
295,18,1773,515,224,248,1,-1,-1,-1
295,19,2466,449,92,180,1,-1,-1,-1
296,3,1170,534,213,206,1,-1,-1,-1
296,10,1023,296,196,272,1,-1,-1,-1
296,13,2100,572,193,244,1,-1,-1,-1
296,15,1966,264,276,340,1,-1,-1,-1
296,16,2469,180,91,208,1,-1,-1,-1
296,18,1772,509,235,260,1,-1,-1,-1
296,19,2466,448,92,180,1,-1,-1,-1
297,3,1180,536,176,216,1,-1,-1,-1
297,10,1012,300,188,260,1,-1,-1,-1
297,13,2116,584,216,236,1,-1,-1,-1
297,15,1968,264,276,344,1,-1,-1,-1
297,16,2469,180,91,208,1,-1,-1,-1
297,18,1776,512,248,248,1,-1,-1,-1
297,19,2466,448,92,180,1,-1,-1,-1
297,20,1296,548,428,360,1,-1,-1,-1
298,3,1180,537,176,216,1,-1,-1,-1
298,10,1012,300,188,260,1,-1,-1,-1
298,13,2119,583,216,236,1,-1,-1,-1
298,15,1969,264,276,344,1,-1,-1,-1
298,16,2472,186,88,208,1,-1,-1,-1
298,18,1778,512,248,248,1,-1,-1,-1
298,19,2466,446,92,180,1,-1,-1,-1
298,20,1296,548,428,360,1,-1,-1,-1
299,3,1181,538,176,216,1,-1,-1,-1
299,10,1011,302,188,260,1,-1,-1,-1
299,13,2122,583,216,236,1,-1,-1,-1
299,15,1971,264,276,344,1,-1,-1,-1
299,16,2478,198,82,198,1,-1,-1,-1
299,18,1784,512,248,248,1,-1,-1,-1
299,19,2467,446,92,180,1,-1,-1,-1
299,20,1297,547,428,360,1,-1,-1,-1
300,3,1180,538,176,216,1,-1,-1,-1
300,10,1009,303,188,260,1,-1,-1,-1
300,13,2122,584,216,236,1,-1,-1,-1
300,15,1971,263,276,344,1,-1,-1,-1
300,16,2478,208,82,198,1,-1,-1,-1
300,18,1784,512,248,248,1,-1,-1,-1
300,19,2467,446,92,180,1,-1,-1,-1
300,20,1298,547,428,360,1,-1,-1,-1
301,3,1181,536,176,216,1,-1,-1,-1
301,10,1008,304,188,260,1,-1,-1,-1
301,13,2127,584,216,236,1,-1,-1,-1
301,15,1972,263,276,344,1,-1,-1,-1
301,16,2479,210,81,198,1,-1,-1,-1
301,18,1790,512,248,248,1,-1,-1,-1
301,19,2468,446,92,180,1,-1,-1,-1
301,20,1298,547,428,360,1,-1,-1,-1
302,3,1183,535,176,216,1,-1,-1,-1
302,10,1006,305,188,260,1,-1,-1,-1
302,13,2131,585,216,236,1,-1,-1,-1
302,15,1974,263,276,344,1,-1,-1,-1
302,16,2479,204,81,198,1,-1,-1,-1
302,18,1796,513,248,248,1,-1,-1,-1
302,19,2467,444,92,180,1,-1,-1,-1
302,20,1298,546,428,360,1,-1,-1,-1
303,3,1183,536,176,216,1,-1,-1,-1
303,10,1004,306,188,260,1,-1,-1,-1
303,13,2142,592,206,225,1,-1,-1,-1
303,15,1976,264,276,344,1,-1,-1,-1
303,16,2472,181,88,198,1,-1,-1,-1
303,18,1798,513,248,248,1,-1,-1,-1
303,19,2470,444,90,180,1,-1,-1,-1
303,20,1299,547,428,360,1,-1,-1,-1
304,3,1186,535,176,216,1,-1,-1,-1
304,10,1004,306,188,260,1,-1,-1,-1
304,13,2140,586,216,236,1,-1,-1,-1
304,15,1977,262,276,344,1,-1,-1,-1
304,16,2466,175,94,198,1,-1,-1,-1
304,18,1800,515,248,248,1,-1,-1,-1
304,19,2472,444,88,180,1,-1,-1,-1
304,20,1299,547,428,360,1,-1,-1,-1
305,3,1188,544,160,204,1,-1,-1,-1
305,10,1012,312,192,276,1,-1,-1,-1
305,13,2140,586,216,236,1,-1,-1,-1
305,15,1977,262,276,344,1,-1,-1,-1
305,16,2466,175,94,198,1,-1,-1,-1
305,18,1800,515,248,248,1,-1,-1,-1
305,19,2472,444,88,180,1,-1,-1,-1
305,20,1296,548,424,360,1,-1,-1,-1
306,3,1190,543,160,204,1,-1,-1,-1
306,10,1011,314,192,276,1,-1,-1,-1
306,13,2142,587,216,236,1,-1,-1,-1
306,15,1978,262,276,344,1,-1,-1,-1
306,16,2463,159,97,208,1,-1,-1,-1
306,18,1807,515,248,248,1,-1,-1,-1
306,19,2473,442,87,180,1,-1,-1,-1
306,20,1296,548,424,360,1,-1,-1,-1
307,3,1192,542,160,204,1,-1,-1,-1
307,10,1013,315,192,276,1,-1,-1,-1
307,13,2146,589,216,236,1,-1,-1,-1
307,15,1979,262,276,344,1,-1,-1,-1
307,16,2465,174,95,208,1,-1,-1,-1
307,18,1806,507,260,260,1,-1,-1,-1
307,19,2475,442,85,180,1,-1,-1,-1
307,20,1297,547,424,360,1,-1,-1,-1
308,3,1200,548,152,194,1,-1,-1,-1
308,10,1007,310,202,290,1,-1,-1,-1
308,13,2161,594,206,225,1,-1,-1,-1
308,15,1980,262,276,344,1,-1,-1,-1
308,18,1809,502,273,273,1,-1,-1,-1
308,19,2477,442,83,180,1,-1,-1,-1
308,20,1298,547,424,360,1,-1,-1,-1
309,3,1205,547,152,194,1,-1,-1,-1
309,10,1008,310,202,290,1,-1,-1,-1
309,13,2169,595,206,225,1,-1,-1,-1
309,15,1990,270,263,328,1,-1,-1,-1
309,18,1814,505,273,273,1,-1,-1,-1
309,19,2479,441,81,180,1,-1,-1,-1
309,20,1301,547,424,360,1,-1,-1,-1
310,3,1204,548,152,194,1,-1,-1,-1
310,10,1009,310,202,290,1,-1,-1,-1
310,13,2168,594,206,225,1,-1,-1,-1
310,15,1994,270,263,328,1,-1,-1,-1
310,18,1813,503,273,273,1,-1,-1,-1
310,19,2481,442,79,180,1,-1,-1,-1
310,20,1300,548,424,360,1,-1,-1,-1
311,3,1209,547,152,194,1,-1,-1,-1
311,10,1010,313,202,290,1,-1,-1,-1
311,13,2182,596,206,225,1,-1,-1,-1
311,15,1996,270,263,328,1,-1,-1,-1
311,18,1828,501,273,273,1,-1,-1,-1
311,19,2484,442,76,180,1,-1,-1,-1
311,20,1302,547,424,360,1,-1,-1,-1
312,3,1216,546,152,194,1,-1,-1,-1
312,10,1016,323,192,276,1,-1,-1,-1
312,13,2187,596,206,225,1,-1,-1,-1
312,15,2000,269,263,328,1,-1,-1,-1
312,18,1835,504,273,273,1,-1,-1,-1
312,19,2485,436,75,189,1,-1,-1,-1
312,20,1304,546,424,360,1,-1,-1,-1
313,3,1216,546,152,194,1,-1,-1,-1
313,10,988,336,216,264,1,-1,-1,-1
313,13,2187,596,206,225,1,-1,-1,-1
313,15,2000,269,263,328,1,-1,-1,-1
313,18,1835,504,273,273,1,-1,-1,-1
313,19,2485,436,75,189,1,-1,-1,-1
313,20,1296,548,424,360,1,-1,-1,-1
314,3,1231,546,152,194,1,-1,-1,-1
314,10,986,338,216,264,1,-1,-1,-1
314,13,2214,603,196,214,1,-1,-1,-1
314,15,2008,269,263,328,1,-1,-1,-1
314,18,1874,507,273,273,1,-1,-1,-1
314,19,2498,442,62,180,1,-1,-1,-1
314,20,1299,547,424,360,1,-1,-1,-1
315,3,1231,545,152,194,1,-1,-1,-1
315,10,993,345,206,251,1,-1,-1,-1
315,13,2220,600,196,214,1,-1,-1,-1
315,15,2011,269,263,328,1,-1,-1,-1
315,18,1897,512,260,260,1,-1,-1,-1
315,19,2495,435,65,189,1,-1,-1,-1
315,20,1299,546,424,360,1,-1,-1,-1
316,3,1236,546,152,194,1,-1,-1,-1
316,10,994,345,206,251,1,-1,-1,-1
316,13,2221,593,206,225,1,-1,-1,-1
316,15,2013,270,263,328,1,-1,-1,-1
316,18,1903,511,260,260,1,-1,-1,-1
316,19,2500,439,60,180,1,-1,-1,-1
316,20,1301,544,424,360,1,-1,-1,-1
317,3,1246,547,152,194,1,-1,-1,-1
317,10,993,345,206,251,1,-1,-1,-1
317,13,2231,596,206,225,1,-1,-1,-1
317,15,2014,270,263,328,1,-1,-1,-1
317,18,1919,510,260,260,1,-1,-1,-1
317,19,2502,437,58,180,1,-1,-1,-1
317,20,1302,544,424,360,1,-1,-1,-1
318,3,1253,545,152,194,1,-1,-1,-1
318,10,992,348,206,251,1,-1,-1,-1
318,13,2241,597,206,225,1,-1,-1,-1
318,15,2016,268,263,328,1,-1,-1,-1
318,18,1934,518,248,248,1,-1,-1,-1
318,19,2505,438,55,180,1,-1,-1,-1
318,20,1304,544,424,360,1,-1,-1,-1
319,3,1268,546,152,194,1,-1,-1,-1
319,10,994,346,206,251,1,-1,-1,-1
319,13,2257,603,206,225,1,-1,-1,-1
319,15,2020,266,263,328,1,-1,-1,-1
319,18,1948,517,248,248,1,-1,-1,-1
319,19,2508,437,52,180,1,-1,-1,-1
319,20,1305,544,424,360,1,-1,-1,-1
320,3,1268,544,152,194,1,-1,-1,-1
320,10,996,345,206,251,1,-1,-1,-1
320,13,2257,603,206,225,1,-1,-1,-1
320,15,2025,265,263,328,1,-1,-1,-1
320,18,1948,516,248,248,1,-1,-1,-1
320,19,2510,443,50,171,1,-1,-1,-1
320,20,1305,544,424,360,1,-1,-1,-1
321,3,1268,544,152,194,1,-1,-1,-1
321,10,976,348,224,272,1,-1,-1,-1
321,13,2257,603,206,225,1,-1,-1,-1
321,15,2025,265,263,328,1,-1,-1,-1
321,18,1948,516,248,248,1,-1,-1,-1
321,19,2510,443,50,171,1,-1,-1,-1
321,20,1296,548,428,360,1,-1,-1,-1
