1,0,2276,512,280,196,1,-1,-1,-1
1,1,1756,612,240,132,1,-1,-1,-1
1,2,1136,620,296,140,1,-1,-1,-1
1,3,900,624,236,136,1,-1,-1,-1
1,4,240,616,188,156,1,-1,-1,-1
2,0,2265,512,280,196,1,-1,-1,-1
2,1,1751,613,240,132,1,-1,-1,-1
2,2,1137,620,296,140,1,-1,-1,-1
2,3,903,625,236,136,1,-1,-1,-1
2,4,256,615,188,156,1,-1,-1,-1
3,0,2253,515,280,196,1,-1,-1,-1
3,1,1745,614,240,132,1,-1,-1,-1
3,2,1144,621,296,140,1,-1,-1,-1
3,3,918,626,236,136,1,-1,-1,-1
3,4,275,615,188,156,1,-1,-1,-1
4,0,2232,520,267,187,1,-1,-1,-1
4,1,1728,616,240,132,1,-1,-1,-1
4,2,1145,623,296,140,1,-1,-1,-1
4,3,928,626,236,136,1,-1,-1,-1
4,4,310,618,188,156,1,-1,-1,-1
5,0,2223,525,254,178,1,-1,-1,-1
5,1,1728,620,229,126,1,-1,-1,-1
5,2,1146,626,296,140,1,-1,-1,-1
5,3,926,627,236,136,1,-1,-1,-1
5,4,322,617,188,156,1,-1,-1,-1
6,0,2210,525,254,178,1,-1,-1,-1
6,1,1721,621,229,126,1,-1,-1,-1
6,2,1146,626,296,140,1,-1,-1,-1
6,3,935,625,236,136,1,-1,-1,-1
6,4,339,616,188,156,1,-1,-1,-1
7,0,2206,527,254,178,1,-1,-1,-1
7,1,1715,624,229,126,1,-1,-1,-1
7,2,1149,627,296,140,1,-1,-1,-1
7,3,939,628,236,136,1,-1,-1,-1
7,4,355,618,188,156,1,-1,-1,-1
8,0,2204,525,254,178,1,-1,-1,-1
8,1,1711,624,229,126,1,-1,-1,-1
8,2,1166,629,282,133,1,-1,-1,-1
8,3,947,633,225,130,1,-1,-1,-1
8,4,363,619,188,156,1,-1,-1,-1
9,0,2208,528,280,184,1,-1,-1,-1
9,1,1716,628,224,120,1,-1,-1,-1
9,2,1224,624,224,124,1,-1,-1,-1
9,3,948,616,256,136,1,-1,-1,-1
9,4,352,624,172,132,1,-1,-1,-1
9,5,608,632,216,112,1,-1,-1,-1
9,6,208,628,172,116,1,-1,-1,-1
10,0,2212,526,280,184,1,-1,-1,-1
10,1,1716,628,224,120,1,-1,-1,-1
10,2,1226,624,224,124,1,-1,-1,-1
10,3,949,616,256,136,1,-1,-1,-1
10,4,353,624,172,132,1,-1,-1,-1
10,5,610,632,216,112,1,-1,-1,-1
10,6,211,628,172,116,1,-1,-1,-1
11,0,2217,527,280,184,1,-1,-1,-1
11,1,1719,628,224,120,1,-1,-1,-1
11,2,1229,624,224,124,1,-1,-1,-1
11,3,951,617,256,136,1,-1,-1,-1
11,4,357,625,172,132,1,-1,-1,-1
11,5,614,632,216,112,1,-1,-1,-1
11,6,213,629,172,116,1,-1,-1,-1
12,0,2228,526,280,184,1,-1,-1,-1
12,1,1725,627,224,120,1,-1,-1,-1
12,2,1234,625,224,124,1,-1,-1,-1
12,3,945,613,269,143,1,-1,-1,-1
12,4,356,625,172,132,1,-1,-1,-1
12,5,615,633,216,112,1,-1,-1,-1
12,6,215,629,172,116,1,-1,-1,-1
13,0,2240,530,267,175,1,-1,-1,-1
13,1,1730,628,224,120,1,-1,-1,-1
13,2,1237,626,224,124,1,-1,-1,-1
13,3,945,613,269,143,1,-1,-1,-1
13,4,358,626,172,132,1,-1,-1,-1
13,5,615,634,216,112,1,-1,-1,-1
13,6,214,627,181,122,1,-1,-1,-1
14,0,2247,530,267,175,1,-1,-1,-1
14,1,1733,628,224,120,1,-1,-1,-1
14,2,1239,627,224,124,1,-1,-1,-1
14,3,950,614,269,143,1,-1,-1,-1
14,4,361,626,172,132,1,-1,-1,-1
14,5,617,635,216,112,1,-1,-1,-1
14,6,216,627,181,122,1,-1,-1,-1
15,0,2251,529,267,175,1,-1,-1,-1
15,1,1736,629,224,120,1,-1,-1,-1
15,2,1242,629,224,124,1,-1,-1,-1
15,3,948,612,269,143,1,-1,-1,-1
15,4,361,626,172,132,1,-1,-1,-1
15,5,617,636,216,112,1,-1,-1,-1
15,6,218,628,181,122,1,-1,-1,-1
16,0,2253,526,267,175,1,-1,-1,-1
16,1,1736,628,235,126,1,-1,-1,-1
16,2,1247,631,224,124,1,-1,-1,-1
16,3,956,612,269,143,1,-1,-1,-1
16,4,362,626,172,132,1,-1,-1,-1
16,5,624,636,216,112,1,-1,-1,-1
16,6,227,633,172,116,1,-1,-1,-1
17,0,2276,532,272,152,1,-1,-1,-1
17,1,1736,632,240,112,1,-1,-1,-1
17,2,1200,624,288,136,1,-1,-1,-1
17,3,956,612,269,143,1,-1,-1,-1
17,4,392,632,164,116,1,-1,-1,-1
17,5,624,636,216,112,1,-1,-1,-1
17,6,260,644,164,104,1,-1,-1,-1
17,7,1044,636,228,104,1,-1,-1,-1
17,8,596,644,260,144,1,-1,-1,-1
17,9,4,624,220,168,1,-1,-1,-1
18,0,2284,532,272,152,1,-1,-1,-1
18,1,1735,630,252,118,1,-1,-1,-1
18,2,1206,627,288,136,1,-1,-1,-1
18,3,955,614,256,136,1,-1,-1,-1
18,4,398,633,164,116,1,-1,-1,-1
18,5,641,641,206,107,1,-1,-1,-1
18,6,268,647,164,104,1,-1,-1,-1
18,7,1051,639,228,104,1,-1,-1,-1
18,8,599,644,260,144,1,-1,-1,-1
18,9,9,625,220,168,1,-1,-1,-1
19,0,2289,533,271,152,1,-1,-1,-1
19,1,1738,632,252,118,1,-1,-1,-1
19,2,1209,630,288,136,1,-1,-1,-1
19,3,956,615,256,136,1,-1,-1,-1
19,4,401,633,164,116,1,-1,-1,-1
19,5,637,643,206,107,1,-1,-1,-1
19,6,271,647,164,104,1,-1,-1,-1
19,7,1051,639,228,104,1,-1,-1,-1
19,8,603,647,260,144,1,-1,-1,-1
19,9,10,626,220,168,1,-1,-1,-1
20,0,2291,534,269,152,1,-1,-1,-1
20,1,1740,633,252,118,1,-1,-1,-1
20,2,1213,633,288,136,1,-1,-1,-1
20,3,953,618,256,136,1,-1,-1,-1
20,4,400,633,164,116,1,-1,-1,-1
20,5,639,646,206,107,1,-1,-1,-1
20,6,271,647,164,104,1,-1,-1,-1
20,7,1062,643,217,99,1,-1,-1,-1
20,8,600,647,260,144,1,-1,-1,-1
20,9,12,626,220,168,1,-1,-1,-1
21,0,2310,533,250,152,1,-1,-1,-1
21,1,1765,637,240,112,1,-1,-1,-1
21,2,1236,633,288,136,1,-1,-1,-1
21,3,964,621,256,136,1,-1,-1,-1
21,4,415,633,164,116,1,-1,-1,-1
21,5,655,646,206,107,1,-1,-1,-1
21,6,287,648,164,104,1,-1,-1,-1
21,7,1075,643,217,99,1,-1,-1,-1
21,8,615,648,260,144,1,-1,-1,-1
21,9,26,627,220,168,1,-1,-1,-1
22,0,2318,542,242,145,1,-1,-1,-1
22,1,1767,630,252,118,1,-1,-1,-1
22,2,1245,633,288,136,1,-1,-1,-1
22,3,968,622,256,136,1,-1,-1,-1
22,4,434,637,156,110,1,-1,-1,-1
22,5,670,648,206,107,1,-1,-1,-1
22,6,303,651,164,104,1,-1,-1,-1
22,7,1084,642,228,104,1,-1,-1,-1
22,8,628,650,260,144,1,-1,-1,-1
22,9,40,630,220,168,1,-1,-1,-1
23,0,2322,545,238,145,1,-1,-1,-1
23,1,1776,629,252,118,1,-1,-1,-1
23,2,1259,635,274,130,1,-1,-1,-1
23,3,977,625,256,136,1,-1,-1,-1
23,4,444,641,156,110,1,-1,-1,-1
23,5,685,647,206,107,1,-1,-1,-1
23,6,321,654,164,104,1,-1,-1,-1
23,7,1090,643,228,104,1,-1,-1,-1
23,8,635,651,260,144,1,-1,-1,-1
23,9,54,629,220,168,1,-1,-1,-1
24,0,2329,544,231,145,1,-1,-1,-1
24,1,1797,630,240,112,1,-1,-1,-1
24,2,1287,640,261,123,1,-1,-1,-1
24,3,994,625,256,136,1,-1,-1,-1
24,4,454,642,156,110,1,-1,-1,-1
24,5,698,643,216,112,1,-1,-1,-1
24,6,335,656,164,104,1,-1,-1,-1
24,7,1099,642,239,109,1,-1,-1,-1
24,8,646,652,260,144,1,-1,-1,-1
24,9,74,637,210,160,1,-1,-1,-1
25,0,2329,544,231,145,1,-1,-1,-1
25,1,1816,604,220,152,1,-1,-1,-1
25,2,1320,628,244,136,1,-1,-1,-1
25,3,994,625,256,136,1,-1,-1,-1
25,4,454,642,156,110,1,-1,-1,-1
25,5,698,643,216,112,1,-1,-1,-1
25,6,335,656,164,104,1,-1,-1,-1
25,7,1099,642,239,109,1,-1,-1,-1
25,8,646,652,260,144,1,-1,-1,-1
25,9,74,637,210,160,1,-1,-1,-1
25,10,2392,560,164,112,1,-1,-1,-1
25,11,356,632,268,128,1,-1,-1,-1
26,0,2376,541,184,145,1,-1,-1,-1
26,1,1843,604,220,152,1,-1,-1,-1
26,2,1351,630,244,136,1,-1,-1,-1
26,3,1030,630,256,136,1,-1,-1,-1
26,4,504,645,156,110,1,-1,-1,-1
26,5,755,641,216,112,1,-1,-1,-1
26,6,389,657,164,104,1,-1,-1,-1
26,7,1126,647,239,109,1,-1,-1,-1
26,8,694,651,260,144,1,-1,-1,-1
26,9,114,640,210,160,1,-1,-1,-1
26,10,2422,560,138,112,1,-1,-1,-1
26,11,387,633,268,128,1,-1,-1,-1
27,0,2385,538,175,145,1,-1,-1,-1
27,1,1860,608,220,152,1,-1,-1,-1
27,2,1371,632,244,136,1,-1,-1,-1
27,3,1048,629,256,136,1,-1,-1,-1
27,4,517,645,164,116,1,-1,-1,-1
27,5,768,643,216,112,1,-1,-1,-1
27,6,408,658,164,104,1,-1,-1,-1
27,7,1141,650,228,104,1,-1,-1,-1
27,8,708,649,260,144,1,-1,-1,-1
27,9,135,639,210,160,1,-1,-1,-1
27,10,2437,561,123,112,1,-1,-1,-1
27,11,410,635,268,128,1,-1,-1,-1
28,0,2408,539,152,145,1,-1,-1,-1
28,1,1873,608,220,152,1,-1,-1,-1
28,2,1382,634,244,136,1,-1,-1,-1
28,3,1059,633,256,136,1,-1,-1,-1
28,4,532,644,172,122,1,-1,-1,-1
28,6,428,658,164,104,1,-1,-1,-1
28,7,1155,646,239,109,1,-1,-1,-1
28,8,730,652,248,137,1,-1,-1,-1
28,9,150,639,210,160,1,-1,-1,-1
28,10,2451,560,109,112,1,-1,-1,-1
28,11,422,635,268,128,1,-1,-1,-1
29,0,2414,541,146,145,1,-1,-1,-1
29,1,1889,609,220,152,1,-1,-1,-1
29,2,1397,634,244,136,1,-1,-1,-1
29,3,1071,634,256,136,1,-1,-1,-1
29,4,547,645,172,122,1,-1,-1,-1
29,6,447,660,156,99,1,-1,-1,-1
29,7,1174,645,251,115,1,-1,-1,-1
29,8,743,655,248,137,1,-1,-1,-1
29,9,163,639,210,160,1,-1,-1,-1
29,10,2466,558,94,112,1,-1,-1,-1
29,11,441,634,268,128,1,-1,-1,-1
30,0,2431,540,129,145,1,-1,-1,-1
30,1,1912,611,220,152,1,-1,-1,-1
30,2,1421,633,244,136,1,-1,-1,-1
30,3,1088,627,269,143,1,-1,-1,-1
30,4,575,643,172,122,1,-1,-1,-1
30,6,478,658,156,99,1,-1,-1,-1
30,8,768,657,248,137,1,-1,-1,-1
30,9,182,638,210,160,1,-1,-1,-1
30,10,2485,556,75,112,1,-1,-1,-1
30,11,467,633,268,128,1,-1,-1,-1
31,0,2439,545,121,145,1,-1,-1,-1
31,1,1920,610,231,160,1,-1,-1,-1
31,2,1430,634,244,136,1,-1,-1,-1
31,3,1094,628,269,143,1,-1,-1,-1
31,4,590,643,172,122,1,-1,-1,-1
31,6,496,657,149,94,1,-1,-1,-1
31,8,787,658,248,137,1,-1,-1,-1
31,9,201,640,200,152,1,-1,-1,-1
31,10,2495,555,65,112,1,-1,-1,-1
31,11,477,632,268,128,1,-1,-1,-1
32,0,2444,548,116,145,1,-1,-1,-1
32,1,1928,611,231,160,1,-1,-1,-1
32,2,1432,629,256,143,1,-1,-1,-1
32,3,1107,628,269,143,1,-1,-1,-1
32,4,601,639,172,122,1,-1,-1,-1
32,6,505,655,149,94,1,-1,-1,-1
32,8,806,653,248,137,1,-1,-1,-1
32,9,206,637,210,160,1,-1,-1,-1
32,10,2502,559,58,107,1,-1,-1,-1
32,11,491,634,255,122,1,-1,-1,-1
33,0,2444,548,116,145,1,-1,-1,-1
33,1,1936,632,244,128,1,-1,-1,-1
33,2,1432,629,256,143,1,-1,-1,-1
33,3,1107,628,269,143,1,-1,-1,-1
33,4,601,639,172,122,1,-1,-1,-1
33,6,505,655,149,94,1,-1,-1,-1
33,8,806,653,248,137,1,-1,-1,-1
33,9,206,637,210,160,1,-1,-1,-1
33,10,2502,559,58,107,1,-1,-1,-1
33,11,524,636,220,112,1,-1,-1,-1
33,12,876,648,184,124,1,-1,-1,-1
33,13,1312,644,268,120,1,-1,-1,-1
34,0,2460,543,100,145,1,-1,-1,-1
34,1,1953,632,244,128,1,-1,-1,-1
34,2,1455,628,256,143,1,-1,-1,-1
34,3,1124,625,269,143,1,-1,-1,-1
34,4,628,638,172,122,1,-1,-1,-1
34,6,525,651,156,99,1,-1,-1,-1
34,8,814,659,248,137,1,-1,-1,-1
34,9,223,634,210,160,1,-1,-1,-1
34,10,2513,561,47,112,1,-1,-1,-1
34,11,540,636,220,112,1,-1,-1,-1
34,12,892,648,184,124,1,-1,-1,-1
34,13,1329,644,268,120,1,-1,-1,-1
35,0,2462,545,98,138,1,-1,-1,-1
35,1,1958,632,244,128,1,-1,-1,-1
35,2,1464,630,256,143,1,-1,-1,-1
35,3,1127,628,269,143,1,-1,-1,-1
35,4,633,638,172,122,1,-1,-1,-1
35,6,541,648,149,94,1,-1,-1,-1
35,8,813,663,248,137,1,-1,-1,-1
35,9,238,632,210,160,1,-1,-1,-1
35,10,2521,560,39,118,1,-1,-1,-1
35,11,549,637,220,112,1,-1,-1,-1
35,12,901,648,184,124,1,-1,-1,-1
35,13,1334,644,268,120,1,-1,-1,-1
36,1,1965,631,244,128,1,-1,-1,-1
36,2,1477,630,256,143,1,-1,-1,-1
36,4,649,639,164,116,1,-1,-1,-1
36,6,543,650,149,94,1,-1,-1,-1
36,8,815,665,248,137,1,-1,-1,-1
36,9,239,633,210,160,1,-1,-1,-1
36,10,2524,563,36,112,1,-1,-1,-1
36,11,557,639,210,107,1,-1,-1,-1
36,12,908,647,184,124,1,-1,-1,-1
36,13,1340,644,268,120,1,-1,-1,-1
37,1,1972,631,244,128,1,-1,-1,-1
37,2,1475,626,269,150,1,-1,-1,-1
37,4,651,637,172,122,1,-1,-1,-1
37,6,556,651,149,94,1,-1,-1,-1
37,8,833,670,236,131,1,-1,-1,-1
37,9,248,632,210,160,1,-1,-1,-1
37,10,2529,563,31,112,1,-1,-1,-1
37,11,558,638,220,112,1,-1,-1,-1
37,12,912,649,184,124,1,-1,-1,-1
37,13,1344,643,268,120,1,-1,-1,-1
38,1,1986,630,244,128,1,-1,-1,-1
38,2,1495,627,269,150,1,-1,-1,-1
38,4,665,637,172,122,1,-1,-1,-1
38,8,863,667,236,131,1,-1,-1,-1
38,9,261,631,210,160,1,-1,-1,-1
38,10,2539,561,21,118,1,-1,-1,-1
38,11,571,636,220,112,1,-1,-1,-1
38,12,927,646,184,124,1,-1,-1,-1
38,13,1356,643,268,120,1,-1,-1,-1
39,1,1991,628,244,128,1,-1,-1,-1
39,2,1503,627,269,150,1,-1,-1,-1
39,4,670,637,172,122,1,-1,-1,-1
39,8,874,667,225,124,1,-1,-1,-1
39,9,251,627,220,168,1,-1,-1,-1
39,10,2540,560,20,118,1,-1,-1,-1
39,11,572,637,220,112,1,-1,-1,-1
39,12,930,643,193,130,1,-1,-1,-1
39,13,1359,643,268,120,1,-1,-1,-1
40,1,1995,627,244,128,1,-1,-1,-1
40,2,1515,629,256,143,1,-1,-1,-1
40,4,669,634,181,128,1,-1,-1,-1
40,8,882,657,236,131,1,-1,-1,-1
40,9,259,628,220,168,1,-1,-1,-1
40,11,579,638,220,112,1,-1,-1,-1
40,12,940,642,193,130,1,-1,-1,-1
40,13,1363,644,268,120,1,-1,-1,-1
41,1,2004,624,244,132,1,-1,-1,-1
41,2,1548,656,248,112,1,-1,-1,-1
41,4,704,628,172,128,1,-1,-1,-1
41,8,882,657,236,131,1,-1,-1,-1
41,9,259,628,220,168,1,-1,-1,-1
41,11,579,638,220,112,1,-1,-1,-1
41,12,968,636,228,140,1,-1,-1,-1
41,13,1363,644,268,120,1,-1,-1,-1
41,14,88,656,204,140,1,-1,-1,-1
41,15,364,624,156,168,1,-1,-1,-1
41,16,1396,640,168,120,1,-1,-1,-1
42,1,2005,619,256,139,1,-1,-1,-1
42,2,1553,655,248,112,1,-1,-1,-1
42,4,710,627,172,128,1,-1,-1,-1
42,8,913,658,225,124,1,-1,-1,-1
42,9,275,624,220,168,1,-1,-1,-1
42,11,592,636,231,118,1,-1,-1,-1
42,12,980,635,228,140,1,-1,-1,-1
42,13,1378,645,268,120,1,-1,-1,-1
42,14,93,655,204,140,1,-1,-1,-1
42,15,370,624,156,168,1,-1,-1,-1
42,16,1403,640,168,120,1,-1,-1,-1
43,1,2011,617,256,139,1,-1,-1,-1
43,2,1556,654,248,112,1,-1,-1,-1
43,4,715,627,172,128,1,-1,-1,-1
43,11,594,636,231,118,1,-1,-1,-1
43,12,983,633,228,140,1,-1,-1,-1
43,13,1377,640,281,126,1,-1,-1,-1
43,14,98,654,204,140,1,-1,-1,-1
43,15,375,625,156,168,1,-1,-1,-1
43,16,1406,639,168,120,1,-1,-1,-1
44,1,2017,615,256,139,1,-1,-1,-1
44,2,1557,651,260,118,1,-1,-1,-1
44,4,721,627,172,128,1,-1,-1,-1
44,11,598,635,231,118,1,-1,-1,-1
44,12,995,635,217,133,1,-1,-1,-1
44,13,1380,638,281,126,1,-1,-1,-1
44,14,102,656,204,140,1,-1,-1,-1
44,15,378,627,156,168,1,-1,-1,-1
44,16,1407,639,168,120,1,-1,-1,-1
45,1,2021,614,256,139,1,-1,-1,-1
45,2,1560,651,260,118,1,-1,-1,-1
45,4,723,628,172,128,1,-1,-1,-1
45,11,602,635,231,118,1,-1,-1,-1
45,12,1000,633,217,133,1,-1,-1,-1
45,13,1382,639,281,126,1,-1,-1,-1
45,14,106,658,204,140,1,-1,-1,-1
45,15,382,628,156,168,1,-1,-1,-1
45,16,1411,638,168,120,1,-1,-1,-1
46,1,2034,612,256,139,1,-1,-1,-1
46,2,1564,647,273,123,1,-1,-1,-1
46,4,732,626,172,128,1,-1,-1,-1
46,11,616,631,231,118,1,-1,-1,-1
46,12,1008,633,217,133,1,-1,-1,-1
46,13,1385,640,281,126,1,-1,-1,-1
46,14,112,661,204,140,1,-1,-1,-1
46,15,392,628,156,168,1,-1,-1,-1
46,16,1418,639,168,120,1,-1,-1,-1
47,1,2037,611,256,139,1,-1,-1,-1
47,2,1568,645,273,123,1,-1,-1,-1
47,4,734,626,172,128,1,-1,-1,-1
47,11,615,632,231,118,1,-1,-1,-1
47,12,1007,627,217,133,1,-1,-1,-1
47,13,1390,640,281,126,1,-1,-1,-1
47,14,116,664,204,140,1,-1,-1,-1
47,15,396,627,156,168,1,-1,-1,-1
47,16,1423,639,168,120,1,-1,-1,-1
48,1,2042,609,256,139,1,-1,-1,-1
48,2,1579,646,260,118,1,-1,-1,-1
48,4,732,623,181,134,1,-1,-1,-1
48,11,619,629,231,118,1,-1,-1,-1
48,12,1014,631,207,127,1,-1,-1,-1
48,13,1397,639,281,126,1,-1,-1,-1
48,14,126,671,194,133,1,-1,-1,-1
48,15,400,629,156,168,1,-1,-1,-1
48,16,1427,640,168,120,1,-1,-1,-1
49,1,2064,608,244,148,1,-1,-1,-1
49,2,1579,646,260,118,1,-1,-1,-1
49,4,676,624,232,164,1,-1,-1,-1
49,11,619,629,231,118,1,-1,-1,-1
49,12,1048,620,204,144,1,-1,-1,-1
49,13,1397,639,281,126,1,-1,-1,-1
49,14,108,668,212,132,1,-1,-1,-1
49,15,400,629,156,168,1,-1,-1,-1
49,16,1427,640,168,120,1,-1,-1,-1
49,17,1444,640,404,140,1,-1,-1,-1
50,1,2070,609,244,148,1,-1,-1,-1
50,2,1578,644,273,123,1,-1,-1,-1
50,4,679,623,232,164,1,-1,-1,-1
50,11,641,630,220,112,1,-1,-1,-1
50,12,1052,621,204,144,1,-1,-1,-1
50,13,1407,639,295,132,1,-1,-1,-1
50,14,111,668,212,132,1,-1,-1,-1
50,15,413,631,156,168,1,-1,-1,-1
50,16,1436,642,168,120,1,-1,-1,-1
50,17,1446,643,404,140,1,-1,-1,-1
51,1,2074,609,244,148,1,-1,-1,-1
51,2,1593,644,260,118,1,-1,-1,-1
51,4,684,622,232,164,1,-1,-1,-1
51,11,652,632,210,107,1,-1,-1,-1
51,12,1056,622,204,144,1,-1,-1,-1
51,13,1402,641,295,132,1,-1,-1,-1
51,14,114,667,212,132,1,-1,-1,-1
51,15,419,630,156,168,1,-1,-1,-1
51,16,1444,641,168,120,1,-1,-1,-1
51,17,1449,645,404,140,1,-1,-1,-1
52,1,2078,610,244,148,1,-1,-1,-1
52,2,1596,641,260,118,1,-1,-1,-1
52,4,686,622,232,164,1,-1,-1,-1
52,11,653,633,210,107,1,-1,-1,-1
52,12,1056,622,204,144,1,-1,-1,-1
52,13,1428,639,295,132,1,-1,-1,-1
52,14,116,668,212,132,1,-1,-1,-1
52,15,434,640,156,168,1,-1,-1,-1
52,16,1459,640,160,114,1,-1,-1,-1
52,17,1440,643,424,147,1,-1,-1,-1
53,1,2084,610,244,148,1,-1,-1,-1
53,2,1598,639,260,118,1,-1,-1,-1
53,4,691,622,232,164,1,-1,-1,-1
53,11,659,636,200,102,1,-1,-1,-1
53,12,1058,621,204,144,1,-1,-1,-1
53,13,1432,640,295,132,1,-1,-1,-1
53,14,117,668,212,132,1,-1,-1,-1
53,15,438,644,156,168,1,-1,-1,-1
53,16,1464,639,160,114,1,-1,-1,-1
53,17,1443,641,424,147,1,-1,-1,-1
54,1,2091,607,244,148,1,-1,-1,-1
54,2,1605,637,260,118,1,-1,-1,-1
54,4,695,623,232,164,1,-1,-1,-1
54,11,667,632,210,107,1,-1,-1,-1
54,12,1058,620,204,144,1,-1,-1,-1
54,13,1441,640,295,132,1,-1,-1,-1
54,14,120,669,212,132,1,-1,-1,-1
54,15,432,640,164,176,1,-1,-1,-1
54,16,1471,640,160,114,1,-1,-1,-1
54,17,1449,638,424,147,1,-1,-1,-1
55,1,2094,605,244,148,1,-1,-1,-1
55,2,1608,635,260,118,1,-1,-1,-1
55,4,696,625,232,164,1,-1,-1,-1
55,12,1054,617,214,151,1,-1,-1,-1
55,13,1437,639,295,132,1,-1,-1,-1
55,14,123,670,212,132,1,-1,-1,-1
55,15,434,642,164,176,1,-1,-1,-1
55,16,1476,641,160,114,1,-1,-1,-1
55,17,1461,642,404,140,1,-1,-1,-1
56,1,2099,603,244,148,1,-1,-1,-1
56,2,1613,635,260,118,1,-1,-1,-1
56,4,696,625,232,164,1,-1,-1,-1
56,12,1058,617,214,151,1,-1,-1,-1
56,13,1425,634,310,139,1,-1,-1,-1
56,14,126,670,212,132,1,-1,-1,-1
56,15,433,641,164,176,1,-1,-1,-1
56,16,1476,641,160,114,1,-1,-1,-1
56,17,1460,641,404,140,1,-1,-1,-1
57,1,2108,588,236,168,1,-1,-1,-1
57,2,1596,624,288,152,1,-1,-1,-1
57,4,728,656,200,140,1,-1,-1,-1
57,12,1092,624,172,140,1,-1,-1,-1
57,13,1425,634,310,139,1,-1,-1,-1
57,14,156,672,196,124,1,-1,-1,-1
57,15,433,641,164,176,1,-1,-1,-1
57,16,1480,656,172,108,1,-1,-1,-1
57,17,1460,641,404,140,1,-1,-1,-1
57,18,0,676,108,124,1,-1,-1,-1
58,1,2114,587,236,168,1,-1,-1,-1
58,2,1599,624,288,152,1,-1,-1,-1
58,4,728,656,200,140,1,-1,-1,-1
58,12,1094,625,172,140,1,-1,-1,-1
58,13,1427,634,310,139,1,-1,-1,-1
58,14,162,671,196,124,1,-1,-1,-1
58,15,441,645,164,176,1,-1,-1,-1
58,16,1483,657,172,108,1,-1,-1,-1
58,17,1464,641,404,140,1,-1,-1,-1
58,18,2,675,108,124,1,-1,-1,-1
59,1,2119,586,236,168,1,-1,-1,-1
59,2,1605,625,288,152,1,-1,-1,-1
59,4,729,658,200,140,1,-1,-1,-1
59,12,1094,628,172,140,1,-1,-1,-1
59,13,1430,638,310,139,1,-1,-1,-1
59,14,163,672,196,124,1,-1,-1,-1
59,15,440,641,164,176,1,-1,-1,-1
59,16,1485,658,172,108,1,-1,-1,-1
59,17,1458,638,424,147,1,-1,-1,-1
59,18,3,674,108,124,1,-1,-1,-1
60,1,2122,587,236,168,1,-1,-1,-1
60,2,1607,624,288,152,1,-1,-1,-1
60,4,732,658,200,140,1,-1,-1,-1
60,12,1096,629,172,140,1,-1,-1,-1
60,14,165,672,196,124,1,-1,-1,-1
60,15,448,647,164,176,1,-1,-1,-1
60,16,1488,660,172,108,1,-1,-1,-1
60,17,1460,640,424,147,1,-1,-1,-1
60,18,3,673,108,124,1,-1,-1,-1
61,1,2126,587,236,168,1,-1,-1,-1
61,2,1610,623,288,152,1,-1,-1,-1
61,4,732,658,200,140,1,-1,-1,-1
61,12,1095,629,172,140,1,-1,-1,-1
61,14,171,674,187,118,1,-1,-1,-1
61,15,450,652,164,176,1,-1,-1,-1
61,16,1489,661,172,108,1,-1,-1,-1
61,17,1469,645,404,140,1,-1,-1,-1
61,18,4,673,108,124,1,-1,-1,-1
62,1,2135,588,236,168,1,-1,-1,-1
62,2,1615,624,288,152,1,-1,-1,-1
62,4,735,659,200,140,1,-1,-1,-1
62,12,1097,629,172,140,1,-1,-1,-1
62,14,177,675,187,118,1,-1,-1,-1
62,16,1489,662,172,108,1,-1,-1,-1
62,17,1470,640,424,147,1,-1,-1,-1
62,18,7,675,108,124,1,-1,-1,-1
63,1,2136,585,248,176,1,-1,-1,-1
63,2,1619,625,288,152,1,-1,-1,-1
63,4,735,659,200,140,1,-1,-1,-1
63,12,1100,629,172,140,1,-1,-1,-1
63,14,179,675,187,118,1,-1,-1,-1
63,16,1489,662,181,113,1,-1,-1,-1
63,17,1470,643,424,147,1,-1,-1,-1
63,18,8,675,108,124,1,-1,-1,-1
64,1,2141,586,248,176,1,-1,-1,-1
64,2,1611,622,302,160,1,-1,-1,-1
64,4,734,660,200,140,1,-1,-1,-1
64,12,1099,628,172,140,1,-1,-1,-1
64,14,174,672,196,124,1,-1,-1,-1
64,16,1486,659,181,113,1,-1,-1,-1
64,17,1474,643,424,147,1,-1,-1,-1
64,18,7,675,108,124,1,-1,-1,-1
65,1,2140,596,268,156,1,-1,-1,-1
65,2,1656,636,260,140,1,-1,-1,-1
65,4,776,652,168,128,1,-1,-1,-1
65,12,1084,628,204,136,1,-1,-1,-1
65,14,208,692,184,100,1,-1,-1,-1
65,16,1486,659,181,113,1,-1,-1,-1
65,17,1474,643,424,147,1,-1,-1,-1
65,18,0,676,120,116,1,-1,-1,-1
66,1,2145,598,268,156,1,-1,-1,-1
66,2,1664,637,260,140,1,-1,-1,-1
66,4,778,654,168,128,1,-1,-1,-1
66,12,1086,629,204,136,1,-1,-1,-1
66,14,217,694,175,95,1,-1,-1,-1
66,16,1488,661,181,113,1,-1,-1,-1
66,17,1458,643,445,154,1,-1,-1,-1
66,18,2,676,120,116,1,-1,-1,-1
67,1,2149,600,268,156,1,-1,-1,-1
67,2,1671,642,248,133,1,-1,-1,-1
67,4,779,655,168,128,1,-1,-1,-1
67,12,1088,630,204,136,1,-1,-1,-1
67,14,219,697,175,95,1,-1,-1,-1
67,16,1490,661,181,113,1,-1,-1,-1
67,17,1488,638,445,154,1,-1,-1,-1
67,18,2,677,120,116,1,-1,-1,-1
68,1,2151,600,268,156,1,-1,-1,-1
68,2,1664,644,248,133,1,-1,-1,-1
68,4,781,657,168,128,1,-1,-1,-1
68,12,1089,631,204,136,1,-1,-1,-1
68,14,223,697,175,95,1,-1,-1,-1
68,16,1492,662,181,113,1,-1,-1,-1
68,17,1481,637,445,154,1,-1,-1,-1
68,18,3,678,120,116,1,-1,-1,-1
69,1,2147,595,281,164,1,-1,-1,-1
69,2,1669,646,248,133,1,-1,-1,-1
69,4,781,659,168,128,1,-1,-1,-1
69,12,1088,631,204,136,1,-1,-1,-1
69,14,223,698,175,95,1,-1,-1,-1
69,16,1493,661,181,113,1,-1,-1,-1
69,17,1507,629,445,154,1,-1,-1,-1
69,18,5,681,120,116,1,-1,-1,-1
70,1,2153,596,281,164,1,-1,-1,-1
70,2,1685,646,248,133,1,-1,-1,-1
70,4,787,663,160,122,1,-1,-1,-1
70,12,1084,634,204,136,1,-1,-1,-1
70,14,219,697,184,100,1,-1,-1,-1
70,16,1496,663,181,113,1,-1,-1,-1
70,17,1496,632,445,154,1,-1,-1,-1
70,18,4,684,120,116,1,-1,-1,-1
71,1,2158,595,281,164,1,-1,-1,-1
71,2,1693,650,236,127,1,-1,-1,-1
71,4,788,664,160,122,1,-1,-1,-1
71,12,1079,634,214,143,1,-1,-1,-1
71,14,222,695,184,100,1,-1,-1,-1
71,16,1501,663,181,113,1,-1,-1,-1
71,17,1508,643,424,147,1,-1,-1,-1
71,18,7,684,120,116,1,-1,-1,-1
72,1,2161,597,281,164,1,-1,-1,-1
72,2,1697,657,225,121,1,-1,-1,-1
72,4,790,664,160,122,1,-1,-1,-1
72,12,1073,636,214,143,1,-1,-1,-1
72,14,223,696,184,100,1,-1,-1,-1
72,16,1502,665,181,113,1,-1,-1,-1
72,17,1495,637,445,154,1,-1,-1,-1
72,18,6,682,126,122,1,-1,-1,-1
73,1,2176,600,260,160,1,-1,-1,-1
73,2,1696,680,184,96,1,-1,-1,-1
73,4,820,664,152,144,1,-1,-1,-1
73,12,1096,652,220,128,1,-1,-1,-1
73,14,223,696,184,100,1,-1,-1,-1
73,16,1502,665,181,113,1,-1,-1,-1
73,17,1495,637,445,154,1,-1,-1,-1
73,18,0,684,148,136,1,-1,-1,-1
73,19,628,664,184,128,1,-1,-1,-1
73,20,504,652,156,132,1,-1,-1,-1
73,21,1692,628,276,156,1,-1,-1,-1
73,22,332,680,192,128,1,-1,-1,-1
74,1,2174,599,273,168,1,-1,-1,-1
74,2,1701,681,184,96,1,-1,-1,-1
74,4,823,665,152,144,1,-1,-1,-1
74,12,1098,654,220,128,1,-1,-1,-1
74,14,223,687,193,105,1,-1,-1,-1
74,16,1504,666,181,113,1,-1,-1,-1
74,17,1488,636,468,162,1,-1,-1,-1
74,18,4,684,148,136,1,-1,-1,-1
74,19,631,665,184,128,1,-1,-1,-1
74,20,506,652,156,132,1,-1,-1,-1
74,21,1697,629,276,156,1,-1,-1,-1
74,22,336,681,192,128,1,-1,-1,-1
75,1,2177,601,273,168,1,-1,-1,-1
75,2,1705,681,184,96,1,-1,-1,-1
75,4,824,667,152,144,1,-1,-1,-1
75,12,1100,656,220,128,1,-1,-1,-1
75,14,223,683,203,110,1,-1,-1,-1
75,16,1506,669,181,113,1,-1,-1,-1
75,17,1478,640,468,162,1,-1,-1,-1
75,18,3,685,148,136,1,-1,-1,-1
75,19,634,667,184,128,1,-1,-1,-1
75,20,510,655,156,132,1,-1,-1,-1
75,21,1696,628,276,156,1,-1,-1,-1
75,22,339,682,192,128,1,-1,-1,-1
76,1,2187,606,260,160,1,-1,-1,-1
76,2,1710,681,184,96,1,-1,-1,-1
76,4,825,667,152,144,1,-1,-1,-1
76,12,1101,658,220,128,1,-1,-1,-1
76,14,224,679,213,116,1,-1,-1,-1
76,16,1513,670,172,108,1,-1,-1,-1
76,18,5,686,148,136,1,-1,-1,-1
76,19,634,669,184,128,1,-1,-1,-1
76,20,512,656,156,132,1,-1,-1,-1
76,21,1699,629,276,156,1,-1,-1,-1
76,22,341,683,192,128,1,-1,-1,-1
77,1,2192,606,260,160,1,-1,-1,-1
77,2,1719,687,175,91,1,-1,-1,-1
77,4,825,668,152,144,1,-1,-1,-1
77,12,1103,659,220,128,1,-1,-1,-1
77,14,221,677,213,116,1,-1,-1,-1
77,16,1518,668,172,108,1,-1,-1,-1
77,18,5,686,148,136,1,-1,-1,-1
77,19,634,671,184,128,1,-1,-1,-1
77,20,513,657,156,132,1,-1,-1,-1
77,21,1705,632,276,156,1,-1,-1,-1
77,22,345,684,192,128,1,-1,-1,-1
78,1,2199,605,260,160,1,-1,-1,-1
78,2,1723,689,175,91,1,-1,-1,-1
78,4,825,669,152,144,1,-1,-1,-1
78,12,1104,660,220,128,1,-1,-1,-1
78,14,223,677,213,116,1,-1,-1,-1
78,16,1529,671,172,108,1,-1,-1,-1
78,18,1,684,155,143,1,-1,-1,-1
78,19,640,673,184,128,1,-1,-1,-1
78,20,517,657,156,132,1,-1,-1,-1
78,21,1703,632,276,156,1,-1,-1,-1
78,22,340,682,202,134,1,-1,-1,-1
79,1,2202,606,260,160,1,-1,-1,-1
79,2,1727,690,175,91,1,-1,-1,-1
79,4,825,670,152,144,1,-1,-1,-1
79,12,1105,660,220,128,1,-1,-1,-1
79,14,224,678,213,116,1,-1,-1,-1
79,16,1526,671,181,113,1,-1,-1,-1
79,18,2,684,155,143,1,-1,-1,-1
79,19,641,672,184,128,1,-1,-1,-1
79,20,520,658,156,132,1,-1,-1,-1
79,21,1704,636,276,156,1,-1,-1,-1
79,22,338,682,202,134,1,-1,-1,-1
80,1,2203,604,260,160,1,-1,-1,-1
80,2,1736,690,175,91,1,-1,-1,-1
80,4,823,671,152,144,1,-1,-1,-1
80,12,1107,660,220,128,1,-1,-1,-1
80,14,232,678,213,116,1,-1,-1,-1
80,16,1528,669,181,113,1,-1,-1,-1
80,18,6,683,155,143,1,-1,-1,-1
80,19,637,668,193,134,1,-1,-1,-1
80,20,524,660,156,132,1,-1,-1,-1
80,21,1695,634,290,164,1,-1,-1,-1
80,22,344,684,192,128,1,-1,-1,-1
81,1,2216,616,264,152,1,-1,-1,-1
81,2,1732,700,128,80,1,-1,-1,-1
81,4,823,671,152,144,1,-1,-1,-1
81,12,1124,656,216,128,1,-1,-1,-1
81,14,212,668,184,120,1,-1,-1,-1
81,16,1528,669,181,113,1,-1,-1,-1
81,18,6,683,155,143,1,-1,-1,-1
81,19,664,656,220,144,1,-1,-1,-1
81,20,488,664,208,156,1,-1,-1,-1
81,21,1695,634,290,164,1,-1,-1,-1
81,22,344,684,192,128,1,-1,-1,-1
82,1,2220,613,264,152,1,-1,-1,-1
82,2,1741,699,128,80,1,-1,-1,-1
82,4,814,670,152,144,1,-1,-1,-1
82,12,1125,656,216,128,1,-1,-1,-1
82,14,214,669,184,120,1,-1,-1,-1
82,16,1535,670,181,113,1,-1,-1,-1
82,18,14,685,155,143,1,-1,-1,-1
82,19,667,657,220,144,1,-1,-1,-1
82,20,491,664,208,156,1,-1,-1,-1
82,21,1701,631,290,164,1,-1,-1,-1
82,22,353,683,192,128,1,-1,-1,-1
83,1,2223,614,264,152,1,-1,-1,-1
83,2,1744,696,128,80,1,-1,-1,-1
83,4,816,673,152,144,1,-1,-1,-1
83,12,1126,658,216,128,1,-1,-1,-1
83,14,215,670,184,120,1,-1,-1,-1
83,16,1537,670,181,113,1,-1,-1,-1
83,18,16,684,155,143,1,-1,-1,-1
83,19,663,653,231,151,1,-1,-1,-1
83,20,494,665,208,156,1,-1,-1,-1
83,21,1705,632,290,164,1,-1,-1,-1
83,22,357,683,192,128,1,-1,-1,-1
84,1,2224,614,264,152,1,-1,-1,-1
84,2,1752,694,128,80,1,-1,-1,-1
84,4,814,669,160,151,1,-1,-1,-1
84,12,1130,659,216,128,1,-1,-1,-1
84,14,215,670,184,120,1,-1,-1,-1
84,16,1541,671,181,113,1,-1,-1,-1
84,18,20,682,155,143,1,-1,-1,-1
84,19,668,654,231,151,1,-1,-1,-1
84,20,496,666,208,156,1,-1,-1,-1
84,21,1704,632,290,164,1,-1,-1,-1
84,22,346,683,192,128,1,-1,-1,-1
85,1,2228,615,264,152,1,-1,-1,-1
85,2,1761,689,128,80,1,-1,-1,-1
85,4,813,667,160,151,1,-1,-1,-1
85,12,1125,656,227,134,1,-1,-1,-1
85,14,216,671,184,120,1,-1,-1,-1
85,16,1553,671,172,108,1,-1,-1,-1
85,18,24,692,148,136,1,-1,-1,-1
85,19,675,657,220,144,1,-1,-1,-1
85,20,497,666,208,156,1,-1,-1,-1
85,21,1704,630,290,164,1,-1,-1,-1
85,22,352,685,192,128,1,-1,-1,-1
86,1,2235,616,264,152,1,-1,-1,-1
86,2,1775,684,128,80,1,-1,-1,-1
86,4,814,669,160,151,1,-1,-1,-1
86,12,1128,656,227,134,1,-1,-1,-1
86,14,219,671,184,120,1,-1,-1,-1
86,16,1565,670,172,108,1,-1,-1,-1
86,18,30,692,148,136,1,-1,-1,-1
86,19,680,659,220,144,1,-1,-1,-1
86,20,501,668,208,156,1,-1,-1,-1
86,21,1748,630,304,172,1,-1,-1,-1
86,22,369,683,192,128,1,-1,-1,-1
87,1,2237,615,264,152,1,-1,-1,-1
87,2,1786,683,128,80,1,-1,-1,-1
87,4,813,668,160,151,1,-1,-1,-1
87,12,1131,655,227,134,1,-1,-1,-1
87,14,219,674,184,120,1,-1,-1,-1
87,16,1570,670,172,108,1,-1,-1,-1
87,18,23,686,155,143,1,-1,-1,-1
87,19,682,657,220,144,1,-1,-1,-1
87,20,502,668,208,156,1,-1,-1,-1
87,21,1749,632,304,172,1,-1,-1,-1
87,22,380,683,192,128,1,-1,-1,-1
88,1,2240,614,264,152,1,-1,-1,-1
88,2,1794,683,128,80,1,-1,-1,-1
88,4,811,668,160,151,1,-1,-1,-1
88,12,1137,657,216,128,1,-1,-1,-1
88,14,219,675,184,120,1,-1,-1,-1
88,16,1576,671,172,108,1,-1,-1,-1
88,18,17,686,155,143,1,-1,-1,-1
88,19,692,657,210,137,1,-1,-1,-1
88,20,498,662,218,164,1,-1,-1,-1
88,21,1772,643,290,164,1,-1,-1,-1
88,22,378,683,192,128,1,-1,-1,-1
89,1,2264,604,228,148,1,-1,-1,-1
89,2,1794,683,128,80,1,-1,-1,-1
89,4,811,668,160,151,1,-1,-1,-1
89,12,1160,660,224,132,1,-1,-1,-1
89,14,219,675,184,120,1,-1,-1,-1
89,16,1572,664,200,124,1,-1,-1,-1
89,18,17,686,155,143,1,-1,-1,-1
89,19,692,657,210,137,1,-1,-1,-1
89,20,498,662,218,164,1,-1,-1,-1
89,21,1772,643,290,164,1,-1,-1,-1
89,22,378,683,192,128,1,-1,-1,-1
89,23,1808,672,260,108,1,-1,-1,-1
89,24,836,656,184,152,1,-1,-1,-1
90,1,2346,596,214,148,1,-1,-1,-1
90,2,1806,696,128,80,1,-1,-1,-1
90,4,784,668,160,151,1,-1,-1,-1
90,12,1160,657,235,139,1,-1,-1,-1
90,14,159,666,184,120,1,-1,-1,-1
90,16,1610,658,200,124,1,-1,-1,-1
90,18,0,663,119,143,1,-1,-1,-1
90,19,655,651,200,131,1,-1,-1,-1
90,20,470,643,229,172,1,-1,-1,-1
90,21,1841,631,304,172,1,-1,-1,-1
90,22,334,675,202,134,1,-1,-1,-1
90,23,1861,663,273,113,1,-1,-1,-1
90,24,818,652,193,160,1,-1,-1,-1
91,1,2386,592,174,148,1,-1,-1,-1
91,2,1873,697,122,76,1,-1,-1,-1
91,4,768,666,160,151,1,-1,-1,-1
91,12,1158,655,247,146,1,-1,-1,-1
91,14,139,667,184,120,1,-1,-1,-1
91,16,1622,655,210,130,1,-1,-1,-1
91,18,1,681,148,136,1,-1,-1,-1
91,19,641,651,200,131,1,-1,-1,-1
91,20,437,653,229,172,1,-1,-1,-1
91,21,1873,632,304,172,1,-1,-1,-1
91,22,304,674,212,141,1,-1,-1,-1
91,23,1895,660,273,113,1,-1,-1,-1
91,24,797,650,193,160,1,-1,-1,-1
92,1,2425,590,135,148,1,-1,-1,-1
92,2,1901,685,122,76,1,-1,-1,-1
92,4,760,662,168,159,1,-1,-1,-1
92,12,1158,648,259,153,1,-1,-1,-1
92,14,103,667,193,126,1,-1,-1,-1
92,16,1638,654,210,130,1,-1,-1,-1
92,18,0,677,142,136,1,-1,-1,-1
92,19,658,653,200,131,1,-1,-1,-1
92,20,425,654,229,172,1,-1,-1,-1
92,21,1902,633,304,172,1,-1,-1,-1
92,22,285,670,212,141,1,-1,-1,-1
92,23,1918,655,287,119,1,-1,-1,-1
92,24,793,648,193,160,1,-1,-1,-1
93,1,2454,589,106,148,1,-1,-1,-1
93,2,1927,667,122,76,1,-1,-1,-1
93,4,751,663,168,159,1,-1,-1,-1
93,12,1163,646,259,153,1,-1,-1,-1
93,14,88,669,184,120,1,-1,-1,-1
93,16,1655,653,210,130,1,-1,-1,-1
93,18,20,664,148,136,1,-1,-1,-1
93,19,640,651,210,137,1,-1,-1,-1
93,20,417,654,229,172,1,-1,-1,-1
93,21,1924,632,304,172,1,-1,-1,-1
93,22,275,668,212,141,1,-1,-1,-1
93,23,1933,653,301,125,1,-1,-1,-1
93,24,782,645,203,168,1,-1,-1,-1
94,1,2496,575,64,148,1,-1,-1,-1
94,2,1955,663,128,80,1,-1,-1,-1
94,4,739,657,176,167,1,-1,-1,-1
94,12,1176,644,259,153,1,-1,-1,-1
94,14,56,665,193,126,1,-1,-1,-1
94,16,1688,645,220,137,1,-1,-1,-1
94,18,2,656,148,136,1,-1,-1,-1
94,19,631,647,220,144,1,-1,-1,-1
94,20,403,653,229,172,1,-1,-1,-1
94,21,1957,631,304,172,1,-1,-1,-1
94,22,258,664,212,141,1,-1,-1,-1
94,23,1964,648,301,125,1,-1,-1,-1
94,24,772,636,213,176,1,-1,-1,-1
95,1,2496,504,64,148,1,-1,-1,-1
95,2,1972,658,134,84,1,-1,-1,-1
95,4,723,649,185,175,1,-1,-1,-1
95,12,1177,642,259,153,1,-1,-1,-1
95,14,35,669,193,126,1,-1,-1,-1
95,16,1708,642,220,137,1,-1,-1,-1
95,18,0,660,136,136,1,-1,-1,-1
95,19,620,644,231,151,1,-1,-1,-1
95,20,395,646,241,181,1,-1,-1,-1
95,21,1982,629,304,172,1,-1,-1,-1
95,22,248,664,212,141,1,-1,-1,-1
95,23,1987,647,301,125,1,-1,-1,-1
95,24,760,630,224,185,1,-1,-1,-1
96,1,2405,458,155,148,1,-1,-1,-1
96,2,1995,653,141,88,1,-1,-1,-1
96,4,716,648,185,175,1,-1,-1,-1
96,12,1169,635,272,160,1,-1,-1,-1
96,14,8,668,203,132,1,-1,-1,-1
96,16,1726,627,232,144,1,-1,-1,-1
96,18,0,668,119,136,1,-1,-1,-1
96,19,625,642,231,151,1,-1,-1,-1
96,20,386,643,241,181,1,-1,-1,-1
96,21,2015,628,304,172,1,-1,-1,-1
96,22,232,658,222,148,1,-1,-1,-1
96,23,2005,640,316,131,1,-1,-1,-1
96,24,754,628,224,185,1,-1,-1,-1
97,1,2405,458,155,148,1,-1,-1,-1
97,2,1995,653,141,88,1,-1,-1,-1
97,4,716,648,185,175,1,-1,-1,-1
97,12,1124,632,336,132,1,-1,-1,-1
97,14,8,668,188,140,1,-1,-1,-1
97,16,1736,620,260,176,1,-1,-1,-1
97,18,0,668,119,136,1,-1,-1,-1
97,19,625,642,231,151,1,-1,-1,-1
97,20,428,628,220,180,1,-1,-1,-1
97,21,2020,624,316,160,1,-1,-1,-1
97,22,216,640,228,152,1,-1,-1,-1
97,23,2005,640,316,131,1,-1,-1,-1
97,24,776,596,224,224,1,-1,-1,-1
98,1,2311,448,228,148,1,-1,-1,-1
98,2,2052,655,141,88,1,-1,-1,-1
98,4,688,643,194,184,1,-1,-1,-1
98,12,1129,629,336,132,1,-1,-1,-1
98,14,0,664,170,147,1,-1,-1,-1
98,16,1771,619,260,176,1,-1,-1,-1
98,18,0,671,155,143,1,-1,-1,-1
98,19,620,641,231,151,1,-1,-1,-1
98,20,411,627,220,180,1,-1,-1,-1
98,21,2062,623,316,160,1,-1,-1,-1
98,22,192,637,228,152,1,-1,-1,-1
98,23,2071,638,316,131,1,-1,-1,-1
98,24,775,594,224,224,1,-1,-1,-1
99,1,2315,449,239,155,1,-1,-1,-1
99,2,2075,650,148,93,1,-1,-1,-1
99,4,679,644,194,184,1,-1,-1,-1
99,12,1135,628,336,132,1,-1,-1,-1
99,14,0,665,148,147,1,-1,-1,-1
99,16,1796,619,260,176,1,-1,-1,-1
99,18,0,667,143,150,1,-1,-1,-1
99,19,621,644,220,144,1,-1,-1,-1
99,20,401,626,220,180,1,-1,-1,-1
99,21,2084,617,332,168,1,-1,-1,-1
99,22,172,637,228,152,1,-1,-1,-1
99,23,2099,636,316,131,1,-1,-1,-1
99,24,768,593,224,224,1,-1,-1,-1
100,2,2099,649,148,93,1,-1,-1,-1
100,4,664,639,204,193,1,-1,-1,-1
100,12,1151,628,336,132,1,-1,-1,-1
100,14,0,663,130,147,1,-1,-1,-1
100,16,1827,623,248,168,1,-1,-1,-1
100,20,393,626,220,180,1,-1,-1,-1
100,21,2115,615,332,168,1,-1,-1,-1
100,22,152,634,239,160,1,-1,-1,-1
100,23,2127,633,316,131,1,-1,-1,-1
100,24,763,594,224,224,1,-1,-1,-1
101,2,2123,646,148,93,1,-1,-1,-1
101,4,646,630,214,203,1,-1,-1,-1
101,12,1142,627,353,139,1,-1,-1,-1
101,14,0,662,108,147,1,-1,-1,-1
101,16,1845,619,260,176,1,-1,-1,-1
101,20,382,625,220,180,1,-1,-1,-1
101,21,2142,614,332,168,1,-1,-1,-1
101,22,136,633,239,160,1,-1,-1,-1
101,23,2147,629,332,138,1,-1,-1,-1
101,24,753,592,224,224,1,-1,-1,-1
102,2,2171,646,148,93,1,-1,-1,-1
102,4,625,625,225,213,1,-1,-1,-1
102,12,1169,629,336,132,1,-1,-1,-1
102,14,0,659,66,147,1,-1,-1,-1
102,16,1896,622,260,176,1,-1,-1,-1
102,20,353,618,231,189,1,-1,-1,-1
102,21,2200,612,332,168,1,-1,-1,-1
102,22,98,628,251,168,1,-1,-1,-1
102,23,2208,630,332,138,1,-1,-1,-1
102,24,742,589,224,224,1,-1,-1,-1
103,2,2197,645,148,93,1,-1,-1,-1
103,4,613,624,225,213,1,-1,-1,-1
103,12,1174,627,336,132,1,-1,-1,-1
103,14,0,658,51,147,1,-1,-1,-1
103,16,1923,623,260,176,1,-1,-1,-1
103,20,338,613,243,198,1,-1,-1,-1
103,21,2216,602,344,176,1,-1,-1,-1
103,22,81,626,264,176,1,-1,-1,-1
103,23,2224,628,332,138,1,-1,-1,-1
103,24,739,589,224,224,1,-1,-1,-1
104,2,2202,648,148,93,1,-1,-1,-1
104,4,614,623,225,213,1,-1,-1,-1
104,12,1164,626,353,139,1,-1,-1,-1
104,14,0,654,51,147,1,-1,-1,-1
104,16,1940,624,260,176,1,-1,-1,-1
104,20,338,614,243,198,1,-1,-1,-1
104,21,2209,598,351,185,1,-1,-1,-1
104,22,87,632,251,168,1,-1,-1,-1
104,23,2216,620,344,145,1,-1,-1,-1
104,24,732,583,235,235,1,-1,-1,-1
105,2,2202,648,148,93,1,-1,-1,-1
105,4,624,612,164,200,1,-1,-1,-1
105,12,1164,626,353,139,1,-1,-1,-1
105,14,0,654,51,147,1,-1,-1,-1
105,16,1924,612,292,180,1,-1,-1,-1
105,20,336,608,260,216,1,-1,-1,-1
105,21,2204,592,352,208,1,-1,-1,-1
105,22,104,624,240,176,1,-1,-1,-1
105,23,2216,620,344,145,1,-1,-1,-1
105,24,740,588,280,220,1,-1,-1,-1
105,25,1224,636,324,168,1,-1,-1,-1
105,26,1076,620,148,176,1,-1,-1,-1
105,27,1928,676,140,108,1,-1,-1,-1
105,28,1844,828,152,220,1,-1,-1,-1
106,2,2216,644,148,93,1,-1,-1,-1
106,4,628,611,164,200,1,-1,-1,-1
106,12,1169,629,353,139,1,-1,-1,-1
106,14,0,650,57,147,1,-1,-1,-1
106,16,1924,610,307,189,1,-1,-1,-1
106,20,342,608,260,216,1,-1,-1,-1
106,21,2208,591,352,208,1,-1,-1,-1
106,22,109,626,240,176,1,-1,-1,-1
106,23,2240,617,320,145,1,-1,-1,-1
106,24,743,588,280,220,1,-1,-1,-1
106,25,1221,631,340,176,1,-1,-1,-1
106,26,1080,621,148,176,1,-1,-1,-1
106,27,1941,677,147,113,1,-1,-1,-1
106,28,1845,827,152,220,1,-1,-1,-1
107,2,2222,644,148,93,1,-1,-1,-1
107,4,632,610,164,200,1,-1,-1,-1
107,12,1164,629,353,139,1,-1,-1,-1
107,14,0,645,66,154,1,-1,-1,-1
107,16,1937,618,292,180,1,-1,-1,-1
107,20,346,607,260,216,1,-1,-1,-1
107,21,2209,592,351,208,1,-1,-1,-1
107,22,117,629,229,168,1,-1,-1,-1
107,23,2232,614,328,145,1,-1,-1,-1
107,24,746,586,280,220,1,-1,-1,-1
107,25,1235,632,324,168,1,-1,-1,-1
107,26,1084,620,148,176,1,-1,-1,-1
107,27,1942,683,147,113,1,-1,-1,-1
107,28,1846,826,152,220,1,-1,-1,-1
108,2,2227,637,156,97,1,-1,-1,-1
108,4,632,611,164,200,1,-1,-1,-1
108,12,1187,627,370,146,1,-1,-1,-1
108,14,0,643,68,154,1,-1,-1,-1
108,16,1933,617,292,180,1,-1,-1,-1
108,20,349,605,260,216,1,-1,-1,-1
108,21,2216,589,344,208,1,-1,-1,-1
108,22,121,628,229,168,1,-1,-1,-1
108,23,2226,610,334,152,1,-1,-1,-1
108,24,748,586,280,220,1,-1,-1,-1
108,25,1230,625,340,176,1,-1,-1,-1
108,26,1086,621,148,176,1,-1,-1,-1
108,27,1944,687,154,119,1,-1,-1,-1
108,28,1846,826,152,220,1,-1,-1,-1
109,2,2233,637,156,97,1,-1,-1,-1
109,4,633,611,164,200,1,-1,-1,-1
109,14,0,639,72,154,1,-1,-1,-1
109,16,1936,617,292,180,1,-1,-1,-1
109,20,354,605,260,216,1,-1,-1,-1
109,21,2215,589,345,208,1,-1,-1,-1
109,22,126,629,229,168,1,-1,-1,-1
109,23,2213,605,347,160,1,-1,-1,-1
109,24,750,585,280,220,1,-1,-1,-1
109,25,1233,626,340,176,1,-1,-1,-1
109,26,1089,621,148,176,1,-1,-1,-1
109,27,1960,683,154,119,1,-1,-1,-1
109,28,1846,826,152,220,1,-1,-1,-1
110,2,2247,634,156,97,1,-1,-1,-1
110,4,636,610,164,200,1,-1,-1,-1
110,14,0,632,85,162,1,-1,-1,-1
110,16,1943,621,278,171,1,-1,-1,-1
110,20,363,604,260,216,1,-1,-1,-1
110,21,2209,580,351,218,1,-1,-1,-1
110,22,135,628,229,168,1,-1,-1,-1
110,23,2209,599,351,168,1,-1,-1,-1
110,24,766,589,267,210,1,-1,-1,-1
110,25,1237,626,340,176,1,-1,-1,-1
110,26,1095,622,148,176,1,-1,-1,-1
110,27,1976,687,154,119,1,-1,-1,-1
110,28,1847,826,152,220,1,-1,-1,-1
111,2,2252,634,156,97,1,-1,-1,-1
111,4,639,610,164,200,1,-1,-1,-1
111,16,1934,618,292,180,1,-1,-1,-1
111,20,370,602,260,216,1,-1,-1,-1
111,21,2217,577,343,218,1,-1,-1,-1
111,22,140,627,229,168,1,-1,-1,-1
111,23,2231,604,329,160,1,-1,-1,-1
111,24,770,589,267,210,1,-1,-1,-1
111,25,1252,628,324,168,1,-1,-1,-1
111,26,1097,624,148,176,1,-1,-1,-1
111,27,1980,687,154,119,1,-1,-1,-1
111,28,1846,827,152,220,1,-1,-1,-1
112,2,2261,634,156,97,1,-1,-1,-1
112,4,640,610,164,200,1,-1,-1,-1
112,16,1940,615,292,180,1,-1,-1,-1
112,20,366,597,273,227,1,-1,-1,-1
112,21,2229,583,331,208,1,-1,-1,-1
112,22,146,627,229,168,1,-1,-1,-1
112,24,772,587,267,210,1,-1,-1,-1
112,25,1244,623,340,176,1,-1,-1,-1
112,26,1102,627,141,168,1,-1,-1,-1
112,27,1976,683,154,119,1,-1,-1,-1
112,28,1846,826,152,220,1,-1,-1,-1
113,2,2261,634,156,97,1,-1,-1,-1
113,4,648,596,156,216,1,-1,-1,-1
113,16,1940,615,292,180,1,-1,-1,-1
113,20,388,584,276,232,1,-1,-1,-1
113,21,2248,568,308,216,1,-1,-1,-1
113,22,168,644,220,176,1,-1,-1,-1
113,24,792,584,288,228,1,-1,-1,-1
113,25,1248,624,340,172,1,-1,-1,-1
113,26,1120,628,136,160,1,-1,-1,-1
113,27,1976,683,154,119,1,-1,-1,-1
113,28,1860,824,136,228,1,-1,-1,-1
113,29,0,640,104,180,1,-1,-1,-1
114,2,2289,637,156,97,1,-1,-1,-1
114,4,651,595,156,216,1,-1,-1,-1
114,16,1939,612,292,180,1,-1,-1,-1
114,20,397,589,263,221,1,-1,-1,-1
114,21,2261,571,299,216,1,-1,-1,-1
114,22,174,644,220,176,1,-1,-1,-1
114,24,793,582,288,228,1,-1,-1,-1
114,25,1251,622,340,172,1,-1,-1,-1
114,26,1124,627,136,160,1,-1,-1,-1
114,27,1983,684,147,113,1,-1,-1,-1
114,28,1861,825,136,228,1,-1,-1,-1
114,29,2,640,104,180,1,-1,-1,-1
115,2,2295,640,156,97,1,-1,-1,-1
115,4,657,602,149,206,1,-1,-1,-1
115,16,1942,611,292,180,1,-1,-1,-1
115,20,396,583,276,232,1,-1,-1,-1
115,21,2266,569,294,216,1,-1,-1,-1
115,22,176,643,220,176,1,-1,-1,-1
115,24,790,576,302,239,1,-1,-1,-1
115,25,1252,621,340,172,1,-1,-1,-1
115,26,1128,627,136,160,1,-1,-1,-1
115,27,2002,678,140,108,1,-1,-1,-1
115,28,1862,824,136,228,1,-1,-1,-1
115,29,3,637,104,180,1,-1,-1,-1
116,2,2302,643,156,97,1,-1,-1,-1
116,4,656,598,156,216,1,-1,-1,-1
116,16,1948,611,292,180,1,-1,-1,-1
116,20,399,583,276,232,1,-1,-1,-1
116,21,2270,569,290,216,1,-1,-1,-1
116,22,177,641,220,176,1,-1,-1,-1
116,24,790,578,302,239,1,-1,-1,-1
116,25,1254,620,340,172,1,-1,-1,-1
116,26,1128,626,136,160,1,-1,-1,-1
116,27,2003,679,140,108,1,-1,-1,-1
116,28,1862,825,136,228,1,-1,-1,-1
116,29,5,636,104,180,1,-1,-1,-1
117,2,2302,642,163,102,1,-1,-1,-1
117,4,653,592,164,227,1,-1,-1,-1
117,16,1951,610,292,180,1,-1,-1,-1
117,20,401,581,276,232,1,-1,-1,-1
117,21,2271,569,289,216,1,-1,-1,-1
117,22,179,641,220,176,1,-1,-1,-1
117,24,791,576,302,239,1,-1,-1,-1
117,25,1261,618,340,172,1,-1,-1,-1
117,26,1132,625,136,160,1,-1,-1,-1
117,27,2009,681,140,108,1,-1,-1,-1
117,28,1862,824,136,228,1,-1,-1,-1
117,29,7,632,104,180,1,-1,-1,-1
118,2,2310,637,172,107,1,-1,-1,-1
118,4,653,591,164,227,1,-1,-1,-1
118,16,1950,608,292,180,1,-1,-1,-1
118,20,406,580,276,232,1,-1,-1,-1
118,21,2283,569,277,216,1,-1,-1,-1
118,22,176,632,231,185,1,-1,-1,-1
118,24,798,576,302,239,1,-1,-1,-1
118,25,1258,617,357,181,1,-1,-1,-1
118,26,1137,630,130,152,1,-1,-1,-1
118,27,2020,672,140,108,1,-1,-1,-1
118,28,1863,824,136,228,1,-1,-1,-1
118,29,11,628,104,180,1,-1,-1,-1
119,2,2314,636,172,107,1,-1,-1,-1
119,4,654,591,164,227,1,-1,-1,-1
119,16,1943,605,292,180,1,-1,-1,-1
119,20,409,580,276,232,1,-1,-1,-1
119,21,2283,565,277,216,1,-1,-1,-1
119,22,177,635,231,185,1,-1,-1,-1
119,24,795,577,302,239,1,-1,-1,-1
119,25,1257,619,357,181,1,-1,-1,-1
119,26,1139,631,130,152,1,-1,-1,-1
119,27,2023,670,140,108,1,-1,-1,-1
119,28,1863,823,136,228,1,-1,-1,-1
119,29,14,626,104,180,1,-1,-1,-1
120,2,2319,634,172,107,1,-1,-1,-1
120,4,654,589,164,227,1,-1,-1,-1
120,20,412,577,276,232,1,-1,-1,-1
120,21,2287,566,273,216,1,-1,-1,-1
120,22,178,631,231,185,1,-1,-1,-1
120,24,790,576,302,239,1,-1,-1,-1
120,25,1259,618,357,181,1,-1,-1,-1
120,26,1141,630,130,152,1,-1,-1,-1
120,27,2028,672,140,108,1,-1,-1,-1
120,28,1863,822,136,228,1,-1,-1,-1
120,29,16,620,109,189,1,-1,-1,-1
121,2,2319,634,172,107,1,-1,-1,-1
121,4,612,600,236,228,1,-1,-1,-1
121,20,456,540,236,272,1,-1,-1,-1
121,21,2324,624,236,152,1,-1,-1,-1
121,22,228,600,164,208,1,-1,-1,-1
121,24,832,580,296,216,1,-1,-1,-1
121,25,1268,604,368,192,1,-1,-1,-1
121,26,1141,630,130,152,1,-1,-1,-1
121,27,2028,672,140,108,1,-1,-1,-1
121,28,1836,820,164,224,1,-1,-1,-1
121,29,0,612,144,220,1,-1,-1,-1
121,30,2068,608,272,196,1,-1,-1,-1
122,2,2335,629,172,107,1,-1,-1,-1
122,4,616,599,236,228,1,-1,-1,-1
122,20,461,538,236,272,1,-1,-1,-1
122,21,2333,621,227,152,1,-1,-1,-1
122,22,232,603,164,208,1,-1,-1,-1
122,24,835,582,296,216,1,-1,-1,-1
122,25,1269,603,368,192,1,-1,-1,-1
122,26,1140,632,130,152,1,-1,-1,-1
122,27,2046,672,140,108,1,-1,-1,-1
122,28,1836,818,164,224,1,-1,-1,-1
122,29,5,611,144,220,1,-1,-1,-1
122,30,2077,606,272,196,1,-1,-1,-1
123,2,2341,627,172,107,1,-1,-1,-1
123,4,619,598,236,228,1,-1,-1,-1
123,20,464,539,236,272,1,-1,-1,-1
123,21,2341,620,219,152,1,-1,-1,-1
123,22,236,606,164,208,1,-1,-1,-1
123,24,838,581,296,216,1,-1,-1,-1
123,25,1264,600,386,202,1,-1,-1,-1
123,26,1135,636,123,145,1,-1,-1,-1
123,27,2053,672,140,108,1,-1,-1,-1
123,28,1837,818,164,224,1,-1,-1,-1
123,29,9,613,144,220,1,-1,-1,-1
123,30,2082,608,272,196,1,-1,-1,-1
124,2,2348,625,172,107,1,-1,-1,-1
124,4,619,596,236,228,1,-1,-1,-1
124,20,469,538,236,272,1,-1,-1,-1
124,21,2347,619,213,152,1,-1,-1,-1
124,22,239,605,164,208,1,-1,-1,-1
124,24,840,580,296,216,1,-1,-1,-1
124,25,1267,605,386,202,1,-1,-1,-1
124,26,1129,631,130,152,1,-1,-1,-1
124,27,2057,673,140,108,1,-1,-1,-1
124,28,1838,818,164,224,1,-1,-1,-1
124,29,13,612,144,220,1,-1,-1,-1
124,30,2082,603,286,206,1,-1,-1,-1
125,2,2355,625,172,107,1,-1,-1,-1
125,4,622,596,236,228,1,-1,-1,-1
125,20,471,537,236,272,1,-1,-1,-1
125,21,2353,616,207,152,1,-1,-1,-1
125,22,240,603,164,208,1,-1,-1,-1
125,24,841,580,296,216,1,-1,-1,-1
125,25,1278,612,368,192,1,-1,-1,-1
125,26,1131,625,136,160,1,-1,-1,-1
125,27,2061,675,140,108,1,-1,-1,-1
125,28,1839,818,164,224,1,-1,-1,-1
125,29,15,611,144,220,1,-1,-1,-1
125,30,2086,603,286,206,1,-1,-1,-1
126,2,2371,621,172,107,1,-1,-1,-1
126,4,637,602,225,217,1,-1,-1,-1
126,20,480,538,236,272,1,-1,-1,-1
126,21,2370,612,190,152,1,-1,-1,-1
126,22,245,603,164,208,1,-1,-1,-1
126,24,845,579,296,216,1,-1,-1,-1
126,25,1285,614,368,192,1,-1,-1,-1
126,26,1131,624,136,160,1,-1,-1,-1
126,27,2070,668,140,108,1,-1,-1,-1
126,28,1840,817,164,224,1,-1,-1,-1
126,29,20,611,144,220,1,-1,-1,-1
126,30,2103,600,286,206,1,-1,-1,-1
127,2,2379,619,172,107,1,-1,-1,-1
127,4,638,605,225,217,1,-1,-1,-1
127,20,485,539,236,272,1,-1,-1,-1
127,21,2377,610,183,152,1,-1,-1,-1
127,22,248,603,164,208,1,-1,-1,-1
127,24,848,580,296,216,1,-1,-1,-1
127,25,1292,619,368,192,1,-1,-1,-1
127,26,1130,622,136,160,1,-1,-1,-1
127,27,2077,670,140,108,1,-1,-1,-1
127,28,1841,817,164,224,1,-1,-1,-1
127,29,21,614,144,220,1,-1,-1,-1
127,30,2109,602,286,206,1,-1,-1,-1
128,2,2388,620,172,107,1,-1,-1,-1
128,4,639,604,225,217,1,-1,-1,-1
128,20,486,540,236,272,1,-1,-1,-1
128,21,2384,607,176,152,1,-1,-1,-1
128,22,250,604,164,208,1,-1,-1,-1
128,24,854,579,296,216,1,-1,-1,-1
128,25,1312,625,350,183,1,-1,-1,-1
128,26,1132,624,130,152,1,-1,-1,-1
128,28,1841,816,164,224,1,-1,-1,-1
128,29,22,614,144,220,1,-1,-1,-1
128,30,2112,602,286,206,1,-1,-1,-1
129,2,2388,620,172,107,1,-1,-1,-1
129,4,660,564,228,240,1,-1,-1,-1
129,20,516,564,196,244,1,-1,-1,-1
129,21,2396,612,164,164,1,-1,-1,-1
129,22,264,624,148,184,1,-1,-1,-1
129,24,840,576,320,216,1,-1,-1,-1
129,25,1332,620,372,176,1,-1,-1,-1
129,26,1132,624,130,152,1,-1,-1,-1
129,28,1840,816,168,228,1,-1,-1,-1
129,29,0,620,204,216,1,-1,-1,-1
129,30,2124,628,284,160,1,-1,-1,-1
130,2,2411,621,149,107,1,-1,-1,-1
130,4,667,562,228,240,1,-1,-1,-1
130,20,520,563,196,244,1,-1,-1,-1
130,21,2409,610,151,164,1,-1,-1,-1
130,22,269,625,148,184,1,-1,-1,-1
130,24,847,576,320,216,1,-1,-1,-1
130,25,1346,621,372,176,1,-1,-1,-1
130,26,1141,625,130,152,1,-1,-1,-1
130,28,1841,816,168,228,1,-1,-1,-1
130,29,4,619,204,216,1,-1,-1,-1
130,30,2125,622,298,168,1,-1,-1,-1
131,2,2418,617,142,113,1,-1,-1,-1
131,4,670,563,228,240,1,-1,-1,-1
131,20,529,568,187,232,1,-1,-1,-1
131,21,2417,610,143,164,1,-1,-1,-1
131,22,277,629,141,175,1,-1,-1,-1
131,24,851,577,320,216,1,-1,-1,-1
131,25,1351,620,372,176,1,-1,-1,-1
131,26,1142,622,130,152,1,-1,-1,-1
131,28,1842,816,168,228,1,-1,-1,-1
131,29,5,619,204,216,1,-1,-1,-1
131,30,2133,620,298,168,1,-1,-1,-1
132,2,2426,619,134,113,1,-1,-1,-1
132,4,671,564,228,240,1,-1,-1,-1
132,20,536,567,187,232,1,-1,-1,-1
132,21,2427,607,133,164,1,-1,-1,-1
132,22,279,628,141,175,1,-1,-1,-1
132,24,852,578,320,216,1,-1,-1,-1
132,25,1348,612,391,185,1,-1,-1,-1
132,26,1142,619,136,160,1,-1,-1,-1
132,28,1843,816,168,228,1,-1,-1,-1
132,29,7,619,204,216,1,-1,-1,-1
132,30,2137,618,298,168,1,-1,-1,-1
133,2,2431,620,129,113,1,-1,-1,-1
133,4,662,559,239,252,1,-1,-1,-1
133,20,533,569,187,232,1,-1,-1,-1
133,21,2436,604,124,164,1,-1,-1,-1
133,22,282,628,141,175,1,-1,-1,-1
133,24,852,580,320,216,1,-1,-1,-1
133,25,1352,608,391,185,1,-1,-1,-1
133,28,1843,816,168,228,1,-1,-1,-1
133,29,8,620,204,216,1,-1,-1,-1
133,30,2140,616,298,168,1,-1,-1,-1
134,2,2442,617,118,113,1,-1,-1,-1
134,4,660,558,239,252,1,-1,-1,-1
134,20,528,563,196,244,1,-1,-1,-1
134,21,2447,603,113,164,1,-1,-1,-1
134,22,283,625,148,184,1,-1,-1,-1
134,24,852,581,320,216,1,-1,-1,-1
134,25,1364,605,391,185,1,-1,-1,-1
134,28,1842,814,168,228,1,-1,-1,-1
134,29,11,619,204,216,1,-1,-1,-1
134,30,2156,617,284,160,1,-1,-1,-1
135,2,2447,621,113,113,1,-1,-1,-1
135,4,660,557,239,252,1,-1,-1,-1
135,20,531,558,196,244,1,-1,-1,-1
135,21,2454,605,106,164,1,-1,-1,-1
135,22,288,624,148,184,1,-1,-1,-1
135,24,843,577,336,227,1,-1,-1,-1
135,25,1378,608,372,176,1,-1,-1,-1
135,28,1843,815,168,228,1,-1,-1,-1
135,29,13,620,204,216,1,-1,-1,-1
135,30,2152,611,298,168,1,-1,-1,-1
136,2,2455,622,105,113,1,-1,-1,-1
136,4,658,557,239,252,1,-1,-1,-1
136,20,535,557,196,244,1,-1,-1,-1
136,21,2461,603,99,164,1,-1,-1,-1
136,22,287,620,155,193,1,-1,-1,-1
136,24,848,577,336,227,1,-1,-1,-1
136,25,1392,609,372,176,1,-1,-1,-1
136,28,1843,815,168,228,1,-1,-1,-1
136,29,17,620,204,216,1,-1,-1,-1
136,30,2155,609,298,168,1,-1,-1,-1
137,2,2455,622,105,113,1,-1,-1,-1
137,4,672,560,300,248,1,-1,-1,-1
137,20,556,600,200,208,1,-1,-1,-1
137,21,2472,604,88,164,1,-1,-1,-1
137,22,296,616,168,172,1,-1,-1,-1
137,24,880,576,300,232,1,-1,-1,-1
137,25,1408,600,384,184,1,-1,-1,-1
137,28,1868,808,140,232,1,-1,-1,-1
137,29,0,628,244,212,1,-1,-1,-1
137,30,2152,608,324,176,1,-1,-1,-1
138,2,2360,604,180,113,1,-1,-1,-1
138,4,672,559,300,248,1,-1,-1,-1
138,20,561,601,200,208,1,-1,-1,-1
138,21,2488,603,72,164,1,-1,-1,-1
138,22,302,616,168,172,1,-1,-1,-1
138,24,883,577,300,232,1,-1,-1,-1
138,25,1416,597,384,184,1,-1,-1,-1
138,28,1867,808,140,232,1,-1,-1,-1
138,29,4,629,244,212,1,-1,-1,-1
138,30,2159,609,324,176,1,-1,-1,-1
139,2,2358,596,180,113,1,-1,-1,-1
139,4,677,563,300,248,1,-1,-1,-1
139,20,563,602,200,208,1,-1,-1,-1
139,21,2493,605,67,164,1,-1,-1,-1
139,22,305,615,168,172,1,-1,-1,-1
139,24,885,579,300,232,1,-1,-1,-1
139,25,1420,596,384,184,1,-1,-1,-1
139,28,1866,809,140,232,1,-1,-1,-1
139,29,9,629,244,212,1,-1,-1,-1
139,30,2164,608,324,176,1,-1,-1,-1
140,2,2372,595,180,113,1,-1,-1,-1
140,4,665,557,315,260,1,-1,-1,-1
140,20,565,602,200,208,1,-1,-1,-1
140,21,2503,599,57,172,1,-1,-1,-1
140,22,304,610,176,181,1,-1,-1,-1
140,24,886,581,300,232,1,-1,-1,-1
140,25,1425,594,384,184,1,-1,-1,-1
140,28,1865,809,140,232,1,-1,-1,-1
140,29,11,629,244,212,1,-1,-1,-1
140,30,2170,608,324,176,1,-1,-1,-1
141,2,2373,595,187,118,1,-1,-1,-1
141,4,671,557,315,260,1,-1,-1,-1
141,20,566,603,200,208,1,-1,-1,-1
141,21,2508,598,52,172,1,-1,-1,-1
141,22,309,608,176,181,1,-1,-1,-1
141,24,884,582,300,232,1,-1,-1,-1
141,25,1415,589,403,193,1,-1,-1,-1
141,28,1865,809,140,232,1,-1,-1,-1
141,29,12,628,244,212,1,-1,-1,-1
141,30,2171,608,324,176,1,-1,-1,-1
142,2,2392,598,168,113,1,-1,-1,-1
142,4,674,566,300,248,1,-1,-1,-1
142,20,570,602,200,208,1,-1,-1,-1
142,21,2520,597,40,181,1,-1,-1,-1
142,22,314,609,176,181,1,-1,-1,-1
142,24,880,579,300,232,1,-1,-1,-1
142,25,1416,588,403,193,1,-1,-1,-1
142,28,1864,807,140,232,1,-1,-1,-1
142,29,18,628,244,212,1,-1,-1,-1
142,30,2173,604,340,185,1,-1,-1,-1
143,4,671,555,315,260,1,-1,-1,-1
143,20,571,601,200,208,1,-1,-1,-1
143,21,2523,588,37,181,1,-1,-1,-1
143,22,318,610,176,181,1,-1,-1,-1
143,24,882,579,300,232,1,-1,-1,-1
143,25,1415,587,403,193,1,-1,-1,-1
143,28,1862,806,140,232,1,-1,-1,-1
143,29,17,629,244,212,1,-1,-1,-1
143,30,2178,603,340,185,1,-1,-1,-1
144,4,670,556,315,260,1,-1,-1,-1
144,20,572,601,200,208,1,-1,-1,-1
144,21,2526,591,34,172,1,-1,-1,-1
144,22,319,605,185,190,1,-1,-1,-1
144,24,884,579,300,232,1,-1,-1,-1
144,25,1418,587,403,193,1,-1,-1,-1
144,28,1860,807,140,232,1,-1,-1,-1
144,29,8,622,256,223,1,-1,-1,-1
144,30,2172,598,357,194,1,-1,-1,-1
145,4,720,528,288,292,1,-1,-1,-1
145,20,576,556,196,260,1,-1,-1,-1
145,21,2526,591,34,172,1,-1,-1,-1
145,22,312,604,220,212,1,-1,-1,-1
145,24,908,596,292,212,1,-1,-1,-1
145,25,1464,592,360,200,1,-1,-1,-1
145,28,1848,812,156,220,1,-1,-1,-1
145,29,48,604,244,216,1,-1,-1,-1
145,30,2180,608,368,184,1,-1,-1,-1
146,4,722,529,288,292,1,-1,-1,-1
146,20,582,560,187,248,1,-1,-1,-1
146,21,2527,587,33,172,1,-1,-1,-1
146,22,317,603,220,212,1,-1,-1,-1
146,24,911,595,292,212,1,-1,-1,-1
146,25,1467,592,360,200,1,-1,-1,-1
146,28,1848,811,156,220,1,-1,-1,-1
146,29,54,607,244,216,1,-1,-1,-1
146,30,2182,609,368,184,1,-1,-1,-1
147,4,726,528,288,292,1,-1,-1,-1
147,20,585,559,187,248,1,-1,-1,-1
147,21,2536,590,24,172,1,-1,-1,-1
147,22,322,603,220,212,1,-1,-1,-1
147,24,914,595,292,212,1,-1,-1,-1
147,25,1460,588,378,210,1,-1,-1,-1
147,28,1849,810,156,220,1,-1,-1,-1
147,29,62,609,244,216,1,-1,-1,-1
147,30,2187,609,368,184,1,-1,-1,-1
