1,0,148,472,852,624,1,-1,-1,-1
1,1,1704,600,712,576,1,-1,-1,-1
1,2,1148,396,468,460,1,-1,-1,-1
1,3,764,452,512,508,1,-1,-1,-1
1,4,1952,568,456,148,1,-1,-1,-1
1,5,2468,728,92,316,1,-1,-1,-1
2,0,142,469,852,624,1,-1,-1,-1
2,1,1695,602,712,576,1,-1,-1,-1
2,2,1144,398,468,460,1,-1,-1,-1
2,3,754,452,512,508,1,-1,-1,-1
2,4,1952,567,456,148,1,-1,-1,-1
2,5,2468,727,92,316,1,-1,-1,-1
3,0,141,472,852,624,1,-1,-1,-1
3,1,1683,603,712,576,1,-1,-1,-1
3,2,1142,400,468,460,1,-1,-1,-1
3,3,749,455,512,508,1,-1,-1,-1
3,4,1952,566,456,148,1,-1,-1,-1
3,5,2468,727,92,316,1,-1,-1,-1
4,0,137,475,852,624,1,-1,-1,-1
4,1,1677,608,712,576,1,-1,-1,-1
4,2,1127,387,491,483,1,-1,-1,-1
4,3,742,455,512,508,1,-1,-1,-1
4,4,1954,567,456,148,1,-1,-1,-1
4,5,2467,727,92,316,1,-1,-1,-1
5,0,140,472,852,624,1,-1,-1,-1
5,1,1648,589,748,605,1,-1,-1,-1
5,2,1125,389,491,483,1,-1,-1,-1
5,3,738,460,512,508,1,-1,-1,-1
5,4,1955,568,456,148,1,-1,-1,-1
5,5,2467,725,92,316,1,-1,-1,-1
6,0,137,479,852,624,1,-1,-1,-1
6,1,1634,582,748,605,1,-1,-1,-1
6,2,1124,385,491,483,1,-1,-1,-1
6,3,736,455,512,508,1,-1,-1,-1
6,5,2467,724,92,316,1,-1,-1,-1
7,0,153,491,811,594,1,-1,-1,-1
7,1,1629,578,748,605,1,-1,-1,-1
7,2,1125,386,491,483,1,-1,-1,-1
7,3,719,438,538,533,1,-1,-1,-1
7,5,2465,717,97,332,1,-1,-1,-1
8,0,175,500,773,566,1,-1,-1,-1
8,1,1625,578,748,605,1,-1,-1,-1
8,2,1122,389,491,483,1,-1,-1,-1
8,3,715,442,538,533,1,-1,-1,-1
8,5,2467,725,92,316,1,-1,-1,-1
9,0,144,468,780,624,1,-1,-1,-1
9,1,1596,596,816,576,1,-1,-1,-1
9,2,1168,408,436,448,1,-1,-1,-1
9,3,620,472,540,512,1,-1,-1,-1
9,5,2464,728,96,316,1,-1,-1,-1
9,6,1024,492,272,408,1,-1,-1,-1
9,7,1932,576,488,260,1,-1,-1,-1
10,0,144,467,780,624,1,-1,-1,-1
10,1,1581,599,816,576,1,-1,-1,-1
10,2,1168,407,436,448,1,-1,-1,-1
10,3,618,473,540,512,1,-1,-1,-1
10,5,2464,729,96,316,1,-1,-1,-1
10,6,1017,492,272,408,1,-1,-1,-1
10,7,1928,577,488,260,1,-1,-1,-1
11,0,140,466,780,624,1,-1,-1,-1
11,1,1580,600,816,576,1,-1,-1,-1
11,2,1167,406,436,448,1,-1,-1,-1
11,3,609,479,540,512,1,-1,-1,-1
11,5,2463,729,96,316,1,-1,-1,-1
11,6,1011,491,272,408,1,-1,-1,-1
11,7,1920,577,488,260,1,-1,-1,-1
12,0,139,467,780,624,1,-1,-1,-1
12,1,1569,598,816,576,1,-1,-1,-1
12,2,1166,405,436,448,1,-1,-1,-1
12,3,605,477,540,512,1,-1,-1,-1
12,5,2464,727,96,316,1,-1,-1,-1
12,6,1013,506,259,389,1,-1,-1,-1
12,7,1912,579,488,260,1,-1,-1,-1
13,0,138,466,780,624,1,-1,-1,-1
13,1,1552,603,816,576,1,-1,-1,-1
13,2,1166,402,436,448,1,-1,-1,-1
13,3,615,488,514,488,1,-1,-1,-1
13,5,2463,727,96,316,1,-1,-1,-1
13,7,1907,579,488,260,1,-1,-1,-1
14,0,136,464,780,624,1,-1,-1,-1
14,1,1521,586,857,605,1,-1,-1,-1
14,2,1167,402,436,448,1,-1,-1,-1
14,3,625,504,490,464,1,-1,-1,-1
14,5,2463,727,96,316,1,-1,-1,-1
14,7,1895,577,488,260,1,-1,-1,-1
15,0,134,466,780,624,1,-1,-1,-1
15,1,1519,593,857,605,1,-1,-1,-1
15,2,1163,403,436,448,1,-1,-1,-1
15,3,613,494,514,488,1,-1,-1,-1
15,5,2462,728,96,316,1,-1,-1,-1
15,7,1897,576,488,260,1,-1,-1,-1
16,0,131,462,780,624,1,-1,-1,-1
16,1,1520,597,857,605,1,-1,-1,-1
16,2,1166,404,436,448,1,-1,-1,-1
16,3,606,500,514,488,1,-1,-1,-1
16,5,2463,729,96,316,1,-1,-1,-1
17,0,152,464,796,624,1,-1,-1,-1
17,1,1460,588,860,580,1,-1,-1,-1
17,2,1176,444,392,396,1,-1,-1,-1
17,3,606,500,514,488,1,-1,-1,-1
17,5,2464,716,96,324,1,-1,-1,-1
17,8,1928,568,488,260,1,-1,-1,-1
17,9,888,532,400,388,1,-1,-1,-1
17,10,872,600,188,372,1,-1,-1,-1
18,0,156,462,796,624,1,-1,-1,-1
18,1,1447,594,860,580,1,-1,-1,-1
18,2,1173,443,392,396,1,-1,-1,-1
18,3,617,477,540,512,1,-1,-1,-1
18,5,2464,716,96,324,1,-1,-1,-1
18,8,1924,568,488,260,1,-1,-1,-1
18,9,884,533,400,388,1,-1,-1,-1
18,10,868,601,188,372,1,-1,-1,-1
19,0,150,466,796,624,1,-1,-1,-1
19,1,1457,606,819,552,1,-1,-1,-1
19,2,1169,442,392,396,1,-1,-1,-1
19,3,619,471,540,512,1,-1,-1,-1
19,5,2464,717,96,324,1,-1,-1,-1
19,8,1919,568,488,260,1,-1,-1,-1
19,9,887,543,381,370,1,-1,-1,-1
19,10,865,604,188,372,1,-1,-1,-1
20,0,150,464,796,624,1,-1,-1,-1
20,1,1458,602,819,552,1,-1,-1,-1
20,2,1163,444,392,396,1,-1,-1,-1
20,3,619,451,567,538,1,-1,-1,-1
20,5,2465,717,96,324,1,-1,-1,-1
20,8,1903,563,512,273,1,-1,-1,-1
20,9,886,543,381,370,1,-1,-1,-1
20,10,866,601,188,372,1,-1,-1,-1
21,0,142,458,796,624,1,-1,-1,-1
21,1,1425,595,860,580,1,-1,-1,-1
21,2,1160,443,392,396,1,-1,-1,-1
21,3,626,459,567,538,1,-1,-1,-1
21,5,2467,723,91,309,1,-1,-1,-1
21,8,1895,560,512,273,1,-1,-1,-1
21,9,879,544,381,370,1,-1,-1,-1
21,10,868,595,188,372,1,-1,-1,-1
22,0,157,472,758,594,1,-1,-1,-1
22,1,1418,591,860,580,1,-1,-1,-1
22,2,1154,442,392,396,1,-1,-1,-1
22,3,622,457,567,538,1,-1,-1,-1
22,5,2464,715,96,324,1,-1,-1,-1
22,8,1905,563,488,260,1,-1,-1,-1
22,9,853,534,400,388,1,-1,-1,-1
22,10,868,592,188,372,1,-1,-1,-1
23,0,161,467,758,594,1,-1,-1,-1
23,1,1427,610,819,552,1,-1,-1,-1
23,3,621,455,567,538,1,-1,-1,-1
23,5,2463,716,96,324,1,-1,-1,-1
23,8,1890,557,512,273,1,-1,-1,-1
24,0,160,472,758,594,1,-1,-1,-1
24,3,620,468,540,512,1,-1,-1,-1
24,5,2466,722,91,309,1,-1,-1,-1
25,0,152,476,836,612,1,-1,-1,-1
25,3,768,480,428,456,1,-1,-1,-1
25,5,2464,716,96,332,1,-1,-1,-1
25,11,1316,584,892,588,1,-1,-1,-1
25,12,1940,568,484,296,1,-1,-1,-1
25,13,1184,404,396,444,1,-1,-1,-1
26,0,151,474,836,612,1,-1,-1,-1
26,3,758,481,428,456,1,-1,-1,-1
26,5,2464,716,96,332,1,-1,-1,-1
26,11,1294,580,892,588,1,-1,-1,-1
26,12,1939,568,484,296,1,-1,-1,-1
26,13,1172,403,396,444,1,-1,-1,-1
27,0,152,470,836,612,1,-1,-1,-1
27,3,752,480,428,456,1,-1,-1,-1
27,5,2464,716,96,332,1,-1,-1,-1
27,11,1278,580,892,588,1,-1,-1,-1
27,12,1937,567,484,296,1,-1,-1,-1
27,13,1168,406,396,444,1,-1,-1,-1
28,0,146,471,836,612,1,-1,-1,-1
28,3,747,483,428,456,1,-1,-1,-1
28,5,2464,715,96,332,1,-1,-1,-1
28,11,1258,586,892,588,1,-1,-1,-1
28,12,1934,568,484,296,1,-1,-1,-1
28,13,1151,407,396,444,1,-1,-1,-1
29,0,130,475,836,612,1,-1,-1,-1
29,3,740,490,428,456,1,-1,-1,-1
29,5,2466,723,91,316,1,-1,-1,-1
29,11,1220,575,937,617,1,-1,-1,-1
29,12,1925,559,508,311,1,-1,-1,-1
29,13,1156,407,396,444,1,-1,-1,-1
30,0,135,471,836,612,1,-1,-1,-1
30,3,747,504,408,434,1,-1,-1,-1
30,5,2464,719,96,332,1,-1,-1,-1
30,12,1929,570,484,296,1,-1,-1,-1
31,0,149,494,796,583,1,-1,-1,-1
31,3,751,508,408,434,1,-1,-1,-1
31,5,2460,708,101,349,1,-1,-1,-1
31,12,1937,569,484,296,1,-1,-1,-1
32,0,135,483,836,612,1,-1,-1,-1
32,5,2458,696,106,366,1,-1,-1,-1
32,12,1937,570,484,296,1,-1,-1,-1
33,0,148,476,768,612,1,-1,-1,-1
33,5,2468,720,92,328,1,-1,-1,-1
33,12,1924,568,500,292,1,-1,-1,-1
33,14,1164,592,876,580,1,-1,-1,-1
33,15,1184,400,404,268,1,-1,-1,-1
34,0,145,479,768,612,1,-1,-1,-1
34,5,2468,721,92,328,1,-1,-1,-1
34,12,1922,566,500,292,1,-1,-1,-1
34,14,1159,591,876,580,1,-1,-1,-1
34,15,1183,399,404,268,1,-1,-1,-1
35,0,147,481,768,612,1,-1,-1,-1
35,5,2468,722,92,328,1,-1,-1,-1
35,12,1920,564,500,292,1,-1,-1,-1
35,14,1139,594,876,580,1,-1,-1,-1
35,15,1182,401,404,268,1,-1,-1,-1
36,0,138,477,768,612,1,-1,-1,-1
36,5,2468,724,92,328,1,-1,-1,-1
36,12,1909,560,525,307,1,-1,-1,-1
36,14,1167,613,834,552,1,-1,-1,-1
36,15,1179,403,404,268,1,-1,-1,-1
37,0,148,484,768,612,1,-1,-1,-1
37,5,2471,733,88,312,1,-1,-1,-1
37,12,1906,560,525,307,1,-1,-1,-1
37,14,1152,614,834,552,1,-1,-1,-1
37,15,1189,414,385,255,1,-1,-1,-1
38,0,137,477,768,612,1,-1,-1,-1
38,5,2468,723,92,328,1,-1,-1,-1
38,12,1906,559,525,307,1,-1,-1,-1
38,15,1183,406,404,268,1,-1,-1,-1
39,0,133,482,768,612,1,-1,-1,-1
39,5,2470,733,88,312,1,-1,-1,-1
39,12,1900,555,525,307,1,-1,-1,-1
39,15,1182,408,404,268,1,-1,-1,-1
40,0,127,482,768,612,1,-1,-1,-1
40,5,2471,732,88,312,1,-1,-1,-1
40,12,1904,556,525,307,1,-1,-1,-1
40,15,1183,407,404,268,1,-1,-1,-1
41,0,140,484,856,604,1,-1,-1,-1
41,5,2468,720,92,328,1,-1,-1,-1
41,12,1912,568,516,288,1,-1,-1,-1
41,15,1180,400,404,268,1,-1,-1,-1
41,16,1024,568,852,592,1,-1,-1,-1
41,17,8,456,732,456,1,-1,-1,-1
42,0,142,491,856,604,1,-1,-1,-1
42,5,2468,721,92,328,1,-1,-1,-1
42,12,1911,568,516,288,1,-1,-1,-1
42,15,1178,402,404,268,1,-1,-1,-1
42,16,1009,570,852,592,1,-1,-1,-1
42,17,4,456,732,456,1,-1,-1,-1
43,0,142,494,856,604,1,-1,-1,-1
43,5,2467,720,92,328,1,-1,-1,-1
43,12,1911,567,516,288,1,-1,-1,-1
43,15,1173,401,404,268,1,-1,-1,-1
43,16,987,576,852,592,1,-1,-1,-1
43,17,3,456,732,456,1,-1,-1,-1
44,0,142,488,856,604,1,-1,-1,-1
44,5,2468,719,92,328,1,-1,-1,-1
44,12,1912,568,516,288,1,-1,-1,-1
44,15,1183,408,385,255,1,-1,-1,-1
44,16,980,578,852,592,1,-1,-1,-1
44,17,6,463,732,456,1,-1,-1,-1
45,0,165,515,815,575,1,-1,-1,-1
45,5,2466,713,92,328,1,-1,-1,-1
45,12,1910,566,516,288,1,-1,-1,-1
45,15,1183,409,385,255,1,-1,-1,-1
45,16,976,578,852,592,1,-1,-1,-1
45,17,-10,460,732,456,1,-1,-1,-1
46,12,1909,566,516,288,1,-1,-1,-1
46,15,1182,410,385,255,1,-1,-1,-1
46,16,970,602,811,564,1,-1,-1,-1
46,17,-9,464,732,456,1,-1,-1,-1
47,12,1911,570,516,288,1,-1,-1,-1
47,15,1182,411,385,255,1,-1,-1,-1
47,16,981,616,773,537,1,-1,-1,-1
47,17,-8,468,732,456,1,-1,-1,-1
48,12,1913,567,516,288,1,-1,-1,-1
48,15,1180,413,385,255,1,-1,-1,-1
48,16,949,617,773,537,1,-1,-1,-1
48,17,-17,466,732,456,1,-1,-1,-1
49,12,1912,568,520,288,1,-1,-1,-1
49,15,1180,396,416,272,1,-1,-1,-1
49,16,848,568,880,580,1,-1,-1,-1
49,17,0,432,636,520,1,-1,-1,-1
49,18,140,472,752,608,1,-1,-1,-1
49,19,2504,708,52,332,1,-1,-1,-1
50,12,1914,571,520,288,1,-1,-1,-1
50,15,1180,397,416,272,1,-1,-1,-1
50,16,828,570,880,580,1,-1,-1,-1
50,17,-1,431,636,520,1,-1,-1,-1
50,18,144,471,752,608,1,-1,-1,-1
51,12,1918,569,520,288,1,-1,-1,-1
51,15,1178,397,416,272,1,-1,-1,-1
51,16,819,572,880,580,1,-1,-1,-1
51,17,-8,433,636,520,1,-1,-1,-1
51,18,134,474,752,608,1,-1,-1,-1
52,12,1914,570,520,288,1,-1,-1,-1
52,15,1175,398,416,272,1,-1,-1,-1
52,16,795,582,880,580,1,-1,-1,-1
52,17,-7,432,636,520,1,-1,-1,-1
52,18,131,468,752,608,1,-1,-1,-1
53,12,1917,569,520,288,1,-1,-1,-1
53,15,1179,399,416,272,1,-1,-1,-1
53,16,781,581,880,580,1,-1,-1,-1
53,17,-9,432,636,520,1,-1,-1,-1
53,18,136,470,752,608,1,-1,-1,-1
54,12,1915,569,520,288,1,-1,-1,-1
54,15,1168,391,437,286,1,-1,-1,-1
54,17,-9,426,636,520,1,-1,-1,-1
54,18,121,474,752,608,1,-1,-1,-1
55,12,1916,571,520,288,1,-1,-1,-1
55,15,1165,392,437,286,1,-1,-1,-1
55,17,-13,430,636,520,1,-1,-1,-1
55,18,122,470,752,608,1,-1,-1,-1
56,12,1917,572,520,288,1,-1,-1,-1
56,15,1177,400,416,272,1,-1,-1,-1
56,17,-13,430,636,520,1,-1,-1,-1
56,18,127,476,752,608,1,-1,-1,-1
57,12,1912,568,520,276,1,-1,-1,-1
57,15,1180,400,428,460,1,-1,-1,-1
57,17,-13,430,636,520,1,-1,-1,-1
57,18,156,472,724,612,1,-1,-1,-1
57,20,652,588,896,560,1,-1,-1,-1
57,21,2424,716,136,328,1,-1,-1,-1
57,22,0,584,412,404,1,-1,-1,-1
57,23,0,468,240,376,1,-1,-1,-1
58,12,1911,569,520,276,1,-1,-1,-1
58,15,1173,398,428,460,1,-1,-1,-1
58,18,147,468,724,612,1,-1,-1,-1
58,20,644,587,896,560,1,-1,-1,-1
58,21,2422,702,136,328,1,-1,-1,-1
58,22,-10,586,412,404,1,-1,-1,-1
58,23,-10,470,240,376,1,-1,-1,-1
59,12,1909,569,520,276,1,-1,-1,-1
59,15,1156,401,428,460,1,-1,-1,-1
59,18,158,490,690,583,1,-1,-1,-1
59,20,618,591,896,560,1,-1,-1,-1
59,22,-14,586,412,404,1,-1,-1,-1
59,23,-21,470,240,376,1,-1,-1,-1
60,12,1920,572,495,263,1,-1,-1,-1
60,15,1154,397,428,460,1,-1,-1,-1
60,18,170,496,657,555,1,-1,-1,-1
60,20,621,609,853,533,1,-1,-1,-1
60,22,-13,581,412,404,1,-1,-1,-1
60,23,-31,470,240,376,1,-1,-1,-1
61,12,1921,571,495,263,1,-1,-1,-1
61,15,1152,397,428,460,1,-1,-1,-1
61,18,171,498,657,555,1,-1,-1,-1
61,22,-18,576,412,404,1,-1,-1,-1
61,23,-36,468,240,376,1,-1,-1,-1
62,12,1922,568,495,263,1,-1,-1,-1
62,18,135,481,690,583,1,-1,-1,-1
62,22,-33,566,433,424,1,-1,-1,-1
63,12,1916,570,495,263,1,-1,-1,-1
63,22,-31,565,433,424,1,-1,-1,-1
64,12,1919,570,495,263,1,-1,-1,-1
64,22,-40,560,433,424,1,-1,-1,-1
65,12,1912,568,516,296,1,-1,-1,-1
65,22,0,580,424,420,1,-1,-1,-1
65,24,496,572,852,560,1,-1,-1,-1
65,25,1176,400,432,460,1,-1,-1,-1
65,26,2432,720,128,324,1,-1,-1,-1
65,27,160,472,428,616,1,-1,-1,-1
66,12,1912,568,516,296,1,-1,-1,-1
66,22,-12,581,424,420,1,-1,-1,-1
66,24,487,569,852,560,1,-1,-1,-1
66,25,1168,400,432,460,1,-1,-1,-1
66,27,154,470,428,616,1,-1,-1,-1
67,12,1913,568,516,296,1,-1,-1,-1
67,22,-20,585,424,420,1,-1,-1,-1
67,24,471,572,852,560,1,-1,-1,-1
67,25,1164,397,432,460,1,-1,-1,-1
67,27,154,469,428,616,1,-1,-1,-1
68,12,1910,569,516,296,1,-1,-1,-1
68,22,-32,575,445,441,1,-1,-1,-1
68,24,457,574,852,560,1,-1,-1,-1
68,25,1149,386,454,483,1,-1,-1,-1
68,27,145,468,428,616,1,-1,-1,-1
69,12,1909,572,516,296,1,-1,-1,-1
69,22,-40,576,445,441,1,-1,-1,-1
69,24,435,578,852,560,1,-1,-1,-1
69,25,1146,385,454,483,1,-1,-1,-1
69,27,134,469,428,616,1,-1,-1,-1
70,12,1925,579,491,282,1,-1,-1,-1
70,24,401,565,895,588,1,-1,-1,-1
70,25,1146,384,454,483,1,-1,-1,-1
71,12,1923,578,491,282,1,-1,-1,-1
71,25,1147,386,454,483,1,-1,-1,-1
72,12,1927,574,491,282,1,-1,-1,-1
72,25,1148,383,454,483,1,-1,-1,-1
73,12,1916,568,520,304,1,-1,-1,-1
73,25,1160,392,456,476,1,-1,-1,-1
73,28,328,572,884,564,1,-1,-1,-1
73,29,2512,712,48,332,1,-1,-1,-1
73,30,0,548,392,460,1,-1,-1,-1
73,31,164,472,400,596,1,-1,-1,-1
74,12,1915,565,520,304,1,-1,-1,-1
74,25,1154,393,456,476,1,-1,-1,-1
74,28,312,572,884,564,1,-1,-1,-1
74,30,-5,547,392,460,1,-1,-1,-1
74,31,159,470,400,596,1,-1,-1,-1
75,12,1900,560,546,319,1,-1,-1,-1
75,25,1160,396,456,476,1,-1,-1,-1
75,28,269,560,928,592,1,-1,-1,-1
75,30,-12,548,392,460,1,-1,-1,-1
75,31,169,481,381,568,1,-1,-1,-1
76,12,1914,569,520,304,1,-1,-1,-1
76,25,1162,397,456,476,1,-1,-1,-1
76,30,-16,547,392,460,1,-1,-1,-1
76,31,167,485,381,568,1,-1,-1,-1
77,12,1914,568,520,304,1,-1,-1,-1
77,25,1175,404,434,453,1,-1,-1,-1
77,30,-18,542,392,460,1,-1,-1,-1
77,31,152,471,400,596,1,-1,-1,-1
78,12,1931,574,495,290,1,-1,-1,-1
78,25,1173,405,434,453,1,-1,-1,-1
78,30,-25,540,392,460,1,-1,-1,-1
78,31,149,466,400,596,1,-1,-1,-1
79,12,1917,567,520,304,1,-1,-1,-1
79,25,1176,406,434,453,1,-1,-1,-1
79,31,137,466,400,596,1,-1,-1,-1
80,12,1924,565,520,304,1,-1,-1,-1
80,25,1187,407,434,453,1,-1,-1,-1
81,12,1940,564,520,276,1,-1,-1,-1
81,25,1072,416,572,440,1,-1,-1,-1
81,32,168,592,904,540,1,-1,-1,-1
81,33,0,596,200,396,1,-1,-1,-1
82,12,1983,565,520,276,1,-1,-1,-1
82,25,1112,417,572,440,1,-1,-1,-1
82,32,191,593,904,540,1,-1,-1,-1
82,33,28,597,200,396,1,-1,-1,-1
83,12,2024,566,520,276,1,-1,-1,-1
83,25,1150,418,572,440,1,-1,-1,-1
83,32,177,584,949,567,1,-1,-1,-1
83,33,51,597,200,396,1,-1,-1,-1
84,12,2061,565,520,276,1,-1,-1,-1
84,25,1185,419,572,440,1,-1,-1,-1
84,32,223,586,949,567,1,-1,-1,-1
84,33,76,598,200,396,1,-1,-1,-1
85,12,2102,567,520,276,1,-1,-1,-1
85,25,1221,414,572,440,1,-1,-1,-1
86,12,2142,561,520,276,1,-1,-1,-1
86,25,1269,415,572,440,1,-1,-1,-1
87,12,2146,562,520,276,1,-1,-1,-1
87,25,1274,413,572,440,1,-1,-1,-1
88,25,1286,415,572,440,1,-1,-1,-1
89,25,1288,440,612,420,1,-1,-1,-1
89,34,232,588,876,536,1,-1,-1,-1
89,35,2196,564,364,300,1,-1,-1,-1
89,36,0,588,324,416,1,-1,-1,-1
89,37,0,508,128,144,1,-1,-1,-1
90,25,1342,437,612,420,1,-1,-1,-1
90,34,224,579,920,563,1,-1,-1,-1
90,35,2253,564,364,300,1,-1,-1,-1
90,36,27,587,324,416,1,-1,-1,-1
90,37,15,502,134,151,1,-1,-1,-1
91,25,1365,439,612,420,1,-1,-1,-1
91,34,252,595,876,536,1,-1,-1,-1
91,35,2287,563,364,300,1,-1,-1,-1
91,36,31,584,340,437,1,-1,-1,-1
91,37,26,503,134,151,1,-1,-1,-1
92,25,1387,440,612,420,1,-1,-1,-1
92,35,2309,563,364,300,1,-1,-1,-1
92,36,39,593,324,416,1,-1,-1,-1
92,37,31,501,134,151,1,-1,-1,-1
93,25,1414,439,612,420,1,-1,-1,-1
93,35,2332,563,364,300,1,-1,-1,-1
93,37,37,502,134,151,1,-1,-1,-1
94,25,1437,441,612,420,1,-1,-1,-1
94,35,2362,564,364,300,1,-1,-1,-1
94,37,32,500,141,159,1,-1,-1,-1
95,25,1446,441,612,420,1,-1,-1,-1
96,25,1467,442,612,420,1,-1,-1,-1
97,25,1500,448,612,404,1,-1,-1,-1
97,38,300,592,884,532,1,-1,-1,-1
97,39,2420,564,136,296,1,-1,-1,-1
97,40,1068,588,388,496,1,-1,-1,-1
97,41,0,576,644,472,1,-1,-1,-1
97,42,0,464,236,132,1,-1,-1,-1
98,25,1530,447,612,404,1,-1,-1,-1
98,38,305,593,884,532,1,-1,-1,-1
98,39,2450,564,136,296,1,-1,-1,-1
98,40,1092,587,388,496,1,-1,-1,-1
98,41,5,578,644,472,1,-1,-1,-1
98,42,19,466,236,132,1,-1,-1,-1
99,25,1551,446,612,404,1,-1,-1,-1
99,38,308,597,884,532,1,-1,-1,-1
99,39,2475,565,136,296,1,-1,-1,-1
99,40,1106,588,388,496,1,-1,-1,-1
99,41,33,593,613,450,1,-1,-1,-1
99,42,28,464,248,139,1,-1,-1,-1
100,25,1565,450,612,404,1,-1,-1,-1
100,38,292,588,928,559,1,-1,-1,-1
100,40,1119,589,388,496,1,-1,-1,-1
100,41,33,593,613,450,1,-1,-1,-1
101,25,1572,448,612,404,1,-1,-1,-1
101,40,1131,588,388,496,1,-1,-1,-1
101,41,41,600,613,450,1,-1,-1,-1
102,25,1601,447,612,404,1,-1,-1,-1
102,40,1159,589,388,496,1,-1,-1,-1
103,25,1615,457,583,385,1,-1,-1,-1
103,40,1175,591,388,496,1,-1,-1,-1
104,25,1628,457,583,385,1,-1,-1,-1
104,40,1187,595,388,496,1,-1,-1,-1
105,25,1624,444,624,400,1,-1,-1,-1
105,40,1187,595,388,496,1,-1,-1,-1
105,43,284,600,900,524,1,-1,-1,-1
105,44,772,540,820,536,1,-1,-1,-1
105,45,4,460,416,144,1,-1,-1,-1
105,46,0,492,188,204,1,-1,-1,-1
106,25,1638,439,624,400,1,-1,-1,-1
106,40,1194,597,388,496,1,-1,-1,-1
106,44,769,549,820,536,1,-1,-1,-1
106,45,14,462,416,144,1,-1,-1,-1
106,46,1,493,188,204,1,-1,-1,-1
107,25,1652,449,594,381,1,-1,-1,-1
107,40,1198,597,388,496,1,-1,-1,-1
107,44,769,547,820,536,1,-1,-1,-1
107,45,26,463,416,144,1,-1,-1,-1
107,46,-1,491,188,204,1,-1,-1,-1
108,25,1647,437,624,400,1,-1,-1,-1
108,40,1203,601,388,496,1,-1,-1,-1
108,44,775,548,820,536,1,-1,-1,-1
108,45,26,460,437,151,1,-1,-1,-1
108,46,-4,487,188,204,1,-1,-1,-1
109,25,1654,440,624,400,1,-1,-1,-1
109,40,1222,604,388,496,1,-1,-1,-1
109,44,771,551,820,536,1,-1,-1,-1
109,45,35,460,437,151,1,-1,-1,-1
109,46,-7,486,188,204,1,-1,-1,-1
110,25,1676,449,624,400,1,-1,-1,-1
110,40,1246,610,388,496,1,-1,-1,-1
110,45,87,464,416,144,1,-1,-1,-1
110,46,-8,478,188,204,1,-1,-1,-1
111,25,1702,447,624,400,1,-1,-1,-1
111,45,119,463,416,144,1,-1,-1,-1
111,46,-4,477,188,204,1,-1,-1,-1
112,25,1730,454,594,381,1,-1,-1,-1
112,45,126,460,437,151,1,-1,-1,-1
112,46,-2,476,188,204,1,-1,-1,-1
113,25,1728,428,588,420,1,-1,-1,-1
113,45,126,460,437,151,1,-1,-1,-1
113,46,0,480,196,324,1,-1,-1,-1
113,47,232,596,880,524,1,-1,-1,-1
113,48,672,548,972,544,1,-1,-1,-1
113,49,4,372,568,244,1,-1,-1,-1
114,25,1753,430,588,420,1,-1,-1,-1
114,45,180,465,416,144,1,-1,-1,-1
114,46,1,481,196,324,1,-1,-1,-1
114,48,673,551,972,544,1,-1,-1,-1
114,49,18,377,568,244,1,-1,-1,-1
115,25,1765,429,588,420,1,-1,-1,-1
115,45,189,466,437,151,1,-1,-1,-1
115,46,1,472,206,340,1,-1,-1,-1
115,48,646,545,1021,571,1,-1,-1,-1
115,49,21,369,596,256,1,-1,-1,-1
116,25,1781,429,588,420,1,-1,-1,-1
116,46,2,480,206,340,1,-1,-1,-1
116,48,689,555,972,544,1,-1,-1,-1
116,49,39,367,596,256,1,-1,-1,-1
117,25,1793,427,588,420,1,-1,-1,-1
117,46,6,485,206,340,1,-1,-1,-1
117,49,53,368,596,256,1,-1,-1,-1
118,25,1819,427,588,420,1,-1,-1,-1
118,46,10,486,206,340,1,-1,-1,-1
118,49,106,376,568,244,1,-1,-1,-1
119,25,1828,422,588,420,1,-1,-1,-1
119,46,11,489,206,340,1,-1,-1,-1
120,25,1824,410,617,441,1,-1,-1,-1
120,46,16,488,196,324,1,-1,-1,-1
121,25,1868,432,564,408,1,-1,-1,-1
121,46,0,488,216,396,1,-1,-1,-1
121,50,756,536,920,548,1,-1,-1,-1
121,51,176,588,892,532,1,-1,-1,-1
122,25,1884,432,564,408,1,-1,-1,-1
122,46,5,487,216,396,1,-1,-1,-1
122,50,768,532,920,548,1,-1,-1,-1
122,51,157,581,937,559,1,-1,-1,-1
123,25,1894,427,564,408,1,-1,-1,-1
123,46,3,475,227,416,1,-1,-1,-1
123,50,778,553,876,522,1,-1,-1,-1
124,25,1901,427,564,408,1,-1,-1,-1
124,46,5,487,216,396,1,-1,-1,-1
124,50,762,545,920,548,1,-1,-1,-1
125,25,1912,429,564,408,1,-1,-1,-1
125,46,7,488,216,396,1,-1,-1,-1
125,50,758,543,920,548,1,-1,-1,-1
126,25,1926,426,564,408,1,-1,-1,-1
126,46,14,499,206,377,1,-1,-1,-1
126,50,753,546,920,548,1,-1,-1,-1
127,25,1945,430,564,408,1,-1,-1,-1
128,25,1964,440,537,389,1,-1,-1,-1
129,25,1964,436,560,408,1,-1,-1,-1
129,52,180,580,896,532,1,-1,-1,-1
129,53,864,560,812,524,1,-1,-1,-1
129,54,0,488,232,400,1,-1,-1,-1
129,55,276,392,608,224,1,-1,-1,-1
130,25,1988,432,560,408,1,-1,-1,-1
130,52,185,574,896,532,1,-1,-1,-1
130,53,876,560,812,524,1,-1,-1,-1
130,54,11,486,232,400,1,-1,-1,-1
130,55,317,399,579,213,1,-1,-1,-1
131,25,2002,431,560,408,1,-1,-1,-1
131,52,204,586,853,507,1,-1,-1,-1
131,53,881,561,812,524,1,-1,-1,-1
131,54,20,485,232,400,1,-1,-1,-1
131,55,330,402,579,213,1,-1,-1,-1
132,25,2006,430,560,408,1,-1,-1,-1
132,53,854,554,853,550,1,-1,-1,-1
132,54,20,486,232,400,1,-1,-1,-1
132,55,339,404,579,213,1,-1,-1,-1
133,25,2011,430,560,408,1,-1,-1,-1
133,53,852,551,853,550,1,-1,-1,-1
133,54,10,473,244,420,1,-1,-1,-1
133,55,338,399,608,224,1,-1,-1,-1
134,25,2028,438,533,389,1,-1,-1,-1
134,54,7,471,244,420,1,-1,-1,-1
134,55,346,401,608,224,1,-1,-1,-1
135,25,2027,445,533,389,1,-1,-1,-1
135,54,4,469,244,420,1,-1,-1,-1
135,55,351,408,579,213,1,-1,-1,-1
136,25,2045,456,508,370,1,-1,-1,-1
136,54,5,467,244,420,1,-1,-1,-1
136,55,371,408,579,213,1,-1,-1,-1
137,25,2044,436,516,408,1,-1,-1,-1
137,54,0,480,248,392,1,-1,-1,-1
137,55,396,420,592,200,1,-1,-1,-1
137,56,132,588,912,528,1,-1,-1,-1
137,57,652,564,1012,504,1,-1,-1,-1
138,25,2065,434,516,408,1,-1,-1,-1
138,54,5,482,248,392,1,-1,-1,-1
138,55,425,425,564,190,1,-1,-1,-1
138,56,138,586,912,528,1,-1,-1,-1
138,57,632,553,1063,529,1,-1,-1,-1
139,25,2067,435,516,408,1,-1,-1,-1
139,54,2,484,248,392,1,-1,-1,-1
139,55,428,426,564,190,1,-1,-1,-1
139,57,637,548,1063,529,1,-1,-1,-1
140,25,2070,434,516,408,1,-1,-1,-1
140,54,2,485,248,392,1,-1,-1,-1
140,55,439,428,564,190,1,-1,-1,-1
141,25,2077,436,516,408,1,-1,-1,-1
141,54,10,496,236,373,1,-1,-1,-1
141,55,462,432,537,181,1,-1,-1,-1
142,25,2123,435,516,408,1,-1,-1,-1
142,54,19,494,236,373,1,-1,-1,-1
142,55,495,432,537,181,1,-1,-1,-1
143,25,2121,432,516,408,1,-1,-1,-1
143,54,15,485,248,392,1,-1,-1,-1
143,55,493,432,537,181,1,-1,-1,-1
144,25,2118,431,516,408,1,-1,-1,-1
144,54,16,486,248,392,1,-1,-1,-1
144,55,494,431,537,181,1,-1,-1,-1
145,25,2148,440,412,408,1,-1,-1,-1
145,54,0,480,284,228,1,-1,-1,-1
145,55,484,424,596,192,1,-1,-1,-1
145,58,104,588,872,524,1,-1,-1,-1
145,59,780,556,812,528,1,-1,-1,-1
146,25,2178,439,412,408,1,-1,-1,-1
146,54,7,479,284,228,1,-1,-1,-1
146,55,507,429,568,183,1,-1,-1,-1
146,58,109,581,872,524,1,-1,-1,-1
146,59,775,560,812,528,1,-1,-1,-1
147,25,2188,437,412,408,1,-1,-1,-1
147,54,5,480,284,228,1,-1,-1,-1
147,55,524,435,541,174,1,-1,-1,-1
147,58,128,601,830,499,1,-1,-1,-1
147,59,796,574,773,503,1,-1,-1,-1
148,25,2186,435,412,408,1,-1,-1,-1
148,54,-1,479,284,228,1,-1,-1,-1
148,55,509,431,568,183,1,-1,-1,-1
149,25,2190,434,412,408,1,-1,-1,-1
149,54,-9,480,284,228,1,-1,-1,-1
150,25,2200,435,412,408,1,-1,-1,-1
150,54,-16,481,284,228,1,-1,-1,-1
151,25,2203,436,412,408,1,-1,-1,-1
151,54,-20,479,284,228,1,-1,-1,-1
152,25,2209,434,412,408,1,-1,-1,-1
152,54,-17,479,284,228,1,-1,-1,-1
153,25,2224,432,336,412,1,-1,-1,-1
153,54,0,492,276,208,1,-1,-1,-1
153,60,20,592,876,512,1,-1,-1,-1
153,61,716,556,840,528,1,-1,-1,-1
153,62,532,428,620,180,1,-1,-1,-1
153,63,1160,580,520,244,1,-1,-1,-1
154,25,2223,433,336,412,1,-1,-1,-1
154,54,-16,491,276,208,1,-1,-1,-1
154,60,22,590,876,512,1,-1,-1,-1
154,61,697,552,840,528,1,-1,-1,-1
154,62,527,432,620,180,1,-1,-1,-1
154,63,1142,583,520,244,1,-1,-1,-1
155,25,2221,434,336,412,1,-1,-1,-1
155,54,-22,492,276,208,1,-1,-1,-1
155,61,668,544,882,554,1,-1,-1,-1
155,62,526,433,620,180,1,-1,-1,-1
155,63,1138,584,520,244,1,-1,-1,-1
156,25,2217,429,353,433,1,-1,-1,-1
156,54,-30,492,276,208,1,-1,-1,-1
156,61,680,559,840,528,1,-1,-1,-1
156,62,522,432,620,180,1,-1,-1,-1
156,63,1129,590,520,244,1,-1,-1,-1
157,25,2226,428,353,433,1,-1,-1,-1
157,54,-40,492,276,208,1,-1,-1,-1
157,63,1127,594,520,244,1,-1,-1,-1
158,25,2243,437,336,412,1,-1,-1,-1
158,54,-49,490,276,208,1,-1,-1,-1
159,25,2242,440,336,412,1,-1,-1,-1
159,54,-50,491,276,208,1,-1,-1,-1
160,25,2247,440,336,412,1,-1,-1,-1
160,54,-49,491,276,208,1,-1,-1,-1
161,25,2244,428,316,420,1,-1,-1,-1
161,54,-49,491,276,208,1,-1,-1,-1
161,64,0,588,848,524,1,-1,-1,-1
161,65,552,564,960,512,1,-1,-1,-1
161,66,532,440,636,180,1,-1,-1,-1
162,25,2261,429,316,420,1,-1,-1,-1
162,64,23,605,808,499,1,-1,-1,-1
162,66,533,441,636,180,1,-1,-1,-1
163,25,2271,431,316,420,1,-1,-1,-1
163,64,-7,584,848,524,1,-1,-1,-1
163,66,525,441,636,180,1,-1,-1,-1
164,25,2268,428,316,420,1,-1,-1,-1
164,64,-17,579,848,524,1,-1,-1,-1
164,66,537,446,606,171,1,-1,-1,-1
165,25,2268,432,316,420,1,-1,-1,-1
165,64,2,598,808,499,1,-1,-1,-1
165,66,542,448,606,171,1,-1,-1,-1
166,25,2255,419,332,441,1,-1,-1,-1
166,64,1,607,808,499,1,-1,-1,-1
166,66,540,449,606,171,1,-1,-1,-1
167,25,2255,424,332,441,1,-1,-1,-1
167,66,539,450,606,171,1,-1,-1,-1
168,25,2258,418,332,441,1,-1,-1,-1
168,66,525,444,636,180,1,-1,-1,-1
169,25,2304,432,256,408,1,-1,-1,-1
169,66,552,444,632,172,1,-1,-1,-1
169,67,0,596,740,520,1,-1,-1,-1
169,68,256,548,1128,528,1,-1,-1,-1
169,69,1276,580,512,408,1,-1,-1,-1
170,25,2330,434,256,408,1,-1,-1,-1
170,66,579,442,632,172,1,-1,-1,-1
170,67,5,600,740,520,1,-1,-1,-1
170,69,1303,587,512,408,1,-1,-1,-1
171,25,2343,436,256,408,1,-1,-1,-1
171,66,585,441,632,172,1,-1,-1,-1
171,67,8,599,740,520,1,-1,-1,-1
171,69,1313,585,512,408,1,-1,-1,-1
172,25,2349,439,244,389,1,-1,-1,-1
172,66,576,438,664,181,1,-1,-1,-1
172,67,-6,598,740,520,1,-1,-1,-1
172,69,1323,586,512,408,1,-1,-1,-1
173,25,2356,443,244,389,1,-1,-1,-1
173,66,578,438,664,181,1,-1,-1,-1
173,67,14,609,705,495,1,-1,-1,-1
173,69,1337,585,512,408,1,-1,-1,-1
174,67,26,613,705,495,1,-1,-1,-1
174,69,1344,577,538,428,1,-1,-1,-1
175,67,13,599,740,520,1,-1,-1,-1
175,69,1351,583,538,428,1,-1,-1,-1
176,67,18,609,705,495,1,-1,-1,-1
176,69,1355,579,538,428,1,-1,-1,-1
177,67,0,604,728,516,1,-1,-1,-1
177,69,1268,576,580,420,1,-1,-1,-1
177,70,348,524,996,560,1,-1,-1,-1
177,71,2416,424,144,212,1,-1,-1,-1
178,67,0,609,728,516,1,-1,-1,-1
178,69,1283,579,580,420,1,-1,-1,-1
178,71,2435,426,144,212,1,-1,-1,-1
179,67,-8,610,728,516,1,-1,-1,-1
179,69,1295,575,580,420,1,-1,-1,-1
179,71,2439,428,144,212,1,-1,-1,-1
180,67,-24,595,764,542,1,-1,-1,-1
180,69,1299,572,580,420,1,-1,-1,-1
180,71,2437,429,144,212,1,-1,-1,-1
181,67,-42,596,764,542,1,-1,-1,-1
181,69,1303,576,580,420,1,-1,-1,-1
181,71,2436,432,144,212,1,-1,-1,-1
182,67,-18,613,728,516,1,-1,-1,-1
182,69,1313,585,552,400,1,-1,-1,-1
182,71,2437,432,144,212,1,-1,-1,-1
183,69,1310,585,552,400,1,-1,-1,-1
183,71,2437,431,144,212,1,-1,-1,-1
184,69,1319,590,526,381,1,-1,-1,-1
184,71,2426,425,151,223,1,-1,-1,-1
185,69,1136,540,704,464,1,-1,-1,-1
185,71,2426,425,151,223,1,-1,-1,-1
185,72,0,616,664,508,1,-1,-1,-1
185,73,412,516,912,556,1,-1,-1,-1
185,74,2416,424,144,416,1,-1,-1,-1
185,75,0,500,272,172,1,-1,-1,-1
185,76,668,456,572,144,1,-1,-1,-1
186,69,1125,542,704,464,1,-1,-1,-1
186,71,2408,414,151,223,1,-1,-1,-1
186,72,-10,615,664,508,1,-1,-1,-1
186,74,2416,432,137,396,1,-1,-1,-1
186,75,-11,497,272,172,1,-1,-1,-1
187,69,1123,539,704,464,1,-1,-1,-1
187,71,2408,418,144,212,1,-1,-1,-1
187,72,-44,600,697,533,1,-1,-1,-1
187,75,-14,496,272,172,1,-1,-1,-1
188,69,1120,543,704,464,1,-1,-1,-1
188,71,2401,410,151,223,1,-1,-1,-1
188,72,-20,617,664,508,1,-1,-1,-1
188,75,-20,494,272,172,1,-1,-1,-1
189,69,1097,529,739,487,1,-1,-1,-1
189,71,2395,408,151,223,1,-1,-1,-1
189,72,-31,616,664,508,1,-1,-1,-1
189,75,-27,493,272,172,1,-1,-1,-1
190,69,1073,525,776,512,1,-1,-1,-1
190,71,2382,403,151,223,1,-1,-1,-1
190,75,-35,490,272,172,1,-1,-1,-1
191,69,1080,528,776,512,1,-1,-1,-1
191,71,2371,404,151,223,1,-1,-1,-1
191,75,-37,492,272,172,1,-1,-1,-1
192,69,1067,524,776,512,1,-1,-1,-1
192,75,-59,489,272,172,1,-1,-1,-1
193,69,1044,540,748,472,1,-1,-1,-1
193,75,0,496,220,176,1,-1,-1,-1
193,77,0,632,508,496,1,-1,-1,-1
193,78,260,564,952,516,1,-1,-1,-1
193,79,616,440,560,164,1,-1,-1,-1
193,80,2324,412,236,276,1,-1,-1,-1
194,69,1032,541,748,472,1,-1,-1,-1
194,75,-18,496,220,176,1,-1,-1,-1
194,77,-34,636,508,496,1,-1,-1,-1
194,79,604,439,560,164,1,-1,-1,-1
194,80,2300,411,236,276,1,-1,-1,-1
195,69,1019,539,748,472,1,-1,-1,-1
195,75,-33,496,220,176,1,-1,-1,-1
195,77,-53,630,508,496,1,-1,-1,-1
195,79,589,439,560,164,1,-1,-1,-1
195,80,2286,413,236,276,1,-1,-1,-1
196,69,1011,536,748,472,1,-1,-1,-1
196,75,-43,497,220,176,1,-1,-1,-1
196,77,-56,630,508,496,1,-1,-1,-1
196,79,585,440,560,164,1,-1,-1,-1
196,80,2270,406,236,276,1,-1,-1,-1
197,69,1003,529,748,472,1,-1,-1,-1
197,75,-57,495,220,176,1,-1,-1,-1
197,77,-72,626,508,496,1,-1,-1,-1
197,80,2260,406,225,263,1,-1,-1,-1
198,69,1013,545,712,450,1,-1,-1,-1
198,75,-72,497,210,168,1,-1,-1,-1
199,69,997,546,712,450,1,-1,-1,-1
200,69,1002,553,678,428,1,-1,-1,-1
201,69,936,528,832,492,1,-1,-1,-1
201,81,2184,384,376,460,1,-1,-1,-1
201,82,96,544,872,536,1,-1,-1,-1
201,83,0,648,288,464,1,-1,-1,-1
201,84,376,460,756,544,1,-1,-1,-1
201,85,0,496,304,168,1,-1,-1,-1
202,69,929,525,832,492,1,-1,-1,-1
202,81,2165,386,376,460,1,-1,-1,-1
202,82,73,536,872,536,1,-1,-1,-1
202,83,-28,644,288,464,1,-1,-1,-1
202,84,366,461,756,544,1,-1,-1,-1
202,85,-19,500,304,168,1,-1,-1,-1
203,69,904,537,832,492,1,-1,-1,-1
203,81,2151,384,376,460,1,-1,-1,-1
203,82,72,546,830,510,1,-1,-1,-1
203,83,-48,646,288,464,1,-1,-1,-1
203,84,360,459,756,544,1,-1,-1,-1
203,85,-35,498,304,168,1,-1,-1,-1
204,81,2144,383,376,460,1,-1,-1,-1
204,83,-58,643,288,464,1,-1,-1,-1
204,84,352,462,756,544,1,-1,-1,-1
205,81,2142,381,376,460,1,-1,-1,-1
205,83,-65,637,288,464,1,-1,-1,-1
206,81,2130,368,395,483,1,-1,-1,-1
207,81,2130,371,395,483,1,-1,-1,-1
208,81,2117,367,395,483,1,-1,-1,-1
209,81,2120,388,440,452,1,-1,-1,-1
209,86,0,552,864,524,1,-1,-1,-1
209,87,944,516,764,496,1,-1,-1,-1
209,88,412,464,720,588,1,-1,-1,-1
209,89,516,456,516,144,1,-1,-1,-1
209,90,0,664,96,464,1,-1,-1,-1
210,81,2119,388,440,452,1,-1,-1,-1
210,86,-7,550,864,524,1,-1,-1,-1
210,87,958,523,764,496,1,-1,-1,-1
210,88,418,468,720,588,1,-1,-1,-1
210,89,517,456,516,144,1,-1,-1,-1
211,81,2122,388,440,452,1,-1,-1,-1
211,86,-10,558,864,524,1,-1,-1,-1
211,87,980,531,728,472,1,-1,-1,-1
211,88,442,483,686,560,1,-1,-1,-1
212,81,2123,391,440,452,1,-1,-1,-1
212,86,9,569,823,499,1,-1,-1,-1
212,87,990,532,728,472,1,-1,-1,-1
213,81,2120,394,440,452,1,-1,-1,-1
213,86,7,574,823,499,1,-1,-1,-1
213,87,1000,533,728,472,1,-1,-1,-1
214,81,2120,389,440,452,1,-1,-1,-1
214,86,13,572,823,499,1,-1,-1,-1
214,87,1038,537,693,450,1,-1,-1,-1
215,81,2109,375,462,475,1,-1,-1,-1
215,87,1041,551,660,428,1,-1,-1,-1
216,81,2108,374,462,475,1,-1,-1,-1
216,87,1065,544,660,428,1,-1,-1,-1
217,81,2116,416,440,432,1,-1,-1,-1
217,87,968,508,792,512,1,-1,-1,-1
217,91,0,556,852,520,1,-1,-1,-1
217,92,516,492,756,572,1,-1,-1,-1
217,93,572,468,472,128,1,-1,-1,-1
