1,0,2276,512,280,196,1,-1,-1,-1
1,1,1756,612,240,132,1,-1,-1,-1
1,2,1136,620,296,140,1,-1,-1,-1
1,3,900,624,236,136,1,-1,-1,-1
1,4,240,616,188,156,1,-1,-1,-1
1,5,16,612,228,164,1,-1,-1,-1
2,0,2265,512,280,196,1,-1,-1,-1
2,1,1751,613,240,132,1,-1,-1,-1
2,2,1137,620,296,140,1,-1,-1,-1
2,3,903,625,236,136,1,-1,-1,-1
2,4,256,615,188,156,1,-1,-1,-1
2,5,34,613,228,164,1,-1,-1,-1
3,0,2253,515,280,196,1,-1,-1,-1
3,1,1745,614,240,132,1,-1,-1,-1
3,2,1144,621,296,140,1,-1,-1,-1
3,3,918,626,236,136,1,-1,-1,-1
3,4,275,615,188,156,1,-1,-1,-1
3,5,54,612,228,164,1,-1,-1,-1
4,0,2232,520,267,187,1,-1,-1,-1
4,1,1728,616,240,132,1,-1,-1,-1
4,2,1145,623,296,140,1,-1,-1,-1
4,3,928,626,236,136,1,-1,-1,-1
4,4,310,618,188,156,1,-1,-1,-1
4,5,89,612,228,164,1,-1,-1,-1
5,0,2223,525,254,178,1,-1,-1,-1
5,1,1728,620,229,126,1,-1,-1,-1
5,2,1146,626,296,140,1,-1,-1,-1
5,3,926,627,236,136,1,-1,-1,-1
5,4,322,617,188,156,1,-1,-1,-1
5,5,116,616,217,156,1,-1,-1,-1
6,0,2210,525,254,178,1,-1,-1,-1
6,1,1721,621,229,126,1,-1,-1,-1
6,2,1146,626,296,140,1,-1,-1,-1
6,3,935,625,236,136,1,-1,-1,-1
6,4,339,616,188,156,1,-1,-1,-1
6,5,134,617,217,156,1,-1,-1,-1
7,0,2206,527,254,178,1,-1,-1,-1
7,1,1715,624,229,126,1,-1,-1,-1
7,2,1149,627,296,140,1,-1,-1,-1
7,3,939,628,236,136,1,-1,-1,-1
7,4,355,618,188,156,1,-1,-1,-1
7,5,153,619,217,156,1,-1,-1,-1
8,0,2204,525,254,178,1,-1,-1,-1
8,1,1711,624,229,126,1,-1,-1,-1
8,2,1166,629,282,133,1,-1,-1,-1
8,3,947,633,225,130,1,-1,-1,-1
8,4,363,619,188,156,1,-1,-1,-1
8,5,165,618,217,156,1,-1,-1,-1
9,0,2208,528,280,184,1,-1,-1,-1
9,1,1716,628,224,120,1,-1,-1,-1
9,2,1224,624,224,124,1,-1,-1,-1
9,3,948,616,256,136,1,-1,-1,-1
9,4,352,624,172,132,1,-1,-1,-1
9,5,208,628,172,116,1,-1,-1,-1
9,6,608,632,216,112,1,-1,-1,-1
10,0,2212,526,280,184,1,-1,-1,-1
10,1,1716,628,224,120,1,-1,-1,-1
10,2,1226,624,224,124,1,-1,-1,-1
10,3,949,616,256,136,1,-1,-1,-1
10,4,353,624,172,132,1,-1,-1,-1
10,5,211,628,172,116,1,-1,-1,-1
10,6,610,632,216,112,1,-1,-1,-1
11,0,2217,527,280,184,1,-1,-1,-1
11,1,1719,628,224,120,1,-1,-1,-1
11,2,1229,624,224,124,1,-1,-1,-1
11,3,951,617,256,136,1,-1,-1,-1
11,4,357,625,172,132,1,-1,-1,-1
11,5,213,629,172,116,1,-1,-1,-1
11,6,614,632,216,112,1,-1,-1,-1
12,0,2228,526,280,184,1,-1,-1,-1
12,1,1725,627,224,120,1,-1,-1,-1
12,2,1234,625,224,124,1,-1,-1,-1
12,3,945,613,269,143,1,-1,-1,-1
12,4,356,625,172,132,1,-1,-1,-1
12,5,215,629,172,116,1,-1,-1,-1
12,6,615,633,216,112,1,-1,-1,-1
13,0,2240,530,267,175,1,-1,-1,-1
13,1,1730,628,224,120,1,-1,-1,-1
13,2,1237,626,224,124,1,-1,-1,-1
13,3,945,613,269,143,1,-1,-1,-1
13,4,358,626,172,132,1,-1,-1,-1
13,5,214,627,181,122,1,-1,-1,-1
13,6,615,634,216,112,1,-1,-1,-1
14,0,2247,530,267,175,1,-1,-1,-1
14,1,1733,628,224,120,1,-1,-1,-1
14,2,1239,627,224,124,1,-1,-1,-1
14,3,950,614,269,143,1,-1,-1,-1
14,4,361,626,172,132,1,-1,-1,-1
14,5,216,627,181,122,1,-1,-1,-1
14,6,617,635,216,112,1,-1,-1,-1
15,0,2251,529,267,175,1,-1,-1,-1
15,1,1736,629,224,120,1,-1,-1,-1
15,2,1242,629,224,124,1,-1,-1,-1
15,3,948,612,269,143,1,-1,-1,-1
15,4,361,626,172,132,1,-1,-1,-1
15,5,218,628,181,122,1,-1,-1,-1
15,6,617,636,216,112,1,-1,-1,-1
16,0,2253,526,267,175,1,-1,-1,-1
16,1,1736,628,235,126,1,-1,-1,-1
16,2,1247,631,224,124,1,-1,-1,-1
16,3,956,612,269,143,1,-1,-1,-1
16,4,362,626,172,132,1,-1,-1,-1
16,5,227,633,172,116,1,-1,-1,-1
16,6,624,636,216,112,1,-1,-1,-1
17,0,2276,532,272,152,1,-1,-1,-1
17,1,1736,632,240,112,1,-1,-1,-1
17,2,1200,624,288,136,1,-1,-1,-1
17,3,956,612,269,143,1,-1,-1,-1
17,4,392,632,164,116,1,-1,-1,-1
17,5,260,644,164,104,1,-1,-1,-1
17,6,596,644,260,144,1,-1,-1,-1
17,7,1044,636,228,104,1,-1,-1,-1
17,8,4,624,220,168,1,-1,-1,-1
17,9,1432,800,112,136,1,-1,-1,-1
18,0,2284,532,272,152,1,-1,-1,-1
18,1,1735,630,252,118,1,-1,-1,-1
18,2,1206,627,288,136,1,-1,-1,-1
18,3,955,614,256,136,1,-1,-1,-1
18,4,398,633,164,116,1,-1,-1,-1
18,5,268,647,164,104,1,-1,-1,-1
18,6,599,644,260,144,1,-1,-1,-1
18,7,1051,639,228,104,1,-1,-1,-1
18,8,9,625,220,168,1,-1,-1,-1
18,9,1435,801,112,136,1,-1,-1,-1
19,0,2289,533,271,152,1,-1,-1,-1
19,1,1738,632,252,118,1,-1,-1,-1
19,2,1209,630,288,136,1,-1,-1,-1
19,3,956,615,256,136,1,-1,-1,-1
19,4,401,633,164,116,1,-1,-1,-1
19,5,271,647,164,104,1,-1,-1,-1
19,6,603,647,260,144,1,-1,-1,-1
19,7,1051,639,228,104,1,-1,-1,-1
19,8,10,626,220,168,1,-1,-1,-1
19,9,1436,802,112,136,1,-1,-1,-1
20,0,2291,534,269,152,1,-1,-1,-1
20,1,1740,633,252,118,1,-1,-1,-1
20,2,1213,633,288,136,1,-1,-1,-1
20,3,953,618,256,136,1,-1,-1,-1
20,4,400,633,164,116,1,-1,-1,-1
20,5,271,647,164,104,1,-1,-1,-1
20,6,600,647,260,144,1,-1,-1,-1
20,7,1062,643,217,99,1,-1,-1,-1
20,8,12,626,220,168,1,-1,-1,-1
20,9,1436,803,112,136,1,-1,-1,-1
21,0,2310,533,250,152,1,-1,-1,-1
21,1,1765,637,240,112,1,-1,-1,-1
21,2,1236,633,288,136,1,-1,-1,-1
21,3,964,621,256,136,1,-1,-1,-1
21,4,415,633,164,116,1,-1,-1,-1
21,5,287,648,164,104,1,-1,-1,-1
21,6,615,648,260,144,1,-1,-1,-1
21,7,1075,643,217,99,1,-1,-1,-1
21,8,26,627,220,168,1,-1,-1,-1
21,9,1448,806,112,136,1,-1,-1,-1
22,0,2318,542,242,145,1,-1,-1,-1
22,1,1767,630,252,118,1,-1,-1,-1
22,2,1245,633,288,136,1,-1,-1,-1
22,3,968,622,256,136,1,-1,-1,-1
22,4,434,637,156,110,1,-1,-1,-1
22,5,303,651,164,104,1,-1,-1,-1
22,6,628,650,260,144,1,-1,-1,-1
22,7,1084,642,228,104,1,-1,-1,-1
22,8,40,630,220,168,1,-1,-1,-1
22,9,1457,806,112,136,1,-1,-1,-1
23,0,2322,545,238,145,1,-1,-1,-1
23,1,1776,629,252,118,1,-1,-1,-1
23,2,1259,635,274,130,1,-1,-1,-1
23,3,977,625,256,136,1,-1,-1,-1
23,4,444,641,156,110,1,-1,-1,-1
23,5,321,654,164,104,1,-1,-1,-1
23,6,635,651,260,144,1,-1,-1,-1
23,7,1090,643,228,104,1,-1,-1,-1
23,8,54,629,220,168,1,-1,-1,-1
23,9,1466,806,112,136,1,-1,-1,-1
24,0,2329,544,231,145,1,-1,-1,-1
24,1,1797,630,240,112,1,-1,-1,-1
24,2,1287,640,261,123,1,-1,-1,-1
24,3,994,625,256,136,1,-1,-1,-1
24,4,454,642,156,110,1,-1,-1,-1
24,5,335,656,164,104,1,-1,-1,-1
24,6,646,652,260,144,1,-1,-1,-1
24,7,1099,642,239,109,1,-1,-1,-1
24,8,74,637,210,160,1,-1,-1,-1
24,9,1477,807,112,136,1,-1,-1,-1
25,0,2392,560,164,112,1,-1,-1,-1
25,1,1816,604,220,152,1,-1,-1,-1
25,2,1320,628,244,136,1,-1,-1,-1
25,3,994,625,256,136,1,-1,-1,-1
25,4,356,632,268,128,1,-1,-1,-1
25,5,335,656,164,104,1,-1,-1,-1
25,6,646,652,260,144,1,-1,-1,-1
25,7,1099,642,239,109,1,-1,-1,-1
25,8,74,637,210,160,1,-1,-1,-1
25,9,1477,807,112,136,1,-1,-1,-1
25,10,708,640,256,128,1,-1,-1,-1
26,0,2422,560,138,112,1,-1,-1,-1
26,1,1843,604,220,152,1,-1,-1,-1
26,2,1351,630,244,136,1,-1,-1,-1
26,3,1030,630,256,136,1,-1,-1,-1
26,4,387,633,268,128,1,-1,-1,-1
26,5,389,657,164,104,1,-1,-1,-1
26,6,694,651,260,144,1,-1,-1,-1
26,7,1126,647,239,109,1,-1,-1,-1
26,8,114,640,210,160,1,-1,-1,-1
26,9,1515,809,112,136,1,-1,-1,-1
26,10,738,640,256,128,1,-1,-1,-1
27,0,2437,561,123,112,1,-1,-1,-1
27,1,1860,608,220,152,1,-1,-1,-1
27,2,1371,632,244,136,1,-1,-1,-1
27,3,1048,629,256,136,1,-1,-1,-1
27,4,410,635,268,128,1,-1,-1,-1
27,5,408,658,164,104,1,-1,-1,-1
27,6,708,649,260,144,1,-1,-1,-1
27,7,1141,650,228,104,1,-1,-1,-1
27,8,135,639,210,160,1,-1,-1,-1
27,9,1530,809,112,136,1,-1,-1,-1
27,10,760,641,256,128,1,-1,-1,-1
28,0,2451,560,109,112,1,-1,-1,-1
28,1,1873,608,220,152,1,-1,-1,-1
28,2,1382,634,244,136,1,-1,-1,-1
28,3,1059,633,256,136,1,-1,-1,-1
28,4,422,635,268,128,1,-1,-1,-1
28,5,428,658,164,104,1,-1,-1,-1
28,6,730,652,248,137,1,-1,-1,-1
28,7,1155,646,239,109,1,-1,-1,-1
28,8,150,639,210,160,1,-1,-1,-1
28,9,1543,809,112,136,1,-1,-1,-1
28,10,768,638,269,134,1,-1,-1,-1
29,0,2466,558,94,112,1,-1,-1,-1
29,1,1889,609,220,152,1,-1,-1,-1
29,2,1397,634,244,136,1,-1,-1,-1
29,3,1071,634,256,136,1,-1,-1,-1
29,4,441,634,268,128,1,-1,-1,-1
29,5,447,660,156,99,1,-1,-1,-1
29,6,743,655,248,137,1,-1,-1,-1
29,7,1174,645,251,115,1,-1,-1,-1
29,8,163,639,210,160,1,-1,-1,-1
29,9,1556,809,112,136,1,-1,-1,-1
29,10,786,641,256,128,1,-1,-1,-1
30,0,2485,556,75,112,1,-1,-1,-1
30,1,1912,611,220,152,1,-1,-1,-1
30,2,1421,633,244,136,1,-1,-1,-1
30,3,1088,627,269,143,1,-1,-1,-1
30,4,467,633,268,128,1,-1,-1,-1
30,5,478,658,156,99,1,-1,-1,-1
30,6,768,657,248,137,1,-1,-1,-1
30,8,182,638,210,160,1,-1,-1,-1
30,9,1577,809,112,136,1,-1,-1,-1
30,10,813,641,256,128,1,-1,-1,-1
31,0,2495,555,65,112,1,-1,-1,-1
31,1,1920,610,231,160,1,-1,-1,-1
31,2,1430,634,244,136,1,-1,-1,-1
31,3,1094,628,269,143,1,-1,-1,-1
31,4,477,632,268,128,1,-1,-1,-1
31,5,496,657,149,94,1,-1,-1,-1
31,6,787,658,248,137,1,-1,-1,-1
31,8,201,640,200,152,1,-1,-1,-1
31,9,1587,809,112,136,1,-1,-1,-1
31,10,823,641,256,128,1,-1,-1,-1
32,0,2502,559,58,107,1,-1,-1,-1
32,1,1928,611,231,160,1,-1,-1,-1
32,2,1432,629,256,143,1,-1,-1,-1
32,3,1107,628,269,143,1,-1,-1,-1
32,4,491,634,255,122,1,-1,-1,-1
32,5,505,655,149,94,1,-1,-1,-1
32,6,806,653,248,137,1,-1,-1,-1
32,8,206,637,210,160,1,-1,-1,-1
32,9,1596,809,112,136,1,-1,-1,-1
32,10,832,644,256,128,1,-1,-1,-1
33,0,2502,559,58,107,1,-1,-1,-1
33,1,1936,632,244,128,1,-1,-1,-1
33,2,1432,629,256,143,1,-1,-1,-1
33,3,1107,628,269,143,1,-1,-1,-1
33,4,524,636,220,112,1,-1,-1,-1
33,5,505,655,149,94,1,-1,-1,-1
33,6,806,653,248,137,1,-1,-1,-1
33,8,206,637,210,160,1,-1,-1,-1
33,9,1596,809,112,136,1,-1,-1,-1
33,10,876,648,184,124,1,-1,-1,-1
33,11,1312,644,268,120,1,-1,-1,-1
34,0,2513,561,47,112,1,-1,-1,-1
34,1,1953,632,244,128,1,-1,-1,-1
34,2,1455,628,256,143,1,-1,-1,-1
34,3,1124,625,269,143,1,-1,-1,-1
34,4,540,636,220,112,1,-1,-1,-1
34,5,525,651,156,99,1,-1,-1,-1
34,6,814,659,248,137,1,-1,-1,-1
34,8,223,634,210,160,1,-1,-1,-1
34,9,1615,809,112,136,1,-1,-1,-1
34,10,892,648,184,124,1,-1,-1,-1
34,11,1329,644,268,120,1,-1,-1,-1
35,0,2521,560,39,118,1,-1,-1,-1
35,1,1958,632,244,128,1,-1,-1,-1
35,2,1464,630,256,143,1,-1,-1,-1
35,3,1127,628,269,143,1,-1,-1,-1
35,4,549,637,220,112,1,-1,-1,-1
35,5,541,648,149,94,1,-1,-1,-1
35,6,813,663,248,137,1,-1,-1,-1
35,8,238,632,210,160,1,-1,-1,-1
35,9,1620,809,112,136,1,-1,-1,-1
35,10,901,648,184,124,1,-1,-1,-1
35,11,1334,644,268,120,1,-1,-1,-1
36,0,2524,563,36,112,1,-1,-1,-1
36,1,1965,631,244,128,1,-1,-1,-1
36,2,1477,630,256,143,1,-1,-1,-1
36,4,557,639,210,107,1,-1,-1,-1
36,5,543,650,149,94,1,-1,-1,-1
36,6,815,665,248,137,1,-1,-1,-1
36,8,239,633,210,160,1,-1,-1,-1
36,9,1624,808,112,136,1,-1,-1,-1
36,10,908,647,184,124,1,-1,-1,-1
36,11,1340,644,268,120,1,-1,-1,-1
37,0,2529,563,31,112,1,-1,-1,-1
37,1,1972,631,244,128,1,-1,-1,-1
37,2,1475,626,269,150,1,-1,-1,-1
37,4,558,638,220,112,1,-1,-1,-1
37,5,556,651,149,94,1,-1,-1,-1
37,6,833,670,236,131,1,-1,-1,-1
37,8,248,632,210,160,1,-1,-1,-1
37,9,1627,809,112,136,1,-1,-1,-1
37,10,912,649,184,124,1,-1,-1,-1
37,11,1344,643,268,120,1,-1,-1,-1
38,0,2539,561,21,118,1,-1,-1,-1
38,1,1986,630,244,128,1,-1,-1,-1
38,2,1495,627,269,150,1,-1,-1,-1
38,4,571,636,220,112,1,-1,-1,-1
38,6,863,667,236,131,1,-1,-1,-1
38,8,261,631,210,160,1,-1,-1,-1
38,9,1635,809,112,136,1,-1,-1,-1
38,10,927,646,184,124,1,-1,-1,-1
38,11,1356,643,268,120,1,-1,-1,-1
39,0,2540,560,20,118,1,-1,-1,-1
39,1,1991,628,244,128,1,-1,-1,-1
39,2,1503,627,269,150,1,-1,-1,-1
39,4,572,637,220,112,1,-1,-1,-1
39,6,874,667,225,124,1,-1,-1,-1
39,8,251,627,220,168,1,-1,-1,-1
39,9,1638,809,112,136,1,-1,-1,-1
39,10,930,643,193,130,1,-1,-1,-1
39,11,1359,643,268,120,1,-1,-1,-1
40,1,1995,627,244,128,1,-1,-1,-1
40,2,1515,629,256,143,1,-1,-1,-1
40,4,579,638,220,112,1,-1,-1,-1
40,6,882,657,236,131,1,-1,-1,-1
40,8,259,628,220,168,1,-1,-1,-1
40,9,1641,809,112,136,1,-1,-1,-1
40,10,940,642,193,130,1,-1,-1,-1
40,11,1363,644,268,120,1,-1,-1,-1
41,1,2004,624,244,132,1,-1,-1,-1
41,2,1548,656,248,112,1,-1,-1,-1
41,4,579,638,220,112,1,-1,-1,-1
41,6,882,657,236,131,1,-1,-1,-1
41,8,259,628,220,168,1,-1,-1,-1
41,9,1641,809,112,136,1,-1,-1,-1
41,10,968,636,228,140,1,-1,-1,-1
41,11,1396,640,168,120,1,-1,-1,-1
41,12,88,656,204,140,1,-1,-1,-1
41,13,364,624,156,168,1,-1,-1,-1
41,14,704,628,172,128,1,-1,-1,-1
42,1,2005,619,256,139,1,-1,-1,-1
42,2,1553,655,248,112,1,-1,-1,-1
42,4,592,636,231,118,1,-1,-1,-1
42,6,913,658,225,124,1,-1,-1,-1
42,8,275,624,220,168,1,-1,-1,-1
42,9,1651,809,112,136,1,-1,-1,-1
42,10,980,635,228,140,1,-1,-1,-1
42,11,1403,640,168,120,1,-1,-1,-1
42,12,93,655,204,140,1,-1,-1,-1
42,13,370,624,156,168,1,-1,-1,-1
42,14,710,627,172,128,1,-1,-1,-1
43,1,2011,617,256,139,1,-1,-1,-1
43,2,1556,654,248,112,1,-1,-1,-1
43,4,594,636,231,118,1,-1,-1,-1
43,9,1653,808,112,136,1,-1,-1,-1
43,10,983,633,228,140,1,-1,-1,-1
43,11,1406,639,168,120,1,-1,-1,-1
43,12,98,654,204,140,1,-1,-1,-1
43,13,375,625,156,168,1,-1,-1,-1
43,14,715,627,172,128,1,-1,-1,-1
44,1,2017,615,256,139,1,-1,-1,-1
44,2,1557,651,260,118,1,-1,-1,-1
44,4,598,635,231,118,1,-1,-1,-1
44,9,1656,808,112,136,1,-1,-1,-1
44,10,995,635,217,133,1,-1,-1,-1
44,11,1407,639,168,120,1,-1,-1,-1
44,12,102,656,204,140,1,-1,-1,-1
44,13,378,627,156,168,1,-1,-1,-1
44,14,721,627,172,128,1,-1,-1,-1
45,1,2021,614,256,139,1,-1,-1,-1
45,2,1560,651,260,118,1,-1,-1,-1
45,4,602,635,231,118,1,-1,-1,-1
45,9,1658,807,112,136,1,-1,-1,-1
45,10,1000,633,217,133,1,-1,-1,-1
45,11,1411,638,168,120,1,-1,-1,-1
45,12,106,658,204,140,1,-1,-1,-1
45,13,382,628,156,168,1,-1,-1,-1
45,14,723,628,172,128,1,-1,-1,-1
46,1,2034,612,256,139,1,-1,-1,-1
46,2,1564,647,273,123,1,-1,-1,-1
46,4,616,631,231,118,1,-1,-1,-1
46,9,1660,808,112,136,1,-1,-1,-1
46,10,1008,633,217,133,1,-1,-1,-1
46,11,1418,639,168,120,1,-1,-1,-1
46,12,112,661,204,140,1,-1,-1,-1
46,13,392,628,156,168,1,-1,-1,-1
46,14,732,626,172,128,1,-1,-1,-1
47,1,2037,611,256,139,1,-1,-1,-1
47,2,1568,645,273,123,1,-1,-1,-1
47,4,615,632,231,118,1,-1,-1,-1
47,9,1661,807,112,136,1,-1,-1,-1
47,10,1007,627,217,133,1,-1,-1,-1
47,11,1423,639,168,120,1,-1,-1,-1
47,12,116,664,204,140,1,-1,-1,-1
47,13,396,627,156,168,1,-1,-1,-1
47,14,734,626,172,128,1,-1,-1,-1
48,1,2042,609,256,139,1,-1,-1,-1
48,2,1579,646,260,118,1,-1,-1,-1
48,4,619,629,231,118,1,-1,-1,-1
48,9,1662,808,112,136,1,-1,-1,-1
48,10,1014,631,207,127,1,-1,-1,-1
48,11,1427,640,168,120,1,-1,-1,-1
48,12,126,671,194,133,1,-1,-1,-1
48,13,400,629,156,168,1,-1,-1,-1
48,14,732,623,181,134,1,-1,-1,-1
49,1,2064,608,244,148,1,-1,-1,-1
49,2,1444,640,404,140,1,-1,-1,-1
49,4,619,629,231,118,1,-1,-1,-1
49,9,1662,808,112,136,1,-1,-1,-1
49,10,1048,620,204,144,1,-1,-1,-1
49,11,1444,644,168,120,1,-1,-1,-1
49,12,108,668,212,132,1,-1,-1,-1
49,13,432,664,136,136,1,-1,-1,-1
49,14,676,624,232,164,1,-1,-1,-1
50,1,2070,609,244,148,1,-1,-1,-1
50,2,1446,643,404,140,1,-1,-1,-1
50,4,641,630,220,112,1,-1,-1,-1
50,9,1663,808,112,136,1,-1,-1,-1
50,10,1052,621,204,144,1,-1,-1,-1
50,11,1450,645,168,120,1,-1,-1,-1
50,12,111,668,212,132,1,-1,-1,-1
50,13,438,666,136,136,1,-1,-1,-1
50,14,679,623,232,164,1,-1,-1,-1
51,1,2074,609,244,148,1,-1,-1,-1
51,2,1449,645,404,140,1,-1,-1,-1
51,4,652,632,210,107,1,-1,-1,-1
51,9,1663,808,112,136,1,-1,-1,-1
51,10,1056,622,204,144,1,-1,-1,-1
51,11,1456,645,168,120,1,-1,-1,-1
51,12,114,667,212,132,1,-1,-1,-1
51,13,442,666,136,136,1,-1,-1,-1
51,14,684,622,232,164,1,-1,-1,-1
52,1,2078,610,244,148,1,-1,-1,-1
52,2,1440,643,424,147,1,-1,-1,-1
52,4,653,633,210,107,1,-1,-1,-1
52,9,1665,808,112,136,1,-1,-1,-1
52,10,1056,622,204,144,1,-1,-1,-1
52,11,1458,645,168,120,1,-1,-1,-1
52,12,116,668,212,132,1,-1,-1,-1
52,13,443,668,136,136,1,-1,-1,-1
52,14,686,622,232,164,1,-1,-1,-1
53,1,2084,610,244,148,1,-1,-1,-1
53,2,1443,641,424,147,1,-1,-1,-1
53,4,659,636,200,102,1,-1,-1,-1
53,9,1665,808,112,136,1,-1,-1,-1
53,10,1058,621,204,144,1,-1,-1,-1
53,11,1461,644,168,120,1,-1,-1,-1
53,12,117,668,212,132,1,-1,-1,-1
53,13,443,668,136,136,1,-1,-1,-1
53,14,691,622,232,164,1,-1,-1,-1
54,1,2091,607,244,148,1,-1,-1,-1
54,2,1449,638,424,147,1,-1,-1,-1
54,4,667,632,210,107,1,-1,-1,-1
54,9,1665,809,112,136,1,-1,-1,-1
54,10,1058,620,204,144,1,-1,-1,-1
54,11,1466,644,168,120,1,-1,-1,-1
54,12,120,669,212,132,1,-1,-1,-1
54,13,446,669,136,136,1,-1,-1,-1
54,14,695,623,232,164,1,-1,-1,-1
55,1,2094,605,244,148,1,-1,-1,-1
55,2,1461,642,404,140,1,-1,-1,-1
55,9,1663,808,112,136,1,-1,-1,-1
55,10,1054,617,214,151,1,-1,-1,-1
55,11,1470,645,168,120,1,-1,-1,-1
55,12,123,670,212,132,1,-1,-1,-1
55,13,447,668,136,136,1,-1,-1,-1
55,14,696,625,232,164,1,-1,-1,-1
56,1,2099,603,244,148,1,-1,-1,-1
56,2,1460,641,404,140,1,-1,-1,-1
56,9,1663,809,112,136,1,-1,-1,-1
56,10,1058,617,214,151,1,-1,-1,-1
56,11,1473,646,168,120,1,-1,-1,-1
56,12,126,670,212,132,1,-1,-1,-1
56,13,449,668,136,136,1,-1,-1,-1
56,14,696,625,232,164,1,-1,-1,-1
57,1,2108,588,236,168,1,-1,-1,-1
57,2,1596,624,288,152,1,-1,-1,-1
57,9,1663,809,112,136,1,-1,-1,-1
57,10,1092,624,172,140,1,-1,-1,-1
57,11,1480,656,172,108,1,-1,-1,-1
57,12,156,672,196,124,1,-1,-1,-1
57,13,449,668,136,136,1,-1,-1,-1
57,14,728,656,200,140,1,-1,-1,-1
57,15,0,676,108,124,1,-1,-1,-1
57,16,664,636,88,112,1,-1,-1,-1
58,1,2114,587,236,168,1,-1,-1,-1
58,2,1599,624,288,152,1,-1,-1,-1
58,9,1661,810,112,136,1,-1,-1,-1
58,10,1094,625,172,140,1,-1,-1,-1
58,11,1483,657,172,108,1,-1,-1,-1
58,12,162,671,196,124,1,-1,-1,-1
58,13,459,669,136,136,1,-1,-1,-1
58,14,728,656,200,140,1,-1,-1,-1
58,15,2,675,108,124,1,-1,-1,-1
58,16,667,637,88,112,1,-1,-1,-1
59,1,2119,586,236,168,1,-1,-1,-1
59,2,1605,625,288,152,1,-1,-1,-1
59,9,1660,811,112,136,1,-1,-1,-1
59,10,1094,628,172,140,1,-1,-1,-1
59,11,1485,658,172,108,1,-1,-1,-1
59,12,163,672,196,124,1,-1,-1,-1
59,13,463,674,136,136,1,-1,-1,-1
59,14,729,658,200,140,1,-1,-1,-1
59,15,3,674,108,124,1,-1,-1,-1
59,16,668,638,88,112,1,-1,-1,-1
60,1,2122,587,236,168,1,-1,-1,-1
60,2,1607,624,288,152,1,-1,-1,-1
60,9,1659,812,112,136,1,-1,-1,-1
60,10,1096,629,172,140,1,-1,-1,-1
60,11,1488,660,172,108,1,-1,-1,-1
60,12,165,672,196,124,1,-1,-1,-1
60,13,463,674,136,136,1,-1,-1,-1
60,14,732,658,200,140,1,-1,-1,-1
60,15,3,673,108,124,1,-1,-1,-1
60,16,671,639,88,112,1,-1,-1,-1
61,1,2126,587,236,168,1,-1,-1,-1
61,2,1610,623,288,152,1,-1,-1,-1
61,9,1658,813,112,136,1,-1,-1,-1
61,10,1095,629,172,140,1,-1,-1,-1
61,11,1489,661,172,108,1,-1,-1,-1
61,12,171,674,187,118,1,-1,-1,-1
61,13,472,676,136,136,1,-1,-1,-1
61,14,732,658,200,140,1,-1,-1,-1
61,15,4,673,108,124,1,-1,-1,-1
61,16,673,640,88,112,1,-1,-1,-1
62,1,2135,588,236,168,1,-1,-1,-1
62,2,1615,624,288,152,1,-1,-1,-1
62,9,1657,813,112,136,1,-1,-1,-1
62,10,1097,629,172,140,1,-1,-1,-1
62,11,1489,662,172,108,1,-1,-1,-1
62,12,177,675,187,118,1,-1,-1,-1
62,13,484,679,130,130,1,-1,-1,-1
62,14,735,659,200,140,1,-1,-1,-1
62,15,7,675,108,124,1,-1,-1,-1
62,16,677,644,88,112,1,-1,-1,-1
63,1,2136,585,248,176,1,-1,-1,-1
63,2,1619,625,288,152,1,-1,-1,-1
63,9,1657,813,112,136,1,-1,-1,-1
63,10,1100,629,172,140,1,-1,-1,-1
63,11,1489,662,181,113,1,-1,-1,-1
63,12,179,675,187,118,1,-1,-1,-1
63,13,492,677,130,130,1,-1,-1,-1
63,14,735,659,200,140,1,-1,-1,-1
63,15,8,675,108,124,1,-1,-1,-1
63,16,678,646,92,118,1,-1,-1,-1
64,1,2141,586,248,176,1,-1,-1,-1
64,2,1611,622,302,160,1,-1,-1,-1
64,9,1656,815,112,136,1,-1,-1,-1
64,10,1099,628,172,140,1,-1,-1,-1
64,11,1486,659,181,113,1,-1,-1,-1
64,12,174,672,196,124,1,-1,-1,-1
64,13,488,676,136,136,1,-1,-1,-1
64,14,734,660,200,140,1,-1,-1,-1
64,15,7,675,108,124,1,-1,-1,-1
64,16,682,649,92,118,1,-1,-1,-1
65,1,2140,596,268,156,1,-1,-1,-1
65,2,1656,636,260,140,1,-1,-1,-1
65,9,1656,815,112,136,1,-1,-1,-1
65,10,1084,628,204,136,1,-1,-1,-1
65,11,1486,659,181,113,1,-1,-1,-1
65,12,208,692,184,100,1,-1,-1,-1
65,13,488,676,136,136,1,-1,-1,-1
65,14,776,652,168,128,1,-1,-1,-1
65,15,0,676,120,116,1,-1,-1,-1
65,16,682,649,92,118,1,-1,-1,-1
66,1,2145,598,268,156,1,-1,-1,-1
66,2,1664,637,260,140,1,-1,-1,-1
66,9,1654,817,112,136,1,-1,-1,-1
66,10,1086,629,204,136,1,-1,-1,-1
66,11,1488,661,181,113,1,-1,-1,-1
66,12,217,694,175,95,1,-1,-1,-1
66,13,434,674,136,136,1,-1,-1,-1
66,14,778,654,168,128,1,-1,-1,-1
66,15,2,676,120,116,1,-1,-1,-1
66,16,694,652,92,118,1,-1,-1,-1
67,1,2149,600,268,156,1,-1,-1,-1
67,2,1671,642,248,133,1,-1,-1,-1
67,9,1652,817,112,136,1,-1,-1,-1
67,10,1088,630,204,136,1,-1,-1,-1
67,11,1490,661,181,113,1,-1,-1,-1
67,12,219,697,175,95,1,-1,-1,-1
67,13,429,673,136,136,1,-1,-1,-1
67,14,779,655,168,128,1,-1,-1,-1
67,15,2,677,120,116,1,-1,-1,-1
67,16,695,656,92,118,1,-1,-1,-1
68,1,2151,600,268,156,1,-1,-1,-1
68,2,1664,644,248,133,1,-1,-1,-1
68,9,1652,818,112,136,1,-1,-1,-1
68,10,1089,631,204,136,1,-1,-1,-1
68,11,1492,662,181,113,1,-1,-1,-1
68,12,223,697,175,95,1,-1,-1,-1
68,13,430,674,136,136,1,-1,-1,-1
68,14,781,657,168,128,1,-1,-1,-1
68,15,3,678,120,116,1,-1,-1,-1
68,16,693,657,97,123,1,-1,-1,-1
69,1,2147,595,281,164,1,-1,-1,-1
69,2,1669,646,248,133,1,-1,-1,-1
69,9,1652,819,112,136,1,-1,-1,-1
69,10,1088,631,204,136,1,-1,-1,-1
69,11,1493,661,181,113,1,-1,-1,-1
69,12,223,698,175,95,1,-1,-1,-1
69,13,430,673,136,136,1,-1,-1,-1
69,14,781,659,168,128,1,-1,-1,-1
69,15,5,681,120,116,1,-1,-1,-1
69,16,689,654,102,130,1,-1,-1,-1
70,1,2153,596,281,164,1,-1,-1,-1
70,2,1685,646,248,133,1,-1,-1,-1
70,9,1649,821,112,136,1,-1,-1,-1
70,10,1084,634,204,136,1,-1,-1,-1
70,11,1496,663,181,113,1,-1,-1,-1
70,12,219,697,184,100,1,-1,-1,-1
70,13,430,673,136,136,1,-1,-1,-1
70,14,787,663,160,122,1,-1,-1,-1
70,15,4,684,120,116,1,-1,-1,-1
70,16,698,650,102,130,1,-1,-1,-1
71,1,2158,595,281,164,1,-1,-1,-1
71,2,1693,650,236,127,1,-1,-1,-1
71,9,1649,822,112,136,1,-1,-1,-1
71,10,1079,634,214,143,1,-1,-1,-1
71,11,1501,663,181,113,1,-1,-1,-1
71,12,222,695,184,100,1,-1,-1,-1
71,13,428,671,143,143,1,-1,-1,-1
71,14,788,664,160,122,1,-1,-1,-1
71,15,7,684,120,116,1,-1,-1,-1
71,16,704,653,97,123,1,-1,-1,-1
72,1,2161,597,281,164,1,-1,-1,-1
72,2,1697,657,225,121,1,-1,-1,-1
72,9,1649,822,112,136,1,-1,-1,-1
72,10,1073,636,214,143,1,-1,-1,-1
72,11,1502,665,181,113,1,-1,-1,-1
72,12,223,696,184,100,1,-1,-1,-1
72,13,428,674,143,143,1,-1,-1,-1
72,14,790,664,160,122,1,-1,-1,-1
72,15,6,682,126,122,1,-1,-1,-1
72,16,708,652,97,123,1,-1,-1,-1
73,1,2176,600,260,160,1,-1,-1,-1
73,2,1696,680,184,96,1,-1,-1,-1
73,9,1649,822,112,136,1,-1,-1,-1
73,10,1096,652,220,128,1,-1,-1,-1
73,11,1512,664,168,120,1,-1,-1,-1
73,12,223,696,184,100,1,-1,-1,-1
73,13,428,674,143,143,1,-1,-1,-1
73,14,820,664,152,144,1,-1,-1,-1
73,15,0,684,148,136,1,-1,-1,-1
73,16,708,652,97,123,1,-1,-1,-1
73,17,628,664,184,128,1,-1,-1,-1
73,18,504,652,156,132,1,-1,-1,-1
73,19,1692,628,276,156,1,-1,-1,-1
73,20,332,680,192,128,1,-1,-1,-1
74,1,2174,599,273,168,1,-1,-1,-1
74,2,1701,681,184,96,1,-1,-1,-1
74,9,1647,824,112,136,1,-1,-1,-1
74,10,1098,654,220,128,1,-1,-1,-1
74,11,1513,665,168,120,1,-1,-1,-1
74,12,223,687,193,105,1,-1,-1,-1
74,13,427,677,143,143,1,-1,-1,-1
74,14,823,665,152,144,1,-1,-1,-1
74,15,4,684,148,136,1,-1,-1,-1
74,16,718,652,97,123,1,-1,-1,-1
74,17,631,665,184,128,1,-1,-1,-1
74,18,506,652,156,132,1,-1,-1,-1
74,19,1697,629,276,156,1,-1,-1,-1
74,20,336,681,192,128,1,-1,-1,-1
75,1,2177,601,273,168,1,-1,-1,-1
75,2,1705,681,184,96,1,-1,-1,-1
75,9,1643,820,118,143,1,-1,-1,-1
75,10,1100,656,220,128,1,-1,-1,-1
75,11,1510,663,176,126,1,-1,-1,-1
75,12,223,683,203,110,1,-1,-1,-1
75,13,427,680,143,143,1,-1,-1,-1
75,14,824,667,152,144,1,-1,-1,-1
75,15,3,685,148,136,1,-1,-1,-1
75,16,721,652,97,123,1,-1,-1,-1
75,17,634,667,184,128,1,-1,-1,-1
75,18,510,655,156,132,1,-1,-1,-1
75,19,1696,628,276,156,1,-1,-1,-1
75,20,339,682,192,128,1,-1,-1,-1
76,1,2187,606,260,160,1,-1,-1,-1
76,2,1710,681,184,96,1,-1,-1,-1
76,9,1643,820,118,143,1,-1,-1,-1
76,10,1101,658,220,128,1,-1,-1,-1
76,11,1513,663,176,126,1,-1,-1,-1
76,12,224,679,213,116,1,-1,-1,-1
76,13,426,680,143,143,1,-1,-1,-1
76,14,825,667,152,144,1,-1,-1,-1
76,15,5,686,148,136,1,-1,-1,-1
76,16,722,651,97,123,1,-1,-1,-1
76,17,634,669,184,128,1,-1,-1,-1
76,18,512,656,156,132,1,-1,-1,-1
76,19,1699,629,276,156,1,-1,-1,-1
76,20,341,683,192,128,1,-1,-1,-1
77,1,2192,606,260,160,1,-1,-1,-1
77,2,1719,687,175,91,1,-1,-1,-1
77,9,1642,821,118,143,1,-1,-1,-1
77,10,1103,659,220,128,1,-1,-1,-1
77,11,1515,662,176,126,1,-1,-1,-1
77,12,221,677,213,116,1,-1,-1,-1
77,13,422,683,143,143,1,-1,-1,-1
77,14,825,668,152,144,1,-1,-1,-1
77,15,5,686,148,136,1,-1,-1,-1
77,16,725,651,97,123,1,-1,-1,-1
77,17,634,671,184,128,1,-1,-1,-1
77,18,513,657,156,132,1,-1,-1,-1
77,19,1705,632,276,156,1,-1,-1,-1
77,20,345,684,192,128,1,-1,-1,-1
78,1,2199,605,260,160,1,-1,-1,-1
78,2,1723,689,175,91,1,-1,-1,-1
78,9,1641,822,118,143,1,-1,-1,-1
78,10,1104,660,220,128,1,-1,-1,-1
78,11,1525,664,168,120,1,-1,-1,-1
78,12,223,677,213,116,1,-1,-1,-1
78,13,414,683,143,143,1,-1,-1,-1
78,14,825,669,152,144,1,-1,-1,-1
78,15,1,684,155,143,1,-1,-1,-1
78,16,729,649,97,123,1,-1,-1,-1
78,17,640,673,184,128,1,-1,-1,-1
78,18,517,657,156,132,1,-1,-1,-1
78,19,1703,632,276,156,1,-1,-1,-1
78,20,340,682,202,134,1,-1,-1,-1
79,1,2202,606,260,160,1,-1,-1,-1
79,2,1727,690,175,91,1,-1,-1,-1
79,9,1640,822,118,143,1,-1,-1,-1
79,10,1105,660,220,128,1,-1,-1,-1
79,11,1526,664,168,120,1,-1,-1,-1
79,12,224,678,213,116,1,-1,-1,-1
79,13,412,685,143,143,1,-1,-1,-1
79,14,825,670,152,144,1,-1,-1,-1
79,15,2,684,155,143,1,-1,-1,-1
79,16,734,651,97,123,1,-1,-1,-1
79,17,641,672,184,128,1,-1,-1,-1
79,18,520,658,156,132,1,-1,-1,-1
79,19,1704,636,276,156,1,-1,-1,-1
79,20,338,682,202,134,1,-1,-1,-1
80,1,2203,604,260,160,1,-1,-1,-1
80,2,1736,690,175,91,1,-1,-1,-1
80,9,1640,822,118,143,1,-1,-1,-1
80,10,1107,660,220,128,1,-1,-1,-1
80,11,1527,663,168,120,1,-1,-1,-1
80,12,232,678,213,116,1,-1,-1,-1
80,13,411,686,143,143,1,-1,-1,-1
80,14,823,671,152,144,1,-1,-1,-1
80,15,6,683,155,143,1,-1,-1,-1
80,16,741,656,92,118,1,-1,-1,-1
80,17,637,668,193,134,1,-1,-1,-1
80,18,524,660,156,132,1,-1,-1,-1
80,19,1695,634,290,164,1,-1,-1,-1
80,20,344,684,192,128,1,-1,-1,-1
81,1,2216,616,264,152,1,-1,-1,-1
81,2,1732,700,128,80,1,-1,-1,-1
81,9,1640,822,118,143,1,-1,-1,-1
81,10,1124,656,216,128,1,-1,-1,-1
81,11,1527,663,168,120,1,-1,-1,-1
81,12,212,668,184,120,1,-1,-1,-1
81,13,411,686,143,143,1,-1,-1,-1
81,14,823,671,152,144,1,-1,-1,-1
81,15,6,683,155,143,1,-1,-1,-1
81,16,741,656,92,118,1,-1,-1,-1
81,17,664,656,220,144,1,-1,-1,-1
81,18,488,664,208,156,1,-1,-1,-1
81,19,1695,634,290,164,1,-1,-1,-1
81,20,344,684,192,128,1,-1,-1,-1
82,1,2220,613,264,152,1,-1,-1,-1
82,2,1741,699,128,80,1,-1,-1,-1
82,9,1637,824,118,143,1,-1,-1,-1
82,10,1125,656,216,128,1,-1,-1,-1
82,11,1532,664,168,120,1,-1,-1,-1
82,12,214,669,184,120,1,-1,-1,-1
82,13,410,685,143,143,1,-1,-1,-1
82,14,814,670,152,144,1,-1,-1,-1
82,15,14,685,155,143,1,-1,-1,-1
82,16,751,656,92,118,1,-1,-1,-1
82,17,667,657,220,144,1,-1,-1,-1
82,18,491,664,208,156,1,-1,-1,-1
82,19,1701,631,290,164,1,-1,-1,-1
82,20,353,683,192,128,1,-1,-1,-1
83,1,2223,614,264,152,1,-1,-1,-1
83,2,1744,696,128,80,1,-1,-1,-1
83,9,1635,825,118,143,1,-1,-1,-1
83,10,1126,658,216,128,1,-1,-1,-1
83,11,1536,661,176,126,1,-1,-1,-1
83,12,215,670,184,120,1,-1,-1,-1
83,13,408,685,143,143,1,-1,-1,-1
83,14,816,673,152,144,1,-1,-1,-1
83,15,16,684,155,143,1,-1,-1,-1
83,16,754,657,92,118,1,-1,-1,-1
83,17,663,653,231,151,1,-1,-1,-1
83,18,494,665,208,156,1,-1,-1,-1
83,19,1705,632,290,164,1,-1,-1,-1
83,20,357,683,192,128,1,-1,-1,-1
84,1,2224,614,264,152,1,-1,-1,-1
84,2,1752,694,128,80,1,-1,-1,-1
84,9,1636,825,118,143,1,-1,-1,-1
84,10,1130,659,216,128,1,-1,-1,-1
84,11,1538,660,185,132,1,-1,-1,-1
84,12,215,670,184,120,1,-1,-1,-1
84,13,408,685,143,143,1,-1,-1,-1
84,14,814,669,160,151,1,-1,-1,-1
84,15,20,682,155,143,1,-1,-1,-1
84,16,758,659,92,118,1,-1,-1,-1
84,17,668,654,231,151,1,-1,-1,-1
84,18,496,666,208,156,1,-1,-1,-1
84,19,1704,632,290,164,1,-1,-1,-1
84,20,346,683,192,128,1,-1,-1,-1
85,1,2228,615,264,152,1,-1,-1,-1
85,2,1761,689,128,80,1,-1,-1,-1
85,9,1635,826,118,143,1,-1,-1,-1
85,10,1125,656,227,134,1,-1,-1,-1
85,11,1533,660,185,132,1,-1,-1,-1
85,12,216,671,184,120,1,-1,-1,-1
85,13,409,685,143,143,1,-1,-1,-1
85,14,813,667,160,151,1,-1,-1,-1
85,15,24,692,148,136,1,-1,-1,-1
85,16,760,657,92,118,1,-1,-1,-1
85,17,675,657,220,144,1,-1,-1,-1
85,18,497,666,208,156,1,-1,-1,-1
85,19,1704,630,290,164,1,-1,-1,-1
85,20,352,685,192,128,1,-1,-1,-1
86,1,2235,616,264,152,1,-1,-1,-1
86,2,1775,684,128,80,1,-1,-1,-1
86,9,1634,827,118,143,1,-1,-1,-1
86,10,1128,656,227,134,1,-1,-1,-1
86,11,1549,659,194,139,1,-1,-1,-1
86,12,219,671,184,120,1,-1,-1,-1
86,13,409,684,143,143,1,-1,-1,-1
86,14,814,669,160,151,1,-1,-1,-1
86,15,30,692,148,136,1,-1,-1,-1
86,16,767,657,92,118,1,-1,-1,-1
86,17,680,659,220,144,1,-1,-1,-1
86,18,501,668,208,156,1,-1,-1,-1
86,19,1748,630,304,172,1,-1,-1,-1
86,20,369,683,192,128,1,-1,-1,-1
87,1,2237,615,264,152,1,-1,-1,-1
87,2,1786,683,128,80,1,-1,-1,-1
87,9,1634,827,118,143,1,-1,-1,-1
87,10,1131,655,227,134,1,-1,-1,-1
87,11,1554,660,194,139,1,-1,-1,-1
87,12,219,674,184,120,1,-1,-1,-1
87,13,408,684,143,143,1,-1,-1,-1
87,14,813,668,160,151,1,-1,-1,-1
87,15,23,686,155,143,1,-1,-1,-1
87,16,772,658,92,118,1,-1,-1,-1
87,17,682,657,220,144,1,-1,-1,-1
87,18,502,668,208,156,1,-1,-1,-1
87,19,1749,632,304,172,1,-1,-1,-1
87,20,380,683,192,128,1,-1,-1,-1
88,1,2240,614,264,152,1,-1,-1,-1
88,2,1794,683,128,80,1,-1,-1,-1
88,9,1634,827,118,143,1,-1,-1,-1
88,10,1137,657,216,128,1,-1,-1,-1
88,11,1567,662,194,139,1,-1,-1,-1
88,12,219,675,184,120,1,-1,-1,-1
88,13,411,685,143,143,1,-1,-1,-1
88,14,811,668,160,151,1,-1,-1,-1
88,15,17,686,155,143,1,-1,-1,-1
88,16,771,658,92,118,1,-1,-1,-1
88,17,692,657,210,137,1,-1,-1,-1
88,18,498,662,218,164,1,-1,-1,-1
88,19,1772,643,290,164,1,-1,-1,-1
88,20,378,683,192,128,1,-1,-1,-1
89,1,2264,604,228,148,1,-1,-1,-1
89,2,1794,683,128,80,1,-1,-1,-1
89,9,1634,827,118,143,1,-1,-1,-1
89,10,1160,660,224,132,1,-1,-1,-1
89,11,1572,664,200,124,1,-1,-1,-1
89,12,208,676,184,132,1,-1,-1,-1
89,13,411,685,143,143,1,-1,-1,-1
89,14,836,656,184,152,1,-1,-1,-1
89,15,40,684,172,136,1,-1,-1,-1
89,16,771,658,92,118,1,-1,-1,-1
89,17,692,657,210,137,1,-1,-1,-1
89,18,544,672,160,120,1,-1,-1,-1
89,19,1808,672,260,108,1,-1,-1,-1
89,20,396,668,172,120,1,-1,-1,-1
90,1,2346,596,214,148,1,-1,-1,-1
90,2,1806,696,128,80,1,-1,-1,-1
90,9,1650,842,123,150,1,-1,-1,-1
90,10,1160,657,235,139,1,-1,-1,-1
90,11,1610,658,200,124,1,-1,-1,-1
90,12,155,661,184,132,1,-1,-1,-1
90,13,359,686,143,143,1,-1,-1,-1
90,14,818,652,193,160,1,-1,-1,-1
90,15,0,660,152,143,1,-1,-1,-1
90,16,775,664,92,118,1,-1,-1,-1
90,17,655,651,200,131,1,-1,-1,-1
90,18,513,660,152,114,1,-1,-1,-1
90,19,1861,663,273,113,1,-1,-1,-1
90,20,351,673,172,120,1,-1,-1,-1
91,1,2386,592,174,148,1,-1,-1,-1
91,2,1873,697,122,76,1,-1,-1,-1
91,9,1676,833,123,150,1,-1,-1,-1
91,10,1158,655,247,146,1,-1,-1,-1
91,11,1622,655,210,130,1,-1,-1,-1
91,12,111,670,193,139,1,-1,-1,-1
91,13,343,687,143,143,1,-1,-1,-1
91,14,797,650,193,160,1,-1,-1,-1
91,15,0,676,118,143,1,-1,-1,-1
91,16,779,669,92,118,1,-1,-1,-1
91,17,641,651,200,131,1,-1,-1,-1
91,18,487,663,160,120,1,-1,-1,-1
91,19,1895,660,273,113,1,-1,-1,-1
91,20,326,667,181,126,1,-1,-1,-1
92,1,2425,590,135,148,1,-1,-1,-1
92,2,1901,685,122,76,1,-1,-1,-1
92,9,1693,835,123,150,1,-1,-1,-1
92,10,1158,648,259,153,1,-1,-1,-1
92,11,1638,654,210,130,1,-1,-1,-1
92,12,78,665,203,146,1,-1,-1,-1
92,13,324,683,143,143,1,-1,-1,-1
92,14,793,648,193,160,1,-1,-1,-1
92,15,0,682,92,136,1,-1,-1,-1
92,16,771,668,92,118,1,-1,-1,-1
92,17,658,653,200,131,1,-1,-1,-1
92,18,468,660,168,126,1,-1,-1,-1
92,19,1918,655,287,119,1,-1,-1,-1
92,20,307,660,181,126,1,-1,-1,-1
93,1,2454,589,106,148,1,-1,-1,-1
93,2,1927,667,122,76,1,-1,-1,-1
93,9,1704,842,123,150,1,-1,-1,-1
93,10,1163,646,259,153,1,-1,-1,-1
93,11,1655,653,210,130,1,-1,-1,-1
93,12,57,667,203,146,1,-1,-1,-1
93,13,303,679,150,150,1,-1,-1,-1
93,14,782,645,203,168,1,-1,-1,-1
93,15,0,682,72,136,1,-1,-1,-1
93,16,774,657,92,118,1,-1,-1,-1
93,17,640,651,210,137,1,-1,-1,-1
93,18,457,659,168,126,1,-1,-1,-1
93,19,1933,653,301,125,1,-1,-1,-1
93,20,291,657,181,126,1,-1,-1,-1
94,1,2496,575,64,148,1,-1,-1,-1
94,2,1955,663,128,80,1,-1,-1,-1
94,9,1720,845,123,150,1,-1,-1,-1
94,10,1176,644,259,153,1,-1,-1,-1
94,11,1688,645,220,137,1,-1,-1,-1
94,12,30,665,203,146,1,-1,-1,-1
94,13,286,679,150,150,1,-1,-1,-1
94,14,772,636,213,176,1,-1,-1,-1
94,15,0,678,36,136,1,-1,-1,-1
94,16,773,644,92,118,1,-1,-1,-1
94,17,631,647,220,144,1,-1,-1,-1
94,18,439,655,176,132,1,-1,-1,-1
94,19,1964,648,301,125,1,-1,-1,-1
94,20,263,649,190,132,1,-1,-1,-1
95,1,2496,504,64,148,1,-1,-1,-1
95,2,1972,658,134,84,1,-1,-1,-1
95,9,1727,844,130,157,1,-1,-1,-1
95,10,1177,642,259,153,1,-1,-1,-1
95,11,1708,642,220,137,1,-1,-1,-1
95,12,12,665,203,146,1,-1,-1,-1
95,13,274,680,150,150,1,-1,-1,-1
95,14,760,630,224,185,1,-1,-1,-1
95,15,0,699,77,136,1,-1,-1,-1
95,16,774,639,92,118,1,-1,-1,-1
95,17,620,644,231,151,1,-1,-1,-1
95,18,429,651,185,139,1,-1,-1,-1
95,19,1987,647,301,125,1,-1,-1,-1
95,20,252,649,190,132,1,-1,-1,-1
96,1,2405,458,155,148,1,-1,-1,-1
96,2,1995,653,141,88,1,-1,-1,-1
96,9,1742,846,130,157,1,-1,-1,-1
96,10,1169,635,272,160,1,-1,-1,-1
96,11,1726,627,232,144,1,-1,-1,-1
96,12,0,662,203,153,1,-1,-1,-1
96,13,255,674,157,157,1,-1,-1,-1
96,14,754,628,224,185,1,-1,-1,-1
96,15,0,688,85,136,1,-1,-1,-1
96,17,625,642,231,151,1,-1,-1,-1
96,18,422,649,185,139,1,-1,-1,-1
96,19,2005,640,316,131,1,-1,-1,-1
96,20,233,642,199,139,1,-1,-1,-1
97,1,2405,458,155,148,1,-1,-1,-1
97,2,1995,653,141,88,1,-1,-1,-1
97,9,1742,846,130,157,1,-1,-1,-1
97,10,1124,632,336,132,1,-1,-1,-1
97,11,1736,620,260,176,1,-1,-1,-1
97,12,8,668,188,140,1,-1,-1,-1
97,13,255,674,157,157,1,-1,-1,-1
97,14,776,596,224,224,1,-1,-1,-1
97,15,0,688,85,136,1,-1,-1,-1
97,17,664,644,152,176,1,-1,-1,-1
97,18,428,628,220,180,1,-1,-1,-1
97,19,2020,624,316,160,1,-1,-1,-1
97,20,216,640,228,152,1,-1,-1,-1
98,1,2311,448,228,148,1,-1,-1,-1
98,2,2052,655,141,88,1,-1,-1,-1
98,9,1772,856,136,165,1,-1,-1,-1
98,10,1129,629,336,132,1,-1,-1,-1
98,11,1771,619,260,176,1,-1,-1,-1
98,12,0,664,170,147,1,-1,-1,-1
98,13,214,669,165,165,1,-1,-1,-1
98,14,775,594,224,224,1,-1,-1,-1
98,15,0,679,140,136,1,-1,-1,-1
98,17,653,643,152,176,1,-1,-1,-1
98,18,411,627,220,180,1,-1,-1,-1
98,19,2062,623,316,160,1,-1,-1,-1
98,20,192,637,228,152,1,-1,-1,-1
99,1,2315,449,239,155,1,-1,-1,-1
99,2,2075,650,148,93,1,-1,-1,-1
99,9,1786,861,136,165,1,-1,-1,-1
99,10,1135,628,336,132,1,-1,-1,-1
99,11,1796,619,260,176,1,-1,-1,-1
99,12,0,665,148,147,1,-1,-1,-1
99,13,182,666,174,174,1,-1,-1,-1
99,14,768,593,224,224,1,-1,-1,-1
99,15,0,671,170,136,1,-1,-1,-1
99,17,647,643,152,176,1,-1,-1,-1
99,18,401,626,220,180,1,-1,-1,-1
99,19,2084,617,332,168,1,-1,-1,-1
99,20,172,637,228,152,1,-1,-1,-1
100,2,2099,649,148,93,1,-1,-1,-1
100,9,1798,861,143,174,1,-1,-1,-1
100,10,1151,628,336,132,1,-1,-1,-1
100,11,1827,623,248,168,1,-1,-1,-1
100,12,0,663,130,147,1,-1,-1,-1
100,13,162,667,174,174,1,-1,-1,-1
100,14,763,594,224,224,1,-1,-1,-1
100,17,637,643,152,176,1,-1,-1,-1
100,18,393,626,220,180,1,-1,-1,-1
100,19,2115,615,332,168,1,-1,-1,-1
100,20,152,634,239,160,1,-1,-1,-1
101,2,2123,646,148,93,1,-1,-1,-1
101,9,1810,860,150,182,1,-1,-1,-1
101,10,1142,627,353,139,1,-1,-1,-1
101,11,1845,619,260,176,1,-1,-1,-1
101,12,0,662,108,147,1,-1,-1,-1
101,13,126,672,174,174,1,-1,-1,-1
101,14,753,592,224,224,1,-1,-1,-1
101,17,629,640,152,176,1,-1,-1,-1
101,18,382,625,220,180,1,-1,-1,-1
101,19,2142,614,332,168,1,-1,-1,-1
101,20,136,633,239,160,1,-1,-1,-1
102,2,2171,646,148,93,1,-1,-1,-1
102,9,1834,861,158,191,1,-1,-1,-1
102,10,1169,629,336,132,1,-1,-1,-1
102,11,1896,622,260,176,1,-1,-1,-1
102,12,0,659,66,147,1,-1,-1,-1
102,13,85,677,174,174,1,-1,-1,-1
102,14,742,589,224,224,1,-1,-1,-1
102,17,612,638,152,176,1,-1,-1,-1
102,18,353,618,231,189,1,-1,-1,-1
102,19,2200,612,332,168,1,-1,-1,-1
102,20,98,628,251,168,1,-1,-1,-1
103,2,2197,645,148,93,1,-1,-1,-1
103,9,1844,866,158,191,1,-1,-1,-1
103,10,1174,627,336,132,1,-1,-1,-1
103,11,1923,623,260,176,1,-1,-1,-1
103,12,0,658,51,147,1,-1,-1,-1
103,13,67,676,174,174,1,-1,-1,-1
103,14,739,589,224,224,1,-1,-1,-1
103,17,601,638,152,176,1,-1,-1,-1
103,18,338,613,243,198,1,-1,-1,-1
103,19,2216,602,344,176,1,-1,-1,-1
103,20,81,626,264,176,1,-1,-1,-1
104,2,2202,648,148,93,1,-1,-1,-1
104,9,1845,867,158,191,1,-1,-1,-1
104,10,1164,626,353,139,1,-1,-1,-1
104,11,1940,624,260,176,1,-1,-1,-1
104,12,0,654,51,147,1,-1,-1,-1
104,13,57,674,174,174,1,-1,-1,-1
104,14,732,583,235,235,1,-1,-1,-1
104,17,602,637,152,176,1,-1,-1,-1
104,18,338,614,243,198,1,-1,-1,-1
104,19,2209,598,351,185,1,-1,-1,-1
104,20,87,632,251,168,1,-1,-1,-1
105,2,2202,648,148,93,1,-1,-1,-1
105,9,1844,828,152,220,1,-1,-1,-1
105,10,1224,636,324,168,1,-1,-1,-1
105,11,1924,612,292,180,1,-1,-1,-1
105,12,0,652,64,96,1,-1,-1,-1
105,13,57,674,174,174,1,-1,-1,-1
105,14,740,588,280,220,1,-1,-1,-1
105,17,624,612,164,200,1,-1,-1,-1
105,18,336,608,260,216,1,-1,-1,-1
105,19,2204,592,352,208,1,-1,-1,-1
105,20,104,624,240,176,1,-1,-1,-1
105,21,1076,620,148,176,1,-1,-1,-1
105,22,1928,676,140,108,1,-1,-1,-1
106,2,2216,644,148,93,1,-1,-1,-1
106,9,1845,827,152,220,1,-1,-1,-1
106,10,1221,631,340,176,1,-1,-1,-1
106,11,1924,610,307,189,1,-1,-1,-1
106,12,4,646,64,96,1,-1,-1,-1
106,13,44,662,182,182,1,-1,-1,-1
106,14,743,588,280,220,1,-1,-1,-1
106,17,628,611,164,200,1,-1,-1,-1
106,18,342,608,260,216,1,-1,-1,-1
106,19,2208,591,352,208,1,-1,-1,-1
106,20,109,626,240,176,1,-1,-1,-1
106,21,1080,621,148,176,1,-1,-1,-1
106,22,1941,677,147,113,1,-1,-1,-1
107,2,2222,644,148,93,1,-1,-1,-1
107,9,1846,826,152,220,1,-1,-1,-1
107,10,1235,632,324,168,1,-1,-1,-1
107,11,1937,618,292,180,1,-1,-1,-1
107,12,8,645,64,96,1,-1,-1,-1
107,13,42,662,182,182,1,-1,-1,-1
107,14,746,586,280,220,1,-1,-1,-1
107,17,632,610,164,200,1,-1,-1,-1
107,18,346,607,260,216,1,-1,-1,-1
107,19,2209,592,351,208,1,-1,-1,-1
107,20,117,629,229,168,1,-1,-1,-1
107,21,1084,620,148,176,1,-1,-1,-1
107,22,1942,683,147,113,1,-1,-1,-1
108,2,2227,637,156,97,1,-1,-1,-1
108,9,1846,826,152,220,1,-1,-1,-1
108,10,1230,625,340,176,1,-1,-1,-1
108,11,1933,617,292,180,1,-1,-1,-1
108,12,12,644,64,96,1,-1,-1,-1
108,14,748,586,280,220,1,-1,-1,-1
108,17,632,611,164,200,1,-1,-1,-1
108,18,349,605,260,216,1,-1,-1,-1
108,19,2216,589,344,208,1,-1,-1,-1
108,20,121,628,229,168,1,-1,-1,-1
108,21,1086,621,148,176,1,-1,-1,-1
108,22,1944,687,154,119,1,-1,-1,-1
109,2,2233,637,156,97,1,-1,-1,-1
109,9,1846,826,152,220,1,-1,-1,-1
109,10,1233,626,340,176,1,-1,-1,-1
109,11,1936,617,292,180,1,-1,-1,-1
109,12,15,643,64,96,1,-1,-1,-1
109,14,750,585,280,220,1,-1,-1,-1
109,17,633,611,164,200,1,-1,-1,-1
109,18,354,605,260,216,1,-1,-1,-1
109,19,2215,589,345,208,1,-1,-1,-1
109,20,126,629,229,168,1,-1,-1,-1
109,21,1089,621,148,176,1,-1,-1,-1
109,22,1960,683,154,119,1,-1,-1,-1
110,2,2247,634,156,97,1,-1,-1,-1
110,9,1847,826,152,220,1,-1,-1,-1
110,10,1237,626,340,176,1,-1,-1,-1
110,11,1943,621,278,171,1,-1,-1,-1
110,12,22,641,64,96,1,-1,-1,-1
110,14,766,589,267,210,1,-1,-1,-1
110,17,636,610,164,200,1,-1,-1,-1
110,18,363,604,260,216,1,-1,-1,-1
110,19,2209,580,351,218,1,-1,-1,-1
110,20,135,628,229,168,1,-1,-1,-1
110,21,1095,622,148,176,1,-1,-1,-1
110,22,1976,687,154,119,1,-1,-1,-1
111,2,2252,634,156,97,1,-1,-1,-1
111,9,1846,827,152,220,1,-1,-1,-1
111,10,1252,628,324,168,1,-1,-1,-1
111,11,1934,618,292,180,1,-1,-1,-1
111,12,26,641,64,96,1,-1,-1,-1
111,14,770,589,267,210,1,-1,-1,-1
111,17,639,610,164,200,1,-1,-1,-1
111,18,370,602,260,216,1,-1,-1,-1
111,19,2217,577,343,218,1,-1,-1,-1
111,20,140,627,229,168,1,-1,-1,-1
111,21,1097,624,148,176,1,-1,-1,-1
111,22,1980,687,154,119,1,-1,-1,-1
112,2,2261,634,156,97,1,-1,-1,-1
112,9,1846,826,152,220,1,-1,-1,-1
112,10,1244,623,340,176,1,-1,-1,-1
112,11,1940,615,292,180,1,-1,-1,-1
112,12,28,638,67,101,1,-1,-1,-1
112,14,772,587,267,210,1,-1,-1,-1
112,17,640,610,164,200,1,-1,-1,-1
112,18,366,597,273,227,1,-1,-1,-1
112,19,2229,583,331,208,1,-1,-1,-1
112,20,146,627,229,168,1,-1,-1,-1
112,21,1102,627,141,168,1,-1,-1,-1
112,22,1976,683,154,119,1,-1,-1,-1
113,2,2261,634,156,97,1,-1,-1,-1
113,9,1860,824,136,228,1,-1,-1,-1
113,10,1248,624,340,172,1,-1,-1,-1
113,11,1940,615,292,180,1,-1,-1,-1
113,12,28,638,67,101,1,-1,-1,-1
113,14,792,584,288,228,1,-1,-1,-1
113,17,648,596,156,216,1,-1,-1,-1
113,18,388,584,276,232,1,-1,-1,-1
113,19,2248,568,308,216,1,-1,-1,-1
113,20,168,644,220,176,1,-1,-1,-1
113,21,1120,628,136,160,1,-1,-1,-1
113,22,1976,683,154,119,1,-1,-1,-1
113,23,0,640,104,180,1,-1,-1,-1
114,2,2289,637,156,97,1,-1,-1,-1
114,9,1861,825,136,228,1,-1,-1,-1
114,10,1251,622,340,172,1,-1,-1,-1
114,11,1939,612,292,180,1,-1,-1,-1
114,12,39,640,67,101,1,-1,-1,-1
114,14,793,582,288,228,1,-1,-1,-1
114,17,651,595,156,216,1,-1,-1,-1
114,18,397,589,263,221,1,-1,-1,-1
114,19,2261,571,299,216,1,-1,-1,-1
114,20,174,644,220,176,1,-1,-1,-1
114,21,1124,627,136,160,1,-1,-1,-1
114,22,1983,684,147,113,1,-1,-1,-1
114,23,2,640,104,180,1,-1,-1,-1
115,2,2295,640,156,97,1,-1,-1,-1
115,9,1862,824,136,228,1,-1,-1,-1
115,10,1252,621,340,172,1,-1,-1,-1
115,11,1942,611,292,180,1,-1,-1,-1
115,12,42,639,67,101,1,-1,-1,-1
115,14,790,576,302,239,1,-1,-1,-1
115,17,657,602,149,206,1,-1,-1,-1
115,18,396,583,276,232,1,-1,-1,-1
115,19,2266,569,294,216,1,-1,-1,-1
115,20,176,643,220,176,1,-1,-1,-1
115,21,1128,627,136,160,1,-1,-1,-1
115,22,2002,678,140,108,1,-1,-1,-1
115,23,3,637,104,180,1,-1,-1,-1
116,2,2302,643,156,97,1,-1,-1,-1
116,9,1862,825,136,228,1,-1,-1,-1
116,10,1254,620,340,172,1,-1,-1,-1
116,11,1948,611,292,180,1,-1,-1,-1
116,12,48,639,67,101,1,-1,-1,-1
116,14,790,578,302,239,1,-1,-1,-1
116,17,656,598,156,216,1,-1,-1,-1
116,18,399,583,276,232,1,-1,-1,-1
116,19,2270,569,290,216,1,-1,-1,-1
116,20,177,641,220,176,1,-1,-1,-1
116,21,1128,626,136,160,1,-1,-1,-1
116,22,2003,679,140,108,1,-1,-1,-1
116,23,5,636,104,180,1,-1,-1,-1
117,2,2302,642,163,102,1,-1,-1,-1
117,9,1862,824,136,228,1,-1,-1,-1
117,10,1261,618,340,172,1,-1,-1,-1
117,11,1951,610,292,180,1,-1,-1,-1
117,12,52,636,67,101,1,-1,-1,-1
117,14,791,576,302,239,1,-1,-1,-1
117,17,653,592,164,227,1,-1,-1,-1
117,18,401,581,276,232,1,-1,-1,-1
117,19,2271,569,289,216,1,-1,-1,-1
117,20,179,641,220,176,1,-1,-1,-1
117,21,1132,625,136,160,1,-1,-1,-1
117,22,2009,681,140,108,1,-1,-1,-1
117,23,7,632,104,180,1,-1,-1,-1
118,2,2310,637,172,107,1,-1,-1,-1
118,9,1863,824,136,228,1,-1,-1,-1
118,10,1258,617,357,181,1,-1,-1,-1
118,11,1950,608,292,180,1,-1,-1,-1
118,12,58,624,67,101,1,-1,-1,-1
118,14,798,576,302,239,1,-1,-1,-1
118,17,653,591,164,227,1,-1,-1,-1
118,18,406,580,276,232,1,-1,-1,-1
118,19,2283,569,277,216,1,-1,-1,-1
118,20,176,632,231,185,1,-1,-1,-1
118,21,1137,630,130,152,1,-1,-1,-1
118,22,2020,672,140,108,1,-1,-1,-1
118,23,11,628,104,180,1,-1,-1,-1
119,2,2314,636,172,107,1,-1,-1,-1
119,9,1863,823,136,228,1,-1,-1,-1
119,10,1257,619,357,181,1,-1,-1,-1
119,11,1943,605,292,180,1,-1,-1,-1
119,12,61,621,67,101,1,-1,-1,-1
119,14,795,577,302,239,1,-1,-1,-1
119,17,654,591,164,227,1,-1,-1,-1
119,18,409,580,276,232,1,-1,-1,-1
119,19,2283,565,277,216,1,-1,-1,-1
119,20,177,635,231,185,1,-1,-1,-1
119,21,1139,631,130,152,1,-1,-1,-1
119,22,2023,670,140,108,1,-1,-1,-1
119,23,14,626,104,180,1,-1,-1,-1
120,2,2319,634,172,107,1,-1,-1,-1
120,9,1863,822,136,228,1,-1,-1,-1
120,10,1259,618,357,181,1,-1,-1,-1
120,12,64,615,67,101,1,-1,-1,-1
120,14,790,576,302,239,1,-1,-1,-1
120,17,654,589,164,227,1,-1,-1,-1
120,18,412,577,276,232,1,-1,-1,-1
120,19,2287,566,273,216,1,-1,-1,-1
120,20,178,631,231,185,1,-1,-1,-1
120,21,1141,630,130,152,1,-1,-1,-1
120,22,2028,672,140,108,1,-1,-1,-1
120,23,16,620,109,189,1,-1,-1,-1
121,2,2319,634,172,107,1,-1,-1,-1
121,9,1836,820,164,224,1,-1,-1,-1
121,10,1268,604,368,192,1,-1,-1,-1
121,12,64,615,67,101,1,-1,-1,-1
121,14,832,580,296,216,1,-1,-1,-1
121,17,612,600,236,228,1,-1,-1,-1
121,18,456,540,236,272,1,-1,-1,-1
121,19,2324,624,236,152,1,-1,-1,-1
121,20,228,600,164,208,1,-1,-1,-1
121,21,1141,630,130,152,1,-1,-1,-1
121,22,2028,672,140,108,1,-1,-1,-1
121,23,0,612,144,220,1,-1,-1,-1
121,24,2068,608,272,196,1,-1,-1,-1
122,2,2335,629,172,107,1,-1,-1,-1
122,9,1836,818,164,224,1,-1,-1,-1
122,10,1269,603,368,192,1,-1,-1,-1
122,12,78,610,71,106,1,-1,-1,-1
122,14,835,582,296,216,1,-1,-1,-1
122,17,616,599,236,228,1,-1,-1,-1
122,18,461,538,236,272,1,-1,-1,-1
122,19,2333,621,227,152,1,-1,-1,-1
122,20,232,603,164,208,1,-1,-1,-1
122,21,1140,632,130,152,1,-1,-1,-1
122,22,2046,672,140,108,1,-1,-1,-1
122,23,5,611,144,220,1,-1,-1,-1
122,24,2077,606,272,196,1,-1,-1,-1
123,2,2341,627,172,107,1,-1,-1,-1
123,9,1837,818,164,224,1,-1,-1,-1
123,10,1264,600,386,202,1,-1,-1,-1
123,12,87,609,71,106,1,-1,-1,-1
123,14,838,581,296,216,1,-1,-1,-1
123,17,619,598,236,228,1,-1,-1,-1
123,18,464,539,236,272,1,-1,-1,-1
123,19,2341,620,219,152,1,-1,-1,-1
123,20,236,606,164,208,1,-1,-1,-1
123,21,1135,636,123,145,1,-1,-1,-1
123,22,2053,672,140,108,1,-1,-1,-1
123,23,9,613,144,220,1,-1,-1,-1
123,24,2082,608,272,196,1,-1,-1,-1
124,2,2348,625,172,107,1,-1,-1,-1
124,9,1838,818,164,224,1,-1,-1,-1
124,10,1267,605,386,202,1,-1,-1,-1
124,12,92,610,71,106,1,-1,-1,-1
124,14,840,580,296,216,1,-1,-1,-1
124,17,619,596,236,228,1,-1,-1,-1
124,18,469,538,236,272,1,-1,-1,-1
124,19,2347,619,213,152,1,-1,-1,-1
124,20,239,605,164,208,1,-1,-1,-1
124,21,1129,631,130,152,1,-1,-1,-1
124,22,2057,673,140,108,1,-1,-1,-1
124,23,13,612,144,220,1,-1,-1,-1
124,24,2082,603,286,206,1,-1,-1,-1
125,2,2355,625,172,107,1,-1,-1,-1
125,9,1839,818,164,224,1,-1,-1,-1
125,10,1278,612,368,192,1,-1,-1,-1
125,12,100,613,67,101,1,-1,-1,-1
125,14,841,580,296,216,1,-1,-1,-1
125,17,622,596,236,228,1,-1,-1,-1
125,18,471,537,236,272,1,-1,-1,-1
125,19,2353,616,207,152,1,-1,-1,-1
125,20,240,603,164,208,1,-1,-1,-1
125,21,1131,625,136,160,1,-1,-1,-1
125,22,2061,675,140,108,1,-1,-1,-1
125,23,15,611,144,220,1,-1,-1,-1
125,24,2086,603,286,206,1,-1,-1,-1
126,2,2371,621,172,107,1,-1,-1,-1
126,9,1840,817,164,224,1,-1,-1,-1
126,10,1285,614,368,192,1,-1,-1,-1
126,12,111,613,67,101,1,-1,-1,-1
126,14,845,579,296,216,1,-1,-1,-1
126,17,637,602,225,217,1,-1,-1,-1
126,18,480,538,236,272,1,-1,-1,-1
126,19,2370,612,190,152,1,-1,-1,-1
126,20,245,603,164,208,1,-1,-1,-1
126,21,1131,624,136,160,1,-1,-1,-1
126,22,2070,668,140,108,1,-1,-1,-1
126,23,20,611,144,220,1,-1,-1,-1
126,24,2103,600,286,206,1,-1,-1,-1
127,2,2379,619,172,107,1,-1,-1,-1
127,9,1841,817,164,224,1,-1,-1,-1
127,10,1292,619,368,192,1,-1,-1,-1
127,12,120,618,64,96,1,-1,-1,-1
127,14,848,580,296,216,1,-1,-1,-1
127,17,638,605,225,217,1,-1,-1,-1
127,18,485,539,236,272,1,-1,-1,-1
127,19,2377,610,183,152,1,-1,-1,-1
127,20,248,603,164,208,1,-1,-1,-1
127,21,1130,622,136,160,1,-1,-1,-1
127,22,2077,670,140,108,1,-1,-1,-1
127,23,21,614,144,220,1,-1,-1,-1
127,24,2109,602,286,206,1,-1,-1,-1
128,2,2388,620,172,107,1,-1,-1,-1
128,9,1841,816,164,224,1,-1,-1,-1
128,10,1312,625,350,183,1,-1,-1,-1
128,12,124,617,64,96,1,-1,-1,-1
128,14,854,579,296,216,1,-1,-1,-1
128,17,639,604,225,217,1,-1,-1,-1
128,18,486,540,236,272,1,-1,-1,-1
128,19,2384,607,176,152,1,-1,-1,-1
128,20,250,604,164,208,1,-1,-1,-1
128,21,1132,624,130,152,1,-1,-1,-1
128,23,22,614,144,220,1,-1,-1,-1
128,24,2112,602,286,206,1,-1,-1,-1
129,2,2388,620,172,107,1,-1,-1,-1
129,9,1840,816,168,228,1,-1,-1,-1
129,10,1332,620,372,176,1,-1,-1,-1
129,12,124,617,64,96,1,-1,-1,-1
129,14,840,576,320,216,1,-1,-1,-1
129,17,660,564,228,240,1,-1,-1,-1
129,18,516,564,196,244,1,-1,-1,-1
129,19,2396,612,164,164,1,-1,-1,-1
129,20,264,624,148,184,1,-1,-1,-1
129,21,1132,624,130,152,1,-1,-1,-1
129,23,0,620,204,216,1,-1,-1,-1
129,24,2124,628,284,160,1,-1,-1,-1
129,25,1164,640,192,140,1,-1,-1,-1
130,2,2411,621,149,107,1,-1,-1,-1
130,9,1841,816,168,228,1,-1,-1,-1
130,10,1346,621,372,176,1,-1,-1,-1
130,12,133,618,64,96,1,-1,-1,-1
130,14,847,576,320,216,1,-1,-1,-1
130,17,667,562,228,240,1,-1,-1,-1
130,18,520,563,196,244,1,-1,-1,-1
130,19,2409,610,151,164,1,-1,-1,-1
130,20,269,625,148,184,1,-1,-1,-1
130,21,1141,625,130,152,1,-1,-1,-1
130,23,4,619,204,216,1,-1,-1,-1
130,24,2125,622,298,168,1,-1,-1,-1
130,25,1169,642,192,140,1,-1,-1,-1
131,2,2418,617,142,113,1,-1,-1,-1
131,9,1842,816,168,228,1,-1,-1,-1
131,10,1351,620,372,176,1,-1,-1,-1
131,12,139,620,64,96,1,-1,-1,-1
131,14,851,577,320,216,1,-1,-1,-1
131,17,670,563,228,240,1,-1,-1,-1
131,18,529,568,187,232,1,-1,-1,-1
131,19,2417,610,143,164,1,-1,-1,-1
131,20,277,629,141,175,1,-1,-1,-1
131,21,1142,622,130,152,1,-1,-1,-1
131,23,5,619,204,216,1,-1,-1,-1
131,24,2133,620,298,168,1,-1,-1,-1
131,25,1173,644,192,140,1,-1,-1,-1
132,2,2426,619,134,113,1,-1,-1,-1
132,9,1843,816,168,228,1,-1,-1,-1
132,10,1348,612,391,185,1,-1,-1,-1
132,12,140,617,67,101,1,-1,-1,-1
132,14,852,578,320,216,1,-1,-1,-1
132,17,671,564,228,240,1,-1,-1,-1
132,18,536,567,187,232,1,-1,-1,-1
132,19,2427,607,133,164,1,-1,-1,-1
132,20,279,628,141,175,1,-1,-1,-1
132,21,1142,619,136,160,1,-1,-1,-1
132,23,7,619,204,216,1,-1,-1,-1
132,24,2137,618,298,168,1,-1,-1,-1
132,25,1179,646,192,140,1,-1,-1,-1
133,2,2431,620,129,113,1,-1,-1,-1
133,9,1843,816,168,228,1,-1,-1,-1
133,10,1352,608,391,185,1,-1,-1,-1
133,12,143,622,67,101,1,-1,-1,-1
133,14,852,580,320,216,1,-1,-1,-1
133,17,662,559,239,252,1,-1,-1,-1
133,18,533,569,187,232,1,-1,-1,-1
133,19,2436,604,124,164,1,-1,-1,-1
133,20,282,628,141,175,1,-1,-1,-1
133,23,8,620,204,216,1,-1,-1,-1
133,24,2140,616,298,168,1,-1,-1,-1
133,25,1178,648,192,140,1,-1,-1,-1
134,2,2442,617,118,113,1,-1,-1,-1
134,9,1842,814,168,228,1,-1,-1,-1
134,10,1364,605,391,185,1,-1,-1,-1
134,12,153,627,67,101,1,-1,-1,-1
134,14,852,581,320,216,1,-1,-1,-1
134,17,660,558,239,252,1,-1,-1,-1
134,18,528,563,196,244,1,-1,-1,-1
134,19,2447,603,113,164,1,-1,-1,-1
134,20,283,625,148,184,1,-1,-1,-1
134,23,11,619,204,216,1,-1,-1,-1
134,24,2156,617,284,160,1,-1,-1,-1
134,25,1175,643,202,147,1,-1,-1,-1
135,2,2447,621,113,113,1,-1,-1,-1
135,9,1843,815,168,228,1,-1,-1,-1
135,10,1378,608,372,176,1,-1,-1,-1
135,12,154,629,67,101,1,-1,-1,-1
135,14,843,577,336,227,1,-1,-1,-1
135,17,660,557,239,252,1,-1,-1,-1
135,18,531,558,196,244,1,-1,-1,-1
135,19,2454,605,106,164,1,-1,-1,-1
135,20,288,624,148,184,1,-1,-1,-1
135,23,13,620,204,216,1,-1,-1,-1
135,24,2152,611,298,168,1,-1,-1,-1
135,25,1174,637,212,154,1,-1,-1,-1
136,2,2455,622,105,113,1,-1,-1,-1
136,9,1843,815,168,228,1,-1,-1,-1
136,10,1392,609,372,176,1,-1,-1,-1
136,12,160,632,67,101,1,-1,-1,-1
136,14,848,577,336,227,1,-1,-1,-1
136,17,658,557,239,252,1,-1,-1,-1
136,18,535,557,196,244,1,-1,-1,-1
136,19,2461,603,99,164,1,-1,-1,-1
136,20,287,620,155,193,1,-1,-1,-1
136,23,17,620,204,216,1,-1,-1,-1
136,24,2155,609,298,168,1,-1,-1,-1
136,25,1182,639,202,147,1,-1,-1,-1
137,2,2455,622,105,113,1,-1,-1,-1
137,9,1868,808,140,232,1,-1,-1,-1
137,10,1408,600,384,184,1,-1,-1,-1
137,12,160,632,67,101,1,-1,-1,-1
137,14,880,576,300,232,1,-1,-1,-1
137,17,672,560,300,248,1,-1,-1,-1
137,18,556,600,200,208,1,-1,-1,-1
137,19,2472,604,88,164,1,-1,-1,-1
137,20,296,616,168,172,1,-1,-1,-1
137,23,0,628,244,212,1,-1,-1,-1
137,24,2152,608,324,176,1,-1,-1,-1
137,25,1152,652,220,140,1,-1,-1,-1
138,2,2360,604,180,113,1,-1,-1,-1
138,9,1867,808,140,232,1,-1,-1,-1
138,10,1416,597,384,184,1,-1,-1,-1
138,12,170,628,71,106,1,-1,-1,-1
138,14,883,577,300,232,1,-1,-1,-1
138,17,672,559,300,248,1,-1,-1,-1
138,18,561,601,200,208,1,-1,-1,-1
138,19,2488,603,72,164,1,-1,-1,-1
138,20,302,616,168,172,1,-1,-1,-1
138,23,4,629,244,212,1,-1,-1,-1
138,24,2159,609,324,176,1,-1,-1,-1
138,25,1156,654,220,140,1,-1,-1,-1
139,2,2358,596,180,113,1,-1,-1,-1
139,9,1866,809,140,232,1,-1,-1,-1
139,10,1420,596,384,184,1,-1,-1,-1
139,12,179,629,71,106,1,-1,-1,-1
139,14,885,579,300,232,1,-1,-1,-1
139,17,677,563,300,248,1,-1,-1,-1
139,18,563,602,200,208,1,-1,-1,-1
139,19,2493,605,67,164,1,-1,-1,-1
139,20,305,615,168,172,1,-1,-1,-1
139,23,9,629,244,212,1,-1,-1,-1
139,24,2164,608,324,176,1,-1,-1,-1
139,25,1159,657,220,140,1,-1,-1,-1
140,2,2372,595,180,113,1,-1,-1,-1
140,9,1865,809,140,232,1,-1,-1,-1
140,10,1425,594,384,184,1,-1,-1,-1
140,12,186,631,71,106,1,-1,-1,-1
140,14,886,581,300,232,1,-1,-1,-1
140,17,665,557,315,260,1,-1,-1,-1
140,18,565,602,200,208,1,-1,-1,-1
140,19,2503,599,57,172,1,-1,-1,-1
140,20,304,610,176,181,1,-1,-1,-1
140,23,11,629,244,212,1,-1,-1,-1
140,24,2170,608,324,176,1,-1,-1,-1
140,25,1162,658,220,140,1,-1,-1,-1
141,2,2373,595,187,118,1,-1,-1,-1
141,9,1865,809,140,232,1,-1,-1,-1
141,10,1415,589,403,193,1,-1,-1,-1
141,12,191,629,74,111,1,-1,-1,-1
141,14,884,582,300,232,1,-1,-1,-1
141,17,671,557,315,260,1,-1,-1,-1
141,18,566,603,200,208,1,-1,-1,-1
141,19,2508,598,52,172,1,-1,-1,-1
141,20,309,608,176,181,1,-1,-1,-1
141,23,12,628,244,212,1,-1,-1,-1
141,24,2171,608,324,176,1,-1,-1,-1
141,25,1166,659,220,140,1,-1,-1,-1
142,2,2392,598,168,113,1,-1,-1,-1
142,9,1864,807,140,232,1,-1,-1,-1
142,10,1416,588,403,193,1,-1,-1,-1
142,12,198,617,74,111,1,-1,-1,-1
142,14,880,579,300,232,1,-1,-1,-1
142,17,674,566,300,248,1,-1,-1,-1
142,18,570,602,200,208,1,-1,-1,-1
142,19,2520,597,40,181,1,-1,-1,-1
142,20,314,609,176,181,1,-1,-1,-1
142,23,18,628,244,212,1,-1,-1,-1
142,24,2173,604,340,185,1,-1,-1,-1
142,25,1163,666,220,140,1,-1,-1,-1
143,9,1862,806,140,232,1,-1,-1,-1
143,10,1415,587,403,193,1,-1,-1,-1
143,12,203,610,74,111,1,-1,-1,-1
143,14,882,579,300,232,1,-1,-1,-1
143,17,671,555,315,260,1,-1,-1,-1
143,18,571,601,200,208,1,-1,-1,-1
143,19,2523,588,37,181,1,-1,-1,-1
143,20,318,610,176,181,1,-1,-1,-1
143,23,17,629,244,212,1,-1,-1,-1
143,24,2178,603,340,185,1,-1,-1,-1
143,25,1165,667,210,133,1,-1,-1,-1
144,9,1860,807,140,232,1,-1,-1,-1
144,10,1418,587,403,193,1,-1,-1,-1
144,12,207,607,74,111,1,-1,-1,-1
144,14,884,579,300,232,1,-1,-1,-1
144,17,670,556,315,260,1,-1,-1,-1
144,18,572,601,200,208,1,-1,-1,-1
144,19,2526,591,34,172,1,-1,-1,-1
144,20,319,605,185,190,1,-1,-1,-1
144,23,8,622,256,223,1,-1,-1,-1
144,24,2172,598,357,194,1,-1,-1,-1
144,25,1164,661,220,140,1,-1,-1,-1
145,9,1848,812,156,220,1,-1,-1,-1
145,10,1464,592,360,200,1,-1,-1,-1
145,12,207,607,74,111,1,-1,-1,-1
145,14,908,596,292,212,1,-1,-1,-1
145,17,720,528,288,292,1,-1,-1,-1
145,18,576,556,196,260,1,-1,-1,-1
145,19,2526,591,34,172,1,-1,-1,-1
145,20,312,604,220,212,1,-1,-1,-1
145,23,48,604,244,216,1,-1,-1,-1
145,24,2180,608,368,184,1,-1,-1,-1
145,25,1164,661,220,140,1,-1,-1,-1
146,9,1848,811,156,220,1,-1,-1,-1
146,10,1467,592,360,200,1,-1,-1,-1
146,12,219,606,74,111,1,-1,-1,-1
146,14,911,595,292,212,1,-1,-1,-1
146,17,722,529,288,292,1,-1,-1,-1
146,18,582,560,187,248,1,-1,-1,-1
146,19,2527,587,33,172,1,-1,-1,-1
146,20,317,603,220,212,1,-1,-1,-1
146,23,54,607,244,216,1,-1,-1,-1
146,24,2182,609,368,184,1,-1,-1,-1
146,25,1152,664,220,140,1,-1,-1,-1
147,9,1849,810,156,220,1,-1,-1,-1
147,10,1460,588,378,210,1,-1,-1,-1
147,12,229,608,71,106,1,-1,-1,-1
147,14,914,595,292,212,1,-1,-1,-1
147,17,726,528,288,292,1,-1,-1,-1
147,18,585,559,187,248,1,-1,-1,-1
147,19,2536,590,24,172,1,-1,-1,-1
147,20,322,603,220,212,1,-1,-1,-1
147,23,62,609,244,216,1,-1,-1,-1
147,24,2187,609,368,184,1,-1,-1,-1
147,25,1155,663,220,140,1,-1,-1,-1
