1,0,1556,468,108,172,1,-1,-1,-1
1,1,1456,560,76,156,1,-1,-1,-1
1,2,848,544,84,160,1,-1,-1,-1
1,3,292,500,160,208,1,-1,-1,-1
1,4,1088,544,48,140,1,-1,-1,-1
1,5,1924,536,72,184,1,-1,-1,-1
2,0,1552,466,108,172,1,-1,-1,-1
2,1,1452,557,76,156,1,-1,-1,-1
2,2,853,543,84,160,1,-1,-1,-1
2,3,288,499,160,208,1,-1,-1,-1
2,4,1084,540,50,147,1,-1,-1,-1
2,5,1921,535,72,184,1,-1,-1,-1
3,0,1549,464,108,172,1,-1,-1,-1
3,1,1443,553,76,156,1,-1,-1,-1
3,2,855,542,84,160,1,-1,-1,-1
3,3,284,498,160,208,1,-1,-1,-1
3,4,1080,539,50,147,1,-1,-1,-1
3,5,1915,534,72,184,1,-1,-1,-1
4,0,1546,466,108,172,1,-1,-1,-1
4,1,1440,548,76,156,1,-1,-1,-1
4,2,855,531,84,160,1,-1,-1,-1
4,3,279,496,160,208,1,-1,-1,-1
4,4,1076,538,50,147,1,-1,-1,-1
4,5,1912,532,72,184,1,-1,-1,-1
5,0,1537,462,108,172,1,-1,-1,-1
5,1,1433,543,80,164,1,-1,-1,-1
5,3,275,495,160,208,1,-1,-1,-1
5,4,1071,536,50,147,1,-1,-1,-1
5,5,1904,531,72,184,1,-1,-1,-1
6,0,1534,460,108,172,1,-1,-1,-1
6,1,1427,542,80,164,1,-1,-1,-1
6,3,271,494,160,208,1,-1,-1,-1
6,4,1066,535,50,147,1,-1,-1,-1
6,5,1900,532,72,184,1,-1,-1,-1
7,0,1530,458,108,172,1,-1,-1,-1
7,1,1421,540,80,164,1,-1,-1,-1
7,3,266,492,160,208,1,-1,-1,-1
7,4,1062,533,50,147,1,-1,-1,-1
7,5,1892,529,72,184,1,-1,-1,-1
8,0,1522,454,113,181,1,-1,-1,-1
8,1,1418,539,80,164,1,-1,-1,-1
8,3,260,492,160,208,1,-1,-1,-1
8,4,1057,533,50,147,1,-1,-1,-1
8,5,1888,533,69,175,1,-1,-1,-1
9,0,1520,456,108,176,1,-1,-1,-1
9,1,1404,520,68,184,1,-1,-1,-1
9,3,256,492,156,204,1,-1,-1,-1
9,4,1052,528,52,148,1,-1,-1,-1
9,5,1888,533,69,175,1,-1,-1,-1
9,6,1784,500,136,196,1,-1,-1,-1
9,7,888,520,76,160,1,-1,-1,-1
10,0,1518,457,108,176,1,-1,-1,-1
10,1,1400,518,68,184,1,-1,-1,-1
10,3,253,491,156,204,1,-1,-1,-1
10,4,1050,527,52,148,1,-1,-1,-1
10,5,1877,529,69,175,1,-1,-1,-1
10,6,1781,499,136,196,1,-1,-1,-1
10,7,889,519,76,160,1,-1,-1,-1
11,0,1513,456,108,176,1,-1,-1,-1
11,1,1395,516,68,184,1,-1,-1,-1
11,3,249,491,156,204,1,-1,-1,-1
11,4,1047,526,52,148,1,-1,-1,-1
11,5,1872,527,72,184,1,-1,-1,-1
11,6,1776,499,136,196,1,-1,-1,-1
11,7,889,518,76,160,1,-1,-1,-1
12,0,1507,456,108,176,1,-1,-1,-1
12,1,1388,513,68,184,1,-1,-1,-1
12,3,245,490,156,204,1,-1,-1,-1
12,4,1042,526,52,148,1,-1,-1,-1
12,5,1866,520,76,193,1,-1,-1,-1
12,6,1772,498,136,196,1,-1,-1,-1
12,7,885,511,80,168,1,-1,-1,-1
13,0,1503,454,108,176,1,-1,-1,-1
13,1,1382,511,68,184,1,-1,-1,-1
13,3,242,490,156,204,1,-1,-1,-1
13,4,1037,525,52,148,1,-1,-1,-1
13,5,1860,515,79,203,1,-1,-1,-1
13,6,1769,498,136,196,1,-1,-1,-1
13,7,883,509,80,168,1,-1,-1,-1
14,0,1500,454,108,176,1,-1,-1,-1
14,3,237,491,156,204,1,-1,-1,-1
14,4,1034,529,50,141,1,-1,-1,-1
14,5,1855,513,79,203,1,-1,-1,-1
14,6,1764,497,136,196,1,-1,-1,-1
14,7,887,512,76,160,1,-1,-1,-1
15,0,1495,453,108,176,1,-1,-1,-1
15,3,234,490,156,204,1,-1,-1,-1
15,4,1028,525,52,148,1,-1,-1,-1
15,5,1851,513,79,203,1,-1,-1,-1
15,6,1760,496,136,196,1,-1,-1,-1
15,7,886,512,72,152,1,-1,-1,-1
16,0,1492,453,108,176,1,-1,-1,-1
16,3,229,490,156,204,1,-1,-1,-1
16,4,1025,527,52,148,1,-1,-1,-1
16,5,1847,512,79,203,1,-1,-1,-1
16,6,1756,497,136,196,1,-1,-1,-1
17,0,1492,453,108,176,1,-1,-1,-1
17,3,229,490,156,204,1,-1,-1,-1
17,4,1025,527,52,148,1,-1,-1,-1
17,5,1847,512,79,203,1,-1,-1,-1
17,6,1756,497,136,196,1,-1,-1,-1
18,0,1485,452,108,176,1,-1,-1,-1
18,3,222,490,156,204,1,-1,-1,-1
18,4,1011,526,52,148,1,-1,-1,-1
18,5,1833,513,79,203,1,-1,-1,-1
18,6,1748,496,136,196,1,-1,-1,-1
19,0,1482,451,108,176,1,-1,-1,-1
19,3,219,490,156,204,1,-1,-1,-1
19,4,1006,525,52,148,1,-1,-1,-1
19,5,1830,511,79,203,1,-1,-1,-1
19,6,1746,495,136,196,1,-1,-1,-1
20,0,1479,451,108,176,1,-1,-1,-1
20,3,217,490,156,204,1,-1,-1,-1
20,4,999,521,55,155,1,-1,-1,-1
20,5,1828,509,79,203,1,-1,-1,-1
20,6,1743,492,136,196,1,-1,-1,-1
21,0,1475,450,108,176,1,-1,-1,-1
21,3,214,489,156,204,1,-1,-1,-1
21,4,998,524,52,148,1,-1,-1,-1
21,6,1738,491,136,196,1,-1,-1,-1
22,0,1472,450,108,176,1,-1,-1,-1
22,3,211,489,156,204,1,-1,-1,-1
22,6,1736,490,136,196,1,-1,-1,-1
23,0,1470,449,108,176,1,-1,-1,-1
23,3,209,488,156,204,1,-1,-1,-1
23,6,1734,488,136,196,1,-1,-1,-1
24,0,1469,448,108,176,1,-1,-1,-1
24,3,204,484,164,214,1,-1,-1,-1
24,6,1733,488,136,196,1,-1,-1,-1
25,0,1460,440,108,168,1,-1,-1,-1
25,3,204,484,164,214,1,-1,-1,-1
25,6,1728,500,128,176,1,-1,-1,-1
25,8,1320,528,80,148,1,-1,-1,-1
26,0,1459,440,108,168,1,-1,-1,-1
26,3,200,482,164,214,1,-1,-1,-1
26,6,1726,500,128,176,1,-1,-1,-1
26,8,1318,526,80,148,1,-1,-1,-1
27,0,1457,440,108,168,1,-1,-1,-1
27,3,202,486,156,204,1,-1,-1,-1
27,6,1723,503,128,176,1,-1,-1,-1
27,8,1313,522,84,155,1,-1,-1,-1
28,0,1459,443,103,160,1,-1,-1,-1
28,3,199,486,156,204,1,-1,-1,-1
28,6,1721,505,128,176,1,-1,-1,-1
28,8,1308,525,84,155,1,-1,-1,-1
29,0,1457,443,103,160,1,-1,-1,-1
29,3,197,486,156,204,1,-1,-1,-1
29,6,1717,506,128,176,1,-1,-1,-1
29,8,1307,532,80,148,1,-1,-1,-1
30,0,1455,442,103,160,1,-1,-1,-1
30,3,194,487,156,204,1,-1,-1,-1
30,6,1714,506,128,176,1,-1,-1,-1
31,0,1453,442,103,160,1,-1,-1,-1
31,3,192,487,156,204,1,-1,-1,-1
31,6,1711,504,128,176,1,-1,-1,-1
32,0,1447,437,108,168,1,-1,-1,-1
32,3,190,486,156,204,1,-1,-1,-1
32,6,1709,503,128,176,1,-1,-1,-1
33,0,1448,436,108,180,1,-1,-1,-1
33,3,184,488,160,200,1,-1,-1,-1
33,6,1712,492,112,176,1,-1,-1,-1
33,9,940,524,116,132,1,-1,-1,-1
33,10,1260,524,76,140,1,-1,-1,-1
33,11,880,504,56,152,1,-1,-1,-1
34,0,1447,436,108,180,1,-1,-1,-1
34,3,182,488,160,200,1,-1,-1,-1
34,6,1710,491,112,176,1,-1,-1,-1
34,9,937,522,116,132,1,-1,-1,-1
34,10,1252,524,76,140,1,-1,-1,-1
34,11,879,505,56,152,1,-1,-1,-1
35,0,1446,435,108,180,1,-1,-1,-1
35,3,182,489,160,200,1,-1,-1,-1
35,6,1704,492,112,176,1,-1,-1,-1
35,9,932,520,116,132,1,-1,-1,-1
35,10,1245,523,76,140,1,-1,-1,-1
35,11,878,506,56,152,1,-1,-1,-1
36,0,1444,434,108,180,1,-1,-1,-1
36,3,180,489,160,200,1,-1,-1,-1
36,6,1698,491,112,176,1,-1,-1,-1
36,9,934,522,110,126,1,-1,-1,-1
36,11,877,506,56,152,1,-1,-1,-1
37,0,1442,435,108,180,1,-1,-1,-1
37,3,178,490,160,200,1,-1,-1,-1
37,6,1689,488,118,185,1,-1,-1,-1
37,9,929,522,110,126,1,-1,-1,-1
37,11,875,505,56,152,1,-1,-1,-1
38,0,1438,432,113,189,1,-1,-1,-1
38,3,178,491,160,200,1,-1,-1,-1
38,6,1681,488,118,185,1,-1,-1,-1
38,9,928,522,110,126,1,-1,-1,-1
38,11,873,508,56,152,1,-1,-1,-1
39,0,1442,437,108,180,1,-1,-1,-1
39,3,179,492,160,200,1,-1,-1,-1
39,6,1668,487,118,185,1,-1,-1,-1
39,9,931,526,110,126,1,-1,-1,-1
39,11,873,514,56,152,1,-1,-1,-1
40,0,1442,437,108,180,1,-1,-1,-1
40,3,180,492,160,200,1,-1,-1,-1
40,9,931,532,110,126,1,-1,-1,-1
41,0,1444,436,108,172,1,-1,-1,-1
41,3,188,488,160,212,1,-1,-1,-1
41,9,932,536,72,128,1,-1,-1,-1
41,12,1216,520,68,148,1,-1,-1,-1
41,13,1636,528,100,140,1,-1,-1,-1
41,14,1716,488,60,160,1,-1,-1,-1
42,0,1448,440,103,164,1,-1,-1,-1
42,3,189,489,160,212,1,-1,-1,-1
42,9,930,536,72,128,1,-1,-1,-1
42,12,1215,521,68,148,1,-1,-1,-1
42,13,1633,528,100,140,1,-1,-1,-1
42,14,1716,488,60,160,1,-1,-1,-1
43,0,1451,439,103,164,1,-1,-1,-1
43,3,195,490,160,212,1,-1,-1,-1
43,9,931,537,72,128,1,-1,-1,-1
43,12,1214,523,68,148,1,-1,-1,-1
43,13,1633,527,100,140,1,-1,-1,-1
43,14,1718,488,60,160,1,-1,-1,-1
44,0,1455,440,103,164,1,-1,-1,-1
44,3,202,496,152,202,1,-1,-1,-1
44,9,942,526,72,128,1,-1,-1,-1
44,12,1212,513,71,155,1,-1,-1,-1
44,13,1631,525,100,140,1,-1,-1,-1
44,14,1722,488,60,160,1,-1,-1,-1
45,0,1458,438,103,164,1,-1,-1,-1
45,3,205,496,152,202,1,-1,-1,-1
45,9,945,525,72,128,1,-1,-1,-1
45,12,1210,512,71,155,1,-1,-1,-1
45,13,1627,525,100,140,1,-1,-1,-1
45,14,1726,487,60,160,1,-1,-1,-1
46,0,1461,438,103,164,1,-1,-1,-1
46,3,210,496,152,202,1,-1,-1,-1
46,9,945,520,76,134,1,-1,-1,-1
46,12,1209,509,71,155,1,-1,-1,-1
46,13,1626,529,100,140,1,-1,-1,-1
46,14,1728,482,63,168,1,-1,-1,-1
47,0,1466,437,103,164,1,-1,-1,-1
47,3,213,496,152,202,1,-1,-1,-1
47,9,945,515,79,141,1,-1,-1,-1
47,13,1625,537,100,140,1,-1,-1,-1
47,14,1732,482,63,168,1,-1,-1,-1
48,0,1467,437,103,164,1,-1,-1,-1
48,3,216,497,152,202,1,-1,-1,-1
48,9,947,510,83,148,1,-1,-1,-1
48,13,1622,536,100,140,1,-1,-1,-1
48,14,1735,481,63,168,1,-1,-1,-1
49,0,1472,432,104,176,1,-1,-1,-1
49,3,216,497,152,202,1,-1,-1,-1
49,9,947,510,83,148,1,-1,-1,-1
49,13,1624,520,92,140,1,-1,-1,-1
49,14,1735,481,63,168,1,-1,-1,-1
49,15,1192,520,84,144,1,-1,-1,-1
50,0,1475,436,99,168,1,-1,-1,-1
50,3,221,497,152,202,1,-1,-1,-1
50,13,1623,517,92,140,1,-1,-1,-1
50,14,1739,479,63,168,1,-1,-1,-1
50,15,1190,518,84,144,1,-1,-1,-1
51,0,1476,431,104,176,1,-1,-1,-1
51,3,225,497,152,202,1,-1,-1,-1
51,13,1621,514,92,140,1,-1,-1,-1
51,14,1741,478,63,168,1,-1,-1,-1
51,15,1187,517,84,144,1,-1,-1,-1
52,0,1480,431,104,176,1,-1,-1,-1
52,3,228,498,152,202,1,-1,-1,-1
52,13,1618,511,92,140,1,-1,-1,-1
52,14,1745,478,63,168,1,-1,-1,-1
52,15,1178,509,88,151,1,-1,-1,-1
53,0,1484,432,104,176,1,-1,-1,-1
53,3,230,496,152,202,1,-1,-1,-1
53,13,1614,509,92,140,1,-1,-1,-1
53,14,1749,478,63,168,1,-1,-1,-1
53,15,1175,509,88,151,1,-1,-1,-1
54,0,1487,432,104,176,1,-1,-1,-1
54,3,234,496,152,202,1,-1,-1,-1
54,13,1611,510,92,140,1,-1,-1,-1
54,14,1752,478,63,168,1,-1,-1,-1
54,15,1169,506,93,159,1,-1,-1,-1
55,0,1490,433,104,176,1,-1,-1,-1
55,3,237,497,152,202,1,-1,-1,-1
55,13,1606,509,92,140,1,-1,-1,-1
55,14,1756,478,63,168,1,-1,-1,-1
55,15,1163,502,97,167,1,-1,-1,-1
56,0,1493,433,104,176,1,-1,-1,-1
56,3,239,497,152,202,1,-1,-1,-1
56,13,1603,509,92,140,1,-1,-1,-1
56,14,1758,478,63,168,1,-1,-1,-1
56,15,1158,496,102,175,1,-1,-1,-1
57,0,1496,436,124,172,1,-1,-1,-1
57,3,239,497,152,202,1,-1,-1,-1
57,13,1612,524,84,136,1,-1,-1,-1
57,14,1758,478,63,168,1,-1,-1,-1
57,15,1144,500,96,164,1,-1,-1,-1
57,16,948,536,60,120,1,-1,-1,-1
57,17,1764,484,132,172,1,-1,-1,-1
58,0,1497,437,124,172,1,-1,-1,-1
58,3,245,499,152,202,1,-1,-1,-1
58,13,1608,524,84,136,1,-1,-1,-1
58,14,1763,479,63,168,1,-1,-1,-1
58,15,1140,501,96,164,1,-1,-1,-1
58,16,948,539,60,120,1,-1,-1,-1
58,17,1766,484,132,172,1,-1,-1,-1
59,0,1500,439,124,172,1,-1,-1,-1
59,3,247,499,152,202,1,-1,-1,-1
59,13,1607,524,84,136,1,-1,-1,-1
59,14,1768,482,60,160,1,-1,-1,-1
59,15,1139,505,96,164,1,-1,-1,-1
59,16,949,544,60,120,1,-1,-1,-1
59,17,1769,484,132,172,1,-1,-1,-1
60,0,1502,440,124,172,1,-1,-1,-1
60,3,251,502,152,202,1,-1,-1,-1
60,13,1605,521,88,143,1,-1,-1,-1
60,14,1771,484,60,160,1,-1,-1,-1
60,15,1138,514,96,164,1,-1,-1,-1
60,16,948,548,63,126,1,-1,-1,-1
60,17,1772,486,132,172,1,-1,-1,-1
61,0,1504,442,124,172,1,-1,-1,-1
61,3,252,502,152,202,1,-1,-1,-1
61,13,1603,523,88,143,1,-1,-1,-1
61,14,1775,488,57,152,1,-1,-1,-1
61,15,1132,513,96,164,1,-1,-1,-1
61,16,949,547,63,126,1,-1,-1,-1
61,17,1774,488,132,172,1,-1,-1,-1
62,0,1506,444,124,172,1,-1,-1,-1
62,3,254,505,152,202,1,-1,-1,-1
62,13,1601,525,88,143,1,-1,-1,-1
62,14,1776,491,57,152,1,-1,-1,-1
62,15,1115,513,96,164,1,-1,-1,-1
62,16,952,546,63,126,1,-1,-1,-1
62,17,1776,490,132,172,1,-1,-1,-1
63,0,1507,446,124,172,1,-1,-1,-1
63,3,257,508,152,202,1,-1,-1,-1
63,13,1597,530,88,143,1,-1,-1,-1
63,14,1779,493,57,152,1,-1,-1,-1
63,15,1100,514,96,164,1,-1,-1,-1
63,16,953,549,60,120,1,-1,-1,-1
63,17,1781,498,126,164,1,-1,-1,-1
64,0,1509,448,124,172,1,-1,-1,-1
64,3,259,513,152,202,1,-1,-1,-1
64,13,1593,537,88,143,1,-1,-1,-1
64,14,1782,500,54,145,1,-1,-1,-1
64,15,1089,520,96,164,1,-1,-1,-1
64,17,1783,502,126,164,1,-1,-1,-1
65,0,1509,448,124,172,1,-1,-1,-1
65,3,256,512,164,208,1,-1,-1,-1
65,13,1572,536,92,152,1,-1,-1,-1
65,14,1782,500,54,145,1,-1,-1,-1
65,15,1068,540,92,132,1,-1,-1,-1
65,17,1783,502,126,164,1,-1,-1,-1
65,18,952,544,60,116,1,-1,-1,-1
65,19,872,476,52,168,1,-1,-1,-1
66,0,1512,462,124,172,1,-1,-1,-1
66,3,257,517,164,208,1,-1,-1,-1
66,13,1572,544,92,152,1,-1,-1,-1
66,14,1786,512,54,145,1,-1,-1,-1
66,15,1062,547,92,132,1,-1,-1,-1
66,17,1787,515,126,164,1,-1,-1,-1
66,18,952,547,60,116,1,-1,-1,-1
66,19,872,482,50,160,1,-1,-1,-1
67,0,1518,468,118,164,1,-1,-1,-1
67,3,258,522,164,208,1,-1,-1,-1
67,13,1572,551,92,152,1,-1,-1,-1
67,14,1788,517,54,145,1,-1,-1,-1
67,15,1055,555,88,126,1,-1,-1,-1
67,17,1789,519,126,164,1,-1,-1,-1
67,18,951,554,60,116,1,-1,-1,-1
67,19,874,497,47,152,1,-1,-1,-1
68,0,1519,473,124,172,1,-1,-1,-1
68,3,261,527,164,208,1,-1,-1,-1
68,13,1571,557,92,152,1,-1,-1,-1
68,14,1790,523,54,145,1,-1,-1,-1
68,15,1043,556,92,132,1,-1,-1,-1
68,17,1790,525,126,164,1,-1,-1,-1
68,18,949,560,60,116,1,-1,-1,-1
69,0,1521,479,124,172,1,-1,-1,-1
69,3,262,534,164,208,1,-1,-1,-1
69,13,1573,561,92,152,1,-1,-1,-1
69,14,1792,529,54,145,1,-1,-1,-1
69,15,1038,561,92,132,1,-1,-1,-1
69,17,1792,530,126,164,1,-1,-1,-1
69,18,951,568,60,116,1,-1,-1,-1
70,0,1524,484,124,172,1,-1,-1,-1
70,3,264,539,164,208,1,-1,-1,-1
70,13,1570,564,92,152,1,-1,-1,-1
70,14,1794,531,54,145,1,-1,-1,-1
70,15,1033,562,92,132,1,-1,-1,-1
70,17,1795,536,126,164,1,-1,-1,-1
70,18,954,581,57,110,1,-1,-1,-1
71,0,1527,488,124,172,1,-1,-1,-1
71,3,266,543,164,208,1,-1,-1,-1
71,13,1564,576,88,145,1,-1,-1,-1
71,14,1795,539,57,152,1,-1,-1,-1
71,15,1032,563,88,126,1,-1,-1,-1
71,17,1798,541,126,164,1,-1,-1,-1
71,18,955,600,57,110,1,-1,-1,-1
72,0,1529,494,124,172,1,-1,-1,-1
72,3,269,547,164,208,1,-1,-1,-1
72,13,1554,578,88,145,1,-1,-1,-1
72,14,1797,542,57,152,1,-1,-1,-1
72,15,1028,561,88,126,1,-1,-1,-1
72,17,1800,546,126,164,1,-1,-1,-1
72,18,954,606,57,110,1,-1,-1,-1
73,0,1524,496,128,228,1,-1,-1,-1
73,3,280,560,152,200,1,-1,-1,-1
73,13,1554,578,88,145,1,-1,-1,-1
73,14,1797,542,57,152,1,-1,-1,-1
73,15,1028,556,72,168,1,-1,-1,-1
73,17,1812,556,120,168,1,-1,-1,-1
73,18,954,606,57,110,1,-1,-1,-1
74,0,1524,498,128,228,1,-1,-1,-1
74,3,282,563,152,200,1,-1,-1,-1
74,13,1540,583,92,152,1,-1,-1,-1
74,14,1801,552,57,152,1,-1,-1,-1
74,15,1025,562,72,168,1,-1,-1,-1
74,17,1815,559,120,168,1,-1,-1,-1
74,18,946,602,57,110,1,-1,-1,-1
75,0,1524,508,128,228,1,-1,-1,-1
75,3,287,573,145,190,1,-1,-1,-1
75,13,1536,593,92,152,1,-1,-1,-1
75,14,1804,556,57,152,1,-1,-1,-1
75,15,1020,567,72,168,1,-1,-1,-1
75,17,1819,565,120,168,1,-1,-1,-1
75,18,940,595,54,105,1,-1,-1,-1
76,0,1522,512,128,228,1,-1,-1,-1
76,3,286,572,152,200,1,-1,-1,-1
76,13,1530,597,92,152,1,-1,-1,-1
76,14,1807,561,57,152,1,-1,-1,-1
76,15,1016,569,76,176,1,-1,-1,-1
76,17,1821,569,120,168,1,-1,-1,-1
77,0,1519,516,128,228,1,-1,-1,-1
77,3,290,576,152,200,1,-1,-1,-1
77,13,1527,599,92,152,1,-1,-1,-1
77,14,1810,565,57,152,1,-1,-1,-1
77,15,1011,572,76,176,1,-1,-1,-1
77,17,1823,573,120,168,1,-1,-1,-1
78,0,1523,524,122,217,1,-1,-1,-1
78,3,293,580,152,200,1,-1,-1,-1
78,13,1520,596,97,160,1,-1,-1,-1
78,14,1814,571,54,145,1,-1,-1,-1
78,15,1000,582,72,168,1,-1,-1,-1
78,17,1826,578,120,168,1,-1,-1,-1
79,3,295,585,152,200,1,-1,-1,-1
79,13,1517,598,97,160,1,-1,-1,-1
79,14,1817,576,54,145,1,-1,-1,-1
79,15,1000,588,69,160,1,-1,-1,-1
79,17,1829,581,120,168,1,-1,-1,-1
80,3,298,590,152,200,1,-1,-1,-1
80,13,1517,597,97,160,1,-1,-1,-1
80,14,1819,578,54,145,1,-1,-1,-1
80,17,1831,585,120,168,1,-1,-1,-1
81,3,296,588,160,204,1,-1,-1,-1
81,13,1517,597,97,160,1,-1,-1,-1
81,14,1819,578,54,145,1,-1,-1,-1
81,17,1832,588,116,160,1,-1,-1,-1
81,20,1488,524,112,232,1,-1,-1,-1
82,3,297,590,160,204,1,-1,-1,-1
82,13,1508,613,92,152,1,-1,-1,-1
82,14,1824,584,54,145,1,-1,-1,-1
82,17,1834,590,116,160,1,-1,-1,-1
82,20,1488,527,112,232,1,-1,-1,-1
83,3,300,592,160,204,1,-1,-1,-1
83,13,1504,619,92,152,1,-1,-1,-1
83,14,1827,588,54,145,1,-1,-1,-1
83,17,1836,593,116,160,1,-1,-1,-1
83,20,1488,532,112,232,1,-1,-1,-1
84,3,302,594,160,204,1,-1,-1,-1
84,13,1501,625,92,152,1,-1,-1,-1
84,14,1829,590,54,145,1,-1,-1,-1
84,17,1838,595,116,160,1,-1,-1,-1
84,20,1487,537,112,232,1,-1,-1,-1
85,3,300,593,168,214,1,-1,-1,-1
85,13,1499,633,92,152,1,-1,-1,-1
85,14,1831,594,54,145,1,-1,-1,-1
85,17,1840,598,116,160,1,-1,-1,-1
85,20,1487,542,112,232,1,-1,-1,-1
86,3,305,599,160,204,1,-1,-1,-1
86,13,1497,637,88,145,1,-1,-1,-1
86,14,1833,596,54,145,1,-1,-1,-1
86,17,1841,601,116,160,1,-1,-1,-1
86,20,1487,545,112,232,1,-1,-1,-1
87,3,307,601,160,204,1,-1,-1,-1
87,13,1495,641,88,145,1,-1,-1,-1
87,14,1835,598,54,145,1,-1,-1,-1
87,17,1843,603,116,160,1,-1,-1,-1
87,20,1487,547,112,232,1,-1,-1,-1
88,3,308,603,160,204,1,-1,-1,-1
88,13,1491,642,88,145,1,-1,-1,-1
88,14,1836,600,54,145,1,-1,-1,-1
88,17,1845,605,116,160,1,-1,-1,-1
88,20,1487,543,118,244,1,-1,-1,-1
89,3,308,596,160,216,1,-1,-1,-1
89,13,1484,640,76,136,1,-1,-1,-1
89,14,1836,600,54,145,1,-1,-1,-1
89,17,1845,605,116,160,1,-1,-1,-1
89,20,1487,543,118,244,1,-1,-1,-1
89,21,1564,544,120,176,1,-1,-1,-1
90,3,309,597,160,216,1,-1,-1,-1
90,13,1484,639,76,136,1,-1,-1,-1
90,14,1838,603,54,145,1,-1,-1,-1
90,17,1847,608,116,160,1,-1,-1,-1
90,20,1486,539,123,256,1,-1,-1,-1
90,21,1565,545,120,176,1,-1,-1,-1
91,3,310,599,160,216,1,-1,-1,-1
91,13,1484,639,76,136,1,-1,-1,-1
91,14,1839,604,54,145,1,-1,-1,-1
91,17,1846,610,116,160,1,-1,-1,-1
91,20,1489,544,118,244,1,-1,-1,-1
91,21,1566,547,120,176,1,-1,-1,-1
92,3,311,600,160,216,1,-1,-1,-1
92,13,1483,639,76,136,1,-1,-1,-1
92,14,1840,606,54,145,1,-1,-1,-1
92,17,1847,611,116,160,1,-1,-1,-1
92,20,1488,542,123,256,1,-1,-1,-1
92,21,1569,553,114,168,1,-1,-1,-1
93,3,311,601,160,216,1,-1,-1,-1
93,13,1483,640,76,136,1,-1,-1,-1
93,14,1840,608,54,145,1,-1,-1,-1
93,17,1847,613,116,160,1,-1,-1,-1
93,20,1490,541,123,256,1,-1,-1,-1
93,21,1570,553,114,168,1,-1,-1,-1
94,3,311,602,160,216,1,-1,-1,-1
94,13,1480,641,76,136,1,-1,-1,-1
94,14,1840,609,54,145,1,-1,-1,-1
94,17,1846,614,116,160,1,-1,-1,-1
94,20,1491,543,130,269,1,-1,-1,-1
94,21,1571,555,114,168,1,-1,-1,-1
95,3,310,602,160,216,1,-1,-1,-1
95,13,1473,640,76,136,1,-1,-1,-1
95,14,1840,611,54,145,1,-1,-1,-1
95,17,1846,615,116,160,1,-1,-1,-1
95,20,1497,546,123,256,1,-1,-1,-1
95,21,1571,556,114,168,1,-1,-1,-1
96,3,310,603,160,216,1,-1,-1,-1
96,13,1466,643,72,130,1,-1,-1,-1
96,14,1839,612,54,145,1,-1,-1,-1
96,17,1846,616,116,160,1,-1,-1,-1
96,20,1497,549,123,256,1,-1,-1,-1
96,21,1567,553,120,176,1,-1,-1,-1
97,3,312,616,156,212,1,-1,-1,-1
97,13,1468,640,68,148,1,-1,-1,-1
97,14,1839,612,54,145,1,-1,-1,-1
97,17,1846,616,116,160,1,-1,-1,-1
97,20,1497,549,123,256,1,-1,-1,-1
97,21,1572,560,120,180,1,-1,-1,-1
98,3,312,616,156,212,1,-1,-1,-1
98,13,1466,640,68,148,1,-1,-1,-1
98,14,1838,615,54,145,1,-1,-1,-1
98,17,1842,614,122,168,1,-1,-1,-1
98,20,1498,548,123,256,1,-1,-1,-1
98,21,1573,560,120,180,1,-1,-1,-1
99,3,313,616,156,212,1,-1,-1,-1
99,13,1464,640,68,148,1,-1,-1,-1
99,14,1836,615,54,145,1,-1,-1,-1
99,17,1841,615,122,168,1,-1,-1,-1
99,20,1500,550,123,256,1,-1,-1,-1
99,21,1572,561,120,180,1,-1,-1,-1
100,3,313,617,156,212,1,-1,-1,-1
100,13,1462,639,68,148,1,-1,-1,-1
100,14,1835,616,54,145,1,-1,-1,-1
100,17,1839,617,122,168,1,-1,-1,-1
100,20,1500,549,123,256,1,-1,-1,-1
100,21,1573,562,120,180,1,-1,-1,-1
101,3,313,618,156,212,1,-1,-1,-1
101,13,1459,638,68,148,1,-1,-1,-1
101,14,1834,616,54,145,1,-1,-1,-1
101,17,1841,621,116,160,1,-1,-1,-1
101,20,1502,549,123,256,1,-1,-1,-1
101,21,1574,562,120,180,1,-1,-1,-1
102,3,313,618,156,212,1,-1,-1,-1
102,13,1456,641,68,148,1,-1,-1,-1
102,14,1832,617,54,145,1,-1,-1,-1
102,17,1840,621,116,160,1,-1,-1,-1
102,20,1505,552,118,244,1,-1,-1,-1
102,21,1573,562,120,180,1,-1,-1,-1
103,3,312,618,156,212,1,-1,-1,-1
103,13,1452,651,68,148,1,-1,-1,-1
103,14,1831,617,54,145,1,-1,-1,-1
103,17,1839,623,116,160,1,-1,-1,-1
103,20,1507,557,112,232,1,-1,-1,-1
103,21,1572,563,120,180,1,-1,-1,-1
104,3,311,618,156,212,1,-1,-1,-1
104,13,1452,657,65,141,1,-1,-1,-1
104,14,1830,618,54,145,1,-1,-1,-1
104,17,1838,624,116,160,1,-1,-1,-1
104,20,1508,557,112,232,1,-1,-1,-1
104,21,1572,564,120,180,1,-1,-1,-1
105,3,312,620,160,208,1,-1,-1,-1
105,13,1452,632,68,156,1,-1,-1,-1
105,14,1830,618,54,145,1,-1,-1,-1
105,17,1832,628,128,176,1,-1,-1,-1
105,20,1508,557,112,232,1,-1,-1,-1
105,21,1568,560,116,180,1,-1,-1,-1
105,22,876,592,64,156,1,-1,-1,-1
105,23,1004,552,56,132,1,-1,-1,-1
106,3,312,620,160,208,1,-1,-1,-1
106,13,1451,631,68,156,1,-1,-1,-1
106,14,1827,620,54,145,1,-1,-1,-1
106,17,1831,628,128,176,1,-1,-1,-1
106,20,1507,556,112,232,1,-1,-1,-1
106,21,1567,560,116,180,1,-1,-1,-1
106,22,874,595,64,156,1,-1,-1,-1
106,23,1006,553,56,132,1,-1,-1,-1
107,3,313,621,160,208,1,-1,-1,-1
107,13,1450,632,68,156,1,-1,-1,-1
107,14,1824,617,57,152,1,-1,-1,-1
107,17,1829,628,128,176,1,-1,-1,-1
107,20,1506,555,112,232,1,-1,-1,-1
107,21,1567,560,116,180,1,-1,-1,-1
107,22,872,599,64,156,1,-1,-1,-1
107,23,1010,555,56,132,1,-1,-1,-1
108,3,313,622,160,208,1,-1,-1,-1
108,13,1449,632,68,156,1,-1,-1,-1
108,14,1823,619,57,152,1,-1,-1,-1
108,17,1828,628,128,176,1,-1,-1,-1
108,20,1505,558,112,232,1,-1,-1,-1
108,21,1567,561,116,180,1,-1,-1,-1
108,22,870,597,64,156,1,-1,-1,-1
108,23,1014,558,56,132,1,-1,-1,-1
109,3,312,623,160,208,1,-1,-1,-1
109,13,1445,625,71,164,1,-1,-1,-1
109,14,1821,619,57,152,1,-1,-1,-1
109,17,1827,630,128,176,1,-1,-1,-1
109,20,1504,560,112,232,1,-1,-1,-1
109,21,1566,561,116,180,1,-1,-1,-1
110,3,312,622,160,208,1,-1,-1,-1
110,13,1441,622,71,164,1,-1,-1,-1
110,14,1819,619,57,152,1,-1,-1,-1
110,17,1827,630,128,176,1,-1,-1,-1
110,20,1503,559,112,232,1,-1,-1,-1
110,21,1566,561,116,180,1,-1,-1,-1
111,3,310,622,160,208,1,-1,-1,-1
111,13,1437,621,71,164,1,-1,-1,-1
111,14,1816,621,57,152,1,-1,-1,-1
111,17,1825,631,128,176,1,-1,-1,-1
111,20,1502,559,112,232,1,-1,-1,-1
111,21,1566,562,116,180,1,-1,-1,-1
112,3,310,622,160,208,1,-1,-1,-1
112,13,1434,619,71,164,1,-1,-1,-1
112,14,1814,622,57,152,1,-1,-1,-1
112,17,1823,632,128,176,1,-1,-1,-1
112,20,1502,559,112,232,1,-1,-1,-1
112,21,1566,562,116,180,1,-1,-1,-1
113,3,312,620,160,208,1,-1,-1,-1
113,13,1424,628,92,160,1,-1,-1,-1
113,14,1814,622,57,152,1,-1,-1,-1
113,17,1816,632,108,168,1,-1,-1,-1
113,20,1502,559,112,232,1,-1,-1,-1
113,21,1564,564,112,176,1,-1,-1,-1
113,24,1036,540,56,120,1,-1,-1,-1
113,25,868,584,52,156,1,-1,-1,-1
114,3,311,620,160,208,1,-1,-1,-1
114,13,1422,630,92,160,1,-1,-1,-1
114,14,1807,623,57,152,1,-1,-1,-1
114,17,1814,632,108,168,1,-1,-1,-1
114,20,1501,561,112,232,1,-1,-1,-1
114,21,1563,564,112,176,1,-1,-1,-1
114,24,1038,539,56,120,1,-1,-1,-1
114,25,867,584,52,156,1,-1,-1,-1
115,3,310,620,160,208,1,-1,-1,-1
115,13,1418,632,92,160,1,-1,-1,-1
115,14,1805,624,57,152,1,-1,-1,-1
115,17,1813,632,108,168,1,-1,-1,-1
115,20,1501,560,112,232,1,-1,-1,-1
115,21,1563,565,112,176,1,-1,-1,-1
115,24,1040,534,59,126,1,-1,-1,-1
115,25,865,584,52,156,1,-1,-1,-1
116,3,311,620,160,208,1,-1,-1,-1
116,13,1413,630,92,160,1,-1,-1,-1
116,14,1802,623,57,152,1,-1,-1,-1
116,17,1811,631,108,168,1,-1,-1,-1
116,20,1500,561,112,232,1,-1,-1,-1
116,21,1564,565,112,176,1,-1,-1,-1
116,24,1045,533,56,120,1,-1,-1,-1
116,25,864,578,55,164,1,-1,-1,-1
117,3,311,620,160,208,1,-1,-1,-1
117,13,1405,625,97,168,1,-1,-1,-1
117,14,1799,622,57,152,1,-1,-1,-1
117,17,1807,628,113,176,1,-1,-1,-1
117,20,1500,561,112,232,1,-1,-1,-1
117,21,1564,565,112,176,1,-1,-1,-1
117,24,1049,531,56,120,1,-1,-1,-1
117,25,864,583,52,156,1,-1,-1,-1
118,3,310,620,160,208,1,-1,-1,-1
118,13,1402,625,97,168,1,-1,-1,-1
118,14,1796,623,57,152,1,-1,-1,-1
118,17,1803,628,113,176,1,-1,-1,-1
118,20,1500,561,112,232,1,-1,-1,-1
118,21,1562,565,112,176,1,-1,-1,-1
118,24,1052,532,56,120,1,-1,-1,-1
118,25,864,588,50,149,1,-1,-1,-1
119,3,309,620,160,208,1,-1,-1,-1
119,13,1400,623,97,168,1,-1,-1,-1
119,14,1793,622,57,152,1,-1,-1,-1
119,17,1802,628,113,176,1,-1,-1,-1
119,20,1499,562,112,232,1,-1,-1,-1
119,21,1562,565,112,176,1,-1,-1,-1
120,3,308,620,160,208,1,-1,-1,-1
120,13,1396,624,97,168,1,-1,-1,-1
120,14,1792,622,57,152,1,-1,-1,-1
120,17,1800,629,113,176,1,-1,-1,-1
120,20,1498,564,112,232,1,-1,-1,-1
120,21,1561,566,112,176,1,-1,-1,-1
121,3,304,620,160,208,1,-1,-1,-1
121,13,1380,636,84,148,1,-1,-1,-1
121,14,1792,622,57,152,1,-1,-1,-1
121,17,1800,628,108,176,1,-1,-1,-1
121,20,1498,564,112,232,1,-1,-1,-1
121,21,1560,564,108,180,1,-1,-1,-1
121,26,876,572,72,168,1,-1,-1,-1
122,3,303,622,160,208,1,-1,-1,-1
122,13,1378,637,84,148,1,-1,-1,-1
122,14,1784,622,57,152,1,-1,-1,-1
122,17,1796,624,113,185,1,-1,-1,-1
122,20,1497,560,112,232,1,-1,-1,-1
122,21,1560,563,108,180,1,-1,-1,-1
122,26,877,573,72,168,1,-1,-1,-1
123,3,305,627,152,198,1,-1,-1,-1
123,13,1374,637,84,148,1,-1,-1,-1
123,14,1783,623,57,152,1,-1,-1,-1
123,17,1795,624,113,185,1,-1,-1,-1
123,20,1494,560,112,232,1,-1,-1,-1
123,21,1559,564,108,180,1,-1,-1,-1
123,26,878,575,72,168,1,-1,-1,-1
124,3,308,631,145,189,1,-1,-1,-1
124,13,1371,640,84,148,1,-1,-1,-1
124,14,1780,623,57,152,1,-1,-1,-1
124,17,1793,625,113,185,1,-1,-1,-1
124,20,1493,561,112,232,1,-1,-1,-1
124,21,1557,564,108,180,1,-1,-1,-1
124,26,877,578,72,168,1,-1,-1,-1
125,3,307,633,145,189,1,-1,-1,-1
125,13,1367,643,84,148,1,-1,-1,-1
125,14,1778,622,57,152,1,-1,-1,-1
125,17,1791,625,113,185,1,-1,-1,-1
125,20,1493,563,112,232,1,-1,-1,-1
125,21,1555,565,108,180,1,-1,-1,-1
125,26,877,576,72,168,1,-1,-1,-1
126,3,306,634,145,189,1,-1,-1,-1
126,13,1363,646,84,148,1,-1,-1,-1
126,14,1776,624,57,152,1,-1,-1,-1
126,17,1792,629,108,176,1,-1,-1,-1
126,20,1491,564,112,232,1,-1,-1,-1
126,21,1555,566,108,180,1,-1,-1,-1
126,26,880,579,69,160,1,-1,-1,-1
127,3,303,634,145,189,1,-1,-1,-1
127,13,1362,646,84,148,1,-1,-1,-1
127,14,1774,624,57,152,1,-1,-1,-1
127,17,1790,629,108,176,1,-1,-1,-1
127,20,1490,562,112,232,1,-1,-1,-1
127,21,1553,566,108,180,1,-1,-1,-1
128,3,303,633,145,189,1,-1,-1,-1
128,13,1361,646,84,148,1,-1,-1,-1
128,14,1774,623,57,152,1,-1,-1,-1
128,17,1792,634,103,168,1,-1,-1,-1
128,20,1489,564,112,232,1,-1,-1,-1
128,21,1553,567,108,180,1,-1,-1,-1
129,3,292,620,164,212,1,-1,-1,-1
129,13,1356,628,76,148,1,-1,-1,-1
129,14,1774,623,57,152,1,-1,-1,-1
129,17,1780,632,116,192,1,-1,-1,-1
129,20,1489,564,112,232,1,-1,-1,-1
129,21,1548,568,108,180,1,-1,-1,-1
129,27,924,552,64,132,1,-1,-1,-1
130,3,291,620,164,212,1,-1,-1,-1
130,13,1355,627,76,148,1,-1,-1,-1
130,14,1771,624,57,152,1,-1,-1,-1
130,17,1780,632,116,192,1,-1,-1,-1
130,20,1488,563,112,232,1,-1,-1,-1
130,21,1547,567,108,180,1,-1,-1,-1
130,27,925,553,64,132,1,-1,-1,-1
131,3,289,620,164,212,1,-1,-1,-1
131,13,1353,627,76,148,1,-1,-1,-1
131,14,1770,624,57,152,1,-1,-1,-1
131,17,1779,632,116,192,1,-1,-1,-1
131,20,1487,563,112,232,1,-1,-1,-1
131,21,1546,566,108,180,1,-1,-1,-1
131,27,927,553,64,132,1,-1,-1,-1
132,3,288,621,164,212,1,-1,-1,-1
132,13,1348,623,80,155,1,-1,-1,-1
132,14,1768,625,57,152,1,-1,-1,-1
132,17,1776,633,116,192,1,-1,-1,-1
132,20,1485,563,112,232,1,-1,-1,-1
132,21,1544,568,108,180,1,-1,-1,-1
132,27,928,550,64,132,1,-1,-1,-1
133,3,287,621,164,212,1,-1,-1,-1
133,13,1346,622,80,155,1,-1,-1,-1
133,14,1766,625,57,152,1,-1,-1,-1
133,17,1776,632,116,192,1,-1,-1,-1
133,20,1484,564,112,232,1,-1,-1,-1
133,21,1543,569,108,180,1,-1,-1,-1
133,27,929,548,64,132,1,-1,-1,-1
134,3,285,621,164,212,1,-1,-1,-1
134,13,1342,622,80,155,1,-1,-1,-1
134,14,1765,625,57,152,1,-1,-1,-1
134,17,1775,632,116,192,1,-1,-1,-1
134,20,1485,568,107,221,1,-1,-1,-1
134,21,1543,569,108,180,1,-1,-1,-1
135,3,284,622,164,212,1,-1,-1,-1
135,13,1338,621,80,155,1,-1,-1,-1
135,14,1764,626,57,152,1,-1,-1,-1
135,17,1776,637,110,183,1,-1,-1,-1
135,20,1483,570,107,221,1,-1,-1,-1
135,21,1541,570,108,180,1,-1,-1,-1
136,3,283,622,164,212,1,-1,-1,-1
136,13,1336,620,80,155,1,-1,-1,-1
136,14,1763,626,57,152,1,-1,-1,-1
136,17,1775,637,110,183,1,-1,-1,-1
136,20,1482,568,107,221,1,-1,-1,-1
136,21,1541,570,108,180,1,-1,-1,-1
137,3,280,632,160,200,1,-1,-1,-1
137,13,1324,648,88,140,1,-1,-1,-1
137,14,1763,626,57,152,1,-1,-1,-1
137,17,1764,640,124,160,1,-1,-1,-1
137,20,1482,568,107,221,1,-1,-1,-1
137,21,1540,580,112,172,1,-1,-1,-1
138,3,262,627,160,200,1,-1,-1,-1
138,13,1314,643,88,140,1,-1,-1,-1
138,14,1762,624,57,152,1,-1,-1,-1
138,17,1761,635,124,160,1,-1,-1,-1
138,20,1477,562,112,232,1,-1,-1,-1
138,21,1535,576,112,172,1,-1,-1,-1
139,3,255,628,160,200,1,-1,-1,-1
139,13,1315,642,88,140,1,-1,-1,-1
139,14,1768,623,57,152,1,-1,-1,-1
139,17,1770,635,124,160,1,-1,-1,-1
139,20,1478,561,112,232,1,-1,-1,-1
139,21,1540,574,112,172,1,-1,-1,-1
140,3,248,630,160,200,1,-1,-1,-1
140,13,1317,642,88,140,1,-1,-1,-1
140,14,1780,624,57,152,1,-1,-1,-1
140,17,1783,636,124,160,1,-1,-1,-1
140,20,1483,563,112,232,1,-1,-1,-1
140,21,1551,576,112,172,1,-1,-1,-1
141,3,230,633,160,200,1,-1,-1,-1
141,13,1323,646,84,133,1,-1,-1,-1
141,14,1794,626,57,152,1,-1,-1,-1
141,17,1798,639,124,160,1,-1,-1,-1
141,20,1494,565,112,232,1,-1,-1,-1
141,21,1561,578,112,172,1,-1,-1,-1
142,3,213,635,160,200,1,-1,-1,-1
142,13,1324,646,84,133,1,-1,-1,-1
142,14,1807,628,57,152,1,-1,-1,-1
142,17,1812,641,124,160,1,-1,-1,-1
142,20,1501,565,112,232,1,-1,-1,-1
142,21,1568,578,112,172,1,-1,-1,-1
143,3,201,639,160,200,1,-1,-1,-1
143,13,1328,652,80,127,1,-1,-1,-1
143,14,1820,630,57,152,1,-1,-1,-1
143,17,1825,643,124,160,1,-1,-1,-1
143,20,1508,561,118,244,1,-1,-1,-1
143,21,1580,580,112,172,1,-1,-1,-1
144,3,183,643,160,200,1,-1,-1,-1
144,13,1330,655,80,127,1,-1,-1,-1
144,14,1832,632,57,152,1,-1,-1,-1
144,17,1836,645,124,160,1,-1,-1,-1
144,20,1512,562,118,244,1,-1,-1,-1
144,21,1586,583,112,172,1,-1,-1,-1
145,3,164,624,180,236,1,-1,-1,-1
145,13,1332,632,88,172,1,-1,-1,-1
145,14,1832,632,57,152,1,-1,-1,-1
145,17,1856,636,128,192,1,-1,-1,-1
145,20,1512,562,118,244,1,-1,-1,-1
145,21,1596,564,120,200,1,-1,-1,-1
145,28,884,540,88,172,1,-1,-1,-1
146,3,144,627,180,236,1,-1,-1,-1
146,13,1333,633,88,172,1,-1,-1,-1
146,14,1851,628,60,160,1,-1,-1,-1
146,17,1868,636,128,192,1,-1,-1,-1
146,20,1529,561,118,244,1,-1,-1,-1
146,21,1601,564,120,200,1,-1,-1,-1
146,28,883,536,88,172,1,-1,-1,-1
147,3,125,628,180,236,1,-1,-1,-1
147,13,1333,634,88,172,1,-1,-1,-1
147,14,1866,629,60,160,1,-1,-1,-1
147,17,1880,637,128,192,1,-1,-1,-1
147,20,1529,556,123,256,1,-1,-1,-1
147,21,1609,565,120,200,1,-1,-1,-1
147,28,883,534,88,172,1,-1,-1,-1
148,3,104,627,180,236,1,-1,-1,-1
148,13,1333,633,88,172,1,-1,-1,-1
148,14,1877,624,63,168,1,-1,-1,-1
148,17,1893,636,128,192,1,-1,-1,-1
148,20,1536,554,123,256,1,-1,-1,-1
148,21,1615,563,120,200,1,-1,-1,-1
148,28,880,531,88,172,1,-1,-1,-1
149,3,88,626,180,236,1,-1,-1,-1
149,13,1334,632,88,172,1,-1,-1,-1
149,14,1889,624,63,168,1,-1,-1,-1
149,17,1904,637,128,192,1,-1,-1,-1
149,20,1543,553,123,256,1,-1,-1,-1
149,21,1622,561,120,200,1,-1,-1,-1
149,28,878,524,88,172,1,-1,-1,-1
150,3,66,626,180,236,1,-1,-1,-1
150,13,1333,631,88,172,1,-1,-1,-1
150,14,1900,624,63,168,1,-1,-1,-1
150,17,1911,633,134,202,1,-1,-1,-1
150,20,1545,545,130,269,1,-1,-1,-1
150,21,1625,555,126,210,1,-1,-1,-1
150,28,875,524,88,172,1,-1,-1,-1
151,3,43,626,180,236,1,-1,-1,-1
151,13,1331,631,88,172,1,-1,-1,-1
151,14,1904,619,66,176,1,-1,-1,-1
151,17,1922,631,134,202,1,-1,-1,-1
151,20,1549,544,130,269,1,-1,-1,-1
151,21,1629,554,126,210,1,-1,-1,-1
151,28,871,520,88,172,1,-1,-1,-1
152,3,18,619,189,248,1,-1,-1,-1
152,13,1331,628,88,172,1,-1,-1,-1
152,14,1917,613,69,185,1,-1,-1,-1
152,17,1934,625,141,212,1,-1,-1,-1
152,20,1552,535,136,282,1,-1,-1,-1
152,21,1637,553,126,210,1,-1,-1,-1
153,3,18,619,189,248,1,-1,-1,-1
153,13,1308,612,100,196,1,-1,-1,-1
153,14,1917,613,69,185,1,-1,-1,-1
153,17,1928,608,156,224,1,-1,-1,-1
153,20,1552,535,136,282,1,-1,-1,-1
153,21,1632,532,144,244,1,-1,-1,-1
154,3,-27,616,189,248,1,-1,-1,-1
154,13,1308,609,100,196,1,-1,-1,-1
154,14,1932,606,69,185,1,-1,-1,-1
154,17,1938,606,156,224,1,-1,-1,-1
154,20,1555,529,136,282,1,-1,-1,-1
154,21,1637,529,144,244,1,-1,-1,-1
155,3,-46,616,189,248,1,-1,-1,-1
155,13,1311,608,100,196,1,-1,-1,-1
155,14,1947,605,69,185,1,-1,-1,-1
155,17,1956,606,156,224,1,-1,-1,-1
155,20,1565,527,136,282,1,-1,-1,-1
155,21,1648,528,144,244,1,-1,-1,-1
156,3,-73,613,189,248,1,-1,-1,-1
156,13,1309,602,100,196,1,-1,-1,-1
156,14,1952,600,69,185,1,-1,-1,-1
156,17,1961,602,156,224,1,-1,-1,-1
156,20,1563,515,143,296,1,-1,-1,-1
156,21,1649,523,144,244,1,-1,-1,-1
157,3,-91,616,189,248,1,-1,-1,-1
157,13,1309,599,100,196,1,-1,-1,-1
157,14,1966,599,69,185,1,-1,-1,-1
157,17,1977,601,156,224,1,-1,-1,-1
157,20,1565,506,150,311,1,-1,-1,-1
157,21,1659,522,144,244,1,-1,-1,-1
158,3,-115,606,198,260,1,-1,-1,-1
158,13,1308,594,105,206,1,-1,-1,-1
158,14,1979,595,73,194,1,-1,-1,-1
158,17,1989,595,164,235,1,-1,-1,-1
158,20,1571,505,150,311,1,-1,-1,-1
158,21,1663,514,151,256,1,-1,-1,-1
159,13,1309,591,105,206,1,-1,-1,-1
159,14,1992,593,73,194,1,-1,-1,-1
159,17,1997,589,172,247,1,-1,-1,-1
159,20,1573,496,158,326,1,-1,-1,-1
159,21,1671,510,151,256,1,-1,-1,-1
160,13,1308,587,110,216,1,-1,-1,-1
160,14,2006,588,77,204,1,-1,-1,-1
160,17,2016,589,172,247,1,-1,-1,-1
160,20,1579,488,165,343,1,-1,-1,-1
160,21,1681,504,159,269,1,-1,-1,-1
161,13,1296,584,124,236,1,-1,-1,-1
161,17,2020,584,184,264,1,-1,-1,-1
161,20,1579,488,165,343,1,-1,-1,-1
161,21,1688,492,160,272,1,-1,-1,-1
162,13,1291,581,124,236,1,-1,-1,-1
162,17,2023,580,184,264,1,-1,-1,-1
162,20,1583,485,165,343,1,-1,-1,-1
162,21,1688,488,160,272,1,-1,-1,-1
163,13,1287,578,124,236,1,-1,-1,-1
163,17,2025,577,184,264,1,-1,-1,-1
163,20,1585,479,165,343,1,-1,-1,-1
163,21,1687,484,160,272,1,-1,-1,-1
164,13,1277,572,130,248,1,-1,-1,-1
164,17,2023,574,184,264,1,-1,-1,-1
164,20,1583,477,165,343,1,-1,-1,-1
164,21,1683,482,160,272,1,-1,-1,-1
165,13,1273,570,130,248,1,-1,-1,-1
165,17,2021,572,184,264,1,-1,-1,-1
165,20,1579,475,165,343,1,-1,-1,-1
165,21,1678,480,160,272,1,-1,-1,-1
166,13,1269,568,130,248,1,-1,-1,-1
166,17,2016,570,184,264,1,-1,-1,-1
166,20,1575,473,165,343,1,-1,-1,-1
166,21,1675,478,160,272,1,-1,-1,-1
167,13,1265,564,130,248,1,-1,-1,-1
167,17,2013,567,184,264,1,-1,-1,-1
167,20,1573,469,165,343,1,-1,-1,-1
167,21,1672,477,160,272,1,-1,-1,-1
168,13,1265,570,124,236,1,-1,-1,-1
168,17,2010,565,184,264,1,-1,-1,-1
168,20,1570,468,165,343,1,-1,-1,-1
168,21,1669,475,160,272,1,-1,-1,-1
169,13,1252,568,128,240,1,-1,-1,-1
169,17,2008,568,176,268,1,-1,-1,-1
169,20,1570,468,165,343,1,-1,-1,-1
169,21,1664,468,168,268,1,-1,-1,-1
169,29,792,320,140,312,1,-1,-1,-1
170,13,1249,567,128,240,1,-1,-1,-1
170,17,2007,568,176,268,1,-1,-1,-1
170,20,1566,466,165,343,1,-1,-1,-1
170,21,1663,466,168,268,1,-1,-1,-1
170,29,789,318,140,312,1,-1,-1,-1
171,13,1247,567,128,240,1,-1,-1,-1
171,17,2004,567,176,268,1,-1,-1,-1
171,20,1562,464,165,343,1,-1,-1,-1
171,21,1661,466,168,268,1,-1,-1,-1
171,29,788,320,140,312,1,-1,-1,-1
172,13,1245,566,128,240,1,-1,-1,-1
172,17,2002,566,176,268,1,-1,-1,-1
172,20,1558,464,165,343,1,-1,-1,-1
172,21,1659,466,168,268,1,-1,-1,-1
172,29,789,316,140,312,1,-1,-1,-1
173,13,1237,559,134,252,1,-1,-1,-1
173,17,2000,567,176,268,1,-1,-1,-1
173,20,1556,463,165,343,1,-1,-1,-1
173,21,1656,466,168,268,1,-1,-1,-1
173,29,789,315,140,312,1,-1,-1,-1
174,13,1234,560,134,252,1,-1,-1,-1
174,17,1996,566,176,268,1,-1,-1,-1
174,20,1554,463,165,343,1,-1,-1,-1
174,21,1651,459,176,281,1,-1,-1,-1
174,29,792,311,140,312,1,-1,-1,-1
175,13,1229,561,134,252,1,-1,-1,-1
175,17,1993,566,176,268,1,-1,-1,-1
175,20,1550,463,165,343,1,-1,-1,-1
175,21,1651,467,168,268,1,-1,-1,-1
175,29,790,309,140,312,1,-1,-1,-1
176,13,1226,561,134,252,1,-1,-1,-1
176,17,1990,567,176,268,1,-1,-1,-1
176,20,1546,465,165,343,1,-1,-1,-1
176,21,1647,467,168,268,1,-1,-1,-1
176,29,788,311,140,312,1,-1,-1,-1
177,13,1216,552,144,252,1,-1,-1,-1
177,17,1980,564,188,268,1,-1,-1,-1
177,20,1546,465,165,343,1,-1,-1,-1
177,21,1640,468,184,264,1,-1,-1,-1
177,29,788,311,140,312,1,-1,-1,-1
178,13,1213,551,144,252,1,-1,-1,-1
178,17,1977,565,188,268,1,-1,-1,-1
178,20,1541,466,165,343,1,-1,-1,-1
178,21,1637,468,184,264,1,-1,-1,-1
179,13,1209,552,144,252,1,-1,-1,-1
179,17,1974,566,188,268,1,-1,-1,-1
179,20,1537,467,165,343,1,-1,-1,-1
179,21,1632,470,184,264,1,-1,-1,-1
180,13,1203,551,144,252,1,-1,-1,-1
180,17,1968,566,188,268,1,-1,-1,-1
180,20,1532,469,165,343,1,-1,-1,-1
180,21,1628,471,184,264,1,-1,-1,-1
181,13,1192,552,144,252,1,-1,-1,-1
181,17,1954,563,197,281,1,-1,-1,-1
181,20,1522,469,165,343,1,-1,-1,-1
181,21,1616,472,184,264,1,-1,-1,-1
182,13,1180,553,144,252,1,-1,-1,-1
182,17,1943,566,197,281,1,-1,-1,-1
182,20,1508,463,174,360,1,-1,-1,-1
182,21,1606,474,184,264,1,-1,-1,-1
183,13,1168,554,144,252,1,-1,-1,-1
183,17,1933,566,197,281,1,-1,-1,-1
183,20,1497,465,174,360,1,-1,-1,-1
183,21,1596,477,184,264,1,-1,-1,-1
184,13,1156,553,144,252,1,-1,-1,-1
184,17,1919,568,197,281,1,-1,-1,-1
184,20,1491,474,165,343,1,-1,-1,-1
184,21,1583,478,184,264,1,-1,-1,-1
185,13,1144,560,136,252,1,-1,-1,-1
185,17,1916,576,180,268,1,-1,-1,-1
185,20,1491,474,165,343,1,-1,-1,-1
185,21,1576,472,172,292,1,-1,-1,-1
185,30,624,336,64,204,1,-1,-1,-1
186,13,1138,565,130,240,1,-1,-1,-1
186,17,1903,571,189,281,1,-1,-1,-1
186,20,1466,479,165,343,1,-1,-1,-1
186,21,1563,468,181,307,1,-1,-1,-1
186,30,620,339,64,204,1,-1,-1,-1
187,13,1128,568,130,240,1,-1,-1,-1
187,17,1893,573,189,281,1,-1,-1,-1
187,20,1457,478,165,343,1,-1,-1,-1
187,21,1555,471,181,307,1,-1,-1,-1
187,30,611,332,67,214,1,-1,-1,-1
188,13,1118,568,130,240,1,-1,-1,-1
188,17,1886,573,189,281,1,-1,-1,-1
188,20,1448,480,165,343,1,-1,-1,-1
188,21,1544,471,181,307,1,-1,-1,-1
189,13,1110,568,130,240,1,-1,-1,-1
189,17,1877,575,189,281,1,-1,-1,-1
189,20,1441,480,165,343,1,-1,-1,-1
189,21,1536,471,181,307,1,-1,-1,-1
190,13,1101,569,130,240,1,-1,-1,-1
190,17,1870,575,189,281,1,-1,-1,-1
190,20,1431,481,165,343,1,-1,-1,-1
190,21,1529,469,181,307,1,-1,-1,-1
191,13,1092,570,130,240,1,-1,-1,-1
191,17,1863,576,189,281,1,-1,-1,-1
191,20,1427,482,165,343,1,-1,-1,-1
191,21,1523,469,181,307,1,-1,-1,-1
192,13,1084,569,130,240,1,-1,-1,-1
192,17,1856,576,189,281,1,-1,-1,-1
192,20,1419,482,165,343,1,-1,-1,-1
192,21,1515,471,181,307,1,-1,-1,-1
193,13,1072,580,136,232,1,-1,-1,-1
193,17,1852,580,180,280,1,-1,-1,-1
193,20,1419,482,165,343,1,-1,-1,-1
193,21,1512,484,168,296,1,-1,-1,-1
193,31,664,356,132,256,1,-1,-1,-1
193,32,520,344,80,196,1,-1,-1,-1
194,13,1068,580,136,232,1,-1,-1,-1
194,17,1848,580,180,280,1,-1,-1,-1
194,20,1409,483,165,343,1,-1,-1,-1
194,21,1507,485,168,296,1,-1,-1,-1
194,31,659,356,132,256,1,-1,-1,-1
194,32,515,349,80,196,1,-1,-1,-1
195,13,1061,581,136,232,1,-1,-1,-1
195,17,1843,580,180,280,1,-1,-1,-1
195,20,1402,484,165,343,1,-1,-1,-1
195,21,1502,485,168,296,1,-1,-1,-1
195,31,653,362,132,256,1,-1,-1,-1
195,32,499,345,84,206,1,-1,-1,-1
196,13,1053,581,136,232,1,-1,-1,-1
196,17,1838,581,180,280,1,-1,-1,-1
196,20,1397,485,165,343,1,-1,-1,-1
196,21,1497,486,168,296,1,-1,-1,-1
196,31,650,364,132,256,1,-1,-1,-1
196,32,493,344,84,206,1,-1,-1,-1
197,13,1044,583,136,232,1,-1,-1,-1
197,17,1831,583,180,280,1,-1,-1,-1
197,20,1388,485,165,343,1,-1,-1,-1
197,21,1492,488,168,296,1,-1,-1,-1
197,31,639,367,132,256,1,-1,-1,-1
198,13,1037,584,136,232,1,-1,-1,-1
198,17,1825,582,180,280,1,-1,-1,-1
198,20,1384,485,165,343,1,-1,-1,-1
198,21,1483,478,176,311,1,-1,-1,-1
199,13,1033,585,136,232,1,-1,-1,-1
199,17,1819,582,180,280,1,-1,-1,-1
199,20,1377,486,165,343,1,-1,-1,-1
199,21,1477,478,176,311,1,-1,-1,-1
200,13,1029,593,130,221,1,-1,-1,-1
200,17,1812,583,180,280,1,-1,-1,-1
200,20,1373,487,165,343,1,-1,-1,-1
200,21,1470,478,176,311,1,-1,-1,-1
201,13,1024,576,112,244,1,-1,-1,-1
201,17,1804,584,184,276,1,-1,-1,-1
201,21,1460,492,164,284,1,-1,-1,-1
201,33,428,348,80,176,1,-1,-1,-1
201,34,608,368,48,188,1,-1,-1,-1
202,13,1018,576,112,244,1,-1,-1,-1
202,17,1799,584,184,276,1,-1,-1,-1
202,21,1455,492,164,284,1,-1,-1,-1
202,33,422,350,80,176,1,-1,-1,-1
202,34,602,361,50,197,1,-1,-1,-1
203,13,1012,576,112,244,1,-1,-1,-1
203,17,1789,576,193,290,1,-1,-1,-1
203,21,1449,493,164,284,1,-1,-1,-1
203,33,417,348,80,176,1,-1,-1,-1
203,34,592,359,53,207,1,-1,-1,-1
204,13,1005,577,112,244,1,-1,-1,-1
204,17,1782,578,193,290,1,-1,-1,-1
204,21,1442,493,164,284,1,-1,-1,-1
204,33,411,348,80,176,1,-1,-1,-1
204,34,588,365,50,197,1,-1,-1,-1
205,13,995,571,118,256,1,-1,-1,-1
205,17,1775,578,193,290,1,-1,-1,-1
205,21,1436,492,164,284,1,-1,-1,-1
206,13,987,571,118,256,1,-1,-1,-1
206,17,1768,578,193,290,1,-1,-1,-1
206,21,1430,491,164,284,1,-1,-1,-1
207,13,980,569,118,256,1,-1,-1,-1
207,17,1767,585,184,276,1,-1,-1,-1
207,21,1424,491,164,284,1,-1,-1,-1
208,13,976,567,118,256,1,-1,-1,-1
208,17,1763,584,184,276,1,-1,-1,-1
208,21,1417,491,164,284,1,-1,-1,-1
209,13,972,560,100,252,1,-1,-1,-1
209,17,1752,584,180,280,1,-1,-1,-1
209,21,1412,488,160,288,1,-1,-1,-1
209,35,360,336,108,180,1,-1,-1,-1
210,13,969,559,100,252,1,-1,-1,-1
210,17,1749,583,180,280,1,-1,-1,-1
210,21,1408,486,160,288,1,-1,-1,-1
210,35,355,336,108,180,1,-1,-1,-1
211,13,965,557,100,252,1,-1,-1,-1
211,17,1746,583,180,280,1,-1,-1,-1
211,21,1404,486,160,288,1,-1,-1,-1
211,35,346,334,108,180,1,-1,-1,-1
212,13,961,556,100,252,1,-1,-1,-1
212,17,1745,589,171,267,1,-1,-1,-1
212,21,1399,484,160,288,1,-1,-1,-1
212,35,338,337,103,171,1,-1,-1,-1
213,13,957,553,100,252,1,-1,-1,-1
213,17,1736,579,180,280,1,-1,-1,-1
213,21,1395,484,160,288,1,-1,-1,-1
213,35,333,333,108,180,1,-1,-1,-1
214,13,952,549,100,252,1,-1,-1,-1
214,17,1733,578,180,280,1,-1,-1,-1
214,21,1389,473,168,302,1,-1,-1,-1
214,35,332,329,108,180,1,-1,-1,-1
215,13,947,546,100,252,1,-1,-1,-1
215,17,1727,575,180,280,1,-1,-1,-1
215,21,1387,474,168,302,1,-1,-1,-1
215,35,329,324,108,180,1,-1,-1,-1
216,13,943,542,100,252,1,-1,-1,-1
216,17,1722,572,180,280,1,-1,-1,-1
216,21,1384,473,168,302,1,-1,-1,-1
216,35,327,321,108,180,1,-1,-1,-1
217,13,932,536,108,256,1,-1,-1,-1
217,17,1716,560,184,272,1,-1,-1,-1
217,21,1372,468,176,276,1,-1,-1,-1
217,35,327,321,108,180,1,-1,-1,-1
217,36,260,320,112,156,1,-1,-1,-1
217,37,540,340,88,220,1,-1,-1,-1
217,38,472,320,64,200,1,-1,-1,-1
218,13,930,533,108,256,1,-1,-1,-1
218,17,1717,564,175,259,1,-1,-1,-1
218,21,1374,472,168,263,1,-1,-1,-1
218,35,324,315,108,180,1,-1,-1,-1
218,36,256,318,112,156,1,-1,-1,-1
218,37,534,338,92,231,1,-1,-1,-1
218,38,470,319,64,200,1,-1,-1,-1
219,13,925,527,108,256,1,-1,-1,-1
219,17,1715,560,175,259,1,-1,-1,-1
219,21,1370,470,168,263,1,-1,-1,-1
219,35,318,314,108,180,1,-1,-1,-1
219,36,250,317,112,156,1,-1,-1,-1
219,37,530,338,92,231,1,-1,-1,-1
219,38,468,309,64,200,1,-1,-1,-1
220,13,921,524,108,256,1,-1,-1,-1
220,17,1710,557,175,259,1,-1,-1,-1
220,21,1366,467,168,263,1,-1,-1,-1
220,35,316,308,108,180,1,-1,-1,-1
220,36,238,310,112,156,1,-1,-1,-1
220,37,527,333,97,243,1,-1,-1,-1
221,13,917,521,108,256,1,-1,-1,-1
221,17,1708,554,175,259,1,-1,-1,-1
221,21,1362,463,168,263,1,-1,-1,-1
221,35,319,304,108,180,1,-1,-1,-1
221,36,230,306,118,164,1,-1,-1,-1
221,37,527,328,97,243,1,-1,-1,-1
222,13,913,518,108,256,1,-1,-1,-1
222,17,1705,550,175,259,1,-1,-1,-1
222,21,1360,461,168,263,1,-1,-1,-1
222,36,215,302,123,172,1,-1,-1,-1
222,37,526,324,92,231,1,-1,-1,-1
223,13,910,516,108,256,1,-1,-1,-1
223,17,1701,546,175,259,1,-1,-1,-1
223,21,1357,457,168,263,1,-1,-1,-1
223,36,209,299,123,172,1,-1,-1,-1
223,37,522,317,92,231,1,-1,-1,-1
224,13,911,513,108,256,1,-1,-1,-1
224,17,1705,541,175,259,1,-1,-1,-1
224,21,1359,451,168,263,1,-1,-1,-1
224,37,519,296,97,243,1,-1,-1,-1
225,13,920,500,88,264,1,-1,-1,-1
225,17,1700,536,184,264,1,-1,-1,-1
225,21,1356,440,168,268,1,-1,-1,-1
225,37,524,320,100,220,1,-1,-1,-1
225,39,184,288,184,172,1,-1,-1,-1
226,13,918,499,88,264,1,-1,-1,-1
226,17,1699,534,184,264,1,-1,-1,-1
226,21,1358,446,160,255,1,-1,-1,-1
226,37,522,317,100,220,1,-1,-1,-1
226,39,180,285,184,172,1,-1,-1,-1
227,13,916,498,88,264,1,-1,-1,-1
227,17,1696,532,184,264,1,-1,-1,-1
227,21,1356,443,160,255,1,-1,-1,-1
227,37,519,313,100,220,1,-1,-1,-1
227,39,176,281,184,172,1,-1,-1,-1
228,13,913,497,88,264,1,-1,-1,-1
228,17,1694,530,184,264,1,-1,-1,-1
228,21,1353,441,160,255,1,-1,-1,-1
228,37,515,307,100,220,1,-1,-1,-1
228,39,173,277,184,172,1,-1,-1,-1
229,13,911,495,88,264,1,-1,-1,-1
229,17,1693,528,184,264,1,-1,-1,-1
229,21,1351,440,160,255,1,-1,-1,-1
229,37,512,305,100,220,1,-1,-1,-1
229,39,169,274,184,172,1,-1,-1,-1
230,13,909,494,88,264,1,-1,-1,-1
230,17,1691,526,184,264,1,-1,-1,-1
230,21,1347,432,168,268,1,-1,-1,-1
230,37,509,307,100,220,1,-1,-1,-1
230,39,165,271,184,172,1,-1,-1,-1
231,13,906,492,88,264,1,-1,-1,-1
231,17,1690,524,184,264,1,-1,-1,-1
231,21,1346,429,168,268,1,-1,-1,-1
231,37,508,309,100,220,1,-1,-1,-1
231,39,162,270,184,172,1,-1,-1,-1
232,13,905,490,88,264,1,-1,-1,-1
232,17,1688,524,184,264,1,-1,-1,-1
232,21,1346,428,168,268,1,-1,-1,-1
232,37,507,311,100,220,1,-1,-1,-1
232,39,163,270,184,172,1,-1,-1,-1
233,13,896,488,96,268,1,-1,-1,-1
233,17,1688,524,188,264,1,-1,-1,-1
233,21,1352,424,160,280,1,-1,-1,-1
233,37,460,308,148,208,1,-1,-1,-1
233,39,132,268,204,184,1,-1,-1,-1
233,40,384,304,88,164,1,-1,-1,-1
234,13,896,487,96,268,1,-1,-1,-1
234,17,1688,523,188,264,1,-1,-1,-1
234,21,1352,422,160,280,1,-1,-1,-1
234,37,458,306,148,208,1,-1,-1,-1
234,39,131,267,204,184,1,-1,-1,-1
234,40,382,301,88,164,1,-1,-1,-1
235,13,895,487,96,268,1,-1,-1,-1
235,17,1686,523,188,264,1,-1,-1,-1
235,21,1352,422,160,280,1,-1,-1,-1
235,37,456,303,148,208,1,-1,-1,-1
235,39,130,266,204,184,1,-1,-1,-1
235,40,381,297,88,164,1,-1,-1,-1
236,13,895,487,96,268,1,-1,-1,-1
236,17,1684,522,188,264,1,-1,-1,-1
236,21,1353,421,160,280,1,-1,-1,-1
236,37,454,301,148,208,1,-1,-1,-1
236,39,130,263,204,184,1,-1,-1,-1
236,40,378,291,88,164,1,-1,-1,-1
237,13,897,486,96,268,1,-1,-1,-1
237,17,1687,520,188,264,1,-1,-1,-1
237,21,1359,425,152,267,1,-1,-1,-1
237,37,453,298,148,208,1,-1,-1,-1
237,39,133,262,204,184,1,-1,-1,-1
237,40,377,288,88,164,1,-1,-1,-1
238,13,904,483,96,268,1,-1,-1,-1
238,17,1693,519,188,264,1,-1,-1,-1
238,21,1364,424,152,267,1,-1,-1,-1
238,37,457,295,148,208,1,-1,-1,-1
238,39,140,261,204,184,1,-1,-1,-1
238,40,381,286,88,164,1,-1,-1,-1
239,13,910,484,96,268,1,-1,-1,-1
239,17,1702,518,188,264,1,-1,-1,-1
239,21,1373,423,152,267,1,-1,-1,-1
239,37,462,292,148,208,1,-1,-1,-1
239,39,148,259,204,184,1,-1,-1,-1
239,40,384,286,88,164,1,-1,-1,-1
240,13,921,484,96,268,1,-1,-1,-1
240,17,1710,517,188,264,1,-1,-1,-1
240,21,1384,423,152,267,1,-1,-1,-1
240,37,468,290,148,208,1,-1,-1,-1
240,39,158,258,204,184,1,-1,-1,-1
240,40,391,285,88,164,1,-1,-1,-1
241,13,928,500,108,248,1,-1,-1,-1
241,17,1712,512,208,256,1,-1,-1,-1
241,21,1388,408,168,272,1,-1,-1,-1
241,37,484,276,140,232,1,-1,-1,-1
241,39,188,248,180,188,1,-1,-1,-1
241,40,391,285,88,164,1,-1,-1,-1
242,13,937,499,108,248,1,-1,-1,-1
242,17,1721,511,208,256,1,-1,-1,-1
242,21,1400,414,160,259,1,-1,-1,-1
242,37,490,275,140,232,1,-1,-1,-1
242,39,198,247,180,188,1,-1,-1,-1
242,40,410,288,88,164,1,-1,-1,-1
243,13,949,499,108,248,1,-1,-1,-1
243,17,1731,511,208,256,1,-1,-1,-1
243,21,1413,412,160,259,1,-1,-1,-1
243,37,502,281,133,221,1,-1,-1,-1
243,39,209,245,180,188,1,-1,-1,-1
243,40,424,287,88,164,1,-1,-1,-1
244,13,961,499,108,248,1,-1,-1,-1
244,17,1741,511,208,256,1,-1,-1,-1
244,21,1422,413,160,259,1,-1,-1,-1
244,37,511,281,133,221,1,-1,-1,-1
244,39,219,245,180,188,1,-1,-1,-1
244,40,431,285,88,164,1,-1,-1,-1
245,13,970,497,108,248,1,-1,-1,-1
245,17,1754,517,198,244,1,-1,-1,-1
245,21,1433,413,160,259,1,-1,-1,-1
245,37,520,280,133,221,1,-1,-1,-1
245,39,230,245,180,188,1,-1,-1,-1
245,40,437,284,88,164,1,-1,-1,-1
246,13,982,497,108,248,1,-1,-1,-1
246,17,1769,522,189,232,1,-1,-1,-1
246,21,1446,411,160,259,1,-1,-1,-1
246,37,531,281,133,221,1,-1,-1,-1
246,39,242,244,180,188,1,-1,-1,-1
246,40,450,281,88,164,1,-1,-1,-1
247,13,990,493,108,248,1,-1,-1,-1
247,17,1780,523,189,232,1,-1,-1,-1
247,21,1455,410,160,259,1,-1,-1,-1
247,37,541,279,133,221,1,-1,-1,-1
247,39,252,242,180,188,1,-1,-1,-1
247,40,457,277,88,164,1,-1,-1,-1
248,13,997,488,113,260,1,-1,-1,-1
248,17,1791,522,189,232,1,-1,-1,-1
248,21,1465,411,160,259,1,-1,-1,-1
248,37,556,278,133,221,1,-1,-1,-1
248,39,262,242,180,188,1,-1,-1,-1
248,40,467,277,88,164,1,-1,-1,-1
249,13,997,488,113,260,1,-1,-1,-1
249,17,1784,512,204,252,1,-1,-1,-1
249,21,1480,400,168,276,1,-1,-1,-1
249,37,556,278,133,221,1,-1,-1,-1
249,39,272,240,184,192,1,-1,-1,-1
249,40,467,277,88,164,1,-1,-1,-1
250,13,1019,484,113,260,1,-1,-1,-1
250,17,1802,511,204,252,1,-1,-1,-1
250,21,1493,399,168,276,1,-1,-1,-1
250,37,569,270,133,221,1,-1,-1,-1
250,39,275,232,184,192,1,-1,-1,-1
250,40,481,267,88,164,1,-1,-1,-1
251,13,1027,479,113,260,1,-1,-1,-1
251,17,1821,508,204,252,1,-1,-1,-1
251,21,1511,393,168,276,1,-1,-1,-1
251,37,575,266,133,221,1,-1,-1,-1
251,39,279,230,184,192,1,-1,-1,-1
251,40,483,261,92,172,1,-1,-1,-1
252,13,1035,473,119,273,1,-1,-1,-1
252,17,1839,508,204,252,1,-1,-1,-1
252,21,1518,385,176,290,1,-1,-1,-1
252,37,575,254,140,232,1,-1,-1,-1
252,39,281,224,184,192,1,-1,-1,-1
252,40,487,256,92,172,1,-1,-1,-1
253,13,1045,472,119,273,1,-1,-1,-1
253,17,1860,507,204,252,1,-1,-1,-1
253,21,1541,382,176,290,1,-1,-1,-1
253,37,581,249,140,232,1,-1,-1,-1
253,39,283,217,184,192,1,-1,-1,-1
253,40,488,254,92,172,1,-1,-1,-1
254,13,1061,465,119,273,1,-1,-1,-1
254,17,1884,508,204,252,1,-1,-1,-1
254,21,1564,386,168,276,1,-1,-1,-1
254,37,582,245,140,232,1,-1,-1,-1
254,39,287,213,184,192,1,-1,-1,-1
254,40,494,249,92,172,1,-1,-1,-1
255,13,1074,464,119,273,1,-1,-1,-1
255,17,1913,506,204,252,1,-1,-1,-1
255,21,1588,383,168,276,1,-1,-1,-1
255,37,581,232,147,244,1,-1,-1,-1
255,39,287,206,184,192,1,-1,-1,-1
256,13,1083,467,119,273,1,-1,-1,-1
256,17,1938,505,204,252,1,-1,-1,-1
256,21,1607,382,168,276,1,-1,-1,-1
256,37,582,228,147,244,1,-1,-1,-1
256,39,282,202,184,192,1,-1,-1,-1
257,13,1084,456,144,276,1,-1,-1,-1
257,17,1964,500,216,260,1,-1,-1,-1
257,21,1616,368,208,304,1,-1,-1,-1
257,37,484,228,264,244,1,-1,-1,-1
257,39,268,180,200,220,1,-1,-1,-1
258,13,1090,458,144,276,1,-1,-1,-1
258,17,1987,502,216,260,1,-1,-1,-1
258,21,1638,367,208,304,1,-1,-1,-1
258,37,484,225,264,244,1,-1,-1,-1
258,39,264,176,200,220,1,-1,-1,-1
259,13,1098,458,144,276,1,-1,-1,-1
259,17,2006,495,227,273,1,-1,-1,-1
259,21,1656,364,208,304,1,-1,-1,-1
259,37,481,223,264,244,1,-1,-1,-1
259,39,258,171,200,220,1,-1,-1,-1
260,13,1107,458,144,276,1,-1,-1,-1
260,17,2032,494,227,273,1,-1,-1,-1
260,21,1676,365,208,304,1,-1,-1,-1
260,37,479,220,264,244,1,-1,-1,-1
260,39,254,164,200,220,1,-1,-1,-1
261,13,1115,459,144,276,1,-1,-1,-1
261,17,2057,496,227,273,1,-1,-1,-1
261,21,1693,365,208,304,1,-1,-1,-1
261,37,473,212,264,244,1,-1,-1,-1
261,39,246,158,200,220,1,-1,-1,-1
262,13,1121,457,144,276,1,-1,-1,-1
262,17,2077,494,227,273,1,-1,-1,-1
262,21,1706,356,218,319,1,-1,-1,-1
262,37,469,207,264,244,1,-1,-1,-1
262,39,235,147,200,220,1,-1,-1,-1
263,13,1125,456,144,276,1,-1,-1,-1
263,17,2093,487,238,287,1,-1,-1,-1
263,21,1723,353,218,319,1,-1,-1,-1
263,37,457,191,277,256,1,-1,-1,-1
263,39,227,138,200,220,1,-1,-1,-1
264,13,1129,456,144,276,1,-1,-1,-1
264,17,2116,489,238,287,1,-1,-1,-1
264,21,1742,362,208,304,1,-1,-1,-1
264,37,451,184,277,256,1,-1,-1,-1
264,39,214,133,200,220,1,-1,-1,-1
265,13,1128,436,168,320,1,-1,-1,-1
265,17,2116,489,238,287,1,-1,-1,-1
265,21,1756,328,248,352,1,-1,-1,-1
265,37,451,184,277,256,1,-1,-1,-1
265,39,196,120,220,224,1,-1,-1,-1
266,13,1130,437,168,320,1,-1,-1,-1
266,17,2158,488,238,287,1,-1,-1,-1
266,21,1772,326,248,352,1,-1,-1,-1
266,37,434,167,291,269,1,-1,-1,-1
266,39,187,116,220,224,1,-1,-1,-1
267,13,1130,427,176,336,1,-1,-1,-1
267,17,2180,484,250,301,1,-1,-1,-1
267,21,1786,317,260,370,1,-1,-1,-1
267,37,428,160,291,269,1,-1,-1,-1
267,39,176,107,220,224,1,-1,-1,-1
268,13,1132,430,176,336,1,-1,-1,-1
268,17,2203,489,250,301,1,-1,-1,-1
268,21,1800,316,260,370,1,-1,-1,-1
268,37,420,154,291,269,1,-1,-1,-1
268,39,162,101,220,224,1,-1,-1,-1
269,13,1136,431,176,336,1,-1,-1,-1
269,17,2227,490,250,301,1,-1,-1,-1
269,21,1823,316,260,370,1,-1,-1,-1
269,37,418,151,291,269,1,-1,-1,-1
269,39,149,97,220,224,1,-1,-1,-1
