1,0,1004,644,280,400,1,-1,-1,-1
1,1,1940,568,228,392,1,-1,-1,-1
1,2,1520,612,196,336,1,-1,-1,-1
1,3,1656,596,212,356,1,-1,-1,-1
1,4,1392,624,200,324,1,-1,-1,-1
1,5,1820,592,124,308,1,-1,-1,-1
2,0,1004,640,280,400,1,-1,-1,-1
2,1,1946,568,228,392,1,-1,-1,-1
2,2,1523,615,196,336,1,-1,-1,-1
2,3,1662,599,212,356,1,-1,-1,-1
2,4,1394,625,200,324,1,-1,-1,-1
2,5,1828,594,124,308,1,-1,-1,-1
3,0,1005,640,280,400,1,-1,-1,-1
3,1,1961,566,228,392,1,-1,-1,-1
3,2,1526,621,196,336,1,-1,-1,-1
3,3,1677,611,212,356,1,-1,-1,-1
3,4,1394,628,200,324,1,-1,-1,-1
3,5,1847,605,124,308,1,-1,-1,-1
4,0,994,640,280,400,1,-1,-1,-1
4,1,1974,564,228,392,1,-1,-1,-1
4,2,1528,628,196,336,1,-1,-1,-1
4,3,1687,618,212,356,1,-1,-1,-1
4,4,1391,633,200,324,1,-1,-1,-1
4,5,1862,623,124,308,1,-1,-1,-1
5,0,989,640,280,400,1,-1,-1,-1
5,1,1987,569,217,373,1,-1,-1,-1
5,2,1529,639,196,336,1,-1,-1,-1
5,3,1692,620,212,356,1,-1,-1,-1
5,4,1396,636,200,324,1,-1,-1,-1
5,5,1875,626,124,308,1,-1,-1,-1
6,0,985,649,280,400,1,-1,-1,-1
6,1,1997,577,207,356,1,-1,-1,-1
6,2,1520,634,206,353,1,-1,-1,-1
6,3,1692,616,212,356,1,-1,-1,-1
6,4,1391,635,200,324,1,-1,-1,-1
6,5,1888,645,118,293,1,-1,-1,-1
7,0,983,659,280,400,1,-1,-1,-1
7,1,2003,567,217,373,1,-1,-1,-1
7,2,1523,631,206,353,1,-1,-1,-1
7,3,1683,605,223,374,1,-1,-1,-1
7,4,1391,633,200,324,1,-1,-1,-1
7,5,1904,648,118,293,1,-1,-1,-1
8,0,981,665,280,400,1,-1,-1,-1
8,1,2011,569,217,373,1,-1,-1,-1
8,2,1519,631,206,353,1,-1,-1,-1
8,3,1678,597,234,392,1,-1,-1,-1
8,4,1397,632,200,324,1,-1,-1,-1
8,5,1909,652,118,293,1,-1,-1,-1
9,0,960,688,280,364,1,-1,-1,-1
9,1,2040,636,172,328,1,-1,-1,-1
9,2,1528,672,248,320,1,-1,-1,-1
9,3,1652,604,228,304,1,-1,-1,-1
9,4,1388,616,172,300,1,-1,-1,-1
9,5,1912,664,156,300,1,-1,-1,-1
9,6,1212,644,320,356,1,-1,-1,-1
10,0,956,687,280,364,1,-1,-1,-1
10,1,2044,644,172,328,1,-1,-1,-1
10,2,1525,667,248,320,1,-1,-1,-1
10,3,1646,594,239,319,1,-1,-1,-1
10,4,1387,615,172,300,1,-1,-1,-1
10,5,1916,661,156,300,1,-1,-1,-1
10,6,1202,639,336,374,1,-1,-1,-1
11,0,948,685,280,364,1,-1,-1,-1
11,1,2050,652,172,328,1,-1,-1,-1
11,2,1525,666,248,320,1,-1,-1,-1
11,3,1648,596,239,319,1,-1,-1,-1
11,4,1386,615,172,300,1,-1,-1,-1
11,5,1924,666,149,286,1,-1,-1,-1
11,6,1198,637,336,374,1,-1,-1,-1
12,0,937,671,294,382,1,-1,-1,-1
12,1,2053,660,172,328,1,-1,-1,-1
12,2,1517,671,248,320,1,-1,-1,-1
12,3,1647,597,239,319,1,-1,-1,-1
12,4,1380,617,172,300,1,-1,-1,-1
12,5,1924,668,149,286,1,-1,-1,-1
12,6,1200,647,320,356,1,-1,-1,-1
13,0,933,663,294,382,1,-1,-1,-1
13,1,2050,677,172,328,1,-1,-1,-1
13,2,1517,681,236,305,1,-1,-1,-1
13,3,1638,607,239,319,1,-1,-1,-1
13,4,1373,622,172,300,1,-1,-1,-1
13,5,1920,677,149,286,1,-1,-1,-1
13,6,1195,648,320,356,1,-1,-1,-1
14,0,941,672,280,364,1,-1,-1,-1
14,1,2044,685,172,328,1,-1,-1,-1
14,2,1517,686,236,305,1,-1,-1,-1
14,3,1631,612,239,319,1,-1,-1,-1
14,4,1370,626,172,300,1,-1,-1,-1
14,5,1913,679,149,286,1,-1,-1,-1
14,6,1195,653,320,356,1,-1,-1,-1
15,0,940,670,280,364,1,-1,-1,-1
15,1,2038,696,164,312,1,-1,-1,-1
15,2,1504,693,236,305,1,-1,-1,-1
15,3,1620,622,239,319,1,-1,-1,-1
15,4,1366,643,172,300,1,-1,-1,-1
15,5,1904,680,156,300,1,-1,-1,-1
15,6,1192,656,320,356,1,-1,-1,-1
16,0,939,677,280,364,1,-1,-1,-1
16,1,2027,694,164,312,1,-1,-1,-1
16,2,1489,701,236,305,1,-1,-1,-1
16,3,1612,633,239,319,1,-1,-1,-1
16,4,1366,649,172,300,1,-1,-1,-1
16,5,1897,688,156,300,1,-1,-1,-1
16,6,1189,650,320,356,1,-1,-1,-1
17,0,944,680,320,364,1,-1,-1,-1
17,1,2012,708,228,292,1,-1,-1,-1
17,2,1484,672,172,328,1,-1,-1,-1
17,3,1596,664,332,324,1,-1,-1,-1
17,4,1368,668,164,300,1,-1,-1,-1
17,5,1876,680,168,288,1,-1,-1,-1
17,6,1192,676,256,308,1,-1,-1,-1
18,0,950,682,320,364,1,-1,-1,-1
18,1,2005,705,228,292,1,-1,-1,-1
18,2,1479,676,172,328,1,-1,-1,-1
18,3,1593,665,332,324,1,-1,-1,-1
18,4,1366,667,164,300,1,-1,-1,-1
18,5,1871,682,168,288,1,-1,-1,-1
18,6,1190,675,256,308,1,-1,-1,-1
19,0,947,682,320,364,1,-1,-1,-1
19,1,1994,697,228,292,1,-1,-1,-1
19,2,1468,680,172,328,1,-1,-1,-1
19,3,1578,665,332,324,1,-1,-1,-1
19,4,1362,669,164,300,1,-1,-1,-1
19,5,1851,679,176,302,1,-1,-1,-1
19,6,1182,679,256,308,1,-1,-1,-1
20,0,953,687,305,347,1,-1,-1,-1
20,1,1989,696,228,292,1,-1,-1,-1
20,2,1464,688,164,312,1,-1,-1,-1
20,3,1569,665,332,324,1,-1,-1,-1
20,4,1358,670,164,300,1,-1,-1,-1
20,5,1847,680,176,302,1,-1,-1,-1
20,6,1182,682,256,308,1,-1,-1,-1
21,0,951,683,305,347,1,-1,-1,-1
21,1,1975,687,239,307,1,-1,-1,-1
21,2,1456,687,164,312,1,-1,-1,-1
21,3,1559,663,332,324,1,-1,-1,-1
21,4,1356,673,164,300,1,-1,-1,-1
21,5,1844,688,168,288,1,-1,-1,-1
21,6,1181,686,256,308,1,-1,-1,-1
22,0,952,677,305,347,1,-1,-1,-1
22,1,1964,690,239,307,1,-1,-1,-1
22,2,1448,687,164,312,1,-1,-1,-1
22,3,1534,649,349,340,1,-1,-1,-1
22,4,1349,669,164,300,1,-1,-1,-1
22,5,1833,687,168,288,1,-1,-1,-1
22,6,1185,689,256,308,1,-1,-1,-1
23,0,958,676,305,347,1,-1,-1,-1
23,1,1960,692,239,307,1,-1,-1,-1
23,2,1447,684,164,312,1,-1,-1,-1
23,3,1532,657,332,324,1,-1,-1,-1
23,4,1346,673,164,300,1,-1,-1,-1
23,5,1829,684,168,288,1,-1,-1,-1
23,6,1186,692,256,308,1,-1,-1,-1
24,0,960,675,305,347,1,-1,-1,-1
24,1,1949,695,239,307,1,-1,-1,-1
24,2,1446,675,164,312,1,-1,-1,-1
24,3,1523,649,332,324,1,-1,-1,-1
24,4,1347,676,164,300,1,-1,-1,-1
24,5,1822,685,160,274,1,-1,-1,-1
24,6,1188,699,256,308,1,-1,-1,-1
25,0,960,664,256,340,1,-1,-1,-1
25,1,1932,700,232,316,1,-1,-1,-1
25,2,1446,675,164,312,1,-1,-1,-1
25,3,1504,644,244,300,1,-1,-1,-1
25,4,1360,664,232,288,1,-1,-1,-1
25,5,1812,704,160,216,1,-1,-1,-1
25,6,1192,660,292,328,1,-1,-1,-1
26,0,970,675,244,324,1,-1,-1,-1
26,1,1930,702,232,316,1,-1,-1,-1
26,2,1438,660,164,312,1,-1,-1,-1
26,3,1501,645,244,300,1,-1,-1,-1
26,4,1359,663,232,288,1,-1,-1,-1
26,5,1808,703,160,216,1,-1,-1,-1
26,6,1192,660,292,328,1,-1,-1,-1
27,0,979,679,244,324,1,-1,-1,-1
27,1,1930,712,221,301,1,-1,-1,-1
27,2,1438,656,164,312,1,-1,-1,-1
27,3,1501,650,232,286,1,-1,-1,-1
27,4,1359,661,232,288,1,-1,-1,-1
27,5,1792,702,168,227,1,-1,-1,-1
27,6,1194,656,292,328,1,-1,-1,-1
28,0,984,681,244,324,1,-1,-1,-1
28,1,1912,711,221,301,1,-1,-1,-1
28,2,1440,661,156,298,1,-1,-1,-1
28,3,1498,650,232,286,1,-1,-1,-1
28,4,1359,662,221,274,1,-1,-1,-1
28,5,1784,705,168,227,1,-1,-1,-1
28,6,1194,656,292,328,1,-1,-1,-1
29,0,983,678,244,324,1,-1,-1,-1
29,1,1905,714,221,301,1,-1,-1,-1
29,2,1437,659,156,298,1,-1,-1,-1
29,3,1485,645,244,300,1,-1,-1,-1
29,4,1357,660,221,274,1,-1,-1,-1
29,5,1780,707,168,227,1,-1,-1,-1
29,6,1197,654,292,328,1,-1,-1,-1
30,0,982,674,244,324,1,-1,-1,-1
30,1,1902,716,210,287,1,-1,-1,-1
30,2,1432,668,149,283,1,-1,-1,-1
30,3,1481,645,244,300,1,-1,-1,-1
30,4,1355,660,221,274,1,-1,-1,-1
30,5,1772,710,168,227,1,-1,-1,-1
30,6,1203,647,292,328,1,-1,-1,-1
31,0,986,677,232,308,1,-1,-1,-1
31,1,1885,709,210,287,1,-1,-1,-1
31,2,1431,667,149,283,1,-1,-1,-1
31,3,1473,650,244,300,1,-1,-1,-1
31,4,1355,668,210,261,1,-1,-1,-1
31,5,1761,714,168,227,1,-1,-1,-1
31,6,1208,647,278,312,1,-1,-1,-1
32,0,986,674,232,308,1,-1,-1,-1
32,1,1880,706,210,287,1,-1,-1,-1
32,3,1476,652,244,300,1,-1,-1,-1
32,4,1352,664,210,261,1,-1,-1,-1
32,5,1758,715,168,227,1,-1,-1,-1
32,6,1211,646,278,312,1,-1,-1,-1
33,0,992,696,304,276,1,-1,-1,-1
33,1,1852,692,200,260,1,-1,-1,-1
33,3,1476,652,244,300,1,-1,-1,-1
33,4,1352,664,210,261,1,-1,-1,-1
33,5,1752,736,152,204,1,-1,-1,-1
33,6,1240,708,212,220,1,-1,-1,-1
34,0,1006,694,304,276,1,-1,-1,-1
34,1,1840,682,210,273,1,-1,-1,-1
34,3,1477,643,244,300,1,-1,-1,-1
34,4,1337,654,221,274,1,-1,-1,-1
34,5,1746,735,152,204,1,-1,-1,-1
34,6,1243,708,212,220,1,-1,-1,-1
35,0,1009,696,304,276,1,-1,-1,-1
35,1,1835,680,210,273,1,-1,-1,-1
35,3,1475,640,244,300,1,-1,-1,-1
35,4,1350,663,210,261,1,-1,-1,-1
35,5,1740,733,152,204,1,-1,-1,-1
35,6,1244,708,212,220,1,-1,-1,-1
36,0,1013,700,290,263,1,-1,-1,-1
36,1,1827,679,210,273,1,-1,-1,-1
36,3,1468,637,244,300,1,-1,-1,-1
36,4,1359,664,210,261,1,-1,-1,-1
36,5,1731,729,152,204,1,-1,-1,-1
36,6,1246,710,212,220,1,-1,-1,-1
37,0,1013,706,290,263,1,-1,-1,-1
37,1,1815,678,210,273,1,-1,-1,-1
37,3,1453,635,244,300,1,-1,-1,-1
37,4,1368,665,210,261,1,-1,-1,-1
37,5,1723,719,160,214,1,-1,-1,-1
37,6,1251,715,212,220,1,-1,-1,-1
38,0,1010,710,290,263,1,-1,-1,-1
38,1,1810,682,210,273,1,-1,-1,-1
38,3,1460,641,232,286,1,-1,-1,-1
38,4,1371,672,200,249,1,-1,-1,-1
38,5,1714,713,160,214,1,-1,-1,-1
38,6,1255,719,212,220,1,-1,-1,-1
39,0,1010,707,290,263,1,-1,-1,-1
39,1,1813,680,210,273,1,-1,-1,-1
39,3,1455,636,232,286,1,-1,-1,-1
39,4,1375,672,200,249,1,-1,-1,-1
39,5,1712,713,152,204,1,-1,-1,-1
39,6,1266,731,202,210,1,-1,-1,-1
40,0,1016,711,290,263,1,-1,-1,-1
40,1,1808,684,210,273,1,-1,-1,-1
40,3,1450,630,232,286,1,-1,-1,-1
40,4,1383,678,191,237,1,-1,-1,-1
40,5,1699,713,152,204,1,-1,-1,-1
40,6,1271,735,202,210,1,-1,-1,-1
41,0,1020,732,268,240,1,-1,-1,-1
41,1,1800,712,236,240,1,-1,-1,-1
41,3,1460,684,208,224,1,-1,-1,-1
41,4,1383,678,191,237,1,-1,-1,-1
41,5,1700,712,136,200,1,-1,-1,-1
41,6,1280,728,216,216,1,-1,-1,-1
42,0,1025,731,268,240,1,-1,-1,-1
42,1,1801,717,225,229,1,-1,-1,-1
42,3,1459,686,208,224,1,-1,-1,-1
42,5,1689,712,136,200,1,-1,-1,-1
42,6,1287,728,216,216,1,-1,-1,-1
43,0,1020,734,268,240,1,-1,-1,-1
43,1,1785,715,225,229,1,-1,-1,-1
43,3,1455,688,208,224,1,-1,-1,-1
43,5,1680,720,130,190,1,-1,-1,-1
43,6,1276,729,216,216,1,-1,-1,-1
44,0,1019,736,268,240,1,-1,-1,-1
44,1,1779,713,225,229,1,-1,-1,-1
44,3,1455,691,208,224,1,-1,-1,-1
44,5,1677,721,130,190,1,-1,-1,-1
44,6,1273,728,216,216,1,-1,-1,-1
45,0,1024,741,268,240,1,-1,-1,-1
45,1,1769,713,225,229,1,-1,-1,-1
45,3,1457,698,198,213,1,-1,-1,-1
45,5,1675,729,123,181,1,-1,-1,-1
45,6,1277,724,216,216,1,-1,-1,-1
46,0,1020,747,268,240,1,-1,-1,-1
46,1,1764,719,214,218,1,-1,-1,-1
46,3,1457,704,198,213,1,-1,-1,-1
46,5,1663,735,123,181,1,-1,-1,-1
46,6,1277,722,216,216,1,-1,-1,-1
47,0,1025,757,255,229,1,-1,-1,-1
47,1,1757,716,214,218,1,-1,-1,-1
47,3,1461,712,189,203,1,-1,-1,-1
47,5,1657,735,123,181,1,-1,-1,-1
47,6,1274,725,216,216,1,-1,-1,-1
48,0,1033,760,243,218,1,-1,-1,-1
48,1,1747,711,214,218,1,-1,-1,-1
48,3,1462,716,189,203,1,-1,-1,-1
48,5,1653,739,123,181,1,-1,-1,-1
48,6,1276,732,206,206,1,-1,-1,-1
49,0,1024,744,272,228,1,-1,-1,-1
49,1,1732,724,184,196,1,-1,-1,-1
49,3,1462,716,189,203,1,-1,-1,-1
49,5,1653,739,123,181,1,-1,-1,-1
49,6,1276,740,168,184,1,-1,-1,-1
50,0,1029,743,272,228,1,-1,-1,-1
50,1,1735,724,184,196,1,-1,-1,-1
50,3,1465,716,189,203,1,-1,-1,-1
50,5,1651,736,123,181,1,-1,-1,-1
50,6,1278,741,168,184,1,-1,-1,-1
51,0,1031,740,272,228,1,-1,-1,-1
51,1,1731,722,193,206,1,-1,-1,-1
51,3,1469,717,189,203,1,-1,-1,-1
51,5,1654,736,123,181,1,-1,-1,-1
51,6,1282,746,168,184,1,-1,-1,-1
52,0,1018,735,286,239,1,-1,-1,-1
52,1,1730,724,193,206,1,-1,-1,-1
52,3,1473,716,189,203,1,-1,-1,-1
52,5,1677,735,117,173,1,-1,-1,-1
52,6,1286,751,160,175,1,-1,-1,-1
53,0,1010,742,286,239,1,-1,-1,-1
53,1,1729,727,193,206,1,-1,-1,-1
53,3,1475,717,189,203,1,-1,-1,-1
53,5,1679,733,117,173,1,-1,-1,-1
53,6,1287,753,160,175,1,-1,-1,-1
54,0,1005,750,286,239,1,-1,-1,-1
54,1,1732,734,184,196,1,-1,-1,-1
54,3,1474,714,189,203,1,-1,-1,-1
54,5,1678,736,117,173,1,-1,-1,-1
54,6,1277,756,160,175,1,-1,-1,-1
55,0,1005,754,286,239,1,-1,-1,-1
55,1,1733,739,184,196,1,-1,-1,-1
55,3,1470,709,198,213,1,-1,-1,-1
55,5,1678,738,117,173,1,-1,-1,-1
55,6,1278,764,160,175,1,-1,-1,-1
56,0,1004,754,286,239,1,-1,-1,-1
56,1,1735,740,184,196,1,-1,-1,-1
56,3,1472,710,198,213,1,-1,-1,-1
56,5,1676,739,117,173,1,-1,-1,-1
56,6,1285,770,152,167,1,-1,-1,-1
57,0,1004,754,286,239,1,-1,-1,-1
57,1,1735,740,184,196,1,-1,-1,-1
57,3,1456,720,224,184,1,-1,-1,-1
57,5,1676,739,117,173,1,-1,-1,-1
57,6,1285,770,152,167,1,-1,-1,-1
58,0,993,762,286,239,1,-1,-1,-1
58,1,1729,751,175,187,1,-1,-1,-1
58,3,1458,724,224,184,1,-1,-1,-1
58,5,1679,755,112,165,1,-1,-1,-1
58,6,1286,770,152,167,1,-1,-1,-1
59,0,986,757,300,251,1,-1,-1,-1
59,1,1728,748,184,196,1,-1,-1,-1
59,3,1457,726,224,184,1,-1,-1,-1
59,6,1288,770,152,167,1,-1,-1,-1
60,0,987,765,286,239,1,-1,-1,-1
60,1,1732,749,175,187,1,-1,-1,-1
60,3,1457,729,224,184,1,-1,-1,-1
60,6,1280,770,152,167,1,-1,-1,-1
61,0,978,760,286,239,1,-1,-1,-1
61,1,1728,743,184,196,1,-1,-1,-1
61,3,1455,732,224,184,1,-1,-1,-1
61,6,1280,768,160,175,1,-1,-1,-1
62,0,975,757,286,239,1,-1,-1,-1
62,1,1729,743,184,196,1,-1,-1,-1
62,3,1455,735,224,184,1,-1,-1,-1
62,6,1275,767,160,175,1,-1,-1,-1
63,0,973,760,286,239,1,-1,-1,-1
63,1,1722,742,184,196,1,-1,-1,-1
63,3,1449,737,224,184,1,-1,-1,-1
63,6,1280,773,152,167,1,-1,-1,-1
64,1,1700,743,193,206,1,-1,-1,-1
64,3,1437,736,224,184,1,-1,-1,-1
64,6,1266,777,152,167,1,-1,-1,-1
65,1,1648,748,256,204,1,-1,-1,-1
65,3,1437,736,224,184,1,-1,-1,-1
65,6,1266,777,152,167,1,-1,-1,-1
65,7,948,772,236,244,1,-1,-1,-1
66,1,1647,749,256,204,1,-1,-1,-1
66,3,1432,736,224,184,1,-1,-1,-1
66,6,1258,786,152,167,1,-1,-1,-1
66,7,951,771,236,244,1,-1,-1,-1
67,1,1640,743,269,214,1,-1,-1,-1
67,3,1427,739,224,184,1,-1,-1,-1
67,7,939,778,225,232,1,-1,-1,-1
68,1,1635,746,269,214,1,-1,-1,-1
68,3,1424,741,224,184,1,-1,-1,-1
68,7,946,785,214,221,1,-1,-1,-1
69,1,1638,759,269,214,1,-1,-1,-1
69,3,1419,745,224,184,1,-1,-1,-1
69,7,943,787,214,221,1,-1,-1,-1
70,1,1648,763,256,204,1,-1,-1,-1
70,3,1417,744,235,193,1,-1,-1,-1
70,7,944,791,214,221,1,-1,-1,-1
71,1,1655,770,244,194,1,-1,-1,-1
71,3,1414,749,235,193,1,-1,-1,-1
71,7,943,792,214,221,1,-1,-1,-1
72,1,1639,770,244,194,1,-1,-1,-1
72,3,1415,750,235,193,1,-1,-1,-1
72,7,938,805,204,211,1,-1,-1,-1
73,1,1639,770,244,194,1,-1,-1,-1
73,3,1415,750,235,193,1,-1,-1,-1
73,7,938,805,204,211,1,-1,-1,-1
73,8,1256,808,352,180,1,-1,-1,-1
74,1,1620,773,244,194,1,-1,-1,-1
74,3,1423,751,235,193,1,-1,-1,-1
74,7,930,805,204,211,1,-1,-1,-1
74,8,1262,809,352,180,1,-1,-1,-1
75,1,1623,773,244,194,1,-1,-1,-1
75,7,928,801,204,211,1,-1,-1,-1
75,8,1269,808,352,180,1,-1,-1,-1
76,1,1633,771,256,204,1,-1,-1,-1
76,7,930,802,204,211,1,-1,-1,-1
76,8,1260,809,352,180,1,-1,-1,-1
77,1,1634,774,256,204,1,-1,-1,-1
77,7,934,804,204,211,1,-1,-1,-1
77,8,1248,809,370,189,1,-1,-1,-1
78,1,1634,780,244,194,1,-1,-1,-1
78,7,925,818,204,211,1,-1,-1,-1
78,8,1236,806,370,189,1,-1,-1,-1
79,1,1626,779,244,194,1,-1,-1,-1
79,7,923,818,204,211,1,-1,-1,-1
79,8,1230,807,370,189,1,-1,-1,-1
80,8,1242,808,352,180,1,-1,-1,-1
81,8,1242,808,352,180,1,-1,-1,-1
81,9,1612,796,260,164,1,-1,-1,-1
81,10,936,868,212,120,1,-1,-1,-1
81,11,1284,824,256,116,1,-1,-1,-1
81,12,1512,804,116,136,1,-1,-1,-1
82,8,1227,816,335,171,1,-1,-1,-1
82,9,1609,795,273,172,1,-1,-1,-1
82,10,946,867,212,120,1,-1,-1,-1
82,11,1281,827,256,116,1,-1,-1,-1
82,12,1509,806,116,136,1,-1,-1,-1
83,8,1205,821,335,171,1,-1,-1,-1
83,9,1601,796,273,172,1,-1,-1,-1
83,10,936,866,212,120,1,-1,-1,-1
83,11,1280,829,256,116,1,-1,-1,-1
83,12,1506,807,116,136,1,-1,-1,-1
84,8,1203,826,335,171,1,-1,-1,-1
84,9,1605,802,260,164,1,-1,-1,-1
84,10,921,870,212,120,1,-1,-1,-1
84,11,1262,830,269,122,1,-1,-1,-1
84,12,1497,809,116,136,1,-1,-1,-1
85,8,1184,820,352,180,1,-1,-1,-1
85,9,1599,803,260,164,1,-1,-1,-1
85,10,925,874,212,120,1,-1,-1,-1
85,11,1253,831,269,122,1,-1,-1,-1
85,12,1495,796,122,143,1,-1,-1,-1
86,8,1192,821,352,180,1,-1,-1,-1
86,9,1592,798,260,164,1,-1,-1,-1
86,10,903,878,223,126,1,-1,-1,-1
86,11,1251,836,269,122,1,-1,-1,-1
86,12,1499,799,116,136,1,-1,-1,-1
87,8,1176,824,352,180,1,-1,-1,-1
87,9,1582,777,273,172,1,-1,-1,-1
87,10,900,887,223,126,1,-1,-1,-1
87,11,1246,840,269,122,1,-1,-1,-1
87,12,1492,793,116,136,1,-1,-1,-1
88,9,1566,781,273,172,1,-1,-1,-1
88,10,893,891,223,126,1,-1,-1,-1
88,11,1240,845,269,122,1,-1,-1,-1
88,12,1486,794,116,136,1,-1,-1,-1
89,9,1566,781,273,172,1,-1,-1,-1
89,10,893,891,223,126,1,-1,-1,-1
89,11,1240,845,269,122,1,-1,-1,-1
89,12,1486,794,116,136,1,-1,-1,-1
90,9,1562,776,273,172,1,-1,-1,-1
90,10,914,895,212,120,1,-1,-1,-1
90,11,1249,847,256,116,1,-1,-1,-1
90,12,1484,794,116,136,1,-1,-1,-1
91,9,1562,765,273,172,1,-1,-1,-1
91,10,911,887,212,120,1,-1,-1,-1
91,11,1256,849,244,110,1,-1,-1,-1
91,12,1475,793,116,136,1,-1,-1,-1
92,9,1577,763,273,172,1,-1,-1,-1
92,10,920,881,212,120,1,-1,-1,-1
92,11,1267,847,244,110,1,-1,-1,-1
92,12,1490,801,116,136,1,-1,-1,-1
93,9,1601,761,273,172,1,-1,-1,-1
93,10,949,895,202,114,1,-1,-1,-1
93,11,1289,841,244,110,1,-1,-1,-1
93,12,1517,809,116,136,1,-1,-1,-1
94,9,1609,763,273,172,1,-1,-1,-1
94,10,959,912,212,120,1,-1,-1,-1
94,11,1310,838,244,110,1,-1,-1,-1
94,12,1527,811,116,136,1,-1,-1,-1
95,9,1615,761,273,172,1,-1,-1,-1
97,13,984,952,264,132,1,-1,-1,-1
97,14,1672,764,260,156,1,-1,-1,-1
97,15,1284,812,312,160,1,-1,-1,-1
98,13,1000,948,264,132,1,-1,-1,-1
98,14,1688,762,260,156,1,-1,-1,-1
98,15,1298,813,312,160,1,-1,-1,-1
99,13,1023,941,264,132,1,-1,-1,-1
99,14,1691,755,273,164,1,-1,-1,-1
99,15,1309,809,312,160,1,-1,-1,-1
100,13,1052,930,264,132,1,-1,-1,-1
100,14,1699,751,273,164,1,-1,-1,-1
100,15,1330,802,312,160,1,-1,-1,-1
101,13,1067,919,277,139,1,-1,-1,-1
101,14,1711,752,260,156,1,-1,-1,-1
101,15,1339,796,312,160,1,-1,-1,-1
102,13,1086,911,277,139,1,-1,-1,-1
102,14,1715,743,260,156,1,-1,-1,-1
102,15,1366,785,312,160,1,-1,-1,-1
103,13,1092,906,291,146,1,-1,-1,-1
103,14,1742,724,248,149,1,-1,-1,-1
103,15,1364,772,312,160,1,-1,-1,-1
104,13,1099,907,291,146,1,-1,-1,-1
104,14,1740,717,236,141,1,-1,-1,-1
104,15,1371,766,297,152,1,-1,-1,-1
105,13,1099,907,291,146,1,-1,-1,-1
105,14,1740,717,236,141,1,-1,-1,-1
105,15,1371,766,297,152,1,-1,-1,-1
106,13,1121,875,306,153,1,-1,-1,-1
106,14,1736,696,236,141,1,-1,-1,-1
106,15,1378,738,297,152,1,-1,-1,-1
107,13,1112,867,321,160,1,-1,-1,-1
107,14,1712,690,236,141,1,-1,-1,-1
107,15,1369,725,312,160,1,-1,-1,-1
108,13,1119,831,337,168,1,-1,-1,-1
108,14,1712,685,236,141,1,-1,-1,-1
108,15,1350,708,297,152,1,-1,-1,-1
109,13,1156,801,337,168,1,-1,-1,-1
109,14,1719,669,236,141,1,-1,-1,-1
109,15,1352,688,297,152,1,-1,-1,-1
110,13,1169,798,321,160,1,-1,-1,-1
110,14,1705,662,236,141,1,-1,-1,-1
110,15,1360,685,297,152,1,-1,-1,-1
111,13,1210,775,306,153,1,-1,-1,-1
111,14,1693,658,236,141,1,-1,-1,-1
111,15,1350,679,297,152,1,-1,-1,-1
112,13,1224,783,291,146,1,-1,-1,-1
113,13,1224,783,291,146,1,-1,-1,-1
121,16,1080,660,248,152,1,-1,-1,-1
122,16,1067,663,248,152,1,-1,-1,-1
123,16,1040,671,248,152,1,-1,-1,-1
124,16,1007,680,248,152,1,-1,-1,-1
125,16,977,683,260,160,1,-1,-1,-1
126,16,950,692,260,160,1,-1,-1,-1
127,16,919,707,260,160,1,-1,-1,-1
128,16,895,712,260,160,1,-1,-1,-1
129,16,895,712,260,160,1,-1,-1,-1
129,17,852,752,304,200,1,-1,-1,-1
129,18,2060,548,184,156,1,-1,-1,-1
129,19,1216,732,312,236,1,-1,-1,-1
129,20,1540,612,284,256,1,-1,-1,-1
129,21,1644,568,180,136,1,-1,-1,-1
129,22,16,44,2492,1200,1,-1,-1,-1
130,16,837,716,273,168,1,-1,-1,-1
130,17,831,762,304,200,1,-1,-1,-1
130,18,2093,542,184,156,1,-1,-1,-1
130,19,1203,735,312,236,1,-1,-1,-1
130,20,1554,613,284,256,1,-1,-1,-1
130,21,1646,574,180,136,1,-1,-1,-1
130,22,42,27,2492,1200,1,-1,-1,-1
131,16,817,724,273,168,1,-1,-1,-1
131,17,810,768,304,200,1,-1,-1,-1
131,18,2108,538,184,156,1,-1,-1,-1
131,19,1196,735,312,236,1,-1,-1,-1
131,20,1549,607,298,269,1,-1,-1,-1
131,21,1644,580,180,136,1,-1,-1,-1
131,22,50,21,2492,1200,1,-1,-1,-1
132,16,791,740,273,168,1,-1,-1,-1
132,17,783,782,304,200,1,-1,-1,-1
132,18,2139,531,184,156,1,-1,-1,-1
132,19,1173,744,312,236,1,-1,-1,-1
132,20,1548,613,298,269,1,-1,-1,-1
132,21,1644,586,180,136,1,-1,-1,-1
132,22,63,20,2492,1200,1,-1,-1,-1
133,16,766,749,273,168,1,-1,-1,-1
133,17,760,797,304,200,1,-1,-1,-1
133,18,2170,524,184,156,1,-1,-1,-1
133,19,1107,751,328,248,1,-1,-1,-1
133,20,1543,616,313,282,1,-1,-1,-1
133,21,1642,601,180,136,1,-1,-1,-1
133,22,136,11,2424,1200,1,-1,-1,-1
134,16,756,756,273,168,1,-1,-1,-1
134,17,744,798,319,210,1,-1,-1,-1
134,18,2197,523,175,149,1,-1,-1,-1
134,19,1088,761,328,248,1,-1,-1,-1
134,20,1540,631,298,269,1,-1,-1,-1
134,21,1640,608,180,136,1,-1,-1,-1
134,22,127,13,2433,1200,1,-1,-1,-1
135,16,714,756,273,168,1,-1,-1,-1
135,17,715,802,319,210,1,-1,-1,-1
135,18,2232,521,175,149,1,-1,-1,-1
135,19,1067,774,328,248,1,-1,-1,-1
135,20,1530,634,298,269,1,-1,-1,-1
135,21,1639,617,180,136,1,-1,-1,-1
135,22,216,36,2344,1143,1,-1,-1,-1
136,17,670,802,319,210,1,-1,-1,-1
136,18,2269,514,175,149,1,-1,-1,-1
136,19,1044,785,328,248,1,-1,-1,-1
136,20,1519,644,298,269,1,-1,-1,-1
136,21,1632,615,180,136,1,-1,-1,-1
136,22,285,51,2275,1143,1,-1,-1,-1
137,17,664,760,296,244,1,-1,-1,-1
137,18,2268,504,180,136,1,-1,-1,-1
137,19,972,812,360,196,1,-1,-1,-1
137,20,1519,644,298,269,1,-1,-1,-1
137,21,1632,615,180,136,1,-1,-1,-1
137,22,285,51,2275,1143,1,-1,-1,-1
137,23,320,880,68,64,1,-1,-1,-1
138,17,657,769,296,244,1,-1,-1,-1
138,18,2311,502,180,136,1,-1,-1,-1
138,19,959,823,343,187,1,-1,-1,-1
138,20,1502,644,298,269,1,-1,-1,-1
138,21,1618,615,180,136,1,-1,-1,-1
138,22,390,25,2170,1143,1,-1,-1,-1
138,23,304,882,68,64,1,-1,-1,-1
139,17,623,783,296,244,1,-1,-1,-1
139,18,2355,500,180,136,1,-1,-1,-1
139,19,924,846,343,187,1,-1,-1,-1
139,20,1511,651,284,256,1,-1,-1,-1
139,21,1608,620,180,136,1,-1,-1,-1
139,22,409,30,2151,1143,1,-1,-1,-1
139,23,296,905,71,67,1,-1,-1,-1
140,17,612,790,296,244,1,-1,-1,-1
140,18,2377,499,180,136,1,-1,-1,-1
140,19,916,847,343,187,1,-1,-1,-1
140,20,1519,664,270,244,1,-1,-1,-1
140,21,1598,620,189,143,1,-1,-1,-1
140,22,450,27,2110,1143,1,-1,-1,-1
140,23,318,897,71,67,1,-1,-1,-1
141,17,598,799,296,244,1,-1,-1,-1
141,18,2411,505,149,136,1,-1,-1,-1
141,19,886,862,327,178,1,-1,-1,-1
141,20,1508,688,258,232,1,-1,-1,-1
141,21,1590,636,189,143,1,-1,-1,-1
141,22,531,53,2029,1088,1,-1,-1,-1
141,23,308,883,71,67,1,-1,-1,-1
142,17,569,806,296,244,1,-1,-1,-1
142,18,2449,514,111,130,1,-1,-1,-1
142,19,849,874,327,178,1,-1,-1,-1
142,20,1503,711,258,232,1,-1,-1,-1
142,21,1589,651,189,143,1,-1,-1,-1
142,22,504,11,2056,1143,1,-1,-1,-1
142,23,295,891,71,67,1,-1,-1,-1
143,17,544,809,296,244,1,-1,-1,-1
143,18,2474,526,86,130,1,-1,-1,-1
143,19,830,871,343,187,1,-1,-1,-1
143,20,1503,717,258,232,1,-1,-1,-1
143,21,1589,656,189,143,1,-1,-1,-1
143,22,657,27,1903,1143,1,-1,-1,-1
143,23,286,897,71,67,1,-1,-1,-1
144,17,517,811,296,244,1,-1,-1,-1
144,18,2444,494,116,123,1,-1,-1,-1
144,21,1596,672,180,136,1,-1,-1,-1
144,22,668,38,1892,1088,1,-1,-1,-1
144,23,292,904,71,67,1,-1,-1,-1
145,17,517,811,296,244,1,-1,-1,-1
145,18,2444,494,116,123,1,-1,-1,-1
145,21,1596,672,180,136,1,-1,-1,-1
145,22,668,38,1892,1088,1,-1,-1,-1
145,23,292,904,71,67,1,-1,-1,-1
146,18,2473,511,87,123,1,-1,-1,-1
146,22,834,25,1726,1088,1,-1,-1,-1
146,23,320,901,75,71,1,-1,-1,-1
147,18,2490,541,70,117,1,-1,-1,-1
147,22,492,114,2068,1037,1,-1,-1,-1
147,23,343,899,75,71,1,-1,-1,-1
148,18,2481,533,79,123,1,-1,-1,-1
148,22,337,129,2153,1037,1,-1,-1,-1
148,23,343,906,79,74,1,-1,-1,-1
149,18,2483,537,77,123,1,-1,-1,-1
149,22,388,125,2153,1037,1,-1,-1,-1
149,23,352,900,79,74,1,-1,-1,-1
150,18,2488,564,72,117,1,-1,-1,-1
150,23,331,882,79,74,1,-1,-1,-1
151,18,2488,568,72,117,1,-1,-1,-1
152,18,2497,556,63,112,1,-1,-1,-1
153,18,2497,556,63,112,1,-1,-1,-1
154,18,2452,584,108,112,1,-1,-1,-1
169,24,2356,388,136,88,1,-1,-1,-1
169,25,920,1036,128,124,1,-1,-1,-1
169,26,1924,376,48,36,1,-1,-1,-1
170,24,2358,393,136,88,1,-1,-1,-1
170,25,971,1047,128,124,1,-1,-1,-1
170,26,1925,364,46,34,1,-1,-1,-1
171,24,2359,403,136,88,1,-1,-1,-1
171,25,1020,1059,128,124,1,-1,-1,-1
171,26,1911,367,46,34,1,-1,-1,-1
172,24,2355,407,143,92,1,-1,-1,-1
172,25,1045,1067,128,124,1,-1,-1,-1
172,26,1898,371,46,34,1,-1,-1,-1
173,24,2360,416,143,92,1,-1,-1,-1
173,25,1098,1080,128,124,1,-1,-1,-1
173,26,1898,380,46,34,1,-1,-1,-1
174,24,2344,431,150,97,1,-1,-1,-1
174,25,1147,1098,128,124,1,-1,-1,-1
174,26,1900,371,46,34,1,-1,-1,-1
175,24,2342,444,150,97,1,-1,-1,-1
175,25,1170,1109,128,124,1,-1,-1,-1
175,26,1900,351,48,36,1,-1,-1,-1
176,24,2328,458,157,102,1,-1,-1,-1
176,25,1214,1126,128,124,1,-1,-1,-1
176,26,1898,352,48,36,1,-1,-1,-1
177,24,2328,458,157,102,1,-1,-1,-1
177,25,1214,1126,128,124,1,-1,-1,-1
177,26,1898,352,48,36,1,-1,-1,-1
178,24,2309,489,165,107,1,-1,-1,-1
178,25,1282,1153,128,124,1,-1,-1,-1
178,26,1882,354,50,38,1,-1,-1,-1
179,24,2293,514,165,107,1,-1,-1,-1
179,25,1330,1174,122,118,1,-1,-1,-1
179,26,1894,350,50,38,1,-1,-1,-1
180,24,2278,536,165,107,1,-1,-1,-1
180,25,1372,1188,122,118,1,-1,-1,-1
180,26,1900,346,50,38,1,-1,-1,-1
181,24,2278,554,157,102,1,-1,-1,-1
181,25,1397,1203,116,112,1,-1,-1,-1
181,26,1901,353,50,38,1,-1,-1,-1
182,24,2262,572,157,102,1,-1,-1,-1
182,25,1443,1217,116,112,1,-1,-1,-1
182,26,1875,364,50,38,1,-1,-1,-1
183,24,2252,592,157,102,1,-1,-1,-1
183,25,1459,1160,116,112,1,-1,-1,-1
184,24,2245,607,150,97,1,-1,-1,-1
184,25,1445,1148,116,112,1,-1,-1,-1
185,24,2245,607,150,97,1,-1,-1,-1
185,25,1445,1148,116,112,1,-1,-1,-1
185,27,264,292,72,44,1,-1,-1,-1
186,24,2218,650,150,97,1,-1,-1,-1
186,25,1473,1158,116,112,1,-1,-1,-1
186,27,301,301,76,46,1,-1,-1,-1
187,24,2210,663,150,97,1,-1,-1,-1
187,25,1498,1162,116,112,1,-1,-1,-1
187,27,323,308,76,46,1,-1,-1,-1
188,24,2197,685,150,97,1,-1,-1,-1
188,25,1516,1138,116,112,1,-1,-1,-1
188,27,363,321,76,46,1,-1,-1,-1
189,24,2181,707,150,97,1,-1,-1,-1
189,25,1562,1138,122,118,1,-1,-1,-1
189,27,402,335,76,46,1,-1,-1,-1
190,24,2172,720,150,97,1,-1,-1,-1
190,25,1582,1139,122,118,1,-1,-1,-1
190,27,424,342,76,46,1,-1,-1,-1
191,24,2159,734,150,97,1,-1,-1,-1
191,27,462,350,76,46,1,-1,-1,-1
192,24,2150,752,143,92,1,-1,-1,-1
192,27,500,360,76,46,1,-1,-1,-1
193,24,2150,752,143,92,1,-1,-1,-1
193,27,500,360,76,46,1,-1,-1,-1
193,28,1164,736,140,140,1,-1,-1,-1
193,29,868,788,232,144,1,-1,-1,-1
193,30,2188,776,104,84,1,-1,-1,-1
193,31,1484,652,192,112,1,-1,-1,-1
193,32,1332,776,164,108,1,-1,-1,-1
193,33,788,680,128,112,1,-1,-1,-1
194,24,2139,768,143,92,1,-1,-1,-1
194,27,556,370,79,49,1,-1,-1,-1
194,28,1166,736,140,140,1,-1,-1,-1
194,29,869,791,232,144,1,-1,-1,-1
194,30,2174,781,109,88,1,-1,-1,-1
194,31,1485,659,192,112,1,-1,-1,-1
194,32,1330,783,164,108,1,-1,-1,-1
194,33,792,680,128,112,1,-1,-1,-1
195,24,2127,773,143,92,1,-1,-1,-1
195,27,599,378,79,49,1,-1,-1,-1
195,28,1168,743,140,140,1,-1,-1,-1
195,29,865,799,232,144,1,-1,-1,-1
195,30,2158,794,109,88,1,-1,-1,-1
195,31,1478,675,192,112,1,-1,-1,-1
195,32,1329,794,164,108,1,-1,-1,-1
195,33,793,676,128,112,1,-1,-1,-1
196,24,2123,783,143,92,1,-1,-1,-1
196,27,622,382,76,46,1,-1,-1,-1
196,28,1170,748,140,140,1,-1,-1,-1
196,29,867,800,232,144,1,-1,-1,-1
196,30,2167,796,115,93,1,-1,-1,-1
196,31,1478,680,192,112,1,-1,-1,-1
196,32,1327,797,164,108,1,-1,-1,-1
196,33,793,674,128,112,1,-1,-1,-1
197,24,2112,786,143,92,1,-1,-1,-1
197,27,662,386,76,46,1,-1,-1,-1
197,28,1172,751,140,140,1,-1,-1,-1
197,29,862,805,232,144,1,-1,-1,-1
197,30,2154,805,115,93,1,-1,-1,-1
197,31,1474,683,192,112,1,-1,-1,-1
197,32,1327,806,164,108,1,-1,-1,-1
197,33,799,659,134,118,1,-1,-1,-1
198,24,2104,795,143,92,1,-1,-1,-1
198,27,700,390,76,46,1,-1,-1,-1
198,28,1176,756,140,140,1,-1,-1,-1
198,29,865,812,232,144,1,-1,-1,-1
198,30,2156,810,109,88,1,-1,-1,-1
198,31,1469,683,192,112,1,-1,-1,-1
198,32,1324,813,164,108,1,-1,-1,-1
198,33,809,646,141,123,1,-1,-1,-1
199,24,2101,796,143,92,1,-1,-1,-1
199,27,721,391,76,46,1,-1,-1,-1
199,28,1177,758,140,140,1,-1,-1,-1
199,29,863,810,244,151,1,-1,-1,-1
199,30,2152,811,109,88,1,-1,-1,-1
199,31,1470,683,192,112,1,-1,-1,-1
199,32,1323,815,164,108,1,-1,-1,-1
199,33,809,643,141,123,1,-1,-1,-1
200,24,2091,801,150,97,1,-1,-1,-1
200,27,760,395,76,46,1,-1,-1,-1
200,28,1177,764,140,140,1,-1,-1,-1
200,29,841,811,244,151,1,-1,-1,-1
200,30,2145,818,109,88,1,-1,-1,-1
200,31,1469,678,192,112,1,-1,-1,-1
200,32,1319,819,164,108,1,-1,-1,-1
200,33,817,641,141,123,1,-1,-1,-1
201,24,2092,804,140,120,1,-1,-1,-1
201,27,760,395,76,46,1,-1,-1,-1
201,28,1172,780,160,128,1,-1,-1,-1
201,29,852,816,172,148,1,-1,-1,-1
201,30,2145,818,109,88,1,-1,-1,-1
201,31,1472,680,168,160,1,-1,-1,-1
201,32,1319,819,164,108,1,-1,-1,-1
201,33,796,632,164,148,1,-1,-1,-1
201,34,1384,772,184,164,1,-1,-1,-1
201,35,560,328,160,88,1,-1,-1,-1
202,24,2091,805,140,120,1,-1,-1,-1
202,27,815,397,79,49,1,-1,-1,-1
202,28,1177,781,160,128,1,-1,-1,-1
202,29,854,816,172,148,1,-1,-1,-1
202,30,2125,825,109,88,1,-1,-1,-1
202,31,1472,679,168,160,1,-1,-1,-1
202,32,1317,824,156,103,1,-1,-1,-1
202,33,800,629,164,148,1,-1,-1,-1
202,34,1384,774,184,164,1,-1,-1,-1
202,35,578,329,160,88,1,-1,-1,-1
203,24,2086,810,140,120,1,-1,-1,-1
203,27,857,400,79,49,1,-1,-1,-1
203,28,1177,783,160,128,1,-1,-1,-1
203,29,854,819,172,148,1,-1,-1,-1
203,30,2117,828,109,88,1,-1,-1,-1
203,31,1473,678,168,160,1,-1,-1,-1
203,32,1316,824,156,103,1,-1,-1,-1
203,33,813,624,164,148,1,-1,-1,-1
203,34,1385,777,184,164,1,-1,-1,-1
203,35,619,331,160,88,1,-1,-1,-1
204,24,2077,817,140,120,1,-1,-1,-1
204,27,898,402,79,49,1,-1,-1,-1
204,28,1183,784,160,128,1,-1,-1,-1
204,29,859,823,172,148,1,-1,-1,-1
204,30,2115,837,109,88,1,-1,-1,-1
204,31,1475,679,168,160,1,-1,-1,-1
204,32,1316,825,156,103,1,-1,-1,-1
204,33,817,611,164,148,1,-1,-1,-1
204,34,1387,781,184,164,1,-1,-1,-1
204,35,662,333,160,88,1,-1,-1,-1
205,24,2075,821,140,120,1,-1,-1,-1
205,27,919,403,79,49,1,-1,-1,-1
205,28,1188,785,160,128,1,-1,-1,-1
205,29,862,819,172,148,1,-1,-1,-1
205,30,2113,840,109,88,1,-1,-1,-1
205,31,1479,679,168,160,1,-1,-1,-1
205,32,1320,828,149,98,1,-1,-1,-1
205,33,826,611,164,148,1,-1,-1,-1
205,34,1388,783,184,164,1,-1,-1,-1
205,35,682,334,160,88,1,-1,-1,-1
206,24,2078,831,140,120,1,-1,-1,-1
206,27,960,404,79,49,1,-1,-1,-1
206,28,1194,786,152,122,1,-1,-1,-1
206,29,861,807,181,155,1,-1,-1,-1
206,30,2105,846,109,88,1,-1,-1,-1
206,31,1484,682,168,160,1,-1,-1,-1
206,32,1320,829,149,98,1,-1,-1,-1
206,33,834,600,164,148,1,-1,-1,-1
206,34,1391,783,184,164,1,-1,-1,-1
206,35,726,336,160,88,1,-1,-1,-1
207,24,2082,834,133,114,1,-1,-1,-1
207,27,1002,406,79,49,1,-1,-1,-1
207,28,1197,783,152,122,1,-1,-1,-1
207,29,865,800,181,155,1,-1,-1,-1
207,31,1484,681,168,160,1,-1,-1,-1
207,32,1322,832,149,98,1,-1,-1,-1
207,33,848,599,164,148,1,-1,-1,-1
207,34,1389,782,184,164,1,-1,-1,-1
207,35,772,339,152,84,1,-1,-1,-1
208,24,2079,834,133,114,1,-1,-1,-1
208,27,1027,408,76,46,1,-1,-1,-1
208,28,1196,782,152,122,1,-1,-1,-1
208,29,866,798,181,155,1,-1,-1,-1
208,31,1480,666,176,168,1,-1,-1,-1
208,32,1323,836,149,98,1,-1,-1,-1
208,33,847,592,156,141,1,-1,-1,-1
208,34,1393,785,175,156,1,-1,-1,-1
208,35,787,339,160,88,1,-1,-1,-1
209,24,2079,834,133,114,1,-1,-1,-1
209,27,1027,408,76,46,1,-1,-1,-1
209,28,1220,756,144,136,1,-1,-1,-1
209,29,876,776,196,156,1,-1,-1,-1
209,31,1480,666,176,168,1,-1,-1,-1
209,32,1323,836,149,98,1,-1,-1,-1
209,33,888,564,116,148,1,-1,-1,-1
209,34,1393,785,175,156,1,-1,-1,-1
209,35,787,339,160,88,1,-1,-1,-1
209,36,1500,660,128,120,1,-1,-1,-1
209,37,836,344,160,88,1,-1,-1,-1
210,24,2076,843,133,114,1,-1,-1,-1
210,27,1007,415,79,49,1,-1,-1,-1
210,28,1228,754,144,136,1,-1,-1,-1
210,29,887,779,187,149,1,-1,-1,-1
210,31,1481,635,176,168,1,-1,-1,-1
210,32,1328,841,149,98,1,-1,-1,-1
210,33,902,555,116,148,1,-1,-1,-1
210,34,1398,786,175,156,1,-1,-1,-1
210,35,872,341,160,88,1,-1,-1,-1
210,36,1502,652,128,120,1,-1,-1,-1
210,37,879,345,160,88,1,-1,-1,-1
211,24,2079,845,127,109,1,-1,-1,-1
211,27,1030,417,76,46,1,-1,-1,-1
211,28,1230,754,144,136,1,-1,-1,-1
211,29,890,778,187,149,1,-1,-1,-1
211,31,1487,630,176,168,1,-1,-1,-1
211,32,1332,844,149,98,1,-1,-1,-1
211,33,908,550,116,148,1,-1,-1,-1
211,34,1400,787,175,156,1,-1,-1,-1
211,35,896,343,160,88,1,-1,-1,-1
211,36,1504,650,128,120,1,-1,-1,-1
211,37,900,346,160,88,1,-1,-1,-1
212,24,2075,847,127,109,1,-1,-1,-1
212,27,1071,423,72,44,1,-1,-1,-1
212,28,1242,755,144,136,1,-1,-1,-1
212,29,896,776,187,149,1,-1,-1,-1
212,31,1494,626,176,168,1,-1,-1,-1
212,32,1338,857,142,93,1,-1,-1,-1
212,33,924,549,110,141,1,-1,-1,-1
212,34,1406,795,175,156,1,-1,-1,-1
212,35,938,346,160,88,1,-1,-1,-1
212,36,1504,638,128,120,1,-1,-1,-1
212,37,942,349,160,88,1,-1,-1,-1
213,24,2076,853,121,104,1,-1,-1,-1
213,27,1061,423,76,46,1,-1,-1,-1
213,28,1251,758,144,136,1,-1,-1,-1
213,29,901,771,187,149,1,-1,-1,-1
213,31,1492,615,176,168,1,-1,-1,-1
213,32,1339,857,142,93,1,-1,-1,-1
213,33,937,547,110,141,1,-1,-1,-1
213,34,1410,802,175,156,1,-1,-1,-1
213,35,979,349,160,88,1,-1,-1,-1
213,36,1512,635,128,120,1,-1,-1,-1
213,37,984,353,160,88,1,-1,-1,-1
214,24,2073,854,121,104,1,-1,-1,-1
214,27,1064,438,72,44,1,-1,-1,-1
214,28,1254,760,144,136,1,-1,-1,-1
214,29,906,765,187,149,1,-1,-1,-1
214,31,1493,613,176,168,1,-1,-1,-1
214,32,1339,853,142,93,1,-1,-1,-1
214,33,947,544,110,141,1,-1,-1,-1
214,34,1413,802,175,156,1,-1,-1,-1
214,35,999,350,160,88,1,-1,-1,-1
214,36,1507,623,134,126,1,-1,-1,-1
214,37,1003,355,160,88,1,-1,-1,-1
215,24,2068,858,115,99,1,-1,-1,-1
215,27,1070,454,72,44,1,-1,-1,-1
215,28,1254,752,144,136,1,-1,-1,-1
215,29,918,762,187,149,1,-1,-1,-1
215,31,1503,612,176,168,1,-1,-1,-1
215,32,1342,851,142,93,1,-1,-1,-1
215,33,958,538,116,148,1,-1,-1,-1
215,34,1406,803,184,164,1,-1,-1,-1
215,35,1046,355,152,84,1,-1,-1,-1
215,36,1496,607,134,126,1,-1,-1,-1
215,37,1045,358,160,88,1,-1,-1,-1
216,24,2071,865,115,99,1,-1,-1,-1
216,27,1072,455,72,44,1,-1,-1,-1
216,28,1256,741,144,136,1,-1,-1,-1
216,29,916,745,187,149,1,-1,-1,-1
216,31,1499,593,176,168,1,-1,-1,-1
216,32,1346,846,142,93,1,-1,-1,-1
216,33,971,532,122,155,1,-1,-1,-1
216,34,1411,805,184,164,1,-1,-1,-1
216,35,1081,356,160,88,1,-1,-1,-1
216,36,1507,602,141,132,1,-1,-1,-1
216,37,1084,361,160,88,1,-1,-1,-1
217,24,2044,844,136,108,1,-1,-1,-1
217,27,1072,455,72,44,1,-1,-1,-1
217,28,1256,740,124,124,1,-1,-1,-1
217,29,920,740,160,156,1,-1,-1,-1
217,31,1496,604,184,132,1,-1,-1,-1
217,32,1340,844,136,128,1,-1,-1,-1
217,33,960,520,144,156,1,-1,-1,-1
217,34,1444,820,160,152,1,-1,-1,-1
217,35,1081,356,160,88,1,-1,-1,-1
217,36,1507,602,141,132,1,-1,-1,-1
217,37,1084,361,160,88,1,-1,-1,-1
218,24,2041,850,136,108,1,-1,-1,-1
218,27,1081,461,72,44,1,-1,-1,-1
218,28,1256,731,124,124,1,-1,-1,-1
218,29,921,730,160,156,1,-1,-1,-1
218,31,1508,603,175,126,1,-1,-1,-1
218,32,1347,842,136,128,1,-1,-1,-1
218,33,979,525,137,149,1,-1,-1,-1
218,34,1451,820,160,152,1,-1,-1,-1
218,35,1140,364,160,88,1,-1,-1,-1
218,36,1512,589,141,132,1,-1,-1,-1
218,37,1145,368,160,88,1,-1,-1,-1
219,24,2038,859,136,108,1,-1,-1,-1
219,27,1079,450,72,44,1,-1,-1,-1
219,28,1261,723,124,124,1,-1,-1,-1
219,29,932,726,160,156,1,-1,-1,-1
219,31,1507,599,175,126,1,-1,-1,-1
219,32,1351,836,136,128,1,-1,-1,-1
219,33,992,522,137,149,1,-1,-1,-1
219,34,1457,814,160,152,1,-1,-1,-1
219,35,1177,366,168,92,1,-1,-1,-1
219,36,1516,585,141,132,1,-1,-1,-1
219,37,1185,371,160,88,1,-1,-1,-1
220,24,2037,862,136,108,1,-1,-1,-1
220,27,1092,451,72,44,1,-1,-1,-1
220,28,1264,721,124,124,1,-1,-1,-1
220,29,936,724,160,156,1,-1,-1,-1
220,31,1511,596,175,126,1,-1,-1,-1
220,32,1349,832,143,134,1,-1,-1,-1
220,33,1001,523,137,149,1,-1,-1,-1
220,34,1458,812,160,152,1,-1,-1,-1
220,35,1196,369,168,92,1,-1,-1,-1
220,36,1520,585,141,132,1,-1,-1,-1
220,37,1203,375,160,88,1,-1,-1,-1
221,24,2031,864,143,113,1,-1,-1,-1
221,27,1097,465,72,44,1,-1,-1,-1
221,28,1269,716,130,130,1,-1,-1,-1
221,29,949,723,160,156,1,-1,-1,-1
221,31,1515,592,175,126,1,-1,-1,-1
221,32,1353,834,143,134,1,-1,-1,-1
221,33,1015,519,137,149,1,-1,-1,-1
221,34,1467,807,152,145,1,-1,-1,-1
221,35,1231,372,176,97,1,-1,-1,-1
221,36,1530,581,141,132,1,-1,-1,-1
221,37,1246,380,160,88,1,-1,-1,-1
222,24,2030,870,143,113,1,-1,-1,-1
222,27,1116,464,72,44,1,-1,-1,-1
222,28,1277,712,130,130,1,-1,-1,-1
222,29,959,720,160,156,1,-1,-1,-1
222,31,1527,588,175,126,1,-1,-1,-1
222,32,1359,838,143,134,1,-1,-1,-1
222,33,1026,518,137,149,1,-1,-1,-1
222,34,1473,804,152,145,1,-1,-1,-1
222,35,1273,376,176,97,1,-1,-1,-1
222,36,1530,578,141,132,1,-1,-1,-1
222,37,1285,386,160,88,1,-1,-1,-1
223,24,2029,872,143,113,1,-1,-1,-1
223,28,1278,705,137,137,1,-1,-1,-1
223,29,963,718,160,156,1,-1,-1,-1
223,31,1529,585,175,126,1,-1,-1,-1
223,32,1357,835,150,141,1,-1,-1,-1
223,33,1033,513,137,149,1,-1,-1,-1
223,34,1474,803,152,145,1,-1,-1,-1
223,35,1297,382,168,92,1,-1,-1,-1
223,36,1536,578,141,132,1,-1,-1,-1
223,37,1304,389,160,88,1,-1,-1,-1
224,24,2031,876,136,108,1,-1,-1,-1
224,28,1286,702,137,137,1,-1,-1,-1
224,29,974,719,160,156,1,-1,-1,-1
224,31,1534,585,167,120,1,-1,-1,-1
224,32,1359,825,150,141,1,-1,-1,-1
224,33,1047,505,144,156,1,-1,-1,-1
224,34,1475,799,152,145,1,-1,-1,-1
224,35,1332,383,176,97,1,-1,-1,-1
224,36,1546,578,134,126,1,-1,-1,-1
224,37,1345,392,160,88,1,-1,-1,-1
225,24,2032,872,136,136,1,-1,-1,-1
225,28,1300,704,132,124,1,-1,-1,-1
225,29,980,684,156,172,1,-1,-1,-1
225,31,1534,585,167,120,1,-1,-1,-1
225,32,1359,825,150,141,1,-1,-1,-1
225,33,1080,508,116,136,1,-1,-1,-1
225,34,1492,784,168,204,1,-1,-1,-1
225,35,1332,383,176,97,1,-1,-1,-1
225,36,1544,556,140,156,1,-1,-1,-1
225,37,1384,396,160,88,1,-1,-1,-1
226,24,2033,874,136,136,1,-1,-1,-1
226,28,1303,703,132,124,1,-1,-1,-1
226,29,986,681,156,172,1,-1,-1,-1
226,31,1540,584,167,120,1,-1,-1,-1
226,32,1372,818,150,141,1,-1,-1,-1
226,33,1088,508,116,136,1,-1,-1,-1
226,34,1498,785,168,204,1,-1,-1,-1
226,35,1395,390,176,97,1,-1,-1,-1
226,36,1550,557,140,156,1,-1,-1,-1
226,37,1403,398,160,88,1,-1,-1,-1
227,24,2029,879,136,136,1,-1,-1,-1
227,28,1310,697,132,124,1,-1,-1,-1
227,29,995,674,156,172,1,-1,-1,-1
227,31,1547,582,159,114,1,-1,-1,-1
227,32,1379,812,143,134,1,-1,-1,-1
227,33,1102,509,116,136,1,-1,-1,-1
227,34,1509,785,168,204,1,-1,-1,-1
227,35,1435,396,176,97,1,-1,-1,-1
227,36,1552,554,140,156,1,-1,-1,-1
227,37,1442,404,160,88,1,-1,-1,-1
228,24,2029,885,136,136,1,-1,-1,-1
228,28,1315,696,132,124,1,-1,-1,-1
228,29,1000,669,156,172,1,-1,-1,-1
228,31,1550,582,159,114,1,-1,-1,-1
228,32,1386,805,143,134,1,-1,-1,-1
228,33,1116,511,116,136,1,-1,-1,-1
228,34,1522,781,168,204,1,-1,-1,-1
228,35,1473,400,176,97,1,-1,-1,-1
228,36,1556,559,133,149,1,-1,-1,-1
228,37,1479,409,160,88,1,-1,-1,-1
229,24,2028,888,136,136,1,-1,-1,-1
229,28,1318,693,132,124,1,-1,-1,-1
229,29,1005,667,156,172,1,-1,-1,-1
229,31,1555,584,159,114,1,-1,-1,-1
229,32,1388,805,143,134,1,-1,-1,-1
229,33,1125,513,116,136,1,-1,-1,-1
229,34,1526,776,168,204,1,-1,-1,-1
229,35,1492,404,176,97,1,-1,-1,-1
229,36,1560,561,133,149,1,-1,-1,-1
229,37,1499,412,160,88,1,-1,-1,-1
230,24,2024,893,136,136,1,-1,-1,-1
230,28,1324,689,132,124,1,-1,-1,-1
230,29,1013,661,156,172,1,-1,-1,-1
230,31,1559,585,151,109,1,-1,-1,-1
230,32,1392,796,143,134,1,-1,-1,-1
230,33,1135,513,116,136,1,-1,-1,-1
230,34,1526,759,168,204,1,-1,-1,-1
230,35,1528,408,176,97,1,-1,-1,-1
230,36,1561,556,133,149,1,-1,-1,-1
230,37,1535,416,160,88,1,-1,-1,-1
231,24,2024,897,136,136,1,-1,-1,-1
231,28,1333,687,132,124,1,-1,-1,-1
231,29,1023,659,156,172,1,-1,-1,-1
231,31,1569,585,151,109,1,-1,-1,-1
231,32,1399,791,143,134,1,-1,-1,-1
231,33,1151,508,116,136,1,-1,-1,-1
231,34,1542,753,168,204,1,-1,-1,-1
231,35,1567,411,176,97,1,-1,-1,-1
231,36,1570,556,133,149,1,-1,-1,-1
231,37,1574,420,160,88,1,-1,-1,-1
232,24,2023,903,136,136,1,-1,-1,-1
232,28,1338,688,126,118,1,-1,-1,-1
232,29,1027,658,156,172,1,-1,-1,-1
232,31,1568,582,151,109,1,-1,-1,-1
232,32,1402,793,143,134,1,-1,-1,-1
232,33,1156,506,116,136,1,-1,-1,-1
232,34,1543,747,168,204,1,-1,-1,-1
232,35,1585,416,176,97,1,-1,-1,-1
232,36,1568,554,133,149,1,-1,-1,-1
232,37,1592,424,160,88,1,-1,-1,-1
233,24,2024,924,136,128,1,-1,-1,-1
233,28,1344,680,148,120,1,-1,-1,-1
233,29,1036,676,188,172,1,-1,-1,-1
233,31,1580,564,132,128,1,-1,-1,-1
233,32,1404,796,160,116,1,-1,-1,-1
233,33,1164,508,148,148,1,-1,-1,-1
233,34,1552,748,128,144,1,-1,-1,-1
233,35,1585,416,176,97,1,-1,-1,-1
233,36,1568,554,133,149,1,-1,-1,-1
233,37,1592,424,160,88,1,-1,-1,-1
233,38,1636,432,160,96,1,-1,-1,-1
234,24,2021,926,136,128,1,-1,-1,-1
234,28,1353,679,148,120,1,-1,-1,-1
234,29,1047,678,188,172,1,-1,-1,-1
234,31,1583,560,132,128,1,-1,-1,-1
234,32,1412,796,160,116,1,-1,-1,-1
234,33,1179,508,148,148,1,-1,-1,-1
234,34,1559,744,128,144,1,-1,-1,-1
234,35,1658,429,176,97,1,-1,-1,-1
234,36,1580,546,133,149,1,-1,-1,-1
234,37,1664,436,160,88,1,-1,-1,-1
234,38,1667,433,168,101,1,-1,-1,-1
235,24,2022,927,136,128,1,-1,-1,-1
235,28,1352,676,148,120,1,-1,-1,-1
235,29,1050,674,188,172,1,-1,-1,-1
235,31,1585,558,132,128,1,-1,-1,-1
235,32,1406,787,168,122,1,-1,-1,-1
235,33,1186,507,148,148,1,-1,-1,-1
235,34,1563,743,128,144,1,-1,-1,-1
235,35,1676,431,176,97,1,-1,-1,-1
235,36,1582,543,133,149,1,-1,-1,-1
235,37,1683,439,160,88,1,-1,-1,-1
235,38,1685,437,168,101,1,-1,-1,-1
236,24,2020,930,136,128,1,-1,-1,-1
236,28,1360,673,148,120,1,-1,-1,-1
236,29,1059,671,188,172,1,-1,-1,-1
236,31,1592,557,132,128,1,-1,-1,-1
236,32,1403,778,168,122,1,-1,-1,-1
236,33,1199,504,148,148,1,-1,-1,-1
236,34,1571,740,128,144,1,-1,-1,-1
236,35,1712,435,176,97,1,-1,-1,-1
236,36,1590,544,127,141,1,-1,-1,-1
236,37,1718,443,160,88,1,-1,-1,-1
236,38,1722,443,168,101,1,-1,-1,-1
237,24,2022,925,136,128,1,-1,-1,-1
237,28,1369,664,141,114,1,-1,-1,-1
237,29,1080,675,179,164,1,-1,-1,-1
237,31,1595,553,132,128,1,-1,-1,-1
237,32,1412,771,168,122,1,-1,-1,-1
237,33,1213,502,148,148,1,-1,-1,-1
237,34,1581,735,128,144,1,-1,-1,-1
237,35,1750,440,176,97,1,-1,-1,-1
237,36,1596,541,127,141,1,-1,-1,-1
237,37,1757,448,160,88,1,-1,-1,-1
237,38,1759,446,168,101,1,-1,-1,-1
238,24,2026,924,136,128,1,-1,-1,-1
238,28,1374,662,141,114,1,-1,-1,-1
238,29,1079,668,188,172,1,-1,-1,-1
238,31,1597,551,132,128,1,-1,-1,-1
238,32,1420,769,168,122,1,-1,-1,-1
238,33,1218,501,148,148,1,-1,-1,-1
238,34,1583,733,128,144,1,-1,-1,-1
238,35,1772,445,168,92,1,-1,-1,-1
238,36,1597,541,127,141,1,-1,-1,-1
238,37,1776,451,160,88,1,-1,-1,-1
238,38,1777,450,168,101,1,-1,-1,-1
239,24,2071,940,136,128,1,-1,-1,-1
239,28,1389,662,134,109,1,-1,-1,-1
239,29,1084,660,188,172,1,-1,-1,-1
239,31,1604,550,132,128,1,-1,-1,-1
239,32,1424,762,168,122,1,-1,-1,-1
239,33,1231,505,148,148,1,-1,-1,-1
239,34,1591,732,128,144,1,-1,-1,-1
239,35,1804,448,176,97,1,-1,-1,-1
239,36,1602,540,127,141,1,-1,-1,-1
239,37,1810,456,160,88,1,-1,-1,-1
239,38,1809,452,176,106,1,-1,-1,-1
240,24,2087,964,130,122,1,-1,-1,-1
240,28,1397,659,134,109,1,-1,-1,-1
240,29,1096,660,179,164,1,-1,-1,-1
240,31,1610,550,132,128,1,-1,-1,-1
240,32,1420,759,176,128,1,-1,-1,-1
240,33,1244,509,141,141,1,-1,-1,-1
240,34,1598,729,128,144,1,-1,-1,-1
240,35,1840,453,176,97,1,-1,-1,-1
240,36,1607,541,127,141,1,-1,-1,-1
240,37,1845,463,160,88,1,-1,-1,-1
240,38,1845,460,176,106,1,-1,-1,-1
241,24,2087,964,130,122,1,-1,-1,-1
241,28,1408,652,104,104,1,-1,-1,-1
241,29,1100,652,144,152,1,-1,-1,-1
241,31,1608,552,156,136,1,-1,-1,-1
241,32,1424,740,164,144,1,-1,-1,-1
241,33,1252,512,116,144,1,-1,-1,-1
241,34,1596,732,140,164,1,-1,-1,-1
241,35,1840,453,176,97,1,-1,-1,-1
241,36,1607,541,127,141,1,-1,-1,-1
241,37,1845,463,160,88,1,-1,-1,-1
241,38,1868,468,160,104,1,-1,-1,-1
241,39,2004,892,148,176,1,-1,-1,-1
242,24,2103,984,123,116,1,-1,-1,-1
242,28,1411,650,104,104,1,-1,-1,-1
242,29,1103,650,144,152,1,-1,-1,-1
242,31,1609,552,156,136,1,-1,-1,-1
242,32,1430,737,164,144,1,-1,-1,-1
242,33,1260,517,116,144,1,-1,-1,-1
242,34,1607,733,140,164,1,-1,-1,-1
242,35,1892,467,168,92,1,-1,-1,-1
242,36,1608,543,127,141,1,-1,-1,-1
242,37,1893,473,160,88,1,-1,-1,-1
242,38,1898,473,160,104,1,-1,-1,-1
242,39,2010,895,148,176,1,-1,-1,-1
243,24,2102,985,123,116,1,-1,-1,-1
243,28,1413,647,104,104,1,-1,-1,-1
243,29,1108,653,137,145,1,-1,-1,-1
243,31,1607,552,156,136,1,-1,-1,-1
243,32,1433,734,164,144,1,-1,-1,-1
243,33,1266,518,116,144,1,-1,-1,-1
243,34,1606,727,133,156,1,-1,-1,-1
243,35,1921,471,168,92,1,-1,-1,-1
243,36,1607,543,127,141,1,-1,-1,-1
243,37,1924,477,160,88,1,-1,-1,-1
243,38,1925,475,168,109,1,-1,-1,-1
243,39,1998,891,148,176,1,-1,-1,-1
244,24,2092,991,123,116,1,-1,-1,-1
244,28,1412,647,104,104,1,-1,-1,-1
244,29,1109,654,137,145,1,-1,-1,-1
244,31,1608,552,156,136,1,-1,-1,-1
244,32,1432,733,164,144,1,-1,-1,-1
244,33,1270,522,110,137,1,-1,-1,-1
244,34,1609,726,133,156,1,-1,-1,-1
244,35,1935,474,168,92,1,-1,-1,-1
244,36,1606,544,127,141,1,-1,-1,-1
244,37,1938,480,160,88,1,-1,-1,-1
244,38,1939,477,168,109,1,-1,-1,-1
244,39,1994,884,155,185,1,-1,-1,-1
245,24,2105,987,123,116,1,-1,-1,-1
245,28,1409,645,104,104,1,-1,-1,-1
245,29,1109,653,137,145,1,-1,-1,-1
245,31,1605,553,156,136,1,-1,-1,-1
245,32,1436,734,156,137,1,-1,-1,-1
245,33,1273,521,110,137,1,-1,-1,-1
245,34,1616,723,127,149,1,-1,-1,-1
245,35,1952,475,176,97,1,-1,-1,-1
245,36,1601,542,127,141,1,-1,-1,-1
245,37,1961,484,160,88,1,-1,-1,-1
245,38,1961,482,168,109,1,-1,-1,-1
245,39,1997,880,155,185,1,-1,-1,-1
246,24,2064,1012,123,116,1,-1,-1,-1
246,28,1408,644,104,104,1,-1,-1,-1
246,29,1107,655,137,145,1,-1,-1,-1
246,31,1595,548,164,143,1,-1,-1,-1
246,32,1434,732,156,137,1,-1,-1,-1
246,33,1274,521,110,137,1,-1,-1,-1
246,34,1614,717,127,149,1,-1,-1,-1
246,35,1978,480,176,97,1,-1,-1,-1
246,36,1595,537,133,149,1,-1,-1,-1
246,37,1984,489,160,88,1,-1,-1,-1
246,38,1984,487,168,109,1,-1,-1,-1
246,39,1982,866,148,176,1,-1,-1,-1
247,24,2065,1011,123,116,1,-1,-1,-1
247,28,1407,645,104,104,1,-1,-1,-1
247,29,1106,656,137,145,1,-1,-1,-1
247,31,1591,547,164,143,1,-1,-1,-1
247,32,1430,729,156,137,1,-1,-1,-1
247,33,1274,520,110,137,1,-1,-1,-1
247,34,1615,712,127,149,1,-1,-1,-1
247,35,1995,485,168,92,1,-1,-1,-1
247,36,1592,536,133,149,1,-1,-1,-1
247,37,1998,491,160,88,1,-1,-1,-1
247,38,2001,491,160,104,1,-1,-1,-1
247,39,1981,856,155,185,1,-1,-1,-1
248,28,1403,641,104,104,1,-1,-1,-1
248,29,1106,657,137,145,1,-1,-1,-1
248,31,1583,541,164,143,1,-1,-1,-1
248,32,1414,714,156,137,1,-1,-1,-1
248,33,1277,517,110,137,1,-1,-1,-1
248,34,1614,708,127,149,1,-1,-1,-1
248,35,2015,490,168,92,1,-1,-1,-1
248,36,1587,531,133,149,1,-1,-1,-1
248,37,2018,495,160,88,1,-1,-1,-1
248,38,2021,497,160,104,1,-1,-1,-1
248,39,1956,843,155,185,1,-1,-1,-1
249,28,1403,641,104,104,1,-1,-1,-1
249,29,1108,664,164,148,1,-1,-1,-1
249,31,1583,541,164,143,1,-1,-1,-1
249,32,1414,714,156,137,1,-1,-1,-1
249,33,1276,508,116,136,1,-1,-1,-1
249,34,1620,692,108,140,1,-1,-1,-1
249,35,2015,490,168,92,1,-1,-1,-1
249,36,1584,548,128,120,1,-1,-1,-1
249,37,2018,495,160,88,1,-1,-1,-1
249,38,2040,500,164,104,1,-1,-1,-1
249,39,1968,848,112,144,1,-1,-1,-1
249,40,1404,648,136,180,1,-1,-1,-1
250,28,1396,635,104,104,1,-1,-1,-1
250,29,1109,665,164,148,1,-1,-1,-1
250,31,1573,542,156,136,1,-1,-1,-1
250,32,1397,700,156,137,1,-1,-1,-1
250,33,1275,508,116,136,1,-1,-1,-1
250,34,1620,691,108,140,1,-1,-1,-1
250,35,2046,494,168,92,1,-1,-1,-1
250,36,1579,547,128,120,1,-1,-1,-1
250,37,2049,500,160,88,1,-1,-1,-1
250,38,2049,501,164,104,1,-1,-1,-1
250,39,1966,847,112,144,1,-1,-1,-1
250,40,1405,651,130,171,1,-1,-1,-1
251,28,1395,634,104,104,1,-1,-1,-1
251,29,1103,665,164,148,1,-1,-1,-1
251,31,1565,546,149,130,1,-1,-1,-1
251,32,1386,696,156,137,1,-1,-1,-1
251,33,1270,505,116,136,1,-1,-1,-1
251,34,1611,686,113,147,1,-1,-1,-1
251,35,2063,499,168,92,1,-1,-1,-1
251,36,1571,550,122,114,1,-1,-1,-1
251,37,2061,502,168,92,1,-1,-1,-1
251,38,2065,504,164,104,1,-1,-1,-1
251,39,1952,836,112,144,1,-1,-1,-1
251,40,1400,653,123,163,1,-1,-1,-1
252,28,1386,628,104,104,1,-1,-1,-1
252,29,1097,663,164,148,1,-1,-1,-1
252,31,1557,549,149,130,1,-1,-1,-1
252,32,1380,698,149,131,1,-1,-1,-1
252,33,1268,503,116,136,1,-1,-1,-1
252,34,1606,683,113,147,1,-1,-1,-1
252,35,2081,503,168,92,1,-1,-1,-1
252,36,1562,552,122,114,1,-1,-1,-1
252,37,2081,505,168,92,1,-1,-1,-1
252,38,2085,508,164,104,1,-1,-1,-1
252,39,1945,831,107,137,1,-1,-1,-1
252,40,1394,650,123,163,1,-1,-1,-1
253,28,1386,627,104,104,1,-1,-1,-1
253,29,1093,660,164,148,1,-1,-1,-1
253,31,1554,549,149,130,1,-1,-1,-1
253,32,1382,701,142,124,1,-1,-1,-1
253,33,1266,503,116,136,1,-1,-1,-1
253,34,1605,680,113,147,1,-1,-1,-1
253,35,2094,504,168,92,1,-1,-1,-1
253,36,1559,553,122,114,1,-1,-1,-1
253,37,2093,507,168,92,1,-1,-1,-1
253,38,2098,509,164,104,1,-1,-1,-1
253,39,1939,826,107,137,1,-1,-1,-1
253,40,1392,649,123,163,1,-1,-1,-1
254,28,1383,625,104,104,1,-1,-1,-1
254,29,1088,657,172,155,1,-1,-1,-1
254,31,1546,551,149,130,1,-1,-1,-1
254,32,1372,699,142,124,1,-1,-1,-1
254,33,1264,504,116,136,1,-1,-1,-1
254,34,1601,677,113,147,1,-1,-1,-1
254,35,2112,507,168,92,1,-1,-1,-1
254,36,1550,554,122,114,1,-1,-1,-1
254,37,2111,511,168,92,1,-1,-1,-1
254,38,2115,512,164,104,1,-1,-1,-1
254,39,1930,819,102,131,1,-1,-1,-1
254,40,1387,648,123,163,1,-1,-1,-1
255,28,1379,624,104,104,1,-1,-1,-1
255,29,1086,653,172,155,1,-1,-1,-1
255,31,1538,552,149,130,1,-1,-1,-1
255,32,1370,698,142,124,1,-1,-1,-1
255,33,1263,507,116,136,1,-1,-1,-1
255,34,1598,676,113,147,1,-1,-1,-1
255,35,2130,510,168,92,1,-1,-1,-1
255,36,1542,556,122,114,1,-1,-1,-1
255,37,2133,516,160,88,1,-1,-1,-1
255,38,2133,515,164,104,1,-1,-1,-1
255,39,1926,809,102,131,1,-1,-1,-1
255,40,1383,647,123,163,1,-1,-1,-1
256,28,1377,624,104,104,1,-1,-1,-1
256,29,1084,651,172,155,1,-1,-1,-1
256,31,1532,553,149,130,1,-1,-1,-1
256,32,1366,696,142,124,1,-1,-1,-1
256,33,1263,508,116,136,1,-1,-1,-1
256,34,1595,675,113,147,1,-1,-1,-1
256,35,2141,512,168,92,1,-1,-1,-1
256,36,1537,557,122,114,1,-1,-1,-1
256,37,2148,521,152,84,1,-1,-1,-1
256,38,2143,518,164,104,1,-1,-1,-1
256,39,1920,808,102,131,1,-1,-1,-1
256,40,1380,645,123,163,1,-1,-1,-1
257,28,1377,624,104,104,1,-1,-1,-1
257,29,1076,648,128,140,1,-1,-1,-1
257,31,1528,548,144,136,1,-1,-1,-1
257,32,1366,696,142,124,1,-1,-1,-1
257,33,1252,508,120,136,1,-1,-1,-1
257,34,1592,680,132,140,1,-1,-1,-1
257,35,2141,512,168,92,1,-1,-1,-1
257,36,1537,557,122,114,1,-1,-1,-1
257,37,2148,521,152,84,1,-1,-1,-1
257,38,2143,518,164,104,1,-1,-1,-1
257,39,1916,812,108,120,1,-1,-1,-1
257,40,1368,628,128,188,1,-1,-1,-1
258,28,1369,623,104,104,1,-1,-1,-1
258,29,1074,650,128,140,1,-1,-1,-1
258,31,1526,548,144,136,1,-1,-1,-1
258,32,1364,692,149,131,1,-1,-1,-1
258,33,1255,508,120,136,1,-1,-1,-1
258,34,1592,678,132,140,1,-1,-1,-1
258,35,2178,523,168,92,1,-1,-1,-1
258,36,1524,552,128,120,1,-1,-1,-1
258,37,2181,525,160,88,1,-1,-1,-1
258,38,2180,528,164,104,1,-1,-1,-1
258,39,1915,809,108,120,1,-1,-1,-1
258,40,1366,627,128,188,1,-1,-1,-1
259,28,1368,624,104,104,1,-1,-1,-1
259,29,1072,652,128,140,1,-1,-1,-1
259,31,1525,548,144,136,1,-1,-1,-1
259,32,1356,688,149,131,1,-1,-1,-1
259,33,1256,509,120,136,1,-1,-1,-1
259,34,1591,676,132,140,1,-1,-1,-1
259,35,2192,524,168,92,1,-1,-1,-1
259,36,1522,551,128,120,1,-1,-1,-1
259,37,2195,528,160,88,1,-1,-1,-1
259,38,2194,530,164,104,1,-1,-1,-1
259,39,1908,805,108,120,1,-1,-1,-1
259,40,1364,626,128,188,1,-1,-1,-1
260,28,1369,623,104,104,1,-1,-1,-1
260,29,1067,653,128,140,1,-1,-1,-1
260,31,1521,542,144,136,1,-1,-1,-1
260,32,1353,689,149,131,1,-1,-1,-1
260,33,1258,507,120,136,1,-1,-1,-1
260,34,1591,670,132,140,1,-1,-1,-1
260,35,2212,528,168,92,1,-1,-1,-1
260,36,1521,546,128,120,1,-1,-1,-1
260,37,2215,533,160,88,1,-1,-1,-1
260,38,2214,534,164,104,1,-1,-1,-1
260,39,1902,799,103,114,1,-1,-1,-1
260,40,1365,626,128,188,1,-1,-1,-1
261,28,1369,621,104,104,1,-1,-1,-1
261,29,1066,659,128,140,1,-1,-1,-1
261,31,1518,538,144,136,1,-1,-1,-1
261,32,1350,686,149,131,1,-1,-1,-1
261,33,1261,502,120,136,1,-1,-1,-1
261,34,1592,663,132,140,1,-1,-1,-1
261,35,2234,532,168,92,1,-1,-1,-1
261,36,1517,542,128,120,1,-1,-1,-1
261,37,2233,536,168,92,1,-1,-1,-1
261,38,2237,537,164,104,1,-1,-1,-1
261,39,1902,797,103,114,1,-1,-1,-1
261,40,1365,627,128,188,1,-1,-1,-1
262,28,1371,621,104,104,1,-1,-1,-1
262,29,1068,661,128,140,1,-1,-1,-1
262,31,1514,536,144,136,1,-1,-1,-1
262,32,1336,672,149,131,1,-1,-1,-1
262,33,1262,499,120,136,1,-1,-1,-1
262,34,1593,664,132,140,1,-1,-1,-1
262,35,2247,534,168,92,1,-1,-1,-1
262,36,1515,542,128,120,1,-1,-1,-1
262,37,2247,537,168,92,1,-1,-1,-1
262,38,2250,540,164,104,1,-1,-1,-1
262,39,1899,797,103,114,1,-1,-1,-1
262,40,1367,628,122,179,1,-1,-1,-1
263,28,1373,620,99,99,1,-1,-1,-1
263,29,1064,664,128,140,1,-1,-1,-1
263,31,1510,534,144,136,1,-1,-1,-1
263,32,1335,671,149,131,1,-1,-1,-1
263,33,1264,498,120,136,1,-1,-1,-1
263,34,1592,663,132,140,1,-1,-1,-1
263,35,2266,538,168,92,1,-1,-1,-1
263,36,1508,541,128,120,1,-1,-1,-1
263,37,2266,542,168,92,1,-1,-1,-1
263,38,2269,544,164,104,1,-1,-1,-1
263,39,1893,794,103,114,1,-1,-1,-1
263,40,1365,630,116,171,1,-1,-1,-1
264,28,1372,620,99,99,1,-1,-1,-1
264,29,1062,667,128,140,1,-1,-1,-1
264,31,1503,537,144,136,1,-1,-1,-1
264,32,1335,675,142,124,1,-1,-1,-1
264,33,1265,499,120,136,1,-1,-1,-1
264,34,1588,666,132,140,1,-1,-1,-1
264,35,2287,544,168,92,1,-1,-1,-1
264,36,1503,542,128,120,1,-1,-1,-1
264,37,2280,545,176,97,1,-1,-1,-1
264,38,2289,551,164,104,1,-1,-1,-1
264,40,1363,628,116,171,1,-1,-1,-1
265,28,1372,620,99,99,1,-1,-1,-1
265,29,1060,636,164,172,1,-1,-1,-1
265,31,1503,537,144,136,1,-1,-1,-1
265,32,1335,675,142,124,1,-1,-1,-1
265,33,1280,500,92,132,1,-1,-1,-1
265,34,1596,668,104,144,1,-1,-1,-1
265,35,2287,544,168,92,1,-1,-1,-1
265,36,1504,544,112,120,1,-1,-1,-1
265,37,2280,545,176,97,1,-1,-1,-1
265,38,2300,556,168,92,1,-1,-1,-1
265,40,1363,628,116,171,1,-1,-1,-1
265,41,1876,764,108,144,1,-1,-1,-1
266,28,1365,618,99,99,1,-1,-1,-1
266,29,1062,637,164,172,1,-1,-1,-1
266,31,1496,536,144,136,1,-1,-1,-1
266,32,1331,681,142,124,1,-1,-1,-1
266,33,1280,502,92,132,1,-1,-1,-1
266,34,1595,669,104,144,1,-1,-1,-1
266,35,2314,550,168,92,1,-1,-1,-1
266,36,1500,545,112,120,1,-1,-1,-1
266,37,2315,554,168,92,1,-1,-1,-1
266,38,2318,559,168,92,1,-1,-1,-1
266,40,1354,623,122,179,1,-1,-1,-1
266,41,1875,763,108,144,1,-1,-1,-1
267,28,1362,620,99,99,1,-1,-1,-1
267,29,1053,634,164,172,1,-1,-1,-1
267,31,1492,541,144,136,1,-1,-1,-1
267,32,1326,681,142,124,1,-1,-1,-1
267,33,1280,505,92,132,1,-1,-1,-1
267,34,1593,671,104,144,1,-1,-1,-1
267,35,2327,553,176,97,1,-1,-1,-1
267,36,1493,548,112,120,1,-1,-1,-1
267,37,2332,560,168,92,1,-1,-1,-1
267,38,2336,566,168,92,1,-1,-1,-1
267,40,1348,623,122,179,1,-1,-1,-1
267,41,1860,750,113,151,1,-1,-1,-1
268,28,1360,619,99,99,1,-1,-1,-1
268,29,1051,634,164,172,1,-1,-1,-1
268,31,1488,545,144,136,1,-1,-1,-1
268,33,1277,503,97,139,1,-1,-1,-1
268,34,1592,670,104,144,1,-1,-1,-1
268,35,2336,555,176,97,1,-1,-1,-1
268,36,1491,550,112,120,1,-1,-1,-1
268,37,2340,563,168,92,1,-1,-1,-1
268,38,2346,567,168,92,1,-1,-1,-1
268,40,1346,624,122,179,1,-1,-1,-1
268,41,1856,746,119,159,1,-1,-1,-1
269,28,1359,620,99,99,1,-1,-1,-1
269,29,1049,635,164,172,1,-1,-1,-1
269,31,1485,550,144,136,1,-1,-1,-1
269,33,1277,506,97,139,1,-1,-1,-1
269,34,1592,672,99,137,1,-1,-1,-1
269,35,2355,560,176,97,1,-1,-1,-1
269,36,1487,556,112,120,1,-1,-1,-1
269,37,2359,567,168,92,1,-1,-1,-1
269,38,2361,570,176,97,1,-1,-1,-1
269,40,1350,630,116,171,1,-1,-1,-1
269,41,1852,744,119,159,1,-1,-1,-1
270,28,1357,624,99,99,1,-1,-1,-1
270,29,1047,637,164,172,1,-1,-1,-1
270,31,1476,552,144,136,1,-1,-1,-1
270,33,1277,508,97,139,1,-1,-1,-1
270,34,1591,672,99,137,1,-1,-1,-1
270,35,2377,564,176,97,1,-1,-1,-1
270,36,1484,558,112,120,1,-1,-1,-1
270,37,2379,571,168,92,1,-1,-1,-1
270,38,2380,574,176,97,1,-1,-1,-1
270,40,1351,632,116,171,1,-1,-1,-1
270,41,1851,742,119,159,1,-1,-1,-1
271,28,1358,624,99,99,1,-1,-1,-1
271,29,1047,639,164,172,1,-1,-1,-1
271,31,1477,555,144,136,1,-1,-1,-1
271,33,1281,508,97,139,1,-1,-1,-1
271,34,1591,669,99,137,1,-1,-1,-1
271,35,2389,567,171,97,1,-1,-1,-1
271,36,1485,559,112,120,1,-1,-1,-1
271,37,2393,574,167,92,1,-1,-1,-1
271,38,2398,580,162,92,1,-1,-1,-1
271,40,1352,633,116,171,1,-1,-1,-1
271,41,1850,745,119,159,1,-1,-1,-1
272,28,1358,624,99,99,1,-1,-1,-1
272,29,1042,639,164,172,1,-1,-1,-1
272,31,1476,555,144,136,1,-1,-1,-1
272,33,1283,507,97,139,1,-1,-1,-1
272,34,1589,667,99,137,1,-1,-1,-1
272,35,2409,572,151,97,1,-1,-1,-1
272,36,1482,562,112,120,1,-1,-1,-1
272,37,2414,578,146,92,1,-1,-1,-1
272,38,2417,583,143,92,1,-1,-1,-1
272,40,1356,635,116,171,1,-1,-1,-1
272,41,1848,739,119,159,1,-1,-1,-1
273,28,1358,624,99,99,1,-1,-1,-1
273,29,1040,668,124,144,1,-1,-1,-1
273,31,1476,555,144,136,1,-1,-1,-1
273,33,1284,508,104,124,1,-1,-1,-1
273,34,1572,652,124,136,1,-1,-1,-1
273,35,2409,572,151,97,1,-1,-1,-1
273,36,1480,540,112,132,1,-1,-1,-1
273,37,2414,578,146,92,1,-1,-1,-1
273,38,2417,583,143,92,1,-1,-1,-1
273,40,1348,652,128,144,1,-1,-1,-1
273,41,1848,748,100,124,1,-1,-1,-1
274,28,1352,622,99,99,1,-1,-1,-1
274,29,1038,670,124,144,1,-1,-1,-1
274,31,1464,546,144,136,1,-1,-1,-1
274,33,1284,507,104,124,1,-1,-1,-1
274,34,1570,651,124,136,1,-1,-1,-1
274,35,2444,575,116,97,1,-1,-1,-1
274,36,1478,539,112,132,1,-1,-1,-1
274,37,2446,581,114,92,1,-1,-1,-1
274,38,2450,586,110,92,1,-1,-1,-1
274,40,1346,651,128,144,1,-1,-1,-1
274,41,1845,747,100,124,1,-1,-1,-1
275,28,1349,618,99,99,1,-1,-1,-1
275,29,1030,674,124,144,1,-1,-1,-1
275,31,1463,543,144,136,1,-1,-1,-1
275,33,1285,503,104,124,1,-1,-1,-1
275,34,1569,648,124,136,1,-1,-1,-1
275,35,2464,578,96,97,1,-1,-1,-1
275,36,1477,536,112,132,1,-1,-1,-1
275,37,2469,584,91,88,1,-1,-1,-1
275,38,2473,590,87,88,1,-1,-1,-1
275,40,1344,649,128,144,1,-1,-1,-1
275,41,1840,747,95,118,1,-1,-1,-1
276,28,1344,617,99,99,1,-1,-1,-1
276,29,1018,678,124,144,1,-1,-1,-1
276,31,1457,539,144,136,1,-1,-1,-1
276,33,1282,498,104,124,1,-1,-1,-1
276,34,1565,646,124,136,1,-1,-1,-1
276,35,2499,580,61,97,1,-1,-1,-1
276,36,1468,532,112,132,1,-1,-1,-1
276,37,2501,588,59,88,1,-1,-1,-1
276,38,2504,593,56,88,1,-1,-1,-1
276,40,1339,645,128,144,1,-1,-1,-1
276,41,1840,746,95,118,1,-1,-1,-1
277,28,1342,615,99,99,1,-1,-1,-1
277,29,1013,682,124,144,1,-1,-1,-1
277,31,1457,540,137,130,1,-1,-1,-1
277,33,1280,497,104,124,1,-1,-1,-1
277,34,1563,646,124,136,1,-1,-1,-1
277,35,2513,581,47,97,1,-1,-1,-1
277,36,1465,530,112,132,1,-1,-1,-1
277,37,2512,588,48,88,1,-1,-1,-1
277,38,2514,595,46,88,1,-1,-1,-1
277,40,1337,643,128,144,1,-1,-1,-1
277,41,1840,746,95,118,1,-1,-1,-1
278,28,1337,612,99,99,1,-1,-1,-1
278,29,1001,684,124,144,1,-1,-1,-1
278,31,1452,542,131,123,1,-1,-1,-1
278,33,1278,496,104,124,1,-1,-1,-1
278,34,1560,647,124,136,1,-1,-1,-1
278,35,2503,600,57,92,1,-1,-1,-1
278,36,1461,530,112,132,1,-1,-1,-1
278,37,2403,574,157,88,1,-1,-1,-1
278,38,2401,572,159,92,1,-1,-1,-1
278,40,1335,641,128,144,1,-1,-1,-1
278,41,1842,746,95,118,1,-1,-1,-1
279,28,1334,612,99,99,1,-1,-1,-1
279,29,991,684,130,151,1,-1,-1,-1
279,31,1448,543,131,123,1,-1,-1,-1
279,33,1277,495,104,124,1,-1,-1,-1
279,34,1560,647,124,136,1,-1,-1,-1
279,35,2505,615,55,92,1,-1,-1,-1
279,36,1456,531,112,132,1,-1,-1,-1
279,37,2386,564,168,92,1,-1,-1,-1
279,38,2383,573,176,97,1,-1,-1,-1
279,40,1335,642,122,137,1,-1,-1,-1
279,41,1840,744,100,124,1,-1,-1,-1
280,28,1332,612,99,99,1,-1,-1,-1
280,29,985,682,130,151,1,-1,-1,-1
280,31,1446,543,131,123,1,-1,-1,-1
280,33,1276,495,104,124,1,-1,-1,-1
280,34,1559,648,124,136,1,-1,-1,-1
280,35,2501,608,59,97,1,-1,-1,-1
280,36,1450,527,118,139,1,-1,-1,-1
280,37,2382,562,176,97,1,-1,-1,-1
280,38,2383,570,176,97,1,-1,-1,-1
280,40,1333,644,122,137,1,-1,-1,-1
280,41,1839,746,100,124,1,-1,-1,-1
281,28,1332,612,99,99,1,-1,-1,-1
281,29,972,688,140,148,1,-1,-1,-1
281,31,1444,540,112,120,1,-1,-1,-1
281,33,1272,496,96,128,1,-1,-1,-1
281,34,1560,648,140,160,1,-1,-1,-1
281,35,2501,608,59,97,1,-1,-1,-1
281,36,1450,527,118,139,1,-1,-1,-1
281,37,2382,562,176,97,1,-1,-1,-1
281,38,2383,570,176,97,1,-1,-1,-1
281,40,1333,644,122,137,1,-1,-1,-1
281,41,1836,744,136,140,1,-1,-1,-1
282,28,1321,614,99,99,1,-1,-1,-1
282,29,960,689,140,148,1,-1,-1,-1
282,31,1439,543,112,120,1,-1,-1,-1
282,33,1268,497,96,128,1,-1,-1,-1
282,34,1559,650,140,160,1,-1,-1,-1
282,35,2505,601,55,97,1,-1,-1,-1
282,36,1438,529,118,139,1,-1,-1,-1
282,37,2308,566,176,97,1,-1,-1,-1
282,38,2321,575,168,92,1,-1,-1,-1
282,40,1325,645,122,137,1,-1,-1,-1
282,41,1834,745,136,140,1,-1,-1,-1
283,28,1319,614,99,99,1,-1,-1,-1
283,29,951,687,140,148,1,-1,-1,-1
283,31,1437,543,112,120,1,-1,-1,-1
283,33,1267,498,96,128,1,-1,-1,-1
283,34,1559,649,140,160,1,-1,-1,-1
283,35,2501,615,59,102,1,-1,-1,-1
283,36,1438,528,118,139,1,-1,-1,-1
283,37,2321,569,176,97,1,-1,-1,-1
283,38,2329,572,168,92,1,-1,-1,-1
283,40,1324,645,122,137,1,-1,-1,-1
283,41,1834,745,136,140,1,-1,-1,-1
284,28,1312,616,99,99,1,-1,-1,-1
284,29,939,690,140,148,1,-1,-1,-1
284,31,1432,540,112,120,1,-1,-1,-1
284,33,1265,497,96,128,1,-1,-1,-1
284,34,1554,644,147,168,1,-1,-1,-1
284,35,2501,622,59,102,1,-1,-1,-1
284,36,1433,524,123,146,1,-1,-1,-1
284,37,2263,571,176,97,1,-1,-1,-1
284,38,2326,568,168,92,1,-1,-1,-1
284,40,1321,645,128,144,1,-1,-1,-1
284,41,1836,743,136,140,1,-1,-1,-1
285,28,1314,618,99,99,1,-1,-1,-1
285,29,931,692,140,148,1,-1,-1,-1
285,31,1433,537,112,120,1,-1,-1,-1
285,33,1266,493,96,128,1,-1,-1,-1
285,34,1560,645,147,168,1,-1,-1,-1
285,35,2503,618,57,102,1,-1,-1,-1
285,36,1432,521,123,146,1,-1,-1,-1
285,37,2283,570,176,97,1,-1,-1,-1
285,38,2302,574,160,88,1,-1,-1,-1
285,40,1325,645,128,144,1,-1,-1,-1
285,41,1840,742,136,140,1,-1,-1,-1
286,28,1314,617,99,99,1,-1,-1,-1
286,29,928,694,140,148,1,-1,-1,-1
286,31,1434,535,112,120,1,-1,-1,-1
286,33,1267,491,96,128,1,-1,-1,-1
286,34,1558,638,154,176,1,-1,-1,-1
286,35,2511,608,49,97,1,-1,-1,-1
286,36,1432,519,123,146,1,-1,-1,-1
286,37,2289,572,185,102,1,-1,-1,-1
286,38,2327,573,152,83,1,-1,-1,-1
286,40,1333,648,122,137,1,-1,-1,-1
286,41,1843,741,136,140,1,-1,-1,-1
287,29,922,694,147,155,1,-1,-1,-1
287,31,1438,531,112,120,1,-1,-1,-1
287,33,1271,487,96,128,1,-1,-1,-1
287,34,1564,637,147,168,1,-1,-1,-1
287,36,1437,515,123,146,1,-1,-1,-1
287,40,1341,651,122,137,1,-1,-1,-1
287,41,1852,741,136,140,1,-1,-1,-1
288,29,914,697,147,155,1,-1,-1,-1
288,31,1440,522,112,120,1,-1,-1,-1
288,33,1275,478,101,134,1,-1,-1,-1
288,34,1568,631,147,168,1,-1,-1,-1
288,36,1440,508,123,146,1,-1,-1,-1
288,40,1343,642,122,137,1,-1,-1,-1
288,41,1860,738,136,140,1,-1,-1,-1
289,29,914,697,147,155,1,-1,-1,-1
289,31,1440,522,112,120,1,-1,-1,-1
289,33,1275,478,101,134,1,-1,-1,-1
289,34,1568,631,147,168,1,-1,-1,-1
289,36,1436,508,136,156,1,-1,-1,-1
289,40,1343,642,122,137,1,-1,-1,-1
289,41,1864,724,112,136,1,-1,-1,-1
290,29,909,706,147,155,1,-1,-1,-1
290,31,1443,516,112,120,1,-1,-1,-1
290,33,1281,471,101,134,1,-1,-1,-1
290,34,1574,626,147,168,1,-1,-1,-1
290,36,1439,505,136,156,1,-1,-1,-1
290,40,1355,635,122,137,1,-1,-1,-1
290,41,1869,725,112,136,1,-1,-1,-1
291,29,906,710,140,148,1,-1,-1,-1
291,31,1449,514,112,120,1,-1,-1,-1
291,33,1284,469,101,134,1,-1,-1,-1
291,34,1576,624,147,168,1,-1,-1,-1
291,36,1443,502,136,156,1,-1,-1,-1
291,40,1356,632,122,137,1,-1,-1,-1
291,41,1875,726,112,136,1,-1,-1,-1
292,29,907,712,140,148,1,-1,-1,-1
292,31,1451,513,112,120,1,-1,-1,-1
292,33,1289,468,101,134,1,-1,-1,-1
292,34,1581,627,140,160,1,-1,-1,-1
292,36,1446,499,136,156,1,-1,-1,-1
292,40,1354,628,128,144,1,-1,-1,-1
292,41,1877,725,112,136,1,-1,-1,-1
293,29,914,715,133,141,1,-1,-1,-1
293,31,1456,513,112,120,1,-1,-1,-1
293,33,1292,464,106,141,1,-1,-1,-1
293,34,1587,626,140,160,1,-1,-1,-1
293,36,1450,498,136,156,1,-1,-1,-1
293,41,1882,724,112,136,1,-1,-1,-1
294,29,915,715,133,141,1,-1,-1,-1
294,31,1458,515,112,120,1,-1,-1,-1
294,33,1294,465,106,141,1,-1,-1,-1
294,34,1590,627,140,160,1,-1,-1,-1
294,36,1450,496,143,164,1,-1,-1,-1
294,41,1888,726,112,136,1,-1,-1,-1
295,29,916,714,127,134,1,-1,-1,-1
295,31,1461,516,112,120,1,-1,-1,-1
295,33,1297,465,106,141,1,-1,-1,-1
295,34,1592,629,140,160,1,-1,-1,-1
295,36,1452,498,143,164,1,-1,-1,-1
295,41,1888,724,118,143,1,-1,-1,-1
296,29,897,706,133,141,1,-1,-1,-1
296,31,1465,518,112,120,1,-1,-1,-1
296,33,1298,465,106,141,1,-1,-1,-1
296,34,1599,631,140,160,1,-1,-1,-1
296,36,1454,499,143,164,1,-1,-1,-1
296,41,1894,726,112,136,1,-1,-1,-1
297,29,897,706,133,141,1,-1,-1,-1
297,31,1465,518,112,120,1,-1,-1,-1
297,33,1284,472,156,156,1,-1,-1,-1
297,34,1588,620,176,188,1,-1,-1,-1
297,36,1464,496,136,168,1,-1,-1,-1
297,41,1896,728,152,164,1,-1,-1,-1
297,42,1396,644,128,152,1,-1,-1,-1
298,29,891,703,140,148,1,-1,-1,-1
298,31,1468,512,118,126,1,-1,-1,-1
298,33,1285,472,156,156,1,-1,-1,-1
298,34,1593,621,176,188,1,-1,-1,-1
298,36,1467,496,136,168,1,-1,-1,-1
298,41,1905,731,145,156,1,-1,-1,-1
298,42,1400,646,128,152,1,-1,-1,-1
299,29,891,706,140,148,1,-1,-1,-1
299,31,1472,510,118,126,1,-1,-1,-1
299,33,1288,469,156,156,1,-1,-1,-1
299,34,1599,620,176,188,1,-1,-1,-1
299,36,1471,494,136,168,1,-1,-1,-1
299,41,1909,729,145,156,1,-1,-1,-1
299,42,1407,646,128,152,1,-1,-1,-1
300,29,912,737,133,141,1,-1,-1,-1
300,31,1475,503,118,126,1,-1,-1,-1
300,33,1289,466,156,156,1,-1,-1,-1
300,34,1607,624,168,179,1,-1,-1,-1
300,36,1473,491,136,168,1,-1,-1,-1
300,41,1914,725,145,156,1,-1,-1,-1
300,42,1413,639,128,152,1,-1,-1,-1
301,29,921,751,133,141,1,-1,-1,-1
301,31,1475,502,118,126,1,-1,-1,-1
301,33,1285,461,164,164,1,-1,-1,-1
301,34,1608,621,168,179,1,-1,-1,-1
301,36,1475,489,136,168,1,-1,-1,-1
301,41,1917,723,145,156,1,-1,-1,-1
301,42,1414,638,128,152,1,-1,-1,-1
302,29,935,756,133,141,1,-1,-1,-1
302,31,1476,495,118,126,1,-1,-1,-1
302,33,1284,456,164,164,1,-1,-1,-1
302,34,1611,617,168,179,1,-1,-1,-1
302,36,1479,482,136,168,1,-1,-1,-1
302,41,1923,723,145,156,1,-1,-1,-1
302,42,1417,635,128,152,1,-1,-1,-1
303,29,952,768,133,141,1,-1,-1,-1
303,31,1478,491,118,126,1,-1,-1,-1
303,33,1285,449,164,164,1,-1,-1,-1
303,34,1614,611,168,179,1,-1,-1,-1
303,36,1481,474,136,168,1,-1,-1,-1
303,41,1927,720,145,156,1,-1,-1,-1
303,42,1419,630,128,152,1,-1,-1,-1
304,29,960,773,133,141,1,-1,-1,-1
304,31,1479,489,118,126,1,-1,-1,-1
304,33,1282,447,164,164,1,-1,-1,-1
304,34,1615,611,168,179,1,-1,-1,-1
304,36,1481,473,136,168,1,-1,-1,-1
304,41,1930,723,145,156,1,-1,-1,-1
304,42,1420,630,128,152,1,-1,-1,-1
305,29,960,773,133,141,1,-1,-1,-1
305,31,1479,489,118,126,1,-1,-1,-1
305,33,1282,447,164,164,1,-1,-1,-1
305,34,1615,611,168,179,1,-1,-1,-1
305,36,1481,473,136,168,1,-1,-1,-1
305,41,1930,723,145,156,1,-1,-1,-1
305,42,1420,630,128,152,1,-1,-1,-1
306,31,1482,490,118,126,1,-1,-1,-1
306,33,1277,440,172,172,1,-1,-1,-1
306,34,1621,613,168,179,1,-1,-1,-1
306,36,1480,469,143,176,1,-1,-1,-1
306,41,1930,719,145,156,1,-1,-1,-1
306,42,1421,631,128,152,1,-1,-1,-1
307,31,1479,488,123,132,1,-1,-1,-1
307,33,1274,440,172,172,1,-1,-1,-1
307,34,1620,615,168,179,1,-1,-1,-1
307,36,1478,470,143,176,1,-1,-1,-1
307,41,1928,718,152,164,1,-1,-1,-1
307,42,1416,630,134,160,1,-1,-1,-1
308,31,1470,490,130,139,1,-1,-1,-1
308,33,1264,443,172,172,1,-1,-1,-1
308,34,1616,619,168,179,1,-1,-1,-1
308,36,1470,470,150,185,1,-1,-1,-1
308,41,1928,722,152,164,1,-1,-1,-1
308,42,1413,633,134,160,1,-1,-1,-1
309,31,1465,496,130,139,1,-1,-1,-1
309,33,1255,447,172,172,1,-1,-1,-1
309,34,1610,618,176,188,1,-1,-1,-1
309,36,1461,473,150,185,1,-1,-1,-1
309,41,1918,721,152,164,1,-1,-1,-1
309,42,1413,638,134,160,1,-1,-1,-1
310,31,1456,494,136,146,1,-1,-1,-1
310,33,1248,449,172,172,1,-1,-1,-1
310,34,1600,617,185,197,1,-1,-1,-1
310,36,1455,475,150,185,1,-1,-1,-1
310,41,1913,721,152,164,1,-1,-1,-1
310,42,1410,641,134,160,1,-1,-1,-1
311,31,1444,494,136,146,1,-1,-1,-1
311,33,1234,452,172,172,1,-1,-1,-1
311,34,1591,621,185,197,1,-1,-1,-1
311,36,1448,480,150,185,1,-1,-1,-1
311,41,1897,722,152,164,1,-1,-1,-1
311,42,1402,646,134,160,1,-1,-1,-1
312,31,1434,497,136,146,1,-1,-1,-1
312,33,1224,456,172,172,1,-1,-1,-1
312,34,1578,619,194,207,1,-1,-1,-1
312,36,1436,482,150,185,1,-1,-1,-1
312,41,1886,722,152,164,1,-1,-1,-1
312,42,1398,650,134,160,1,-1,-1,-1
313,31,1434,497,136,146,1,-1,-1,-1
313,33,1212,444,168,192,1,-1,-1,-1
313,34,1568,604,196,220,1,-1,-1,-1
313,36,1436,482,150,185,1,-1,-1,-1
313,41,1876,724,148,164,1,-1,-1,-1
313,42,1398,650,134,160,1,-1,-1,-1
313,43,800,660,140,212,1,-1,-1,-1
314,31,1415,497,143,153,1,-1,-1,-1
314,33,1206,448,168,192,1,-1,-1,-1
314,34,1562,607,196,220,1,-1,-1,-1
314,36,1418,483,150,185,1,-1,-1,-1
314,41,1864,722,148,164,1,-1,-1,-1
314,42,1390,650,134,160,1,-1,-1,-1
314,43,798,665,140,212,1,-1,-1,-1
315,31,1405,498,143,153,1,-1,-1,-1
315,33,1194,449,168,192,1,-1,-1,-1
315,34,1555,607,196,220,1,-1,-1,-1
315,36,1408,485,150,185,1,-1,-1,-1
315,41,1851,720,148,164,1,-1,-1,-1
315,42,1385,648,134,160,1,-1,-1,-1
315,43,800,674,133,202,1,-1,-1,-1
316,31,1395,495,150,161,1,-1,-1,-1
316,33,1189,449,168,192,1,-1,-1,-1
316,34,1546,607,187,210,1,-1,-1,-1
316,36,1403,487,150,185,1,-1,-1,-1
316,41,1844,723,141,156,1,-1,-1,-1
316,42,1376,643,141,168,1,-1,-1,-1
316,43,797,676,133,202,1,-1,-1,-1
317,31,1379,492,150,161,1,-1,-1,-1
317,33,1173,446,168,192,1,-1,-1,-1
317,34,1529,601,187,210,1,-1,-1,-1
317,36,1388,484,150,185,1,-1,-1,-1
317,41,1823,722,141,156,1,-1,-1,-1
317,42,1362,640,141,168,1,-1,-1,-1
317,43,790,674,133,202,1,-1,-1,-1
318,31,1364,490,150,161,1,-1,-1,-1
318,33,1161,443,168,192,1,-1,-1,-1
318,34,1515,596,187,210,1,-1,-1,-1
318,36,1374,483,150,185,1,-1,-1,-1
318,41,1814,732,134,149,1,-1,-1,-1
318,42,1350,633,141,168,1,-1,-1,-1
318,43,786,668,133,202,1,-1,-1,-1
319,31,1358,490,150,161,1,-1,-1,-1
319,33,1156,443,168,192,1,-1,-1,-1
319,34,1513,600,178,200,1,-1,-1,-1
319,36,1366,482,150,185,1,-1,-1,-1
319,41,1809,732,134,149,1,-1,-1,-1
319,42,1345,631,141,168,1,-1,-1,-1
319,43,783,666,133,202,1,-1,-1,-1
320,31,1345,495,150,161,1,-1,-1,-1
320,33,1145,446,168,192,1,-1,-1,-1
320,34,1500,606,178,200,1,-1,-1,-1
320,36,1351,487,150,185,1,-1,-1,-1
320,41,1799,743,134,149,1,-1,-1,-1
320,42,1333,634,141,168,1,-1,-1,-1
320,43,781,662,133,202,1,-1,-1,-1
321,31,1345,495,150,161,1,-1,-1,-1
321,33,1145,446,168,192,1,-1,-1,-1
321,34,1496,620,156,216,1,-1,-1,-1
321,36,1351,487,150,185,1,-1,-1,-1
321,41,1780,712,144,204,1,-1,-1,-1
321,42,1333,634,141,168,1,-1,-1,-1
321,43,788,664,128,224,1,-1,-1,-1
322,31,1327,506,150,161,1,-1,-1,-1
322,33,1126,455,168,192,1,-1,-1,-1
322,34,1492,622,156,216,1,-1,-1,-1
322,36,1333,499,150,185,1,-1,-1,-1
322,41,1776,712,144,204,1,-1,-1,-1
322,42,1323,642,141,168,1,-1,-1,-1
322,43,788,664,128,224,1,-1,-1,-1
323,31,1311,512,150,161,1,-1,-1,-1
323,33,1111,460,168,192,1,-1,-1,-1
323,34,1481,626,156,216,1,-1,-1,-1
323,36,1318,501,150,185,1,-1,-1,-1
323,41,1760,709,144,204,1,-1,-1,-1
323,42,1310,644,141,168,1,-1,-1,-1
323,43,784,658,134,235,1,-1,-1,-1
324,31,1296,516,150,161,1,-1,-1,-1
324,33,1096,467,168,192,1,-1,-1,-1
324,34,1466,627,156,216,1,-1,-1,-1
324,36,1301,508,150,185,1,-1,-1,-1
324,41,1747,713,137,194,1,-1,-1,-1
324,42,1302,649,141,168,1,-1,-1,-1
324,43,782,659,134,235,1,-1,-1,-1
325,31,1289,519,150,161,1,-1,-1,-1
325,33,1089,468,168,192,1,-1,-1,-1
325,34,1459,628,156,216,1,-1,-1,-1
325,36,1296,508,150,185,1,-1,-1,-1
325,41,1746,719,131,185,1,-1,-1,-1
325,42,1299,650,141,168,1,-1,-1,-1
325,43,781,659,134,235,1,-1,-1,-1
326,31,1274,519,150,161,1,-1,-1,-1
326,33,1073,467,168,192,1,-1,-1,-1
326,34,1446,625,156,216,1,-1,-1,-1
326,36,1282,511,150,185,1,-1,-1,-1
326,41,1727,716,131,185,1,-1,-1,-1
326,42,1289,645,141,168,1,-1,-1,-1
326,43,773,650,141,247,1,-1,-1,-1
327,31,1258,521,150,161,1,-1,-1,-1
327,33,1064,474,160,183,1,-1,-1,-1
327,34,1438,631,156,216,1,-1,-1,-1
327,36,1265,512,150,185,1,-1,-1,-1
327,41,1708,714,131,185,1,-1,-1,-1
327,42,1277,643,141,168,1,-1,-1,-1
327,43,768,650,141,247,1,-1,-1,-1
328,31,1252,522,150,161,1,-1,-1,-1
328,33,1063,476,160,183,1,-1,-1,-1
328,34,1430,629,156,216,1,-1,-1,-1
328,36,1258,513,150,185,1,-1,-1,-1
328,41,1699,715,131,185,1,-1,-1,-1
328,42,1272,644,141,168,1,-1,-1,-1
328,43,765,650,141,247,1,-1,-1,-1
329,31,1252,522,150,161,1,-1,-1,-1
329,33,1063,476,160,183,1,-1,-1,-1
329,34,1430,629,156,216,1,-1,-1,-1
329,36,1258,513,150,185,1,-1,-1,-1
329,41,1699,715,131,185,1,-1,-1,-1
329,42,1272,644,141,168,1,-1,-1,-1
329,43,765,650,141,247,1,-1,-1,-1
