1,0,1100,732,180,116,1,-1,-1,-1
1,1,256,764,276,96,1,-1,-1,-1
1,2,1452,724,192,100,1,-1,-1,-1
1,3,356,708,292,124,1,-1,-1,-1
1,4,736,720,120,108,1,-1,-1,-1
2,0,1101,729,180,116,1,-1,-1,-1
2,1,230,765,276,96,1,-1,-1,-1
2,2,1431,724,192,100,1,-1,-1,-1
2,3,334,709,292,124,1,-1,-1,-1
2,4,723,719,120,108,1,-1,-1,-1
3,0,1103,727,180,116,1,-1,-1,-1
3,1,202,767,276,96,1,-1,-1,-1
3,2,1408,725,192,100,1,-1,-1,-1
3,3,309,709,292,124,1,-1,-1,-1
3,4,709,717,120,108,1,-1,-1,-1
4,0,1104,718,189,122,1,-1,-1,-1
4,1,168,766,290,101,1,-1,-1,-1
4,2,1375,722,202,105,1,-1,-1,-1
4,3,288,710,292,124,1,-1,-1,-1
4,4,695,716,120,108,1,-1,-1,-1
5,0,1113,715,189,122,1,-1,-1,-1
5,1,138,765,290,101,1,-1,-1,-1
5,2,1341,719,202,105,1,-1,-1,-1
5,3,268,711,292,124,1,-1,-1,-1
5,4,682,715,120,108,1,-1,-1,-1
6,0,1126,713,189,122,1,-1,-1,-1
6,1,101,765,290,101,1,-1,-1,-1
6,2,1305,717,202,105,1,-1,-1,-1
6,3,248,713,292,124,1,-1,-1,-1
6,4,669,716,120,108,1,-1,-1,-1
7,0,1122,712,189,122,1,-1,-1,-1
7,1,62,762,304,106,1,-1,-1,-1
7,2,1270,717,202,105,1,-1,-1,-1
7,3,215,713,307,130,1,-1,-1,-1
7,4,656,715,120,108,1,-1,-1,-1
8,0,1122,715,180,116,1,-1,-1,-1
8,1,30,762,304,106,1,-1,-1,-1
8,2,1235,718,202,105,1,-1,-1,-1
8,3,199,717,292,124,1,-1,-1,-1
8,4,647,714,120,108,1,-1,-1,-1
9,0,1122,715,180,116,1,-1,-1,-1
9,1,68,768,244,128,1,-1,-1,-1
9,2,1232,708,176,120,1,-1,-1,-1
9,3,199,717,292,124,1,-1,-1,-1
9,4,647,714,120,108,1,-1,-1,-1
9,5,432,704,208,124,1,-1,-1,-1
9,6,1956,760,144,156,1,-1,-1,-1
10,0,1119,714,180,116,1,-1,-1,-1
10,1,45,772,244,128,1,-1,-1,-1
10,2,1213,707,176,120,1,-1,-1,-1
10,3,184,707,307,130,1,-1,-1,-1
10,4,627,705,126,113,1,-1,-1,-1
10,5,419,704,208,124,1,-1,-1,-1
10,6,1942,758,144,156,1,-1,-1,-1
11,0,1138,728,189,122,1,-1,-1,-1
11,1,23,771,256,134,1,-1,-1,-1
11,2,1199,703,176,120,1,-1,-1,-1
11,3,170,707,307,130,1,-1,-1,-1
11,4,620,704,126,113,1,-1,-1,-1
11,5,406,705,208,124,1,-1,-1,-1
11,6,1928,757,144,156,1,-1,-1,-1
12,0,1125,725,180,116,1,-1,-1,-1
12,1,0,772,251,134,1,-1,-1,-1
12,2,1185,703,168,114,1,-1,-1,-1
12,3,147,710,307,130,1,-1,-1,-1
12,4,610,704,126,113,1,-1,-1,-1
12,5,388,703,218,130,1,-1,-1,-1
12,6,1916,755,144,156,1,-1,-1,-1
13,0,1108,725,180,116,1,-1,-1,-1
13,1,0,773,254,134,1,-1,-1,-1
13,2,1172,701,168,114,1,-1,-1,-1
13,3,134,709,322,137,1,-1,-1,-1
13,4,605,704,126,113,1,-1,-1,-1
13,5,380,703,218,130,1,-1,-1,-1
13,6,1904,752,144,156,1,-1,-1,-1
14,0,1091,709,180,116,1,-1,-1,-1
14,1,0,775,251,134,1,-1,-1,-1
14,2,1115,701,168,114,1,-1,-1,-1
14,3,112,707,338,144,1,-1,-1,-1
14,4,590,700,132,119,1,-1,-1,-1
14,5,369,702,218,130,1,-1,-1,-1
14,6,1893,750,144,156,1,-1,-1,-1
15,0,1057,696,180,116,1,-1,-1,-1
15,1,0,775,247,134,1,-1,-1,-1
15,2,1032,690,168,114,1,-1,-1,-1
15,3,110,707,338,144,1,-1,-1,-1
15,4,586,701,132,119,1,-1,-1,-1
15,5,362,702,218,130,1,-1,-1,-1
15,6,1881,749,144,156,1,-1,-1,-1
16,1,0,765,236,134,1,-1,-1,-1
16,2,1003,679,176,120,1,-1,-1,-1
16,3,89,706,338,144,1,-1,-1,-1
16,4,571,696,139,125,1,-1,-1,-1
16,5,352,701,218,130,1,-1,-1,-1
16,6,1871,747,144,156,1,-1,-1,-1
17,1,0,765,236,134,1,-1,-1,-1
17,2,1003,679,176,120,1,-1,-1,-1
17,3,44,728,304,144,1,-1,-1,-1
17,4,576,708,104,120,1,-1,-1,-1
17,5,312,700,244,140,1,-1,-1,-1
17,6,1800,720,212,180,1,-1,-1,-1
17,7,2060,768,296,188,1,-1,-1,-1
17,8,1696,732,128,104,1,-1,-1,-1
18,1,88,736,256,134,1,-1,-1,-1
18,2,966,675,176,120,1,-1,-1,-1
18,3,34,729,304,144,1,-1,-1,-1
18,4,567,708,104,120,1,-1,-1,-1
18,5,306,701,244,140,1,-1,-1,-1
18,6,1786,719,212,180,1,-1,-1,-1
18,7,2041,765,296,188,1,-1,-1,-1
18,8,1682,732,128,104,1,-1,-1,-1
19,1,95,727,269,141,1,-1,-1,-1
19,2,952,672,176,120,1,-1,-1,-1
19,3,26,731,304,144,1,-1,-1,-1
19,4,558,708,104,120,1,-1,-1,-1
19,5,299,700,244,140,1,-1,-1,-1
19,6,1776,718,212,180,1,-1,-1,-1
19,7,2027,769,296,188,1,-1,-1,-1
19,8,1669,731,128,104,1,-1,-1,-1
20,1,92,726,269,141,1,-1,-1,-1
20,2,948,673,176,120,1,-1,-1,-1
20,3,21,732,304,144,1,-1,-1,-1
20,4,554,706,104,120,1,-1,-1,-1
20,5,292,700,244,140,1,-1,-1,-1
20,6,1768,717,212,180,1,-1,-1,-1
20,7,2009,764,296,188,1,-1,-1,-1
20,8,1657,728,128,104,1,-1,-1,-1
21,1,79,724,269,141,1,-1,-1,-1
21,2,932,664,176,120,1,-1,-1,-1
21,3,15,733,304,144,1,-1,-1,-1
21,4,549,704,104,120,1,-1,-1,-1
21,5,286,700,244,140,1,-1,-1,-1
21,6,1755,714,212,180,1,-1,-1,-1
21,7,1987,762,296,188,1,-1,-1,-1
21,8,1642,724,128,104,1,-1,-1,-1
22,1,103,731,256,134,1,-1,-1,-1
22,2,923,662,176,120,1,-1,-1,-1
22,3,29,737,290,137,1,-1,-1,-1
22,4,541,705,104,120,1,-1,-1,-1
22,5,279,700,244,140,1,-1,-1,-1
22,6,1742,714,212,180,1,-1,-1,-1
22,7,1950,755,311,197,1,-1,-1,-1
22,8,1630,722,128,104,1,-1,-1,-1
23,1,87,729,269,141,1,-1,-1,-1
23,2,919,656,176,120,1,-1,-1,-1
23,3,25,736,290,137,1,-1,-1,-1
23,4,531,707,104,120,1,-1,-1,-1
23,5,272,700,244,140,1,-1,-1,-1
23,6,1722,713,212,180,1,-1,-1,-1
23,7,1921,751,311,197,1,-1,-1,-1
23,8,1615,722,128,104,1,-1,-1,-1
24,3,26,735,290,137,1,-1,-1,-1
24,4,524,708,104,120,1,-1,-1,-1
24,5,273,702,232,133,1,-1,-1,-1
24,6,1706,708,223,189,1,-1,-1,-1
24,7,1891,742,311,197,1,-1,-1,-1
24,8,1600,723,128,104,1,-1,-1,-1
25,3,60,728,276,136,1,-1,-1,-1
25,4,464,712,152,116,1,-1,-1,-1
25,5,292,700,212,132,1,-1,-1,-1
25,6,1684,728,212,120,1,-1,-1,-1
25,7,1844,768,328,156,1,-1,-1,-1
25,8,1600,723,128,104,1,-1,-1,-1
25,9,952,648,148,104,1,-1,-1,-1
26,3,57,728,276,136,1,-1,-1,-1
26,4,454,713,152,116,1,-1,-1,-1
26,5,288,700,212,132,1,-1,-1,-1
26,6,1671,726,212,120,1,-1,-1,-1
26,7,1821,768,328,156,1,-1,-1,-1
26,8,1576,725,122,99,1,-1,-1,-1
26,9,950,649,148,104,1,-1,-1,-1
27,3,55,728,276,136,1,-1,-1,-1
27,4,445,714,152,116,1,-1,-1,-1
27,5,283,699,212,132,1,-1,-1,-1
27,6,1661,723,212,120,1,-1,-1,-1
27,7,1808,768,328,156,1,-1,-1,-1
27,8,1568,723,122,99,1,-1,-1,-1
27,9,948,651,148,104,1,-1,-1,-1
28,3,55,729,276,136,1,-1,-1,-1
28,4,434,709,160,122,1,-1,-1,-1
28,5,281,698,212,132,1,-1,-1,-1
28,6,1651,721,212,120,1,-1,-1,-1
28,7,1776,764,328,156,1,-1,-1,-1
28,8,1571,717,122,99,1,-1,-1,-1
28,9,944,652,148,104,1,-1,-1,-1
29,3,57,729,276,136,1,-1,-1,-1
29,4,441,708,160,122,1,-1,-1,-1
29,5,284,700,202,126,1,-1,-1,-1
29,6,1610,717,212,120,1,-1,-1,-1
29,7,1735,761,328,156,1,-1,-1,-1
29,8,1574,719,122,99,1,-1,-1,-1
29,9,943,653,148,104,1,-1,-1,-1
30,3,61,728,276,136,1,-1,-1,-1
30,4,441,707,160,122,1,-1,-1,-1
30,5,284,698,202,126,1,-1,-1,-1
30,6,1590,721,212,120,1,-1,-1,-1
30,7,1702,752,328,156,1,-1,-1,-1
30,8,1571,722,122,99,1,-1,-1,-1
30,9,938,651,155,109,1,-1,-1,-1
31,3,65,726,276,136,1,-1,-1,-1
31,4,446,712,152,116,1,-1,-1,-1
31,5,290,697,202,126,1,-1,-1,-1
31,6,1526,705,212,120,1,-1,-1,-1
31,7,1663,749,328,156,1,-1,-1,-1
31,8,1598,745,122,99,1,-1,-1,-1
31,9,939,653,155,109,1,-1,-1,-1
32,3,76,730,263,130,1,-1,-1,-1
32,4,443,711,152,116,1,-1,-1,-1
32,5,291,696,202,126,1,-1,-1,-1
32,6,1505,707,212,120,1,-1,-1,-1
32,7,1627,741,328,156,1,-1,-1,-1
32,8,1562,730,128,104,1,-1,-1,-1
32,9,938,650,163,115,1,-1,-1,-1
33,3,84,720,296,140,1,-1,-1,-1
33,4,356,716,240,116,1,-1,-1,-1
33,5,291,696,202,126,1,-1,-1,-1
33,6,1508,688,216,108,1,-1,-1,-1
33,7,1608,748,268,144,1,-1,-1,-1
33,8,1562,730,128,104,1,-1,-1,-1
33,9,932,644,176,128,1,-1,-1,-1
34,3,87,720,296,140,1,-1,-1,-1
34,4,354,715,240,116,1,-1,-1,-1
34,5,343,709,202,126,1,-1,-1,-1
34,6,1489,687,216,108,1,-1,-1,-1
34,7,1595,751,268,144,1,-1,-1,-1
34,8,1515,718,128,104,1,-1,-1,-1
34,9,933,645,176,128,1,-1,-1,-1
35,3,91,719,296,140,1,-1,-1,-1
35,4,355,719,229,110,1,-1,-1,-1
35,5,356,723,192,120,1,-1,-1,-1
35,6,1470,685,216,108,1,-1,-1,-1
35,7,1605,748,268,144,1,-1,-1,-1
35,9,935,646,176,128,1,-1,-1,-1
36,3,96,719,296,140,1,-1,-1,-1
36,4,349,719,229,110,1,-1,-1,-1
36,5,361,722,192,120,1,-1,-1,-1
36,6,1447,683,216,108,1,-1,-1,-1
36,7,1603,743,268,144,1,-1,-1,-1
36,9,937,648,176,128,1,-1,-1,-1
37,3,109,717,296,140,1,-1,-1,-1
37,4,345,718,229,110,1,-1,-1,-1
37,5,365,723,192,120,1,-1,-1,-1
37,6,1427,681,216,108,1,-1,-1,-1
37,7,1598,738,268,144,1,-1,-1,-1
37,9,938,651,176,128,1,-1,-1,-1
38,3,111,716,296,140,1,-1,-1,-1
38,4,344,722,218,105,1,-1,-1,-1
38,5,363,723,192,120,1,-1,-1,-1
38,6,1413,676,216,108,1,-1,-1,-1
38,7,1599,715,268,144,1,-1,-1,-1
38,9,939,651,176,128,1,-1,-1,-1
39,3,129,714,296,140,1,-1,-1,-1
39,4,350,723,218,105,1,-1,-1,-1
39,5,363,723,192,120,1,-1,-1,-1
39,6,1394,675,216,108,1,-1,-1,-1
39,7,1631,716,268,144,1,-1,-1,-1
39,9,941,652,176,128,1,-1,-1,-1
40,3,130,714,296,140,1,-1,-1,-1
40,4,332,729,218,105,1,-1,-1,-1
40,5,365,723,192,120,1,-1,-1,-1
40,6,1373,677,216,108,1,-1,-1,-1
40,9,944,653,176,128,1,-1,-1,-1
41,3,164,712,220,140,1,-1,-1,-1
41,4,332,729,218,105,1,-1,-1,-1
41,5,380,728,160,104,1,-1,-1,-1
41,6,1373,677,216,108,1,-1,-1,-1
41,9,944,653,176,128,1,-1,-1,-1
41,10,24,708,132,148,1,-1,-1,-1
41,11,1376,720,220,112,1,-1,-1,-1
41,12,1740,728,204,108,1,-1,-1,-1
41,13,1368,672,184,72,1,-1,-1,-1
42,3,167,712,220,140,1,-1,-1,-1
42,4,318,735,218,105,1,-1,-1,-1
42,5,378,729,160,104,1,-1,-1,-1
42,6,1337,678,216,108,1,-1,-1,-1
42,9,956,657,176,128,1,-1,-1,-1
42,10,29,708,132,148,1,-1,-1,-1
42,11,1357,725,210,107,1,-1,-1,-1
42,12,1753,731,204,108,1,-1,-1,-1
42,13,1346,673,184,72,1,-1,-1,-1
43,3,169,711,220,140,1,-1,-1,-1
43,4,315,737,218,105,1,-1,-1,-1
43,5,375,730,160,104,1,-1,-1,-1
43,6,1325,682,216,108,1,-1,-1,-1
43,9,962,658,176,128,1,-1,-1,-1
43,10,33,709,132,148,1,-1,-1,-1
43,11,1336,727,210,107,1,-1,-1,-1
43,12,1767,731,214,113,1,-1,-1,-1
43,13,1332,675,175,69,1,-1,-1,-1
44,3,171,711,220,140,1,-1,-1,-1
44,4,296,732,229,110,1,-1,-1,-1
44,5,373,731,160,104,1,-1,-1,-1
44,6,1317,683,216,108,1,-1,-1,-1
44,9,967,663,168,122,1,-1,-1,-1
44,10,38,709,132,148,1,-1,-1,-1
44,11,1319,727,200,102,1,-1,-1,-1
44,12,1812,749,214,113,1,-1,-1,-1
44,13,1321,675,167,65,1,-1,-1,-1
45,3,172,711,220,140,1,-1,-1,-1
45,4,282,730,229,110,1,-1,-1,-1
45,5,359,731,160,104,1,-1,-1,-1
45,6,1294,681,227,113,1,-1,-1,-1
45,9,967,665,168,122,1,-1,-1,-1
45,10,41,709,132,148,1,-1,-1,-1
45,11,1300,728,200,102,1,-1,-1,-1
45,12,1849,753,214,113,1,-1,-1,-1
45,13,1310,670,167,65,1,-1,-1,-1
46,3,174,711,220,140,1,-1,-1,-1
46,4,280,726,229,110,1,-1,-1,-1
46,5,367,732,152,99,1,-1,-1,-1
46,6,1277,690,227,113,1,-1,-1,-1
46,9,968,666,168,122,1,-1,-1,-1
46,10,43,710,132,148,1,-1,-1,-1
46,11,1235,720,200,102,1,-1,-1,-1
46,12,1868,757,214,113,1,-1,-1,-1
46,13,1307,665,167,65,1,-1,-1,-1
47,3,180,714,210,133,1,-1,-1,-1
47,4,265,723,240,116,1,-1,-1,-1
47,5,352,734,145,94,1,-1,-1,-1
47,6,1264,703,227,113,1,-1,-1,-1
47,9,970,667,168,122,1,-1,-1,-1
47,10,44,711,132,148,1,-1,-1,-1
47,11,1207,710,210,107,1,-1,-1,-1
47,12,1880,756,225,119,1,-1,-1,-1
47,13,1289,667,167,65,1,-1,-1,-1
48,3,180,713,210,133,1,-1,-1,-1
48,4,267,725,229,110,1,-1,-1,-1
48,5,344,732,145,94,1,-1,-1,-1
48,6,1251,692,216,108,1,-1,-1,-1
48,9,970,665,168,122,1,-1,-1,-1
48,10,44,713,132,148,1,-1,-1,-1
48,11,1189,701,210,107,1,-1,-1,-1
48,12,1923,763,225,119,1,-1,-1,-1
48,13,1273,667,167,65,1,-1,-1,-1
49,3,180,713,210,133,1,-1,-1,-1
49,4,267,725,229,110,1,-1,-1,-1
49,5,344,732,145,94,1,-1,-1,-1
49,6,1260,684,140,116,1,-1,-1,-1
49,9,1000,688,144,100,1,-1,-1,-1
49,10,44,713,132,148,1,-1,-1,-1
49,11,1189,701,210,107,1,-1,-1,-1
49,12,1923,763,225,119,1,-1,-1,-1
49,13,1273,667,167,65,1,-1,-1,-1
49,14,1300,612,92,128,1,-1,-1,-1
50,3,176,714,210,133,1,-1,-1,-1
50,5,360,728,152,99,1,-1,-1,-1
50,6,1241,681,147,122,1,-1,-1,-1
50,9,997,688,144,100,1,-1,-1,-1
50,10,35,716,132,148,1,-1,-1,-1
50,11,1226,696,210,107,1,-1,-1,-1
50,12,1988,772,225,119,1,-1,-1,-1
50,13,1239,664,167,65,1,-1,-1,-1
50,14,1288,605,92,128,1,-1,-1,-1
51,3,170,713,210,133,1,-1,-1,-1
51,5,356,728,145,94,1,-1,-1,-1
51,6,1218,676,147,122,1,-1,-1,-1
51,9,992,688,144,100,1,-1,-1,-1
51,10,25,717,132,148,1,-1,-1,-1
51,11,1210,701,200,102,1,-1,-1,-1
51,12,2028,768,236,125,1,-1,-1,-1
51,13,1325,662,167,65,1,-1,-1,-1
51,14,1274,585,97,134,1,-1,-1,-1
52,3,159,710,220,140,1,-1,-1,-1
52,5,347,727,145,94,1,-1,-1,-1
52,6,1194,682,147,122,1,-1,-1,-1
52,9,987,690,144,100,1,-1,-1,-1
52,10,16,719,132,148,1,-1,-1,-1
52,11,1207,700,200,102,1,-1,-1,-1
52,12,2056,777,236,125,1,-1,-1,-1
52,13,1308,647,175,69,1,-1,-1,-1
52,14,1265,576,92,128,1,-1,-1,-1
53,3,147,713,220,140,1,-1,-1,-1
53,5,338,726,145,94,1,-1,-1,-1
53,6,1176,679,147,122,1,-1,-1,-1
53,9,981,691,144,100,1,-1,-1,-1
53,10,5,724,132,148,1,-1,-1,-1
53,11,1205,701,200,102,1,-1,-1,-1
53,12,2094,780,236,125,1,-1,-1,-1
53,13,1294,638,175,69,1,-1,-1,-1
53,14,1269,555,88,122,1,-1,-1,-1
54,3,135,710,231,147,1,-1,-1,-1
54,5,340,729,138,90,1,-1,-1,-1
54,6,1145,665,147,122,1,-1,-1,-1
54,9,975,691,144,100,1,-1,-1,-1
54,10,0,724,124,148,1,-1,-1,-1
54,11,1206,705,200,102,1,-1,-1,-1
54,12,2113,782,236,125,1,-1,-1,-1
54,13,1291,636,167,65,1,-1,-1,-1
54,14,1264,548,88,122,1,-1,-1,-1
55,3,119,712,231,147,1,-1,-1,-1
55,5,327,731,138,90,1,-1,-1,-1
55,6,1104,672,147,122,1,-1,-1,-1
55,9,960,689,144,100,1,-1,-1,-1
55,10,0,723,110,148,1,-1,-1,-1
55,11,1187,701,200,102,1,-1,-1,-1
55,12,2095,782,248,131,1,-1,-1,-1
55,13,1280,631,167,65,1,-1,-1,-1
55,14,1273,522,88,122,1,-1,-1,-1
56,3,106,712,231,147,1,-1,-1,-1
56,5,317,732,132,86,1,-1,-1,-1
56,6,1083,677,147,122,1,-1,-1,-1
56,9,950,689,144,100,1,-1,-1,-1
56,10,0,725,93,148,1,-1,-1,-1
56,13,1263,634,167,65,1,-1,-1,-1
56,14,1245,485,88,122,1,-1,-1,-1
57,3,106,712,231,147,1,-1,-1,-1
57,5,317,732,132,86,1,-1,-1,-1
57,6,1083,677,147,122,1,-1,-1,-1
57,9,950,689,144,100,1,-1,-1,-1
57,10,0,725,93,148,1,-1,-1,-1
57,13,1263,634,167,65,1,-1,-1,-1
57,14,1245,485,88,122,1,-1,-1,-1
57,15,1216,1188,192,152,1,-1,-1,-1
58,3,64,715,231,147,1,-1,-1,-1
58,6,1118,677,147,122,1,-1,-1,-1
58,9,920,687,144,100,1,-1,-1,-1
58,10,1,742,139,155,1,-1,-1,-1
58,14,1209,478,88,122,1,-1,-1,-1
58,15,1192,1154,192,152,1,-1,-1,-1
59,3,39,719,231,147,1,-1,-1,-1
59,6,1116,671,147,122,1,-1,-1,-1
59,9,904,690,144,100,1,-1,-1,-1
59,10,3,740,146,163,1,-1,-1,-1
59,14,1193,483,83,116,1,-1,-1,-1
59,15,1165,1135,192,152,1,-1,-1,-1
60,3,13,721,231,147,1,-1,-1,-1
60,6,1098,670,147,122,1,-1,-1,-1
60,9,890,691,144,100,1,-1,-1,-1
60,10,14,741,146,163,1,-1,-1,-1
60,14,1172,481,83,116,1,-1,-1,-1
60,15,1132,1150,202,160,1,-1,-1,-1
61,3,0,722,221,147,1,-1,-1,-1
61,6,1074,668,147,122,1,-1,-1,-1
61,9,861,691,144,100,1,-1,-1,-1
61,10,0,740,143,163,1,-1,-1,-1
61,14,1153,482,83,116,1,-1,-1,-1
61,15,1108,1190,202,160,1,-1,-1,-1
62,3,0,726,196,147,1,-1,-1,-1
62,6,1043,671,147,122,1,-1,-1,-1
62,9,842,690,151,105,1,-1,-1,-1
62,10,0,742,123,163,1,-1,-1,-1
62,14,1139,482,83,116,1,-1,-1,-1
62,15,1097,1212,202,160,1,-1,-1,-1
63,3,0,726,175,147,1,-1,-1,-1
63,6,1027,676,140,116,1,-1,-1,-1
63,9,833,691,159,110,1,-1,-1,-1
63,10,0,738,95,163,1,-1,-1,-1
63,15,1075,1231,202,160,1,-1,-1,-1
64,3,0,730,153,147,1,-1,-1,-1
64,9,818,692,159,110,1,-1,-1,-1
64,10,0,718,121,163,1,-1,-1,-1
64,15,1049,1264,202,160,1,-1,-1,-1
65,3,0,730,153,147,1,-1,-1,-1
65,9,818,692,159,110,1,-1,-1,-1
65,10,0,718,121,163,1,-1,-1,-1
65,15,1049,1264,202,160,1,-1,-1,-1
65,16,132,716,140,128,1,-1,-1,-1
66,3,0,737,128,147,1,-1,-1,-1
66,9,807,690,167,116,1,-1,-1,-1
66,10,0,726,139,163,1,-1,-1,-1
66,15,1015,1286,202,154,1,-1,-1,-1
66,16,120,720,140,128,1,-1,-1,-1
67,3,0,741,113,140,1,-1,-1,-1
67,10,0,729,133,155,1,-1,-1,-1
67,15,1011,1289,192,151,1,-1,-1,-1
67,16,111,722,140,128,1,-1,-1,-1
68,3,0,738,113,147,1,-1,-1,-1
68,10,0,727,137,155,1,-1,-1,-1
68,15,1001,1277,192,152,1,-1,-1,-1
68,16,103,722,140,128,1,-1,-1,-1
69,3,0,739,111,147,1,-1,-1,-1
69,15,993,1263,192,152,1,-1,-1,-1
69,16,100,723,140,128,1,-1,-1,-1
70,15,994,1262,192,152,1,-1,-1,-1
70,16,95,726,140,128,1,-1,-1,-1
71,15,1004,1266,192,152,1,-1,-1,-1
71,16,93,731,140,128,1,-1,-1,-1
72,15,1018,1280,192,152,1,-1,-1,-1
72,16,97,726,140,128,1,-1,-1,-1
73,15,1018,1280,192,152,1,-1,-1,-1
73,16,97,726,140,128,1,-1,-1,-1
73,17,0,748,140,132,1,-1,-1,-1
73,18,1736,804,288,140,1,-1,-1,-1
74,15,1045,1316,192,124,1,-1,-1,-1
74,16,106,722,147,134,1,-1,-1,-1
74,17,9,749,140,132,1,-1,-1,-1
74,18,1728,803,288,140,1,-1,-1,-1
75,15,1065,1335,192,105,1,-1,-1,-1
75,16,108,728,147,134,1,-1,-1,-1
75,17,17,750,140,132,1,-1,-1,-1
75,18,1722,805,274,133,1,-1,-1,-1
76,15,1084,1349,192,91,1,-1,-1,-1
76,16,116,737,147,134,1,-1,-1,-1
76,17,27,751,140,132,1,-1,-1,-1
76,18,1709,807,274,133,1,-1,-1,-1
77,15,1098,1337,192,103,1,-1,-1,-1
77,16,114,749,154,141,1,-1,-1,-1
77,17,41,751,140,132,1,-1,-1,-1
77,18,1701,806,274,133,1,-1,-1,-1
78,15,1121,1317,192,123,1,-1,-1,-1
78,16,120,747,162,148,1,-1,-1,-1
78,17,55,753,140,132,1,-1,-1,-1
78,18,1680,795,274,133,1,-1,-1,-1
79,15,1147,1300,192,140,1,-1,-1,-1
79,16,141,756,162,148,1,-1,-1,-1
79,17,48,751,140,132,1,-1,-1,-1
79,18,1662,791,274,133,1,-1,-1,-1
80,15,1176,1294,192,146,1,-1,-1,-1
80,16,154,758,162,148,1,-1,-1,-1
80,17,0,764,141,139,1,-1,-1,-1
80,18,1658,788,274,133,1,-1,-1,-1
81,15,1176,1294,192,146,1,-1,-1,-1
81,16,136,776,232,140,1,-1,-1,-1
81,17,0,764,141,139,1,-1,-1,-1
81,18,1656,772,260,148,1,-1,-1,-1
81,19,4,732,252,156,1,-1,-1,-1
81,20,1164,704,228,92,1,-1,-1,-1
82,15,1226,1302,192,138,1,-1,-1,-1
82,16,145,779,232,140,1,-1,-1,-1
82,17,0,776,142,139,1,-1,-1,-1
82,18,1650,772,260,148,1,-1,-1,-1
82,19,22,731,252,156,1,-1,-1,-1
82,20,1193,706,228,92,1,-1,-1,-1
83,15,1252,1317,192,123,1,-1,-1,-1
83,16,150,779,232,140,1,-1,-1,-1
83,17,7,771,147,139,1,-1,-1,-1
83,18,1629,764,260,148,1,-1,-1,-1
83,19,42,731,252,156,1,-1,-1,-1
83,20,1234,709,228,92,1,-1,-1,-1
84,15,1281,1318,192,122,1,-1,-1,-1
84,16,168,778,232,140,1,-1,-1,-1
84,17,23,774,140,132,1,-1,-1,-1
84,18,1617,762,260,148,1,-1,-1,-1
84,19,69,730,252,156,1,-1,-1,-1
84,20,1266,708,228,92,1,-1,-1,-1
85,15,1310,1317,192,123,1,-1,-1,-1
85,16,147,795,232,140,1,-1,-1,-1
85,17,0,774,125,139,1,-1,-1,-1
85,18,1626,752,260,148,1,-1,-1,-1
85,19,89,732,252,156,1,-1,-1,-1
85,20,1324,712,217,88,1,-1,-1,-1
86,15,1335,1313,192,127,1,-1,-1,-1
86,16,128,803,232,140,1,-1,-1,-1
86,17,0,753,120,139,1,-1,-1,-1
86,18,1610,750,248,141,1,-1,-1,-1
86,19,118,736,252,156,1,-1,-1,-1
86,20,1370,719,217,88,1,-1,-1,-1
87,15,1357,1312,192,128,1,-1,-1,-1
87,16,148,828,221,133,1,-1,-1,-1
87,17,0,749,129,146,1,-1,-1,-1
87,18,1618,752,236,134,1,-1,-1,-1
87,19,141,749,265,164,1,-1,-1,-1
87,20,1390,722,228,92,1,-1,-1,-1
88,15,1378,1311,192,129,1,-1,-1,-1
88,16,141,835,221,133,1,-1,-1,-1
88,17,0,747,142,146,1,-1,-1,-1
88,18,1620,750,236,134,1,-1,-1,-1
88,19,174,752,265,164,1,-1,-1,-1
88,20,1416,723,239,97,1,-1,-1,-1
89,15,1378,1311,192,129,1,-1,-1,-1
89,16,0,824,360,136,1,-1,-1,-1
89,17,0,760,140,124,1,-1,-1,-1
89,18,1648,764,152,124,1,-1,-1,-1
89,19,174,752,265,164,1,-1,-1,-1
89,20,1448,720,180,112,1,-1,-1,-1
89,21,1236,756,192,80,1,-1,-1,-1
89,22,236,736,244,120,1,-1,-1,-1
89,23,1064,700,224,108,1,-1,-1,-1
90,15,1425,1306,192,134,1,-1,-1,-1
90,16,0,825,338,136,1,-1,-1,-1
90,17,15,759,140,124,1,-1,-1,-1
90,18,1649,761,152,124,1,-1,-1,-1
90,19,206,748,265,164,1,-1,-1,-1
90,20,1468,721,180,112,1,-1,-1,-1
90,21,1265,755,192,80,1,-1,-1,-1
90,22,258,737,244,120,1,-1,-1,-1
90,23,1091,700,224,108,1,-1,-1,-1
91,15,1446,1303,192,137,1,-1,-1,-1
91,16,0,832,299,130,1,-1,-1,-1
91,17,32,757,140,124,1,-1,-1,-1
91,18,1651,754,152,124,1,-1,-1,-1
91,19,232,739,252,156,1,-1,-1,-1
91,20,1488,719,180,112,1,-1,-1,-1
91,21,1300,757,192,80,1,-1,-1,-1
91,22,280,737,244,120,1,-1,-1,-1
91,23,1114,700,224,108,1,-1,-1,-1
92,15,1460,1299,192,141,1,-1,-1,-1
92,16,0,835,262,123,1,-1,-1,-1
92,17,48,755,140,124,1,-1,-1,-1
92,18,1668,760,145,118,1,-1,-1,-1
92,19,255,735,252,156,1,-1,-1,-1
92,20,1503,718,180,112,1,-1,-1,-1
92,21,1328,757,192,80,1,-1,-1,-1
92,22,300,738,244,120,1,-1,-1,-1
92,23,1131,701,224,108,1,-1,-1,-1
93,15,1471,1300,192,140,1,-1,-1,-1
93,16,0,836,254,123,1,-1,-1,-1
93,17,60,757,140,124,1,-1,-1,-1
93,18,1654,758,145,118,1,-1,-1,-1
93,19,286,739,240,149,1,-1,-1,-1
93,20,1523,719,171,107,1,-1,-1,-1
93,21,1364,762,192,80,1,-1,-1,-1
93,22,303,732,256,126,1,-1,-1,-1
93,23,1150,699,224,108,1,-1,-1,-1
94,15,1487,1307,192,133,1,-1,-1,-1
94,16,0,852,193,123,1,-1,-1,-1
94,17,73,759,140,124,1,-1,-1,-1
94,18,1668,751,145,118,1,-1,-1,-1
94,19,292,734,240,149,1,-1,-1,-1
94,20,1533,716,171,107,1,-1,-1,-1
94,21,1371,763,183,76,1,-1,-1,-1
94,22,320,730,269,132,1,-1,-1,-1
94,23,1166,698,224,108,1,-1,-1,-1
95,15,1497,1314,192,126,1,-1,-1,-1
95,16,0,855,141,123,1,-1,-1,-1
95,17,83,759,140,124,1,-1,-1,-1
95,18,1670,763,138,112,1,-1,-1,-1
95,19,305,733,240,149,1,-1,-1,-1
95,20,1546,715,171,107,1,-1,-1,-1
95,21,1430,765,183,76,1,-1,-1,-1
95,22,333,731,269,132,1,-1,-1,-1
95,23,1175,695,235,113,1,-1,-1,-1
96,15,1503,1315,192,125,1,-1,-1,-1
96,16,0,858,112,123,1,-1,-1,-1
96,17,94,761,140,124,1,-1,-1,-1
96,18,1618,741,138,112,1,-1,-1,-1
96,20,1555,712,171,107,1,-1,-1,-1
96,21,1471,772,183,76,1,-1,-1,-1
96,22,347,733,269,132,1,-1,-1,-1
96,23,1184,693,247,119,1,-1,-1,-1
97,15,1503,1315,192,125,1,-1,-1,-1
97,16,0,858,112,123,1,-1,-1,-1
97,17,94,761,140,124,1,-1,-1,-1
97,18,1618,741,138,112,1,-1,-1,-1
97,20,1555,712,171,107,1,-1,-1,-1
97,21,1471,772,183,76,1,-1,-1,-1
97,22,444,740,168,128,1,-1,-1,-1
97,23,1240,704,184,104,1,-1,-1,-1
97,24,20,768,236,156,1,-1,-1,-1
97,25,268,740,172,152,1,-1,-1,-1
97,26,1340,724,216,100,1,-1,-1,-1
97,27,1496,728,272,140,1,-1,-1,-1
98,15,1520,1298,192,142,1,-1,-1,-1
98,16,0,861,74,123,1,-1,-1,-1
98,17,107,766,140,124,1,-1,-1,-1
98,18,1634,771,138,112,1,-1,-1,-1
98,20,1533,710,180,112,1,-1,-1,-1
98,21,1524,783,192,80,1,-1,-1,-1
98,22,455,739,168,128,1,-1,-1,-1
98,23,1258,706,184,104,1,-1,-1,-1
98,24,23,769,236,156,1,-1,-1,-1
98,25,279,740,172,152,1,-1,-1,-1
98,26,1360,724,216,100,1,-1,-1,-1
98,27,1508,726,272,140,1,-1,-1,-1
99,15,1532,1291,192,149,1,-1,-1,-1
99,16,0,857,59,130,1,-1,-1,-1
99,17,110,771,140,124,1,-1,-1,-1
99,18,1678,777,138,112,1,-1,-1,-1
99,20,1548,712,180,112,1,-1,-1,-1
99,21,1579,785,192,80,1,-1,-1,-1
99,22,460,741,168,128,1,-1,-1,-1
99,23,1271,707,193,109,1,-1,-1,-1
99,24,21,766,248,164,1,-1,-1,-1
99,25,285,740,172,152,1,-1,-1,-1
99,26,1391,726,206,95,1,-1,-1,-1
99,27,1519,725,272,140,1,-1,-1,-1
100,15,1544,1265,192,152,1,-1,-1,-1
100,16,0,859,62,130,1,-1,-1,-1
100,17,112,774,140,124,1,-1,-1,-1
100,18,1690,785,138,112,1,-1,-1,-1
100,20,1564,714,180,112,1,-1,-1,-1
100,21,1632,783,192,80,1,-1,-1,-1
100,22,473,744,176,134,1,-1,-1,-1
100,23,1271,710,193,109,1,-1,-1,-1
100,24,23,768,248,164,1,-1,-1,-1
100,25,292,740,172,152,1,-1,-1,-1
100,26,1418,728,206,95,1,-1,-1,-1
100,27,1542,726,272,140,1,-1,-1,-1
101,15,1540,1230,192,152,1,-1,-1,-1
101,16,0,855,69,123,1,-1,-1,-1
101,17,112,775,140,124,1,-1,-1,-1
101,18,1703,789,145,118,1,-1,-1,-1
101,20,1555,713,189,118,1,-1,-1,-1
101,21,1664,781,202,84,1,-1,-1,-1
101,22,486,744,176,134,1,-1,-1,-1
101,23,1286,709,193,109,1,-1,-1,-1
101,24,25,769,248,164,1,-1,-1,-1
101,25,298,739,172,152,1,-1,-1,-1
101,26,1443,727,216,100,1,-1,-1,-1
101,27,1621,724,286,147,1,-1,-1,-1
102,15,1516,1204,202,160,1,-1,-1,-1
102,16,0,858,63,117,1,-1,-1,-1
102,17,112,774,140,124,1,-1,-1,-1
102,18,1730,792,145,118,1,-1,-1,-1
102,20,1554,717,189,118,1,-1,-1,-1
102,21,1716,783,202,84,1,-1,-1,-1
102,22,500,745,176,134,1,-1,-1,-1
102,23,1302,707,193,109,1,-1,-1,-1
102,24,24,768,248,164,1,-1,-1,-1
102,25,302,738,172,152,1,-1,-1,-1
102,26,1455,723,227,105,1,-1,-1,-1
102,27,1618,718,300,154,1,-1,-1,-1
103,15,1495,1189,202,160,1,-1,-1,-1
103,16,0,859,69,117,1,-1,-1,-1
103,17,106,773,140,124,1,-1,-1,-1
103,18,1759,784,138,112,1,-1,-1,-1
103,20,1534,720,189,118,1,-1,-1,-1
103,21,1758,780,202,84,1,-1,-1,-1
103,22,507,750,168,128,1,-1,-1,-1
103,23,1315,707,193,109,1,-1,-1,-1
103,24,24,767,248,164,1,-1,-1,-1
103,25,305,738,172,152,1,-1,-1,-1
103,26,1442,720,238,110,1,-1,-1,-1
103,27,1768,707,300,154,1,-1,-1,-1
104,15,1484,1183,202,160,1,-1,-1,-1
104,17,107,772,140,124,1,-1,-1,-1
104,20,1547,721,189,118,1,-1,-1,-1
104,22,525,752,168,128,1,-1,-1,-1
104,23,1331,708,193,109,1,-1,-1,-1
104,24,21,767,248,164,1,-1,-1,-1
104,25,311,738,172,152,1,-1,-1,-1
104,26,1434,729,238,110,1,-1,-1,-1
104,27,1798,712,300,154,1,-1,-1,-1
105,15,1484,1183,202,160,1,-1,-1,-1
105,17,107,772,140,124,1,-1,-1,-1
105,20,1552,720,160,116,1,-1,-1,-1
105,22,525,752,168,128,1,-1,-1,-1
105,23,1348,712,188,100,1,-1,-1,-1
105,24,4,768,264,160,1,-1,-1,-1
105,25,320,740,168,148,1,-1,-1,-1
105,26,1434,729,238,110,1,-1,-1,-1
105,27,1840,752,272,148,1,-1,-1,-1
105,28,536,760,284,112,1,-1,-1,-1
106,15,1521,1197,202,160,1,-1,-1,-1
106,20,1556,720,160,116,1,-1,-1,-1
106,22,575,751,168,128,1,-1,-1,-1
106,23,1361,712,188,100,1,-1,-1,-1
106,24,4,768,264,160,1,-1,-1,-1
106,25,323,740,168,148,1,-1,-1,-1
106,26,1438,733,238,110,1,-1,-1,-1
106,27,1846,750,272,148,1,-1,-1,-1
106,28,558,760,284,112,1,-1,-1,-1
107,15,1515,1213,202,160,1,-1,-1,-1
107,20,1559,719,160,116,1,-1,-1,-1
107,22,613,744,168,128,1,-1,-1,-1
107,23,1369,713,188,100,1,-1,-1,-1
107,24,4,768,264,160,1,-1,-1,-1
107,25,328,740,168,148,1,-1,-1,-1
107,26,1364,706,238,110,1,-1,-1,-1
107,27,1853,749,272,148,1,-1,-1,-1
107,28,580,754,298,118,1,-1,-1,-1
108,15,1487,1199,202,160,1,-1,-1,-1
108,20,1563,720,160,116,1,-1,-1,-1
108,22,669,748,168,128,1,-1,-1,-1
108,23,1375,713,188,100,1,-1,-1,-1
108,24,5,768,264,160,1,-1,-1,-1
108,25,332,740,168,148,1,-1,-1,-1
108,26,1344,704,250,116,1,-1,-1,-1
108,27,1845,747,286,155,1,-1,-1,-1
108,28,638,755,284,112,1,-1,-1,-1
109,15,1466,1160,202,160,1,-1,-1,-1
109,20,1567,721,160,116,1,-1,-1,-1
109,22,708,756,168,128,1,-1,-1,-1
109,23,1380,712,188,100,1,-1,-1,-1
109,24,4,769,264,160,1,-1,-1,-1
109,25,336,740,168,148,1,-1,-1,-1
109,26,1328,707,250,116,1,-1,-1,-1
109,27,1858,747,272,148,1,-1,-1,-1
109,28,680,752,284,112,1,-1,-1,-1
110,15,1479,1135,202,160,1,-1,-1,-1
110,20,1572,719,160,116,1,-1,-1,-1
110,22,751,748,176,134,1,-1,-1,-1
110,23,1387,711,188,100,1,-1,-1,-1
110,24,1,768,264,160,1,-1,-1,-1
110,25,341,740,168,148,1,-1,-1,-1
110,26,1338,706,250,116,1,-1,-1,-1
110,27,1854,740,272,148,1,-1,-1,-1
110,28,740,751,270,107,1,-1,-1,-1
111,15,1509,1146,202,160,1,-1,-1,-1
111,20,1574,718,160,116,1,-1,-1,-1
111,22,790,741,168,128,1,-1,-1,-1
111,23,1389,709,188,100,1,-1,-1,-1
111,24,0,763,270,168,1,-1,-1,-1
111,25,346,740,168,148,1,-1,-1,-1
111,26,1344,703,250,116,1,-1,-1,-1
111,27,1846,728,286,155,1,-1,-1,-1
111,28,764,745,284,112,1,-1,-1,-1
112,15,1549,1153,202,160,1,-1,-1,-1
112,20,1576,718,160,116,1,-1,-1,-1
112,23,1390,709,188,100,1,-1,-1,-1
112,24,0,761,270,168,1,-1,-1,-1
112,25,353,739,168,148,1,-1,-1,-1
112,27,1845,729,286,155,1,-1,-1,-1
112,28,794,744,284,112,1,-1,-1,-1
113,15,1549,1153,202,160,1,-1,-1,-1
113,20,1576,718,160,116,1,-1,-1,-1
113,23,1408,720,140,96,1,-1,-1,-1
113,24,0,768,248,156,1,-1,-1,-1
113,25,348,732,228,144,1,-1,-1,-1
113,27,1845,729,286,155,1,-1,-1,-1
113,28,828,732,292,136,1,-1,-1,-1
113,29,2196,744,152,148,1,-1,-1,-1
114,15,1590,1168,202,160,1,-1,-1,-1
114,20,1577,713,160,116,1,-1,-1,-1
114,23,1407,719,140,96,1,-1,-1,-1
114,24,0,768,244,156,1,-1,-1,-1
114,25,354,732,228,144,1,-1,-1,-1
114,27,1850,732,286,155,1,-1,-1,-1
114,28,857,734,292,136,1,-1,-1,-1
114,29,2207,743,152,148,1,-1,-1,-1
115,15,1591,1200,202,160,1,-1,-1,-1
115,20,1575,707,168,122,1,-1,-1,-1
115,23,1405,718,140,96,1,-1,-1,-1
115,24,0,766,240,156,1,-1,-1,-1
115,25,362,733,228,144,1,-1,-1,-1
115,27,1851,732,286,155,1,-1,-1,-1
115,28,893,738,292,136,1,-1,-1,-1
115,29,2210,742,152,148,1,-1,-1,-1
116,15,1584,1230,202,160,1,-1,-1,-1
116,20,1578,704,168,122,1,-1,-1,-1
116,23,1402,717,140,96,1,-1,-1,-1
116,24,0,764,238,156,1,-1,-1,-1
116,25,374,731,228,144,1,-1,-1,-1
116,27,1852,728,286,155,1,-1,-1,-1
116,28,893,739,292,136,1,-1,-1,-1
116,29,2203,732,160,155,1,-1,-1,-1
117,15,1569,1238,202,160,1,-1,-1,-1
117,20,1569,698,176,128,1,-1,-1,-1
117,23,1400,717,140,96,1,-1,-1,-1
117,24,0,762,236,156,1,-1,-1,-1
117,25,392,725,228,144,1,-1,-1,-1
117,27,1856,735,272,148,1,-1,-1,-1
117,28,871,741,292,136,1,-1,-1,-1
117,29,2205,725,160,155,1,-1,-1,-1
118,15,1565,1239,202,160,1,-1,-1,-1
118,20,1567,697,176,128,1,-1,-1,-1
118,23,1394,714,147,101,1,-1,-1,-1
118,24,0,759,236,156,1,-1,-1,-1
118,25,412,718,228,144,1,-1,-1,-1
118,27,1864,737,259,141,1,-1,-1,-1
118,28,873,738,292,136,1,-1,-1,-1
118,29,2201,686,160,155,1,-1,-1,-1
119,15,1571,1240,192,152,1,-1,-1,-1
119,20,1563,696,176,128,1,-1,-1,-1
119,23,1391,714,147,101,1,-1,-1,-1
119,24,0,759,233,156,1,-1,-1,-1
119,25,432,711,228,144,1,-1,-1,-1
119,27,1860,736,259,141,1,-1,-1,-1
119,28,874,741,278,130,1,-1,-1,-1
119,29,2196,691,160,155,1,-1,-1,-1
120,15,1573,1230,192,152,1,-1,-1,-1
120,20,1558,691,185,134,1,-1,-1,-1
120,23,1382,711,154,106,1,-1,-1,-1
120,24,0,759,232,156,1,-1,-1,-1
120,25,447,707,228,144,1,-1,-1,-1
120,29,2183,689,160,155,1,-1,-1,-1
121,15,1573,1230,192,152,1,-1,-1,-1
121,20,1558,691,185,134,1,-1,-1,-1
121,23,1392,712,144,100,1,-1,-1,-1
121,24,0,752,228,164,1,-1,-1,-1
121,25,460,720,232,132,1,-1,-1,-1
121,29,2183,689,160,155,1,-1,-1,-1
121,30,2220,732,192,164,1,-1,-1,-1
121,31,1212,712,172,92,1,-1,-1,-1
122,15,1575,1233,192,152,1,-1,-1,-1
122,23,1390,712,144,100,1,-1,-1,-1
122,24,0,751,225,164,1,-1,-1,-1
122,25,466,720,232,132,1,-1,-1,-1
122,29,2206,726,160,155,1,-1,-1,-1
122,30,2212,728,202,172,1,-1,-1,-1
122,31,1232,708,172,92,1,-1,-1,-1
123,15,1570,1234,192,152,1,-1,-1,-1
123,23,1386,712,144,100,1,-1,-1,-1
123,24,0,751,221,164,1,-1,-1,-1
123,25,481,721,232,132,1,-1,-1,-1
123,29,2198,718,168,163,1,-1,-1,-1
123,30,2195,722,212,181,1,-1,-1,-1
123,31,1264,705,172,92,1,-1,-1,-1
124,15,1556,1233,192,152,1,-1,-1,-1
124,23,1379,711,144,100,1,-1,-1,-1
124,24,0,750,217,164,1,-1,-1,-1
124,25,498,715,232,132,1,-1,-1,-1
124,29,2232,737,168,163,1,-1,-1,-1
124,30,2184,723,212,181,1,-1,-1,-1
124,31,1319,699,181,97,1,-1,-1,-1
125,15,1544,1234,192,152,1,-1,-1,-1
125,23,1371,708,151,105,1,-1,-1,-1
125,24,0,753,205,156,1,-1,-1,-1
125,25,517,711,232,132,1,-1,-1,-1
125,29,2230,745,168,163,1,-1,-1,-1
125,30,2179,723,212,181,1,-1,-1,-1
125,31,1339,698,190,101,1,-1,-1,-1
126,15,1529,1236,192,152,1,-1,-1,-1
126,23,1364,708,151,105,1,-1,-1,-1
126,24,0,753,200,156,1,-1,-1,-1
126,25,529,707,232,132,1,-1,-1,-1
126,29,2226,745,168,163,1,-1,-1,-1
126,30,2175,730,212,181,1,-1,-1,-1
126,31,1340,699,190,101,1,-1,-1,-1
127,15,1518,1242,192,152,1,-1,-1,-1
127,23,1358,709,151,105,1,-1,-1,-1
127,24,0,753,190,156,1,-1,-1,-1
127,25,552,710,221,126,1,-1,-1,-1
127,29,2225,753,160,155,1,-1,-1,-1
127,30,2162,737,212,181,1,-1,-1,-1
127,31,1339,701,190,101,1,-1,-1,-1
128,15,1500,1250,192,152,1,-1,-1,-1
128,23,1350,709,151,105,1,-1,-1,-1
128,24,0,754,180,156,1,-1,-1,-1
128,25,554,704,232,132,1,-1,-1,-1
128,29,2211,754,160,155,1,-1,-1,-1
128,30,2148,745,212,181,1,-1,-1,-1
128,31,1333,700,190,101,1,-1,-1,-1
129,15,1500,1250,192,152,1,-1,-1,-1
129,23,1350,709,151,105,1,-1,-1,-1
129,24,0,752,192,156,1,-1,-1,-1
129,25,572,700,228,124,1,-1,-1,-1
129,29,2211,754,160,155,1,-1,-1,-1
129,30,2092,780,232,152,1,-1,-1,-1
129,31,1333,700,190,101,1,-1,-1,-1
130,15,1482,1251,192,152,1,-1,-1,-1
130,23,1340,707,151,105,1,-1,-1,-1
130,24,0,752,183,156,1,-1,-1,-1
130,25,584,699,228,124,1,-1,-1,-1
130,30,2082,782,232,152,1,-1,-1,-1
130,31,1328,697,190,101,1,-1,-1,-1
131,15,1482,1238,192,152,1,-1,-1,-1
131,23,1337,704,159,110,1,-1,-1,-1
131,24,0,752,175,156,1,-1,-1,-1
131,25,602,699,228,124,1,-1,-1,-1
131,30,2060,780,244,160,1,-1,-1,-1
131,31,1329,696,190,101,1,-1,-1,-1
132,15,1472,1213,192,152,1,-1,-1,-1
132,23,1339,704,159,110,1,-1,-1,-1
132,24,0,755,161,149,1,-1,-1,-1
132,25,621,700,217,118,1,-1,-1,-1
132,30,2043,781,244,160,1,-1,-1,-1
132,31,1326,693,190,101,1,-1,-1,-1
133,15,1449,1185,192,152,1,-1,-1,-1
133,23,1343,703,159,110,1,-1,-1,-1
133,24,0,753,153,149,1,-1,-1,-1
133,25,642,697,217,118,1,-1,-1,-1
133,30,2022,785,244,160,1,-1,-1,-1
133,31,1323,694,190,101,1,-1,-1,-1
134,15,1434,1175,183,145,1,-1,-1,-1
134,23,1346,700,159,110,1,-1,-1,-1
134,24,0,755,144,141,1,-1,-1,-1
134,25,658,694,217,118,1,-1,-1,-1
134,30,1997,785,244,160,1,-1,-1,-1
134,31,1322,690,190,101,1,-1,-1,-1
135,15,1432,1191,183,145,1,-1,-1,-1
135,23,1349,700,159,110,1,-1,-1,-1
135,24,0,755,133,141,1,-1,-1,-1
135,25,670,694,217,118,1,-1,-1,-1
135,30,1968,787,244,160,1,-1,-1,-1
136,15,1437,1222,183,145,1,-1,-1,-1
136,23,1321,695,159,110,1,-1,-1,-1
136,24,0,755,126,141,1,-1,-1,-1
136,25,690,685,217,118,1,-1,-1,-1
136,30,1946,790,232,152,1,-1,-1,-1
137,15,1437,1222,183,145,1,-1,-1,-1
137,23,1321,695,159,110,1,-1,-1,-1
137,24,0,755,126,141,1,-1,-1,-1
137,25,724,684,164,128,1,-1,-1,-1
137,30,1920,796,236,124,1,-1,-1,-1
138,15,1418,1288,183,145,1,-1,-1,-1
138,23,1372,714,151,105,1,-1,-1,-1
138,24,0,726,105,135,1,-1,-1,-1
138,25,730,683,164,128,1,-1,-1,-1
138,30,1904,796,236,124,1,-1,-1,-1
139,15,1405,1292,183,145,1,-1,-1,-1
139,23,1399,724,151,105,1,-1,-1,-1
139,24,0,728,110,135,1,-1,-1,-1
139,25,742,678,172,134,1,-1,-1,-1
139,30,1883,795,248,130,1,-1,-1,-1
140,15,1400,1278,183,145,1,-1,-1,-1
140,23,1413,721,151,105,1,-1,-1,-1
140,24,0,729,117,135,1,-1,-1,-1
140,25,756,677,172,134,1,-1,-1,-1
140,30,1866,799,248,130,1,-1,-1,-1
141,15,1401,1255,183,145,1,-1,-1,-1
141,23,1425,719,151,105,1,-1,-1,-1
141,24,0,732,112,128,1,-1,-1,-1
141,25,769,681,164,128,1,-1,-1,-1
141,30,1842,801,248,130,1,-1,-1,-1
142,15,1403,1237,183,145,1,-1,-1,-1
142,24,0,725,102,128,1,-1,-1,-1
142,25,775,680,164,128,1,-1,-1,-1
142,30,1821,802,248,130,1,-1,-1,-1
143,15,1403,1234,183,145,1,-1,-1,-1
143,24,0,724,97,128,1,-1,-1,-1
143,25,781,678,164,128,1,-1,-1,-1
143,30,1805,802,248,130,1,-1,-1,-1
144,15,1403,1235,183,145,1,-1,-1,-1
144,24,0,705,80,128,1,-1,-1,-1
144,25,790,680,156,122,1,-1,-1,-1
144,30,1775,798,260,137,1,-1,-1,-1
145,15,1403,1235,183,145,1,-1,-1,-1
145,24,0,705,80,128,1,-1,-1,-1
145,25,816,680,128,116,1,-1,-1,-1
145,30,1744,804,240,124,1,-1,-1,-1
145,32,0,780,240,156,1,-1,-1,-1
145,33,1420,704,200,128,1,-1,-1,-1
145,34,1544,672,92,60,1,-1,-1,-1
146,15,1404,1235,183,145,1,-1,-1,-1
146,24,0,718,92,128,1,-1,-1,-1
146,25,818,680,128,116,1,-1,-1,-1
146,30,1725,810,229,118,1,-1,-1,-1
146,32,18,779,240,156,1,-1,-1,-1
146,33,1420,704,200,128,1,-1,-1,-1
146,34,1547,671,92,60,1,-1,-1,-1
147,15,1407,1238,183,145,1,-1,-1,-1
147,24,0,731,94,128,1,-1,-1,-1
147,25,824,683,122,110,1,-1,-1,-1
147,30,1705,821,229,118,1,-1,-1,-1
147,32,30,775,252,164,1,-1,-1,-1
147,33,1420,704,200,128,1,-1,-1,-1
147,34,1546,669,97,63,1,-1,-1,-1
148,15,1410,1245,192,152,1,-1,-1,-1
148,24,0,732,104,135,1,-1,-1,-1
148,25,826,683,122,110,1,-1,-1,-1
148,30,1632,821,240,124,1,-1,-1,-1
148,32,52,764,265,172,1,-1,-1,-1
148,33,1421,704,200,128,1,-1,-1,-1
148,34,1546,671,97,63,1,-1,-1,-1
149,15,1414,1256,192,152,1,-1,-1,-1
149,25,828,682,122,110,1,-1,-1,-1
149,30,1594,821,252,130,1,-1,-1,-1
149,32,57,764,265,172,1,-1,-1,-1
149,33,1422,704,200,128,1,-1,-1,-1
149,34,1547,669,97,63,1,-1,-1,-1
150,15,1415,1264,192,152,1,-1,-1,-1
150,25,830,682,122,110,1,-1,-1,-1
150,30,1565,827,252,130,1,-1,-1,-1
150,32,78,745,278,181,1,-1,-1,-1
150,33,1425,704,200,128,1,-1,-1,-1
150,34,1548,668,97,63,1,-1,-1,-1
151,15,1416,1265,192,152,1,-1,-1,-1
151,25,832,682,122,110,1,-1,-1,-1
151,30,1509,806,265,137,1,-1,-1,-1
151,32,110,737,278,181,1,-1,-1,-1
151,33,1426,703,200,128,1,-1,-1,-1
151,34,1551,667,97,63,1,-1,-1,-1
152,15,1418,1261,192,152,1,-1,-1,-1
152,25,833,681,122,110,1,-1,-1,-1
152,30,1464,805,265,137,1,-1,-1,-1
152,32,113,732,278,181,1,-1,-1,-1
152,33,1427,701,200,128,1,-1,-1,-1
152,34,1554,669,97,63,1,-1,-1,-1
153,15,1418,1261,192,152,1,-1,-1,-1
153,25,844,676,108,120,1,-1,-1,-1
153,30,1416,804,256,132,1,-1,-1,-1
153,32,113,732,278,181,1,-1,-1,-1
153,33,1428,704,124,116,1,-1,-1,-1
153,34,1554,669,97,63,1,-1,-1,-1
153,35,20,724,220,156,1,-1,-1,-1
153,36,1544,700,88,104,1,-1,-1,-1
153,37,224,732,184,128,1,-1,-1,-1
153,38,1416,652,112,64,1,-1,-1,-1
154,15,1434,1248,192,152,1,-1,-1,-1
154,25,847,677,108,120,1,-1,-1,-1
154,30,1379,803,256,132,1,-1,-1,-1
154,32,173,734,278,181,1,-1,-1,-1
154,33,1431,703,124,116,1,-1,-1,-1
154,34,1557,665,97,63,1,-1,-1,-1
154,35,35,724,220,156,1,-1,-1,-1
154,36,1544,699,88,104,1,-1,-1,-1
154,37,243,732,184,128,1,-1,-1,-1
154,38,1419,650,112,64,1,-1,-1,-1
155,15,1441,1246,192,152,1,-1,-1,-1
155,25,851,678,108,120,1,-1,-1,-1
155,30,1319,802,256,132,1,-1,-1,-1
155,32,190,725,278,181,1,-1,-1,-1
155,33,1436,703,124,116,1,-1,-1,-1
155,34,1556,659,97,63,1,-1,-1,-1
155,35,44,721,231,164,1,-1,-1,-1
155,36,1547,698,88,104,1,-1,-1,-1
155,37,251,729,184,128,1,-1,-1,-1
155,38,1425,649,112,64,1,-1,-1,-1
156,15,1449,1244,192,152,1,-1,-1,-1
156,25,853,682,108,120,1,-1,-1,-1
156,30,1262,795,269,139,1,-1,-1,-1
156,32,217,716,265,172,1,-1,-1,-1
156,33,1440,702,124,116,1,-1,-1,-1
156,34,1556,659,101,66,1,-1,-1,-1
156,35,63,720,243,172,1,-1,-1,-1
156,36,1549,699,88,104,1,-1,-1,-1
156,37,270,729,175,122,1,-1,-1,-1
156,38,1427,648,112,64,1,-1,-1,-1
157,15,1456,1247,192,152,1,-1,-1,-1
157,25,854,683,108,120,1,-1,-1,-1
157,30,1232,792,269,139,1,-1,-1,-1
157,32,242,709,265,172,1,-1,-1,-1
157,33,1447,701,124,116,1,-1,-1,-1
157,34,1561,658,107,69,1,-1,-1,-1
157,35,99,721,231,164,1,-1,-1,-1
157,36,1555,702,84,99,1,-1,-1,-1
157,37,302,729,175,122,1,-1,-1,-1
157,38,1446,645,107,61,1,-1,-1,-1
158,15,1459,1251,192,152,1,-1,-1,-1
158,25,858,687,108,120,1,-1,-1,-1
158,30,1164,779,282,146,1,-1,-1,-1
158,32,263,703,265,172,1,-1,-1,-1
158,33,1451,700,124,116,1,-1,-1,-1
158,34,1564,665,107,69,1,-1,-1,-1
158,35,110,724,231,164,1,-1,-1,-1
158,36,1558,705,84,99,1,-1,-1,-1
158,37,303,717,175,122,1,-1,-1,-1
158,38,1451,645,107,61,1,-1,-1,-1
159,15,1466,1251,192,152,1,-1,-1,-1
159,25,861,688,108,120,1,-1,-1,-1
159,30,1105,772,282,146,1,-1,-1,-1
159,32,224,701,278,181,1,-1,-1,-1
159,33,1456,699,124,116,1,-1,-1,-1
159,34,1569,669,101,66,1,-1,-1,-1
159,35,132,723,231,164,1,-1,-1,-1
159,36,1560,706,84,99,1,-1,-1,-1
159,37,270,721,175,122,1,-1,-1,-1
159,38,1460,646,102,58,1,-1,-1,-1
160,15,1479,1253,192,152,1,-1,-1,-1
160,25,866,690,108,120,1,-1,-1,-1
160,33,1460,700,124,116,1,-1,-1,-1
160,35,159,718,231,164,1,-1,-1,-1
160,36,1567,707,84,99,1,-1,-1,-1
160,37,272,723,175,122,1,-1,-1,-1
160,38,1463,646,102,58,1,-1,-1,-1
161,15,1479,1253,192,152,1,-1,-1,-1
161,25,868,684,120,128,1,-1,-1,-1
161,33,1464,700,112,128,1,-1,-1,-1
161,35,159,718,231,164,1,-1,-1,-1
161,36,1567,707,84,99,1,-1,-1,-1
161,37,272,723,175,122,1,-1,-1,-1
161,38,1456,640,112,72,1,-1,-1,-1
161,39,1032,768,228,144,1,-1,-1,-1
161,40,1576,672,192,116,1,-1,-1,-1
161,41,1688,696,240,108,1,-1,-1,-1
161,42,184,712,324,124,1,-1,-1,-1
162,15,1494,1247,192,152,1,-1,-1,-1
162,25,875,684,120,128,1,-1,-1,-1
162,33,1467,700,112,128,1,-1,-1,-1
162,35,243,697,231,164,1,-1,-1,-1
162,36,1577,709,84,99,1,-1,-1,-1
162,37,294,714,184,128,1,-1,-1,-1
162,38,1459,642,112,72,1,-1,-1,-1
162,39,990,768,228,144,1,-1,-1,-1
162,40,1580,672,192,116,1,-1,-1,-1
162,41,1700,696,240,108,1,-1,-1,-1
162,42,217,711,324,124,1,-1,-1,-1
163,15,1493,1221,192,152,1,-1,-1,-1
163,25,882,683,120,128,1,-1,-1,-1
163,33,1473,702,112,128,1,-1,-1,-1
163,35,313,697,231,164,1,-1,-1,-1
163,36,1582,709,84,99,1,-1,-1,-1
163,37,326,712,193,134,1,-1,-1,-1
163,38,1462,648,112,72,1,-1,-1,-1
163,39,961,771,228,144,1,-1,-1,-1
163,40,1584,672,192,116,1,-1,-1,-1
163,41,1701,695,252,113,1,-1,-1,-1
163,42,277,714,309,118,1,-1,-1,-1
164,15,1478,1178,202,160,1,-1,-1,-1
164,25,891,682,120,128,1,-1,-1,-1
164,33,1478,703,112,128,1,-1,-1,-1
164,35,354,695,231,164,1,-1,-1,-1
164,36,1589,710,84,99,1,-1,-1,-1
164,37,356,705,203,141,1,-1,-1,-1
164,38,1469,650,112,72,1,-1,-1,-1
164,39,917,763,228,144,1,-1,-1,-1
164,40,1593,675,183,110,1,-1,-1,-1
164,41,1710,698,240,108,1,-1,-1,-1
164,42,307,712,309,118,1,-1,-1,-1
165,15,1474,1125,202,160,1,-1,-1,-1
165,25,900,682,120,128,1,-1,-1,-1
165,33,1485,705,112,128,1,-1,-1,-1
165,35,407,702,231,164,1,-1,-1,-1
165,36,1595,710,84,99,1,-1,-1,-1
165,37,380,707,193,134,1,-1,-1,-1
165,38,1472,654,112,72,1,-1,-1,-1
165,39,862,761,239,151,1,-1,-1,-1
165,40,1600,675,183,110,1,-1,-1,-1
165,41,1707,696,252,113,1,-1,-1,-1
165,42,375,715,294,112,1,-1,-1,-1
166,15,1499,1096,202,160,1,-1,-1,-1
166,25,913,681,120,128,1,-1,-1,-1
166,33,1491,705,112,128,1,-1,-1,-1
166,35,446,699,231,164,1,-1,-1,-1
166,36,1602,711,84,99,1,-1,-1,-1
166,37,387,707,193,134,1,-1,-1,-1
166,38,1475,655,112,72,1,-1,-1,-1
166,39,805,750,251,159,1,-1,-1,-1
166,40,1609,677,183,110,1,-1,-1,-1
166,41,1715,698,252,113,1,-1,-1,-1
166,42,428,713,280,107,1,-1,-1,-1
167,15,1540,1105,202,160,1,-1,-1,-1
167,25,922,682,120,128,1,-1,-1,-1
167,33,1495,706,112,128,1,-1,-1,-1
167,35,500,697,231,164,1,-1,-1,-1
167,36,1611,711,84,99,1,-1,-1,-1
167,37,292,723,193,134,1,-1,-1,-1
167,38,1476,657,112,72,1,-1,-1,-1
167,39,757,735,251,159,1,-1,-1,-1
167,40,1619,681,183,110,1,-1,-1,-1
167,41,1733,702,252,113,1,-1,-1,-1
167,42,472,709,280,107,1,-1,-1,-1
168,15,1569,1140,202,160,1,-1,-1,-1
168,25,930,683,120,128,1,-1,-1,-1
168,33,1500,708,112,128,1,-1,-1,-1
168,35,537,682,231,164,1,-1,-1,-1
168,36,1618,711,84,99,1,-1,-1,-1
168,38,1480,661,107,69,1,-1,-1,-1
168,39,699,716,251,159,1,-1,-1,-1
168,40,1630,682,183,110,1,-1,-1,-1
168,41,1739,707,252,113,1,-1,-1,-1
168,42,522,705,280,107,1,-1,-1,-1
169,15,1569,1140,202,160,1,-1,-1,-1
169,25,940,680,172,132,1,-1,-1,-1
169,33,1476,712,152,128,1,-1,-1,-1
169,35,537,682,231,164,1,-1,-1,-1
169,36,1616,712,96,120,1,-1,-1,-1
169,38,1476,660,180,76,1,-1,-1,-1
169,39,699,716,251,159,1,-1,-1,-1
169,40,1640,688,196,104,1,-1,-1,-1
169,41,1739,707,252,113,1,-1,-1,-1
169,42,522,705,280,107,1,-1,-1,-1
169,43,1872,724,172,112,1,-1,-1,-1
169,44,64,752,128,144,1,-1,-1,-1
169,45,756,740,132,128,1,-1,-1,-1
169,46,0,784,44,140,1,-1,-1,-1
169,47,452,640,144,156,1,-1,-1,-1
170,15,1561,1199,202,160,1,-1,-1,-1
170,25,953,679,172,132,1,-1,-1,-1
170,33,1482,712,152,128,1,-1,-1,-1
170,36,1626,711,96,120,1,-1,-1,-1
170,38,1479,661,180,76,1,-1,-1,-1
170,39,651,704,251,159,1,-1,-1,-1
170,40,1655,688,196,104,1,-1,-1,-1
170,41,1765,709,252,113,1,-1,-1,-1
170,42,635,700,280,107,1,-1,-1,-1
170,43,1881,725,172,112,1,-1,-1,-1
170,44,78,752,128,144,1,-1,-1,-1
170,45,732,741,132,128,1,-1,-1,-1
170,46,12,782,44,140,1,-1,-1,-1
170,47,467,640,144,156,1,-1,-1,-1
171,15,1561,1219,202,160,1,-1,-1,-1
171,25,963,675,181,139,1,-1,-1,-1
171,33,1489,712,152,128,1,-1,-1,-1
171,36,1634,711,96,120,1,-1,-1,-1
171,38,1486,663,180,76,1,-1,-1,-1
171,39,665,701,251,159,1,-1,-1,-1
171,40,1669,689,196,104,1,-1,-1,-1
171,41,1782,714,252,113,1,-1,-1,-1
171,42,637,699,294,112,1,-1,-1,-1
171,43,1892,725,172,112,1,-1,-1,-1
171,44,93,752,128,144,1,-1,-1,-1
171,45,705,727,132,128,1,-1,-1,-1
171,46,25,780,44,140,1,-1,-1,-1
171,47,483,640,144,156,1,-1,-1,-1
172,15,1579,1240,202,160,1,-1,-1,-1
172,25,975,675,181,139,1,-1,-1,-1
172,33,1494,713,152,128,1,-1,-1,-1
172,36,1642,712,96,120,1,-1,-1,-1
172,38,1487,664,189,80,1,-1,-1,-1
172,39,668,698,264,167,1,-1,-1,-1
172,40,1681,691,196,104,1,-1,-1,-1
172,41,1785,708,265,119,1,-1,-1,-1
172,42,629,700,309,118,1,-1,-1,-1
172,43,1898,725,172,112,1,-1,-1,-1
172,44,110,753,128,144,1,-1,-1,-1
172,45,689,732,126,122,1,-1,-1,-1
172,46,38,780,44,140,1,-1,-1,-1
172,47,493,643,144,156,1,-1,-1,-1
173,15,1605,1261,202,160,1,-1,-1,-1
173,25,988,676,181,139,1,-1,-1,-1
173,33,1498,713,152,128,1,-1,-1,-1
173,36,1648,711,96,120,1,-1,-1,-1
173,38,1495,664,189,80,1,-1,-1,-1
173,39,750,669,264,167,1,-1,-1,-1
173,40,1688,691,206,109,1,-1,-1,-1
173,41,1808,708,265,119,1,-1,-1,-1
173,42,788,704,294,112,1,-1,-1,-1
173,43,1905,723,172,112,1,-1,-1,-1
173,44,128,753,128,144,1,-1,-1,-1
173,45,707,728,132,128,1,-1,-1,-1
173,46,47,776,46,147,1,-1,-1,-1
173,47,506,639,151,164,1,-1,-1,-1
174,15,1625,1274,202,160,1,-1,-1,-1
174,25,998,676,181,139,1,-1,-1,-1
174,33,1501,713,152,128,1,-1,-1,-1
174,36,1660,712,96,120,1,-1,-1,-1
174,38,1495,662,198,84,1,-1,-1,-1
174,39,789,670,251,159,1,-1,-1,-1
174,40,1705,695,206,109,1,-1,-1,-1
174,41,1824,708,265,119,1,-1,-1,-1
174,42,902,690,294,112,1,-1,-1,-1
174,43,1913,721,172,112,1,-1,-1,-1
174,44,149,752,128,144,1,-1,-1,-1
174,45,735,738,132,128,1,-1,-1,-1
174,46,48,777,46,147,1,-1,-1,-1
174,47,513,642,151,164,1,-1,-1,-1
175,15,1641,1274,202,160,1,-1,-1,-1
175,25,1015,676,181,139,1,-1,-1,-1
175,33,1512,714,152,128,1,-1,-1,-1
175,36,1671,714,96,120,1,-1,-1,-1
175,38,1505,659,208,88,1,-1,-1,-1
175,40,1710,694,206,109,1,-1,-1,-1
175,41,1827,703,265,119,1,-1,-1,-1
175,43,1921,721,172,112,1,-1,-1,-1
175,44,165,753,128,144,1,-1,-1,-1
175,45,749,729,132,128,1,-1,-1,-1
175,46,52,781,44,140,1,-1,-1,-1
175,47,521,646,144,156,1,-1,-1,-1
176,15,1657,1259,202,160,1,-1,-1,-1
176,25,1030,678,181,139,1,-1,-1,-1
176,33,1524,715,152,128,1,-1,-1,-1
176,36,1688,714,96,120,1,-1,-1,-1
176,38,1518,658,208,88,1,-1,-1,-1
176,40,1709,694,206,109,1,-1,-1,-1
176,41,1837,709,252,113,1,-1,-1,-1
176,43,1929,724,172,112,1,-1,-1,-1
176,44,177,750,134,151,1,-1,-1,-1
176,45,761,730,132,128,1,-1,-1,-1
176,46,62,791,44,140,1,-1,-1,-1
176,47,544,643,144,156,1,-1,-1,-1
177,15,1657,1259,202,160,1,-1,-1,-1
177,25,984,680,240,132,1,-1,-1,-1
177,33,1540,716,228,128,1,-1,-1,-1
177,36,1688,714,96,120,1,-1,-1,-1
177,38,1518,658,208,88,1,-1,-1,-1
177,40,1709,694,206,109,1,-1,-1,-1
177,41,1837,709,252,113,1,-1,-1,-1
177,43,1940,736,164,104,1,-1,-1,-1
177,44,172,736,156,148,1,-1,-1,-1
177,45,761,730,132,128,1,-1,-1,-1
177,46,62,791,44,140,1,-1,-1,-1
177,47,544,643,144,156,1,-1,-1,-1
177,48,72,732,112,168,1,-1,-1,-1
177,49,492,680,180,132,1,-1,-1,-1
177,50,1780,696,188,128,1,-1,-1,-1
178,15,1696,1210,192,152,1,-1,-1,-1
178,25,1009,683,229,126,1,-1,-1,-1
178,33,1554,717,228,128,1,-1,-1,-1
178,36,1712,713,96,120,1,-1,-1,-1
178,38,1529,658,219,92,1,-1,-1,-1
178,40,1731,694,196,104,1,-1,-1,-1
178,43,1950,740,164,104,1,-1,-1,-1
178,44,189,738,156,148,1,-1,-1,-1
178,45,786,738,132,128,1,-1,-1,-1
178,46,64,779,42,133,1,-1,-1,-1
178,47,570,656,144,156,1,-1,-1,-1
178,48,88,732,112,168,1,-1,-1,-1
178,49,496,682,180,132,1,-1,-1,-1
178,50,1796,697,188,128,1,-1,-1,-1
179,15,1707,1189,192,152,1,-1,-1,-1
179,25,1029,684,229,126,1,-1,-1,-1
179,33,1570,720,228,128,1,-1,-1,-1
179,36,1722,715,96,120,1,-1,-1,-1
179,38,1515,661,208,88,1,-1,-1,-1
179,40,1740,691,196,104,1,-1,-1,-1
179,43,1956,743,164,104,1,-1,-1,-1
179,44,201,736,164,155,1,-1,-1,-1
179,45,802,740,132,128,1,-1,-1,-1
179,46,52,724,42,133,1,-1,-1,-1
179,47,584,663,137,149,1,-1,-1,-1
179,48,103,732,112,168,1,-1,-1,-1
179,49,495,687,180,132,1,-1,-1,-1
179,50,1813,701,188,128,1,-1,-1,-1
180,15,1713,1172,192,152,1,-1,-1,-1
180,25,1046,685,229,126,1,-1,-1,-1
180,33,1584,722,228,128,1,-1,-1,-1
180,36,1735,717,96,120,1,-1,-1,-1
180,38,1516,663,208,88,1,-1,-1,-1
180,40,1766,693,196,104,1,-1,-1,-1
180,43,1966,748,156,99,1,-1,-1,-1
180,44,216,739,164,155,1,-1,-1,-1
180,45,818,742,132,128,1,-1,-1,-1
180,46,43,711,42,133,1,-1,-1,-1
180,47,591,679,131,141,1,-1,-1,-1
180,48,119,734,112,168,1,-1,-1,-1
180,49,503,692,180,132,1,-1,-1,-1
180,50,1831,702,188,128,1,-1,-1,-1
181,15,1725,1169,192,152,1,-1,-1,-1
181,25,1066,686,229,126,1,-1,-1,-1
181,33,1598,722,239,134,1,-1,-1,-1
181,36,1751,731,96,120,1,-1,-1,-1
181,38,1525,666,198,84,1,-1,-1,-1
181,40,1787,694,196,104,1,-1,-1,-1
181,43,1983,752,149,94,1,-1,-1,-1
181,44,229,739,164,155,1,-1,-1,-1
181,45,830,743,132,128,1,-1,-1,-1
181,46,41,738,42,133,1,-1,-1,-1
181,47,605,674,131,141,1,-1,-1,-1
181,48,132,732,112,168,1,-1,-1,-1
181,49,516,696,180,132,1,-1,-1,-1
181,50,1845,705,188,128,1,-1,-1,-1
182,15,1741,1178,192,152,1,-1,-1,-1
182,25,1091,687,229,126,1,-1,-1,-1
182,33,1608,725,239,134,1,-1,-1,-1
182,36,1773,736,96,120,1,-1,-1,-1
182,38,1530,668,189,80,1,-1,-1,-1
182,40,1812,701,196,104,1,-1,-1,-1
182,43,1993,753,149,94,1,-1,-1,-1
182,44,245,740,164,155,1,-1,-1,-1
182,45,840,744,132,128,1,-1,-1,-1
182,46,41,740,40,127,1,-1,-1,-1
182,47,621,678,124,135,1,-1,-1,-1
182,48,144,733,112,168,1,-1,-1,-1
182,49,528,691,189,139,1,-1,-1,-1
182,50,1858,705,188,128,1,-1,-1,-1
183,15,1759,1197,192,152,1,-1,-1,-1
183,25,1113,681,240,132,1,-1,-1,-1
183,33,1638,726,239,134,1,-1,-1,-1
183,36,1784,745,91,114,1,-1,-1,-1
183,38,1534,668,189,80,1,-1,-1,-1
183,40,1871,708,206,109,1,-1,-1,-1
183,43,2000,755,149,94,1,-1,-1,-1
183,44,259,740,164,155,1,-1,-1,-1
183,47,630,670,124,135,1,-1,-1,-1
183,48,156,734,112,168,1,-1,-1,-1
183,49,549,696,180,132,1,-1,-1,-1
183,50,1864,704,188,128,1,-1,-1,-1
184,15,1780,1211,192,152,1,-1,-1,-1
184,25,1139,678,240,132,1,-1,-1,-1
184,33,1682,725,228,128,1,-1,-1,-1
184,36,1788,742,91,114,1,-1,-1,-1
184,38,1528,665,198,84,1,-1,-1,-1
184,40,1894,708,206,109,1,-1,-1,-1
184,43,2003,754,156,99,1,-1,-1,-1
184,44,273,740,164,155,1,-1,-1,-1
184,47,645,669,124,135,1,-1,-1,-1
184,48,165,735,112,168,1,-1,-1,-1
184,49,565,698,171,126,1,-1,-1,-1
184,50,1870,704,188,128,1,-1,-1,-1
185,15,1780,1211,192,152,1,-1,-1,-1
185,25,1139,678,240,132,1,-1,-1,-1
185,33,1682,725,228,128,1,-1,-1,-1
185,36,1788,742,91,114,1,-1,-1,-1
185,38,1528,665,198,84,1,-1,-1,-1
185,40,1894,708,206,109,1,-1,-1,-1
185,43,2003,754,156,99,1,-1,-1,-1
185,44,273,740,164,155,1,-1,-1,-1
185,47,645,669,124,135,1,-1,-1,-1
185,48,165,735,112,168,1,-1,-1,-1
185,49,565,698,171,126,1,-1,-1,-1
185,50,1870,704,188,128,1,-1,-1,-1
185,51,1784,724,200,140,1,-1,-1,-1
185,52,500,648,136,180,1,-1,-1,-1
185,53,676,684,212,132,1,-1,-1,-1
186,15,1814,1237,192,152,1,-1,-1,-1
186,25,1190,676,240,132,1,-1,-1,-1
186,33,1702,723,228,128,1,-1,-1,-1
186,36,1794,739,91,114,1,-1,-1,-1
186,38,1543,667,198,84,1,-1,-1,-1
186,43,2008,763,156,99,1,-1,-1,-1
186,44,299,742,164,155,1,-1,-1,-1
186,48,179,735,112,168,1,-1,-1,-1
186,49,579,699,171,126,1,-1,-1,-1
186,50,1823,725,197,134,1,-1,-1,-1
186,51,1802,723,200,140,1,-1,-1,-1
186,52,509,653,136,180,1,-1,-1,-1
186,53,680,685,212,132,1,-1,-1,-1
187,15,1819,1254,192,152,1,-1,-1,-1
187,25,1212,679,240,132,1,-1,-1,-1
187,33,1722,720,228,128,1,-1,-1,-1
187,36,1813,731,91,114,1,-1,-1,-1
187,43,2011,765,156,99,1,-1,-1,-1
187,44,310,744,164,155,1,-1,-1,-1
187,48,184,736,112,168,1,-1,-1,-1
187,49,599,692,171,126,1,-1,-1,-1
187,50,1826,721,207,141,1,-1,-1,-1
187,51,1829,723,200,140,1,-1,-1,-1
187,52,516,659,136,180,1,-1,-1,-1
187,53,687,687,212,132,1,-1,-1,-1
188,15,1820,1259,192,152,1,-1,-1,-1
188,25,1239,683,229,126,1,-1,-1,-1
188,33,1721,710,239,134,1,-1,-1,-1
188,43,2017,766,156,99,1,-1,-1,-1
188,44,319,746,164,155,1,-1,-1,-1
188,48,193,738,112,168,1,-1,-1,-1
188,49,606,685,180,132,1,-1,-1,-1
188,50,1849,721,207,141,1,-1,-1,-1
188,51,1865,726,200,140,1,-1,-1,-1
188,52,516,660,136,180,1,-1,-1,-1
188,53,694,687,212,132,1,-1,-1,-1
189,15,1831,1258,192,152,1,-1,-1,-1
189,25,1265,687,218,120,1,-1,-1,-1
189,33,1710,708,239,134,1,-1,-1,-1
189,43,2026,774,156,99,1,-1,-1,-1
189,44,322,747,164,155,1,-1,-1,-1
189,48,200,742,112,168,1,-1,-1,-1
189,49,619,698,171,126,1,-1,-1,-1
189,50,1874,721,197,134,1,-1,-1,-1
189,51,1899,727,190,133,1,-1,-1,-1
189,52,513,651,143,189,1,-1,-1,-1
189,53,704,683,212,132,1,-1,-1,-1
190,15,1852,1261,192,152,1,-1,-1,-1
190,25,1288,684,218,120,1,-1,-1,-1
190,33,1705,709,239,134,1,-1,-1,-1
190,43,2040,777,149,94,1,-1,-1,-1
190,44,331,753,164,155,1,-1,-1,-1
190,48,209,742,112,168,1,-1,-1,-1
190,49,636,698,171,126,1,-1,-1,-1
190,50,1889,707,207,141,1,-1,-1,-1
190,51,1916,728,190,133,1,-1,-1,-1
190,52,523,652,143,189,1,-1,-1,-1
190,53,707,681,212,132,1,-1,-1,-1
191,15,1871,1271,192,152,1,-1,-1,-1
191,25,1305,679,229,126,1,-1,-1,-1
191,33,1691,712,239,134,1,-1,-1,-1
191,43,2042,779,149,94,1,-1,-1,-1
191,44,330,757,164,155,1,-1,-1,-1
191,48,218,744,112,168,1,-1,-1,-1
191,49,611,690,180,132,1,-1,-1,-1
191,50,1912,711,197,134,1,-1,-1,-1
191,51,1936,728,200,140,1,-1,-1,-1
191,52,530,649,143,189,1,-1,-1,-1
191,53,713,681,212,132,1,-1,-1,-1
192,15,1877,1274,192,152,1,-1,-1,-1
192,25,1321,685,229,126,1,-1,-1,-1
192,33,1681,710,239,134,1,-1,-1,-1
192,44,333,758,164,155,1,-1,-1,-1
192,48,223,743,118,176,1,-1,-1,-1
192,50,1920,701,197,134,1,-1,-1,-1
192,51,1954,725,200,140,1,-1,-1,-1
192,52,546,645,143,189,1,-1,-1,-1
192,53,711,680,223,139,1,-1,-1,-1
193,15,1877,1274,192,152,1,-1,-1,-1
193,25,1321,685,229,126,1,-1,-1,-1
193,33,1688,740,212,96,1,-1,-1,-1
193,44,333,758,164,155,1,-1,-1,-1
193,48,223,743,118,176,1,-1,-1,-1
193,50,1920,701,197,134,1,-1,-1,-1
193,51,1954,725,200,140,1,-1,-1,-1
193,52,546,645,143,189,1,-1,-1,-1
193,53,700,720,224,100,1,-1,-1,-1
193,54,548,752,212,88,1,-1,-1,-1
194,15,1878,1265,192,152,1,-1,-1,-1
194,33,1689,740,212,96,1,-1,-1,-1
194,44,337,766,156,148,1,-1,-1,-1
194,48,239,744,118,176,1,-1,-1,-1
194,51,1985,734,200,140,1,-1,-1,-1
194,52,559,646,143,189,1,-1,-1,-1
194,53,702,718,224,100,1,-1,-1,-1
194,54,563,752,212,88,1,-1,-1,-1
195,15,1882,1264,192,152,1,-1,-1,-1
195,33,1688,741,212,96,1,-1,-1,-1
195,44,340,762,156,148,1,-1,-1,-1
195,48,244,746,118,176,1,-1,-1,-1
195,51,1980,734,210,147,1,-1,-1,-1
195,52,562,650,143,189,1,-1,-1,-1
195,53,703,718,224,100,1,-1,-1,-1
195,54,574,750,223,92,1,-1,-1,-1
196,15,1886,1263,192,152,1,-1,-1,-1
196,33,1688,741,212,96,1,-1,-1,-1
196,44,343,761,149,141,1,-1,-1,-1
196,48,251,747,118,176,1,-1,-1,-1
196,51,1988,738,210,147,1,-1,-1,-1
196,52,572,654,143,189,1,-1,-1,-1
196,53,695,712,235,105,1,-1,-1,-1
196,54,589,747,234,97,1,-1,-1,-1
197,15,1893,1265,192,152,1,-1,-1,-1
197,33,1687,740,212,96,1,-1,-1,-1
197,44,343,756,149,141,1,-1,-1,-1
197,48,256,748,118,176,1,-1,-1,-1
197,51,1996,740,210,147,1,-1,-1,-1
197,52,577,651,143,189,1,-1,-1,-1
197,53,701,712,224,100,1,-1,-1,-1
197,54,604,742,245,102,1,-1,-1,-1
198,15,1895,1270,192,152,1,-1,-1,-1
198,33,1687,740,212,96,1,-1,-1,-1
198,44,359,757,149,141,1,-1,-1,-1
198,48,262,748,118,176,1,-1,-1,-1
198,51,2009,744,210,147,1,-1,-1,-1
198,52,574,654,143,189,1,-1,-1,-1
198,53,690,710,235,105,1,-1,-1,-1
198,54,615,739,258,107,1,-1,-1,-1
199,15,1893,1270,192,152,1,-1,-1,-1
199,33,1686,741,212,96,1,-1,-1,-1
199,48,266,744,118,176,1,-1,-1,-1
199,51,2013,742,210,147,1,-1,-1,-1
199,52,575,653,143,189,1,-1,-1,-1
199,53,670,709,247,110,1,-1,-1,-1
199,54,631,737,245,102,1,-1,-1,-1
200,15,1884,1254,192,152,1,-1,-1,-1
200,33,1683,740,212,96,1,-1,-1,-1
200,48,274,744,118,176,1,-1,-1,-1
200,53,659,715,247,110,1,-1,-1,-1
200,54,651,730,245,102,1,-1,-1,-1
201,15,1884,1254,192,152,1,-1,-1,-1
201,33,1724,748,160,88,1,-1,-1,-1
201,48,274,744,118,176,1,-1,-1,-1
201,53,652,712,248,116,1,-1,-1,-1
201,54,651,730,245,102,1,-1,-1,-1
201,55,1956,732,172,108,1,-1,-1,-1
201,56,1384,660,156,132,1,-1,-1,-1
201,57,2068,736,256,152,1,-1,-1,-1
201,58,1656,688,120,56,1,-1,-1,-1
201,59,1532,716,172,100,1,-1,-1,-1
202,15,1864,1182,192,152,1,-1,-1,-1
202,33,1721,749,160,88,1,-1,-1,-1
202,48,276,747,118,176,1,-1,-1,-1
202,53,657,711,248,116,1,-1,-1,-1
202,54,670,734,245,102,1,-1,-1,-1
202,55,1957,732,172,108,1,-1,-1,-1
202,56,1384,659,156,132,1,-1,-1,-1
202,57,2070,737,256,152,1,-1,-1,-1
202,58,1658,688,120,56,1,-1,-1,-1
202,59,1545,716,172,100,1,-1,-1,-1
203,15,1876,1141,192,152,1,-1,-1,-1
203,33,1716,748,160,88,1,-1,-1,-1
203,48,280,746,118,176,1,-1,-1,-1
203,53,657,705,260,122,1,-1,-1,-1
203,54,692,734,245,102,1,-1,-1,-1
203,55,1959,732,172,108,1,-1,-1,-1
203,56,1384,659,156,132,1,-1,-1,-1
203,57,2073,739,256,152,1,-1,-1,-1
203,58,1662,687,120,56,1,-1,-1,-1
203,59,1562,718,172,100,1,-1,-1,-1
204,15,1894,1126,192,152,1,-1,-1,-1
204,33,1703,744,160,88,1,-1,-1,-1
204,48,283,749,118,176,1,-1,-1,-1
204,53,653,701,260,122,1,-1,-1,-1
204,54,721,734,234,97,1,-1,-1,-1
204,55,1961,732,172,108,1,-1,-1,-1
204,56,1385,660,156,132,1,-1,-1,-1
204,57,2075,740,256,152,1,-1,-1,-1
204,58,1662,687,120,56,1,-1,-1,-1
204,59,1577,718,181,105,1,-1,-1,-1
205,15,1900,1143,192,152,1,-1,-1,-1
205,33,1705,742,160,88,1,-1,-1,-1
205,48,284,752,118,176,1,-1,-1,-1
205,53,651,696,273,128,1,-1,-1,-1
205,54,725,739,223,92,1,-1,-1,-1
205,55,1963,732,172,108,1,-1,-1,-1
205,56,1385,660,156,132,1,-1,-1,-1
205,57,2075,741,256,152,1,-1,-1,-1
205,58,1663,688,126,59,1,-1,-1,-1
205,59,1588,722,181,105,1,-1,-1,-1
206,15,1898,1178,192,152,1,-1,-1,-1
206,33,1656,743,160,88,1,-1,-1,-1
206,48,283,758,118,176,1,-1,-1,-1
206,53,651,695,273,128,1,-1,-1,-1
206,54,728,740,223,92,1,-1,-1,-1
206,55,1964,733,172,108,1,-1,-1,-1
206,56,1382,661,156,132,1,-1,-1,-1
206,57,2075,741,256,152,1,-1,-1,-1
206,58,1666,689,126,59,1,-1,-1,-1
206,59,1596,723,181,105,1,-1,-1,-1
207,15,1898,1218,192,152,1,-1,-1,-1
207,33,1622,745,160,88,1,-1,-1,-1
207,48,280,761,118,176,1,-1,-1,-1
207,53,670,686,287,134,1,-1,-1,-1
207,54,755,741,223,92,1,-1,-1,-1
207,55,1965,733,172,108,1,-1,-1,-1
207,56,1382,661,156,132,1,-1,-1,-1
207,57,2078,741,256,152,1,-1,-1,-1
207,58,1670,689,126,59,1,-1,-1,-1
207,59,1609,726,190,110,1,-1,-1,-1
208,15,1901,1253,192,152,1,-1,-1,-1
208,33,1629,747,160,88,1,-1,-1,-1
208,48,276,761,118,176,1,-1,-1,-1
208,53,620,680,301,141,1,-1,-1,-1
208,55,1965,732,172,108,1,-1,-1,-1
208,56,1381,663,156,132,1,-1,-1,-1
208,57,2074,740,256,152,1,-1,-1,-1
208,58,1668,689,132,62,1,-1,-1,-1
208,59,1620,728,190,110,1,-1,-1,-1
209,15,1901,1253,192,152,1,-1,-1,-1
209,33,1629,747,160,88,1,-1,-1,-1
209,48,276,761,118,176,1,-1,-1,-1
209,53,620,680,301,141,1,-1,-1,-1
209,55,1964,724,156,112,1,-1,-1,-1
209,56,1372,668,164,128,1,-1,-1,-1
209,57,2064,764,236,124,1,-1,-1,-1
209,58,1668,689,132,62,1,-1,-1,-1
209,59,1600,724,252,120,1,-1,-1,-1
209,60,760,728,264,108,1,-1,-1,-1
209,61,192,796,208,124,1,-1,-1,-1
209,62,584,708,216,116,1,-1,-1,-1
209,63,192,732,232,100,1,-1,-1,-1
210,15,1901,1292,192,148,1,-1,-1,-1
210,33,1593,731,168,92,1,-1,-1,-1
210,48,275,758,118,176,1,-1,-1,-1
210,53,573,692,287,134,1,-1,-1,-1
210,55,1963,724,156,112,1,-1,-1,-1
210,56,1371,668,164,128,1,-1,-1,-1
210,57,2065,763,236,124,1,-1,-1,-1
210,58,1678,691,132,62,1,-1,-1,-1
210,59,1606,724,252,120,1,-1,-1,-1
210,60,768,728,264,108,1,-1,-1,-1
210,61,191,796,208,124,1,-1,-1,-1
210,62,579,708,216,116,1,-1,-1,-1
210,63,193,731,232,100,1,-1,-1,-1
211,15,1896,1295,192,145,1,-1,-1,-1
211,33,1558,720,160,88,1,-1,-1,-1
211,48,276,758,118,176,1,-1,-1,-1
211,53,564,696,273,128,1,-1,-1,-1
211,55,1963,725,156,112,1,-1,-1,-1
211,56,1370,669,164,128,1,-1,-1,-1
211,57,2067,764,236,124,1,-1,-1,-1
211,58,1681,691,132,62,1,-1,-1,-1
211,59,1626,725,252,120,1,-1,-1,-1
211,60,788,725,264,108,1,-1,-1,-1
211,61,192,797,208,124,1,-1,-1,-1
211,62,575,709,216,116,1,-1,-1,-1
211,63,193,732,232,100,1,-1,-1,-1
212,15,1892,1285,192,152,1,-1,-1,-1
212,33,1555,720,160,88,1,-1,-1,-1
212,53,561,693,273,128,1,-1,-1,-1
212,55,1963,726,156,112,1,-1,-1,-1
212,56,1368,671,164,128,1,-1,-1,-1
212,57,2069,765,236,124,1,-1,-1,-1
212,58,1686,693,132,62,1,-1,-1,-1
212,59,1655,728,240,114,1,-1,-1,-1
212,60,817,721,264,108,1,-1,-1,-1
212,61,192,798,208,124,1,-1,-1,-1
212,62,569,707,216,116,1,-1,-1,-1
212,63,195,733,232,100,1,-1,-1,-1
213,15,1896,1270,192,152,1,-1,-1,-1
213,33,1555,722,152,84,1,-1,-1,-1
213,53,558,690,273,128,1,-1,-1,-1
213,55,1962,726,156,112,1,-1,-1,-1
213,56,1365,674,164,128,1,-1,-1,-1
213,57,2069,766,236,124,1,-1,-1,-1
213,58,1690,697,132,62,1,-1,-1,-1
213,59,1676,734,229,109,1,-1,-1,-1
213,60,818,718,277,113,1,-1,-1,-1
213,61,192,798,208,124,1,-1,-1,-1
213,62,565,706,216,116,1,-1,-1,-1
213,63,191,731,244,105,1,-1,-1,-1
214,15,1905,1264,192,152,1,-1,-1,-1
214,33,1553,719,152,84,1,-1,-1,-1
214,53,551,692,273,128,1,-1,-1,-1
214,55,1960,725,156,112,1,-1,-1,-1
214,56,1363,678,164,128,1,-1,-1,-1
214,57,2070,763,248,130,1,-1,-1,-1
214,58,1687,697,132,62,1,-1,-1,-1
214,59,1669,732,229,109,1,-1,-1,-1
214,60,842,717,264,108,1,-1,-1,-1
214,61,194,796,208,124,1,-1,-1,-1
214,62,555,706,216,116,1,-1,-1,-1
214,63,192,731,244,105,1,-1,-1,-1
215,15,1907,1260,202,160,1,-1,-1,-1
215,33,1537,714,160,88,1,-1,-1,-1
215,53,543,693,273,128,1,-1,-1,-1
215,55,1960,725,156,112,1,-1,-1,-1
215,56,1366,682,164,128,1,-1,-1,-1
215,57,2085,769,236,124,1,-1,-1,-1
215,58,1687,697,132,62,1,-1,-1,-1
215,59,1682,734,229,109,1,-1,-1,-1
215,60,846,714,277,113,1,-1,-1,-1
215,61,195,795,208,124,1,-1,-1,-1
215,62,550,706,216,116,1,-1,-1,-1
215,63,196,733,244,105,1,-1,-1,-1
216,15,1910,1262,202,160,1,-1,-1,-1
216,53,547,697,260,122,1,-1,-1,-1
216,55,1959,724,156,112,1,-1,-1,-1
216,56,1368,683,164,128,1,-1,-1,-1
216,57,2108,772,236,124,1,-1,-1,-1
216,58,1691,696,132,62,1,-1,-1,-1
216,59,1695,736,229,109,1,-1,-1,-1
216,60,869,713,277,113,1,-1,-1,-1
216,61,189,792,218,130,1,-1,-1,-1
216,62,546,707,216,116,1,-1,-1,-1
216,63,194,733,244,105,1,-1,-1,-1
217,15,1910,1262,202,160,1,-1,-1,-1
217,53,547,697,260,122,1,-1,-1,-1
217,55,1964,728,136,100,1,-1,-1,-1
217,56,1380,696,160,112,1,-1,-1,-1
217,57,2140,764,280,128,1,-1,-1,-1
217,58,1691,696,132,62,1,-1,-1,-1
217,59,1732,720,180,120,1,-1,-1,-1
217,60,944,724,192,108,1,-1,-1,-1
217,61,164,784,248,160,1,-1,-1,-1
217,62,556,704,216,124,1,-1,-1,-1
217,63,194,733,244,105,1,-1,-1,-1
217,64,1652,688,168,112,1,-1,-1,-1
217,65,2068,724,184,152,1,-1,-1,-1
217,66,260,756,224,148,1,-1,-1,-1
217,67,1524,704,104,96,1,-1,-1,-1
218,15,1911,1278,202,160,1,-1,-1,-1
218,55,1965,727,136,100,1,-1,-1,-1
218,56,1383,696,160,112,1,-1,-1,-1
218,57,2147,766,280,128,1,-1,-1,-1
218,59,1737,719,180,120,1,-1,-1,-1
218,60,950,725,192,108,1,-1,-1,-1
218,61,166,784,248,160,1,-1,-1,-1
218,62,555,705,216,124,1,-1,-1,-1
218,63,201,736,232,100,1,-1,-1,-1
218,64,1654,687,168,112,1,-1,-1,-1
218,65,2069,725,184,152,1,-1,-1,-1
218,66,263,757,224,148,1,-1,-1,-1
218,67,1520,702,104,96,1,-1,-1,-1
219,15,1910,1275,202,160,1,-1,-1,-1
219,55,1966,726,136,100,1,-1,-1,-1
219,56,1390,698,160,112,1,-1,-1,-1
219,57,2152,766,280,128,1,-1,-1,-1
219,59,1735,716,189,126,1,-1,-1,-1
219,60,954,724,192,108,1,-1,-1,-1
219,61,167,784,248,160,1,-1,-1,-1
219,62,553,705,216,124,1,-1,-1,-1
219,63,206,736,232,100,1,-1,-1,-1
219,64,1655,687,168,112,1,-1,-1,-1
219,65,2071,725,184,152,1,-1,-1,-1
219,66,268,758,224,148,1,-1,-1,-1
219,67,1515,700,104,96,1,-1,-1,-1
220,15,1909,1272,202,160,1,-1,-1,-1
220,55,1969,725,136,100,1,-1,-1,-1
220,56,1395,700,160,112,1,-1,-1,-1
220,57,2169,766,280,128,1,-1,-1,-1
220,59,1740,715,189,126,1,-1,-1,-1
220,60,962,724,192,108,1,-1,-1,-1
220,61,169,785,248,160,1,-1,-1,-1
220,62,552,705,216,124,1,-1,-1,-1
220,63,210,737,232,100,1,-1,-1,-1
220,64,1650,684,176,118,1,-1,-1,-1
220,65,2067,730,184,152,1,-1,-1,-1
220,66,271,759,224,148,1,-1,-1,-1
220,67,1507,696,104,96,1,-1,-1,-1
221,15,1912,1276,202,160,1,-1,-1,-1
221,55,1969,725,136,100,1,-1,-1,-1
221,56,1412,700,152,107,1,-1,-1,-1
221,57,2191,769,280,128,1,-1,-1,-1
221,59,1741,714,189,126,1,-1,-1,-1
221,60,969,725,183,103,1,-1,-1,-1
221,61,170,786,248,160,1,-1,-1,-1
221,62,551,705,216,124,1,-1,-1,-1
221,63,204,735,244,105,1,-1,-1,-1
221,64,1645,685,176,118,1,-1,-1,-1
221,65,2060,729,184,152,1,-1,-1,-1
221,66,274,759,224,148,1,-1,-1,-1
221,67,1504,690,109,101,1,-1,-1,-1
222,15,1916,1292,202,148,1,-1,-1,-1
222,55,1973,726,136,100,1,-1,-1,-1
222,56,1430,702,145,102,1,-1,-1,-1
222,57,2216,771,280,128,1,-1,-1,-1
222,59,1744,714,189,126,1,-1,-1,-1
222,60,976,723,174,98,1,-1,-1,-1
222,61,170,788,248,160,1,-1,-1,-1
222,62,548,705,216,124,1,-1,-1,-1
222,63,202,734,244,105,1,-1,-1,-1
222,64,1644,687,176,118,1,-1,-1,-1
222,65,2060,736,184,152,1,-1,-1,-1
222,66,277,759,224,148,1,-1,-1,-1
222,67,1500,687,109,101,1,-1,-1,-1
223,15,1916,1298,202,142,1,-1,-1,-1
223,55,1976,724,136,100,1,-1,-1,-1
223,56,1446,699,145,102,1,-1,-1,-1
223,57,2222,773,280,128,1,-1,-1,-1
223,59,1745,712,189,126,1,-1,-1,-1
223,60,957,716,183,103,1,-1,-1,-1
223,61,170,790,248,160,1,-1,-1,-1
223,62,544,705,216,124,1,-1,-1,-1
223,63,210,738,232,100,1,-1,-1,-1
223,64,1642,688,176,118,1,-1,-1,-1
223,65,2075,746,175,145,1,-1,-1,-1
223,66,277,760,224,148,1,-1,-1,-1
223,67,1493,684,109,101,1,-1,-1,-1
224,15,1912,1298,202,142,1,-1,-1,-1
224,55,1976,721,143,105,1,-1,-1,-1
224,56,1461,698,145,102,1,-1,-1,-1
224,57,2235,776,267,122,1,-1,-1,-1
224,59,1747,710,189,126,1,-1,-1,-1
224,60,943,712,192,108,1,-1,-1,-1
224,61,168,790,248,160,1,-1,-1,-1
224,62,539,704,216,124,1,-1,-1,-1
224,63,211,738,232,100,1,-1,-1,-1
224,64,1640,688,176,118,1,-1,-1,-1
224,65,2080,752,175,145,1,-1,-1,-1
224,66,278,760,224,148,1,-1,-1,-1
224,67,1494,683,109,101,1,-1,-1,-1
225,15,1912,1298,202,142,1,-1,-1,-1
225,55,1976,721,143,105,1,-1,-1,-1
225,56,1440,712,144,112,1,-1,-1,-1
225,57,2252,776,236,116,1,-1,-1,-1
225,59,1784,740,128,100,1,-1,-1,-1
225,60,943,712,192,108,1,-1,-1,-1
225,61,136,788,292,140,1,-1,-1,-1
225,62,516,700,240,128,1,-1,-1,-1
225,63,211,738,232,100,1,-1,-1,-1
225,64,1636,688,200,120,1,-1,-1,-1
225,65,1992,740,264,140,1,-1,-1,-1
225,66,278,760,224,148,1,-1,-1,-1
225,67,1494,683,109,101,1,-1,-1,-1
225,68,1036,700,80,128,1,-1,-1,-1
226,15,1911,1283,202,157,1,-1,-1,-1
226,55,1976,722,143,105,1,-1,-1,-1
226,56,1448,714,144,112,1,-1,-1,-1
226,57,2251,776,236,116,1,-1,-1,-1
226,59,1786,740,128,100,1,-1,-1,-1
226,60,937,711,202,113,1,-1,-1,-1
226,61,135,789,292,140,1,-1,-1,-1
226,62,515,700,240,128,1,-1,-1,-1
226,63,222,741,221,95,1,-1,-1,-1
226,64,1636,688,200,120,1,-1,-1,-1
226,65,1992,740,264,140,1,-1,-1,-1
226,66,279,760,224,148,1,-1,-1,-1
226,67,1487,699,109,101,1,-1,-1,-1
226,68,1040,701,80,128,1,-1,-1,-1
227,15,1916,1280,202,160,1,-1,-1,-1
227,55,1981,723,143,105,1,-1,-1,-1
227,56,1451,715,144,112,1,-1,-1,-1
227,57,2249,775,236,116,1,-1,-1,-1
227,59,1789,741,128,100,1,-1,-1,-1
227,60,942,719,192,108,1,-1,-1,-1
227,61,133,789,292,140,1,-1,-1,-1
227,62,512,700,240,128,1,-1,-1,-1
227,63,225,741,221,95,1,-1,-1,-1
227,64,1638,688,200,120,1,-1,-1,-1
227,65,1992,741,264,140,1,-1,-1,-1
227,66,281,760,224,148,1,-1,-1,-1
227,67,1469,719,115,106,1,-1,-1,-1
227,68,1039,695,84,134,1,-1,-1,-1
228,15,1919,1283,202,157,1,-1,-1,-1
228,55,1979,724,143,105,1,-1,-1,-1
228,56,1449,714,144,112,1,-1,-1,-1
228,57,2245,773,236,116,1,-1,-1,-1
228,59,1791,741,128,100,1,-1,-1,-1
228,60,949,719,192,108,1,-1,-1,-1
228,61,131,790,292,140,1,-1,-1,-1
228,62,507,702,240,128,1,-1,-1,-1
228,63,270,746,232,100,1,-1,-1,-1
228,64,1641,688,200,120,1,-1,-1,-1
228,65,1996,742,264,140,1,-1,-1,-1
228,66,281,760,224,148,1,-1,-1,-1
228,67,1473,726,115,106,1,-1,-1,-1
228,68,1034,694,88,141,1,-1,-1,-1
229,15,1925,1295,202,145,1,-1,-1,-1
229,55,1983,722,143,105,1,-1,-1,-1
229,56,1474,713,144,112,1,-1,-1,-1
229,57,2246,774,225,110,1,-1,-1,-1
229,59,1795,742,128,100,1,-1,-1,-1
229,60,955,721,192,108,1,-1,-1,-1
229,61,131,792,292,140,1,-1,-1,-1
229,62,502,702,240,128,1,-1,-1,-1
229,64,1643,688,200,120,1,-1,-1,-1
229,65,1998,742,264,140,1,-1,-1,-1
229,66,282,760,224,148,1,-1,-1,-1
229,67,1487,730,115,106,1,-1,-1,-1
229,68,1032,696,88,141,1,-1,-1,-1
230,15,1931,1300,202,140,1,-1,-1,-1
230,55,1986,721,143,105,1,-1,-1,-1
230,56,1492,710,137,107,1,-1,-1,-1
230,57,2241,774,225,110,1,-1,-1,-1
230,59,1798,742,128,100,1,-1,-1,-1
230,60,960,721,192,108,1,-1,-1,-1
230,61,122,791,307,147,1,-1,-1,-1
230,62,493,702,240,128,1,-1,-1,-1
230,64,1644,687,200,120,1,-1,-1,-1
230,65,2001,741,264,140,1,-1,-1,-1
230,66,283,762,224,148,1,-1,-1,-1
230,67,1510,721,120,111,1,-1,-1,-1
230,68,1036,702,84,134,1,-1,-1,-1
231,15,1936,1298,202,142,1,-1,-1,-1
231,55,1989,722,143,105,1,-1,-1,-1
231,56,1490,711,131,102,1,-1,-1,-1
231,57,2234,774,225,110,1,-1,-1,-1
231,59,1796,739,134,105,1,-1,-1,-1
231,60,968,720,192,108,1,-1,-1,-1
231,61,137,793,292,140,1,-1,-1,-1
231,62,484,703,240,128,1,-1,-1,-1
231,64,1647,686,200,120,1,-1,-1,-1
231,65,2002,740,264,140,1,-1,-1,-1
231,66,287,763,224,148,1,-1,-1,-1
231,67,1506,713,120,111,1,-1,-1,-1
231,68,1033,699,88,141,1,-1,-1,-1
232,15,1940,1294,202,146,1,-1,-1,-1
232,55,1990,722,143,105,1,-1,-1,-1
232,56,1491,716,124,97,1,-1,-1,-1
232,57,2229,773,225,110,1,-1,-1,-1
232,59,1797,739,134,105,1,-1,-1,-1
232,60,963,716,202,113,1,-1,-1,-1
232,61,136,792,292,140,1,-1,-1,-1
232,62,484,709,229,122,1,-1,-1,-1
232,64,1654,686,200,120,1,-1,-1,-1
232,65,2002,740,264,140,1,-1,-1,-1
232,66,281,761,235,155,1,-1,-1,-1
232,67,1511,712,120,111,1,-1,-1,-1
232,68,1033,702,88,141,1,-1,-1,-1
233,15,1940,1294,202,146,1,-1,-1,-1
233,55,1990,722,143,105,1,-1,-1,-1
233,56,1512,716,80,92,1,-1,-1,-1
233,57,2220,760,216,132,1,-1,-1,-1
233,59,1836,732,88,108,1,-1,-1,-1
233,60,940,716,212,120,1,-1,-1,-1
233,61,116,792,296,124,1,-1,-1,-1
233,62,484,724,232,108,1,-1,-1,-1
233,64,1680,692,172,100,1,-1,-1,-1
233,65,2016,740,232,144,1,-1,-1,-1
233,66,308,776,228,144,1,-1,-1,-1
233,67,1511,712,120,111,1,-1,-1,-1
233,68,1033,702,88,141,1,-1,-1,-1
233,69,1560,724,280,116,1,-1,-1,-1
234,15,1942,1294,202,146,1,-1,-1,-1
234,55,1994,721,143,105,1,-1,-1,-1
234,56,1513,717,80,92,1,-1,-1,-1
234,57,2218,760,216,132,1,-1,-1,-1
234,59,1838,731,88,108,1,-1,-1,-1
234,60,937,715,212,120,1,-1,-1,-1
234,61,114,793,296,124,1,-1,-1,-1
234,62,485,724,232,108,1,-1,-1,-1
234,64,1688,693,172,100,1,-1,-1,-1
234,65,2016,741,232,144,1,-1,-1,-1
234,66,308,777,228,144,1,-1,-1,-1
234,68,1033,703,88,141,1,-1,-1,-1
234,69,1572,726,280,116,1,-1,-1,-1
235,15,1943,1293,202,147,1,-1,-1,-1
235,56,1515,717,80,92,1,-1,-1,-1
235,57,2215,760,216,132,1,-1,-1,-1
235,59,1841,731,88,108,1,-1,-1,-1
235,60,928,716,212,120,1,-1,-1,-1
235,61,112,794,296,124,1,-1,-1,-1
235,62,485,724,232,108,1,-1,-1,-1
235,64,1690,693,172,100,1,-1,-1,-1
235,65,2015,742,232,144,1,-1,-1,-1
235,66,308,777,228,144,1,-1,-1,-1
235,68,1033,705,88,141,1,-1,-1,-1
235,69,1582,729,280,116,1,-1,-1,-1
236,15,1944,1287,202,153,1,-1,-1,-1
236,56,1517,717,80,92,1,-1,-1,-1
236,57,2213,759,216,132,1,-1,-1,-1
236,59,1840,728,88,108,1,-1,-1,-1
236,60,917,714,212,120,1,-1,-1,-1
236,61,112,793,296,124,1,-1,-1,-1
236,62,486,724,232,108,1,-1,-1,-1
236,64,1701,695,164,95,1,-1,-1,-1
236,65,2016,742,232,144,1,-1,-1,-1
236,66,309,776,228,144,1,-1,-1,-1
236,68,1016,693,93,148,1,-1,-1,-1
236,69,1634,726,294,122,1,-1,-1,-1
237,15,1944,1276,202,160,1,-1,-1,-1
237,56,1519,717,80,92,1,-1,-1,-1
237,57,2211,759,216,132,1,-1,-1,-1
237,59,1836,725,92,113,1,-1,-1,-1
237,60,900,714,212,120,1,-1,-1,-1
237,61,111,789,296,124,1,-1,-1,-1
237,62,486,724,232,108,1,-1,-1,-1
237,64,1701,694,164,95,1,-1,-1,-1
237,65,2015,742,232,144,1,-1,-1,-1
237,66,308,775,228,144,1,-1,-1,-1
237,68,1004,683,93,148,1,-1,-1,-1
237,69,1682,727,309,128,1,-1,-1,-1
238,15,1946,1273,202,160,1,-1,-1,-1
238,56,1520,719,80,92,1,-1,-1,-1
238,57,2206,760,216,132,1,-1,-1,-1
238,59,1832,735,97,119,1,-1,-1,-1
238,60,862,713,212,120,1,-1,-1,-1
238,61,115,791,282,118,1,-1,-1,-1
238,62,488,724,232,108,1,-1,-1,-1
238,64,1715,711,164,95,1,-1,-1,-1
238,65,2018,745,221,137,1,-1,-1,-1
238,66,306,774,228,144,1,-1,-1,-1
238,68,979,679,93,148,1,-1,-1,-1
238,69,1721,729,294,122,1,-1,-1,-1
239,15,1947,1274,202,160,1,-1,-1,-1
239,56,1519,720,80,92,1,-1,-1,-1
239,57,2193,756,227,139,1,-1,-1,-1
239,59,1825,731,97,119,1,-1,-1,-1
239,60,835,710,223,126,1,-1,-1,-1
239,61,105,790,296,124,1,-1,-1,-1
239,62,490,723,232,108,1,-1,-1,-1
239,64,1707,732,156,91,1,-1,-1,-1
239,65,2016,744,221,137,1,-1,-1,-1
239,66,306,775,228,144,1,-1,-1,-1
239,68,953,689,88,141,1,-1,-1,-1
239,69,1752,731,294,122,1,-1,-1,-1
240,15,1946,1277,202,160,1,-1,-1,-1
240,56,1519,720,80,92,1,-1,-1,-1
240,57,2190,755,227,139,1,-1,-1,-1
240,59,1840,731,97,119,1,-1,-1,-1
240,60,821,713,212,120,1,-1,-1,-1
240,61,100,794,296,124,1,-1,-1,-1
240,62,492,723,232,108,1,-1,-1,-1
240,64,1708,729,156,91,1,-1,-1,-1
240,65,2015,745,221,137,1,-1,-1,-1
240,66,304,776,228,144,1,-1,-1,-1
240,69,1786,731,294,122,1,-1,-1,-1
241,15,1946,1277,202,160,1,-1,-1,-1
241,56,1508,708,76,104,1,-1,-1,-1
241,57,2164,760,220,132,1,-1,-1,-1
241,59,1840,731,97,119,1,-1,-1,-1
241,60,784,720,220,104,1,-1,-1,-1
241,61,88,804,296,136,1,-1,-1,-1
241,62,512,724,208,116,1,-1,-1,-1
241,64,1720,708,144,112,1,-1,-1,-1
241,65,2000,732,200,144,1,-1,-1,-1
241,66,316,776,216,144,1,-1,-1,-1
241,69,1844,748,196,120,1,-1,-1,-1
242,15,1947,1286,202,154,1,-1,-1,-1
242,56,1507,708,76,104,1,-1,-1,-1
242,57,2160,759,220,132,1,-1,-1,-1
242,59,1844,731,97,119,1,-1,-1,-1
242,60,770,719,220,104,1,-1,-1,-1
242,61,88,802,296,136,1,-1,-1,-1
242,62,513,724,208,116,1,-1,-1,-1
242,64,1720,708,144,112,1,-1,-1,-1
242,65,1997,731,200,144,1,-1,-1,-1
242,66,316,776,216,144,1,-1,-1,-1
242,69,1851,748,196,120,1,-1,-1,-1
243,15,1949,1287,202,153,1,-1,-1,-1
243,56,1507,709,76,104,1,-1,-1,-1
243,57,2157,757,220,132,1,-1,-1,-1
243,59,1841,719,97,119,1,-1,-1,-1
243,60,749,716,231,109,1,-1,-1,-1
243,61,87,799,296,136,1,-1,-1,-1
243,62,515,725,208,116,1,-1,-1,-1
243,64,1719,708,144,112,1,-1,-1,-1
243,65,1993,730,200,144,1,-1,-1,-1
243,66,315,776,216,144,1,-1,-1,-1
243,69,1852,748,196,120,1,-1,-1,-1
244,15,1950,1288,202,152,1,-1,-1,-1
244,56,1506,710,76,104,1,-1,-1,-1
244,57,2155,757,220,132,1,-1,-1,-1
244,59,1835,722,97,119,1,-1,-1,-1
244,60,734,718,220,104,1,-1,-1,-1
244,61,87,800,296,136,1,-1,-1,-1
244,62,516,725,208,116,1,-1,-1,-1
244,64,1719,709,144,112,1,-1,-1,-1
244,65,1991,730,200,144,1,-1,-1,-1
244,66,315,777,216,144,1,-1,-1,-1
244,69,1835,746,196,120,1,-1,-1,-1
245,15,1952,1292,202,148,1,-1,-1,-1
245,56,1505,710,76,104,1,-1,-1,-1
245,57,2154,756,220,132,1,-1,-1,-1
245,59,1835,721,97,119,1,-1,-1,-1
245,60,706,713,231,109,1,-1,-1,-1
245,61,86,804,296,136,1,-1,-1,-1
245,62,516,725,208,116,1,-1,-1,-1
245,64,1718,709,144,112,1,-1,-1,-1
245,65,1984,726,210,151,1,-1,-1,-1
245,66,313,778,216,144,1,-1,-1,-1
245,69,1833,744,196,120,1,-1,-1,-1
246,15,1955,1297,202,143,1,-1,-1,-1
246,56,1503,710,76,104,1,-1,-1,-1
246,57,2154,757,220,132,1,-1,-1,-1
246,59,1837,723,92,113,1,-1,-1,-1
246,60,687,714,231,109,1,-1,-1,-1
246,61,83,808,296,136,1,-1,-1,-1
246,62,521,729,198,110,1,-1,-1,-1
246,64,1718,710,144,112,1,-1,-1,-1
246,65,1987,727,210,151,1,-1,-1,-1
246,66,311,780,216,144,1,-1,-1,-1
246,69,1837,747,187,114,1,-1,-1,-1
247,15,1957,1298,202,142,1,-1,-1,-1
247,56,1501,710,76,104,1,-1,-1,-1
247,57,2155,758,220,132,1,-1,-1,-1
247,59,1835,724,92,113,1,-1,-1,-1
247,60,662,718,231,109,1,-1,-1,-1
247,61,83,809,296,136,1,-1,-1,-1
247,62,520,729,198,110,1,-1,-1,-1
247,64,1716,711,144,112,1,-1,-1,-1
247,65,1986,727,210,151,1,-1,-1,-1
247,66,310,781,216,144,1,-1,-1,-1
247,69,1834,747,187,114,1,-1,-1,-1
248,15,1958,1297,202,143,1,-1,-1,-1
248,56,1502,712,76,104,1,-1,-1,-1
248,57,2158,759,220,132,1,-1,-1,-1
248,59,1832,721,92,113,1,-1,-1,-1
248,60,635,719,231,109,1,-1,-1,-1
248,61,82,805,296,136,1,-1,-1,-1
248,62,520,730,198,110,1,-1,-1,-1
248,64,1715,712,144,112,1,-1,-1,-1
248,65,1989,729,210,151,1,-1,-1,-1
248,66,308,782,216,144,1,-1,-1,-1
248,69,1836,748,187,114,1,-1,-1,-1
249,15,1958,1297,202,143,1,-1,-1,-1
249,56,1502,712,76,104,1,-1,-1,-1
249,57,2144,764,232,128,1,-1,-1,-1
249,59,1832,721,92,113,1,-1,-1,-1
249,60,635,719,231,109,1,-1,-1,-1
249,61,92,812,284,188,1,-1,-1,-1
249,62,520,730,198,110,1,-1,-1,-1
249,64,1720,716,124,120,1,-1,-1,-1
249,65,1989,729,210,151,1,-1,-1,-1
249,66,260,784,256,136,1,-1,-1,-1
249,69,1836,748,187,114,1,-1,-1,-1
250,15,1956,1293,202,147,1,-1,-1,-1
250,56,1503,714,76,104,1,-1,-1,-1
250,57,2150,765,232,128,1,-1,-1,-1
250,60,580,714,243,115,1,-1,-1,-1
250,61,91,815,284,188,1,-1,-1,-1
250,62,519,730,198,110,1,-1,-1,-1
250,64,1719,715,124,120,1,-1,-1,-1
250,65,1993,731,210,151,1,-1,-1,-1
250,66,259,785,256,136,1,-1,-1,-1
250,69,1836,746,196,120,1,-1,-1,-1
251,15,1954,1288,202,152,1,-1,-1,-1
251,56,1503,714,76,104,1,-1,-1,-1
251,57,2162,765,244,134,1,-1,-1,-1
251,60,583,716,231,109,1,-1,-1,-1
251,61,91,824,284,188,1,-1,-1,-1
251,62,520,732,198,110,1,-1,-1,-1
251,64,1719,716,124,120,1,-1,-1,-1
251,65,1992,722,220,159,1,-1,-1,-1
251,66,258,785,256,136,1,-1,-1,-1
251,69,1841,748,187,114,1,-1,-1,-1
252,15,1954,1284,202,156,1,-1,-1,-1
252,56,1506,712,76,104,1,-1,-1,-1
252,57,2193,767,244,134,1,-1,-1,-1
252,60,584,719,220,104,1,-1,-1,-1
252,61,95,827,284,188,1,-1,-1,-1
252,62,518,734,198,110,1,-1,-1,-1
252,64,1719,715,124,120,1,-1,-1,-1
252,65,2006,716,220,159,1,-1,-1,-1
252,66,257,786,256,136,1,-1,-1,-1
252,69,1834,739,196,120,1,-1,-1,-1
253,15,1954,1270,202,160,1,-1,-1,-1
253,56,1511,715,72,99,1,-1,-1,-1
253,57,2211,770,244,134,1,-1,-1,-1
253,60,582,719,220,104,1,-1,-1,-1
253,61,105,823,270,179,1,-1,-1,-1
253,62,516,734,198,110,1,-1,-1,-1
253,64,1720,714,124,120,1,-1,-1,-1
253,65,2038,720,210,151,1,-1,-1,-1
253,66,254,785,256,136,1,-1,-1,-1
253,69,1835,742,196,120,1,-1,-1,-1
254,15,1956,1256,202,160,1,-1,-1,-1
254,56,1514,710,72,99,1,-1,-1,-1
254,57,2221,768,256,141,1,-1,-1,-1
254,60,583,718,220,104,1,-1,-1,-1
254,61,113,816,270,179,1,-1,-1,-1
254,62,511,730,208,116,1,-1,-1,-1
254,64,1720,713,124,120,1,-1,-1,-1
254,65,2063,723,210,151,1,-1,-1,-1
254,66,252,784,256,136,1,-1,-1,-1
254,69,1837,743,196,120,1,-1,-1,-1
255,15,1959,1250,202,160,1,-1,-1,-1
255,56,1519,710,72,99,1,-1,-1,-1
255,57,2207,771,244,134,1,-1,-1,-1
255,60,584,720,220,104,1,-1,-1,-1
255,61,112,817,270,179,1,-1,-1,-1
255,62,511,731,208,116,1,-1,-1,-1
255,64,1721,712,124,120,1,-1,-1,-1
255,65,2084,728,210,151,1,-1,-1,-1
255,66,250,785,256,136,1,-1,-1,-1
255,69,1841,741,196,120,1,-1,-1,-1
256,15,1966,1244,202,160,1,-1,-1,-1
256,56,1528,709,72,99,1,-1,-1,-1
256,57,2237,777,244,134,1,-1,-1,-1
256,60,593,721,210,99,1,-1,-1,-1
256,61,129,831,258,171,1,-1,-1,-1
256,62,503,730,218,122,1,-1,-1,-1
256,64,1721,712,124,120,1,-1,-1,-1
256,65,2096,728,210,151,1,-1,-1,-1
256,66,245,787,256,136,1,-1,-1,-1
257,15,1966,1244,202,160,1,-1,-1,-1
257,56,1528,709,72,99,1,-1,-1,-1
257,57,2237,777,244,134,1,-1,-1,-1
257,60,593,721,210,99,1,-1,-1,-1
257,61,129,831,258,171,1,-1,-1,-1
257,62,468,720,232,124,1,-1,-1,-1
257,64,1721,712,124,120,1,-1,-1,-1
257,65,2120,732,268,140,1,-1,-1,-1
257,66,245,787,256,136,1,-1,-1,-1
257,70,1552,692,156,116,1,-1,-1,-1
257,71,2344,776,216,148,1,-1,-1,-1
257,72,2004,728,200,92,1,-1,-1,-1
257,73,1804,708,104,116,1,-1,-1,-1
258,15,1972,1238,202,160,1,-1,-1,-1
258,56,1533,701,72,99,1,-1,-1,-1
258,57,2314,781,244,134,1,-1,-1,-1
258,61,163,830,245,162,1,-1,-1,-1
258,62,466,721,232,124,1,-1,-1,-1
258,64,1721,714,124,120,1,-1,-1,-1
258,65,2127,731,268,140,1,-1,-1,-1
258,66,248,790,244,130,1,-1,-1,-1
258,70,1562,692,156,116,1,-1,-1,-1
258,71,2351,776,209,148,1,-1,-1,-1
258,72,2005,728,200,92,1,-1,-1,-1
258,73,1803,708,104,116,1,-1,-1,-1
259,15,1963,1236,202,160,1,-1,-1,-1
259,56,1537,706,72,99,1,-1,-1,-1
259,57,2332,790,228,141,1,-1,-1,-1
259,61,167,827,245,162,1,-1,-1,-1
259,62,463,724,232,124,1,-1,-1,-1
259,64,1722,713,124,120,1,-1,-1,-1
259,65,2134,731,281,147,1,-1,-1,-1
259,66,251,792,232,123,1,-1,-1,-1
259,70,1565,692,156,116,1,-1,-1,-1
259,71,2346,779,214,148,1,-1,-1,-1
259,72,2006,728,200,92,1,-1,-1,-1
259,73,1802,708,104,116,1,-1,-1,-1
260,15,1952,1239,202,160,1,-1,-1,-1
260,56,1518,706,69,94,1,-1,-1,-1
260,57,2330,794,230,141,1,-1,-1,-1
260,61,184,847,245,162,1,-1,-1,-1
260,62,455,726,232,124,1,-1,-1,-1
260,64,1719,715,124,120,1,-1,-1,-1
260,65,2136,729,281,147,1,-1,-1,-1
260,66,244,800,232,123,1,-1,-1,-1
260,70,1568,692,156,116,1,-1,-1,-1
260,71,2349,783,206,141,1,-1,-1,-1
260,72,2004,728,200,92,1,-1,-1,-1
260,73,1800,708,104,116,1,-1,-1,-1
261,15,1949,1255,202,160,1,-1,-1,-1
261,56,1514,707,66,90,1,-1,-1,-1
261,57,2394,806,166,134,1,-1,-1,-1
261,61,182,866,245,162,1,-1,-1,-1
261,62,442,723,244,130,1,-1,-1,-1
261,64,1719,714,124,120,1,-1,-1,-1
261,65,2129,722,295,154,1,-1,-1,-1
261,66,219,804,244,130,1,-1,-1,-1
261,70,1585,688,156,116,1,-1,-1,-1
261,71,2343,779,216,148,1,-1,-1,-1
261,72,2003,728,200,92,1,-1,-1,-1
261,73,1798,707,104,116,1,-1,-1,-1
262,15,1948,1274,202,160,1,-1,-1,-1
262,56,1513,706,63,86,1,-1,-1,-1
262,57,2439,810,121,141,1,-1,-1,-1
262,61,147,873,245,162,1,-1,-1,-1
262,62,439,723,244,130,1,-1,-1,-1
262,64,1716,715,124,120,1,-1,-1,-1
262,65,2132,720,295,154,1,-1,-1,-1
262,66,220,808,244,130,1,-1,-1,-1
262,70,1596,686,156,116,1,-1,-1,-1
262,71,2345,781,215,148,1,-1,-1,-1
262,72,2003,729,200,92,1,-1,-1,-1
262,73,1795,706,104,116,1,-1,-1,-1
263,15,1949,1289,202,151,1,-1,-1,-1
263,56,1514,707,63,86,1,-1,-1,-1
263,57,2446,809,114,134,1,-1,-1,-1
263,61,162,846,258,171,1,-1,-1,-1
263,62,431,722,244,130,1,-1,-1,-1
263,64,1716,716,124,120,1,-1,-1,-1
263,65,2110,717,295,154,1,-1,-1,-1
263,66,219,808,244,130,1,-1,-1,-1
263,70,1605,681,164,122,1,-1,-1,-1
263,71,2336,785,224,155,1,-1,-1,-1
263,72,2002,729,200,92,1,-1,-1,-1
263,73,1794,706,104,116,1,-1,-1,-1
264,15,1951,1289,202,151,1,-1,-1,-1
264,56,1514,709,63,86,1,-1,-1,-1
264,61,183,833,270,179,1,-1,-1,-1
264,62,420,726,232,124,1,-1,-1,-1
264,64,1716,716,124,120,1,-1,-1,-1
264,65,2118,722,281,147,1,-1,-1,-1
264,66,215,802,244,130,1,-1,-1,-1
264,70,1613,682,164,122,1,-1,-1,-1
264,71,2336,764,224,155,1,-1,-1,-1
264,72,2001,729,200,92,1,-1,-1,-1
264,73,1794,706,104,116,1,-1,-1,-1
265,15,1951,1289,202,151,1,-1,-1,-1
265,56,1514,709,63,86,1,-1,-1,-1
265,61,183,833,270,179,1,-1,-1,-1
265,62,396,736,248,132,1,-1,-1,-1
265,64,1716,716,124,120,1,-1,-1,-1
265,65,2172,732,168,136,1,-1,-1,-1
265,66,148,792,332,136,1,-1,-1,-1
265,70,1613,682,164,122,1,-1,-1,-1
265,71,2336,764,224,155,1,-1,-1,-1
265,72,2012,732,184,124,1,-1,-1,-1
265,73,1794,706,104,116,1,-1,-1,-1
265,74,700,720,92,124,1,-1,-1,-1
265,75,2332,696,228,100,1,-1,-1,-1
266,15,1951,1260,202,160,1,-1,-1,-1
266,61,172,832,284,188,1,-1,-1,-1
266,62,393,737,248,132,1,-1,-1,-1
266,64,1714,718,124,120,1,-1,-1,-1
266,65,2167,731,168,136,1,-1,-1,-1
266,66,144,794,332,136,1,-1,-1,-1
266,70,1631,684,164,122,1,-1,-1,-1
266,71,2332,762,227,155,1,-1,-1,-1
266,72,2010,733,184,124,1,-1,-1,-1
266,73,1792,707,104,116,1,-1,-1,-1
266,74,702,719,92,124,1,-1,-1,-1
266,75,2343,697,217,100,1,-1,-1,-1
267,15,1946,1241,202,160,1,-1,-1,-1
267,61,149,825,298,197,1,-1,-1,-1
267,62,389,738,248,132,1,-1,-1,-1
267,64,1711,718,124,120,1,-1,-1,-1
267,65,2161,730,168,136,1,-1,-1,-1
267,66,133,796,332,136,1,-1,-1,-1
267,70,1634,682,164,122,1,-1,-1,-1
267,71,2330,718,230,163,1,-1,-1,-1
267,72,2006,732,184,124,1,-1,-1,-1
267,73,1791,706,104,116,1,-1,-1,-1
267,74,705,720,92,124,1,-1,-1,-1
267,75,2353,702,207,95,1,-1,-1,-1
268,15,1930,1220,202,160,1,-1,-1,-1
268,62,387,741,248,132,1,-1,-1,-1
268,64,1711,721,118,114,1,-1,-1,-1
268,65,2149,730,168,136,1,-1,-1,-1
268,66,121,796,332,136,1,-1,-1,-1
268,70,1637,685,156,116,1,-1,-1,-1
268,71,2350,696,210,163,1,-1,-1,-1
268,72,2002,732,184,124,1,-1,-1,-1
268,73,1788,706,104,116,1,-1,-1,-1
268,74,707,720,92,124,1,-1,-1,-1
268,75,2350,713,210,95,1,-1,-1,-1
269,15,1914,1204,202,160,1,-1,-1,-1
269,62,384,743,248,132,1,-1,-1,-1
269,64,1706,722,118,114,1,-1,-1,-1
269,65,2140,723,176,143,1,-1,-1,-1
269,66,120,800,316,130,1,-1,-1,-1
269,70,1634,685,156,116,1,-1,-1,-1
269,71,2332,692,228,163,1,-1,-1,-1
269,72,1994,732,184,124,1,-1,-1,-1
269,73,1783,706,104,116,1,-1,-1,-1
269,74,706,721,92,124,1,-1,-1,-1
269,75,2344,716,216,95,1,-1,-1,-1
270,15,1908,1201,202,160,1,-1,-1,-1
270,62,382,743,248,132,1,-1,-1,-1
270,65,2131,720,176,143,1,-1,-1,-1
270,66,90,802,316,130,1,-1,-1,-1
270,70,1626,685,156,116,1,-1,-1,-1
270,71,2332,706,228,163,1,-1,-1,-1
270,72,1988,732,184,124,1,-1,-1,-1
270,73,1777,705,104,116,1,-1,-1,-1
270,74,703,722,92,124,1,-1,-1,-1
270,75,2335,718,217,95,1,-1,-1,-1
271,15,1905,1211,202,160,1,-1,-1,-1
271,62,380,744,248,132,1,-1,-1,-1
271,65,2115,726,176,143,1,-1,-1,-1
271,66,50,804,332,136,1,-1,-1,-1
271,70,1623,683,156,116,1,-1,-1,-1
271,71,2301,699,250,171,1,-1,-1,-1
271,72,1980,734,175,118,1,-1,-1,-1
271,73,1765,706,104,116,1,-1,-1,-1
271,74,696,724,92,124,1,-1,-1,-1
271,75,2313,723,217,95,1,-1,-1,-1
272,15,1883,1235,212,168,1,-1,-1,-1
272,62,376,745,248,132,1,-1,-1,-1
272,65,2106,724,176,143,1,-1,-1,-1
272,66,9,802,349,143,1,-1,-1,-1
272,72,1968,730,184,124,1,-1,-1,-1
272,73,1758,706,104,116,1,-1,-1,-1
272,74,693,726,92,124,1,-1,-1,-1
272,75,2278,726,217,95,1,-1,-1,-1
273,15,1883,1235,212,168,1,-1,-1,-1
273,62,380,740,236,144,1,-1,-1,-1
273,65,2106,724,176,143,1,-1,-1,-1
273,66,8,832,340,124,1,-1,-1,-1
273,72,1968,730,184,124,1,-1,-1,-1
273,73,1758,706,104,116,1,-1,-1,-1
273,74,672,724,108,132,1,-1,-1,-1
273,75,2278,726,217,95,1,-1,-1,-1
273,76,2224,704,252,160,1,-1,-1,-1
273,77,1592,708,92,96,1,-1,-1,-1
274,15,1831,1284,212,156,1,-1,-1,-1
274,62,368,742,236,144,1,-1,-1,-1
274,65,2067,724,176,143,1,-1,-1,-1
274,66,0,834,314,124,1,-1,-1,-1
274,72,1936,729,184,124,1,-1,-1,-1
274,73,1732,706,104,116,1,-1,-1,-1
274,74,661,725,108,132,1,-1,-1,-1
274,75,2237,723,217,95,1,-1,-1,-1
274,76,2199,704,252,160,1,-1,-1,-1
274,77,1580,708,92,96,1,-1,-1,-1
275,15,1800,1291,212,149,1,-1,-1,-1
275,62,354,744,236,144,1,-1,-1,-1
275,65,2043,727,176,143,1,-1,-1,-1
275,66,0,847,274,124,1,-1,-1,-1
275,72,1919,729,184,124,1,-1,-1,-1
275,73,1717,707,104,116,1,-1,-1,-1
275,74,646,723,113,139,1,-1,-1,-1
275,75,2235,707,217,95,1,-1,-1,-1
275,76,2173,705,252,160,1,-1,-1,-1
275,77,1565,709,92,96,1,-1,-1,-1
276,15,1782,1289,212,151,1,-1,-1,-1
276,62,341,748,236,144,1,-1,-1,-1
276,65,2022,728,176,143,1,-1,-1,-1
276,66,0,854,218,124,1,-1,-1,-1
276,72,1902,729,184,124,1,-1,-1,-1
276,74,634,725,113,139,1,-1,-1,-1
276,75,2199,703,228,100,1,-1,-1,-1
276,76,2151,706,252,160,1,-1,-1,-1
276,77,1552,710,92,96,1,-1,-1,-1
277,15,1772,1276,212,164,1,-1,-1,-1
277,62,325,751,236,144,1,-1,-1,-1
277,65,1989,728,176,143,1,-1,-1,-1
277,66,0,857,186,124,1,-1,-1,-1
277,72,1884,729,184,124,1,-1,-1,-1
277,74,627,727,113,139,1,-1,-1,-1
277,75,2173,706,228,100,1,-1,-1,-1
277,76,2124,709,252,160,1,-1,-1,-1
277,77,1538,711,92,96,1,-1,-1,-1
278,15,1757,1264,212,168,1,-1,-1,-1
278,62,300,749,248,151,1,-1,-1,-1
278,65,1961,729,176,143,1,-1,-1,-1
278,66,0,851,149,124,1,-1,-1,-1
278,72,1873,730,184,124,1,-1,-1,-1
278,74,617,728,113,139,1,-1,-1,-1
278,75,2145,706,239,105,1,-1,-1,-1
278,76,2098,712,252,160,1,-1,-1,-1
278,77,1526,712,92,96,1,-1,-1,-1
279,15,1740,1260,212,168,1,-1,-1,-1
279,62,283,753,248,151,1,-1,-1,-1
279,65,1923,731,176,143,1,-1,-1,-1
279,66,0,855,110,118,1,-1,-1,-1
279,72,1864,729,175,118,1,-1,-1,-1
279,74,605,729,113,139,1,-1,-1,-1
279,75,2119,709,239,105,1,-1,-1,-1
279,76,2069,712,252,160,1,-1,-1,-1
279,77,1514,712,92,96,1,-1,-1,-1
280,15,1719,1262,212,168,1,-1,-1,-1
280,62,271,752,248,151,1,-1,-1,-1
280,65,1892,736,176,143,1,-1,-1,-1
280,66,0,858,84,118,1,-1,-1,-1
280,72,1857,729,175,118,1,-1,-1,-1
280,74,593,726,119,146,1,-1,-1,-1
280,75,2087,713,251,110,1,-1,-1,-1
280,76,2045,714,252,160,1,-1,-1,-1
280,77,1499,713,92,96,1,-1,-1,-1
281,15,1719,1262,212,168,1,-1,-1,-1
281,62,256,764,244,124,1,-1,-1,-1
281,65,1892,736,176,143,1,-1,-1,-1
281,66,0,858,84,118,1,-1,-1,-1
281,72,1848,752,196,108,1,-1,-1,-1
281,74,540,732,160,144,1,-1,-1,-1
281,75,2087,713,251,110,1,-1,-1,-1
281,76,2044,724,240,120,1,-1,-1,-1
281,77,1499,713,92,96,1,-1,-1,-1
281,78,2368,812,192,120,1,-1,-1,-1
282,15,1683,1279,212,161,1,-1,-1,-1
282,62,239,765,244,124,1,-1,-1,-1
282,65,1843,748,176,143,1,-1,-1,-1
282,66,0,880,84,118,1,-1,-1,-1
282,72,1826,752,196,108,1,-1,-1,-1
282,74,529,733,160,144,1,-1,-1,-1
282,76,2023,725,240,120,1,-1,-1,-1
282,77,1477,715,92,96,1,-1,-1,-1
282,78,2342,811,192,120,1,-1,-1,-1
283,15,1663,1282,212,158,1,-1,-1,-1
283,62,224,767,244,124,1,-1,-1,-1
283,66,0,876,150,118,1,-1,-1,-1
283,72,1807,753,196,108,1,-1,-1,-1
283,74,519,734,160,144,1,-1,-1,-1
283,76,2005,725,240,120,1,-1,-1,-1
283,77,1463,715,97,101,1,-1,-1,-1
283,78,2328,807,202,126,1,-1,-1,-1
284,15,1638,1284,212,156,1,-1,-1,-1
284,62,199,766,256,130,1,-1,-1,-1
284,66,0,870,152,124,1,-1,-1,-1
284,72,1795,752,196,108,1,-1,-1,-1
284,74,506,735,160,144,1,-1,-1,-1
284,76,1995,730,240,120,1,-1,-1,-1
284,77,1451,716,97,101,1,-1,-1,-1
284,78,2308,805,202,126,1,-1,-1,-1
285,15,1613,1280,212,160,1,-1,-1,-1
285,62,181,769,256,130,1,-1,-1,-1
285,66,0,864,132,124,1,-1,-1,-1
285,72,1782,751,196,108,1,-1,-1,-1
285,74,492,737,160,144,1,-1,-1,-1
285,76,1981,729,240,120,1,-1,-1,-1
285,77,1442,716,97,101,1,-1,-1,-1
285,78,2302,804,202,126,1,-1,-1,-1
286,15,1592,1271,212,168,1,-1,-1,-1
286,62,157,767,269,137,1,-1,-1,-1
286,66,0,858,129,130,1,-1,-1,-1
286,72,1770,750,196,108,1,-1,-1,-1
286,74,479,738,160,144,1,-1,-1,-1
286,76,1972,733,240,120,1,-1,-1,-1
286,77,1428,715,97,101,1,-1,-1,-1
286,78,2258,797,212,132,1,-1,-1,-1
287,15,1571,1261,212,168,1,-1,-1,-1
287,62,139,771,269,137,1,-1,-1,-1
287,66,0,851,123,130,1,-1,-1,-1
287,72,1756,749,196,108,1,-1,-1,-1
287,74,467,741,160,144,1,-1,-1,-1
287,76,1957,733,252,126,1,-1,-1,-1
287,77,1410,715,92,96,1,-1,-1,-1
287,78,2232,785,212,132,1,-1,-1,-1
288,15,1544,1243,212,168,1,-1,-1,-1
288,62,112,770,282,144,1,-1,-1,-1
288,72,1745,748,196,108,1,-1,-1,-1
288,74,456,743,160,144,1,-1,-1,-1
288,76,1945,735,252,126,1,-1,-1,-1
288,77,1394,715,92,96,1,-1,-1,-1
288,78,2222,778,212,132,1,-1,-1,-1
289,15,1532,1224,180,168,1,-1,-1,-1
289,62,84,784,272,120,1,-1,-1,-1
289,72,1732,716,220,144,1,-1,-1,-1
289,74,444,744,180,140,1,-1,-1,-1
289,76,1936,748,236,140,1,-1,-1,-1
289,77,1380,708,104,104,1,-1,-1,-1
289,78,2222,778,212,132,1,-1,-1,-1
289,79,2120,768,208,140,1,-1,-1,-1
289,80,1504,688,100,120,1,-1,-1,-1
290,15,1508,1196,180,168,1,-1,-1,-1
290,62,63,783,272,120,1,-1,-1,-1
290,72,1719,716,220,144,1,-1,-1,-1
290,74,432,745,180,140,1,-1,-1,-1
290,76,1920,747,236,140,1,-1,-1,-1
290,77,1368,709,104,104,1,-1,-1,-1
290,78,2315,774,212,132,1,-1,-1,-1
290,79,2101,766,208,140,1,-1,-1,-1
290,80,1493,688,100,120,1,-1,-1,-1
291,15,1494,1166,180,168,1,-1,-1,-1
291,62,50,784,272,120,1,-1,-1,-1
291,72,1709,715,220,144,1,-1,-1,-1
291,74,419,747,180,140,1,-1,-1,-1
291,76,1904,744,236,140,1,-1,-1,-1
291,77,1356,709,104,104,1,-1,-1,-1
291,78,2320,773,212,132,1,-1,-1,-1
291,79,2083,764,208,140,1,-1,-1,-1
291,80,1482,688,100,120,1,-1,-1,-1
292,15,1493,1161,180,168,1,-1,-1,-1
292,62,30,783,272,120,1,-1,-1,-1
292,72,1697,714,220,144,1,-1,-1,-1
292,74,407,748,180,140,1,-1,-1,-1
292,76,1889,743,236,140,1,-1,-1,-1
292,77,1343,710,104,104,1,-1,-1,-1
292,78,2308,781,202,126,1,-1,-1,-1
292,79,2062,765,208,140,1,-1,-1,-1
292,80,1471,687,100,120,1,-1,-1,-1
293,15,1493,1176,180,168,1,-1,-1,-1
293,62,4,778,286,126,1,-1,-1,-1
293,72,1687,714,220,144,1,-1,-1,-1
293,74,393,749,180,140,1,-1,-1,-1
293,76,1879,746,225,133,1,-1,-1,-1
293,77,1332,710,104,104,1,-1,-1,-1
293,78,2295,779,202,126,1,-1,-1,-1
293,79,2058,766,208,140,1,-1,-1,-1
293,80,1461,687,100,120,1,-1,-1,-1
294,15,1493,1207,180,168,1,-1,-1,-1
294,62,0,778,272,126,1,-1,-1,-1
294,72,1679,712,220,144,1,-1,-1,-1
294,74,379,749,180,140,1,-1,-1,-1
294,76,1865,745,225,133,1,-1,-1,-1
294,77,1320,710,104,104,1,-1,-1,-1
294,78,2286,777,202,126,1,-1,-1,-1
294,79,2044,770,218,147,1,-1,-1,-1
294,80,1452,686,100,120,1,-1,-1,-1
295,15,1494,1227,180,168,1,-1,-1,-1
295,62,0,778,256,126,1,-1,-1,-1
295,72,1670,711,220,144,1,-1,-1,-1
295,74,363,745,189,147,1,-1,-1,-1
295,76,1846,746,225,133,1,-1,-1,-1
295,77,1309,710,104,104,1,-1,-1,-1
295,79,2038,776,218,147,1,-1,-1,-1
295,80,1444,685,100,120,1,-1,-1,-1
296,15,1492,1225,180,168,1,-1,-1,-1
296,62,0,777,238,132,1,-1,-1,-1
296,72,1659,705,231,151,1,-1,-1,-1
296,74,352,745,189,147,1,-1,-1,-1
296,76,1827,746,225,133,1,-1,-1,-1
296,77,1297,709,104,104,1,-1,-1,-1
296,79,2047,781,208,140,1,-1,-1,-1
296,80,1435,685,100,120,1,-1,-1,-1
297,15,1492,1225,180,168,1,-1,-1,-1
297,62,0,792,244,140,1,-1,-1,-1
297,72,1648,716,224,136,1,-1,-1,-1
297,74,300,756,228,124,1,-1,-1,-1
297,76,1796,760,240,116,1,-1,-1,-1
297,77,1297,709,104,104,1,-1,-1,-1
297,79,2047,781,208,140,1,-1,-1,-1
297,80,1436,680,88,112,1,-1,-1,-1
297,81,1232,700,152,108,1,-1,-1,-1
297,82,1396,704,96,128,1,-1,-1,-1
297,83,1996,752,124,120,1,-1,-1,-1
298,15,1471,1209,180,168,1,-1,-1,-1
298,62,0,789,228,147,1,-1,-1,-1
298,72,1643,716,224,136,1,-1,-1,-1
298,74,286,756,228,124,1,-1,-1,-1
298,76,1793,764,229,110,1,-1,-1,-1
298,77,1280,704,104,104,1,-1,-1,-1
298,79,2030,774,208,140,1,-1,-1,-1
298,80,1430,679,88,112,1,-1,-1,-1
298,81,1223,699,152,108,1,-1,-1,-1
298,82,1390,704,96,128,1,-1,-1,-1
298,83,1989,751,124,120,1,-1,-1,-1
299,15,1456,1217,180,168,1,-1,-1,-1
299,62,0,792,217,147,1,-1,-1,-1
299,72,1637,716,224,136,1,-1,-1,-1
299,74,272,756,228,124,1,-1,-1,-1
299,76,1782,765,229,110,1,-1,-1,-1
299,77,1265,703,104,104,1,-1,-1,-1
299,79,2038,778,198,133,1,-1,-1,-1
299,80,1425,678,88,112,1,-1,-1,-1
299,81,1215,699,152,108,1,-1,-1,-1
299,82,1385,704,96,128,1,-1,-1,-1
299,83,1982,746,130,126,1,-1,-1,-1
300,15,1444,1233,180,168,1,-1,-1,-1
300,62,0,791,199,147,1,-1,-1,-1
300,72,1631,715,224,136,1,-1,-1,-1
300,74,250,753,239,130,1,-1,-1,-1
300,76,1771,763,240,116,1,-1,-1,-1
300,77,1263,703,104,104,1,-1,-1,-1
300,79,2041,782,189,127,1,-1,-1,-1
300,80,1420,678,88,112,1,-1,-1,-1
300,81,1203,694,160,113,1,-1,-1,-1
300,82,1380,702,96,128,1,-1,-1,-1
300,83,1979,743,130,126,1,-1,-1,-1
301,15,1441,1249,180,168,1,-1,-1,-1
301,62,0,789,184,147,1,-1,-1,-1
301,72,1626,714,224,136,1,-1,-1,-1
301,74,233,755,239,130,1,-1,-1,-1
301,76,1760,762,240,116,1,-1,-1,-1
301,77,1276,696,104,104,1,-1,-1,-1
301,79,2035,783,189,127,1,-1,-1,-1
301,80,1415,678,88,112,1,-1,-1,-1
301,81,1198,694,160,113,1,-1,-1,-1
301,82,1376,702,96,128,1,-1,-1,-1
301,83,1977,742,130,126,1,-1,-1,-1
302,15,1444,1264,180,168,1,-1,-1,-1
302,62,0,796,158,140,1,-1,-1,-1
302,72,1621,712,224,136,1,-1,-1,-1
302,74,210,755,239,130,1,-1,-1,-1
302,76,1756,760,240,116,1,-1,-1,-1
302,77,1275,698,104,104,1,-1,-1,-1
302,79,2035,786,189,127,1,-1,-1,-1
302,80,1411,677,88,112,1,-1,-1,-1
302,81,1194,693,160,113,1,-1,-1,-1
302,82,1372,701,96,128,1,-1,-1,-1
302,83,1972,742,130,126,1,-1,-1,-1
303,15,1451,1274,180,166,1,-1,-1,-1
303,62,0,797,141,140,1,-1,-1,-1
303,72,1617,711,224,136,1,-1,-1,-1
303,74,192,757,239,130,1,-1,-1,-1
303,76,1752,758,240,116,1,-1,-1,-1
303,77,1273,700,104,104,1,-1,-1,-1
303,79,2032,786,189,127,1,-1,-1,-1
303,80,1407,676,88,112,1,-1,-1,-1
303,81,1188,692,160,113,1,-1,-1,-1
303,82,1368,700,96,128,1,-1,-1,-1
303,83,1966,740,137,132,1,-1,-1,-1
304,15,1453,1281,180,159,1,-1,-1,-1
304,62,0,794,132,140,1,-1,-1,-1
304,72,1616,710,224,136,1,-1,-1,-1
304,74,175,757,239,130,1,-1,-1,-1
304,76,1751,757,240,116,1,-1,-1,-1
304,77,1274,699,104,104,1,-1,-1,-1
304,80,1406,675,88,112,1,-1,-1,-1
304,81,1186,693,160,113,1,-1,-1,-1
304,82,1366,699,96,128,1,-1,-1,-1
304,83,1964,738,137,132,1,-1,-1,-1
305,15,1453,1281,180,159,1,-1,-1,-1
305,62,0,794,132,140,1,-1,-1,-1
305,72,1608,708,204,136,1,-1,-1,-1
305,74,148,760,268,124,1,-1,-1,-1
305,76,1748,740,192,128,1,-1,-1,-1
305,77,1274,699,104,104,1,-1,-1,-1
305,80,1406,675,88,112,1,-1,-1,-1
305,81,1186,693,160,113,1,-1,-1,-1
305,82,1364,688,96,136,1,-1,-1,-1
305,83,1964,728,136,144,1,-1,-1,-1
305,84,1104,700,204,96,1,-1,-1,-1
305,85,0,808,76,108,1,-1,-1,-1
306,15,1441,1267,180,168,1,-1,-1,-1
306,62,0,793,117,140,1,-1,-1,-1
306,72,1607,707,204,136,1,-1,-1,-1
306,74,135,756,281,130,1,-1,-1,-1
306,76,1747,739,192,128,1,-1,-1,-1
306,77,1267,702,104,104,1,-1,-1,-1
306,80,1402,674,88,112,1,-1,-1,-1
306,81,1185,691,160,113,1,-1,-1,-1
306,82,1363,688,96,136,1,-1,-1,-1
306,83,1965,728,136,144,1,-1,-1,-1
306,84,1086,696,214,101,1,-1,-1,-1
306,85,0,805,65,108,1,-1,-1,-1
307,15,1437,1253,180,168,1,-1,-1,-1
307,62,0,785,117,140,1,-1,-1,-1
307,72,1607,707,204,136,1,-1,-1,-1
307,74,116,757,281,130,1,-1,-1,-1
307,76,1746,738,192,128,1,-1,-1,-1
307,77,1260,701,109,109,1,-1,-1,-1
307,80,1402,673,88,112,1,-1,-1,-1
307,81,1177,691,168,119,1,-1,-1,-1
307,82,1364,688,96,136,1,-1,-1,-1
307,83,1967,730,136,144,1,-1,-1,-1
307,84,1065,691,225,106,1,-1,-1,-1
307,85,0,811,52,108,1,-1,-1,-1
308,15,1437,1234,180,168,1,-1,-1,-1
308,62,0,781,108,140,1,-1,-1,-1
308,72,1607,706,204,136,1,-1,-1,-1
308,74,91,757,295,137,1,-1,-1,-1
308,76,1747,736,192,128,1,-1,-1,-1
308,77,1260,701,109,109,1,-1,-1,-1
308,80,1401,673,88,112,1,-1,-1,-1
308,81,1178,692,168,119,1,-1,-1,-1
308,82,1363,687,96,136,1,-1,-1,-1
308,83,1968,732,136,144,1,-1,-1,-1
308,84,1054,691,225,106,1,-1,-1,-1
308,85,0,812,42,113,1,-1,-1,-1
309,15,1437,1221,180,168,1,-1,-1,-1
309,62,0,778,116,140,1,-1,-1,-1
309,72,1607,705,204,136,1,-1,-1,-1
309,74,74,762,281,130,1,-1,-1,-1
309,76,1748,734,192,128,1,-1,-1,-1
309,77,1261,702,109,109,1,-1,-1,-1
309,80,1401,672,88,112,1,-1,-1,-1
309,81,1193,701,160,113,1,-1,-1,-1
309,82,1362,687,96,136,1,-1,-1,-1
309,83,1970,734,136,144,1,-1,-1,-1
309,84,1036,687,225,106,1,-1,-1,-1
309,85,0,811,42,119,1,-1,-1,-1
310,15,1438,1220,180,168,1,-1,-1,-1
310,62,0,775,127,140,1,-1,-1,-1
310,72,1607,704,204,136,1,-1,-1,-1
310,74,57,764,281,130,1,-1,-1,-1
310,76,1750,732,192,128,1,-1,-1,-1
310,80,1401,672,88,112,1,-1,-1,-1
310,81,1192,703,160,113,1,-1,-1,-1
310,82,1363,687,96,136,1,-1,-1,-1
310,83,1971,735,136,144,1,-1,-1,-1
310,84,1021,687,225,106,1,-1,-1,-1
310,85,0,806,42,113,1,-1,-1,-1
311,15,1436,1223,180,168,1,-1,-1,-1
311,62,0,769,122,140,1,-1,-1,-1
311,72,1608,703,204,136,1,-1,-1,-1
311,74,53,768,268,124,1,-1,-1,-1
311,76,1752,728,192,128,1,-1,-1,-1
311,80,1401,671,88,112,1,-1,-1,-1
311,81,1196,699,160,113,1,-1,-1,-1
311,82,1363,686,96,136,1,-1,-1,-1
311,83,1971,734,136,144,1,-1,-1,-1
311,84,1003,686,225,106,1,-1,-1,-1
311,85,0,810,46,108,1,-1,-1,-1
312,15,1435,1233,180,168,1,-1,-1,-1
312,62,0,765,130,140,1,-1,-1,-1
312,72,1609,702,204,136,1,-1,-1,-1
312,74,41,768,268,124,1,-1,-1,-1
312,76,1753,726,192,128,1,-1,-1,-1
312,80,1401,671,88,112,1,-1,-1,-1
312,81,1202,699,152,108,1,-1,-1,-1
312,82,1364,686,96,136,1,-1,-1,-1
312,83,1969,730,143,151,1,-1,-1,-1
312,84,986,690,214,101,1,-1,-1,-1
312,85,0,813,47,108,1,-1,-1,-1
313,15,1435,1233,180,168,1,-1,-1,-1
313,62,0,765,130,140,1,-1,-1,-1
313,72,1608,700,208,140,1,-1,-1,-1
313,74,32,764,268,132,1,-1,-1,-1
313,76,1772,716,172,144,1,-1,-1,-1
313,80,1401,671,88,112,1,-1,-1,-1
313,81,1202,699,152,108,1,-1,-1,-1
313,82,1364,686,96,136,1,-1,-1,-1
313,83,1956,736,156,144,1,-1,-1,-1
313,84,1000,684,172,96,1,-1,-1,-1
313,85,0,813,47,108,1,-1,-1,-1
314,15,1443,1243,180,168,1,-1,-1,-1
314,62,0,765,123,133,1,-1,-1,-1
314,72,1608,700,208,140,1,-1,-1,-1
314,74,27,765,268,132,1,-1,-1,-1
314,76,1773,715,172,144,1,-1,-1,-1
314,80,1401,669,88,112,1,-1,-1,-1
314,81,1206,700,152,108,1,-1,-1,-1
314,82,1364,685,96,136,1,-1,-1,-1
314,83,1956,736,156,144,1,-1,-1,-1
314,84,993,683,172,96,1,-1,-1,-1
314,85,0,797,66,108,1,-1,-1,-1
315,15,1445,1235,180,168,1,-1,-1,-1
315,72,1610,699,208,140,1,-1,-1,-1
315,74,20,765,268,132,1,-1,-1,-1
315,76,1774,713,172,144,1,-1,-1,-1
315,80,1401,666,88,112,1,-1,-1,-1
315,81,1207,699,152,108,1,-1,-1,-1
315,82,1365,684,96,136,1,-1,-1,-1
315,83,1957,735,156,144,1,-1,-1,-1
315,84,979,680,181,101,1,-1,-1,-1
315,85,0,797,61,108,1,-1,-1,-1
