1,0,1100,732,180,116,1,-1,-1,-1
1,1,256,764,276,96,1,-1,-1,-1
1,2,1452,724,192,100,1,-1,-1,-1
1,3,356,708,292,124,1,-1,-1,-1
1,4,736,720,120,108,1,-1,-1,-1
2,0,1101,729,180,116,1,-1,-1,-1
2,1,230,765,276,96,1,-1,-1,-1
2,2,1431,724,192,100,1,-1,-1,-1
2,3,334,709,292,124,1,-1,-1,-1
2,4,723,719,120,108,1,-1,-1,-1
3,0,1103,727,180,116,1,-1,-1,-1
3,1,202,767,276,96,1,-1,-1,-1
3,2,1408,725,192,100,1,-1,-1,-1
3,3,309,709,292,124,1,-1,-1,-1
3,4,709,717,120,108,1,-1,-1,-1
4,0,1104,718,189,122,1,-1,-1,-1
4,1,168,766,290,101,1,-1,-1,-1
4,2,1375,722,202,105,1,-1,-1,-1
4,3,288,710,292,124,1,-1,-1,-1
4,4,695,716,120,108,1,-1,-1,-1
5,0,1113,715,189,122,1,-1,-1,-1
5,1,138,765,290,101,1,-1,-1,-1
5,2,1341,719,202,105,1,-1,-1,-1
5,3,268,711,292,124,1,-1,-1,-1
5,4,682,715,120,108,1,-1,-1,-1
6,0,1126,713,189,122,1,-1,-1,-1
6,1,101,765,290,101,1,-1,-1,-1
6,2,1305,717,202,105,1,-1,-1,-1
6,3,248,713,292,124,1,-1,-1,-1
6,4,669,716,120,108,1,-1,-1,-1
7,0,1122,712,189,122,1,-1,-1,-1
7,1,62,762,304,106,1,-1,-1,-1
7,2,1270,717,202,105,1,-1,-1,-1
7,3,215,713,307,130,1,-1,-1,-1
7,4,656,715,120,108,1,-1,-1,-1
8,0,1122,715,180,116,1,-1,-1,-1
8,1,30,762,304,106,1,-1,-1,-1
8,2,1235,718,202,105,1,-1,-1,-1
8,3,199,717,292,124,1,-1,-1,-1
8,4,647,714,120,108,1,-1,-1,-1
9,0,1122,715,180,116,1,-1,-1,-1
9,1,68,768,244,128,1,-1,-1,-1
9,2,1232,708,176,120,1,-1,-1,-1
9,3,199,717,292,124,1,-1,-1,-1
9,4,647,714,120,108,1,-1,-1,-1
9,5,432,704,208,124,1,-1,-1,-1
9,6,1956,760,144,156,1,-1,-1,-1
10,1,45,772,244,128,1,-1,-1,-1
10,2,1213,707,176,120,1,-1,-1,-1
10,4,627,705,126,113,1,-1,-1,-1
10,5,419,704,208,124,1,-1,-1,-1
10,6,1942,758,144,156,1,-1,-1,-1
11,1,23,771,256,134,1,-1,-1,-1
11,2,1199,703,176,120,1,-1,-1,-1
11,4,620,704,126,113,1,-1,-1,-1
11,5,406,705,208,124,1,-1,-1,-1
11,6,1928,757,144,156,1,-1,-1,-1
12,1,0,772,251,134,1,-1,-1,-1
12,2,1185,703,168,114,1,-1,-1,-1
12,4,610,704,126,113,1,-1,-1,-1
12,5,388,703,218,130,1,-1,-1,-1
12,6,1916,755,144,156,1,-1,-1,-1
13,4,605,704,126,113,1,-1,-1,-1
13,5,380,703,218,130,1,-1,-1,-1
13,6,1904,752,144,156,1,-1,-1,-1
14,4,590,700,132,119,1,-1,-1,-1
14,5,369,702,218,130,1,-1,-1,-1
14,6,1893,750,144,156,1,-1,-1,-1
15,4,586,701,132,119,1,-1,-1,-1
15,5,362,702,218,130,1,-1,-1,-1
15,6,1881,749,144,156,1,-1,-1,-1
16,4,571,696,139,125,1,-1,-1,-1
16,5,352,701,218,130,1,-1,-1,-1
16,6,1871,747,144,156,1,-1,-1,-1
17,4,576,708,104,120,1,-1,-1,-1
17,5,312,700,244,140,1,-1,-1,-1
17,6,1800,720,212,180,1,-1,-1,-1
17,7,2060,768,296,188,1,-1,-1,-1
17,8,44,728,304,144,1,-1,-1,-1
17,9,1696,732,128,104,1,-1,-1,-1
18,4,567,708,104,120,1,-1,-1,-1
18,5,306,701,244,140,1,-1,-1,-1
18,6,1786,719,212,180,1,-1,-1,-1
18,7,2041,765,296,188,1,-1,-1,-1
18,8,34,729,304,144,1,-1,-1,-1
18,9,1682,732,128,104,1,-1,-1,-1
19,4,558,708,104,120,1,-1,-1,-1
19,5,299,700,244,140,1,-1,-1,-1
19,6,1776,718,212,180,1,-1,-1,-1
19,7,2027,769,296,188,1,-1,-1,-1
19,8,26,731,304,144,1,-1,-1,-1
19,9,1669,731,128,104,1,-1,-1,-1
20,4,554,706,104,120,1,-1,-1,-1
20,5,292,700,244,140,1,-1,-1,-1
20,6,1768,717,212,180,1,-1,-1,-1
20,7,2009,764,296,188,1,-1,-1,-1
20,8,21,732,304,144,1,-1,-1,-1
20,9,1657,728,128,104,1,-1,-1,-1
21,4,549,704,104,120,1,-1,-1,-1
21,5,286,700,244,140,1,-1,-1,-1
21,6,1755,714,212,180,1,-1,-1,-1
21,7,1987,762,296,188,1,-1,-1,-1
21,8,15,733,304,144,1,-1,-1,-1
21,9,1642,724,128,104,1,-1,-1,-1
22,4,541,705,104,120,1,-1,-1,-1
22,5,279,700,244,140,1,-1,-1,-1
22,6,1742,714,212,180,1,-1,-1,-1
22,7,1950,755,311,197,1,-1,-1,-1
22,8,29,737,290,137,1,-1,-1,-1
22,9,1630,722,128,104,1,-1,-1,-1
23,4,531,707,104,120,1,-1,-1,-1
23,5,272,700,244,140,1,-1,-1,-1
23,6,1722,713,212,180,1,-1,-1,-1
23,7,1921,751,311,197,1,-1,-1,-1
23,8,25,736,290,137,1,-1,-1,-1
23,9,1615,722,128,104,1,-1,-1,-1
24,4,524,708,104,120,1,-1,-1,-1
24,5,273,702,232,133,1,-1,-1,-1
24,6,1706,708,223,189,1,-1,-1,-1
24,7,1891,742,311,197,1,-1,-1,-1
24,8,26,735,290,137,1,-1,-1,-1
24,9,1600,723,128,104,1,-1,-1,-1
25,4,464,712,152,116,1,-1,-1,-1
25,5,292,700,212,132,1,-1,-1,-1
25,6,1684,728,212,120,1,-1,-1,-1
25,7,1844,768,328,156,1,-1,-1,-1
25,8,60,728,276,136,1,-1,-1,-1
25,9,1600,723,128,104,1,-1,-1,-1
25,10,952,648,148,104,1,-1,-1,-1
26,4,454,713,152,116,1,-1,-1,-1
26,5,288,700,212,132,1,-1,-1,-1
26,6,1671,726,212,120,1,-1,-1,-1
26,7,1821,768,328,156,1,-1,-1,-1
26,8,57,728,276,136,1,-1,-1,-1
26,9,1576,725,122,99,1,-1,-1,-1
26,10,950,649,148,104,1,-1,-1,-1
27,4,445,714,152,116,1,-1,-1,-1
27,5,283,699,212,132,1,-1,-1,-1
27,6,1661,723,212,120,1,-1,-1,-1
27,7,1808,768,328,156,1,-1,-1,-1
27,8,55,728,276,136,1,-1,-1,-1
27,9,1568,723,122,99,1,-1,-1,-1
27,10,948,651,148,104,1,-1,-1,-1
28,4,434,709,160,122,1,-1,-1,-1
28,5,281,698,212,132,1,-1,-1,-1
28,7,1776,764,328,156,1,-1,-1,-1
28,8,55,729,276,136,1,-1,-1,-1
28,10,944,652,148,104,1,-1,-1,-1
29,4,441,708,160,122,1,-1,-1,-1
29,5,284,700,202,126,1,-1,-1,-1
29,7,1735,761,328,156,1,-1,-1,-1
29,8,57,729,276,136,1,-1,-1,-1
29,10,943,653,148,104,1,-1,-1,-1
30,4,441,707,160,122,1,-1,-1,-1
30,5,284,698,202,126,1,-1,-1,-1
30,7,1702,752,328,156,1,-1,-1,-1
30,8,61,728,276,136,1,-1,-1,-1
30,10,938,651,155,109,1,-1,-1,-1
31,4,446,712,152,116,1,-1,-1,-1
31,5,290,697,202,126,1,-1,-1,-1
31,7,1663,749,328,156,1,-1,-1,-1
31,8,65,726,276,136,1,-1,-1,-1
31,10,939,653,155,109,1,-1,-1,-1
32,4,443,711,152,116,1,-1,-1,-1
32,5,291,696,202,126,1,-1,-1,-1
32,7,1627,741,328,156,1,-1,-1,-1
32,8,76,730,263,130,1,-1,-1,-1
32,10,938,650,163,115,1,-1,-1,-1
33,4,356,716,240,116,1,-1,-1,-1
33,5,291,696,202,126,1,-1,-1,-1
33,7,1608,748,268,144,1,-1,-1,-1
33,8,84,720,296,140,1,-1,-1,-1
33,10,932,644,176,128,1,-1,-1,-1
33,11,1508,688,216,108,1,-1,-1,-1
34,4,354,715,240,116,1,-1,-1,-1
34,7,1595,751,268,144,1,-1,-1,-1
34,8,87,720,296,140,1,-1,-1,-1
34,10,933,645,176,128,1,-1,-1,-1
34,11,1489,687,216,108,1,-1,-1,-1
35,4,355,719,229,110,1,-1,-1,-1
35,7,1605,748,268,144,1,-1,-1,-1
35,8,91,719,296,140,1,-1,-1,-1
35,10,935,646,176,128,1,-1,-1,-1
35,11,1470,685,216,108,1,-1,-1,-1
36,4,349,719,229,110,1,-1,-1,-1
36,7,1603,743,268,144,1,-1,-1,-1
36,8,96,719,296,140,1,-1,-1,-1
36,10,937,648,176,128,1,-1,-1,-1
36,11,1447,683,216,108,1,-1,-1,-1
37,4,345,718,229,110,1,-1,-1,-1
37,8,109,717,296,140,1,-1,-1,-1
37,10,938,651,176,128,1,-1,-1,-1
37,11,1427,681,216,108,1,-1,-1,-1
38,4,344,722,218,105,1,-1,-1,-1
38,8,111,716,296,140,1,-1,-1,-1
38,10,939,651,176,128,1,-1,-1,-1
39,4,350,723,218,105,1,-1,-1,-1
39,8,129,714,296,140,1,-1,-1,-1
39,10,941,652,176,128,1,-1,-1,-1
40,4,332,729,218,105,1,-1,-1,-1
40,8,130,714,296,140,1,-1,-1,-1
40,10,944,653,176,128,1,-1,-1,-1
41,4,380,728,160,104,1,-1,-1,-1
41,8,164,712,220,140,1,-1,-1,-1
41,10,944,653,176,128,1,-1,-1,-1
41,12,24,708,132,148,1,-1,-1,-1
41,13,1376,720,220,112,1,-1,-1,-1
41,14,1740,728,204,108,1,-1,-1,-1
41,15,1368,672,184,72,1,-1,-1,-1
42,4,378,729,160,104,1,-1,-1,-1
42,8,167,712,220,140,1,-1,-1,-1
42,10,956,657,176,128,1,-1,-1,-1
42,12,29,708,132,148,1,-1,-1,-1
42,13,1357,725,210,107,1,-1,-1,-1
42,14,1753,731,204,108,1,-1,-1,-1
42,15,1346,673,184,72,1,-1,-1,-1
43,4,375,730,160,104,1,-1,-1,-1
43,8,169,711,220,140,1,-1,-1,-1
43,10,962,658,176,128,1,-1,-1,-1
43,12,33,709,132,148,1,-1,-1,-1
43,13,1336,727,210,107,1,-1,-1,-1
43,14,1767,731,214,113,1,-1,-1,-1
43,15,1332,675,175,69,1,-1,-1,-1
44,4,373,731,160,104,1,-1,-1,-1
44,8,171,711,220,140,1,-1,-1,-1
44,10,967,663,168,122,1,-1,-1,-1
44,12,38,709,132,148,1,-1,-1,-1
44,13,1319,727,200,102,1,-1,-1,-1
44,14,1812,749,214,113,1,-1,-1,-1
44,15,1321,675,167,65,1,-1,-1,-1
45,4,359,731,160,104,1,-1,-1,-1
45,8,172,711,220,140,1,-1,-1,-1
45,10,967,665,168,122,1,-1,-1,-1
45,12,41,709,132,148,1,-1,-1,-1
45,14,1849,753,214,113,1,-1,-1,-1
45,15,1310,670,167,65,1,-1,-1,-1
46,4,367,732,152,99,1,-1,-1,-1
46,8,174,711,220,140,1,-1,-1,-1
46,10,968,666,168,122,1,-1,-1,-1
46,12,43,710,132,148,1,-1,-1,-1
46,14,1868,757,214,113,1,-1,-1,-1
47,4,352,734,145,94,1,-1,-1,-1
47,8,180,714,210,133,1,-1,-1,-1
47,10,970,667,168,122,1,-1,-1,-1
47,12,44,711,132,148,1,-1,-1,-1
47,14,1880,756,225,119,1,-1,-1,-1
48,4,344,732,145,94,1,-1,-1,-1
48,8,180,713,210,133,1,-1,-1,-1
48,10,970,665,168,122,1,-1,-1,-1
48,12,44,713,132,148,1,-1,-1,-1
48,14,1923,763,225,119,1,-1,-1,-1
49,4,344,732,145,94,1,-1,-1,-1
49,8,180,713,210,133,1,-1,-1,-1
49,10,1000,688,144,100,1,-1,-1,-1
49,12,44,713,132,148,1,-1,-1,-1
49,14,1923,763,225,119,1,-1,-1,-1
49,16,1300,612,92,128,1,-1,-1,-1
49,17,1260,684,140,116,1,-1,-1,-1
50,8,176,714,210,133,1,-1,-1,-1
50,10,997,688,144,100,1,-1,-1,-1
50,12,35,716,132,148,1,-1,-1,-1
50,16,1288,605,92,128,1,-1,-1,-1
50,17,1241,681,147,122,1,-1,-1,-1
51,8,170,713,210,133,1,-1,-1,-1
51,10,992,688,144,100,1,-1,-1,-1
51,12,25,717,132,148,1,-1,-1,-1
51,16,1274,585,97,134,1,-1,-1,-1
51,17,1218,676,147,122,1,-1,-1,-1
52,8,159,710,220,140,1,-1,-1,-1
52,10,987,690,144,100,1,-1,-1,-1
52,12,16,719,132,148,1,-1,-1,-1
52,17,1194,682,147,122,1,-1,-1,-1
53,8,147,713,220,140,1,-1,-1,-1
53,10,981,691,144,100,1,-1,-1,-1
53,12,5,724,132,148,1,-1,-1,-1
54,8,135,710,231,147,1,-1,-1,-1
54,10,975,691,144,100,1,-1,-1,-1
54,12,0,724,124,148,1,-1,-1,-1
55,8,119,712,231,147,1,-1,-1,-1
55,10,960,689,144,100,1,-1,-1,-1
55,12,0,723,110,148,1,-1,-1,-1
56,8,106,712,231,147,1,-1,-1,-1
56,10,950,689,144,100,1,-1,-1,-1
56,12,0,725,93,148,1,-1,-1,-1
57,8,106,712,231,147,1,-1,-1,-1
57,10,950,689,144,100,1,-1,-1,-1
57,12,0,725,93,148,1,-1,-1,-1
57,18,1216,1188,192,152,1,-1,-1,-1
58,8,64,715,231,147,1,-1,-1,-1
58,10,920,687,144,100,1,-1,-1,-1
58,18,1192,1154,192,152,1,-1,-1,-1
59,8,39,719,231,147,1,-1,-1,-1
59,10,904,690,144,100,1,-1,-1,-1
59,18,1165,1135,192,152,1,-1,-1,-1
60,8,13,721,231,147,1,-1,-1,-1
60,18,1132,1150,202,160,1,-1,-1,-1
61,8,0,722,221,147,1,-1,-1,-1
61,18,1108,1190,202,160,1,-1,-1,-1
62,8,0,726,196,147,1,-1,-1,-1
62,18,1097,1212,202,160,1,-1,-1,-1
63,8,0,726,175,147,1,-1,-1,-1
63,18,1075,1231,202,160,1,-1,-1,-1
64,8,0,730,153,147,1,-1,-1,-1
64,18,1049,1264,202,160,1,-1,-1,-1
65,8,0,730,153,147,1,-1,-1,-1
65,18,1049,1264,202,160,1,-1,-1,-1
65,19,132,716,140,128,1,-1,-1,-1
66,18,1015,1286,202,154,1,-1,-1,-1
66,19,120,720,140,128,1,-1,-1,-1
67,18,1011,1289,192,151,1,-1,-1,-1
67,19,111,722,140,128,1,-1,-1,-1
68,18,1001,1277,192,152,1,-1,-1,-1
68,19,103,722,140,128,1,-1,-1,-1
69,18,993,1263,192,152,1,-1,-1,-1
69,19,100,723,140,128,1,-1,-1,-1
70,18,994,1262,192,152,1,-1,-1,-1
70,19,95,726,140,128,1,-1,-1,-1
71,18,1004,1266,192,152,1,-1,-1,-1
71,19,93,731,140,128,1,-1,-1,-1
72,18,1018,1280,192,152,1,-1,-1,-1
72,19,97,726,140,128,1,-1,-1,-1
73,18,1018,1280,192,152,1,-1,-1,-1
73,19,97,726,140,128,1,-1,-1,-1
73,20,0,748,140,132,1,-1,-1,-1
73,21,1736,804,288,140,1,-1,-1,-1
74,18,1045,1316,192,124,1,-1,-1,-1
74,19,106,722,147,134,1,-1,-1,-1
74,20,9,749,140,132,1,-1,-1,-1
74,21,1728,803,288,140,1,-1,-1,-1
75,18,1065,1335,192,105,1,-1,-1,-1
75,19,108,728,147,134,1,-1,-1,-1
75,20,17,750,140,132,1,-1,-1,-1
75,21,1722,805,274,133,1,-1,-1,-1
76,18,1084,1349,192,91,1,-1,-1,-1
76,19,116,737,147,134,1,-1,-1,-1
76,20,27,751,140,132,1,-1,-1,-1
76,21,1709,807,274,133,1,-1,-1,-1
77,18,1098,1337,192,103,1,-1,-1,-1
77,19,114,749,154,141,1,-1,-1,-1
77,20,41,751,140,132,1,-1,-1,-1
78,18,1121,1317,192,123,1,-1,-1,-1
78,19,120,747,162,148,1,-1,-1,-1
78,20,55,753,140,132,1,-1,-1,-1
79,18,1147,1300,192,140,1,-1,-1,-1
79,19,141,756,162,148,1,-1,-1,-1
79,20,48,751,140,132,1,-1,-1,-1
80,18,1176,1294,192,146,1,-1,-1,-1
80,19,154,758,162,148,1,-1,-1,-1
81,18,1176,1294,192,146,1,-1,-1,-1
81,19,136,776,232,140,1,-1,-1,-1
81,22,1656,772,260,148,1,-1,-1,-1
81,23,4,732,252,156,1,-1,-1,-1
81,24,1164,704,228,92,1,-1,-1,-1
82,18,1226,1302,192,138,1,-1,-1,-1
82,19,145,779,232,140,1,-1,-1,-1
82,22,1650,772,260,148,1,-1,-1,-1
82,23,22,731,252,156,1,-1,-1,-1
82,24,1193,706,228,92,1,-1,-1,-1
83,18,1252,1317,192,123,1,-1,-1,-1
83,19,150,779,232,140,1,-1,-1,-1
83,22,1629,764,260,148,1,-1,-1,-1
83,23,42,731,252,156,1,-1,-1,-1
83,24,1234,709,228,92,1,-1,-1,-1
84,18,1281,1318,192,122,1,-1,-1,-1
84,19,168,778,232,140,1,-1,-1,-1
84,22,1617,762,260,148,1,-1,-1,-1
84,23,69,730,252,156,1,-1,-1,-1
84,24,1266,708,228,92,1,-1,-1,-1
85,18,1310,1317,192,123,1,-1,-1,-1
86,18,1335,1313,192,127,1,-1,-1,-1
87,18,1357,1312,192,128,1,-1,-1,-1
88,18,1378,1311,192,129,1,-1,-1,-1
89,18,1378,1311,192,129,1,-1,-1,-1
89,25,0,824,360,136,1,-1,-1,-1
89,26,0,760,140,124,1,-1,-1,-1
89,27,1236,756,192,80,1,-1,-1,-1
89,28,236,736,244,120,1,-1,-1,-1
89,29,1064,700,224,108,1,-1,-1,-1
89,30,1448,720,180,112,1,-1,-1,-1
89,31,1648,764,152,124,1,-1,-1,-1
90,18,1425,1306,192,134,1,-1,-1,-1
90,25,0,825,338,136,1,-1,-1,-1
90,26,15,759,140,124,1,-1,-1,-1
90,27,1265,755,192,80,1,-1,-1,-1
90,28,258,737,244,120,1,-1,-1,-1
90,29,1091,700,224,108,1,-1,-1,-1
90,30,1468,721,180,112,1,-1,-1,-1
90,31,1649,761,152,124,1,-1,-1,-1
91,18,1446,1303,192,137,1,-1,-1,-1
91,25,0,832,299,130,1,-1,-1,-1
91,26,32,757,140,124,1,-1,-1,-1
91,27,1300,757,192,80,1,-1,-1,-1
91,28,280,737,244,120,1,-1,-1,-1
91,29,1114,700,224,108,1,-1,-1,-1
91,30,1488,719,180,112,1,-1,-1,-1
91,31,1651,754,152,124,1,-1,-1,-1
92,18,1460,1299,192,141,1,-1,-1,-1
92,26,48,755,140,124,1,-1,-1,-1
92,27,1328,757,192,80,1,-1,-1,-1
92,28,300,738,244,120,1,-1,-1,-1
92,29,1131,701,224,108,1,-1,-1,-1
92,30,1503,718,180,112,1,-1,-1,-1
92,31,1668,760,145,118,1,-1,-1,-1
93,18,1471,1300,192,140,1,-1,-1,-1
93,26,60,757,140,124,1,-1,-1,-1
93,27,1364,762,192,80,1,-1,-1,-1
93,28,303,732,256,126,1,-1,-1,-1
93,29,1150,699,224,108,1,-1,-1,-1
93,30,1523,719,171,107,1,-1,-1,-1
94,18,1487,1307,192,133,1,-1,-1,-1
94,26,73,759,140,124,1,-1,-1,-1
94,27,1371,763,183,76,1,-1,-1,-1
94,28,320,730,269,132,1,-1,-1,-1
94,29,1166,698,224,108,1,-1,-1,-1
94,30,1533,716,171,107,1,-1,-1,-1
95,18,1497,1314,192,126,1,-1,-1,-1
95,26,83,759,140,124,1,-1,-1,-1
95,27,1430,765,183,76,1,-1,-1,-1
95,28,333,731,269,132,1,-1,-1,-1
95,29,1175,695,235,113,1,-1,-1,-1
95,30,1546,715,171,107,1,-1,-1,-1
96,18,1503,1315,192,125,1,-1,-1,-1
96,26,94,761,140,124,1,-1,-1,-1
96,27,1471,772,183,76,1,-1,-1,-1
96,28,347,733,269,132,1,-1,-1,-1
96,29,1184,693,247,119,1,-1,-1,-1
97,18,1503,1315,192,125,1,-1,-1,-1
97,26,94,761,140,124,1,-1,-1,-1
97,27,1471,772,183,76,1,-1,-1,-1
97,28,444,740,168,128,1,-1,-1,-1
97,29,1240,704,184,104,1,-1,-1,-1
97,32,20,768,236,156,1,-1,-1,-1
97,33,268,740,172,152,1,-1,-1,-1
97,34,1340,724,216,100,1,-1,-1,-1
97,35,1496,728,272,140,1,-1,-1,-1
98,18,1520,1298,192,142,1,-1,-1,-1
98,26,107,766,140,124,1,-1,-1,-1
98,28,455,739,168,128,1,-1,-1,-1
98,29,1258,706,184,104,1,-1,-1,-1
98,32,23,769,236,156,1,-1,-1,-1
98,33,279,740,172,152,1,-1,-1,-1
98,34,1360,724,216,100,1,-1,-1,-1
98,35,1508,726,272,140,1,-1,-1,-1
99,18,1532,1291,192,149,1,-1,-1,-1
99,26,110,771,140,124,1,-1,-1,-1
99,28,460,741,168,128,1,-1,-1,-1
99,29,1271,707,193,109,1,-1,-1,-1
99,32,21,766,248,164,1,-1,-1,-1
99,33,285,740,172,152,1,-1,-1,-1
99,34,1391,726,206,95,1,-1,-1,-1
99,35,1519,725,272,140,1,-1,-1,-1
100,18,1544,1265,192,152,1,-1,-1,-1
100,26,112,774,140,124,1,-1,-1,-1
100,28,473,744,176,134,1,-1,-1,-1
100,29,1271,710,193,109,1,-1,-1,-1
100,32,23,768,248,164,1,-1,-1,-1
100,33,292,740,172,152,1,-1,-1,-1
100,34,1418,728,206,95,1,-1,-1,-1
101,18,1540,1230,192,152,1,-1,-1,-1
101,26,112,775,140,124,1,-1,-1,-1
101,28,486,744,176,134,1,-1,-1,-1
101,29,1286,709,193,109,1,-1,-1,-1
101,32,25,769,248,164,1,-1,-1,-1
101,33,298,739,172,152,1,-1,-1,-1
101,34,1443,727,216,100,1,-1,-1,-1
102,18,1516,1204,202,160,1,-1,-1,-1
102,26,112,774,140,124,1,-1,-1,-1
102,28,500,745,176,134,1,-1,-1,-1
102,29,1302,707,193,109,1,-1,-1,-1
102,32,24,768,248,164,1,-1,-1,-1
102,33,302,738,172,152,1,-1,-1,-1
102,34,1455,723,227,105,1,-1,-1,-1
103,18,1495,1189,202,160,1,-1,-1,-1
103,26,106,773,140,124,1,-1,-1,-1
103,28,507,750,168,128,1,-1,-1,-1
103,29,1315,707,193,109,1,-1,-1,-1
103,32,24,767,248,164,1,-1,-1,-1
103,33,305,738,172,152,1,-1,-1,-1
104,18,1484,1183,202,160,1,-1,-1,-1
104,26,107,772,140,124,1,-1,-1,-1
104,28,525,752,168,128,1,-1,-1,-1
104,29,1331,708,193,109,1,-1,-1,-1
104,32,21,767,248,164,1,-1,-1,-1
104,33,311,738,172,152,1,-1,-1,-1
105,18,1484,1183,202,160,1,-1,-1,-1
105,26,107,772,140,124,1,-1,-1,-1
105,28,525,752,168,128,1,-1,-1,-1
105,29,1348,712,188,100,1,-1,-1,-1
105,32,4,768,264,160,1,-1,-1,-1
105,33,320,740,168,148,1,-1,-1,-1
105,36,1840,752,272,148,1,-1,-1,-1
105,37,536,760,284,112,1,-1,-1,-1
105,38,1552,720,160,116,1,-1,-1,-1
106,18,1521,1197,202,160,1,-1,-1,-1
106,26,96,769,140,124,1,-1,-1,-1
106,29,1361,712,188,100,1,-1,-1,-1
106,32,4,768,264,160,1,-1,-1,-1
106,33,323,740,168,148,1,-1,-1,-1
106,36,1846,750,272,148,1,-1,-1,-1
106,37,558,760,284,112,1,-1,-1,-1
106,38,1556,720,160,116,1,-1,-1,-1
107,18,1515,1213,202,160,1,-1,-1,-1
107,26,98,769,140,124,1,-1,-1,-1
107,29,1369,713,188,100,1,-1,-1,-1
107,32,4,768,264,160,1,-1,-1,-1
107,33,328,740,168,148,1,-1,-1,-1
107,36,1853,749,272,148,1,-1,-1,-1
107,37,580,754,298,118,1,-1,-1,-1
107,38,1559,719,160,116,1,-1,-1,-1
108,18,1487,1199,202,160,1,-1,-1,-1
108,26,101,769,140,124,1,-1,-1,-1
108,29,1375,713,188,100,1,-1,-1,-1
108,32,5,768,264,160,1,-1,-1,-1
108,33,332,740,168,148,1,-1,-1,-1
108,36,1845,747,286,155,1,-1,-1,-1
108,37,638,755,284,112,1,-1,-1,-1
108,38,1563,720,160,116,1,-1,-1,-1
109,18,1466,1160,202,160,1,-1,-1,-1
109,26,96,767,147,130,1,-1,-1,-1
109,29,1380,712,188,100,1,-1,-1,-1
109,32,4,769,264,160,1,-1,-1,-1
109,33,336,740,168,148,1,-1,-1,-1
109,36,1858,747,272,148,1,-1,-1,-1
109,37,680,752,284,112,1,-1,-1,-1
109,38,1567,721,160,116,1,-1,-1,-1
110,18,1479,1135,202,160,1,-1,-1,-1
110,26,95,768,147,130,1,-1,-1,-1
110,29,1387,711,188,100,1,-1,-1,-1
110,32,1,768,264,160,1,-1,-1,-1
110,33,341,740,168,148,1,-1,-1,-1
110,37,740,751,270,107,1,-1,-1,-1
110,38,1572,719,160,116,1,-1,-1,-1
111,18,1509,1146,202,160,1,-1,-1,-1
111,26,93,767,147,130,1,-1,-1,-1
111,29,1389,709,188,100,1,-1,-1,-1
111,32,0,763,270,168,1,-1,-1,-1
111,33,346,740,168,148,1,-1,-1,-1
111,37,764,745,284,112,1,-1,-1,-1
111,38,1574,718,160,116,1,-1,-1,-1
112,18,1549,1153,202,160,1,-1,-1,-1
112,26,90,767,147,130,1,-1,-1,-1
112,29,1390,709,188,100,1,-1,-1,-1
112,32,0,761,270,168,1,-1,-1,-1
112,33,353,739,168,148,1,-1,-1,-1
112,37,794,744,284,112,1,-1,-1,-1
112,38,1576,718,160,116,1,-1,-1,-1
113,18,1549,1153,202,160,1,-1,-1,-1
113,26,90,767,147,130,1,-1,-1,-1
113,29,1408,720,140,96,1,-1,-1,-1
113,32,0,768,248,156,1,-1,-1,-1
113,33,348,732,228,144,1,-1,-1,-1
113,37,828,732,292,136,1,-1,-1,-1
113,38,1576,718,160,116,1,-1,-1,-1
113,39,2196,744,152,148,1,-1,-1,-1
114,18,1590,1168,202,160,1,-1,-1,-1
114,26,75,761,154,137,1,-1,-1,-1
114,29,1407,719,140,96,1,-1,-1,-1
114,32,0,768,244,156,1,-1,-1,-1
114,33,354,732,228,144,1,-1,-1,-1
114,37,857,734,292,136,1,-1,-1,-1
114,38,1577,713,160,116,1,-1,-1,-1
114,39,2207,743,152,148,1,-1,-1,-1
115,18,1591,1200,202,160,1,-1,-1,-1
115,26,60,759,162,144,1,-1,-1,-1
115,29,1405,718,140,96,1,-1,-1,-1
115,32,0,766,240,156,1,-1,-1,-1
115,33,362,733,228,144,1,-1,-1,-1
115,37,893,738,292,136,1,-1,-1,-1
115,38,1575,707,168,122,1,-1,-1,-1
115,39,2210,742,152,148,1,-1,-1,-1
116,18,1584,1230,202,160,1,-1,-1,-1
116,26,60,758,162,144,1,-1,-1,-1
116,29,1402,717,140,96,1,-1,-1,-1
116,32,0,764,238,156,1,-1,-1,-1
116,33,374,731,228,144,1,-1,-1,-1
116,38,1578,704,168,122,1,-1,-1,-1
116,39,2203,732,160,155,1,-1,-1,-1
117,18,1569,1238,202,160,1,-1,-1,-1
117,26,56,757,162,144,1,-1,-1,-1
117,29,1400,717,140,96,1,-1,-1,-1
117,32,0,762,236,156,1,-1,-1,-1
117,33,392,725,228,144,1,-1,-1,-1
117,38,1569,698,176,128,1,-1,-1,-1
117,39,2205,725,160,155,1,-1,-1,-1
118,18,1565,1239,202,160,1,-1,-1,-1
118,26,54,755,162,144,1,-1,-1,-1
118,29,1394,714,147,101,1,-1,-1,-1
118,32,0,759,236,156,1,-1,-1,-1
118,33,412,718,228,144,1,-1,-1,-1
118,38,1567,697,176,128,1,-1,-1,-1
119,18,1571,1240,192,152,1,-1,-1,-1
119,26,50,754,162,144,1,-1,-1,-1
119,29,1391,714,147,101,1,-1,-1,-1
119,32,0,759,233,156,1,-1,-1,-1
119,33,432,711,228,144,1,-1,-1,-1
119,38,1563,696,176,128,1,-1,-1,-1
120,18,1573,1230,192,152,1,-1,-1,-1
120,26,48,753,162,144,1,-1,-1,-1
120,29,1382,711,154,106,1,-1,-1,-1
120,32,0,759,232,156,1,-1,-1,-1
120,33,447,707,228,144,1,-1,-1,-1
120,38,1558,691,185,134,1,-1,-1,-1
121,18,1573,1230,192,152,1,-1,-1,-1
121,26,48,753,162,144,1,-1,-1,-1
121,29,1392,712,144,100,1,-1,-1,-1
121,32,0,752,228,164,1,-1,-1,-1
121,33,460,720,232,132,1,-1,-1,-1
121,38,1558,691,185,134,1,-1,-1,-1
121,40,2220,732,192,164,1,-1,-1,-1
121,41,1212,712,172,92,1,-1,-1,-1
122,18,1575,1233,192,152,1,-1,-1,-1
122,26,31,748,170,151,1,-1,-1,-1
122,29,1390,712,144,100,1,-1,-1,-1
122,32,0,751,225,164,1,-1,-1,-1
122,33,466,720,232,132,1,-1,-1,-1
122,38,1549,694,185,134,1,-1,-1,-1
122,40,2212,728,202,172,1,-1,-1,-1
122,41,1232,708,172,92,1,-1,-1,-1
123,18,1570,1234,192,152,1,-1,-1,-1
123,26,17,741,179,158,1,-1,-1,-1
123,29,1386,712,144,100,1,-1,-1,-1
123,32,0,751,221,164,1,-1,-1,-1
123,33,481,721,232,132,1,-1,-1,-1
123,38,1543,694,185,134,1,-1,-1,-1
123,40,2195,722,212,181,1,-1,-1,-1
124,18,1556,1233,192,152,1,-1,-1,-1
124,26,12,739,179,158,1,-1,-1,-1
124,29,1379,711,144,100,1,-1,-1,-1
124,32,0,750,217,164,1,-1,-1,-1
124,33,498,715,232,132,1,-1,-1,-1
124,38,1536,692,185,134,1,-1,-1,-1
124,40,2184,723,212,181,1,-1,-1,-1
125,18,1544,1234,192,152,1,-1,-1,-1
125,26,6,738,179,158,1,-1,-1,-1
125,29,1371,708,151,105,1,-1,-1,-1
125,32,0,753,205,156,1,-1,-1,-1
125,33,517,711,232,132,1,-1,-1,-1
125,38,1524,691,185,134,1,-1,-1,-1
125,40,2179,723,212,181,1,-1,-1,-1
126,18,1529,1236,192,152,1,-1,-1,-1
126,26,4,736,179,158,1,-1,-1,-1
126,29,1364,708,151,105,1,-1,-1,-1
126,32,0,753,200,156,1,-1,-1,-1
126,33,529,707,232,132,1,-1,-1,-1
126,38,1515,685,194,141,1,-1,-1,-1
127,18,1518,1242,192,152,1,-1,-1,-1
127,26,0,737,176,158,1,-1,-1,-1
127,29,1358,709,151,105,1,-1,-1,-1
127,32,0,753,190,156,1,-1,-1,-1
127,33,552,710,221,126,1,-1,-1,-1
127,38,1508,683,194,141,1,-1,-1,-1
128,18,1500,1250,192,152,1,-1,-1,-1
128,26,0,740,163,158,1,-1,-1,-1
128,29,1350,709,151,105,1,-1,-1,-1
128,32,0,754,180,156,1,-1,-1,-1
128,33,554,704,232,132,1,-1,-1,-1
128,38,1502,684,194,141,1,-1,-1,-1
129,18,1500,1250,192,152,1,-1,-1,-1
129,26,0,740,163,158,1,-1,-1,-1
129,29,1350,709,151,105,1,-1,-1,-1
129,32,0,752,192,156,1,-1,-1,-1
129,33,572,700,228,124,1,-1,-1,-1
129,38,1502,684,194,141,1,-1,-1,-1
129,42,2092,780,232,152,1,-1,-1,-1
130,18,1482,1251,192,152,1,-1,-1,-1
130,26,0,741,152,151,1,-1,-1,-1
130,29,1340,707,151,105,1,-1,-1,-1
130,32,0,752,183,156,1,-1,-1,-1
130,33,584,699,228,124,1,-1,-1,-1
130,38,1493,681,194,141,1,-1,-1,-1
130,42,2082,782,232,152,1,-1,-1,-1
131,18,1482,1238,192,152,1,-1,-1,-1
131,26,0,740,145,151,1,-1,-1,-1
131,29,1337,704,159,110,1,-1,-1,-1
131,32,0,752,175,156,1,-1,-1,-1
131,33,602,699,228,124,1,-1,-1,-1
131,38,1484,681,194,141,1,-1,-1,-1
131,42,2060,780,244,160,1,-1,-1,-1
132,18,1472,1213,192,152,1,-1,-1,-1
132,26,0,741,140,151,1,-1,-1,-1
132,29,1339,704,159,110,1,-1,-1,-1
132,32,0,755,161,149,1,-1,-1,-1
132,33,621,700,217,118,1,-1,-1,-1
132,38,1466,685,194,141,1,-1,-1,-1
132,42,2043,781,244,160,1,-1,-1,-1
133,18,1449,1185,192,152,1,-1,-1,-1
133,26,0,741,134,151,1,-1,-1,-1
133,29,1343,703,159,110,1,-1,-1,-1
133,32,0,753,153,149,1,-1,-1,-1
133,33,642,697,217,118,1,-1,-1,-1
133,38,1452,677,204,148,1,-1,-1,-1
133,42,2022,785,244,160,1,-1,-1,-1
134,18,1434,1175,183,145,1,-1,-1,-1
134,26,0,740,132,151,1,-1,-1,-1
134,29,1346,700,159,110,1,-1,-1,-1
134,32,0,755,144,141,1,-1,-1,-1
134,33,658,694,217,118,1,-1,-1,-1
134,38,1440,682,204,148,1,-1,-1,-1
134,42,1997,785,244,160,1,-1,-1,-1
135,18,1432,1191,183,145,1,-1,-1,-1
135,26,0,735,123,151,1,-1,-1,-1
135,29,1349,700,159,110,1,-1,-1,-1
135,32,0,755,133,141,1,-1,-1,-1
135,33,670,694,217,118,1,-1,-1,-1
135,38,1423,684,204,148,1,-1,-1,-1
135,42,1968,787,244,160,1,-1,-1,-1
136,18,1437,1222,183,145,1,-1,-1,-1
136,26,0,738,114,144,1,-1,-1,-1
136,32,0,755,126,141,1,-1,-1,-1
136,33,690,685,217,118,1,-1,-1,-1
136,38,1419,680,204,148,1,-1,-1,-1
136,42,1946,790,232,152,1,-1,-1,-1
137,18,1437,1222,183,145,1,-1,-1,-1
137,26,0,738,114,144,1,-1,-1,-1
137,32,0,755,126,141,1,-1,-1,-1
137,33,724,684,164,128,1,-1,-1,-1
137,38,1419,680,204,148,1,-1,-1,-1
137,42,1920,796,236,124,1,-1,-1,-1
138,18,1418,1288,183,145,1,-1,-1,-1
138,33,730,683,164,128,1,-1,-1,-1
138,38,1403,684,204,148,1,-1,-1,-1
138,42,1904,796,236,124,1,-1,-1,-1
139,18,1405,1292,183,145,1,-1,-1,-1
139,33,742,678,172,134,1,-1,-1,-1
139,38,1400,683,204,148,1,-1,-1,-1
139,42,1883,795,248,130,1,-1,-1,-1
140,18,1400,1278,183,145,1,-1,-1,-1
140,33,756,677,172,134,1,-1,-1,-1
140,38,1397,682,204,148,1,-1,-1,-1
140,42,1866,799,248,130,1,-1,-1,-1
141,18,1401,1255,183,145,1,-1,-1,-1
141,33,769,681,164,128,1,-1,-1,-1
141,38,1392,679,204,148,1,-1,-1,-1
141,42,1842,801,248,130,1,-1,-1,-1
142,18,1403,1237,183,145,1,-1,-1,-1
142,33,775,680,164,128,1,-1,-1,-1
142,38,1397,674,214,155,1,-1,-1,-1
142,42,1821,802,248,130,1,-1,-1,-1
143,18,1403,1234,183,145,1,-1,-1,-1
143,33,781,678,164,128,1,-1,-1,-1
143,38,1404,674,214,155,1,-1,-1,-1
143,42,1805,802,248,130,1,-1,-1,-1
144,18,1403,1235,183,145,1,-1,-1,-1
144,33,790,680,156,122,1,-1,-1,-1
144,38,1397,670,225,163,1,-1,-1,-1
144,42,1775,798,260,137,1,-1,-1,-1
145,18,1403,1235,183,145,1,-1,-1,-1
145,33,816,680,128,116,1,-1,-1,-1
145,38,1420,704,200,128,1,-1,-1,-1
145,42,1744,804,240,124,1,-1,-1,-1
145,43,0,780,240,156,1,-1,-1,-1
145,44,1544,672,92,60,1,-1,-1,-1
146,18,1404,1235,183,145,1,-1,-1,-1
146,33,818,680,128,116,1,-1,-1,-1
146,38,1420,704,200,128,1,-1,-1,-1
146,42,1725,810,229,118,1,-1,-1,-1
146,43,18,779,240,156,1,-1,-1,-1
146,44,1547,671,92,60,1,-1,-1,-1
147,18,1407,1238,183,145,1,-1,-1,-1
147,33,824,683,122,110,1,-1,-1,-1
147,38,1420,704,200,128,1,-1,-1,-1
147,42,1705,821,229,118,1,-1,-1,-1
147,43,30,775,252,164,1,-1,-1,-1
147,44,1546,669,97,63,1,-1,-1,-1
148,18,1410,1245,192,152,1,-1,-1,-1
148,33,826,683,122,110,1,-1,-1,-1
148,38,1421,704,200,128,1,-1,-1,-1
148,42,1632,821,240,124,1,-1,-1,-1
148,43,52,764,265,172,1,-1,-1,-1
148,44,1546,671,97,63,1,-1,-1,-1
149,18,1414,1256,192,152,1,-1,-1,-1
149,33,828,682,122,110,1,-1,-1,-1
149,38,1422,704,200,128,1,-1,-1,-1
149,42,1594,821,252,130,1,-1,-1,-1
149,43,57,764,265,172,1,-1,-1,-1
149,44,1547,669,97,63,1,-1,-1,-1
150,18,1415,1264,192,152,1,-1,-1,-1
150,33,830,682,122,110,1,-1,-1,-1
150,38,1425,704,200,128,1,-1,-1,-1
150,42,1565,827,252,130,1,-1,-1,-1
150,44,1548,668,97,63,1,-1,-1,-1
151,18,1416,1265,192,152,1,-1,-1,-1
151,33,832,682,122,110,1,-1,-1,-1
151,38,1426,703,200,128,1,-1,-1,-1
151,42,1509,806,265,137,1,-1,-1,-1
151,44,1551,667,97,63,1,-1,-1,-1
152,18,1418,1261,192,152,1,-1,-1,-1
152,33,833,681,122,110,1,-1,-1,-1
152,38,1427,701,200,128,1,-1,-1,-1
152,42,1464,805,265,137,1,-1,-1,-1
152,44,1554,669,97,63,1,-1,-1,-1
153,18,1418,1261,192,152,1,-1,-1,-1
153,33,844,676,108,120,1,-1,-1,-1
153,38,1428,704,124,116,1,-1,-1,-1
153,42,1416,804,256,132,1,-1,-1,-1
153,44,1554,669,97,63,1,-1,-1,-1
153,45,20,724,220,156,1,-1,-1,-1
153,46,1544,700,88,104,1,-1,-1,-1
153,47,224,732,184,128,1,-1,-1,-1
153,48,1416,652,112,64,1,-1,-1,-1
154,18,1434,1248,192,152,1,-1,-1,-1
154,33,847,677,108,120,1,-1,-1,-1
154,38,1431,703,124,116,1,-1,-1,-1
154,42,1379,803,256,132,1,-1,-1,-1
154,45,35,724,220,156,1,-1,-1,-1
154,46,1544,699,88,104,1,-1,-1,-1
154,47,243,732,184,128,1,-1,-1,-1
154,48,1419,650,112,64,1,-1,-1,-1
155,18,1441,1246,192,152,1,-1,-1,-1
155,33,851,678,108,120,1,-1,-1,-1
155,38,1436,703,124,116,1,-1,-1,-1
155,42,1319,802,256,132,1,-1,-1,-1
155,45,44,721,231,164,1,-1,-1,-1
155,46,1547,698,88,104,1,-1,-1,-1
155,47,251,729,184,128,1,-1,-1,-1
155,48,1425,649,112,64,1,-1,-1,-1
156,18,1449,1244,192,152,1,-1,-1,-1
156,33,853,682,108,120,1,-1,-1,-1
156,38,1440,702,124,116,1,-1,-1,-1
156,42,1262,795,269,139,1,-1,-1,-1
156,45,63,720,243,172,1,-1,-1,-1
156,46,1549,699,88,104,1,-1,-1,-1
156,48,1427,648,112,64,1,-1,-1,-1
157,18,1456,1247,192,152,1,-1,-1,-1
157,33,854,683,108,120,1,-1,-1,-1
157,38,1447,701,124,116,1,-1,-1,-1
157,42,1232,792,269,139,1,-1,-1,-1
157,45,99,721,231,164,1,-1,-1,-1
157,46,1555,702,84,99,1,-1,-1,-1
157,48,1446,645,107,61,1,-1,-1,-1
158,18,1459,1251,192,152,1,-1,-1,-1
158,33,858,687,108,120,1,-1,-1,-1
158,38,1451,700,124,116,1,-1,-1,-1
158,42,1164,779,282,146,1,-1,-1,-1
158,46,1558,705,84,99,1,-1,-1,-1
158,48,1451,645,107,61,1,-1,-1,-1
159,18,1466,1251,192,152,1,-1,-1,-1
159,33,861,688,108,120,1,-1,-1,-1
159,38,1456,699,124,116,1,-1,-1,-1
159,42,1105,772,282,146,1,-1,-1,-1
159,46,1560,706,84,99,1,-1,-1,-1
159,48,1460,646,102,58,1,-1,-1,-1
160,18,1479,1253,192,152,1,-1,-1,-1
160,33,866,690,108,120,1,-1,-1,-1
160,38,1460,700,124,116,1,-1,-1,-1
160,42,1055,769,282,146,1,-1,-1,-1
160,46,1567,707,84,99,1,-1,-1,-1
160,48,1463,646,102,58,1,-1,-1,-1
161,18,1479,1253,192,152,1,-1,-1,-1
161,33,868,684,120,128,1,-1,-1,-1
161,38,1464,700,112,128,1,-1,-1,-1
161,42,1032,768,228,144,1,-1,-1,-1
161,46,1567,707,84,99,1,-1,-1,-1
161,48,1456,640,112,72,1,-1,-1,-1
161,49,1576,672,192,116,1,-1,-1,-1
161,50,1688,696,240,108,1,-1,-1,-1
161,51,184,712,324,124,1,-1,-1,-1
162,18,1494,1247,192,152,1,-1,-1,-1
162,33,875,684,120,128,1,-1,-1,-1
162,38,1467,700,112,128,1,-1,-1,-1
162,42,990,768,228,144,1,-1,-1,-1
162,46,1577,709,84,99,1,-1,-1,-1
162,48,1459,642,112,72,1,-1,-1,-1
162,49,1580,672,192,116,1,-1,-1,-1
162,50,1700,696,240,108,1,-1,-1,-1
162,51,217,711,324,124,1,-1,-1,-1
163,18,1493,1221,192,152,1,-1,-1,-1
163,33,882,683,120,128,1,-1,-1,-1
163,38,1473,702,112,128,1,-1,-1,-1
163,42,961,771,228,144,1,-1,-1,-1
163,46,1582,709,84,99,1,-1,-1,-1
163,48,1462,648,112,72,1,-1,-1,-1
163,49,1584,672,192,116,1,-1,-1,-1
163,50,1701,695,252,113,1,-1,-1,-1
163,51,277,714,309,118,1,-1,-1,-1
164,18,1478,1178,202,160,1,-1,-1,-1
164,33,891,682,120,128,1,-1,-1,-1
164,38,1478,703,112,128,1,-1,-1,-1
164,42,917,763,228,144,1,-1,-1,-1
164,46,1589,710,84,99,1,-1,-1,-1
164,48,1469,650,112,72,1,-1,-1,-1
164,49,1593,675,183,110,1,-1,-1,-1
164,50,1710,698,240,108,1,-1,-1,-1
164,51,307,712,309,118,1,-1,-1,-1
165,18,1474,1125,202,160,1,-1,-1,-1
165,33,900,682,120,128,1,-1,-1,-1
165,38,1485,705,112,128,1,-1,-1,-1
165,42,862,761,239,151,1,-1,-1,-1
165,46,1595,710,84,99,1,-1,-1,-1
165,48,1472,654,112,72,1,-1,-1,-1
165,49,1600,675,183,110,1,-1,-1,-1
165,50,1707,696,252,113,1,-1,-1,-1
166,18,1499,1096,202,160,1,-1,-1,-1
166,33,913,681,120,128,1,-1,-1,-1
166,38,1491,705,112,128,1,-1,-1,-1
166,42,805,750,251,159,1,-1,-1,-1
166,46,1602,711,84,99,1,-1,-1,-1
166,48,1475,655,112,72,1,-1,-1,-1
166,49,1609,677,183,110,1,-1,-1,-1
166,50,1715,698,252,113,1,-1,-1,-1
167,18,1540,1105,202,160,1,-1,-1,-1
167,33,922,682,120,128,1,-1,-1,-1
167,38,1495,706,112,128,1,-1,-1,-1
167,42,757,735,251,159,1,-1,-1,-1
167,46,1611,711,84,99,1,-1,-1,-1
167,48,1476,657,112,72,1,-1,-1,-1
167,49,1619,681,183,110,1,-1,-1,-1
167,50,1733,702,252,113,1,-1,-1,-1
168,18,1569,1140,202,160,1,-1,-1,-1
168,33,930,683,120,128,1,-1,-1,-1
168,38,1500,708,112,128,1,-1,-1,-1
168,42,699,716,251,159,1,-1,-1,-1
168,46,1618,711,84,99,1,-1,-1,-1
168,48,1480,661,107,69,1,-1,-1,-1
168,49,1630,682,183,110,1,-1,-1,-1
168,50,1739,707,252,113,1,-1,-1,-1
169,18,1569,1140,202,160,1,-1,-1,-1
169,33,940,680,172,132,1,-1,-1,-1
169,38,1476,712,152,128,1,-1,-1,-1
169,42,699,716,251,159,1,-1,-1,-1
169,46,1616,712,96,120,1,-1,-1,-1
169,48,1476,660,180,76,1,-1,-1,-1
169,49,1640,688,196,104,1,-1,-1,-1
169,50,1739,707,252,113,1,-1,-1,-1
169,52,1872,724,172,112,1,-1,-1,-1
169,53,64,752,128,144,1,-1,-1,-1
169,54,756,740,132,128,1,-1,-1,-1
169,55,0,784,44,140,1,-1,-1,-1
169,56,452,640,144,156,1,-1,-1,-1
170,18,1561,1199,202,160,1,-1,-1,-1
170,33,953,679,172,132,1,-1,-1,-1
170,38,1482,712,152,128,1,-1,-1,-1
170,42,651,704,251,159,1,-1,-1,-1
170,46,1626,711,96,120,1,-1,-1,-1
170,48,1479,661,180,76,1,-1,-1,-1
170,49,1655,688,196,104,1,-1,-1,-1
170,50,1765,709,252,113,1,-1,-1,-1
170,52,1881,725,172,112,1,-1,-1,-1
170,53,78,752,128,144,1,-1,-1,-1
170,54,732,741,132,128,1,-1,-1,-1
170,55,12,782,44,140,1,-1,-1,-1
170,56,467,640,144,156,1,-1,-1,-1
171,18,1561,1219,202,160,1,-1,-1,-1
171,33,963,675,181,139,1,-1,-1,-1
171,38,1489,712,152,128,1,-1,-1,-1
171,42,665,701,251,159,1,-1,-1,-1
171,46,1634,711,96,120,1,-1,-1,-1
171,48,1486,663,180,76,1,-1,-1,-1
171,49,1669,689,196,104,1,-1,-1,-1
171,52,1892,725,172,112,1,-1,-1,-1
171,53,93,752,128,144,1,-1,-1,-1
171,55,25,780,44,140,1,-1,-1,-1
171,56,483,640,144,156,1,-1,-1,-1
172,18,1579,1240,202,160,1,-1,-1,-1
172,33,975,675,181,139,1,-1,-1,-1
172,38,1494,713,152,128,1,-1,-1,-1
172,46,1642,712,96,120,1,-1,-1,-1
172,48,1487,664,189,80,1,-1,-1,-1
172,49,1681,691,196,104,1,-1,-1,-1
172,52,1898,725,172,112,1,-1,-1,-1
172,53,110,753,128,144,1,-1,-1,-1
172,56,493,643,144,156,1,-1,-1,-1
173,18,1605,1261,202,160,1,-1,-1,-1
173,33,988,676,181,139,1,-1,-1,-1
173,38,1498,713,152,128,1,-1,-1,-1
173,46,1648,711,96,120,1,-1,-1,-1
173,48,1495,664,189,80,1,-1,-1,-1
173,49,1688,691,206,109,1,-1,-1,-1
173,52,1905,723,172,112,1,-1,-1,-1
173,53,128,753,128,144,1,-1,-1,-1
173,56,506,639,151,164,1,-1,-1,-1
174,18,1625,1274,202,160,1,-1,-1,-1
174,33,998,676,181,139,1,-1,-1,-1
174,38,1501,713,152,128,1,-1,-1,-1
174,46,1660,712,96,120,1,-1,-1,-1
174,48,1495,662,198,84,1,-1,-1,-1
174,49,1705,695,206,109,1,-1,-1,-1
174,52,1913,721,172,112,1,-1,-1,-1
174,53,149,752,128,144,1,-1,-1,-1
174,56,513,642,151,164,1,-1,-1,-1
175,18,1641,1274,202,160,1,-1,-1,-1
175,33,1015,676,181,139,1,-1,-1,-1
175,38,1512,714,152,128,1,-1,-1,-1
175,46,1671,714,96,120,1,-1,-1,-1
175,48,1505,659,208,88,1,-1,-1,-1
175,52,1921,721,172,112,1,-1,-1,-1
175,53,165,753,128,144,1,-1,-1,-1
176,18,1657,1259,202,160,1,-1,-1,-1
176,33,1030,678,181,139,1,-1,-1,-1
176,38,1524,715,152,128,1,-1,-1,-1
176,48,1518,658,208,88,1,-1,-1,-1
176,52,1929,724,172,112,1,-1,-1,-1
176,53,177,750,134,151,1,-1,-1,-1
177,18,1657,1259,202,160,1,-1,-1,-1
177,33,984,680,240,132,1,-1,-1,-1
177,38,1540,716,228,128,1,-1,-1,-1
177,48,1518,658,208,88,1,-1,-1,-1
177,52,1940,736,164,104,1,-1,-1,-1
177,53,172,736,156,148,1,-1,-1,-1
177,57,72,732,112,168,1,-1,-1,-1
177,58,492,680,180,132,1,-1,-1,-1
177,59,1780,696,188,128,1,-1,-1,-1
178,18,1696,1210,192,152,1,-1,-1,-1
178,33,1009,683,229,126,1,-1,-1,-1
178,38,1554,717,228,128,1,-1,-1,-1
178,48,1529,658,219,92,1,-1,-1,-1
178,52,1950,740,164,104,1,-1,-1,-1
178,53,189,738,156,148,1,-1,-1,-1
178,57,88,732,112,168,1,-1,-1,-1
178,58,496,682,180,132,1,-1,-1,-1
178,59,1796,697,188,128,1,-1,-1,-1
179,18,1707,1189,192,152,1,-1,-1,-1
179,33,1029,684,229,126,1,-1,-1,-1
179,38,1570,720,228,128,1,-1,-1,-1
179,52,1956,743,164,104,1,-1,-1,-1
179,53,201,736,164,155,1,-1,-1,-1
179,57,103,732,112,168,1,-1,-1,-1
179,58,495,687,180,132,1,-1,-1,-1
179,59,1813,701,188,128,1,-1,-1,-1
180,18,1713,1172,192,152,1,-1,-1,-1
180,33,1046,685,229,126,1,-1,-1,-1
180,38,1584,722,228,128,1,-1,-1,-1
180,52,1966,748,156,99,1,-1,-1,-1
180,53,216,739,164,155,1,-1,-1,-1
180,57,119,734,112,168,1,-1,-1,-1
180,58,503,692,180,132,1,-1,-1,-1
180,59,1831,702,188,128,1,-1,-1,-1
181,18,1725,1169,192,152,1,-1,-1,-1
181,33,1066,686,229,126,1,-1,-1,-1
181,38,1598,722,239,134,1,-1,-1,-1
181,52,1983,752,149,94,1,-1,-1,-1
181,53,229,739,164,155,1,-1,-1,-1
181,57,132,732,112,168,1,-1,-1,-1
181,59,1845,705,188,128,1,-1,-1,-1
182,18,1741,1178,192,152,1,-1,-1,-1
182,33,1091,687,229,126,1,-1,-1,-1
182,38,1608,725,239,134,1,-1,-1,-1
182,52,1993,753,149,94,1,-1,-1,-1
182,53,245,740,164,155,1,-1,-1,-1
182,57,144,733,112,168,1,-1,-1,-1
182,59,1858,705,188,128,1,-1,-1,-1
183,18,1759,1197,192,152,1,-1,-1,-1
183,33,1113,681,240,132,1,-1,-1,-1
183,38,1638,726,239,134,1,-1,-1,-1
183,52,2000,755,149,94,1,-1,-1,-1
183,53,259,740,164,155,1,-1,-1,-1
183,57,156,734,112,168,1,-1,-1,-1
183,59,1864,704,188,128,1,-1,-1,-1
184,18,1780,1211,192,152,1,-1,-1,-1
184,33,1139,678,240,132,1,-1,-1,-1
184,38,1682,725,228,128,1,-1,-1,-1
184,52,2003,754,156,99,1,-1,-1,-1
184,53,273,740,164,155,1,-1,-1,-1
184,57,165,735,112,168,1,-1,-1,-1
184,59,1870,704,188,128,1,-1,-1,-1
185,18,1780,1211,192,152,1,-1,-1,-1
185,33,1139,678,240,132,1,-1,-1,-1
185,38,1682,725,228,128,1,-1,-1,-1
185,52,2003,754,156,99,1,-1,-1,-1
185,53,273,740,164,155,1,-1,-1,-1
185,57,165,735,112,168,1,-1,-1,-1
185,59,1870,704,188,128,1,-1,-1,-1
185,60,1784,724,200,140,1,-1,-1,-1
185,61,500,648,136,180,1,-1,-1,-1
185,62,676,684,212,132,1,-1,-1,-1
186,18,1814,1237,192,152,1,-1,-1,-1
186,33,1190,676,240,132,1,-1,-1,-1
186,38,1702,723,228,128,1,-1,-1,-1
186,53,299,742,164,155,1,-1,-1,-1
186,57,179,735,112,168,1,-1,-1,-1
186,60,1802,723,200,140,1,-1,-1,-1
186,61,509,653,136,180,1,-1,-1,-1
186,62,680,685,212,132,1,-1,-1,-1
187,18,1819,1254,192,152,1,-1,-1,-1
187,33,1212,679,240,132,1,-1,-1,-1
187,38,1722,720,228,128,1,-1,-1,-1
187,53,310,744,164,155,1,-1,-1,-1
187,57,184,736,112,168,1,-1,-1,-1
187,60,1829,723,200,140,1,-1,-1,-1
187,61,516,659,136,180,1,-1,-1,-1
187,62,687,687,212,132,1,-1,-1,-1
188,18,1820,1259,192,152,1,-1,-1,-1
188,33,1239,683,229,126,1,-1,-1,-1
188,53,319,746,164,155,1,-1,-1,-1
188,57,193,738,112,168,1,-1,-1,-1
188,60,1865,726,200,140,1,-1,-1,-1
188,61,516,660,136,180,1,-1,-1,-1
188,62,694,687,212,132,1,-1,-1,-1
189,18,1831,1258,192,152,1,-1,-1,-1
189,33,1265,687,218,120,1,-1,-1,-1
189,53,322,747,164,155,1,-1,-1,-1
189,57,200,742,112,168,1,-1,-1,-1
189,60,1899,727,190,133,1,-1,-1,-1
189,62,704,683,212,132,1,-1,-1,-1
190,18,1852,1261,192,152,1,-1,-1,-1
190,33,1288,684,218,120,1,-1,-1,-1
190,53,331,753,164,155,1,-1,-1,-1
190,57,209,742,112,168,1,-1,-1,-1
190,62,707,681,212,132,1,-1,-1,-1
191,18,1871,1271,192,152,1,-1,-1,-1
191,33,1305,679,229,126,1,-1,-1,-1
191,53,330,757,164,155,1,-1,-1,-1
191,57,218,744,112,168,1,-1,-1,-1
191,62,713,681,212,132,1,-1,-1,-1
192,18,1877,1274,192,152,1,-1,-1,-1
192,33,1321,685,229,126,1,-1,-1,-1
192,53,333,758,164,155,1,-1,-1,-1
192,57,223,743,118,176,1,-1,-1,-1
192,62,711,680,223,139,1,-1,-1,-1
193,18,1877,1274,192,152,1,-1,-1,-1
193,33,1321,685,229,126,1,-1,-1,-1
193,53,333,758,164,155,1,-1,-1,-1
193,57,223,743,118,176,1,-1,-1,-1
193,62,700,720,224,100,1,-1,-1,-1
193,63,548,752,212,88,1,-1,-1,-1
193,64,1688,740,212,96,1,-1,-1,-1
194,18,1878,1265,192,152,1,-1,-1,-1
194,33,1353,690,229,126,1,-1,-1,-1
194,53,337,766,156,148,1,-1,-1,-1
194,57,239,744,118,176,1,-1,-1,-1
194,62,702,718,224,100,1,-1,-1,-1
194,63,563,752,212,88,1,-1,-1,-1
194,64,1689,740,212,96,1,-1,-1,-1
195,18,1882,1264,192,152,1,-1,-1,-1
195,33,1365,691,240,132,1,-1,-1,-1
195,53,340,762,156,148,1,-1,-1,-1
195,57,244,746,118,176,1,-1,-1,-1
195,62,703,718,224,100,1,-1,-1,-1
195,63,574,750,223,92,1,-1,-1,-1
195,64,1688,741,212,96,1,-1,-1,-1
196,18,1886,1263,192,152,1,-1,-1,-1
196,33,1380,696,229,126,1,-1,-1,-1
196,53,343,761,149,141,1,-1,-1,-1
196,57,251,747,118,176,1,-1,-1,-1
196,62,695,712,235,105,1,-1,-1,-1
196,63,589,747,234,97,1,-1,-1,-1
196,64,1688,741,212,96,1,-1,-1,-1
197,18,1893,1265,192,152,1,-1,-1,-1
197,33,1396,695,229,126,1,-1,-1,-1
197,53,343,756,149,141,1,-1,-1,-1
197,57,256,748,118,176,1,-1,-1,-1
197,62,701,712,224,100,1,-1,-1,-1
197,63,604,742,245,102,1,-1,-1,-1
197,64,1687,740,212,96,1,-1,-1,-1
198,18,1895,1270,192,152,1,-1,-1,-1
198,33,1407,688,240,132,1,-1,-1,-1
198,57,262,748,118,176,1,-1,-1,-1
198,62,690,710,235,105,1,-1,-1,-1
198,63,615,739,258,107,1,-1,-1,-1
198,64,1687,740,212,96,1,-1,-1,-1
199,18,1893,1270,192,152,1,-1,-1,-1
199,57,266,744,118,176,1,-1,-1,-1
199,62,670,709,247,110,1,-1,-1,-1
199,63,631,737,245,102,1,-1,-1,-1
199,64,1686,741,212,96,1,-1,-1,-1
200,18,1884,1254,192,152,1,-1,-1,-1
200,57,274,744,118,176,1,-1,-1,-1
200,62,659,715,247,110,1,-1,-1,-1
200,63,651,730,245,102,1,-1,-1,-1
200,64,1683,740,212,96,1,-1,-1,-1
201,18,1884,1254,192,152,1,-1,-1,-1
201,57,274,744,118,176,1,-1,-1,-1
201,62,652,712,248,116,1,-1,-1,-1
201,63,651,730,245,102,1,-1,-1,-1
201,64,1724,748,160,88,1,-1,-1,-1
201,65,1956,732,172,108,1,-1,-1,-1
201,66,1384,660,156,132,1,-1,-1,-1
201,67,2068,736,256,152,1,-1,-1,-1
201,68,1656,688,120,56,1,-1,-1,-1
201,69,1532,716,172,100,1,-1,-1,-1
202,18,1864,1182,192,152,1,-1,-1,-1
202,57,276,747,118,176,1,-1,-1,-1
202,62,657,711,248,116,1,-1,-1,-1
202,63,670,734,245,102,1,-1,-1,-1
202,64,1721,749,160,88,1,-1,-1,-1
202,65,1957,732,172,108,1,-1,-1,-1
202,66,1384,659,156,132,1,-1,-1,-1
202,67,2070,737,256,152,1,-1,-1,-1
202,68,1658,688,120,56,1,-1,-1,-1
202,69,1545,716,172,100,1,-1,-1,-1
203,18,1876,1141,192,152,1,-1,-1,-1
203,57,280,746,118,176,1,-1,-1,-1
203,62,657,705,260,122,1,-1,-1,-1
203,64,1716,748,160,88,1,-1,-1,-1
203,65,1959,732,172,108,1,-1,-1,-1
203,66,1384,659,156,132,1,-1,-1,-1
203,67,2073,739,256,152,1,-1,-1,-1
203,68,1662,687,120,56,1,-1,-1,-1
203,69,1562,718,172,100,1,-1,-1,-1
204,18,1894,1126,192,152,1,-1,-1,-1
204,57,283,749,118,176,1,-1,-1,-1
204,62,653,701,260,122,1,-1,-1,-1
204,64,1703,744,160,88,1,-1,-1,-1
204,65,1961,732,172,108,1,-1,-1,-1
204,66,1385,660,156,132,1,-1,-1,-1
204,67,2075,740,256,152,1,-1,-1,-1
204,68,1662,687,120,56,1,-1,-1,-1
204,69,1577,718,181,105,1,-1,-1,-1
205,18,1900,1143,192,152,1,-1,-1,-1
205,57,284,752,118,176,1,-1,-1,-1
205,62,651,696,273,128,1,-1,-1,-1
205,64,1705,742,160,88,1,-1,-1,-1
205,65,1963,732,172,108,1,-1,-1,-1
205,66,1385,660,156,132,1,-1,-1,-1
205,67,2075,741,256,152,1,-1,-1,-1
205,68,1663,688,126,59,1,-1,-1,-1
205,69,1588,722,181,105,1,-1,-1,-1
206,18,1898,1178,192,152,1,-1,-1,-1
206,57,283,758,118,176,1,-1,-1,-1
206,62,651,695,273,128,1,-1,-1,-1
206,65,1964,733,172,108,1,-1,-1,-1
206,66,1382,661,156,132,1,-1,-1,-1
206,67,2075,741,256,152,1,-1,-1,-1
206,68,1666,689,126,59,1,-1,-1,-1
206,69,1596,723,181,105,1,-1,-1,-1
207,18,1898,1218,192,152,1,-1,-1,-1
207,57,280,761,118,176,1,-1,-1,-1
207,62,670,686,287,134,1,-1,-1,-1
207,65,1965,733,172,108,1,-1,-1,-1
207,66,1382,661,156,132,1,-1,-1,-1
207,67,2078,741,256,152,1,-1,-1,-1
207,69,1609,726,190,110,1,-1,-1,-1
208,18,1901,1253,192,152,1,-1,-1,-1
208,57,276,761,118,176,1,-1,-1,-1
208,65,1965,732,172,108,1,-1,-1,-1
208,66,1381,663,156,132,1,-1,-1,-1
208,67,2074,740,256,152,1,-1,-1,-1
208,69,1620,728,190,110,1,-1,-1,-1
209,18,1901,1253,192,152,1,-1,-1,-1
209,57,276,761,118,176,1,-1,-1,-1
209,65,1964,724,156,112,1,-1,-1,-1
209,66,1372,668,164,128,1,-1,-1,-1
209,67,2064,764,236,124,1,-1,-1,-1
209,69,1600,724,252,120,1,-1,-1,-1
209,70,760,728,264,108,1,-1,-1,-1
209,71,192,796,208,124,1,-1,-1,-1
209,72,584,708,216,116,1,-1,-1,-1
209,73,192,732,232,100,1,-1,-1,-1
210,18,1901,1292,192,148,1,-1,-1,-1
210,57,275,758,118,176,1,-1,-1,-1
210,65,1963,724,156,112,1,-1,-1,-1
210,66,1371,668,164,128,1,-1,-1,-1
210,67,2065,763,236,124,1,-1,-1,-1
210,69,1606,724,252,120,1,-1,-1,-1
210,70,768,728,264,108,1,-1,-1,-1
210,71,191,796,208,124,1,-1,-1,-1
210,72,579,708,216,116,1,-1,-1,-1
210,73,193,731,232,100,1,-1,-1,-1
211,18,1896,1295,192,145,1,-1,-1,-1
211,57,276,758,118,176,1,-1,-1,-1
211,65,1963,725,156,112,1,-1,-1,-1
211,66,1370,669,164,128,1,-1,-1,-1
211,67,2067,764,236,124,1,-1,-1,-1
211,69,1626,725,252,120,1,-1,-1,-1
211,70,788,725,264,108,1,-1,-1,-1
211,71,192,797,208,124,1,-1,-1,-1
211,72,575,709,216,116,1,-1,-1,-1
211,73,193,732,232,100,1,-1,-1,-1
212,18,1892,1285,192,152,1,-1,-1,-1
212,57,276,758,118,176,1,-1,-1,-1
212,65,1963,726,156,112,1,-1,-1,-1
212,66,1368,671,164,128,1,-1,-1,-1
212,67,2069,765,236,124,1,-1,-1,-1
212,69,1655,728,240,114,1,-1,-1,-1
212,70,817,721,264,108,1,-1,-1,-1
212,71,192,798,208,124,1,-1,-1,-1
212,72,569,707,216,116,1,-1,-1,-1
212,73,195,733,232,100,1,-1,-1,-1
213,18,1896,1270,192,152,1,-1,-1,-1
213,57,276,756,118,176,1,-1,-1,-1
213,65,1962,726,156,112,1,-1,-1,-1
213,66,1365,674,164,128,1,-1,-1,-1
213,67,2069,766,236,124,1,-1,-1,-1
213,69,1676,734,229,109,1,-1,-1,-1
213,70,818,718,277,113,1,-1,-1,-1
213,71,192,798,208,124,1,-1,-1,-1
213,72,565,706,216,116,1,-1,-1,-1
213,73,191,731,244,105,1,-1,-1,-1
214,18,1905,1264,192,152,1,-1,-1,-1
214,57,281,755,118,176,1,-1,-1,-1
214,65,1960,725,156,112,1,-1,-1,-1
214,66,1363,678,164,128,1,-1,-1,-1
214,67,2070,763,248,130,1,-1,-1,-1
214,69,1669,732,229,109,1,-1,-1,-1
214,70,842,717,264,108,1,-1,-1,-1
214,71,194,796,208,124,1,-1,-1,-1
214,72,555,706,216,116,1,-1,-1,-1
214,73,192,731,244,105,1,-1,-1,-1
215,18,1907,1260,202,160,1,-1,-1,-1
215,57,283,756,118,176,1,-1,-1,-1
215,65,1960,725,156,112,1,-1,-1,-1
215,66,1366,682,164,128,1,-1,-1,-1
215,67,2085,769,236,124,1,-1,-1,-1
215,69,1682,734,229,109,1,-1,-1,-1
215,70,846,714,277,113,1,-1,-1,-1
215,71,195,795,208,124,1,-1,-1,-1
215,72,550,706,216,116,1,-1,-1,-1
215,73,196,733,244,105,1,-1,-1,-1
216,18,1910,1262,202,160,1,-1,-1,-1
216,57,283,758,118,176,1,-1,-1,-1
216,65,1959,724,156,112,1,-1,-1,-1
216,66,1368,683,164,128,1,-1,-1,-1
216,67,2108,772,236,124,1,-1,-1,-1
216,69,1695,736,229,109,1,-1,-1,-1
216,70,869,713,277,113,1,-1,-1,-1
216,71,189,792,218,130,1,-1,-1,-1
216,72,546,707,216,116,1,-1,-1,-1
216,73,194,733,244,105,1,-1,-1,-1
217,18,1910,1262,202,160,1,-1,-1,-1
217,57,283,758,118,176,1,-1,-1,-1
217,65,1964,728,136,100,1,-1,-1,-1
217,66,1380,696,160,112,1,-1,-1,-1
217,67,2140,764,280,128,1,-1,-1,-1
217,69,1732,720,180,120,1,-1,-1,-1
217,70,944,724,192,108,1,-1,-1,-1
217,71,164,784,248,160,1,-1,-1,-1
217,72,556,704,216,124,1,-1,-1,-1
217,73,194,733,244,105,1,-1,-1,-1
217,74,1652,688,168,112,1,-1,-1,-1
217,75,2068,724,184,152,1,-1,-1,-1
217,76,260,756,224,148,1,-1,-1,-1
217,77,1524,704,104,96,1,-1,-1,-1
218,18,1911,1278,202,160,1,-1,-1,-1
218,57,288,762,112,168,1,-1,-1,-1
218,65,1965,727,136,100,1,-1,-1,-1
218,66,1383,696,160,112,1,-1,-1,-1
218,67,2147,766,280,128,1,-1,-1,-1
218,69,1737,719,180,120,1,-1,-1,-1
218,70,950,725,192,108,1,-1,-1,-1
218,71,166,784,248,160,1,-1,-1,-1
218,72,555,705,216,124,1,-1,-1,-1
218,73,201,736,232,100,1,-1,-1,-1
218,74,1654,687,168,112,1,-1,-1,-1
218,75,2069,725,184,152,1,-1,-1,-1
218,76,263,757,224,148,1,-1,-1,-1
218,77,1520,702,104,96,1,-1,-1,-1
219,18,1910,1275,202,160,1,-1,-1,-1
219,57,292,761,112,168,1,-1,-1,-1
219,65,1966,726,136,100,1,-1,-1,-1
219,66,1390,698,160,112,1,-1,-1,-1
219,67,2152,766,280,128,1,-1,-1,-1
219,69,1735,716,189,126,1,-1,-1,-1
219,70,954,724,192,108,1,-1,-1,-1
219,71,167,784,248,160,1,-1,-1,-1
219,72,553,705,216,124,1,-1,-1,-1
219,73,206,736,232,100,1,-1,-1,-1
219,74,1655,687,168,112,1,-1,-1,-1
219,75,2071,725,184,152,1,-1,-1,-1
219,76,268,758,224,148,1,-1,-1,-1
219,77,1515,700,104,96,1,-1,-1,-1
220,18,1909,1272,202,160,1,-1,-1,-1
220,57,296,761,112,168,1,-1,-1,-1
220,65,1969,725,136,100,1,-1,-1,-1
220,66,1395,700,160,112,1,-1,-1,-1
220,67,2169,766,280,128,1,-1,-1,-1
220,69,1740,715,189,126,1,-1,-1,-1
220,70,962,724,192,108,1,-1,-1,-1
220,71,169,785,248,160,1,-1,-1,-1
220,72,552,705,216,124,1,-1,-1,-1
220,74,1650,684,176,118,1,-1,-1,-1
220,75,2067,730,184,152,1,-1,-1,-1
220,76,271,759,224,148,1,-1,-1,-1
220,77,1507,696,104,96,1,-1,-1,-1
221,18,1912,1276,202,160,1,-1,-1,-1
221,57,299,760,112,168,1,-1,-1,-1
221,65,1969,725,136,100,1,-1,-1,-1
221,67,2191,769,280,128,1,-1,-1,-1
221,69,1741,714,189,126,1,-1,-1,-1
221,70,969,725,183,103,1,-1,-1,-1
221,71,170,786,248,160,1,-1,-1,-1
221,72,551,705,216,124,1,-1,-1,-1
221,74,1645,685,176,118,1,-1,-1,-1
221,75,2060,729,184,152,1,-1,-1,-1
221,76,274,759,224,148,1,-1,-1,-1
221,77,1504,690,109,101,1,-1,-1,-1
222,18,1916,1292,202,148,1,-1,-1,-1
222,57,299,760,112,168,1,-1,-1,-1
222,65,1973,726,136,100,1,-1,-1,-1
222,67,2216,771,280,128,1,-1,-1,-1
222,69,1744,714,189,126,1,-1,-1,-1
222,70,976,723,174,98,1,-1,-1,-1
222,71,170,788,248,160,1,-1,-1,-1
222,72,548,705,216,124,1,-1,-1,-1
222,74,1644,687,176,118,1,-1,-1,-1
222,75,2060,736,184,152,1,-1,-1,-1
222,76,277,759,224,148,1,-1,-1,-1
222,77,1500,687,109,101,1,-1,-1,-1
223,18,1916,1298,202,142,1,-1,-1,-1
223,57,301,760,112,168,1,-1,-1,-1
223,65,1976,724,136,100,1,-1,-1,-1
223,67,2222,773,280,128,1,-1,-1,-1
223,69,1745,712,189,126,1,-1,-1,-1
223,71,170,790,248,160,1,-1,-1,-1
223,72,544,705,216,124,1,-1,-1,-1
223,74,1642,688,176,118,1,-1,-1,-1
223,75,2075,746,175,145,1,-1,-1,-1
223,76,277,760,224,148,1,-1,-1,-1
223,77,1493,684,109,101,1,-1,-1,-1
224,18,1912,1298,202,142,1,-1,-1,-1
224,57,304,760,112,168,1,-1,-1,-1
224,65,1976,721,143,105,1,-1,-1,-1
224,67,2235,776,267,122,1,-1,-1,-1
224,69,1747,710,189,126,1,-1,-1,-1
224,71,168,790,248,160,1,-1,-1,-1
224,72,539,704,216,124,1,-1,-1,-1
224,74,1640,688,176,118,1,-1,-1,-1
224,75,2080,752,175,145,1,-1,-1,-1
224,76,278,760,224,148,1,-1,-1,-1
224,77,1494,683,109,101,1,-1,-1,-1
225,18,1912,1298,202,142,1,-1,-1,-1
225,57,304,760,112,168,1,-1,-1,-1
225,65,1976,721,143,105,1,-1,-1,-1
225,67,2252,776,236,116,1,-1,-1,-1
225,69,1784,740,128,100,1,-1,-1,-1
225,71,136,788,292,140,1,-1,-1,-1
225,72,516,700,240,128,1,-1,-1,-1
225,74,1636,688,200,120,1,-1,-1,-1
225,75,1992,740,264,140,1,-1,-1,-1
225,76,278,760,224,148,1,-1,-1,-1
225,77,1494,683,109,101,1,-1,-1,-1
225,78,1036,700,80,128,1,-1,-1,-1
225,79,1440,712,144,112,1,-1,-1,-1
226,18,1911,1283,202,157,1,-1,-1,-1
226,57,305,760,112,168,1,-1,-1,-1
226,65,1976,722,143,105,1,-1,-1,-1
226,67,2251,776,236,116,1,-1,-1,-1
226,69,1786,740,128,100,1,-1,-1,-1
226,71,135,789,292,140,1,-1,-1,-1
226,72,515,700,240,128,1,-1,-1,-1
226,74,1636,688,200,120,1,-1,-1,-1
226,75,1992,740,264,140,1,-1,-1,-1
226,76,279,760,224,148,1,-1,-1,-1
226,78,1040,701,80,128,1,-1,-1,-1
226,79,1448,714,144,112,1,-1,-1,-1
227,18,1916,1280,202,160,1,-1,-1,-1
227,57,306,760,112,168,1,-1,-1,-1
227,65,1981,723,143,105,1,-1,-1,-1
227,67,2249,775,236,116,1,-1,-1,-1
227,69,1789,741,128,100,1,-1,-1,-1
227,71,133,789,292,140,1,-1,-1,-1
227,72,512,700,240,128,1,-1,-1,-1
227,74,1638,688,200,120,1,-1,-1,-1
227,75,1992,741,264,140,1,-1,-1,-1
227,76,281,760,224,148,1,-1,-1,-1
227,78,1039,695,84,134,1,-1,-1,-1
227,79,1451,715,144,112,1,-1,-1,-1
228,18,1919,1283,202,157,1,-1,-1,-1
228,57,305,758,112,168,1,-1,-1,-1
228,65,1979,724,143,105,1,-1,-1,-1
228,67,2245,773,236,116,1,-1,-1,-1
228,69,1791,741,128,100,1,-1,-1,-1
228,71,131,790,292,140,1,-1,-1,-1
228,72,507,702,240,128,1,-1,-1,-1
228,74,1641,688,200,120,1,-1,-1,-1
228,75,1996,742,264,140,1,-1,-1,-1
228,76,281,760,224,148,1,-1,-1,-1
228,78,1034,694,88,141,1,-1,-1,-1
228,79,1449,714,144,112,1,-1,-1,-1
229,18,1925,1295,202,145,1,-1,-1,-1
229,57,305,759,112,168,1,-1,-1,-1
229,65,1983,722,143,105,1,-1,-1,-1
229,67,2246,774,225,110,1,-1,-1,-1
229,69,1795,742,128,100,1,-1,-1,-1
229,71,131,792,292,140,1,-1,-1,-1
229,72,502,702,240,128,1,-1,-1,-1
229,74,1643,688,200,120,1,-1,-1,-1
229,75,1998,742,264,140,1,-1,-1,-1
229,76,282,760,224,148,1,-1,-1,-1
229,78,1032,696,88,141,1,-1,-1,-1
229,79,1474,713,144,112,1,-1,-1,-1
230,18,1931,1300,202,140,1,-1,-1,-1
230,57,304,759,112,168,1,-1,-1,-1
230,65,1986,721,143,105,1,-1,-1,-1
230,67,2241,774,225,110,1,-1,-1,-1
230,69,1798,742,128,100,1,-1,-1,-1
230,71,122,791,307,147,1,-1,-1,-1
230,72,493,702,240,128,1,-1,-1,-1
230,74,1644,687,200,120,1,-1,-1,-1
230,75,2001,741,264,140,1,-1,-1,-1
230,76,283,762,224,148,1,-1,-1,-1
230,78,1036,702,84,134,1,-1,-1,-1
231,18,1936,1298,202,142,1,-1,-1,-1
231,65,1989,722,143,105,1,-1,-1,-1
231,67,2234,774,225,110,1,-1,-1,-1
231,69,1796,739,134,105,1,-1,-1,-1
231,71,137,793,292,140,1,-1,-1,-1
231,72,484,703,240,128,1,-1,-1,-1
231,74,1647,686,200,120,1,-1,-1,-1
231,75,2002,740,264,140,1,-1,-1,-1
231,76,287,763,224,148,1,-1,-1,-1
231,78,1033,699,88,141,1,-1,-1,-1
232,18,1940,1294,202,146,1,-1,-1,-1
232,65,1990,722,143,105,1,-1,-1,-1
232,67,2229,773,225,110,1,-1,-1,-1
232,69,1797,739,134,105,1,-1,-1,-1
232,71,136,792,292,140,1,-1,-1,-1
232,72,484,709,229,122,1,-1,-1,-1
232,74,1654,686,200,120,1,-1,-1,-1
232,75,2002,740,264,140,1,-1,-1,-1
232,76,281,761,235,155,1,-1,-1,-1
232,78,1033,702,88,141,1,-1,-1,-1
233,18,1940,1294,202,146,1,-1,-1,-1
233,65,1990,722,143,105,1,-1,-1,-1
233,67,2220,760,216,132,1,-1,-1,-1
233,69,1836,732,88,108,1,-1,-1,-1
233,71,116,792,296,124,1,-1,-1,-1
233,72,484,724,232,108,1,-1,-1,-1
233,74,1680,692,172,100,1,-1,-1,-1
233,75,2016,740,232,144,1,-1,-1,-1
233,76,308,776,228,144,1,-1,-1,-1
233,78,1033,702,88,141,1,-1,-1,-1
233,80,940,716,212,120,1,-1,-1,-1
233,81,1560,724,280,116,1,-1,-1,-1
233,82,1512,716,80,92,1,-1,-1,-1
234,18,1942,1294,202,146,1,-1,-1,-1
234,65,1994,721,143,105,1,-1,-1,-1
234,67,2218,760,216,132,1,-1,-1,-1
234,69,1838,731,88,108,1,-1,-1,-1
234,71,114,793,296,124,1,-1,-1,-1
234,72,485,724,232,108,1,-1,-1,-1
234,74,1688,693,172,100,1,-1,-1,-1
234,75,2016,741,232,144,1,-1,-1,-1
234,76,308,777,228,144,1,-1,-1,-1
234,78,1033,703,88,141,1,-1,-1,-1
234,80,937,715,212,120,1,-1,-1,-1
234,81,1572,726,280,116,1,-1,-1,-1
234,82,1513,717,80,92,1,-1,-1,-1
235,18,1943,1293,202,147,1,-1,-1,-1
235,65,1994,722,143,105,1,-1,-1,-1
235,67,2215,760,216,132,1,-1,-1,-1
235,69,1841,731,88,108,1,-1,-1,-1
235,71,112,794,296,124,1,-1,-1,-1
235,72,485,724,232,108,1,-1,-1,-1
235,74,1690,693,172,100,1,-1,-1,-1
235,75,2015,742,232,144,1,-1,-1,-1
235,76,308,777,228,144,1,-1,-1,-1
235,78,1033,705,88,141,1,-1,-1,-1
235,80,928,716,212,120,1,-1,-1,-1
235,81,1582,729,280,116,1,-1,-1,-1
235,82,1515,717,80,92,1,-1,-1,-1
236,18,1944,1287,202,153,1,-1,-1,-1
236,65,1998,721,143,105,1,-1,-1,-1
236,67,2213,759,216,132,1,-1,-1,-1
236,69,1840,728,88,108,1,-1,-1,-1
236,71,112,793,296,124,1,-1,-1,-1
236,72,486,724,232,108,1,-1,-1,-1
236,74,1701,695,164,95,1,-1,-1,-1
236,75,2016,742,232,144,1,-1,-1,-1
236,76,309,776,228,144,1,-1,-1,-1
236,80,917,714,212,120,1,-1,-1,-1
236,81,1634,726,294,122,1,-1,-1,-1
236,82,1517,717,80,92,1,-1,-1,-1
237,18,1944,1276,202,160,1,-1,-1,-1
237,65,1999,721,143,105,1,-1,-1,-1
237,67,2211,759,216,132,1,-1,-1,-1
237,71,111,789,296,124,1,-1,-1,-1
237,72,486,724,232,108,1,-1,-1,-1
237,75,2015,742,232,144,1,-1,-1,-1
237,76,308,775,228,144,1,-1,-1,-1
237,80,900,714,212,120,1,-1,-1,-1
237,81,1682,727,309,128,1,-1,-1,-1
237,82,1519,717,80,92,1,-1,-1,-1
238,18,1946,1273,202,160,1,-1,-1,-1
238,65,1999,721,143,105,1,-1,-1,-1
238,67,2206,760,216,132,1,-1,-1,-1
238,71,115,791,282,118,1,-1,-1,-1
238,72,488,724,232,108,1,-1,-1,-1
238,75,2018,745,221,137,1,-1,-1,-1
238,76,306,774,228,144,1,-1,-1,-1
238,80,862,713,212,120,1,-1,-1,-1
238,81,1721,729,294,122,1,-1,-1,-1
238,82,1520,719,80,92,1,-1,-1,-1
239,18,1947,1274,202,160,1,-1,-1,-1
239,67,2193,756,227,139,1,-1,-1,-1
239,71,105,790,296,124,1,-1,-1,-1
239,72,490,723,232,108,1,-1,-1,-1
239,75,2016,744,221,137,1,-1,-1,-1
239,76,306,775,228,144,1,-1,-1,-1
239,80,835,710,223,126,1,-1,-1,-1
239,81,1752,731,294,122,1,-1,-1,-1
239,82,1519,720,80,92,1,-1,-1,-1
240,18,1946,1277,202,160,1,-1,-1,-1
240,67,2190,755,227,139,1,-1,-1,-1
240,71,100,794,296,124,1,-1,-1,-1
240,72,492,723,232,108,1,-1,-1,-1
240,75,2015,745,221,137,1,-1,-1,-1
240,76,304,776,228,144,1,-1,-1,-1
240,80,821,713,212,120,1,-1,-1,-1
240,82,1519,720,80,92,1,-1,-1,-1
241,18,1946,1277,202,160,1,-1,-1,-1
241,67,2164,760,220,132,1,-1,-1,-1
241,71,88,804,296,136,1,-1,-1,-1
241,72,512,724,208,116,1,-1,-1,-1
241,75,2000,732,200,144,1,-1,-1,-1
241,76,316,776,216,144,1,-1,-1,-1
241,80,784,720,220,104,1,-1,-1,-1
241,82,1508,708,76,104,1,-1,-1,-1
241,83,1720,708,144,112,1,-1,-1,-1
241,84,1844,748,196,120,1,-1,-1,-1
242,18,1947,1286,202,154,1,-1,-1,-1
242,67,2160,759,220,132,1,-1,-1,-1
242,71,88,802,296,136,1,-1,-1,-1
242,72,513,724,208,116,1,-1,-1,-1
242,75,1997,731,200,144,1,-1,-1,-1
242,76,316,776,216,144,1,-1,-1,-1
242,80,770,719,220,104,1,-1,-1,-1
242,82,1507,708,76,104,1,-1,-1,-1
242,83,1720,708,144,112,1,-1,-1,-1
242,84,1851,748,196,120,1,-1,-1,-1
243,18,1949,1287,202,153,1,-1,-1,-1
243,67,2157,757,220,132,1,-1,-1,-1
243,71,87,799,296,136,1,-1,-1,-1
243,72,515,725,208,116,1,-1,-1,-1
243,75,1993,730,200,144,1,-1,-1,-1
243,76,315,776,216,144,1,-1,-1,-1
243,80,749,716,231,109,1,-1,-1,-1
243,82,1507,709,76,104,1,-1,-1,-1
243,83,1719,708,144,112,1,-1,-1,-1
243,84,1852,748,196,120,1,-1,-1,-1
244,18,1950,1288,202,152,1,-1,-1,-1
244,67,2155,757,220,132,1,-1,-1,-1
244,71,87,800,296,136,1,-1,-1,-1
244,72,516,725,208,116,1,-1,-1,-1
244,75,1991,730,200,144,1,-1,-1,-1
244,76,315,777,216,144,1,-1,-1,-1
244,80,734,718,220,104,1,-1,-1,-1
244,82,1506,710,76,104,1,-1,-1,-1
244,83,1719,709,144,112,1,-1,-1,-1
245,18,1952,1292,202,148,1,-1,-1,-1
245,67,2154,756,220,132,1,-1,-1,-1
245,71,86,804,296,136,1,-1,-1,-1
245,72,516,725,208,116,1,-1,-1,-1
245,75,1984,726,210,151,1,-1,-1,-1
245,76,313,778,216,144,1,-1,-1,-1
245,80,706,713,231,109,1,-1,-1,-1
245,82,1505,710,76,104,1,-1,-1,-1
245,83,1718,709,144,112,1,-1,-1,-1
246,18,1955,1297,202,143,1,-1,-1,-1
246,67,2154,757,220,132,1,-1,-1,-1
246,71,83,808,296,136,1,-1,-1,-1
246,72,521,729,198,110,1,-1,-1,-1
246,75,1987,727,210,151,1,-1,-1,-1
246,76,311,780,216,144,1,-1,-1,-1
246,80,687,714,231,109,1,-1,-1,-1
246,82,1503,710,76,104,1,-1,-1,-1
246,83,1718,710,144,112,1,-1,-1,-1
247,18,1957,1298,202,142,1,-1,-1,-1
247,67,2155,758,220,132,1,-1,-1,-1
247,71,83,809,296,136,1,-1,-1,-1
247,72,520,729,198,110,1,-1,-1,-1
247,75,1986,727,210,151,1,-1,-1,-1
247,76,310,781,216,144,1,-1,-1,-1
247,80,662,718,231,109,1,-1,-1,-1
247,82,1501,710,76,104,1,-1,-1,-1
247,83,1716,711,144,112,1,-1,-1,-1
248,18,1958,1297,202,143,1,-1,-1,-1
248,67,2158,759,220,132,1,-1,-1,-1
248,71,82,805,296,136,1,-1,-1,-1
248,72,520,730,198,110,1,-1,-1,-1
248,75,1989,729,210,151,1,-1,-1,-1
248,76,308,782,216,144,1,-1,-1,-1
248,80,635,719,231,109,1,-1,-1,-1
248,82,1502,712,76,104,1,-1,-1,-1
248,83,1715,712,144,112,1,-1,-1,-1
249,18,1958,1297,202,143,1,-1,-1,-1
249,67,2144,764,232,128,1,-1,-1,-1
249,71,92,812,284,188,1,-1,-1,-1
249,72,520,730,198,110,1,-1,-1,-1
249,75,1989,729,210,151,1,-1,-1,-1
249,76,260,784,256,136,1,-1,-1,-1
249,80,635,719,231,109,1,-1,-1,-1
249,82,1502,712,76,104,1,-1,-1,-1
249,83,1720,716,124,120,1,-1,-1,-1
250,18,1956,1293,202,147,1,-1,-1,-1
250,67,2150,765,232,128,1,-1,-1,-1
250,71,91,815,284,188,1,-1,-1,-1
250,72,519,730,198,110,1,-1,-1,-1
250,75,1993,731,210,151,1,-1,-1,-1
250,76,259,785,256,136,1,-1,-1,-1
250,80,580,714,243,115,1,-1,-1,-1
250,82,1503,714,76,104,1,-1,-1,-1
250,83,1719,715,124,120,1,-1,-1,-1
251,18,1954,1288,202,152,1,-1,-1,-1
251,67,2162,765,244,134,1,-1,-1,-1
251,71,91,824,284,188,1,-1,-1,-1
251,72,520,732,198,110,1,-1,-1,-1
251,75,1992,722,220,159,1,-1,-1,-1
251,76,258,785,256,136,1,-1,-1,-1
251,80,583,716,231,109,1,-1,-1,-1
251,82,1503,714,76,104,1,-1,-1,-1
251,83,1719,716,124,120,1,-1,-1,-1
252,18,1954,1284,202,156,1,-1,-1,-1
252,67,2193,767,244,134,1,-1,-1,-1
252,71,95,827,284,188,1,-1,-1,-1
252,72,518,734,198,110,1,-1,-1,-1
252,75,2006,716,220,159,1,-1,-1,-1
252,76,257,786,256,136,1,-1,-1,-1
252,80,584,719,220,104,1,-1,-1,-1
252,82,1506,712,76,104,1,-1,-1,-1
252,83,1719,715,124,120,1,-1,-1,-1
253,18,1954,1270,202,160,1,-1,-1,-1
253,67,2211,770,244,134,1,-1,-1,-1
253,71,105,823,270,179,1,-1,-1,-1
253,72,516,734,198,110,1,-1,-1,-1
253,75,2038,720,210,151,1,-1,-1,-1
253,76,254,785,256,136,1,-1,-1,-1
253,80,582,719,220,104,1,-1,-1,-1
253,82,1511,715,72,99,1,-1,-1,-1
253,83,1720,714,124,120,1,-1,-1,-1
254,18,1956,1256,202,160,1,-1,-1,-1
254,71,113,816,270,179,1,-1,-1,-1
254,72,511,730,208,116,1,-1,-1,-1
254,76,252,784,256,136,1,-1,-1,-1
254,82,1514,710,72,99,1,-1,-1,-1
254,83,1720,713,124,120,1,-1,-1,-1
255,18,1959,1250,202,160,1,-1,-1,-1
255,71,112,817,270,179,1,-1,-1,-1
255,72,511,731,208,116,1,-1,-1,-1
255,76,250,785,256,136,1,-1,-1,-1
255,82,1519,710,72,99,1,-1,-1,-1
255,83,1721,712,124,120,1,-1,-1,-1
256,18,1966,1244,202,160,1,-1,-1,-1
256,71,129,831,258,171,1,-1,-1,-1
256,72,503,730,218,122,1,-1,-1,-1
256,76,245,787,256,136,1,-1,-1,-1
256,82,1528,709,72,99,1,-1,-1,-1
256,83,1721,712,124,120,1,-1,-1,-1
257,18,1966,1244,202,160,1,-1,-1,-1
257,71,129,831,258,171,1,-1,-1,-1
257,72,468,720,232,124,1,-1,-1,-1
257,76,245,787,256,136,1,-1,-1,-1
257,82,1528,709,72,99,1,-1,-1,-1
257,83,1721,712,124,120,1,-1,-1,-1
257,85,1552,692,156,116,1,-1,-1,-1
257,86,2344,776,216,148,1,-1,-1,-1
257,87,2120,732,268,140,1,-1,-1,-1
257,88,2004,728,200,92,1,-1,-1,-1
257,89,1804,708,104,116,1,-1,-1,-1
258,18,1972,1238,202,160,1,-1,-1,-1
258,71,163,830,245,162,1,-1,-1,-1
258,72,466,721,232,124,1,-1,-1,-1
258,76,248,790,244,130,1,-1,-1,-1
258,83,1721,714,124,120,1,-1,-1,-1
258,85,1562,692,156,116,1,-1,-1,-1
258,86,2351,776,209,148,1,-1,-1,-1
258,87,2127,731,268,140,1,-1,-1,-1
258,88,2005,728,200,92,1,-1,-1,-1
258,89,1803,708,104,116,1,-1,-1,-1
259,18,1963,1236,202,160,1,-1,-1,-1
259,71,167,827,245,162,1,-1,-1,-1
259,72,463,724,232,124,1,-1,-1,-1
259,76,251,792,232,123,1,-1,-1,-1
259,83,1722,713,124,120,1,-1,-1,-1
259,85,1565,692,156,116,1,-1,-1,-1
259,86,2346,779,214,148,1,-1,-1,-1
259,87,2134,731,281,147,1,-1,-1,-1
259,88,2006,728,200,92,1,-1,-1,-1
259,89,1802,708,104,116,1,-1,-1,-1
260,18,1952,1239,202,160,1,-1,-1,-1
260,71,184,847,245,162,1,-1,-1,-1
260,72,455,726,232,124,1,-1,-1,-1
260,76,244,800,232,123,1,-1,-1,-1
260,83,1719,715,124,120,1,-1,-1,-1
260,85,1568,692,156,116,1,-1,-1,-1
260,86,2349,783,206,141,1,-1,-1,-1
260,87,2136,729,281,147,1,-1,-1,-1
260,88,2004,728,200,92,1,-1,-1,-1
260,89,1800,708,104,116,1,-1,-1,-1
261,18,1949,1255,202,160,1,-1,-1,-1
261,71,182,866,245,162,1,-1,-1,-1
261,72,442,723,244,130,1,-1,-1,-1
261,76,219,804,244,130,1,-1,-1,-1
261,83,1719,714,124,120,1,-1,-1,-1
261,85,1585,688,156,116,1,-1,-1,-1
261,86,2343,779,216,148,1,-1,-1,-1
261,87,2129,722,295,154,1,-1,-1,-1
261,88,2003,728,200,92,1,-1,-1,-1
261,89,1798,707,104,116,1,-1,-1,-1
262,18,1948,1274,202,160,1,-1,-1,-1
262,72,439,723,244,130,1,-1,-1,-1
262,76,220,808,244,130,1,-1,-1,-1
262,83,1716,715,124,120,1,-1,-1,-1
262,85,1596,686,156,116,1,-1,-1,-1
262,86,2345,781,215,148,1,-1,-1,-1
262,87,2132,720,295,154,1,-1,-1,-1
262,88,2003,729,200,92,1,-1,-1,-1
262,89,1795,706,104,116,1,-1,-1,-1
263,18,1949,1289,202,151,1,-1,-1,-1
263,72,431,722,244,130,1,-1,-1,-1
263,76,219,808,244,130,1,-1,-1,-1
263,83,1716,716,124,120,1,-1,-1,-1
263,85,1605,681,164,122,1,-1,-1,-1
263,86,2336,785,224,155,1,-1,-1,-1
263,87,2110,717,295,154,1,-1,-1,-1
263,88,2002,729,200,92,1,-1,-1,-1
263,89,1794,706,104,116,1,-1,-1,-1
264,18,1951,1289,202,151,1,-1,-1,-1
264,72,420,726,232,124,1,-1,-1,-1
264,76,215,802,244,130,1,-1,-1,-1
264,83,1716,716,124,120,1,-1,-1,-1
264,85,1613,682,164,122,1,-1,-1,-1
264,86,2336,764,224,155,1,-1,-1,-1
264,87,2118,722,281,147,1,-1,-1,-1
264,88,2001,729,200,92,1,-1,-1,-1
264,89,1794,706,104,116,1,-1,-1,-1
265,18,1951,1289,202,151,1,-1,-1,-1
265,72,396,736,248,132,1,-1,-1,-1
265,76,148,792,332,136,1,-1,-1,-1
265,83,1716,716,124,120,1,-1,-1,-1
265,85,1613,682,164,122,1,-1,-1,-1
265,86,2336,764,224,155,1,-1,-1,-1
265,87,2172,732,168,136,1,-1,-1,-1
265,88,2012,732,184,124,1,-1,-1,-1
265,89,1794,706,104,116,1,-1,-1,-1
265,90,700,720,92,124,1,-1,-1,-1
265,91,2332,696,228,100,1,-1,-1,-1
266,18,1951,1260,202,160,1,-1,-1,-1
266,72,393,737,248,132,1,-1,-1,-1
266,76,144,794,332,136,1,-1,-1,-1
266,83,1714,718,124,120,1,-1,-1,-1
266,85,1631,684,164,122,1,-1,-1,-1
266,87,2167,731,168,136,1,-1,-1,-1
266,88,2010,733,184,124,1,-1,-1,-1
266,89,1792,707,104,116,1,-1,-1,-1
266,90,702,719,92,124,1,-1,-1,-1
266,91,2343,697,217,100,1,-1,-1,-1
267,18,1946,1241,202,160,1,-1,-1,-1
267,72,389,738,248,132,1,-1,-1,-1
267,76,133,796,332,136,1,-1,-1,-1
267,83,1711,718,124,120,1,-1,-1,-1
267,85,1634,682,164,122,1,-1,-1,-1
267,87,2161,730,168,136,1,-1,-1,-1
267,88,2006,732,184,124,1,-1,-1,-1
267,89,1791,706,104,116,1,-1,-1,-1
267,90,705,720,92,124,1,-1,-1,-1
267,91,2353,702,207,95,1,-1,-1,-1
268,18,1930,1220,202,160,1,-1,-1,-1
268,72,387,741,248,132,1,-1,-1,-1
268,76,121,796,332,136,1,-1,-1,-1
268,83,1711,721,118,114,1,-1,-1,-1
268,85,1637,685,156,116,1,-1,-1,-1
268,87,2149,730,168,136,1,-1,-1,-1
268,88,2002,732,184,124,1,-1,-1,-1
268,89,1788,706,104,116,1,-1,-1,-1
268,90,707,720,92,124,1,-1,-1,-1
268,91,2350,713,210,95,1,-1,-1,-1
269,18,1914,1204,202,160,1,-1,-1,-1
269,72,384,743,248,132,1,-1,-1,-1
269,76,120,800,316,130,1,-1,-1,-1
269,83,1706,722,118,114,1,-1,-1,-1
269,85,1634,685,156,116,1,-1,-1,-1
269,87,2140,723,176,143,1,-1,-1,-1
269,88,1994,732,184,124,1,-1,-1,-1
269,89,1783,706,104,116,1,-1,-1,-1
269,90,706,721,92,124,1,-1,-1,-1
269,91,2344,716,216,95,1,-1,-1,-1
270,18,1908,1201,202,160,1,-1,-1,-1
270,72,382,743,248,132,1,-1,-1,-1
270,76,90,802,316,130,1,-1,-1,-1
270,83,1701,723,118,114,1,-1,-1,-1
270,85,1626,685,156,116,1,-1,-1,-1
270,87,2131,720,176,143,1,-1,-1,-1
270,88,1988,732,184,124,1,-1,-1,-1
270,89,1777,705,104,116,1,-1,-1,-1
270,90,703,722,92,124,1,-1,-1,-1
270,91,2335,718,217,95,1,-1,-1,-1
271,18,1905,1211,202,160,1,-1,-1,-1
271,72,380,744,248,132,1,-1,-1,-1
271,76,50,804,332,136,1,-1,-1,-1
271,83,1698,725,112,109,1,-1,-1,-1
271,87,2115,726,176,143,1,-1,-1,-1
271,88,1980,734,175,118,1,-1,-1,-1
271,89,1765,706,104,116,1,-1,-1,-1
271,90,696,724,92,124,1,-1,-1,-1
271,91,2313,723,217,95,1,-1,-1,-1
272,18,1883,1235,212,168,1,-1,-1,-1
272,72,376,745,248,132,1,-1,-1,-1
272,76,9,802,349,143,1,-1,-1,-1
272,83,1688,723,112,109,1,-1,-1,-1
272,87,2106,724,176,143,1,-1,-1,-1
272,88,1968,730,184,124,1,-1,-1,-1
272,89,1758,706,104,116,1,-1,-1,-1
272,90,693,726,92,124,1,-1,-1,-1
272,91,2278,726,217,95,1,-1,-1,-1
273,18,1883,1235,212,168,1,-1,-1,-1
273,72,380,740,236,144,1,-1,-1,-1
273,76,8,832,340,124,1,-1,-1,-1
273,83,1688,723,112,109,1,-1,-1,-1
273,87,2106,724,176,143,1,-1,-1,-1
273,88,1968,730,184,124,1,-1,-1,-1
273,89,1758,706,104,116,1,-1,-1,-1
273,90,672,724,108,132,1,-1,-1,-1
273,91,2278,726,217,95,1,-1,-1,-1
273,92,2224,704,252,160,1,-1,-1,-1
273,93,1592,708,92,96,1,-1,-1,-1
274,18,1831,1284,212,156,1,-1,-1,-1
274,72,368,742,236,144,1,-1,-1,-1
274,76,0,834,314,124,1,-1,-1,-1
274,83,1662,724,112,109,1,-1,-1,-1
274,87,2067,724,176,143,1,-1,-1,-1
274,88,1936,729,184,124,1,-1,-1,-1
274,89,1732,706,104,116,1,-1,-1,-1
274,90,661,725,108,132,1,-1,-1,-1
274,92,2199,704,252,160,1,-1,-1,-1
274,93,1580,708,92,96,1,-1,-1,-1
275,18,1800,1291,212,149,1,-1,-1,-1
275,72,354,744,236,144,1,-1,-1,-1
275,76,0,847,274,124,1,-1,-1,-1
275,83,1646,724,112,109,1,-1,-1,-1
275,87,2043,727,176,143,1,-1,-1,-1
275,88,1919,729,184,124,1,-1,-1,-1
275,89,1717,707,104,116,1,-1,-1,-1
275,90,646,723,113,139,1,-1,-1,-1
275,92,2173,705,252,160,1,-1,-1,-1
275,93,1565,709,92,96,1,-1,-1,-1
276,18,1782,1289,212,151,1,-1,-1,-1
276,72,341,748,236,144,1,-1,-1,-1
276,76,0,854,218,124,1,-1,-1,-1
276,83,1633,723,112,109,1,-1,-1,-1
276,87,2022,728,176,143,1,-1,-1,-1
276,88,1902,729,184,124,1,-1,-1,-1
276,89,1702,706,104,116,1,-1,-1,-1
276,90,634,725,113,139,1,-1,-1,-1
276,92,2151,706,252,160,1,-1,-1,-1
276,93,1552,710,92,96,1,-1,-1,-1
277,18,1772,1276,212,164,1,-1,-1,-1
277,72,325,751,236,144,1,-1,-1,-1
277,76,0,857,186,124,1,-1,-1,-1
277,83,1618,722,112,109,1,-1,-1,-1
277,87,1989,728,176,143,1,-1,-1,-1
277,88,1884,729,184,124,1,-1,-1,-1
277,89,1687,706,104,116,1,-1,-1,-1
277,90,627,727,113,139,1,-1,-1,-1
277,92,2124,709,252,160,1,-1,-1,-1
277,93,1538,711,92,96,1,-1,-1,-1
278,18,1757,1264,212,168,1,-1,-1,-1
278,72,300,749,248,151,1,-1,-1,-1
278,83,1602,722,112,109,1,-1,-1,-1
278,87,1961,729,176,143,1,-1,-1,-1
278,88,1873,730,184,124,1,-1,-1,-1
278,89,1669,705,104,116,1,-1,-1,-1
278,90,617,728,113,139,1,-1,-1,-1
278,92,2098,712,252,160,1,-1,-1,-1
278,93,1526,712,92,96,1,-1,-1,-1
279,18,1740,1260,212,168,1,-1,-1,-1
279,72,283,753,248,151,1,-1,-1,-1
279,83,1583,721,112,109,1,-1,-1,-1
279,87,1923,731,176,143,1,-1,-1,-1
279,88,1864,729,175,118,1,-1,-1,-1
279,89,1652,703,104,116,1,-1,-1,-1
279,90,605,729,113,139,1,-1,-1,-1
279,92,2069,712,252,160,1,-1,-1,-1
279,93,1514,712,92,96,1,-1,-1,-1
280,18,1719,1262,212,168,1,-1,-1,-1
280,72,271,752,248,151,1,-1,-1,-1
280,83,1569,722,112,109,1,-1,-1,-1
280,87,1892,736,176,143,1,-1,-1,-1
280,88,1857,729,175,118,1,-1,-1,-1
280,89,1637,703,104,116,1,-1,-1,-1
280,90,593,726,119,146,1,-1,-1,-1
280,92,2045,714,252,160,1,-1,-1,-1
280,93,1499,713,92,96,1,-1,-1,-1
281,18,1719,1262,212,168,1,-1,-1,-1
281,72,256,764,244,124,1,-1,-1,-1
281,83,1569,722,112,109,1,-1,-1,-1
281,87,1892,736,176,143,1,-1,-1,-1
281,88,1848,752,196,108,1,-1,-1,-1
281,89,1637,703,104,116,1,-1,-1,-1
281,90,540,732,160,144,1,-1,-1,-1
281,92,2044,724,240,120,1,-1,-1,-1
281,93,1499,713,92,96,1,-1,-1,-1
281,94,2368,812,192,120,1,-1,-1,-1
282,18,1683,1279,212,161,1,-1,-1,-1
282,72,239,765,244,124,1,-1,-1,-1
282,83,1542,722,112,109,1,-1,-1,-1
282,88,1826,752,196,108,1,-1,-1,-1
282,90,529,733,160,144,1,-1,-1,-1
282,92,2023,725,240,120,1,-1,-1,-1
282,93,1477,715,92,96,1,-1,-1,-1
282,94,2342,811,192,120,1,-1,-1,-1
283,18,1663,1282,212,158,1,-1,-1,-1
283,72,224,767,244,124,1,-1,-1,-1
283,83,1528,722,112,109,1,-1,-1,-1
283,88,1807,753,196,108,1,-1,-1,-1
283,90,519,734,160,144,1,-1,-1,-1
283,92,2005,725,240,120,1,-1,-1,-1
283,93,1463,715,97,101,1,-1,-1,-1
283,94,2328,807,202,126,1,-1,-1,-1
284,18,1638,1284,212,156,1,-1,-1,-1
284,72,199,766,256,130,1,-1,-1,-1
284,83,1515,723,112,109,1,-1,-1,-1
284,88,1795,752,196,108,1,-1,-1,-1
284,90,506,735,160,144,1,-1,-1,-1
284,92,1995,730,240,120,1,-1,-1,-1
284,93,1451,716,97,101,1,-1,-1,-1
284,94,2308,805,202,126,1,-1,-1,-1
285,18,1613,1280,212,160,1,-1,-1,-1
285,72,181,769,256,130,1,-1,-1,-1
285,83,1502,722,112,109,1,-1,-1,-1
285,88,1782,751,196,108,1,-1,-1,-1
285,90,492,737,160,144,1,-1,-1,-1
285,92,1981,729,240,120,1,-1,-1,-1
285,93,1442,716,97,101,1,-1,-1,-1
286,18,1592,1271,212,168,1,-1,-1,-1
286,72,157,767,269,137,1,-1,-1,-1
286,83,1491,722,112,109,1,-1,-1,-1
286,88,1770,750,196,108,1,-1,-1,-1
286,90,479,738,160,144,1,-1,-1,-1
286,92,1972,733,240,120,1,-1,-1,-1
286,93,1428,715,97,101,1,-1,-1,-1
287,18,1571,1261,212,168,1,-1,-1,-1
287,72,139,771,269,137,1,-1,-1,-1
287,83,1483,720,112,109,1,-1,-1,-1
287,88,1756,749,196,108,1,-1,-1,-1
287,90,467,741,160,144,1,-1,-1,-1
287,92,1957,733,252,126,1,-1,-1,-1
287,93,1410,715,92,96,1,-1,-1,-1
288,18,1544,1243,212,168,1,-1,-1,-1
288,72,112,770,282,144,1,-1,-1,-1
288,83,1472,720,112,109,1,-1,-1,-1
288,88,1745,748,196,108,1,-1,-1,-1
288,90,456,743,160,144,1,-1,-1,-1
288,92,1945,735,252,126,1,-1,-1,-1
288,93,1394,715,92,96,1,-1,-1,-1
289,18,1532,1224,180,168,1,-1,-1,-1
289,72,84,784,272,120,1,-1,-1,-1
289,83,1472,720,112,109,1,-1,-1,-1
289,88,1732,716,220,144,1,-1,-1,-1
289,90,444,744,180,140,1,-1,-1,-1
289,92,1936,748,236,140,1,-1,-1,-1
289,93,1380,708,104,104,1,-1,-1,-1
289,95,2120,768,208,140,1,-1,-1,-1
289,96,1504,688,100,120,1,-1,-1,-1
290,18,1508,1196,180,168,1,-1,-1,-1
290,72,63,783,272,120,1,-1,-1,-1
290,83,1449,718,112,109,1,-1,-1,-1
290,88,1719,716,220,144,1,-1,-1,-1
290,90,432,745,180,140,1,-1,-1,-1
290,92,1920,747,236,140,1,-1,-1,-1
290,93,1368,709,104,104,1,-1,-1,-1
290,95,2101,766,208,140,1,-1,-1,-1
290,96,1493,688,100,120,1,-1,-1,-1
291,18,1494,1166,180,168,1,-1,-1,-1
291,72,50,784,272,120,1,-1,-1,-1
291,83,1437,719,112,109,1,-1,-1,-1
291,88,1709,715,220,144,1,-1,-1,-1
291,90,419,747,180,140,1,-1,-1,-1
291,92,1904,744,236,140,1,-1,-1,-1
291,93,1356,709,104,104,1,-1,-1,-1
291,95,2083,764,208,140,1,-1,-1,-1
291,96,1482,688,100,120,1,-1,-1,-1
292,18,1493,1161,180,168,1,-1,-1,-1
292,72,30,783,272,120,1,-1,-1,-1
292,83,1427,717,112,109,1,-1,-1,-1
292,88,1697,714,220,144,1,-1,-1,-1
292,90,407,748,180,140,1,-1,-1,-1
292,92,1889,743,236,140,1,-1,-1,-1
292,93,1343,710,104,104,1,-1,-1,-1
292,95,2062,765,208,140,1,-1,-1,-1
292,96,1471,687,100,120,1,-1,-1,-1
293,18,1493,1176,180,168,1,-1,-1,-1
293,72,4,778,286,126,1,-1,-1,-1
293,83,1417,716,112,109,1,-1,-1,-1
293,88,1687,714,220,144,1,-1,-1,-1
293,90,393,749,180,140,1,-1,-1,-1
293,92,1879,746,225,133,1,-1,-1,-1
293,93,1332,710,104,104,1,-1,-1,-1
293,95,2058,766,208,140,1,-1,-1,-1
293,96,1461,687,100,120,1,-1,-1,-1
294,18,1493,1207,180,168,1,-1,-1,-1
294,72,0,778,272,126,1,-1,-1,-1
294,83,1407,715,112,109,1,-1,-1,-1
294,88,1679,712,220,144,1,-1,-1,-1
294,90,379,749,180,140,1,-1,-1,-1
294,92,1865,745,225,133,1,-1,-1,-1
294,93,1320,710,104,104,1,-1,-1,-1
294,96,1452,686,100,120,1,-1,-1,-1
295,18,1494,1227,180,168,1,-1,-1,-1
295,72,0,778,256,126,1,-1,-1,-1
295,83,1400,715,112,109,1,-1,-1,-1
295,88,1670,711,220,144,1,-1,-1,-1
295,90,363,745,189,147,1,-1,-1,-1
295,92,1846,746,225,133,1,-1,-1,-1
295,93,1309,710,104,104,1,-1,-1,-1
295,96,1444,685,100,120,1,-1,-1,-1
296,18,1492,1225,180,168,1,-1,-1,-1
296,72,0,777,238,132,1,-1,-1,-1
296,83,1392,713,112,109,1,-1,-1,-1
296,88,1659,705,231,151,1,-1,-1,-1
296,90,352,745,189,147,1,-1,-1,-1
296,92,1827,746,225,133,1,-1,-1,-1
296,93,1297,709,104,104,1,-1,-1,-1
296,96,1435,685,100,120,1,-1,-1,-1
297,18,1492,1225,180,168,1,-1,-1,-1
297,72,0,792,244,140,1,-1,-1,-1
297,83,1396,704,96,128,1,-1,-1,-1
297,88,1648,716,224,136,1,-1,-1,-1
297,90,300,756,228,124,1,-1,-1,-1
297,92,1796,760,240,116,1,-1,-1,-1
297,93,1297,709,104,104,1,-1,-1,-1
297,96,1436,680,88,112,1,-1,-1,-1
297,97,1232,700,152,108,1,-1,-1,-1
297,98,1996,752,124,120,1,-1,-1,-1
298,18,1471,1209,180,168,1,-1,-1,-1
298,72,0,789,228,147,1,-1,-1,-1
298,83,1390,704,96,128,1,-1,-1,-1
298,88,1643,716,224,136,1,-1,-1,-1
298,90,286,756,228,124,1,-1,-1,-1
298,92,1793,764,229,110,1,-1,-1,-1
298,93,1280,704,104,104,1,-1,-1,-1
298,96,1430,679,88,112,1,-1,-1,-1
298,97,1223,699,152,108,1,-1,-1,-1
298,98,1989,751,124,120,1,-1,-1,-1
299,18,1456,1217,180,168,1,-1,-1,-1
299,72,0,792,217,147,1,-1,-1,-1
299,83,1385,704,96,128,1,-1,-1,-1
299,88,1637,716,224,136,1,-1,-1,-1
299,90,272,756,228,124,1,-1,-1,-1
299,92,1782,765,229,110,1,-1,-1,-1
299,93,1265,703,104,104,1,-1,-1,-1
299,96,1425,678,88,112,1,-1,-1,-1
299,97,1215,699,152,108,1,-1,-1,-1
299,98,1982,746,130,126,1,-1,-1,-1
300,18,1444,1233,180,168,1,-1,-1,-1
300,72,0,791,199,147,1,-1,-1,-1
300,83,1380,702,96,128,1,-1,-1,-1
300,88,1631,715,224,136,1,-1,-1,-1
300,90,250,753,239,130,1,-1,-1,-1
300,92,1771,763,240,116,1,-1,-1,-1
300,93,1263,703,104,104,1,-1,-1,-1
300,96,1420,678,88,112,1,-1,-1,-1
300,97,1203,694,160,113,1,-1,-1,-1
300,98,1979,743,130,126,1,-1,-1,-1
301,18,1441,1249,180,168,1,-1,-1,-1
301,72,0,789,184,147,1,-1,-1,-1
301,83,1376,702,96,128,1,-1,-1,-1
301,88,1626,714,224,136,1,-1,-1,-1
301,90,233,755,239,130,1,-1,-1,-1
301,92,1760,762,240,116,1,-1,-1,-1
301,96,1415,678,88,112,1,-1,-1,-1
301,97,1198,694,160,113,1,-1,-1,-1
301,98,1977,742,130,126,1,-1,-1,-1
302,18,1444,1264,180,168,1,-1,-1,-1
302,72,0,796,158,140,1,-1,-1,-1
302,83,1372,701,96,128,1,-1,-1,-1
302,88,1621,712,224,136,1,-1,-1,-1
302,90,210,755,239,130,1,-1,-1,-1
302,92,1756,760,240,116,1,-1,-1,-1
302,96,1411,677,88,112,1,-1,-1,-1
302,97,1194,693,160,113,1,-1,-1,-1
302,98,1972,742,130,126,1,-1,-1,-1
303,18,1451,1274,180,166,1,-1,-1,-1
303,72,0,797,141,140,1,-1,-1,-1
303,83,1368,700,96,128,1,-1,-1,-1
303,88,1617,711,224,136,1,-1,-1,-1
303,90,192,757,239,130,1,-1,-1,-1
303,92,1752,758,240,116,1,-1,-1,-1
303,96,1407,676,88,112,1,-1,-1,-1
303,97,1188,692,160,113,1,-1,-1,-1
303,98,1966,740,137,132,1,-1,-1,-1
304,18,1453,1281,180,159,1,-1,-1,-1
304,72,0,794,132,140,1,-1,-1,-1
304,83,1366,699,96,128,1,-1,-1,-1
304,88,1616,710,224,136,1,-1,-1,-1
304,90,175,757,239,130,1,-1,-1,-1
304,92,1751,757,240,116,1,-1,-1,-1
304,96,1406,675,88,112,1,-1,-1,-1
304,97,1186,693,160,113,1,-1,-1,-1
304,98,1964,738,137,132,1,-1,-1,-1
305,18,1453,1281,180,159,1,-1,-1,-1
305,72,0,794,132,140,1,-1,-1,-1
305,83,1364,688,96,136,1,-1,-1,-1
305,88,1608,708,204,136,1,-1,-1,-1
305,90,148,760,268,124,1,-1,-1,-1
305,92,1748,740,192,128,1,-1,-1,-1
305,96,1406,675,88,112,1,-1,-1,-1
305,97,1186,693,160,113,1,-1,-1,-1
305,98,1964,728,136,144,1,-1,-1,-1
305,99,1104,700,204,96,1,-1,-1,-1
305,100,0,808,76,108,1,-1,-1,-1
306,18,1441,1267,180,168,1,-1,-1,-1
306,83,1363,688,96,136,1,-1,-1,-1
306,88,1607,707,204,136,1,-1,-1,-1
306,90,135,756,281,130,1,-1,-1,-1
306,92,1747,739,192,128,1,-1,-1,-1
306,96,1402,674,88,112,1,-1,-1,-1
306,97,1185,691,160,113,1,-1,-1,-1
306,98,1965,728,136,144,1,-1,-1,-1
306,99,1086,696,214,101,1,-1,-1,-1
306,100,0,805,65,108,1,-1,-1,-1
307,18,1437,1253,180,168,1,-1,-1,-1
307,83,1364,688,96,136,1,-1,-1,-1
307,88,1607,707,204,136,1,-1,-1,-1
307,90,116,757,281,130,1,-1,-1,-1
307,92,1746,738,192,128,1,-1,-1,-1
307,96,1402,673,88,112,1,-1,-1,-1
307,97,1177,691,168,119,1,-1,-1,-1
307,98,1967,730,136,144,1,-1,-1,-1
307,99,1065,691,225,106,1,-1,-1,-1
307,100,0,811,52,108,1,-1,-1,-1
308,18,1437,1234,180,168,1,-1,-1,-1
308,83,1363,687,96,136,1,-1,-1,-1
308,88,1607,706,204,136,1,-1,-1,-1
308,90,91,757,295,137,1,-1,-1,-1
308,92,1747,736,192,128,1,-1,-1,-1
308,96,1401,673,88,112,1,-1,-1,-1
308,98,1968,732,136,144,1,-1,-1,-1
308,99,1054,691,225,106,1,-1,-1,-1
308,100,0,812,42,113,1,-1,-1,-1
309,18,1437,1221,180,168,1,-1,-1,-1
309,83,1362,687,96,136,1,-1,-1,-1
309,88,1607,705,204,136,1,-1,-1,-1
309,90,74,762,281,130,1,-1,-1,-1
309,92,1748,734,192,128,1,-1,-1,-1
309,96,1401,672,88,112,1,-1,-1,-1
309,98,1970,734,136,144,1,-1,-1,-1
309,99,1036,687,225,106,1,-1,-1,-1
310,18,1438,1220,180,168,1,-1,-1,-1
310,83,1363,687,96,136,1,-1,-1,-1
310,88,1607,704,204,136,1,-1,-1,-1
310,90,57,764,281,130,1,-1,-1,-1
310,92,1750,732,192,128,1,-1,-1,-1
310,96,1401,672,88,112,1,-1,-1,-1
310,98,1971,735,136,144,1,-1,-1,-1
310,99,1021,687,225,106,1,-1,-1,-1
311,18,1436,1223,180,168,1,-1,-1,-1
311,83,1363,686,96,136,1,-1,-1,-1
311,88,1608,703,204,136,1,-1,-1,-1
311,90,53,768,268,124,1,-1,-1,-1
311,92,1752,728,192,128,1,-1,-1,-1
311,96,1401,671,88,112,1,-1,-1,-1
311,98,1971,734,136,144,1,-1,-1,-1
311,99,1003,686,225,106,1,-1,-1,-1
312,18,1435,1233,180,168,1,-1,-1,-1
312,83,1364,686,96,136,1,-1,-1,-1
312,88,1609,702,204,136,1,-1,-1,-1
312,90,41,768,268,124,1,-1,-1,-1
312,92,1753,726,192,128,1,-1,-1,-1
312,96,1401,671,88,112,1,-1,-1,-1
312,98,1969,730,143,151,1,-1,-1,-1
312,99,986,690,214,101,1,-1,-1,-1
313,18,1435,1233,180,168,1,-1,-1,-1
313,83,1364,686,96,136,1,-1,-1,-1
313,88,1608,700,208,140,1,-1,-1,-1
313,90,32,764,268,132,1,-1,-1,-1
313,92,1772,716,172,144,1,-1,-1,-1
313,96,1401,671,88,112,1,-1,-1,-1
313,98,1956,736,156,144,1,-1,-1,-1
313,99,1000,684,172,96,1,-1,-1,-1
314,18,1443,1243,180,168,1,-1,-1,-1
314,83,1364,685,96,136,1,-1,-1,-1
314,88,1608,700,208,140,1,-1,-1,-1
314,90,27,765,268,132,1,-1,-1,-1
314,92,1773,715,172,144,1,-1,-1,-1
314,96,1401,669,88,112,1,-1,-1,-1
314,98,1956,736,156,144,1,-1,-1,-1
314,99,993,683,172,96,1,-1,-1,-1
315,18,1445,1235,180,168,1,-1,-1,-1
315,83,1365,684,96,136,1,-1,-1,-1
315,88,1610,699,208,140,1,-1,-1,-1
315,90,20,765,268,132,1,-1,-1,-1
315,92,1774,713,172,144,1,-1,-1,-1
315,96,1401,666,88,112,1,-1,-1,-1
315,98,1957,735,156,144,1,-1,-1,-1
315,99,979,680,181,101,1,-1,-1,-1
