1,0,2276,512,280,196,1,-1,-1,-1
1,1,1756,612,240,132,1,-1,-1,-1
1,2,1136,620,296,140,1,-1,-1,-1
1,3,900,624,236,136,1,-1,-1,-1
2,0,2265,512,280,196,1,-1,-1,-1
2,1,1751,613,240,132,1,-1,-1,-1
2,2,1137,620,296,140,1,-1,-1,-1
2,3,903,625,236,136,1,-1,-1,-1
3,0,2253,515,280,196,1,-1,-1,-1
3,1,1745,614,240,132,1,-1,-1,-1
3,2,1144,621,296,140,1,-1,-1,-1
3,3,918,626,236,136,1,-1,-1,-1
4,0,2232,520,267,187,1,-1,-1,-1
4,1,1728,616,240,132,1,-1,-1,-1
4,2,1145,623,296,140,1,-1,-1,-1
4,3,928,626,236,136,1,-1,-1,-1
5,0,2223,525,254,178,1,-1,-1,-1
5,1,1728,620,229,126,1,-1,-1,-1
5,2,1146,626,296,140,1,-1,-1,-1
5,3,926,627,236,136,1,-1,-1,-1
6,0,2210,525,254,178,1,-1,-1,-1
6,1,1721,621,229,126,1,-1,-1,-1
6,2,1146,626,296,140,1,-1,-1,-1
7,0,2206,527,254,178,1,-1,-1,-1
7,1,1715,624,229,126,1,-1,-1,-1
7,2,1149,627,296,140,1,-1,-1,-1
8,0,2204,525,254,178,1,-1,-1,-1
8,1,1711,624,229,126,1,-1,-1,-1
8,2,1166,629,282,133,1,-1,-1,-1
9,0,2208,528,280,184,1,-1,-1,-1
9,1,1716,628,224,120,1,-1,-1,-1
9,2,1224,624,224,124,1,-1,-1,-1
9,4,948,616,256,136,1,-1,-1,-1
9,5,608,632,216,112,1,-1,-1,-1
10,0,2212,526,280,184,1,-1,-1,-1
10,1,1716,628,224,120,1,-1,-1,-1
10,2,1226,624,224,124,1,-1,-1,-1
10,4,949,616,256,136,1,-1,-1,-1
10,5,610,632,216,112,1,-1,-1,-1
11,0,2217,527,280,184,1,-1,-1,-1
11,1,1719,628,224,120,1,-1,-1,-1
11,2,1229,624,224,124,1,-1,-1,-1
11,4,951,617,256,136,1,-1,-1,-1
11,5,614,632,216,112,1,-1,-1,-1
12,0,2228,526,280,184,1,-1,-1,-1
12,1,1725,627,224,120,1,-1,-1,-1
12,2,1234,625,224,124,1,-1,-1,-1
12,4,945,613,269,143,1,-1,-1,-1
12,5,615,633,216,112,1,-1,-1,-1
13,0,2240,530,267,175,1,-1,-1,-1
13,1,1730,628,224,120,1,-1,-1,-1
13,2,1237,626,224,124,1,-1,-1,-1
13,4,945,613,269,143,1,-1,-1,-1
13,5,615,634,216,112,1,-1,-1,-1
14,0,2247,530,267,175,1,-1,-1,-1
14,1,1733,628,224,120,1,-1,-1,-1
14,2,1239,627,224,124,1,-1,-1,-1
14,4,950,614,269,143,1,-1,-1,-1
14,5,617,635,216,112,1,-1,-1,-1
15,0,2251,529,267,175,1,-1,-1,-1
15,1,1736,629,224,120,1,-1,-1,-1
15,2,1242,629,224,124,1,-1,-1,-1
15,4,948,612,269,143,1,-1,-1,-1
15,5,617,636,216,112,1,-1,-1,-1
16,1,1736,628,235,126,1,-1,-1,-1
16,2,1247,631,224,124,1,-1,-1,-1
16,4,956,612,269,143,1,-1,-1,-1
17,1,1736,632,240,112,1,-1,-1,-1
17,2,1200,624,288,136,1,-1,-1,-1
17,4,956,612,269,143,1,-1,-1,-1
17,6,2276,532,272,152,1,-1,-1,-1
17,7,1044,636,228,104,1,-1,-1,-1
17,8,596,644,260,144,1,-1,-1,-1
17,9,4,624,220,168,1,-1,-1,-1
18,1,1735,630,252,118,1,-1,-1,-1
18,2,1206,627,288,136,1,-1,-1,-1
18,6,2284,532,272,152,1,-1,-1,-1
18,7,1051,639,228,104,1,-1,-1,-1
18,8,599,644,260,144,1,-1,-1,-1
18,9,9,625,220,168,1,-1,-1,-1
19,1,1738,632,252,118,1,-1,-1,-1
19,2,1209,630,288,136,1,-1,-1,-1
19,6,2289,533,272,152,1,-1,-1,-1
19,8,603,647,260,144,1,-1,-1,-1
19,9,10,626,220,168,1,-1,-1,-1
20,1,1740,633,252,118,1,-1,-1,-1
20,6,2291,534,272,152,1,-1,-1,-1
20,8,600,647,260,144,1,-1,-1,-1
20,9,13,626,220,168,1,-1,-1,-1
21,1,1765,637,240,112,1,-1,-1,-1
21,6,2310,533,272,152,1,-1,-1,-1
21,9,27,626,220,168,1,-1,-1,-1
22,1,1767,630,252,118,1,-1,-1,-1
22,9,31,624,231,176,1,-1,-1,-1
23,1,1776,629,252,118,1,-1,-1,-1
23,9,52,630,220,168,1,-1,-1,-1
24,1,1797,630,240,112,1,-1,-1,-1
25,1,1816,604,220,152,1,-1,-1,-1
26,1,1843,604,220,152,1,-1,-1,-1
27,1,1860,608,220,152,1,-1,-1,-1
28,1,1873,608,220,152,1,-1,-1,-1
29,1,1889,609,220,152,1,-1,-1,-1
30,1,1912,611,220,152,1,-1,-1,-1
31,1,1920,610,231,160,1,-1,-1,-1
32,1,1928,611,231,160,1,-1,-1,-1
33,1,1936,632,244,128,1,-1,-1,-1
33,10,876,648,184,124,1,-1,-1,-1
33,11,524,636,220,112,1,-1,-1,-1
34,1,1953,632,244,128,1,-1,-1,-1
34,10,892,648,184,124,1,-1,-1,-1
34,11,540,636,220,112,1,-1,-1,-1
35,1,1958,632,244,128,1,-1,-1,-1
35,10,901,648,184,124,1,-1,-1,-1
35,11,549,637,220,112,1,-1,-1,-1
36,1,1965,631,244,128,1,-1,-1,-1
36,10,908,647,184,124,1,-1,-1,-1
36,11,557,639,210,107,1,-1,-1,-1
37,1,1972,631,244,128,1,-1,-1,-1
37,10,912,649,184,124,1,-1,-1,-1
37,11,558,638,220,112,1,-1,-1,-1
38,1,1986,630,244,128,1,-1,-1,-1
38,10,927,646,184,124,1,-1,-1,-1
38,11,571,636,220,112,1,-1,-1,-1
39,1,1991,628,244,128,1,-1,-1,-1
39,10,930,643,193,130,1,-1,-1,-1
39,11,572,637,220,112,1,-1,-1,-1
40,1,1995,627,244,128,1,-1,-1,-1
41,1,2004,624,244,132,1,-1,-1,-1
41,12,88,656,204,140,1,-1,-1,-1
41,13,968,636,228,140,1,-1,-1,-1
41,14,364,624,156,168,1,-1,-1,-1
41,15,704,628,172,128,1,-1,-1,-1
42,1,2005,619,256,139,1,-1,-1,-1
42,12,93,655,204,140,1,-1,-1,-1
42,13,980,635,228,140,1,-1,-1,-1
42,14,370,624,156,168,1,-1,-1,-1
42,15,710,627,172,128,1,-1,-1,-1
43,1,2011,617,256,139,1,-1,-1,-1
43,12,98,654,204,140,1,-1,-1,-1
43,13,983,633,228,140,1,-1,-1,-1
43,14,375,625,156,168,1,-1,-1,-1
43,15,715,627,172,128,1,-1,-1,-1
44,1,2017,615,256,139,1,-1,-1,-1
44,12,102,656,204,140,1,-1,-1,-1
44,13,995,635,217,133,1,-1,-1,-1
44,14,378,627,156,168,1,-1,-1,-1
44,15,721,627,172,128,1,-1,-1,-1
45,1,2021,614,256,139,1,-1,-1,-1
45,12,106,658,204,140,1,-1,-1,-1
45,13,1000,633,217,133,1,-1,-1,-1
45,14,382,628,156,168,1,-1,-1,-1
45,15,723,628,172,128,1,-1,-1,-1
46,1,2034,612,256,139,1,-1,-1,-1
46,12,112,661,204,140,1,-1,-1,-1
46,13,1008,633,217,133,1,-1,-1,-1
46,14,392,628,156,168,1,-1,-1,-1
46,15,732,626,172,128,1,-1,-1,-1
47,1,2037,611,256,139,1,-1,-1,-1
47,12,116,664,204,140,1,-1,-1,-1
47,14,396,627,156,168,1,-1,-1,-1
47,15,734,626,172,128,1,-1,-1,-1
48,1,2042,609,256,139,1,-1,-1,-1
48,12,126,671,194,133,1,-1,-1,-1
48,14,400,629,156,168,1,-1,-1,-1
48,15,732,623,181,134,1,-1,-1,-1
49,1,2064,608,244,148,1,-1,-1,-1
49,12,126,671,194,133,1,-1,-1,-1
49,14,400,629,156,168,1,-1,-1,-1
49,15,732,623,181,134,1,-1,-1,-1
50,1,2070,609,244,148,1,-1,-1,-1
50,14,413,631,156,168,1,-1,-1,-1
51,1,2074,609,244,148,1,-1,-1,-1
51,14,419,630,156,168,1,-1,-1,-1
52,1,2078,610,244,148,1,-1,-1,-1
53,1,2084,610,244,148,1,-1,-1,-1
54,1,2091,607,244,148,1,-1,-1,-1
55,1,2094,605,244,148,1,-1,-1,-1
56,1,2099,603,244,148,1,-1,-1,-1
57,1,2108,588,236,168,1,-1,-1,-1
57,16,1596,624,288,152,1,-1,-1,-1
57,17,1092,624,172,140,1,-1,-1,-1
57,18,728,656,200,140,1,-1,-1,-1
57,19,156,672,196,124,1,-1,-1,-1
57,20,1480,656,172,108,1,-1,-1,-1
58,1,2114,587,236,168,1,-1,-1,-1
58,16,1599,624,288,152,1,-1,-1,-1
58,17,1093,626,172,140,1,-1,-1,-1
58,18,728,656,200,140,1,-1,-1,-1
58,19,162,671,196,124,1,-1,-1,-1
58,20,1483,657,172,108,1,-1,-1,-1
59,1,2119,586,236,168,1,-1,-1,-1
59,16,1605,625,288,152,1,-1,-1,-1
59,17,1094,627,172,140,1,-1,-1,-1
59,18,729,658,200,140,1,-1,-1,-1
59,19,163,672,196,124,1,-1,-1,-1
59,20,1485,658,172,108,1,-1,-1,-1
60,1,2122,587,236,168,1,-1,-1,-1
60,16,1607,624,288,152,1,-1,-1,-1
60,17,1096,627,172,140,1,-1,-1,-1
60,18,732,658,200,140,1,-1,-1,-1
60,19,165,672,196,124,1,-1,-1,-1
60,20,1488,660,172,108,1,-1,-1,-1
61,1,2126,587,236,168,1,-1,-1,-1
61,16,1610,623,288,152,1,-1,-1,-1
61,17,1097,627,172,140,1,-1,-1,-1
61,18,732,658,200,140,1,-1,-1,-1
61,19,171,674,187,118,1,-1,-1,-1
61,20,1489,661,172,108,1,-1,-1,-1
62,1,2135,588,236,168,1,-1,-1,-1
62,16,1615,624,288,152,1,-1,-1,-1
62,17,1097,628,172,140,1,-1,-1,-1
62,18,735,659,200,140,1,-1,-1,-1
62,19,177,675,187,118,1,-1,-1,-1
62,20,1489,662,172,108,1,-1,-1,-1
63,1,2136,585,248,176,1,-1,-1,-1
63,16,1619,625,288,152,1,-1,-1,-1
63,18,735,659,200,140,1,-1,-1,-1
63,20,1489,662,181,113,1,-1,-1,-1
64,1,2141,586,248,176,1,-1,-1,-1
64,16,1611,622,302,160,1,-1,-1,-1
64,18,734,660,200,140,1,-1,-1,-1
65,1,2140,596,268,156,1,-1,-1,-1
65,16,1656,636,260,140,1,-1,-1,-1
65,18,776,652,168,128,1,-1,-1,-1
65,21,1084,628,204,136,1,-1,-1,-1
65,22,208,692,184,100,1,-1,-1,-1
65,23,0,676,120,116,1,-1,-1,-1
66,1,2145,598,268,156,1,-1,-1,-1
66,16,1664,637,260,140,1,-1,-1,-1
66,18,778,654,168,128,1,-1,-1,-1
66,21,1086,629,204,136,1,-1,-1,-1
66,22,214,692,184,100,1,-1,-1,-1
66,23,2,677,120,116,1,-1,-1,-1
67,1,2149,600,268,156,1,-1,-1,-1
67,16,1671,642,248,133,1,-1,-1,-1
67,18,779,655,168,128,1,-1,-1,-1
67,21,1088,630,204,136,1,-1,-1,-1
67,22,215,694,184,100,1,-1,-1,-1
67,23,3,678,120,116,1,-1,-1,-1
68,1,2151,600,268,156,1,-1,-1,-1
68,18,781,657,168,128,1,-1,-1,-1
68,21,1089,631,204,136,1,-1,-1,-1
68,22,217,694,184,100,1,-1,-1,-1
68,23,5,678,120,116,1,-1,-1,-1
69,1,2147,595,281,164,1,-1,-1,-1
69,18,781,659,168,128,1,-1,-1,-1
69,21,1088,631,204,136,1,-1,-1,-1
69,22,219,694,184,100,1,-1,-1,-1
69,23,5,680,120,116,1,-1,-1,-1
70,1,2153,596,281,164,1,-1,-1,-1
70,18,787,663,160,122,1,-1,-1,-1
70,23,4,683,120,116,1,-1,-1,-1
71,1,2158,595,281,164,1,-1,-1,-1
71,18,788,664,160,122,1,-1,-1,-1
71,23,8,684,120,116,1,-1,-1,-1
72,1,2161,597,281,164,1,-1,-1,-1
72,18,790,664,160,122,1,-1,-1,-1
72,23,7,682,126,122,1,-1,-1,-1
73,1,2176,600,260,160,1,-1,-1,-1
73,18,820,664,152,144,1,-1,-1,-1
73,23,0,684,148,136,1,-1,-1,-1
73,24,1096,652,220,128,1,-1,-1,-1
73,25,628,664,184,128,1,-1,-1,-1
74,1,2174,599,273,168,1,-1,-1,-1
74,18,823,665,152,144,1,-1,-1,-1
74,23,4,684,148,136,1,-1,-1,-1
74,24,1098,654,220,128,1,-1,-1,-1
74,25,631,665,184,128,1,-1,-1,-1
75,1,2177,601,273,168,1,-1,-1,-1
75,18,824,667,152,144,1,-1,-1,-1
75,23,3,685,148,136,1,-1,-1,-1
75,24,1100,656,220,128,1,-1,-1,-1
75,25,634,667,184,128,1,-1,-1,-1
76,1,2187,606,260,160,1,-1,-1,-1
76,18,825,667,152,144,1,-1,-1,-1
76,23,5,686,148,136,1,-1,-1,-1
76,24,1101,658,220,128,1,-1,-1,-1
76,25,634,669,184,128,1,-1,-1,-1
77,1,2192,606,260,160,1,-1,-1,-1
77,18,825,668,152,144,1,-1,-1,-1
77,23,5,686,148,136,1,-1,-1,-1
77,24,1103,659,220,128,1,-1,-1,-1
77,25,634,671,184,128,1,-1,-1,-1
78,1,2199,605,260,160,1,-1,-1,-1
78,18,825,669,152,144,1,-1,-1,-1
78,23,1,684,155,143,1,-1,-1,-1
78,24,1104,660,220,128,1,-1,-1,-1
78,25,640,673,184,128,1,-1,-1,-1
79,1,2202,606,260,160,1,-1,-1,-1
79,18,825,670,152,144,1,-1,-1,-1
79,23,2,684,155,143,1,-1,-1,-1
79,25,641,672,184,128,1,-1,-1,-1
80,1,2203,604,260,160,1,-1,-1,-1
80,18,823,671,152,144,1,-1,-1,-1
80,23,6,683,155,143,1,-1,-1,-1
80,25,637,668,193,134,1,-1,-1,-1
81,1,2216,616,264,152,1,-1,-1,-1
81,18,823,671,152,144,1,-1,-1,-1
81,23,6,683,155,143,1,-1,-1,-1
81,25,664,656,220,144,1,-1,-1,-1
81,26,1124,656,216,128,1,-1,-1,-1
81,27,1732,700,128,80,1,-1,-1,-1
81,28,488,664,208,156,1,-1,-1,-1
82,1,2220,613,264,152,1,-1,-1,-1
82,23,14,685,155,143,1,-1,-1,-1
82,25,667,657,220,144,1,-1,-1,-1
82,26,1125,656,216,128,1,-1,-1,-1
82,27,1741,699,128,80,1,-1,-1,-1
82,28,491,664,208,156,1,-1,-1,-1
83,1,2223,614,264,152,1,-1,-1,-1
83,23,16,684,155,143,1,-1,-1,-1
83,25,663,653,231,151,1,-1,-1,-1
83,26,1126,658,216,128,1,-1,-1,-1
83,27,1744,696,128,80,1,-1,-1,-1
83,28,494,665,208,156,1,-1,-1,-1
84,1,2224,614,264,152,1,-1,-1,-1
84,25,668,654,231,151,1,-1,-1,-1
84,26,1130,659,216,128,1,-1,-1,-1
84,27,1752,694,128,80,1,-1,-1,-1
84,28,496,666,208,156,1,-1,-1,-1
85,1,2228,615,264,152,1,-1,-1,-1
85,25,675,657,220,144,1,-1,-1,-1
85,26,1125,656,227,134,1,-1,-1,-1
85,27,1761,689,128,80,1,-1,-1,-1
85,28,497,666,208,156,1,-1,-1,-1
86,1,2235,616,264,152,1,-1,-1,-1
86,25,680,659,220,144,1,-1,-1,-1
86,26,1128,656,227,134,1,-1,-1,-1
86,28,501,668,208,156,1,-1,-1,-1
87,1,2237,615,264,152,1,-1,-1,-1
87,25,682,657,220,144,1,-1,-1,-1
87,28,502,668,208,156,1,-1,-1,-1
88,1,2240,614,264,152,1,-1,-1,-1
88,25,692,657,210,137,1,-1,-1,-1
88,28,498,662,218,164,1,-1,-1,-1
89,1,2264,604,228,148,1,-1,-1,-1
89,25,692,657,210,137,1,-1,-1,-1
89,28,498,662,218,164,1,-1,-1,-1
89,29,1160,660,224,132,1,-1,-1,-1
89,30,1808,672,260,108,1,-1,-1,-1
89,31,1572,664,200,124,1,-1,-1,-1
97,32,2020,624,316,160,1,-1,-1,-1
97,33,428,628,220,180,1,-1,-1,-1
97,34,1124,632,336,132,1,-1,-1,-1
97,35,1736,620,260,176,1,-1,-1,-1
97,36,776,596,224,224,1,-1,-1,-1
97,37,8,668,188,140,1,-1,-1,-1
97,38,216,640,228,152,1,-1,-1,-1
98,32,2062,623,316,160,1,-1,-1,-1
98,33,411,627,220,180,1,-1,-1,-1
98,35,1771,619,260,176,1,-1,-1,-1
98,36,775,594,224,224,1,-1,-1,-1
98,37,-27,664,197,147,1,-1,-1,-1
98,38,192,637,228,152,1,-1,-1,-1
99,32,2084,617,332,168,1,-1,-1,-1
99,33,401,626,220,180,1,-1,-1,-1
99,35,1796,619,260,176,1,-1,-1,-1
99,36,768,593,224,224,1,-1,-1,-1
99,37,-49,665,197,147,1,-1,-1,-1
99,38,172,637,228,152,1,-1,-1,-1
100,32,2115,615,332,168,1,-1,-1,-1
100,33,393,626,220,180,1,-1,-1,-1
100,35,1827,623,248,168,1,-1,-1,-1
100,36,763,594,224,224,1,-1,-1,-1
100,37,-67,663,197,147,1,-1,-1,-1
100,38,152,634,239,160,1,-1,-1,-1
101,32,2142,614,332,168,1,-1,-1,-1
101,33,382,625,220,180,1,-1,-1,-1
101,36,753,592,224,224,1,-1,-1,-1
101,38,136,633,239,160,1,-1,-1,-1
102,32,2200,612,332,168,1,-1,-1,-1
102,33,353,618,231,189,1,-1,-1,-1
102,36,742,589,224,224,1,-1,-1,-1
102,38,98,628,251,168,1,-1,-1,-1
103,32,2216,602,348,176,1,-1,-1,-1
103,33,338,613,243,198,1,-1,-1,-1
103,36,739,589,224,224,1,-1,-1,-1
103,38,81,626,264,176,1,-1,-1,-1
104,32,2209,598,366,185,1,-1,-1,-1
104,33,338,614,243,198,1,-1,-1,-1
104,36,732,583,235,235,1,-1,-1,-1
104,38,87,632,251,168,1,-1,-1,-1
105,32,2204,592,352,208,1,-1,-1,-1
105,33,336,608,260,216,1,-1,-1,-1
105,36,740,588,280,220,1,-1,-1,-1
105,38,104,624,240,176,1,-1,-1,-1
105,39,1224,636,324,168,1,-1,-1,-1
105,40,624,612,164,200,1,-1,-1,-1
105,41,1076,620,148,176,1,-1,-1,-1
105,42,1924,612,292,180,1,-1,-1,-1
106,32,2208,591,352,208,1,-1,-1,-1
106,33,342,608,260,216,1,-1,-1,-1
106,36,743,588,280,220,1,-1,-1,-1
106,38,109,626,240,176,1,-1,-1,-1
106,39,1221,631,340,176,1,-1,-1,-1
106,40,628,613,164,200,1,-1,-1,-1
106,41,1080,621,148,176,1,-1,-1,-1
106,42,1924,610,307,189,1,-1,-1,-1
107,32,2209,592,352,208,1,-1,-1,-1
107,33,346,607,260,216,1,-1,-1,-1
107,36,746,586,280,220,1,-1,-1,-1
107,38,117,629,229,168,1,-1,-1,-1
107,39,1235,632,324,168,1,-1,-1,-1
107,40,630,611,164,200,1,-1,-1,-1
107,41,1084,620,148,176,1,-1,-1,-1
107,42,1937,618,292,180,1,-1,-1,-1
108,32,2216,589,352,208,1,-1,-1,-1
108,33,349,605,260,216,1,-1,-1,-1
108,36,748,586,280,220,1,-1,-1,-1
108,38,121,628,229,168,1,-1,-1,-1
108,39,1230,625,340,176,1,-1,-1,-1
108,40,632,612,164,200,1,-1,-1,-1
108,41,1086,621,148,176,1,-1,-1,-1
109,32,2215,589,352,208,1,-1,-1,-1
109,33,354,605,260,216,1,-1,-1,-1
109,36,750,585,280,220,1,-1,-1,-1
109,38,126,629,229,168,1,-1,-1,-1
109,39,1233,626,340,176,1,-1,-1,-1
109,40,632,611,164,200,1,-1,-1,-1
109,41,1089,621,148,176,1,-1,-1,-1
110,32,2209,580,370,218,1,-1,-1,-1
110,33,363,604,260,216,1,-1,-1,-1
110,36,766,589,267,210,1,-1,-1,-1
110,38,135,628,229,168,1,-1,-1,-1
110,39,1237,626,340,176,1,-1,-1,-1
110,40,636,610,164,200,1,-1,-1,-1
110,41,1095,622,148,176,1,-1,-1,-1
111,32,2217,577,370,218,1,-1,-1,-1
111,33,370,602,260,216,1,-1,-1,-1
111,36,770,589,267,210,1,-1,-1,-1
111,38,140,627,229,168,1,-1,-1,-1
111,40,639,610,164,200,1,-1,-1,-1
111,41,1097,624,148,176,1,-1,-1,-1
112,32,2229,583,352,208,1,-1,-1,-1
112,33,366,597,273,227,1,-1,-1,-1
112,36,772,587,267,210,1,-1,-1,-1
112,38,146,627,229,168,1,-1,-1,-1
112,40,639,610,164,200,1,-1,-1,-1
112,41,1102,627,141,168,1,-1,-1,-1
113,32,2248,568,308,216,1,-1,-1,-1
113,33,388,584,276,232,1,-1,-1,-1
113,36,792,584,288,228,1,-1,-1,-1
113,38,168,644,220,176,1,-1,-1,-1
113,40,648,596,156,216,1,-1,-1,-1
113,41,1102,627,141,168,1,-1,-1,-1
113,43,1248,624,340,172,1,-1,-1,-1
113,44,0,640,104,180,1,-1,-1,-1
113,45,1860,824,136,228,1,-1,-1,-1
114,32,2261,571,308,216,1,-1,-1,-1
114,33,397,589,263,221,1,-1,-1,-1
114,36,793,582,288,228,1,-1,-1,-1
114,38,174,644,220,176,1,-1,-1,-1
114,40,651,595,156,216,1,-1,-1,-1
114,41,1108,621,148,176,1,-1,-1,-1
114,43,1251,622,340,172,1,-1,-1,-1
114,44,2,640,104,180,1,-1,-1,-1
114,45,1861,825,136,228,1,-1,-1,-1
115,32,2266,569,308,216,1,-1,-1,-1
115,33,396,583,276,232,1,-1,-1,-1
115,36,790,576,302,239,1,-1,-1,-1
115,38,176,643,220,176,1,-1,-1,-1
115,40,657,602,149,206,1,-1,-1,-1
115,41,1111,620,148,176,1,-1,-1,-1
115,43,1252,621,340,172,1,-1,-1,-1
115,44,3,637,104,180,1,-1,-1,-1
115,45,1862,824,136,228,1,-1,-1,-1
116,32,2270,569,308,216,1,-1,-1,-1
116,33,399,583,276,232,1,-1,-1,-1
116,36,790,578,302,239,1,-1,-1,-1
116,38,177,641,220,176,1,-1,-1,-1
116,40,656,598,156,216,1,-1,-1,-1
116,41,1114,620,148,176,1,-1,-1,-1
116,43,1254,620,340,172,1,-1,-1,-1
116,44,5,636,104,180,1,-1,-1,-1
116,45,1862,825,136,228,1,-1,-1,-1
117,32,2271,569,308,216,1,-1,-1,-1
117,33,401,581,276,232,1,-1,-1,-1
117,36,791,576,302,239,1,-1,-1,-1
117,38,179,641,220,176,1,-1,-1,-1
117,40,653,592,164,227,1,-1,-1,-1
117,41,1114,619,148,176,1,-1,-1,-1
117,43,1261,618,340,172,1,-1,-1,-1
117,44,7,632,104,180,1,-1,-1,-1
117,45,1862,824,136,228,1,-1,-1,-1
118,32,2283,569,308,216,1,-1,-1,-1
118,33,406,580,276,232,1,-1,-1,-1
118,36,798,576,302,239,1,-1,-1,-1
118,38,176,632,231,185,1,-1,-1,-1
118,40,653,591,164,227,1,-1,-1,-1
118,43,1258,617,357,181,1,-1,-1,-1
118,44,11,628,104,180,1,-1,-1,-1
118,45,1863,824,136,228,1,-1,-1,-1
119,32,2283,565,308,216,1,-1,-1,-1
119,33,409,580,276,232,1,-1,-1,-1
119,36,795,577,302,239,1,-1,-1,-1
119,38,177,635,231,185,1,-1,-1,-1
119,40,654,591,164,227,1,-1,-1,-1
119,43,1257,619,357,181,1,-1,-1,-1
119,44,14,626,104,180,1,-1,-1,-1
119,45,1863,823,136,228,1,-1,-1,-1
120,32,2287,566,308,216,1,-1,-1,-1
120,33,412,577,276,232,1,-1,-1,-1
120,36,790,576,302,239,1,-1,-1,-1
120,38,178,631,231,185,1,-1,-1,-1
120,40,654,589,164,227,1,-1,-1,-1
120,43,1259,618,357,181,1,-1,-1,-1
120,44,16,620,109,189,1,-1,-1,-1
120,45,1863,822,136,228,1,-1,-1,-1
121,32,2324,624,236,152,1,-1,-1,-1
121,33,456,540,236,272,1,-1,-1,-1
121,36,832,580,296,216,1,-1,-1,-1
121,38,228,600,164,208,1,-1,-1,-1
121,40,612,600,236,228,1,-1,-1,-1
121,43,1268,604,368,192,1,-1,-1,-1
121,44,0,612,144,220,1,-1,-1,-1
121,45,1863,822,136,228,1,-1,-1,-1
121,46,2068,608,272,196,1,-1,-1,-1
122,32,2333,621,236,152,1,-1,-1,-1
122,33,461,538,236,272,1,-1,-1,-1
122,36,835,582,296,216,1,-1,-1,-1
122,38,232,603,164,208,1,-1,-1,-1
122,40,616,599,236,228,1,-1,-1,-1
122,43,1269,603,368,192,1,-1,-1,-1
122,44,5,611,144,220,1,-1,-1,-1
122,45,1865,821,136,228,1,-1,-1,-1
122,46,2077,606,272,196,1,-1,-1,-1
123,32,2341,620,236,152,1,-1,-1,-1
123,33,464,539,236,272,1,-1,-1,-1
123,36,838,581,296,216,1,-1,-1,-1
123,38,236,606,164,208,1,-1,-1,-1
123,40,619,598,236,228,1,-1,-1,-1
123,43,1264,600,386,202,1,-1,-1,-1
123,44,9,613,144,220,1,-1,-1,-1
123,45,1866,821,136,228,1,-1,-1,-1
123,46,2082,608,272,196,1,-1,-1,-1
124,32,2347,619,236,152,1,-1,-1,-1
124,33,469,538,236,272,1,-1,-1,-1
124,36,840,580,296,216,1,-1,-1,-1
124,38,239,605,164,208,1,-1,-1,-1
124,40,619,596,236,228,1,-1,-1,-1
124,43,1267,605,386,202,1,-1,-1,-1
124,44,13,612,144,220,1,-1,-1,-1
124,45,1866,820,136,228,1,-1,-1,-1
124,46,2082,603,286,206,1,-1,-1,-1
125,32,2353,616,236,152,1,-1,-1,-1
125,33,471,537,236,272,1,-1,-1,-1
125,36,841,580,296,216,1,-1,-1,-1
125,38,240,603,164,208,1,-1,-1,-1
125,40,622,596,236,228,1,-1,-1,-1
125,43,1278,612,368,192,1,-1,-1,-1
125,44,15,611,144,220,1,-1,-1,-1
125,45,1867,820,136,228,1,-1,-1,-1
125,46,2086,603,286,206,1,-1,-1,-1
126,32,2370,612,236,152,1,-1,-1,-1
126,33,480,538,236,272,1,-1,-1,-1
126,36,845,579,296,216,1,-1,-1,-1
126,38,245,603,164,208,1,-1,-1,-1
126,40,637,602,225,217,1,-1,-1,-1
126,43,1285,614,368,192,1,-1,-1,-1
126,44,20,611,144,220,1,-1,-1,-1
126,45,1868,820,136,228,1,-1,-1,-1
126,46,2103,600,286,206,1,-1,-1,-1
127,32,2377,610,236,152,1,-1,-1,-1
127,33,485,539,236,272,1,-1,-1,-1
127,36,848,580,296,216,1,-1,-1,-1
127,38,248,603,164,208,1,-1,-1,-1
127,40,638,605,225,217,1,-1,-1,-1
127,43,1292,619,368,192,1,-1,-1,-1
127,44,21,614,144,220,1,-1,-1,-1
127,45,1868,820,136,228,1,-1,-1,-1
127,46,2109,602,286,206,1,-1,-1,-1
128,32,2384,607,236,152,1,-1,-1,-1
128,33,486,540,236,272,1,-1,-1,-1
128,36,854,579,296,216,1,-1,-1,-1
128,38,250,604,164,208,1,-1,-1,-1
128,40,639,604,225,217,1,-1,-1,-1
128,43,1312,625,350,183,1,-1,-1,-1
128,44,22,614,144,220,1,-1,-1,-1
128,45,1869,819,136,228,1,-1,-1,-1
128,46,2112,602,286,206,1,-1,-1,-1
129,32,2396,612,164,164,1,-1,-1,-1
129,33,516,564,196,244,1,-1,-1,-1
129,36,840,576,320,216,1,-1,-1,-1
129,38,264,624,148,184,1,-1,-1,-1
129,40,660,564,228,240,1,-1,-1,-1
129,43,1332,620,372,176,1,-1,-1,-1
129,44,0,620,204,216,1,-1,-1,-1
129,45,1840,816,168,228,1,-1,-1,-1
129,46,2124,628,284,160,1,-1,-1,-1
130,32,2409,610,164,164,1,-1,-1,-1
130,33,520,563,196,244,1,-1,-1,-1
130,36,847,576,320,216,1,-1,-1,-1
130,38,269,625,148,184,1,-1,-1,-1
130,40,667,562,228,240,1,-1,-1,-1
130,43,1346,621,372,176,1,-1,-1,-1
130,44,4,619,204,216,1,-1,-1,-1
130,45,1841,816,168,228,1,-1,-1,-1
130,46,2125,622,298,168,1,-1,-1,-1
131,32,2417,610,164,164,1,-1,-1,-1
131,33,529,568,187,232,1,-1,-1,-1
131,36,851,577,320,216,1,-1,-1,-1
131,38,277,629,141,175,1,-1,-1,-1
131,40,670,563,228,240,1,-1,-1,-1
131,43,1351,620,372,176,1,-1,-1,-1
131,44,5,619,204,216,1,-1,-1,-1
131,45,1842,816,168,228,1,-1,-1,-1
131,46,2133,620,298,168,1,-1,-1,-1
132,32,2427,607,164,164,1,-1,-1,-1
132,33,536,567,187,232,1,-1,-1,-1
132,36,852,578,320,216,1,-1,-1,-1
132,38,279,628,141,175,1,-1,-1,-1
132,40,671,564,228,240,1,-1,-1,-1
132,43,1348,612,391,185,1,-1,-1,-1
132,44,7,619,204,216,1,-1,-1,-1
132,45,1843,816,168,228,1,-1,-1,-1
132,46,2137,618,298,168,1,-1,-1,-1
133,32,2436,604,164,164,1,-1,-1,-1
133,33,533,569,187,232,1,-1,-1,-1
133,36,852,580,320,216,1,-1,-1,-1
133,38,282,628,141,175,1,-1,-1,-1
133,40,662,559,239,252,1,-1,-1,-1
133,43,1352,608,391,185,1,-1,-1,-1
133,44,8,620,204,216,1,-1,-1,-1
133,45,1843,816,168,228,1,-1,-1,-1
133,46,2140,616,298,168,1,-1,-1,-1
134,32,2447,603,164,164,1,-1,-1,-1
134,33,528,563,196,244,1,-1,-1,-1
134,36,852,581,320,216,1,-1,-1,-1
134,38,283,625,148,184,1,-1,-1,-1
134,40,660,558,239,252,1,-1,-1,-1
134,44,11,619,204,216,1,-1,-1,-1
134,45,1842,814,168,228,1,-1,-1,-1
134,46,2156,617,284,160,1,-1,-1,-1
135,36,843,577,336,227,1,-1,-1,-1
135,38,288,624,148,184,1,-1,-1,-1
135,40,660,557,239,252,1,-1,-1,-1
135,44,13,620,204,216,1,-1,-1,-1
135,45,1843,815,168,228,1,-1,-1,-1
135,46,2152,611,298,168,1,-1,-1,-1
136,38,287,620,155,193,1,-1,-1,-1
136,40,658,557,239,252,1,-1,-1,-1
136,44,17,620,204,216,1,-1,-1,-1
136,45,1843,815,168,228,1,-1,-1,-1
136,46,2155,609,298,168,1,-1,-1,-1
137,38,296,616,168,172,1,-1,-1,-1
137,40,672,560,300,248,1,-1,-1,-1
137,44,0,628,244,212,1,-1,-1,-1
137,45,1868,808,140,232,1,-1,-1,-1
137,46,2152,608,324,176,1,-1,-1,-1
137,47,1408,600,384,184,1,-1,-1,-1
137,48,880,576,300,232,1,-1,-1,-1
137,49,556,600,200,208,1,-1,-1,-1
137,50,2472,604,88,164,1,-1,-1,-1
138,38,302,616,168,172,1,-1,-1,-1
138,40,672,559,300,248,1,-1,-1,-1
138,44,4,629,244,212,1,-1,-1,-1
138,45,1867,808,140,232,1,-1,-1,-1
138,46,2159,609,324,176,1,-1,-1,-1
138,47,1416,597,384,184,1,-1,-1,-1
138,48,883,577,300,232,1,-1,-1,-1
138,49,561,601,200,208,1,-1,-1,-1
138,50,2488,603,88,164,1,-1,-1,-1
139,38,305,615,168,172,1,-1,-1,-1
139,40,677,563,300,248,1,-1,-1,-1
139,44,9,629,244,212,1,-1,-1,-1
139,45,1866,809,140,232,1,-1,-1,-1
139,46,2164,608,324,176,1,-1,-1,-1
139,47,1420,596,384,184,1,-1,-1,-1
139,48,885,579,300,232,1,-1,-1,-1
139,49,563,602,200,208,1,-1,-1,-1
140,38,304,610,176,181,1,-1,-1,-1
140,40,665,557,315,260,1,-1,-1,-1
140,44,11,629,244,212,1,-1,-1,-1
140,45,1865,809,140,232,1,-1,-1,-1
140,46,2170,608,324,176,1,-1,-1,-1
140,47,1425,594,384,184,1,-1,-1,-1
140,48,885,581,300,232,1,-1,-1,-1
140,49,565,602,200,208,1,-1,-1,-1
141,38,309,608,176,181,1,-1,-1,-1
141,40,671,557,315,260,1,-1,-1,-1
141,44,12,628,244,212,1,-1,-1,-1
141,45,1865,809,140,232,1,-1,-1,-1
141,46,2171,608,324,176,1,-1,-1,-1
141,47,1415,589,403,193,1,-1,-1,-1
141,48,884,582,300,232,1,-1,-1,-1
141,49,566,603,200,208,1,-1,-1,-1
142,38,314,609,176,181,1,-1,-1,-1
142,40,674,566,300,248,1,-1,-1,-1
142,44,18,628,244,212,1,-1,-1,-1
142,45,1864,807,140,232,1,-1,-1,-1
142,46,2173,604,340,185,1,-1,-1,-1
142,47,1416,588,403,193,1,-1,-1,-1
142,48,887,579,300,232,1,-1,-1,-1
142,49,570,602,200,208,1,-1,-1,-1
143,38,318,610,176,181,1,-1,-1,-1
143,40,671,555,315,260,1,-1,-1,-1
143,44,17,629,244,212,1,-1,-1,-1
143,45,1862,806,140,232,1,-1,-1,-1
143,46,2178,603,340,185,1,-1,-1,-1
143,47,1415,587,403,193,1,-1,-1,-1
143,48,887,579,300,232,1,-1,-1,-1
143,49,571,601,200,208,1,-1,-1,-1
144,38,319,605,185,190,1,-1,-1,-1
144,40,670,556,315,260,1,-1,-1,-1
144,44,8,622,256,223,1,-1,-1,-1
144,45,1860,807,140,232,1,-1,-1,-1
144,46,2172,598,357,194,1,-1,-1,-1
144,47,1418,587,403,193,1,-1,-1,-1
144,48,889,580,300,232,1,-1,-1,-1
144,49,572,601,200,208,1,-1,-1,-1
145,38,312,604,220,212,1,-1,-1,-1
145,40,720,528,288,292,1,-1,-1,-1
145,44,48,604,244,216,1,-1,-1,-1
145,45,1848,812,156,220,1,-1,-1,-1
145,46,2180,608,368,184,1,-1,-1,-1
145,47,1464,592,360,200,1,-1,-1,-1
145,48,908,596,292,212,1,-1,-1,-1
145,49,576,556,196,260,1,-1,-1,-1
146,38,317,603,220,212,1,-1,-1,-1
146,40,722,529,288,292,1,-1,-1,-1
146,44,54,607,244,216,1,-1,-1,-1
146,45,1848,811,156,220,1,-1,-1,-1
146,46,2182,609,368,184,1,-1,-1,-1
146,47,1467,592,360,200,1,-1,-1,-1
146,48,911,595,292,212,1,-1,-1,-1
146,49,582,560,187,248,1,-1,-1,-1
147,38,322,603,220,212,1,-1,-1,-1
147,40,726,528,288,292,1,-1,-1,-1
147,44,62,609,244,216,1,-1,-1,-1
147,45,1849,810,156,220,1,-1,-1,-1
147,46,2187,609,368,184,1,-1,-1,-1
147,47,1460,588,378,210,1,-1,-1,-1
147,48,914,595,292,212,1,-1,-1,-1
147,49,585,559,187,248,1,-1,-1,-1
