1,0,1712,120,388,768,1,-1,-1,-1
1,1,324,508,800,804,1,-1,-1,-1
1,2,1328,176,520,980,1,-1,-1,-1
1,3,900,120,416,860,1,-1,-1,-1
1,4,1204,104,244,500,1,-1,-1,-1
2,0,1711,121,388,768,1,-1,-1,-1
2,1,329,517,800,804,1,-1,-1,-1
2,2,1327,177,520,980,1,-1,-1,-1
2,3,900,120,416,860,1,-1,-1,-1
2,4,1203,102,244,500,1,-1,-1,-1
3,0,1710,116,388,768,1,-1,-1,-1
3,1,344,529,800,804,1,-1,-1,-1
3,2,1324,173,520,980,1,-1,-1,-1
3,3,900,122,416,860,1,-1,-1,-1
3,4,1201,99,244,500,1,-1,-1,-1
4,0,1708,114,388,768,1,-1,-1,-1
4,1,370,555,800,804,1,-1,-1,-1
4,2,1322,173,520,980,1,-1,-1,-1
4,3,908,122,416,860,1,-1,-1,-1
4,4,1199,98,244,500,1,-1,-1,-1
5,0,1707,115,388,768,1,-1,-1,-1
5,1,386,571,800,804,1,-1,-1,-1
5,2,1323,173,520,980,1,-1,-1,-1
5,3,909,129,416,860,1,-1,-1,-1
5,4,1197,98,244,500,1,-1,-1,-1
6,0,1706,117,388,768,1,-1,-1,-1
6,1,407,589,800,804,1,-1,-1,-1
6,2,1322,174,520,980,1,-1,-1,-1
6,3,905,124,416,860,1,-1,-1,-1
6,4,1195,96,244,500,1,-1,-1,-1
7,0,1702,120,388,768,1,-1,-1,-1
7,1,487,621,762,766,1,-1,-1,-1
7,2,1318,175,520,980,1,-1,-1,-1
7,3,894,108,437,903,1,-1,-1,-1
7,4,1189,93,244,500,1,-1,-1,-1
8,0,1700,119,388,768,1,-1,-1,-1
8,1,567,629,762,766,1,-1,-1,-1
8,2,1315,175,520,980,1,-1,-1,-1
8,3,876,90,459,948,1,-1,-1,-1
8,4,1189,89,244,500,1,-1,-1,-1
9,0,1700,116,384,772,1,-1,-1,-1
9,1,516,568,1048,800,1,-1,-1,-1
9,2,1324,192,512,972,1,-1,-1,-1
9,3,876,90,459,948,1,-1,-1,-1
9,4,1200,60,280,548,1,-1,-1,-1
9,5,692,132,532,516,1,-1,-1,-1
10,0,1696,119,384,772,1,-1,-1,-1
10,1,525,579,1048,800,1,-1,-1,-1
10,2,1332,215,488,926,1,-1,-1,-1
10,3,863,99,459,948,1,-1,-1,-1
10,4,1196,63,280,548,1,-1,-1,-1
10,5,675,123,559,542,1,-1,-1,-1
11,0,1679,104,403,811,1,-1,-1,-1
11,1,523,588,1048,800,1,-1,-1,-1
11,2,1325,219,488,926,1,-1,-1,-1
11,3,857,100,459,948,1,-1,-1,-1
11,4,1192,68,280,548,1,-1,-1,-1
11,5,669,128,559,542,1,-1,-1,-1
12,0,1674,102,403,811,1,-1,-1,-1
12,1,527,595,1048,800,1,-1,-1,-1
12,2,1320,224,488,926,1,-1,-1,-1
12,3,853,98,459,948,1,-1,-1,-1
12,4,1189,70,280,548,1,-1,-1,-1
12,5,665,133,559,542,1,-1,-1,-1
13,0,1668,97,403,811,1,-1,-1,-1
13,1,535,596,1048,800,1,-1,-1,-1
13,2,1309,204,512,972,1,-1,-1,-1
13,3,848,96,459,948,1,-1,-1,-1
13,4,1187,71,280,548,1,-1,-1,-1
13,5,662,136,559,542,1,-1,-1,-1
14,0,1675,116,384,772,1,-1,-1,-1
14,1,546,601,1048,800,1,-1,-1,-1
14,2,1308,205,512,972,1,-1,-1,-1
14,3,859,118,437,903,1,-1,-1,-1
14,4,1183,70,280,548,1,-1,-1,-1
14,5,659,139,559,542,1,-1,-1,-1
15,0,1672,118,384,772,1,-1,-1,-1
15,1,553,607,1048,800,1,-1,-1,-1
15,2,1310,202,512,972,1,-1,-1,-1
15,3,853,112,437,903,1,-1,-1,-1
15,4,1180,71,280,548,1,-1,-1,-1
15,5,656,141,559,542,1,-1,-1,-1
16,0,1670,123,384,772,1,-1,-1,-1
16,1,570,620,1048,800,1,-1,-1,-1
16,2,1308,198,512,972,1,-1,-1,-1
16,3,847,109,437,903,1,-1,-1,-1
16,4,1174,69,280,548,1,-1,-1,-1
16,5,649,140,559,542,1,-1,-1,-1
17,0,1704,128,336,756,1,-1,-1,-1
17,1,596,600,1176,816,1,-1,-1,-1
17,2,1284,204,504,956,1,-1,-1,-1
17,3,847,109,437,903,1,-1,-1,-1
17,4,1168,64,284,552,1,-1,-1,-1
17,5,672,140,520,624,1,-1,-1,-1
18,0,1701,127,336,756,1,-1,-1,-1
18,1,629,620,1120,777,1,-1,-1,-1
18,2,1290,196,504,956,1,-1,-1,-1
18,3,835,97,437,903,1,-1,-1,-1
18,4,1165,60,284,552,1,-1,-1,-1
18,5,666,141,520,624,1,-1,-1,-1
19,0,1698,127,336,756,1,-1,-1,-1
19,1,635,622,1120,777,1,-1,-1,-1
19,2,1294,191,504,956,1,-1,-1,-1
19,3,835,101,416,860,1,-1,-1,-1
19,4,1162,57,284,552,1,-1,-1,-1
19,5,660,144,520,624,1,-1,-1,-1
20,0,1690,124,336,756,1,-1,-1,-1
20,1,607,612,1176,816,1,-1,-1,-1
20,2,1294,190,504,956,1,-1,-1,-1
20,3,832,100,416,860,1,-1,-1,-1
20,4,1157,56,284,552,1,-1,-1,-1
20,5,657,145,520,624,1,-1,-1,-1
21,0,1684,124,336,756,1,-1,-1,-1
21,1,604,619,1176,816,1,-1,-1,-1
21,2,1302,214,480,910,1,-1,-1,-1
21,3,829,100,416,860,1,-1,-1,-1
21,4,1153,56,284,552,1,-1,-1,-1
21,5,651,143,520,624,1,-1,-1,-1
22,0,1677,126,336,756,1,-1,-1,-1
22,1,601,625,1176,815,1,-1,-1,-1
22,2,1295,218,480,910,1,-1,-1,-1
22,3,828,105,416,860,1,-1,-1,-1
22,4,1150,60,284,552,1,-1,-1,-1
22,5,645,146,520,624,1,-1,-1,-1
23,0,1671,136,336,756,1,-1,-1,-1
23,1,584,631,1176,809,1,-1,-1,-1
23,2,1281,222,480,910,1,-1,-1,-1
23,3,824,108,416,860,1,-1,-1,-1
23,4,1143,67,284,552,1,-1,-1,-1
23,5,635,150,520,624,1,-1,-1,-1
24,0,1661,135,336,756,1,-1,-1,-1
24,1,574,639,1176,801,1,-1,-1,-1
24,2,1269,228,480,910,1,-1,-1,-1
24,3,819,127,396,819,1,-1,-1,-1
24,4,1133,72,284,552,1,-1,-1,-1
24,5,621,155,520,624,1,-1,-1,-1
25,0,1624,148,336,748,1,-1,-1,-1
25,1,574,639,1176,801,1,-1,-1,-1
25,2,1269,228,480,910,1,-1,-1,-1
25,3,819,127,396,819,1,-1,-1,-1
25,4,1133,72,284,552,1,-1,-1,-1
25,5,640,156,492,704,1,-1,-1,-1
26,0,1624,148,336,748,1,-1,-1,-1
26,1,568,653,1176,787,1,-1,-1,-1
26,2,1250,237,480,910,1,-1,-1,-1
26,3,800,135,396,819,1,-1,-1,-1
26,4,1115,78,284,552,1,-1,-1,-1
26,5,640,156,492,704,1,-1,-1,-1
27,0,1615,152,336,748,1,-1,-1,-1
27,1,545,670,1176,770,1,-1,-1,-1
27,2,1236,246,480,910,1,-1,-1,-1
27,3,784,147,396,819,1,-1,-1,-1
27,4,1102,80,284,552,1,-1,-1,-1
27,5,627,164,492,704,1,-1,-1,-1
28,0,1603,180,336,748,1,-1,-1,-1
28,1,525,691,1176,749,1,-1,-1,-1
28,2,1220,275,480,910,1,-1,-1,-1
28,3,764,162,396,819,1,-1,-1,-1
28,4,1083,88,298,580,1,-1,-1,-1
28,5,609,181,492,704,1,-1,-1,-1
29,0,1598,179,336,748,1,-1,-1,-1
29,1,522,696,1176,744,1,-1,-1,-1
29,2,1203,256,504,956,1,-1,-1,-1
29,3,749,148,416,860,1,-1,-1,-1
29,4,1080,91,298,580,1,-1,-1,-1
29,5,606,184,492,704,1,-1,-1,-1
30,0,1598,188,336,748,1,-1,-1,-1
30,1,510,705,1176,735,1,-1,-1,-1
30,2,1200,266,504,956,1,-1,-1,-1
30,3,741,157,416,860,1,-1,-1,-1
30,4,1080,99,298,580,1,-1,-1,-1
30,5,604,193,492,704,1,-1,-1,-1
31,0,1598,198,336,748,1,-1,-1,-1
31,1,507,713,1176,727,1,-1,-1,-1
31,2,1196,275,504,956,1,-1,-1,-1
31,3,748,170,416,860,1,-1,-1,-1
31,4,1084,106,298,580,1,-1,-1,-1
31,5,609,198,492,704,1,-1,-1,-1
32,0,1602,199,336,748,1,-1,-1,-1
32,1,513,708,1176,732,1,-1,-1,-1
32,2,1199,279,504,956,1,-1,-1,-1
32,3,739,150,437,903,1,-1,-1,-1
32,4,1090,107,298,580,1,-1,-1,-1
32,5,616,198,492,704,1,-1,-1,-1
33,0,1624,156,384,772,1,-1,-1,-1
33,1,532,632,1176,792,1,-1,-1,-1
33,2,1199,279,504,956,1,-1,-1,-1
33,3,739,150,437,903,1,-1,-1,-1
33,4,1090,107,298,580,1,-1,-1,-1
33,5,648,188,488,688,1,-1,-1,-1
33,6,128,280,152,112,1,-1,-1,-1
34,0,1624,156,384,772,1,-1,-1,-1
34,1,532,632,1176,792,1,-1,-1,-1
34,2,1198,236,529,1004,1,-1,-1,-1
34,3,759,135,437,903,1,-1,-1,-1
34,4,1101,91,298,580,1,-1,-1,-1
34,5,648,188,488,688,1,-1,-1,-1
34,6,128,280,152,112,1,-1,-1,-1
35,0,1628,151,384,772,1,-1,-1,-1
35,1,540,620,1176,792,1,-1,-1,-1
35,2,1221,216,529,1004,1,-1,-1,-1
35,3,775,108,437,903,1,-1,-1,-1
35,4,1109,83,298,580,1,-1,-1,-1
35,5,658,178,488,688,1,-1,-1,-1
35,6,143,276,152,112,1,-1,-1,-1
36,0,1643,133,384,772,1,-1,-1,-1
36,1,551,600,1176,792,1,-1,-1,-1
36,2,1237,200,529,1004,1,-1,-1,-1
36,3,787,94,437,903,1,-1,-1,-1
36,4,1120,69,298,580,1,-1,-1,-1
36,5,668,166,488,688,1,-1,-1,-1
36,6,159,265,152,112,1,-1,-1,-1
37,0,1656,131,384,772,1,-1,-1,-1
37,1,563,577,1176,792,1,-1,-1,-1
37,2,1266,203,504,956,1,-1,-1,-1
37,3,804,85,437,903,1,-1,-1,-1
37,4,1133,60,298,580,1,-1,-1,-1
37,5,682,154,488,688,1,-1,-1,-1
37,6,178,256,152,112,1,-1,-1,-1
38,0,1669,129,384,772,1,-1,-1,-1
38,1,576,557,1176,792,1,-1,-1,-1
38,2,1274,189,504,956,1,-1,-1,-1
38,3,814,72,437,903,1,-1,-1,-1
38,4,1151,70,284,552,1,-1,-1,-1
38,5,692,145,488,688,1,-1,-1,-1
38,6,195,247,152,112,1,-1,-1,-1
39,0,1681,128,384,772,1,-1,-1,-1
39,1,585,551,1176,792,1,-1,-1,-1
39,2,1288,174,504,956,1,-1,-1,-1
39,3,829,79,416,860,1,-1,-1,-1
39,4,1169,78,270,526,1,-1,-1,-1
39,5,700,140,488,688,1,-1,-1,-1
39,6,214,249,145,107,1,-1,-1,-1
40,0,1694,127,384,772,1,-1,-1,-1
40,1,599,549,1176,792,1,-1,-1,-1
40,2,1292,172,504,956,1,-1,-1,-1
40,3,848,96,396,819,1,-1,-1,-1
40,4,1178,70,270,526,1,-1,-1,-1
40,5,706,137,488,688,1,-1,-1,-1
40,6,229,244,145,107,1,-1,-1,-1
41,0,1708,132,404,796,1,-1,-1,-1
41,1,692,472,1108,948,1,-1,-1,-1
41,2,1292,172,504,956,1,-1,-1,-1
41,3,848,96,396,819,1,-1,-1,-1
41,4,1178,70,270,526,1,-1,-1,-1
41,5,732,140,448,724,1,-1,-1,-1
41,6,229,244,145,107,1,-1,-1,-1
42,0,1712,128,404,796,1,-1,-1,-1
42,1,693,473,1108,948,1,-1,-1,-1
42,2,1303,173,504,956,1,-1,-1,-1
42,3,868,109,377,780,1,-1,-1,-1
42,4,1181,54,284,552,1,-1,-1,-1
42,5,732,140,448,724,1,-1,-1,-1
42,6,243,229,145,107,1,-1,-1,-1
43,0,1719,126,404,796,1,-1,-1,-1
43,1,697,468,1108,948,1,-1,-1,-1
43,2,1311,168,504,956,1,-1,-1,-1
43,3,868,113,377,780,1,-1,-1,-1
43,4,1188,54,284,552,1,-1,-1,-1
43,5,731,138,448,724,1,-1,-1,-1
43,6,243,227,145,107,1,-1,-1,-1
44,0,1721,128,404,796,1,-1,-1,-1
44,1,700,467,1108,948,1,-1,-1,-1
44,2,1310,169,504,956,1,-1,-1,-1
44,3,868,105,377,780,1,-1,-1,-1
44,4,1188,53,284,552,1,-1,-1,-1
44,5,730,135,448,724,1,-1,-1,-1
44,6,244,225,145,107,1,-1,-1,-1
45,0,1722,126,404,796,1,-1,-1,-1
45,1,699,461,1108,948,1,-1,-1,-1
45,2,1312,170,504,956,1,-1,-1,-1
45,3,869,101,377,780,1,-1,-1,-1
45,4,1189,53,284,552,1,-1,-1,-1
45,5,732,132,448,724,1,-1,-1,-1
45,6,246,224,145,107,1,-1,-1,-1
46,0,1725,126,404,796,1,-1,-1,-1
46,1,700,463,1108,948,1,-1,-1,-1
46,2,1317,170,504,956,1,-1,-1,-1
46,3,871,102,377,780,1,-1,-1,-1
46,4,1193,52,284,552,1,-1,-1,-1
46,5,737,127,448,724,1,-1,-1,-1
46,6,250,222,145,107,1,-1,-1,-1
47,0,1723,129,404,796,1,-1,-1,-1
47,1,698,465,1108,948,1,-1,-1,-1
47,2,1319,171,504,956,1,-1,-1,-1
47,3,873,98,377,780,1,-1,-1,-1
47,4,1195,55,284,552,1,-1,-1,-1
47,5,743,125,448,724,1,-1,-1,-1
47,6,251,220,145,107,1,-1,-1,-1
48,0,1722,127,404,796,1,-1,-1,-1
48,1,695,467,1108,948,1,-1,-1,-1
48,2,1318,170,504,956,1,-1,-1,-1
48,3,878,100,377,780,1,-1,-1,-1
48,4,1195,56,284,552,1,-1,-1,-1
48,5,744,125,448,724,1,-1,-1,-1
48,6,251,219,145,107,1,-1,-1,-1
49,0,1712,124,432,804,1,-1,-1,-1
49,1,684,432,1132,988,1,-1,-1,-1
49,2,1318,170,504,956,1,-1,-1,-1
49,3,878,100,377,780,1,-1,-1,-1
49,4,1195,56,284,552,1,-1,-1,-1
49,5,744,132,468,688,1,-1,-1,-1
49,6,251,219,145,107,1,-1,-1,-1
50,0,1711,124,432,804,1,-1,-1,-1
50,1,685,431,1132,988,1,-1,-1,-1
50,2,1315,165,504,956,1,-1,-1,-1
50,3,883,99,377,780,1,-1,-1,-1
50,4,1191,56,284,552,1,-1,-1,-1
50,5,748,130,468,688,1,-1,-1,-1
50,6,246,221,145,107,1,-1,-1,-1
51,0,1708,124,432,804,1,-1,-1,-1
51,1,685,431,1132,988,1,-1,-1,-1
51,2,1315,163,504,956,1,-1,-1,-1
51,3,891,95,377,780,1,-1,-1,-1
51,4,1187,54,284,552,1,-1,-1,-1
51,5,753,126,468,688,1,-1,-1,-1
51,6,245,220,145,107,1,-1,-1,-1
52,0,1707,125,432,804,1,-1,-1,-1
52,1,682,427,1132,988,1,-1,-1,-1
52,2,1312,168,504,956,1,-1,-1,-1
52,3,893,89,377,780,1,-1,-1,-1
52,4,1193,70,270,526,1,-1,-1,-1
52,5,756,125,468,688,1,-1,-1,-1
52,6,246,219,145,107,1,-1,-1,-1
53,0,1708,125,432,804,1,-1,-1,-1
53,1,685,423,1132,988,1,-1,-1,-1
53,2,1310,165,504,956,1,-1,-1,-1
53,3,900,87,377,780,1,-1,-1,-1
53,4,1195,71,270,526,1,-1,-1,-1
53,5,763,126,468,688,1,-1,-1,-1
53,6,249,220,145,107,1,-1,-1,-1
54,0,1710,124,432,804,1,-1,-1,-1
54,1,686,426,1132,988,1,-1,-1,-1
54,2,1305,162,504,956,1,-1,-1,-1
54,3,906,89,377,780,1,-1,-1,-1
54,4,1199,73,270,526,1,-1,-1,-1
54,5,765,126,468,688,1,-1,-1,-1
54,6,252,219,145,107,1,-1,-1,-1
55,0,1711,123,432,804,1,-1,-1,-1
55,1,691,420,1132,988,1,-1,-1,-1
55,2,1304,163,504,956,1,-1,-1,-1
55,3,906,88,377,780,1,-1,-1,-1
55,4,1211,87,258,501,1,-1,-1,-1
55,5,766,125,468,688,1,-1,-1,-1
55,6,257,218,145,107,1,-1,-1,-1
56,0,1712,123,432,804,1,-1,-1,-1
56,1,694,417,1132,988,1,-1,-1,-1
56,2,1313,158,504,956,1,-1,-1,-1
56,3,909,88,377,780,1,-1,-1,-1
56,4,1214,89,258,501,1,-1,-1,-1
56,5,767,124,468,688,1,-1,-1,-1
56,6,261,218,145,107,1,-1,-1,-1
57,0,1712,116,448,808,1,-1,-1,-1
57,1,704,456,1108,968,1,-1,-1,-1
57,2,1244,132,556,1036,1,-1,-1,-1
57,3,909,88,377,780,1,-1,-1,-1
57,4,1214,89,258,501,1,-1,-1,-1
57,5,748,140,464,676,1,-1,-1,-1
57,6,264,216,136,112,1,-1,-1,-1
58,0,1710,114,448,808,1,-1,-1,-1
58,1,702,459,1108,968,1,-1,-1,-1
58,2,1241,137,556,1036,1,-1,-1,-1
58,3,908,91,377,780,1,-1,-1,-1
58,4,1218,94,258,501,1,-1,-1,-1
58,5,748,140,464,676,1,-1,-1,-1
58,6,262,217,136,112,1,-1,-1,-1
59,0,1710,112,448,808,1,-1,-1,-1
59,1,701,459,1108,968,1,-1,-1,-1
59,2,1241,138,556,1036,1,-1,-1,-1
59,3,911,95,377,780,1,-1,-1,-1
59,4,1220,97,258,501,1,-1,-1,-1
59,5,747,139,464,676,1,-1,-1,-1
59,6,259,217,136,112,1,-1,-1,-1
60,0,1709,113,448,808,1,-1,-1,-1
60,1,700,463,1108,968,1,-1,-1,-1
60,2,1239,139,556,1036,1,-1,-1,-1
60,3,912,98,377,780,1,-1,-1,-1
60,4,1223,99,258,501,1,-1,-1,-1
60,5,749,138,464,676,1,-1,-1,-1
60,6,260,216,136,112,1,-1,-1,-1
61,0,1709,115,448,808,1,-1,-1,-1
61,1,699,465,1108,968,1,-1,-1,-1
61,2,1236,146,556,1036,1,-1,-1,-1
61,3,912,97,377,780,1,-1,-1,-1
61,4,1227,116,258,501,1,-1,-1,-1
61,5,750,141,464,676,1,-1,-1,-1
61,6,259,217,136,112,1,-1,-1,-1
62,0,1710,117,448,808,1,-1,-1,-1
62,1,700,466,1108,968,1,-1,-1,-1
62,2,1237,145,556,1036,1,-1,-1,-1
62,3,911,95,377,780,1,-1,-1,-1
62,4,1232,117,245,477,1,-1,-1,-1
62,5,748,140,464,676,1,-1,-1,-1
62,6,260,216,136,112,1,-1,-1,-1
63,0,1708,116,448,808,1,-1,-1,-1
63,1,699,464,1108,968,1,-1,-1,-1
63,2,1241,142,556,1036,1,-1,-1,-1
63,3,908,86,377,780,1,-1,-1,-1
63,4,1236,111,245,477,1,-1,-1,-1
63,5,749,137,464,676,1,-1,-1,-1
63,6,264,213,136,112,1,-1,-1,-1
64,0,1709,119,448,808,1,-1,-1,-1
64,1,701,461,1108,968,1,-1,-1,-1
64,2,1237,142,556,1036,1,-1,-1,-1
64,3,907,92,377,780,1,-1,-1,-1
64,4,1241,116,234,454,1,-1,-1,-1
64,5,752,138,464,676,1,-1,-1,-1
64,6,266,213,136,112,1,-1,-1,-1
65,0,1692,124,472,804,1,-1,-1,-1
65,1,692,436,1104,988,1,-1,-1,-1
65,2,1237,142,556,1036,1,-1,-1,-1
65,3,907,92,377,780,1,-1,-1,-1
65,4,1241,116,234,454,1,-1,-1,-1
65,5,752,132,440,640,1,-1,-1,-1
65,6,266,213,136,112,1,-1,-1,-1
66,0,1692,121,472,804,1,-1,-1,-1
66,1,691,428,1104,988,1,-1,-1,-1
66,2,1234,132,556,1036,1,-1,-1,-1
66,3,904,87,377,780,1,-1,-1,-1
66,4,1241,114,234,454,1,-1,-1,-1
66,5,752,128,440,640,1,-1,-1,-1
66,6,272,210,136,112,1,-1,-1,-1
67,0,1691,117,472,804,1,-1,-1,-1
67,1,687,421,1104,988,1,-1,-1,-1
67,2,1225,125,556,1036,1,-1,-1,-1
67,3,904,81,377,780,1,-1,-1,-1
67,4,1239,98,234,454,1,-1,-1,-1
67,5,749,122,440,640,1,-1,-1,-1
67,6,275,209,136,112,1,-1,-1,-1
68,0,1691,114,472,804,1,-1,-1,-1
68,1,678,417,1104,988,1,-1,-1,-1
68,2,1215,119,556,1036,1,-1,-1,-1
68,3,902,81,377,780,1,-1,-1,-1
68,4,1232,129,234,454,1,-1,-1,-1
68,5,746,119,440,640,1,-1,-1,-1
68,6,276,208,136,112,1,-1,-1,-1
69,0,1687,117,472,804,1,-1,-1,-1
69,1,668,417,1104,988,1,-1,-1,-1
69,2,1211,112,556,1036,1,-1,-1,-1
69,3,910,97,359,743,1,-1,-1,-1
69,4,1223,143,234,454,1,-1,-1,-1
69,5,744,120,440,640,1,-1,-1,-1
69,6,274,209,136,112,1,-1,-1,-1
70,0,1681,116,472,804,1,-1,-1,-1
70,1,660,417,1104,988,1,-1,-1,-1
70,2,1200,114,556,1036,1,-1,-1,-1
70,3,907,99,359,743,1,-1,-1,-1
70,4,1215,136,234,454,1,-1,-1,-1
70,5,738,121,440,640,1,-1,-1,-1
70,6,270,212,136,112,1,-1,-1,-1
71,0,1674,113,472,804,1,-1,-1,-1
71,1,654,411,1104,988,1,-1,-1,-1
71,2,1195,105,556,1036,1,-1,-1,-1
71,3,905,96,359,743,1,-1,-1,-1
71,4,1211,117,234,454,1,-1,-1,-1
71,5,733,120,440,640,1,-1,-1,-1
71,6,269,211,136,112,1,-1,-1,-1
72,0,1673,110,472,804,1,-1,-1,-1
72,1,645,407,1104,988,1,-1,-1,-1
72,2,1187,101,556,1036,1,-1,-1,-1
72,3,904,94,359,743,1,-1,-1,-1
72,4,1215,122,223,433,1,-1,-1,-1
72,5,731,114,440,640,1,-1,-1,-1
72,6,268,208,136,112,1,-1,-1,-1
73,0,1644,104,496,804,1,-1,-1,-1
73,1,656,192,1096,1232,1,-1,-1,-1
73,2,1187,101,556,1036,1,-1,-1,-1
73,3,904,94,359,743,1,-1,-1,-1
73,4,1215,122,223,433,1,-1,-1,-1
73,5,728,152,452,604,1,-1,-1,-1
73,6,268,208,136,112,1,-1,-1,-1
74,0,1642,107,496,804,1,-1,-1,-1
74,1,652,195,1096,1232,1,-1,-1,-1
74,2,1175,100,556,1036,1,-1,-1,-1
74,3,898,91,359,743,1,-1,-1,-1
74,4,1206,111,223,433,1,-1,-1,-1
74,5,725,152,452,604,1,-1,-1,-1
74,6,258,208,136,112,1,-1,-1,-1
75,0,1635,115,496,804,1,-1,-1,-1
75,1,641,199,1096,1232,1,-1,-1,-1
75,2,1167,104,556,1036,1,-1,-1,-1
75,3,890,92,359,743,1,-1,-1,-1
75,4,1204,117,223,433,1,-1,-1,-1
75,5,718,157,452,604,1,-1,-1,-1
75,6,254,211,136,112,1,-1,-1,-1
76,0,1632,119,496,804,1,-1,-1,-1
76,1,639,204,1096,1232,1,-1,-1,-1
76,2,1157,111,556,1036,1,-1,-1,-1
76,3,885,96,359,743,1,-1,-1,-1
76,4,1195,129,223,433,1,-1,-1,-1
76,5,713,163,452,604,1,-1,-1,-1
76,6,254,214,136,112,1,-1,-1,-1
77,0,1633,125,496,804,1,-1,-1,-1
77,1,628,214,1096,1226,1,-1,-1,-1
77,2,1154,118,556,1036,1,-1,-1,-1
77,3,876,100,359,743,1,-1,-1,-1
77,4,1192,122,223,433,1,-1,-1,-1
77,5,702,168,452,604,1,-1,-1,-1
77,6,254,216,136,112,1,-1,-1,-1
78,0,1614,117,521,844,1,-1,-1,-1
78,1,615,223,1096,1217,1,-1,-1,-1
78,2,1144,126,556,1036,1,-1,-1,-1
78,3,866,107,359,743,1,-1,-1,-1
78,4,1196,121,223,433,1,-1,-1,-1
78,5,694,174,452,604,1,-1,-1,-1
78,6,254,220,136,112,1,-1,-1,-1
79,0,1598,104,547,886,1,-1,-1,-1
79,1,604,228,1096,1212,1,-1,-1,-1
79,2,1131,139,556,1036,1,-1,-1,-1
79,3,858,114,359,743,1,-1,-1,-1
79,4,1191,115,223,433,1,-1,-1,-1
79,5,684,178,452,604,1,-1,-1,-1
79,6,254,226,136,112,1,-1,-1,-1
80,0,1605,132,521,844,1,-1,-1,-1
80,1,583,246,1096,1194,1,-1,-1,-1
80,2,1108,141,556,1036,1,-1,-1,-1
80,3,846,118,359,743,1,-1,-1,-1
80,4,1189,86,223,433,1,-1,-1,-1
80,5,674,186,452,604,1,-1,-1,-1
80,6,245,229,143,118,1,-1,-1,-1
81,0,1604,164,500,812,1,-1,-1,-1
81,1,592,424,904,996,1,-1,-1,-1
81,2,1272,300,408,924,1,-1,-1,-1
81,3,846,118,359,743,1,-1,-1,-1
81,4,1189,86,223,433,1,-1,-1,-1
81,5,688,172,472,668,1,-1,-1,-1
81,6,245,229,143,118,1,-1,-1,-1
82,0,1603,169,500,812,1,-1,-1,-1
82,1,578,429,904,996,1,-1,-1,-1
82,2,1264,305,408,924,1,-1,-1,-1
82,3,838,127,359,743,1,-1,-1,-1
82,4,1192,91,223,433,1,-1,-1,-1
82,5,683,174,472,668,1,-1,-1,-1
82,6,244,236,143,118,1,-1,-1,-1
83,0,1596,172,500,812,1,-1,-1,-1
83,1,563,436,904,996,1,-1,-1,-1
83,2,1256,309,408,924,1,-1,-1,-1
83,3,834,134,359,743,1,-1,-1,-1
83,4,1192,83,234,454,1,-1,-1,-1
83,5,674,182,472,668,1,-1,-1,-1
83,6,242,241,143,118,1,-1,-1,-1
84,0,1594,178,500,812,1,-1,-1,-1
84,1,548,434,904,996,1,-1,-1,-1
84,2,1251,318,408,924,1,-1,-1,-1
84,3,831,131,359,743,1,-1,-1,-1
84,4,1187,76,245,477,1,-1,-1,-1
84,5,668,183,472,668,1,-1,-1,-1
84,6,243,243,143,118,1,-1,-1,-1
85,0,1588,180,500,812,1,-1,-1,-1
85,1,532,430,904,996,1,-1,-1,-1
85,2,1248,315,408,924,1,-1,-1,-1
85,3,828,130,359,743,1,-1,-1,-1
85,4,1190,77,245,477,1,-1,-1,-1
85,5,663,183,472,668,1,-1,-1,-1
85,6,242,244,143,118,1,-1,-1,-1
86,0,1584,176,500,812,1,-1,-1,-1
86,1,518,434,904,996,1,-1,-1,-1
86,2,1243,315,408,924,1,-1,-1,-1
86,3,827,124,359,743,1,-1,-1,-1
86,4,1188,76,245,477,1,-1,-1,-1
86,5,660,184,472,668,1,-1,-1,-1
86,6,243,245,143,118,1,-1,-1,-1
87,0,1581,171,500,812,1,-1,-1,-1
87,1,517,427,904,996,1,-1,-1,-1
87,2,1237,314,408,924,1,-1,-1,-1
87,3,831,141,342,708,1,-1,-1,-1
87,4,1188,68,245,477,1,-1,-1,-1
87,5,657,186,472,668,1,-1,-1,-1
87,6,240,244,143,118,1,-1,-1,-1
88,0,1575,165,500,812,1,-1,-1,-1
88,1,508,428,904,996,1,-1,-1,-1
88,2,1219,286,428,970,1,-1,-1,-1
88,3,829,134,342,708,1,-1,-1,-1
88,4,1188,69,245,477,1,-1,-1,-1
88,5,654,179,472,668,1,-1,-1,-1
88,6,239,243,143,118,1,-1,-1,-1
89,0,1560,156,508,816,1,-1,-1,-1
89,1,564,460,732,964,1,-1,-1,-1
89,2,1232,304,456,928,1,-1,-1,-1
89,3,829,134,342,708,1,-1,-1,-1
89,4,1100,80,344,440,1,-1,-1,-1
89,5,644,192,480,684,1,-1,-1,-1
89,6,239,243,143,118,1,-1,-1,-1
90,0,1561,154,508,816,1,-1,-1,-1
90,1,560,449,732,964,1,-1,-1,-1
90,2,1227,301,456,928,1,-1,-1,-1
90,3,825,126,342,708,1,-1,-1,-1
90,4,1097,77,344,440,1,-1,-1,-1
90,5,638,184,480,684,1,-1,-1,-1
90,6,231,237,143,118,1,-1,-1,-1
91,0,1558,147,508,816,1,-1,-1,-1
91,1,552,440,732,964,1,-1,-1,-1
91,2,1224,293,456,928,1,-1,-1,-1
91,3,818,119,342,708,1,-1,-1,-1
91,4,1095,67,344,440,1,-1,-1,-1
91,5,634,174,480,684,1,-1,-1,-1
91,6,232,232,143,118,1,-1,-1,-1
92,0,1559,142,508,816,1,-1,-1,-1
92,1,550,433,732,964,1,-1,-1,-1
92,2,1225,287,456,928,1,-1,-1,-1
92,3,813,114,342,708,1,-1,-1,-1
92,4,1093,63,344,440,1,-1,-1,-1
92,5,627,165,480,684,1,-1,-1,-1
92,6,232,229,143,118,1,-1,-1,-1
93,0,1559,134,508,816,1,-1,-1,-1
93,1,550,423,732,964,1,-1,-1,-1
93,2,1213,256,479,974,1,-1,-1,-1
93,3,812,109,342,708,1,-1,-1,-1
93,4,1090,55,344,440,1,-1,-1,-1
93,5,625,159,480,684,1,-1,-1,-1
93,6,235,224,143,118,1,-1,-1,-1
94,0,1560,125,508,816,1,-1,-1,-1
94,1,553,414,732,964,1,-1,-1,-1
94,2,1213,248,479,974,1,-1,-1,-1
94,3,806,89,359,743,1,-1,-1,-1
94,4,1089,46,344,440,1,-1,-1,-1
94,5,625,148,480,684,1,-1,-1,-1
94,6,238,219,143,118,1,-1,-1,-1
95,0,1560,117,508,816,1,-1,-1,-1
95,1,551,406,732,964,1,-1,-1,-1
95,2,1212,239,479,974,1,-1,-1,-1
95,3,802,88,359,743,1,-1,-1,-1
95,4,1089,37,344,440,1,-1,-1,-1
95,5,626,139,480,684,1,-1,-1,-1
95,6,239,216,143,118,1,-1,-1,-1
96,0,1561,112,508,816,1,-1,-1,-1
96,1,550,402,732,964,1,-1,-1,-1
96,2,1214,231,479,974,1,-1,-1,-1
96,3,809,89,359,743,1,-1,-1,-1
96,4,1088,30,344,440,1,-1,-1,-1
96,5,625,135,480,684,1,-1,-1,-1
96,6,239,213,143,118,1,-1,-1,-1
97,0,1552,92,516,824,1,-1,-1,-1
97,1,564,192,716,1228,1,-1,-1,-1
97,2,1180,228,460,944,1,-1,-1,-1
97,3,809,89,359,743,1,-1,-1,-1
97,4,1088,30,344,440,1,-1,-1,-1
97,5,625,135,480,684,1,-1,-1,-1
97,6,239,213,143,118,1,-1,-1,-1
98,0,1550,90,516,824,1,-1,-1,-1
98,1,559,195,716,1228,1,-1,-1,-1
98,2,1178,227,460,944,1,-1,-1,-1
98,3,801,74,359,743,1,-1,-1,-1
98,4,1084,23,344,440,1,-1,-1,-1
98,5,620,127,480,684,1,-1,-1,-1
98,6,240,207,143,118,1,-1,-1,-1
99,0,1549,90,516,824,1,-1,-1,-1
99,1,554,195,716,1228,1,-1,-1,-1
99,2,1176,224,460,944,1,-1,-1,-1
99,3,797,67,359,743,1,-1,-1,-1
99,4,1080,20,344,440,1,-1,-1,-1
99,5,615,125,480,684,1,-1,-1,-1
99,6,238,207,143,118,1,-1,-1,-1
100,0,1547,87,516,824,1,-1,-1,-1
100,1,549,192,716,1228,1,-1,-1,-1
100,2,1173,218,460,944,1,-1,-1,-1
100,3,786,68,359,743,1,-1,-1,-1
100,4,1077,17,344,440,1,-1,-1,-1
100,5,608,125,480,684,1,-1,-1,-1
100,6,237,203,143,118,1,-1,-1,-1
101,0,1542,83,516,824,1,-1,-1,-1
101,1,543,193,716,1228,1,-1,-1,-1
101,2,1170,216,460,944,1,-1,-1,-1
101,3,773,74,359,743,1,-1,-1,-1
101,4,1073,16,344,440,1,-1,-1,-1
101,5,598,127,480,684,1,-1,-1,-1
101,6,237,202,143,118,1,-1,-1,-1
102,0,1537,85,516,824,1,-1,-1,-1
102,1,536,191,716,1228,1,-1,-1,-1
102,2,1166,213,460,944,1,-1,-1,-1
102,3,769,76,359,743,1,-1,-1,-1
102,4,1068,17,344,440,1,-1,-1,-1
102,5,588,125,480,684,1,-1,-1,-1
102,6,234,202,143,118,1,-1,-1,-1
103,0,1535,83,516,824,1,-1,-1,-1
103,1,534,185,716,1228,1,-1,-1,-1
103,2,1163,213,460,944,1,-1,-1,-1
103,3,765,75,359,743,1,-1,-1,-1
103,4,1062,13,344,440,1,-1,-1,-1
103,5,586,119,480,684,1,-1,-1,-1
103,6,237,199,143,118,1,-1,-1,-1
104,0,1534,80,516,824,1,-1,-1,-1
104,1,535,179,716,1228,1,-1,-1,-1
104,2,1160,208,460,944,1,-1,-1,-1
104,3,763,77,359,743,1,-1,-1,-1
104,4,1054,10,344,440,1,-1,-1,-1
104,5,590,117,480,684,1,-1,-1,-1
104,6,238,193,143,118,1,-1,-1,-1
105,0,1524,80,528,824,1,-1,-1,-1
105,1,524,196,720,1232,1,-1,-1,-1
105,2,1140,220,464,928,1,-1,-1,-1
105,3,763,77,359,743,1,-1,-1,-1
105,4,1054,10,344,440,1,-1,-1,-1
105,5,590,117,480,684,1,-1,-1,-1
105,6,238,193,143,118,1,-1,-1,-1
106,0,1518,80,528,824,1,-1,-1,-1
106,1,521,199,720,1232,1,-1,-1,-1
106,2,1136,222,464,928,1,-1,-1,-1
106,3,771,87,359,743,1,-1,-1,-1
106,4,1045,25,328,419,1,-1,-1,-1
106,5,589,120,480,684,1,-1,-1,-1
106,6,232,195,143,118,1,-1,-1,-1
107,0,1513,81,528,824,1,-1,-1,-1
107,1,514,201,720,1232,1,-1,-1,-1
107,2,1131,221,464,928,1,-1,-1,-1
107,3,780,84,359,743,1,-1,-1,-1
107,4,1037,28,328,419,1,-1,-1,-1
107,5,598,137,457,651,1,-1,-1,-1
107,6,231,198,143,118,1,-1,-1,-1
108,0,1508,84,528,824,1,-1,-1,-1
108,1,506,206,720,1232,1,-1,-1,-1
108,2,1120,227,464,928,1,-1,-1,-1
108,3,787,89,359,743,1,-1,-1,-1
108,4,1029,31,328,419,1,-1,-1,-1
108,5,595,144,457,651,1,-1,-1,-1
108,6,227,205,143,118,1,-1,-1,-1
109,0,1503,88,528,824,1,-1,-1,-1
109,1,507,204,720,1232,1,-1,-1,-1
109,2,1117,226,464,928,1,-1,-1,-1
109,3,789,92,359,743,1,-1,-1,-1
109,4,1025,31,328,419,1,-1,-1,-1
109,5,590,146,457,651,1,-1,-1,-1
109,6,228,205,143,118,1,-1,-1,-1
110,0,1500,86,528,824,1,-1,-1,-1
110,1,502,202,720,1232,1,-1,-1,-1
110,2,1111,226,464,928,1,-1,-1,-1
110,3,798,93,359,743,1,-1,-1,-1
110,4,1029,41,328,419,1,-1,-1,-1
110,5,584,149,457,651,1,-1,-1,-1
110,6,229,206,143,118,1,-1,-1,-1
111,0,1496,85,528,824,1,-1,-1,-1
111,1,503,203,720,1232,1,-1,-1,-1
111,2,1103,228,464,928,1,-1,-1,-1
111,3,802,95,359,743,1,-1,-1,-1
111,4,1024,45,328,419,1,-1,-1,-1
111,5,589,157,457,651,1,-1,-1,-1
111,6,230,204,143,118,1,-1,-1,-1
112,0,1495,82,528,824,1,-1,-1,-1
112,1,502,202,720,1232,1,-1,-1,-1
112,2,1112,249,442,884,1,-1,-1,-1
112,3,805,101,359,743,1,-1,-1,-1
112,4,1026,36,328,419,1,-1,-1,-1
112,5,595,159,457,651,1,-1,-1,-1
112,6,234,200,143,118,1,-1,-1,-1
113,0,1488,92,540,824,1,-1,-1,-1
113,1,480,156,732,1268,1,-1,-1,-1
113,2,1092,132,456,1024,1,-1,-1,-1
113,3,805,101,359,743,1,-1,-1,-1
113,4,1026,36,328,419,1,-1,-1,-1
113,5,595,159,457,651,1,-1,-1,-1
113,6,234,200,143,118,1,-1,-1,-1
114,0,1483,93,540,824,1,-1,-1,-1
114,1,480,162,732,1268,1,-1,-1,-1
114,2,1091,136,456,1024,1,-1,-1,-1
114,3,802,124,359,743,1,-1,-1,-1
114,4,1024,60,328,419,1,-1,-1,-1
114,5,579,161,480,684,1,-1,-1,-1
114,6,223,216,143,118,1,-1,-1,-1
115,0,1481,96,540,824,1,-1,-1,-1
115,1,476,164,732,1268,1,-1,-1,-1
115,2,1095,142,456,1024,1,-1,-1,-1
115,3,807,135,359,743,1,-1,-1,-1
115,4,1022,60,328,419,1,-1,-1,-1
115,5,566,152,504,718,1,-1,-1,-1
115,6,224,218,143,118,1,-1,-1,-1
116,0,1479,95,540,824,1,-1,-1,-1
116,1,473,165,732,1268,1,-1,-1,-1
116,2,1094,139,456,1024,1,-1,-1,-1
116,3,809,133,359,743,1,-1,-1,-1
116,4,1020,68,328,419,1,-1,-1,-1
116,5,558,158,504,718,1,-1,-1,-1
116,6,226,221,143,118,1,-1,-1,-1
117,0,1474,96,540,824,1,-1,-1,-1
117,1,466,175,732,1265,1,-1,-1,-1
117,2,1083,117,479,1075,1,-1,-1,-1
117,3,791,165,359,743,1,-1,-1,-1
117,4,1014,74,312,399,1,-1,-1,-1
117,5,549,173,504,718,1,-1,-1,-1
117,6,225,231,143,118,1,-1,-1,-1
118,0,1473,99,540,824,1,-1,-1,-1
118,1,465,186,732,1254,1,-1,-1,-1
118,2,1081,126,479,1075,1,-1,-1,-1
118,3,775,158,377,780,1,-1,-1,-1
118,4,1006,81,312,399,1,-1,-1,-1
118,5,525,172,529,754,1,-1,-1,-1
118,6,224,240,143,118,1,-1,-1,-1
119,0,1469,100,540,824,1,-1,-1,-1
119,1,465,194,732,1246,1,-1,-1,-1
119,2,1079,127,479,1075,1,-1,-1,-1
119,3,772,158,377,780,1,-1,-1,-1
119,4,1003,83,328,419,1,-1,-1,-1
119,5,518,173,529,754,1,-1,-1,-1
119,6,222,243,143,118,1,-1,-1,-1
120,0,1467,102,540,824,1,-1,-1,-1
120,1,466,202,732,1238,1,-1,-1,-1
120,2,1080,139,479,1075,1,-1,-1,-1
120,3,751,146,396,819,1,-1,-1,-1
120,4,999,94,328,419,1,-1,-1,-1
120,5,520,173,529,754,1,-1,-1,-1
120,6,217,247,143,118,1,-1,-1,-1
121,0,1468,112,532,832,1,-1,-1,-1
121,1,456,528,764,904,1,-1,-1,-1
121,2,1072,140,464,1052,1,-1,-1,-1
121,3,751,146,396,819,1,-1,-1,-1
121,4,999,94,328,419,1,-1,-1,-1
121,5,520,173,529,754,1,-1,-1,-1
121,6,217,247,143,118,1,-1,-1,-1
122,0,1470,113,532,832,1,-1,-1,-1
122,1,464,525,764,904,1,-1,-1,-1
122,2,1076,142,464,1052,1,-1,-1,-1
122,3,741,152,396,819,1,-1,-1,-1
122,4,1002,99,344,440,1,-1,-1,-1
122,5,518,173,556,792,1,-1,-1,-1
122,6,227,250,143,118,1,-1,-1,-1
123,0,1477,112,532,832,1,-1,-1,-1
123,1,478,523,764,904,1,-1,-1,-1
123,2,1085,145,464,1052,1,-1,-1,-1
123,3,742,150,396,819,1,-1,-1,-1
123,4,1005,91,361,462,1,-1,-1,-1
123,5,535,187,529,754,1,-1,-1,-1
123,6,242,249,143,118,1,-1,-1,-1
124,0,1491,111,532,832,1,-1,-1,-1
124,1,492,515,764,904,1,-1,-1,-1
124,2,1095,140,464,1052,1,-1,-1,-1
124,3,757,145,396,819,1,-1,-1,-1
124,4,1023,86,361,462,1,-1,-1,-1
124,5,553,178,529,754,1,-1,-1,-1
124,6,257,245,143,118,1,-1,-1,-1
125,0,1494,111,532,832,1,-1,-1,-1
125,1,504,514,764,904,1,-1,-1,-1
125,2,1100,138,464,1052,1,-1,-1,-1
125,3,763,144,396,819,1,-1,-1,-1
125,4,1023,93,361,462,1,-1,-1,-1
125,5,566,185,529,754,1,-1,-1,-1
125,6,271,246,143,118,1,-1,-1,-1
126,0,1487,92,559,874,1,-1,-1,-1
126,1,516,509,764,904,1,-1,-1,-1
126,2,1106,138,464,1052,1,-1,-1,-1
126,3,770,144,396,819,1,-1,-1,-1
126,4,1036,85,361,462,1,-1,-1,-1
126,5,579,185,529,754,1,-1,-1,-1
126,6,280,247,143,118,1,-1,-1,-1
127,0,1504,109,532,832,1,-1,-1,-1
127,1,522,505,764,904,1,-1,-1,-1
127,2,1111,133,464,1052,1,-1,-1,-1
127,3,776,146,396,819,1,-1,-1,-1
127,4,1038,83,361,462,1,-1,-1,-1
127,5,590,179,529,754,1,-1,-1,-1
127,6,287,245,143,118,1,-1,-1,-1
128,0,1506,108,532,832,1,-1,-1,-1
128,1,531,505,764,904,1,-1,-1,-1
128,2,1113,131,464,1052,1,-1,-1,-1
128,3,780,147,396,819,1,-1,-1,-1
128,4,1048,105,344,440,1,-1,-1,-1
128,5,604,169,529,754,1,-1,-1,-1
128,6,290,243,143,118,1,-1,-1,-1
129,0,1516,116,524,820,1,-1,-1,-1
129,1,528,568,780,864,1,-1,-1,-1
129,2,1112,200,456,972,1,-1,-1,-1
129,3,780,147,396,819,1,-1,-1,-1
129,4,1048,105,344,440,1,-1,-1,-1
129,5,660,196,432,540,1,-1,-1,-1
129,6,290,243,143,118,1,-1,-1,-1
130,0,1514,115,524,820,1,-1,-1,-1
130,1,539,579,780,861,1,-1,-1,-1
130,2,1114,212,456,972,1,-1,-1,-1
130,3,775,145,396,819,1,-1,-1,-1
130,4,1030,88,361,462,1,-1,-1,-1
130,5,658,206,432,540,1,-1,-1,-1
130,6,287,244,143,118,1,-1,-1,-1
131,0,1510,115,524,820,1,-1,-1,-1
131,1,541,582,780,858,1,-1,-1,-1
131,2,1115,222,456,972,1,-1,-1,-1
131,4,1024,52,361,462,1,-1,-1,-1
131,5,662,226,411,514,1,-1,-1,-1
131,6,283,244,143,118,1,-1,-1,-1
132,0,1505,113,524,820,1,-1,-1,-1
132,1,534,578,780,862,1,-1,-1,-1
132,2,1109,222,456,972,1,-1,-1,-1
132,4,1017,55,361,462,1,-1,-1,-1
132,5,648,216,432,540,1,-1,-1,-1
132,6,282,243,143,118,1,-1,-1,-1
133,0,1500,109,524,820,1,-1,-1,-1
133,1,535,578,780,862,1,-1,-1,-1
133,2,1096,221,456,972,1,-1,-1,-1
133,4,1006,63,361,462,1,-1,-1,-1
133,5,635,213,432,540,1,-1,-1,-1
133,6,282,242,143,118,1,-1,-1,-1
134,0,1492,109,524,820,1,-1,-1,-1
134,1,531,577,780,863,1,-1,-1,-1
134,2,1087,209,456,972,1,-1,-1,-1
134,5,623,214,432,540,1,-1,-1,-1
134,6,280,243,143,118,1,-1,-1,-1
135,0,1484,109,524,820,1,-1,-1,-1
135,1,513,576,780,864,1,-1,-1,-1
135,2,1073,210,456,972,1,-1,-1,-1
135,5,618,215,432,540,1,-1,-1,-1
135,6,278,244,143,118,1,-1,-1,-1
136,0,1476,112,524,820,1,-1,-1,-1
136,1,507,576,780,864,1,-1,-1,-1
136,2,1063,207,456,972,1,-1,-1,-1
136,5,622,227,411,514,1,-1,-1,-1
136,6,270,246,143,118,1,-1,-1,-1
137,0,1460,128,520,808,1,-1,-1,-1
137,1,468,624,1008,804,1,-1,-1,-1
137,2,1028,208,484,772,1,-1,-1,-1
137,5,628,228,416,520,1,-1,-1,-1
137,6,268,260,120,104,1,-1,-1,-1
138,0,1458,133,520,808,1,-1,-1,-1
138,1,463,626,1008,804,1,-1,-1,-1
138,2,1025,209,484,772,1,-1,-1,-1
138,5,627,230,416,520,1,-1,-1,-1
138,6,265,262,120,104,1,-1,-1,-1
139,0,1464,153,495,770,1,-1,-1,-1
139,1,460,626,1008,804,1,-1,-1,-1
139,2,1019,212,484,772,1,-1,-1,-1
139,5,626,233,416,520,1,-1,-1,-1
139,6,264,264,120,104,1,-1,-1,-1
140,0,1461,155,495,770,1,-1,-1,-1
140,1,457,635,1008,804,1,-1,-1,-1
140,2,1015,217,484,772,1,-1,-1,-1
140,5,623,234,416,520,1,-1,-1,-1
140,6,263,267,120,104,1,-1,-1,-1
141,0,1457,161,495,770,1,-1,-1,-1
141,1,451,641,1008,799,1,-1,-1,-1
141,2,1010,224,484,772,1,-1,-1,-1
141,5,619,238,416,520,1,-1,-1,-1
141,6,260,271,120,104,1,-1,-1,-1
142,0,1454,167,495,770,1,-1,-1,-1
142,1,444,648,1008,792,1,-1,-1,-1
142,2,1003,232,484,772,1,-1,-1,-1
142,5,616,245,416,520,1,-1,-1,-1
142,6,255,274,120,104,1,-1,-1,-1
143,0,1451,172,495,770,1,-1,-1,-1
143,1,438,653,1008,787,1,-1,-1,-1
143,2,1001,236,484,772,1,-1,-1,-1
143,5,612,248,416,520,1,-1,-1,-1
143,6,249,276,120,104,1,-1,-1,-1
144,0,1451,177,495,770,1,-1,-1,-1
144,1,433,659,1008,781,1,-1,-1,-1
144,2,1000,240,484,772,1,-1,-1,-1
144,5,609,252,416,520,1,-1,-1,-1
144,6,247,278,120,104,1,-1,-1,-1
145,0,1432,168,520,796,1,-1,-1,-1
145,1,420,676,1032,752,1,-1,-1,-1
145,2,1016,228,464,796,1,-1,-1,-1
145,5,612,272,456,508,1,-1,-1,-1
145,6,247,278,120,104,1,-1,-1,-1
146,0,1431,168,520,796,1,-1,-1,-1
146,1,416,679,1032,752,1,-1,-1,-1
146,2,1016,225,464,796,1,-1,-1,-1
146,5,610,274,456,508,1,-1,-1,-1
146,6,244,282,120,104,1,-1,-1,-1
147,0,1432,168,520,796,1,-1,-1,-1
147,1,413,679,1032,752,1,-1,-1,-1
147,2,1018,218,464,796,1,-1,-1,-1
147,5,607,276,456,508,1,-1,-1,-1
147,6,244,284,120,104,1,-1,-1,-1
148,0,1431,168,520,796,1,-1,-1,-1
148,1,406,676,1032,752,1,-1,-1,-1
148,2,1017,209,464,796,1,-1,-1,-1
148,5,605,279,456,508,1,-1,-1,-1
148,6,242,286,120,104,1,-1,-1,-1
149,0,1431,166,520,796,1,-1,-1,-1
149,1,398,676,1032,752,1,-1,-1,-1
149,2,1014,206,464,796,1,-1,-1,-1
149,5,603,279,456,508,1,-1,-1,-1
149,6,240,289,120,104,1,-1,-1,-1
150,0,1430,165,520,796,1,-1,-1,-1
150,1,400,679,1032,752,1,-1,-1,-1
150,2,1013,207,464,796,1,-1,-1,-1
150,5,600,282,456,508,1,-1,-1,-1
150,6,234,292,120,104,1,-1,-1,-1
151,0,1425,167,520,796,1,-1,-1,-1
151,1,403,682,1032,752,1,-1,-1,-1
151,2,1015,211,464,796,1,-1,-1,-1
151,5,597,286,456,508,1,-1,-1,-1
151,6,226,293,120,104,1,-1,-1,-1
152,0,1423,165,520,796,1,-1,-1,-1
152,1,404,681,1032,752,1,-1,-1,-1
152,2,1014,210,464,796,1,-1,-1,-1
152,5,595,286,456,508,1,-1,-1,-1
152,6,222,296,120,104,1,-1,-1,-1
153,0,1416,164,512,796,1,-1,-1,-1
153,1,396,536,952,888,1,-1,-1,-1
153,2,1000,188,476,1036,1,-1,-1,-1
153,5,592,288,468,504,1,-1,-1,-1
153,6,222,296,120,104,1,-1,-1,-1
154,0,1415,162,512,796,1,-1,-1,-1
154,1,392,533,952,888,1,-1,-1,-1
154,2,997,186,476,1036,1,-1,-1,-1
154,5,590,284,468,504,1,-1,-1,-1
154,6,219,297,120,104,1,-1,-1,-1
155,0,1414,162,512,796,1,-1,-1,-1
155,1,387,527,952,888,1,-1,-1,-1
155,2,994,185,476,1036,1,-1,-1,-1
155,5,588,278,468,504,1,-1,-1,-1
155,6,217,292,126,109,1,-1,-1,-1
156,0,1412,163,512,796,1,-1,-1,-1
156,1,377,530,952,888,1,-1,-1,-1
156,2,990,181,476,1036,1,-1,-1,-1
156,5,584,275,468,504,1,-1,-1,-1
156,6,216,291,126,109,1,-1,-1,-1
157,0,1412,160,512,796,1,-1,-1,-1
157,1,368,520,952,888,1,-1,-1,-1
157,2,990,178,476,1036,1,-1,-1,-1
157,5,582,268,468,504,1,-1,-1,-1
157,6,214,286,126,109,1,-1,-1,-1
158,0,1409,157,512,796,1,-1,-1,-1
158,1,365,512,952,888,1,-1,-1,-1
158,2,990,167,476,1036,1,-1,-1,-1
158,5,579,260,468,504,1,-1,-1,-1
158,6,213,281,126,109,1,-1,-1,-1
159,0,1406,157,512,796,1,-1,-1,-1
159,1,359,510,952,888,1,-1,-1,-1
159,2,983,167,476,1036,1,-1,-1,-1
159,5,575,258,468,504,1,-1,-1,-1
159,6,210,278,126,109,1,-1,-1,-1
160,0,1401,159,512,796,1,-1,-1,-1
160,1,352,511,952,888,1,-1,-1,-1
160,2,976,165,476,1036,1,-1,-1,-1
160,5,570,258,468,504,1,-1,-1,-1
160,6,206,279,126,109,1,-1,-1,-1
161,0,1400,164,516,792,1,-1,-1,-1
161,1,348,296,948,1136,1,-1,-1,-1
161,2,984,132,472,1084,1,-1,-1,-1
161,5,570,258,468,504,1,-1,-1,-1
161,6,206,279,126,109,1,-1,-1,-1
162,0,1398,167,516,792,1,-1,-1,-1
162,1,343,301,948,1136,1,-1,-1,-1
162,2,983,135,472,1084,1,-1,-1,-1
162,5,560,263,468,504,1,-1,-1,-1
162,6,201,282,126,109,1,-1,-1,-1
163,0,1399,169,516,792,1,-1,-1,-1
163,1,336,304,948,1136,1,-1,-1,-1
163,2,981,137,472,1084,1,-1,-1,-1
163,5,556,265,468,504,1,-1,-1,-1
163,6,200,283,126,109,1,-1,-1,-1
164,0,1396,171,516,792,1,-1,-1,-1
164,1,332,309,948,1131,1,-1,-1,-1
164,2,976,137,472,1084,1,-1,-1,-1
164,5,551,270,468,504,1,-1,-1,-1
164,6,198,283,126,109,1,-1,-1,-1
165,0,1394,175,516,792,1,-1,-1,-1
165,1,332,309,948,1131,1,-1,-1,-1
165,2,974,142,472,1084,1,-1,-1,-1
165,5,552,270,468,504,1,-1,-1,-1
165,6,197,284,126,109,1,-1,-1,-1
166,0,1393,179,516,792,1,-1,-1,-1
166,1,328,313,948,1127,1,-1,-1,-1
166,2,975,144,472,1084,1,-1,-1,-1
166,5,548,272,468,504,1,-1,-1,-1
166,6,192,285,126,109,1,-1,-1,-1
167,0,1394,182,516,792,1,-1,-1,-1
167,1,327,312,948,1128,1,-1,-1,-1
167,2,974,149,472,1084,1,-1,-1,-1
167,5,548,275,468,504,1,-1,-1,-1
167,6,191,285,126,109,1,-1,-1,-1
168,0,1393,183,516,792,1,-1,-1,-1
168,1,329,310,948,1130,1,-1,-1,-1
168,2,975,147,472,1084,1,-1,-1,-1
168,5,550,272,468,504,1,-1,-1,-1
168,6,192,284,126,109,1,-1,-1,-1
169,0,1392,188,480,788,1,-1,-1,-1
169,1,332,328,956,1100,1,-1,-1,-1
169,2,972,156,480,1076,1,-1,-1,-1
169,5,550,272,468,504,1,-1,-1,-1
169,6,192,284,126,109,1,-1,-1,-1
170,0,1393,194,480,788,1,-1,-1,-1
170,1,330,328,956,1100,1,-1,-1,-1
170,2,973,158,480,1076,1,-1,-1,-1
170,5,556,271,468,504,1,-1,-1,-1
170,6,200,284,126,109,1,-1,-1,-1
171,0,1394,195,480,788,1,-1,-1,-1
171,1,332,327,956,1100,1,-1,-1,-1
171,2,975,158,480,1076,1,-1,-1,-1
171,5,559,270,468,504,1,-1,-1,-1
171,6,200,285,126,109,1,-1,-1,-1
172,0,1399,189,480,788,1,-1,-1,-1
172,1,336,323,956,1100,1,-1,-1,-1
172,2,978,154,480,1076,1,-1,-1,-1
172,5,562,269,468,504,1,-1,-1,-1
172,6,204,284,126,109,1,-1,-1,-1
173,0,1406,190,480,788,1,-1,-1,-1
173,1,340,322,956,1100,1,-1,-1,-1
173,2,985,149,480,1076,1,-1,-1,-1
173,5,566,272,468,504,1,-1,-1,-1
173,6,206,284,126,109,1,-1,-1,-1
174,0,1408,193,480,788,1,-1,-1,-1
174,1,346,327,956,1100,1,-1,-1,-1
174,2,987,151,480,1076,1,-1,-1,-1
174,5,567,279,468,504,1,-1,-1,-1
174,6,206,285,126,109,1,-1,-1,-1
175,0,1411,193,480,788,1,-1,-1,-1
175,1,349,327,956,1100,1,-1,-1,-1
175,2,992,151,480,1076,1,-1,-1,-1
175,5,573,279,468,504,1,-1,-1,-1
175,6,206,285,126,109,1,-1,-1,-1
176,0,1416,190,480,788,1,-1,-1,-1
176,1,353,327,956,1100,1,-1,-1,-1
176,2,994,153,480,1076,1,-1,-1,-1
176,5,573,279,468,504,1,-1,-1,-1
176,6,206,285,126,109,1,-1,-1,-1
177,0,1412,192,508,788,1,-1,-1,-1
177,1,372,448,948,980,1,-1,-1,-1
177,2,996,144,476,1096,1,-1,-1,-1
177,5,592,280,392,388,1,-1,-1,-1
177,6,206,285,126,109,1,-1,-1,-1
178,0,1413,195,508,788,1,-1,-1,-1
178,1,374,448,948,980,1,-1,-1,-1
178,2,997,143,476,1096,1,-1,-1,-1
178,5,593,280,392,388,1,-1,-1,-1
178,6,201,287,126,109,1,-1,-1,-1
179,0,1416,197,508,788,1,-1,-1,-1
179,1,375,445,948,980,1,-1,-1,-1
179,2,1001,142,476,1096,1,-1,-1,-1
179,5,594,280,392,388,1,-1,-1,-1
179,6,199,288,126,109,1,-1,-1,-1
180,0,1417,195,508,788,1,-1,-1,-1
180,1,376,448,948,980,1,-1,-1,-1
180,2,1005,143,476,1096,1,-1,-1,-1
180,5,596,280,392,388,1,-1,-1,-1
180,6,197,290,126,109,1,-1,-1,-1
181,0,1419,195,508,788,1,-1,-1,-1
181,1,384,444,948,980,1,-1,-1,-1
181,2,1007,144,476,1096,1,-1,-1,-1
181,5,598,281,392,388,1,-1,-1,-1
181,6,196,290,126,109,1,-1,-1,-1
182,0,1421,196,508,788,1,-1,-1,-1
182,1,388,446,948,980,1,-1,-1,-1
182,2,1012,147,476,1096,1,-1,-1,-1
182,5,601,282,392,388,1,-1,-1,-1
182,6,195,290,126,109,1,-1,-1,-1
183,0,1429,196,508,788,1,-1,-1,-1
183,1,397,443,948,980,1,-1,-1,-1
183,2,1021,149,476,1096,1,-1,-1,-1
183,5,605,284,392,388,1,-1,-1,-1
183,6,194,290,126,109,1,-1,-1,-1
184,0,1436,195,508,788,1,-1,-1,-1
184,1,408,451,948,980,1,-1,-1,-1
184,2,1031,154,476,1096,1,-1,-1,-1
184,5,600,275,412,407,1,-1,-1,-1
184,6,194,291,126,109,1,-1,-1,-1
185,0,1440,196,456,776,1,-1,-1,-1
185,1,420,464,952,964,1,-1,-1,-1
185,2,1040,300,480,944,1,-1,-1,-1
185,5,604,280,388,376,1,-1,-1,-1
185,6,194,291,126,109,1,-1,-1,-1
186,0,1443,195,456,776,1,-1,-1,-1
186,1,422,466,952,964,1,-1,-1,-1
186,2,1043,297,480,944,1,-1,-1,-1
186,5,604,279,388,376,1,-1,-1,-1
186,6,192,290,126,109,1,-1,-1,-1
187,0,1443,191,456,776,1,-1,-1,-1
187,1,426,466,952,964,1,-1,-1,-1
187,2,1046,296,480,944,1,-1,-1,-1
187,5,603,278,388,376,1,-1,-1,-1
187,6,184,289,126,109,1,-1,-1,-1
188,0,1444,190,456,776,1,-1,-1,-1
188,1,429,469,952,964,1,-1,-1,-1
188,2,1049,294,480,944,1,-1,-1,-1
188,5,599,277,388,376,1,-1,-1,-1
188,6,174,288,126,109,1,-1,-1,-1
189,0,1442,188,456,776,1,-1,-1,-1
189,1,427,469,952,964,1,-1,-1,-1
189,2,1061,318,457,899,1,-1,-1,-1
189,5,593,276,388,376,1,-1,-1,-1
189,6,159,287,126,109,1,-1,-1,-1
190,0,1438,187,456,776,1,-1,-1,-1
190,1,432,478,952,962,1,-1,-1,-1
190,2,1062,324,457,899,1,-1,-1,-1
190,5,581,278,388,376,1,-1,-1,-1
190,6,141,288,126,109,1,-1,-1,-1
191,0,1435,188,456,776,1,-1,-1,-1
191,1,430,485,952,955,1,-1,-1,-1
191,2,1061,330,457,899,1,-1,-1,-1
191,5,572,278,388,376,1,-1,-1,-1
191,6,123,288,126,109,1,-1,-1,-1
192,0,1432,189,456,776,1,-1,-1,-1
192,1,431,486,952,954,1,-1,-1,-1
192,2,1061,327,457,899,1,-1,-1,-1
192,5,563,275,388,376,1,-1,-1,-1
192,6,108,285,126,109,1,-1,-1,-1
193,0,1420,188,468,784,1,-1,-1,-1
193,1,416,532,1012,896,1,-1,-1,-1
193,2,1004,316,516,936,1,-1,-1,-1
193,5,544,268,500,580,1,-1,-1,-1
193,6,108,285,126,109,1,-1,-1,-1
194,0,1421,186,468,784,1,-1,-1,-1
194,1,420,534,1012,896,1,-1,-1,-1
194,2,1009,314,516,936,1,-1,-1,-1
194,5,544,265,500,580,1,-1,-1,-1
194,6,81,278,126,109,1,-1,-1,-1
195,0,1424,182,468,784,1,-1,-1,-1
195,1,432,532,1012,896,1,-1,-1,-1
195,2,1016,312,516,936,1,-1,-1,-1
195,5,550,261,500,580,1,-1,-1,-1
195,6,71,274,126,109,1,-1,-1,-1
196,0,1432,174,468,784,1,-1,-1,-1
196,1,447,526,1012,896,1,-1,-1,-1
196,2,1030,305,516,936,1,-1,-1,-1
196,5,557,255,500,580,1,-1,-1,-1
196,6,70,269,126,109,1,-1,-1,-1
197,0,1443,173,468,784,1,-1,-1,-1
197,1,464,527,1012,896,1,-1,-1,-1
197,2,1046,300,516,936,1,-1,-1,-1
197,5,566,251,500,580,1,-1,-1,-1
197,6,66,266,126,109,1,-1,-1,-1
198,0,1446,169,468,784,1,-1,-1,-1
198,1,478,524,1012,896,1,-1,-1,-1
198,2,1061,305,516,936,1,-1,-1,-1
198,5,575,245,500,580,1,-1,-1,-1
198,6,62,264,126,109,1,-1,-1,-1
199,0,1452,164,468,784,1,-1,-1,-1
199,1,492,527,1012,896,1,-1,-1,-1
199,2,1078,311,516,936,1,-1,-1,-1
199,5,581,241,500,580,1,-1,-1,-1
199,6,54,267,126,109,1,-1,-1,-1
200,0,1453,160,468,784,1,-1,-1,-1
200,1,503,535,1012,896,1,-1,-1,-1
200,2,1087,305,516,936,1,-1,-1,-1
200,5,585,241,500,580,1,-1,-1,-1
200,6,45,271,126,109,1,-1,-1,-1
201,0,1460,148,464,788,1,-1,-1,-1
201,1,520,480,1048,944,1,-1,-1,-1
201,2,1087,305,516,936,1,-1,-1,-1
201,5,548,248,408,568,1,-1,-1,-1
201,6,45,271,126,109,1,-1,-1,-1
202,0,1460,146,464,788,1,-1,-1,-1
202,1,529,485,1048,944,1,-1,-1,-1
202,2,1107,308,516,936,1,-1,-1,-1
202,5,548,244,408,568,1,-1,-1,-1
202,6,23,270,126,109,1,-1,-1,-1
203,0,1458,138,464,788,1,-1,-1,-1
203,1,539,479,1048,944,1,-1,-1,-1
203,2,1130,299,516,936,1,-1,-1,-1
203,5,547,240,408,568,1,-1,-1,-1
203,6,8,265,126,109,1,-1,-1,-1
204,0,1458,138,464,788,1,-1,-1,-1
204,1,548,484,1048,944,1,-1,-1,-1
204,2,1160,329,491,891,1,-1,-1,-1
204,5,544,234,408,568,1,-1,-1,-1
204,6,0,263,122,109,1,-1,-1,-1
205,0,1457,137,464,788,1,-1,-1,-1
205,1,559,480,1048,944,1,-1,-1,-1
205,2,1190,339,491,891,1,-1,-1,-1
205,5,540,232,408,568,1,-1,-1,-1
205,6,0,263,106,109,1,-1,-1,-1
206,0,1456,135,464,788,1,-1,-1,-1
206,1,574,487,1048,944,1,-1,-1,-1
206,2,1226,340,491,891,1,-1,-1,-1
206,5,526,219,428,596,1,-1,-1,-1
206,6,0,261,85,109,1,-1,-1,-1
207,0,1457,135,464,788,1,-1,-1,-1
207,1,587,497,1048,943,1,-1,-1,-1
207,2,1221,347,491,891,1,-1,-1,-1
207,5,524,223,428,596,1,-1,-1,-1
207,6,0,263,69,115,1,-1,-1,-1
208,0,1457,136,464,788,1,-1,-1,-1
208,1,605,510,1048,930,1,-1,-1,-1
208,2,1277,352,491,891,1,-1,-1,-1
208,5,522,235,428,596,1,-1,-1,-1
208,6,0,273,58,115,1,-1,-1,-1
209,0,1488,136,432,800,1,-1,-1,-1
209,1,588,548,1100,876,1,-1,-1,-1
209,2,1277,352,491,891,1,-1,-1,-1
209,5,522,235,428,596,1,-1,-1,-1
209,6,0,273,58,115,1,-1,-1,-1
209,7,484,344,632,600,1,-1,-1,-1
210,0,1492,133,432,800,1,-1,-1,-1
210,1,606,557,1100,876,1,-1,-1,-1
210,2,1333,366,491,891,1,-1,-1,-1
210,5,524,249,428,596,1,-1,-1,-1
210,6,0,289,46,115,1,-1,-1,-1
210,7,488,350,632,600,1,-1,-1,-1
211,0,1499,135,432,800,1,-1,-1,-1
211,1,622,567,1100,873,1,-1,-1,-1
211,2,1373,401,468,849,1,-1,-1,-1
211,5,528,254,428,596,1,-1,-1,-1
211,6,5,301,132,115,1,-1,-1,-1
211,7,495,358,632,600,1,-1,-1,-1
212,0,1507,144,432,800,1,-1,-1,-1
212,1,638,582,1100,858,1,-1,-1,-1
212,2,1400,414,468,849,1,-1,-1,-1
212,5,529,269,428,596,1,-1,-1,-1
212,6,0,314,130,115,1,-1,-1,-1
212,7,499,372,632,600,1,-1,-1,-1
213,0,1517,149,432,800,1,-1,-1,-1
213,1,659,598,1100,842,1,-1,-1,-1
213,2,1427,441,468,849,1,-1,-1,-1
213,5,530,280,428,596,1,-1,-1,-1
213,6,29,309,132,115,1,-1,-1,-1
213,7,505,382,632,600,1,-1,-1,-1
214,0,1536,166,411,762,1,-1,-1,-1
214,1,684,604,1100,836,1,-1,-1,-1
214,2,1465,449,468,849,1,-1,-1,-1
214,5,536,283,428,596,1,-1,-1,-1
214,6,66,293,139,120,1,-1,-1,-1
214,7,512,385,632,600,1,-1,-1,-1
215,0,1543,156,411,762,1,-1,-1,-1
215,1,711,608,1100,832,1,-1,-1,-1
215,2,1494,445,468,849,1,-1,-1,-1
215,5,539,284,428,596,1,-1,-1,-1
215,6,55,296,139,120,1,-1,-1,-1
215,7,506,370,664,630,1,-1,-1,-1
216,0,1564,153,392,726,1,-1,-1,-1
216,1,740,609,1100,831,1,-1,-1,-1
216,2,1521,434,468,849,1,-1,-1,-1
216,5,535,270,450,626,1,-1,-1,-1
216,6,56,275,139,120,1,-1,-1,-1
216,7,515,368,664,630,1,-1,-1,-1
217,0,1568,152,472,520,1,-1,-1,-1
217,1,748,588,1164,836,1,-1,-1,-1
217,2,1521,434,468,849,1,-1,-1,-1
217,5,535,270,450,626,1,-1,-1,-1
217,6,56,275,139,120,1,-1,-1,-1
217,7,515,368,664,630,1,-1,-1,-1
218,0,1578,155,472,520,1,-1,-1,-1
218,1,768,592,1164,836,1,-1,-1,-1
218,2,1574,410,491,891,1,-1,-1,-1
218,5,548,276,450,626,1,-1,-1,-1
218,6,34,283,132,115,1,-1,-1,-1
218,7,535,374,664,630,1,-1,-1,-1
219,0,1592,146,472,520,1,-1,-1,-1
219,1,794,590,1164,836,1,-1,-1,-1
219,2,1599,392,516,936,1,-1,-1,-1
219,5,541,256,472,658,1,-1,-1,-1
219,6,26,295,132,115,1,-1,-1,-1
219,7,545,371,664,630,1,-1,-1,-1
220,0,1603,138,472,520,1,-1,-1,-1
220,1,816,592,1164,836,1,-1,-1,-1
220,2,1631,397,516,936,1,-1,-1,-1
220,5,551,253,472,658,1,-1,-1,-1
220,6,25,295,132,115,1,-1,-1,-1
220,7,558,368,664,630,1,-1,-1,-1
221,0,1614,132,472,520,1,-1,-1,-1
221,1,845,592,1164,836,1,-1,-1,-1
221,2,1666,382,516,936,1,-1,-1,-1
221,5,556,250,472,658,1,-1,-1,-1
221,7,551,348,697,662,1,-1,-1,-1
222,0,1615,124,472,520,1,-1,-1,-1
222,1,870,589,1164,836,1,-1,-1,-1
222,2,1690,395,516,936,1,-1,-1,-1
222,5,557,248,472,658,1,-1,-1,-1
222,7,540,333,732,695,1,-1,-1,-1
223,0,1612,125,472,520,1,-1,-1,-1
223,1,886,594,1164,836,1,-1,-1,-1
223,2,1716,419,491,891,1,-1,-1,-1
223,5,558,250,472,658,1,-1,-1,-1
223,7,543,339,732,695,1,-1,-1,-1
224,0,1605,126,472,520,1,-1,-1,-1
224,1,903,595,1164,836,1,-1,-1,-1
224,2,1731,408,491,891,1,-1,-1,-1
224,5,565,271,450,626,1,-1,-1,-1
224,7,540,342,732,695,1,-1,-1,-1
225,0,1652,120,404,488,1,-1,-1,-1
225,1,916,560,1212,868,1,-1,-1,-1
225,2,1731,408,491,891,1,-1,-1,-1
225,5,452,256,496,580,1,-1,-1,-1
225,7,724,356,576,852,1,-1,-1,-1
225,8,1256,244,444,680,1,-1,-1,-1
226,0,1662,110,404,488,1,-1,-1,-1
226,1,929,554,1212,868,1,-1,-1,-1
226,2,1780,368,491,891,1,-1,-1,-1
226,5,461,245,496,580,1,-1,-1,-1
226,7,732,346,576,852,1,-1,-1,-1
226,8,1269,231,444,680,1,-1,-1,-1
227,0,1679,83,404,488,1,-1,-1,-1
227,1,949,532,1212,868,1,-1,-1,-1
227,2,1801,364,491,891,1,-1,-1,-1
227,5,478,230,496,580,1,-1,-1,-1
227,7,748,329,576,852,1,-1,-1,-1
227,8,1292,210,444,680,1,-1,-1,-1
228,0,1701,69,404,488,1,-1,-1,-1
228,1,975,523,1212,868,1,-1,-1,-1
228,2,1813,341,516,936,1,-1,-1,-1
228,5,501,214,496,580,1,-1,-1,-1
228,7,773,317,576,852,1,-1,-1,-1
228,8,1322,192,444,680,1,-1,-1,-1
229,0,1722,72,404,488,1,-1,-1,-1
229,1,997,517,1212,868,1,-1,-1,-1
229,2,1840,342,516,936,1,-1,-1,-1
229,5,519,211,496,580,1,-1,-1,-1
229,7,788,312,576,852,1,-1,-1,-1
229,8,1345,189,444,680,1,-1,-1,-1
230,0,1742,76,404,488,1,-1,-1,-1
230,1,1018,515,1212,868,1,-1,-1,-1
230,2,1858,344,516,936,1,-1,-1,-1
230,5,540,208,496,580,1,-1,-1,-1
230,7,809,312,576,852,1,-1,-1,-1
230,8,1368,188,444,680,1,-1,-1,-1
231,0,1769,82,404,488,1,-1,-1,-1
231,1,1044,520,1212,868,1,-1,-1,-1
231,2,1889,344,516,936,1,-1,-1,-1
231,5,567,214,496,580,1,-1,-1,-1
231,7,834,320,576,852,1,-1,-1,-1
231,8,1391,195,444,680,1,-1,-1,-1
232,0,1787,108,404,488,1,-1,-1,-1
232,1,1068,534,1212,868,1,-1,-1,-1
232,2,1912,362,516,936,1,-1,-1,-1
232,5,583,226,496,580,1,-1,-1,-1
232,7,852,333,576,852,1,-1,-1,-1
232,8,1412,213,444,680,1,-1,-1,-1
233,0,1816,120,392,464,1,-1,-1,-1
233,1,1080,536,1260,892,1,-1,-1,-1
233,2,1912,362,516,936,1,-1,-1,-1
233,5,580,232,552,588,1,-1,-1,-1
233,7,864,332,576,868,1,-1,-1,-1
233,8,1428,228,460,648,1,-1,-1,-1
233,9,1124,32,384,720,1,-1,-1,-1
234,0,1832,115,392,464,1,-1,-1,-1
234,1,1092,534,1260,892,1,-1,-1,-1
234,2,1952,368,516,936,1,-1,-1,-1
234,5,590,226,552,588,1,-1,-1,-1
234,7,870,328,576,868,1,-1,-1,-1
234,8,1443,226,460,648,1,-1,-1,-1
234,9,1140,27,384,720,1,-1,-1,-1
235,0,1841,109,392,464,1,-1,-1,-1
235,1,1100,533,1260,892,1,-1,-1,-1
235,2,1956,363,516,936,1,-1,-1,-1
235,5,597,225,552,588,1,-1,-1,-1
235,7,878,324,576,868,1,-1,-1,-1
235,8,1451,226,460,648,1,-1,-1,-1
235,9,1160,39,366,686,1,-1,-1,-1
236,0,1837,115,392,464,1,-1,-1,-1
236,1,1105,536,1260,892,1,-1,-1,-1
236,2,1964,367,516,936,1,-1,-1,-1
236,5,594,229,552,588,1,-1,-1,-1
236,7,881,329,576,868,1,-1,-1,-1
236,8,1450,238,460,648,1,-1,-1,-1
236,9,1166,41,366,686,1,-1,-1,-1
237,0,1824,126,392,464,1,-1,-1,-1
237,1,1099,552,1260,888,1,-1,-1,-1
237,2,1955,371,516,936,1,-1,-1,-1
237,5,581,236,552,588,1,-1,-1,-1
237,7,876,338,576,868,1,-1,-1,-1
237,8,1442,254,460,648,1,-1,-1,-1
237,9,1162,51,366,686,1,-1,-1,-1
238,0,1803,129,392,464,1,-1,-1,-1
238,1,1087,554,1260,886,1,-1,-1,-1
238,2,1956,386,491,891,1,-1,-1,-1
238,5,567,241,552,588,1,-1,-1,-1
238,7,863,342,576,868,1,-1,-1,-1
238,8,1427,263,460,648,1,-1,-1,-1
238,9,1163,71,348,653,1,-1,-1,-1
239,0,1789,117,392,464,1,-1,-1,-1
239,1,1070,556,1260,884,1,-1,-1,-1
239,2,1939,376,491,891,1,-1,-1,-1
239,5,549,232,552,588,1,-1,-1,-1
239,7,848,338,576,868,1,-1,-1,-1
239,8,1418,258,460,648,1,-1,-1,-1
239,9,1149,67,348,653,1,-1,-1,-1
240,0,1768,106,392,464,1,-1,-1,-1
240,1,1056,555,1260,885,1,-1,-1,-1
240,2,1927,347,491,891,1,-1,-1,-1
240,5,527,223,552,588,1,-1,-1,-1
240,7,814,305,605,911,1,-1,-1,-1
240,8,1393,249,460,648,1,-1,-1,-1
240,9,1123,41,366,686,1,-1,-1,-1
241,0,1768,106,392,464,1,-1,-1,-1
241,1,1056,555,1260,885,1,-1,-1,-1
241,2,1927,347,491,891,1,-1,-1,-1
241,5,492,208,564,580,1,-1,-1,-1
241,7,784,296,592,884,1,-1,-1,-1
241,8,1393,249,460,648,1,-1,-1,-1
241,9,1056,32,440,712,1,-1,-1,-1
242,0,1721,104,392,464,1,-1,-1,-1
242,1,1020,542,1260,892,1,-1,-1,-1
242,2,1907,345,491,891,1,-1,-1,-1
242,5,471,206,564,580,1,-1,-1,-1
242,7,765,294,592,884,1,-1,-1,-1
242,8,1349,246,460,648,1,-1,-1,-1
242,9,1037,30,440,712,1,-1,-1,-1
243,0,1701,111,373,442,1,-1,-1,-1
243,1,995,535,1260,892,1,-1,-1,-1
243,2,1863,330,516,936,1,-1,-1,-1
243,5,443,201,564,580,1,-1,-1,-1
243,7,738,286,592,884,1,-1,-1,-1
243,8,1326,237,460,648,1,-1,-1,-1
243,9,1012,23,440,712,1,-1,-1,-1
244,0,1688,99,373,442,1,-1,-1,-1
244,1,973,524,1260,892,1,-1,-1,-1
244,2,1837,335,516,936,1,-1,-1,-1
244,5,424,187,564,580,1,-1,-1,-1
244,7,719,273,592,884,1,-1,-1,-1
244,8,1305,219,460,648,1,-1,-1,-1
244,9,992,15,440,712,1,-1,-1,-1
245,0,1662,92,373,442,1,-1,-1,-1
245,1,951,513,1260,892,1,-1,-1,-1
245,2,1810,337,516,936,1,-1,-1,-1
245,5,399,178,564,580,1,-1,-1,-1
245,7,693,264,592,884,1,-1,-1,-1
245,8,1286,209,460,648,1,-1,-1,-1
245,9,966,8,440,712,1,-1,-1,-1
246,0,1631,93,373,442,1,-1,-1,-1
246,1,919,509,1260,892,1,-1,-1,-1
246,2,1783,342,516,936,1,-1,-1,-1
246,5,363,178,564,580,1,-1,-1,-1
246,7,668,261,592,884,1,-1,-1,-1
246,8,1249,207,460,648,1,-1,-1,-1
246,9,934,10,440,712,1,-1,-1,-1
247,0,1609,93,373,442,1,-1,-1,-1
247,1,890,506,1260,892,1,-1,-1,-1
247,2,1751,341,516,936,1,-1,-1,-1
247,5,340,179,564,580,1,-1,-1,-1
247,7,638,261,592,884,1,-1,-1,-1
247,8,1227,202,460,648,1,-1,-1,-1
247,9,911,10,440,712,1,-1,-1,-1
248,0,1581,93,373,442,1,-1,-1,-1
248,1,864,511,1260,892,1,-1,-1,-1
248,2,1720,348,516,936,1,-1,-1,-1
248,5,306,178,564,580,1,-1,-1,-1
248,7,609,263,592,884,1,-1,-1,-1
248,8,1196,202,460,648,1,-1,-1,-1
248,9,885,9,440,712,1,-1,-1,-1
249,0,1536,80,388,440,1,-1,-1,-1
249,1,840,476,1368,948,1,-1,-1,-1
249,2,1720,348,516,936,1,-1,-1,-1
249,5,256,164,584,612,1,-1,-1,-1
249,7,580,252,604,924,1,-1,-1,-1
249,8,1160,208,496,668,1,-1,-1,-1
249,9,885,9,440,712,1,-1,-1,-1
250,0,1510,79,388,440,1,-1,-1,-1
250,1,825,479,1368,948,1,-1,-1,-1
250,2,1678,345,516,936,1,-1,-1,-1
250,5,225,165,584,612,1,-1,-1,-1
250,7,558,251,604,924,1,-1,-1,-1
250,8,1141,209,496,668,1,-1,-1,-1
250,9,822,8,440,712,1,-1,-1,-1
251,0,1486,83,388,440,1,-1,-1,-1
251,1,806,481,1368,948,1,-1,-1,-1
251,2,1673,341,516,936,1,-1,-1,-1
251,5,193,168,584,612,1,-1,-1,-1
251,7,530,256,604,924,1,-1,-1,-1
251,8,1121,214,496,668,1,-1,-1,-1
251,9,797,6,440,712,1,-1,-1,-1
252,0,1462,89,388,440,1,-1,-1,-1
252,1,790,492,1368,948,1,-1,-1,-1
252,2,1665,356,516,936,1,-1,-1,-1
252,5,164,178,584,612,1,-1,-1,-1
252,7,502,262,604,924,1,-1,-1,-1
252,8,1102,222,496,668,1,-1,-1,-1
252,9,775,0,440,711,1,-1,-1,-1
253,0,1444,88,388,440,1,-1,-1,-1
253,1,777,499,1368,941,1,-1,-1,-1
253,2,1655,370,516,936,1,-1,-1,-1
253,5,138,184,584,612,1,-1,-1,-1
253,7,481,264,604,924,1,-1,-1,-1
253,8,1084,225,496,668,1,-1,-1,-1
253,9,747,1,440,712,1,-1,-1,-1
254,0,1428,87,388,440,1,-1,-1,-1
254,1,765,502,1368,938,1,-1,-1,-1
254,2,1644,369,516,936,1,-1,-1,-1
254,5,118,187,584,612,1,-1,-1,-1
254,7,467,262,604,924,1,-1,-1,-1
254,8,1073,226,496,668,1,-1,-1,-1
254,9,739,0,440,703,1,-1,-1,-1
255,0,1410,76,407,462,1,-1,-1,-1
255,1,758,505,1368,935,1,-1,-1,-1
255,2,1638,371,516,936,1,-1,-1,-1
255,5,106,191,584,612,1,-1,-1,-1
255,7,454,261,604,924,1,-1,-1,-1
255,8,1059,230,496,668,1,-1,-1,-1
255,9,717,0,462,711,1,-1,-1,-1
256,0,1403,76,407,462,1,-1,-1,-1
256,1,751,502,1368,938,1,-1,-1,-1
256,2,1631,375,516,936,1,-1,-1,-1
256,5,97,194,584,612,1,-1,-1,-1
256,7,445,265,604,924,1,-1,-1,-1
256,8,1055,229,496,668,1,-1,-1,-1
256,9,696,0,485,729,1,-1,-1,-1
257,0,1403,76,407,462,1,-1,-1,-1
257,1,692,512,1452,916,1,-1,-1,-1
257,2,1631,375,516,936,1,-1,-1,-1
257,5,68,188,612,636,1,-1,-1,-1
257,7,412,236,644,1004,1,-1,-1,-1
257,8,1016,72,692,824,1,-1,-1,-1
257,9,696,0,485,729,1,-1,-1,-1
258,0,1396,71,407,462,1,-1,-1,-1
258,1,688,510,1452,916,1,-1,-1,-1
258,2,1608,348,542,983,1,-1,-1,-1
258,5,65,186,612,636,1,-1,-1,-1
258,7,411,239,644,1004,1,-1,-1,-1
258,8,1013,67,692,824,1,-1,-1,-1
258,9,685,0,485,729,1,-1,-1,-1
259,0,1392,64,407,462,1,-1,-1,-1
259,1,682,507,1452,916,1,-1,-1,-1
259,2,1602,348,542,983,1,-1,-1,-1
259,5,59,187,612,636,1,-1,-1,-1
259,7,408,239,644,1004,1,-1,-1,-1
259,8,1012,63,692,824,1,-1,-1,-1
259,9,680,0,485,728,1,-1,-1,-1
260,0,1391,61,407,462,1,-1,-1,-1
260,1,679,505,1452,916,1,-1,-1,-1
260,2,1585,318,569,1032,1,-1,-1,-1
260,5,56,189,612,636,1,-1,-1,-1
260,7,404,241,644,1004,1,-1,-1,-1
260,8,1012,62,692,824,1,-1,-1,-1
260,9,677,0,485,728,1,-1,-1,-1
261,0,1388,60,407,462,1,-1,-1,-1
261,1,680,505,1452,916,1,-1,-1,-1
261,2,1568,336,569,1032,1,-1,-1,-1
261,5,54,192,612,636,1,-1,-1,-1
261,7,404,245,644,1004,1,-1,-1,-1
261,8,1010,60,692,824,1,-1,-1,-1
261,9,676,0,485,736,1,-1,-1,-1
262,0,1387,53,407,462,1,-1,-1,-1
262,1,685,507,1452,916,1,-1,-1,-1
262,2,1541,379,569,1032,1,-1,-1,-1
262,5,59,196,612,636,1,-1,-1,-1
262,7,405,242,644,1004,1,-1,-1,-1
262,8,1013,59,692,824,1,-1,-1,-1
262,9,679,0,485,734,1,-1,-1,-1
263,0,1388,51,407,462,1,-1,-1,-1
263,1,678,512,1452,916,1,-1,-1,-1
263,2,1512,423,569,1017,1,-1,-1,-1
263,5,65,190,612,636,1,-1,-1,-1
263,7,408,239,644,1004,1,-1,-1,-1
263,8,1012,59,692,824,1,-1,-1,-1
263,9,685,0,485,730,1,-1,-1,-1
264,0,1390,55,407,462,1,-1,-1,-1
264,1,669,519,1452,916,1,-1,-1,-1
264,2,1488,449,569,991,1,-1,-1,-1
264,5,69,189,612,636,1,-1,-1,-1
264,7,413,233,644,1004,1,-1,-1,-1
264,8,1014,62,692,824,1,-1,-1,-1
264,9,690,0,485,729,1,-1,-1,-1
265,0,1390,55,407,462,1,-1,-1,-1
265,1,669,519,1452,916,1,-1,-1,-1
265,2,1488,449,569,991,1,-1,-1,-1
265,5,80,188,596,656,1,-1,-1,-1
265,7,428,240,680,996,1,-1,-1,-1
265,8,1014,62,692,824,1,-1,-1,-1
265,9,690,0,485,729,1,-1,-1,-1
266,0,1392,62,407,462,1,-1,-1,-1
266,1,663,516,1452,916,1,-1,-1,-1
266,2,1466,480,569,960,1,-1,-1,-1
266,5,80,187,596,656,1,-1,-1,-1
266,7,429,238,680,996,1,-1,-1,-1
266,8,1010,62,692,824,1,-1,-1,-1
266,9,689,0,485,730,1,-1,-1,-1
267,0,1397,65,407,462,1,-1,-1,-1
267,1,662,528,1452,912,1,-1,-1,-1
267,2,1457,495,569,945,1,-1,-1,-1
267,5,85,192,596,656,1,-1,-1,-1
267,7,433,248,680,996,1,-1,-1,-1
267,8,1013,67,692,824,1,-1,-1,-1
267,9,698,0,462,717,1,-1,-1,-1
268,0,1409,77,407,462,1,-1,-1,-1
268,1,675,540,1452,900,1,-1,-1,-1
268,2,1467,510,569,930,1,-1,-1,-1
268,5,101,202,596,656,1,-1,-1,-1
268,7,449,254,680,996,1,-1,-1,-1
268,8,1026,75,692,824,1,-1,-1,-1
268,9,704,0,462,729,1,-1,-1,-1
269,0,1419,83,407,462,1,-1,-1,-1
269,1,688,554,1452,886,1,-1,-1,-1
269,2,1487,523,569,917,1,-1,-1,-1
269,5,115,209,596,656,1,-1,-1,-1
269,7,461,262,680,996,1,-1,-1,-1
269,8,1036,79,692,824,1,-1,-1,-1
269,9,711,0,462,735,1,-1,-1,-1
270,0,1434,83,407,462,1,-1,-1,-1
270,1,704,562,1452,878,1,-1,-1,-1
270,2,1518,528,569,912,1,-1,-1,-1
270,5,126,215,596,656,1,-1,-1,-1
270,7,476,267,680,996,1,-1,-1,-1
270,8,1054,85,692,824,1,-1,-1,-1
270,9,717,0,462,738,1,-1,-1,-1
271,0,1446,89,407,462,1,-1,-1,-1
271,1,719,576,1452,864,1,-1,-1,-1
271,2,1544,546,569,894,1,-1,-1,-1
271,5,141,220,596,656,1,-1,-1,-1
271,7,480,267,680,996,1,-1,-1,-1
271,8,1067,95,692,824,1,-1,-1,-1
271,9,722,0,462,733,1,-1,-1,-1
272,0,1457,87,407,462,1,-1,-1,-1
272,1,720,584,1452,856,1,-1,-1,-1
272,2,1554,561,569,879,1,-1,-1,-1
272,5,153,220,596,656,1,-1,-1,-1
272,7,480,264,680,996,1,-1,-1,-1
272,8,1085,101,692,824,1,-1,-1,-1
272,9,728,0,462,717,1,-1,-1,-1
273,0,1464,84,300,484,1,-1,-1,-1
273,1,788,652,1380,772,1,-1,-1,-1
273,2,1554,561,569,879,1,-1,-1,-1
273,5,176,232,536,608,1,-1,-1,-1
273,7,516,212,724,1016,1,-1,-1,-1
273,8,1085,101,692,824,1,-1,-1,-1
273,9,728,0,462,717,1,-1,-1,-1
274,0,1464,83,300,484,1,-1,-1,-1
274,1,790,652,1380,772,1,-1,-1,-1
274,2,1571,580,569,860,1,-1,-1,-1
274,5,179,231,536,608,1,-1,-1,-1
274,7,518,212,724,1016,1,-1,-1,-1
274,8,1086,96,692,824,1,-1,-1,-1
274,9,715,0,462,703,1,-1,-1,-1
275,0,1467,86,300,484,1,-1,-1,-1
275,1,789,658,1380,772,1,-1,-1,-1
275,2,1582,584,569,856,1,-1,-1,-1
275,5,181,235,536,608,1,-1,-1,-1
275,7,517,220,724,1016,1,-1,-1,-1
275,8,1096,113,692,824,1,-1,-1,-1
275,9,725,0,440,689,1,-1,-1,-1
276,0,1468,92,300,484,1,-1,-1,-1
276,1,795,662,1380,772,1,-1,-1,-1
276,2,1587,592,569,848,1,-1,-1,-1
276,5,183,238,536,608,1,-1,-1,-1
276,7,512,232,724,1016,1,-1,-1,-1
276,8,1102,126,692,824,1,-1,-1,-1
276,9,729,0,440,696,1,-1,-1,-1
277,0,1470,93,300,484,1,-1,-1,-1
277,1,795,667,1380,772,1,-1,-1,-1
277,2,1582,593,569,847,1,-1,-1,-1
277,5,186,239,536,608,1,-1,-1,-1
277,7,514,234,724,1016,1,-1,-1,-1
277,8,1107,128,692,824,1,-1,-1,-1
277,9,740,0,440,689,1,-1,-1,-1
278,0,1471,91,300,484,1,-1,-1,-1
278,1,791,668,1380,772,1,-1,-1,-1
278,2,1574,587,569,853,1,-1,-1,-1
278,5,186,239,536,608,1,-1,-1,-1
278,7,517,236,724,1016,1,-1,-1,-1
278,8,1104,126,692,824,1,-1,-1,-1
278,9,761,0,419,671,1,-1,-1,-1
279,0,1467,95,300,484,1,-1,-1,-1
279,1,786,668,1380,772,1,-1,-1,-1
279,2,1572,598,569,842,1,-1,-1,-1
279,5,186,244,536,608,1,-1,-1,-1
279,7,518,242,724,1016,1,-1,-1,-1
279,8,1102,132,692,824,1,-1,-1,-1
279,9,773,5,419,678,1,-1,-1,-1
280,0,1464,106,300,484,1,-1,-1,-1
280,1,777,675,1380,765,1,-1,-1,-1
280,2,1567,609,569,831,1,-1,-1,-1
280,5,183,250,536,608,1,-1,-1,-1
280,7,516,247,724,1016,1,-1,-1,-1
280,8,1098,138,692,824,1,-1,-1,-1
280,9,782,17,419,678,1,-1,-1,-1
281,0,1464,106,300,484,1,-1,-1,-1
281,1,780,708,1368,712,1,-1,-1,-1
281,2,1567,609,569,831,1,-1,-1,-1
281,5,180,252,564,620,1,-1,-1,-1
281,7,528,272,568,980,1,-1,-1,-1
281,8,1098,138,692,824,1,-1,-1,-1
281,9,782,17,419,678,1,-1,-1,-1
282,0,1452,105,300,484,1,-1,-1,-1
282,1,775,709,1368,712,1,-1,-1,-1
282,2,1543,625,569,815,1,-1,-1,-1
282,5,178,249,564,620,1,-1,-1,-1
282,7,525,270,568,980,1,-1,-1,-1
282,8,1091,132,692,824,1,-1,-1,-1
282,9,789,28,419,678,1,-1,-1,-1
283,0,1444,106,300,484,1,-1,-1,-1
283,1,764,716,1368,712,1,-1,-1,-1
283,2,1529,632,569,808,1,-1,-1,-1
283,5,174,248,564,620,1,-1,-1,-1
283,7,524,267,568,980,1,-1,-1,-1
283,8,1090,127,692,824,1,-1,-1,-1
283,9,781,14,440,712,1,-1,-1,-1
284,0,1441,112,300,484,1,-1,-1,-1
284,1,761,723,1368,712,1,-1,-1,-1
284,2,1522,644,569,796,1,-1,-1,-1
284,5,172,253,564,620,1,-1,-1,-1
284,7,525,266,568,980,1,-1,-1,-1
284,8,1084,132,692,824,1,-1,-1,-1
284,9,781,16,440,712,1,-1,-1,-1
285,0,1437,114,300,484,1,-1,-1,-1
285,1,757,726,1368,712,1,-1,-1,-1
285,2,1506,627,597,813,1,-1,-1,-1
285,5,173,254,564,620,1,-1,-1,-1
285,7,527,263,568,980,1,-1,-1,-1
285,8,1085,135,692,824,1,-1,-1,-1
285,9,779,14,440,712,1,-1,-1,-1
286,0,1435,114,300,484,1,-1,-1,-1
286,1,756,726,1368,712,1,-1,-1,-1
286,2,1501,626,597,814,1,-1,-1,-1
286,5,172,255,564,620,1,-1,-1,-1
286,7,533,255,568,980,1,-1,-1,-1
286,8,1088,137,692,824,1,-1,-1,-1
286,9,781,5,440,712,1,-1,-1,-1
287,0,1434,113,300,484,1,-1,-1,-1
287,1,754,721,1368,712,1,-1,-1,-1
287,2,1491,611,597,829,1,-1,-1,-1
287,5,173,251,564,620,1,-1,-1,-1
287,7,519,222,596,1029,1,-1,-1,-1
287,8,1080,132,692,824,1,-1,-1,-1
287,9,782,0,440,703,1,-1,-1,-1
288,0,1435,113,300,484,1,-1,-1,-1
288,1,744,714,1368,712,1,-1,-1,-1
288,2,1484,601,597,839,1,-1,-1,-1
288,5,174,247,564,620,1,-1,-1,-1
288,7,519,218,596,1029,1,-1,-1,-1
288,8,1074,128,692,824,1,-1,-1,-1
288,9,783,0,440,695,1,-1,-1,-1
289,0,1435,113,300,484,1,-1,-1,-1
289,1,752,684,1348,740,1,-1,-1,-1
289,2,1484,601,597,839,1,-1,-1,-1
289,5,172,268,592,608,1,-1,-1,-1
289,7,528,212,572,1024,1,-1,-1,-1
289,8,1056,108,684,756,1,-1,-1,-1
289,9,783,0,440,695,1,-1,-1,-1
290,0,1435,107,300,484,1,-1,-1,-1
290,1,750,672,1348,740,1,-1,-1,-1
290,2,1487,576,597,864,1,-1,-1,-1
290,5,177,259,592,608,1,-1,-1,-1
290,7,524,207,572,1024,1,-1,-1,-1
290,8,1056,102,684,756,1,-1,-1,-1
290,9,780,0,440,674,1,-1,-1,-1
291,0,1438,105,300,484,1,-1,-1,-1
291,1,736,658,1348,740,1,-1,-1,-1
291,2,1469,551,597,889,1,-1,-1,-1
291,5,181,247,592,608,1,-1,-1,-1
291,7,526,195,572,1024,1,-1,-1,-1
291,8,1056,92,684,756,1,-1,-1,-1
291,9,781,0,440,670,1,-1,-1,-1
292,0,1442,97,300,484,1,-1,-1,-1
292,1,724,639,1348,740,1,-1,-1,-1
292,2,1458,543,597,897,1,-1,-1,-1
292,5,186,233,592,608,1,-1,-1,-1
292,7,523,183,572,1024,1,-1,-1,-1
292,8,1054,77,684,756,1,-1,-1,-1
292,9,783,0,440,659,1,-1,-1,-1
293,0,1445,92,300,484,1,-1,-1,-1
293,1,706,621,1348,740,1,-1,-1,-1
293,2,1418,534,597,906,1,-1,-1,-1
293,5,189,221,592,608,1,-1,-1,-1
293,7,520,166,572,1024,1,-1,-1,-1
293,8,1044,62,684,756,1,-1,-1,-1
293,9,771,0,440,650,1,-1,-1,-1
294,0,1448,84,300,484,1,-1,-1,-1
294,1,681,598,1348,740,1,-1,-1,-1
294,2,1399,503,597,937,1,-1,-1,-1
294,5,206,219,564,579,1,-1,-1,-1
294,7,516,150,572,1024,1,-1,-1,-1
294,8,1038,45,684,756,1,-1,-1,-1
294,9,769,0,440,628,1,-1,-1,-1
295,0,1451,73,300,484,1,-1,-1,-1
295,1,661,572,1348,740,1,-1,-1,-1
295,2,1373,482,597,958,1,-1,-1,-1
295,5,207,196,564,579,1,-1,-1,-1
295,7,509,127,572,1024,1,-1,-1,-1
295,8,1050,45,651,720,1,-1,-1,-1
295,9,769,0,440,600,1,-1,-1,-1
296,0,1447,57,300,484,1,-1,-1,-1
296,1,639,527,1348,740,1,-1,-1,-1
296,2,1354,448,597,992,1,-1,-1,-1
296,5,216,191,537,551,1,-1,-1,-1
296,7,498,101,572,1024,1,-1,-1,-1
296,8,1032,17,651,720,1,-1,-1,-1
296,9,762,0,440,574,1,-1,-1,-1
297,0,1447,57,300,484,1,-1,-1,-1
297,1,672,488,1180,940,1,-1,-1,-1
297,2,1354,448,597,992,1,-1,-1,-1
297,5,220,168,496,548,1,-1,-1,-1
297,7,504,64,636,1004,1,-1,-1,-1
297,8,1032,17,651,720,1,-1,-1,-1
297,9,762,0,440,574,1,-1,-1,-1
297,10,1032,188,456,512,1,-1,-1,-1
297,11,1276,808,984,596,1,-1,-1,-1
298,0,1439,33,300,484,1,-1,-1,-1
298,1,656,476,1180,940,1,-1,-1,-1
298,2,1279,343,597,1084,1,-1,-1,-1
298,5,221,158,496,548,1,-1,-1,-1
298,7,501,56,636,1004,1,-1,-1,-1
298,8,1007,0,620,675,1,-1,-1,-1
298,9,763,0,440,532,1,-1,-1,-1
298,10,1021,178,456,512,1,-1,-1,-1
298,11,1261,812,984,596,1,-1,-1,-1
299,0,1434,31,300,484,1,-1,-1,-1
299,1,637,460,1180,940,1,-1,-1,-1
299,2,1261,328,597,1084,1,-1,-1,-1
299,5,216,150,496,548,1,-1,-1,-1
299,7,495,44,636,1004,1,-1,-1,-1
299,8,1012,5,591,653,1,-1,-1,-1
299,9,751,0,440,529,1,-1,-1,-1
299,10,1006,167,456,512,1,-1,-1,-1
299,11,1244,808,984,596,1,-1,-1,-1
300,0,1427,27,300,484,1,-1,-1,-1
300,1,613,439,1180,940,1,-1,-1,-1
300,2,1208,286,597,1084,1,-1,-1,-1
300,5,207,137,496,548,1,-1,-1,-1
300,7,477,31,636,1004,1,-1,-1,-1
300,8,979,0,591,643,1,-1,-1,-1
300,9,730,0,440,523,1,-1,-1,-1
300,10,986,148,456,512,1,-1,-1,-1
300,11,1219,804,984,596,1,-1,-1,-1
301,0,1417,27,300,484,1,-1,-1,-1
301,1,584,419,1180,940,1,-1,-1,-1
301,2,1172,258,597,1084,1,-1,-1,-1
301,5,198,126,496,548,1,-1,-1,-1
301,7,465,18,636,1004,1,-1,-1,-1
301,8,969,0,591,625,1,-1,-1,-1
301,9,716,0,440,519,1,-1,-1,-1
301,10,964,131,456,512,1,-1,-1,-1
301,11,1190,800,984,596,1,-1,-1,-1
302,0,1406,16,300,484,1,-1,-1,-1
302,1,564,411,1180,940,1,-1,-1,-1
302,2,1092,215,597,1084,1,-1,-1,-1
302,5,193,114,496,548,1,-1,-1,-1
302,7,453,6,636,1004,1,-1,-1,-1
302,8,1041,105,620,686,1,-1,-1,-1
302,9,703,0,440,511,1,-1,-1,-1
302,10,952,131,456,512,1,-1,-1,-1
302,11,1166,796,984,596,1,-1,-1,-1
303,0,1405,22,286,461,1,-1,-1,-1
303,1,539,405,1180,940,1,-1,-1,-1
303,2,1062,181,597,1084,1,-1,-1,-1
303,5,189,101,496,548,1,-1,-1,-1
303,7,437,0,636,999,1,-1,-1,-1
303,8,984,177,620,686,1,-1,-1,-1
303,9,690,0,440,500,1,-1,-1,-1
303,10,928,115,456,512,1,-1,-1,-1
303,11,1148,789,984,596,1,-1,-1,-1
304,0,1399,19,286,461,1,-1,-1,-1
304,1,520,395,1180,940,1,-1,-1,-1
304,2,1025,178,597,1084,1,-1,-1,-1
304,5,197,104,472,522,1,-1,-1,-1
304,7,425,0,636,993,1,-1,-1,-1
304,8,921,164,651,720,1,-1,-1,-1
304,9,672,0,462,512,1,-1,-1,-1
304,10,922,108,456,512,1,-1,-1,-1
304,11,1122,781,984,596,1,-1,-1,-1
305,0,1399,19,286,461,1,-1,-1,-1
305,1,532,112,884,1304,1,-1,-1,-1
305,2,1025,178,597,1084,1,-1,-1,-1
305,5,197,104,472,522,1,-1,-1,-1
305,7,216,4,828,736,1,-1,-1,-1
305,8,921,164,651,720,1,-1,-1,-1
305,9,672,0,462,512,1,-1,-1,-1
305,10,922,108,456,512,1,-1,-1,-1
305,11,1232,784,840,588,1,-1,-1,-1
305,12,1324,4,424,720,1,-1,-1,-1
306,0,1386,0,286,444,1,-1,-1,-1
306,1,518,93,884,1304,1,-1,-1,-1
306,2,965,74,627,1138,1,-1,-1,-1
306,5,193,61,472,522,1,-1,-1,-1
306,7,207,0,828,725,1,-1,-1,-1
306,8,850,128,651,720,1,-1,-1,-1
306,9,660,0,440,468,1,-1,-1,-1
306,10,839,276,479,538,1,-1,-1,-1
306,11,1217,769,840,588,1,-1,-1,-1
306,12,1317,0,424,708,1,-1,-1,-1
307,0,1378,0,286,440,1,-1,-1,-1
307,1,498,81,884,1304,1,-1,-1,-1
307,2,912,45,659,1195,1,-1,-1,-1
307,5,191,57,472,522,1,-1,-1,-1
307,7,220,0,789,699,1,-1,-1,-1
307,8,822,106,651,720,1,-1,-1,-1
307,9,651,0,440,465,1,-1,-1,-1
307,10,802,277,503,564,1,-1,-1,-1
307,11,1204,758,840,588,1,-1,-1,-1
307,12,1312,0,424,704,1,-1,-1,-1
308,0,1372,0,286,438,1,-1,-1,-1
308,1,483,69,884,1304,1,-1,-1,-1
308,2,891,27,659,1195,1,-1,-1,-1
308,5,187,50,472,522,1,-1,-1,-1
308,7,212,0,789,691,1,-1,-1,-1
308,8,809,97,651,720,1,-1,-1,-1
308,9,646,0,440,461,1,-1,-1,-1
308,10,785,273,503,564,1,-1,-1,-1
308,11,1197,743,840,588,1,-1,-1,-1
308,12,1311,0,404,683,1,-1,-1,-1
309,0,1370,0,272,423,1,-1,-1,-1
309,1,473,66,884,1304,1,-1,-1,-1
309,2,877,11,659,1195,1,-1,-1,-1
309,5,185,39,472,522,1,-1,-1,-1
309,7,208,0,789,685,1,-1,-1,-1
309,8,786,77,651,720,1,-1,-1,-1
309,9,644,0,440,448,1,-1,-1,-1
309,10,760,254,528,593,1,-1,-1,-1
309,11,1195,740,840,588,1,-1,-1,-1
309,12,1305,0,404,681,1,-1,-1,-1
310,0,1369,0,259,411,1,-1,-1,-1
310,1,456,65,884,1304,1,-1,-1,-1
310,2,852,4,659,1195,1,-1,-1,-1
310,5,196,49,450,497,1,-1,-1,-1
310,7,205,0,789,683,1,-1,-1,-1
310,8,751,63,684,756,1,-1,-1,-1
310,9,642,0,440,448,1,-1,-1,-1
310,10,721,238,554,622,1,-1,-1,-1
310,11,1198,740,840,588,1,-1,-1,-1
310,12,1298,0,404,679,1,-1,-1,-1
311,0,1364,0,259,411,1,-1,-1,-1
311,1,446,63,884,1304,1,-1,-1,-1
311,2,847,6,659,1195,1,-1,-1,-1
311,5,195,51,450,497,1,-1,-1,-1
311,7,203,0,789,683,1,-1,-1,-1
311,8,727,66,684,756,1,-1,-1,-1
311,9,646,0,419,432,1,-1,-1,-1
311,10,700,235,554,622,1,-1,-1,-1
311,11,1189,732,882,617,1,-1,-1,-1
311,12,1295,0,404,683,1,-1,-1,-1
312,0,1359,0,259,414,1,-1,-1,-1
312,1,434,69,884,1304,1,-1,-1,-1
312,2,815,0,691,1254,1,-1,-1,-1
312,5,194,53,450,497,1,-1,-1,-1
312,7,202,0,789,686,1,-1,-1,-1
312,8,710,84,684,756,1,-1,-1,-1
312,9,641,0,419,429,1,-1,-1,-1
312,10,691,247,554,622,1,-1,-1,-1
312,11,1209,752,882,617,1,-1,-1,-1
312,12,1290,0,404,686,1,-1,-1,-1
313,0,1359,0,259,414,1,-1,-1,-1
313,1,496,152,844,1272,1,-1,-1,-1
313,2,815,0,691,1254,1,-1,-1,-1
313,5,194,53,450,497,1,-1,-1,-1
313,7,208,4,764,732,1,-1,-1,-1
313,8,710,84,684,756,1,-1,-1,-1
313,9,641,0,419,429,1,-1,-1,-1
313,10,691,247,554,622,1,-1,-1,-1
313,11,1196,784,1000,636,1,-1,-1,-1
313,12,1272,4,432,692,1,-1,-1,-1
314,0,1354,3,259,418,1,-1,-1,-1
314,1,496,158,844,1272,1,-1,-1,-1
314,2,822,14,659,1195,1,-1,-1,-1
314,5,188,66,450,497,1,-1,-1,-1
314,7,204,10,764,732,1,-1,-1,-1
314,8,696,86,684,756,1,-1,-1,-1
314,9,634,0,419,440,1,-1,-1,-1
314,10,670,245,582,653,1,-1,-1,-1
314,11,1218,798,1000,636,1,-1,-1,-1
314,12,1268,9,432,692,1,-1,-1,-1
315,0,1349,12,259,418,1,-1,-1,-1
315,1,493,168,844,1272,1,-1,-1,-1
315,2,834,26,659,1195,1,-1,-1,-1
315,5,184,80,450,497,1,-1,-1,-1
315,7,200,23,764,732,1,-1,-1,-1
315,8,680,79,718,794,1,-1,-1,-1
315,9,636,0,419,448,1,-1,-1,-1
315,10,660,253,582,653,1,-1,-1,-1
315,11,1225,804,1050,636,1,-1,-1,-1
315,12,1265,17,432,692,1,-1,-1,-1
316,0,1348,29,259,418,1,-1,-1,-1
316,1,489,178,844,1262,1,-1,-1,-1
316,2,841,37,659,1195,1,-1,-1,-1
316,5,186,89,450,497,1,-1,-1,-1
316,7,201,34,764,732,1,-1,-1,-1
316,8,653,62,754,833,1,-1,-1,-1
316,9,637,0,419,457,1,-1,-1,-1
316,10,659,268,582,653,1,-1,-1,-1
316,11,1245,821,1050,619,1,-1,-1,-1
316,12,1265,27,432,692,1,-1,-1,-1
317,0,1352,30,259,418,1,-1,-1,-1
317,1,488,178,844,1262,1,-1,-1,-1
317,2,870,47,627,1138,1,-1,-1,-1
317,5,195,90,450,497,1,-1,-1,-1
317,7,208,37,764,732,1,-1,-1,-1
317,8,638,61,792,875,1,-1,-1,-1
317,9,640,0,419,462,1,-1,-1,-1
317,10,655,281,582,653,1,-1,-1,-1
317,11,1263,831,1050,609,1,-1,-1,-1
317,12,1268,30,432,692,1,-1,-1,-1
318,0,1356,37,259,418,1,-1,-1,-1
318,1,495,195,844,1245,1,-1,-1,-1
318,2,858,59,627,1138,1,-1,-1,-1
318,5,213,112,428,473,1,-1,-1,-1
318,7,211,45,764,732,1,-1,-1,-1
318,8,622,64,792,875,1,-1,-1,-1
318,9,645,0,419,472,1,-1,-1,-1
318,10,658,298,582,653,1,-1,-1,-1
318,11,1275,840,1050,600,1,-1,-1,-1
318,12,1272,37,432,692,1,-1,-1,-1
