1,0,1628,412,280,232,1,-1,-1,-1
1,1,1000,588,264,224,1,-1,-1,-1
2,0,1628,413,280,232,1,-1,-1,-1
2,1,999,588,264,224,1,-1,-1,-1
3,0,1637,418,267,221,1,-1,-1,-1
3,1,1001,590,264,224,1,-1,-1,-1
4,0,1638,417,267,221,1,-1,-1,-1
4,1,1003,589,264,224,1,-1,-1,-1
5,0,1638,417,267,221,1,-1,-1,-1
5,1,1003,589,264,224,1,-1,-1,-1
6,0,1638,417,267,221,1,-1,-1,-1
6,1,1004,590,264,224,1,-1,-1,-1
7,0,1638,418,267,221,1,-1,-1,-1
7,1,1005,590,264,224,1,-1,-1,-1
8,0,1638,417,267,221,1,-1,-1,-1
8,1,1005,590,264,224,1,-1,-1,-1
9,0,1644,396,260,248,1,-1,-1,-1
9,1,1008,592,260,228,1,-1,-1,-1
9,2,1104,628,248,244,1,-1,-1,-1
9,3,1792,444,188,236,1,-1,-1,-1
9,4,2408,304,152,296,1,-1,-1,-1
10,0,1644,396,260,248,1,-1,-1,-1
10,1,1008,592,260,228,1,-1,-1,-1
10,2,1104,628,248,244,1,-1,-1,-1
10,3,1792,444,188,236,1,-1,-1,-1
10,4,2408,304,152,296,1,-1,-1,-1
11,0,1644,398,260,248,1,-1,-1,-1
11,1,1009,592,260,228,1,-1,-1,-1
11,2,1104,629,248,244,1,-1,-1,-1
11,3,1791,445,188,236,1,-1,-1,-1
11,4,2401,306,152,296,1,-1,-1,-1
12,0,1643,397,260,248,1,-1,-1,-1
12,1,1008,591,260,228,1,-1,-1,-1
12,2,1101,628,248,244,1,-1,-1,-1
12,3,1791,444,188,236,1,-1,-1,-1
12,4,2389,304,152,296,1,-1,-1,-1
13,0,1642,398,260,248,1,-1,-1,-1
13,1,1012,598,248,217,1,-1,-1,-1
13,2,1098,628,248,244,1,-1,-1,-1
13,3,1789,445,188,236,1,-1,-1,-1
13,4,2380,305,152,296,1,-1,-1,-1
14,0,1646,403,248,236,1,-1,-1,-1
14,1,1003,591,260,228,1,-1,-1,-1
14,2,1096,627,248,244,1,-1,-1,-1
14,3,1786,446,188,236,1,-1,-1,-1
15,0,1645,403,248,236,1,-1,-1,-1
15,1,1003,591,260,228,1,-1,-1,-1
15,2,1095,627,248,244,1,-1,-1,-1
15,3,1785,445,188,236,1,-1,-1,-1
16,0,1644,402,248,236,1,-1,-1,-1
16,1,1004,590,260,228,1,-1,-1,-1
16,2,1095,627,248,244,1,-1,-1,-1
16,3,1785,446,188,236,1,-1,-1,-1
17,0,1652,392,228,248,1,-1,-1,-1
17,1,1000,596,260,220,1,-1,-1,-1
17,2,1096,624,244,244,1,-1,-1,-1
17,3,1780,444,188,260,1,-1,-1,-1
17,5,2040,324,212,224,1,-1,-1,-1
17,6,2332,368,228,240,1,-1,-1,-1
18,0,1651,393,228,248,1,-1,-1,-1
18,1,999,596,260,220,1,-1,-1,-1
18,2,1095,624,244,244,1,-1,-1,-1
18,3,1779,444,188,260,1,-1,-1,-1
18,5,2040,321,212,224,1,-1,-1,-1
18,6,2321,368,228,240,1,-1,-1,-1
19,0,1649,393,228,248,1,-1,-1,-1
19,1,998,596,260,220,1,-1,-1,-1
19,2,1092,624,244,244,1,-1,-1,-1
19,3,1779,445,188,260,1,-1,-1,-1
19,5,2043,318,212,224,1,-1,-1,-1
19,6,2307,370,228,240,1,-1,-1,-1
20,0,1649,392,228,248,1,-1,-1,-1
20,1,998,595,260,220,1,-1,-1,-1
20,2,1094,624,244,244,1,-1,-1,-1
20,3,1778,445,188,260,1,-1,-1,-1
20,5,2042,317,212,224,1,-1,-1,-1
20,6,2305,371,228,240,1,-1,-1,-1
21,0,1647,391,228,248,1,-1,-1,-1
21,1,996,595,260,220,1,-1,-1,-1
21,2,1091,624,244,244,1,-1,-1,-1
21,3,1775,445,188,260,1,-1,-1,-1
21,5,2037,310,223,235,1,-1,-1,-1
21,6,2299,369,228,240,1,-1,-1,-1
22,0,1644,392,228,248,1,-1,-1,-1
22,1,995,594,260,220,1,-1,-1,-1
22,2,1089,624,244,244,1,-1,-1,-1
22,3,1778,451,179,248,1,-1,-1,-1
23,0,1642,392,228,248,1,-1,-1,-1
23,1,993,592,260,220,1,-1,-1,-1
23,2,1087,623,244,244,1,-1,-1,-1
23,3,1774,450,179,248,1,-1,-1,-1
24,0,1640,392,228,248,1,-1,-1,-1
24,1,989,593,260,220,1,-1,-1,-1
24,2,1085,623,244,244,1,-1,-1,-1
24,3,1771,450,179,248,1,-1,-1,-1
25,0,1640,392,228,248,1,-1,-1,-1
25,1,989,593,260,220,1,-1,-1,-1
25,2,1085,623,244,244,1,-1,-1,-1
25,3,1771,450,179,248,1,-1,-1,-1
26,0,1637,392,228,248,1,-1,-1,-1
26,1,984,592,260,220,1,-1,-1,-1
26,2,1083,622,244,244,1,-1,-1,-1
26,3,1766,451,179,248,1,-1,-1,-1
27,0,1633,392,228,248,1,-1,-1,-1
27,1,983,592,260,220,1,-1,-1,-1
27,2,1079,622,244,244,1,-1,-1,-1
27,3,1765,449,179,248,1,-1,-1,-1
28,0,1631,392,228,248,1,-1,-1,-1
28,1,981,590,260,220,1,-1,-1,-1
28,2,1077,621,244,244,1,-1,-1,-1
28,3,1762,448,179,248,1,-1,-1,-1
29,0,1627,391,228,248,1,-1,-1,-1
29,1,980,587,260,220,1,-1,-1,-1
29,2,1076,616,244,244,1,-1,-1,-1
29,3,1761,449,179,248,1,-1,-1,-1
30,0,1627,391,228,248,1,-1,-1,-1
30,1,980,586,260,220,1,-1,-1,-1
30,2,1075,617,244,244,1,-1,-1,-1
30,3,1761,448,179,248,1,-1,-1,-1
31,0,1627,389,228,248,1,-1,-1,-1
31,1,978,582,260,220,1,-1,-1,-1
31,2,1076,614,244,244,1,-1,-1,-1
31,3,1763,448,179,248,1,-1,-1,-1
32,0,1629,384,228,248,1,-1,-1,-1
32,1,977,577,260,220,1,-1,-1,-1
32,2,1075,608,244,244,1,-1,-1,-1
32,3,1766,441,179,248,1,-1,-1,-1
33,0,1636,400,224,220,1,-1,-1,-1
33,1,977,577,260,220,1,-1,-1,-1
33,2,1075,608,244,244,1,-1,-1,-1
33,3,1766,441,179,248,1,-1,-1,-1
34,0,1635,396,224,220,1,-1,-1,-1
34,1,978,565,260,220,1,-1,-1,-1
34,2,1078,594,244,244,1,-1,-1,-1
35,0,1635,395,224,220,1,-1,-1,-1
35,1,980,564,260,220,1,-1,-1,-1
35,2,1078,594,244,244,1,-1,-1,-1
36,0,1631,390,224,220,1,-1,-1,-1
36,1,980,561,260,220,1,-1,-1,-1
36,2,1070,585,256,256,1,-1,-1,-1
37,0,1620,382,235,231,1,-1,-1,-1
37,1,979,556,260,220,1,-1,-1,-1
37,2,1077,587,244,244,1,-1,-1,-1
38,1,977,556,260,220,1,-1,-1,-1
38,2,1076,586,244,244,1,-1,-1,-1
39,1,975,554,260,220,1,-1,-1,-1
39,2,1070,583,244,244,1,-1,-1,-1
40,1,976,553,260,220,1,-1,-1,-1
40,2,1071,583,244,244,1,-1,-1,-1
41,1,976,553,260,220,1,-1,-1,-1
41,2,1071,583,244,244,1,-1,-1,-1
42,1,969,551,260,220,1,-1,-1,-1
42,2,1066,581,244,244,1,-1,-1,-1
43,1,968,549,260,220,1,-1,-1,-1
43,2,1064,580,244,244,1,-1,-1,-1
44,2,1056,572,256,256,1,-1,-1,-1
45,2,1055,572,256,256,1,-1,-1,-1
46,2,1054,572,256,256,1,-1,-1,-1
47,2,1059,579,244,244,1,-1,-1,-1
48,2,1059,577,244,244,1,-1,-1,-1
49,2,1059,577,244,244,1,-1,-1,-1
57,7,2216,176,236,204,1,-1,-1,-1
58,7,2218,176,236,204,1,-1,-1,-1
59,7,2220,175,236,204,1,-1,-1,-1
60,7,2219,175,236,204,1,-1,-1,-1
61,7,2230,178,225,194,1,-1,-1,-1
62,7,2234,177,225,194,1,-1,-1,-1
63,7,2236,176,225,194,1,-1,-1,-1
64,7,2241,175,225,194,1,-1,-1,-1
65,7,2241,175,225,194,1,-1,-1,-1
65,8,1748,432,220,280,1,-1,-1,-1
66,7,2250,175,225,194,1,-1,-1,-1
66,8,1747,431,220,280,1,-1,-1,-1
67,7,2256,173,225,194,1,-1,-1,-1
67,8,1746,429,220,280,1,-1,-1,-1
68,7,2265,179,214,185,1,-1,-1,-1
68,8,1744,430,220,280,1,-1,-1,-1
69,7,2270,180,214,185,1,-1,-1,-1
69,8,1744,431,220,280,1,-1,-1,-1
70,7,2270,180,214,185,1,-1,-1,-1
70,8,1744,431,220,280,1,-1,-1,-1
71,7,2273,179,214,185,1,-1,-1,-1
71,8,1742,432,220,280,1,-1,-1,-1
72,7,2279,180,214,185,1,-1,-1,-1
72,8,1739,431,220,280,1,-1,-1,-1
73,7,2280,168,236,196,1,-1,-1,-1
73,8,1739,431,220,280,1,-1,-1,-1
74,7,2282,168,236,196,1,-1,-1,-1
75,7,2283,168,236,196,1,-1,-1,-1
76,7,2287,169,236,196,1,-1,-1,-1
77,7,2289,169,236,196,1,-1,-1,-1
78,7,2294,170,236,196,1,-1,-1,-1
79,7,2297,170,236,196,1,-1,-1,-1
80,7,2291,165,248,206,1,-1,-1,-1
81,7,2320,152,216,208,1,-1,-1,-1
81,9,1360,208,184,320,1,-1,-1,-1
81,10,1920,152,276,252,1,-1,-1,-1
81,11,1704,376,336,204,1,-1,-1,-1
82,7,2325,153,216,208,1,-1,-1,-1
82,9,1361,205,184,320,1,-1,-1,-1
82,10,1927,150,276,252,1,-1,-1,-1
82,11,1704,376,336,204,1,-1,-1,-1
83,7,2329,152,216,208,1,-1,-1,-1
83,9,1363,201,184,320,1,-1,-1,-1
83,10,1938,148,276,252,1,-1,-1,-1
83,11,1703,377,336,204,1,-1,-1,-1
84,7,2334,152,216,208,1,-1,-1,-1
84,10,1966,151,263,240,1,-1,-1,-1
84,11,1702,376,336,204,1,-1,-1,-1
85,7,2336,153,216,208,1,-1,-1,-1
85,10,1964,150,263,240,1,-1,-1,-1
85,11,1702,376,336,204,1,-1,-1,-1
86,7,2339,151,216,208,1,-1,-1,-1
86,11,1700,377,336,204,1,-1,-1,-1
87,7,2342,152,216,208,1,-1,-1,-1
87,11,1696,379,336,204,1,-1,-1,-1
88,7,2348,151,212,208,1,-1,-1,-1
88,11,1698,377,336,204,1,-1,-1,-1
89,7,2348,151,212,208,1,-1,-1,-1
89,11,1698,377,336,204,1,-1,-1,-1
89,12,2032,128,256,248,1,-1,-1,-1
89,13,1416,216,212,276,1,-1,-1,-1
89,14,1048,556,264,256,1,-1,-1,-1
90,7,2355,151,205,208,1,-1,-1,-1
90,11,1695,376,336,204,1,-1,-1,-1
90,12,2032,128,256,248,1,-1,-1,-1
90,13,1416,216,212,276,1,-1,-1,-1
90,14,1048,556,264,256,1,-1,-1,-1
91,11,1693,378,336,204,1,-1,-1,-1
91,12,2036,127,256,248,1,-1,-1,-1
91,13,1419,215,212,276,1,-1,-1,-1
91,14,1048,556,264,256,1,-1,-1,-1
92,11,1691,376,336,204,1,-1,-1,-1
92,12,2048,125,256,248,1,-1,-1,-1
92,13,1425,213,212,276,1,-1,-1,-1
92,14,1048,555,264,256,1,-1,-1,-1
93,11,1689,377,336,204,1,-1,-1,-1
93,12,2059,123,256,248,1,-1,-1,-1
93,13,1429,213,212,276,1,-1,-1,-1
93,14,1046,555,264,256,1,-1,-1,-1
94,11,1691,376,336,204,1,-1,-1,-1
94,12,2063,115,269,260,1,-1,-1,-1
94,13,1434,212,212,276,1,-1,-1,-1
94,14,1042,550,277,269,1,-1,-1,-1
95,11,1690,374,336,204,1,-1,-1,-1
95,12,2068,112,269,260,1,-1,-1,-1
95,13,1434,211,212,276,1,-1,-1,-1
95,14,1043,550,277,269,1,-1,-1,-1
96,11,1689,374,336,204,1,-1,-1,-1
96,14,1041,549,277,269,1,-1,-1,-1
97,11,1689,374,336,204,1,-1,-1,-1
97,14,1040,560,404,272,1,-1,-1,-1
97,15,2100,108,256,276,1,-1,-1,-1
97,16,2420,176,140,184,1,-1,-1,-1
98,14,1041,559,404,272,1,-1,-1,-1
98,15,2105,107,256,276,1,-1,-1,-1
98,16,2423,177,137,184,1,-1,-1,-1
99,14,1042,559,404,272,1,-1,-1,-1
99,15,2111,105,256,276,1,-1,-1,-1
99,16,2426,177,134,184,1,-1,-1,-1
100,14,1041,558,404,272,1,-1,-1,-1
100,15,2112,104,256,276,1,-1,-1,-1
100,16,2427,177,133,184,1,-1,-1,-1
101,14,1041,559,404,272,1,-1,-1,-1
101,15,2117,103,256,276,1,-1,-1,-1
101,16,2430,177,130,184,1,-1,-1,-1
102,14,1041,559,404,272,1,-1,-1,-1
102,15,2121,102,256,276,1,-1,-1,-1
102,16,2432,178,128,184,1,-1,-1,-1
103,14,1040,559,404,272,1,-1,-1,-1
103,15,2126,103,256,276,1,-1,-1,-1
103,16,2434,179,126,184,1,-1,-1,-1
104,14,1039,562,404,272,1,-1,-1,-1
104,15,2130,104,256,276,1,-1,-1,-1
104,16,2437,179,123,184,1,-1,-1,-1
105,14,1032,556,416,276,1,-1,-1,-1
105,15,2152,92,220,260,1,-1,-1,-1
105,16,2444,184,116,176,1,-1,-1,-1
106,14,1032,556,416,276,1,-1,-1,-1
106,15,2156,91,220,260,1,-1,-1,-1
106,16,2445,184,115,176,1,-1,-1,-1
107,14,1031,556,416,276,1,-1,-1,-1
107,15,2161,91,220,260,1,-1,-1,-1
107,16,2449,184,111,176,1,-1,-1,-1
108,14,1032,556,416,276,1,-1,-1,-1
108,15,2166,90,220,260,1,-1,-1,-1
108,16,2450,179,110,185,1,-1,-1,-1
109,14,1031,555,416,276,1,-1,-1,-1
109,15,2170,90,220,260,1,-1,-1,-1
109,16,2454,183,106,176,1,-1,-1,-1
110,14,1031,552,416,276,1,-1,-1,-1
110,15,2172,89,220,260,1,-1,-1,-1
110,16,2454,183,106,176,1,-1,-1,-1
111,14,1035,555,416,276,1,-1,-1,-1
111,15,2177,87,220,260,1,-1,-1,-1
111,16,2453,184,107,176,1,-1,-1,-1
112,14,1038,554,416,276,1,-1,-1,-1
112,15,2180,86,220,260,1,-1,-1,-1
112,16,2454,182,106,176,1,-1,-1,-1
113,14,1038,554,416,276,1,-1,-1,-1
113,15,2180,86,220,260,1,-1,-1,-1
113,16,2454,182,106,176,1,-1,-1,-1
114,14,1036,553,416,276,1,-1,-1,-1
114,15,2195,84,220,260,1,-1,-1,-1
115,14,1037,551,416,276,1,-1,-1,-1
115,15,2197,84,220,260,1,-1,-1,-1
116,14,1027,546,437,290,1,-1,-1,-1
116,15,2202,82,220,260,1,-1,-1,-1
117,14,1024,546,437,290,1,-1,-1,-1
117,15,2205,81,220,260,1,-1,-1,-1
118,14,1036,552,416,276,1,-1,-1,-1
118,15,2208,80,220,260,1,-1,-1,-1
119,14,1051,559,396,263,1,-1,-1,-1
119,15,2212,80,220,260,1,-1,-1,-1
120,14,1051,557,396,263,1,-1,-1,-1
120,15,2214,79,220,260,1,-1,-1,-1
121,14,1051,557,396,263,1,-1,-1,-1
121,15,2214,79,220,260,1,-1,-1,-1
122,14,1052,560,396,263,1,-1,-1,-1
129,17,2268,92,192,244,1,-1,-1,-1
129,18,1484,140,248,316,1,-1,-1,-1
129,19,2484,164,76,184,1,-1,-1,-1
129,20,1204,544,216,256,1,-1,-1,-1
130,17,2268,92,192,244,1,-1,-1,-1
130,18,1484,140,248,316,1,-1,-1,-1
130,19,2484,164,76,184,1,-1,-1,-1
130,20,1204,544,216,256,1,-1,-1,-1
131,17,2270,92,192,244,1,-1,-1,-1
131,18,1485,140,248,316,1,-1,-1,-1
131,19,2484,164,76,184,1,-1,-1,-1
131,20,1210,539,216,256,1,-1,-1,-1
132,17,2271,93,192,244,1,-1,-1,-1
132,18,1483,139,248,316,1,-1,-1,-1
132,19,2484,164,76,184,1,-1,-1,-1
132,20,1214,538,216,256,1,-1,-1,-1
133,17,2273,93,192,244,1,-1,-1,-1
133,18,1481,139,248,316,1,-1,-1,-1
133,19,2483,164,76,184,1,-1,-1,-1
134,17,2275,94,192,244,1,-1,-1,-1
134,18,1479,140,248,316,1,-1,-1,-1
134,19,2483,164,76,184,1,-1,-1,-1
135,17,2274,93,192,244,1,-1,-1,-1
135,18,1479,139,248,316,1,-1,-1,-1
135,19,2483,164,76,184,1,-1,-1,-1
136,17,2276,92,192,244,1,-1,-1,-1
136,18,1477,139,248,316,1,-1,-1,-1
136,19,2482,164,76,184,1,-1,-1,-1
137,17,2276,92,192,244,1,-1,-1,-1
137,18,1477,139,248,316,1,-1,-1,-1
137,19,2482,164,76,184,1,-1,-1,-1
137,21,1280,540,244,244,1,-1,-1,-1
138,17,2288,94,192,244,1,-1,-1,-1
138,18,1476,138,248,316,1,-1,-1,-1
138,19,2482,164,76,184,1,-1,-1,-1
138,21,1285,540,244,244,1,-1,-1,-1
139,17,2291,92,192,244,1,-1,-1,-1
139,18,1477,137,248,316,1,-1,-1,-1
139,19,2481,163,76,184,1,-1,-1,-1
139,21,1291,542,244,244,1,-1,-1,-1
140,17,2291,93,192,244,1,-1,-1,-1
140,18,1476,136,248,316,1,-1,-1,-1
140,19,2481,163,76,184,1,-1,-1,-1
140,21,1293,544,244,244,1,-1,-1,-1
141,17,2293,94,192,244,1,-1,-1,-1
141,18,1475,137,248,316,1,-1,-1,-1
141,19,2481,163,76,184,1,-1,-1,-1
142,17,2301,95,192,244,1,-1,-1,-1
142,18,1476,137,248,316,1,-1,-1,-1
142,19,2481,163,76,184,1,-1,-1,-1
143,17,2304,93,192,244,1,-1,-1,-1
143,18,1474,138,248,316,1,-1,-1,-1
143,19,2482,162,76,184,1,-1,-1,-1
144,18,1476,137,248,316,1,-1,-1,-1
144,19,2481,162,76,184,1,-1,-1,-1
145,18,1480,140,236,316,1,-1,-1,-1
145,19,2481,162,76,184,1,-1,-1,-1
145,22,1940,372,200,220,1,-1,-1,-1
145,23,2296,80,260,260,1,-1,-1,-1
146,18,1480,140,236,316,1,-1,-1,-1
146,22,1946,372,200,220,1,-1,-1,-1
146,23,2299,79,260,260,1,-1,-1,-1
147,18,1480,140,236,316,1,-1,-1,-1
147,22,1953,373,200,220,1,-1,-1,-1
147,23,2302,78,258,260,1,-1,-1,-1
148,18,1483,140,236,316,1,-1,-1,-1
148,22,1959,373,200,220,1,-1,-1,-1
148,23,2306,78,254,260,1,-1,-1,-1
149,18,1482,139,236,316,1,-1,-1,-1
149,22,1969,378,190,210,1,-1,-1,-1
149,23,2310,80,250,260,1,-1,-1,-1
150,18,1483,138,236,316,1,-1,-1,-1
150,22,1971,378,190,210,1,-1,-1,-1
150,23,2311,80,249,260,1,-1,-1,-1
151,18,1489,148,225,301,1,-1,-1,-1
151,23,2314,81,246,260,1,-1,-1,-1
152,18,1484,140,236,316,1,-1,-1,-1
152,23,2318,81,242,260,1,-1,-1,-1
153,18,1484,140,236,316,1,-1,-1,-1
153,23,2318,81,242,260,1,-1,-1,-1
153,24,1652,388,244,232,1,-1,-1,-1
153,25,1980,356,236,232,1,-1,-1,-1
153,26,1480,520,236,216,1,-1,-1,-1
154,18,1483,141,236,316,1,-1,-1,-1
154,24,1657,388,244,232,1,-1,-1,-1
154,25,1986,356,236,232,1,-1,-1,-1
154,26,1485,519,236,216,1,-1,-1,-1
155,18,1480,143,236,316,1,-1,-1,-1
155,24,1658,389,244,232,1,-1,-1,-1
155,25,1987,356,236,232,1,-1,-1,-1
155,26,1486,520,236,216,1,-1,-1,-1
156,18,1481,144,236,316,1,-1,-1,-1
156,24,1666,386,244,232,1,-1,-1,-1
156,25,1993,356,236,232,1,-1,-1,-1
156,26,1494,518,236,216,1,-1,-1,-1
157,18,1480,144,236,316,1,-1,-1,-1
157,24,1672,384,244,232,1,-1,-1,-1
157,25,2000,355,236,232,1,-1,-1,-1
158,18,1484,151,225,301,1,-1,-1,-1
158,24,1671,385,244,232,1,-1,-1,-1
158,25,2013,351,236,232,1,-1,-1,-1
159,18,1483,151,225,301,1,-1,-1,-1
159,25,2022,351,236,232,1,-1,-1,-1
160,18,1487,159,214,287,1,-1,-1,-1
160,25,2024,351,236,232,1,-1,-1,-1
161,18,1476,172,196,280,1,-1,-1,-1
161,25,2028,340,244,236,1,-1,-1,-1
161,27,2452,348,108,252,1,-1,-1,-1
161,28,1692,384,204,232,1,-1,-1,-1
161,29,1472,552,148,200,1,-1,-1,-1
161,30,1828,416,272,244,1,-1,-1,-1
161,31,1556,492,228,224,1,-1,-1,-1
162,18,1475,172,196,280,1,-1,-1,-1
162,25,2033,340,244,236,1,-1,-1,-1
162,27,2451,347,108,252,1,-1,-1,-1
162,28,1694,383,204,232,1,-1,-1,-1
162,29,1473,552,148,200,1,-1,-1,-1
162,30,1830,416,272,244,1,-1,-1,-1
162,31,1563,493,228,224,1,-1,-1,-1
163,18,1474,171,196,280,1,-1,-1,-1
163,25,2037,340,244,236,1,-1,-1,-1
163,27,2448,347,108,252,1,-1,-1,-1
163,28,1698,382,204,232,1,-1,-1,-1
163,29,1474,552,148,200,1,-1,-1,-1
163,30,1835,415,272,244,1,-1,-1,-1
163,31,1569,493,228,224,1,-1,-1,-1
164,18,1473,171,196,280,1,-1,-1,-1
164,25,2044,340,244,236,1,-1,-1,-1
164,27,2444,349,108,252,1,-1,-1,-1
164,28,1700,382,204,232,1,-1,-1,-1
164,29,1477,554,148,200,1,-1,-1,-1
164,30,1837,414,272,244,1,-1,-1,-1
164,31,1574,493,228,224,1,-1,-1,-1
165,18,1472,172,196,280,1,-1,-1,-1
165,25,2044,338,244,236,1,-1,-1,-1
165,27,2441,349,108,252,1,-1,-1,-1
165,28,1702,383,204,232,1,-1,-1,-1
165,29,1478,553,148,200,1,-1,-1,-1
165,30,1839,414,272,244,1,-1,-1,-1
165,31,1575,493,228,224,1,-1,-1,-1
166,18,1471,171,196,280,1,-1,-1,-1
166,25,2049,337,244,236,1,-1,-1,-1
166,27,2438,349,108,252,1,-1,-1,-1
166,28,1705,383,204,232,1,-1,-1,-1
166,29,1473,547,155,210,1,-1,-1,-1
166,30,1840,412,272,244,1,-1,-1,-1
166,31,1578,494,228,224,1,-1,-1,-1
167,18,1470,171,196,280,1,-1,-1,-1
167,25,2053,336,244,236,1,-1,-1,-1
167,27,2433,353,108,252,1,-1,-1,-1
167,28,1705,381,204,232,1,-1,-1,-1
167,30,1845,420,259,232,1,-1,-1,-1
168,18,1468,171,196,280,1,-1,-1,-1
168,25,2060,335,244,236,1,-1,-1,-1
168,27,2424,353,108,252,1,-1,-1,-1
168,30,1848,420,259,232,1,-1,-1,-1
169,18,1468,171,196,280,1,-1,-1,-1
169,25,2064,328,244,240,1,-1,-1,-1
169,27,2424,353,108,252,1,-1,-1,-1
169,30,1848,420,259,232,1,-1,-1,-1
170,18,1465,171,196,280,1,-1,-1,-1
170,25,2064,328,244,240,1,-1,-1,-1
170,30,1849,420,259,232,1,-1,-1,-1
171,18,1462,172,196,280,1,-1,-1,-1
171,25,2070,330,244,240,1,-1,-1,-1
172,18,1464,180,187,267,1,-1,-1,-1
172,25,2075,333,244,240,1,-1,-1,-1
173,18,1461,181,187,267,1,-1,-1,-1
173,25,2075,328,256,252,1,-1,-1,-1
174,18,1457,183,187,267,1,-1,-1,-1
174,25,2087,328,256,252,1,-1,-1,-1
175,18,1457,184,187,267,1,-1,-1,-1
175,25,2085,328,256,252,1,-1,-1,-1
176,18,1454,184,187,267,1,-1,-1,-1
177,18,1454,184,187,267,1,-1,-1,-1
177,32,2104,340,256,236,1,-1,-1,-1
178,18,1449,184,187,267,1,-1,-1,-1
178,32,2108,341,256,236,1,-1,-1,-1
179,18,1446,185,187,267,1,-1,-1,-1
179,32,2120,343,256,236,1,-1,-1,-1
180,18,1444,186,187,267,1,-1,-1,-1
180,32,2120,342,256,236,1,-1,-1,-1
181,18,1444,186,187,267,1,-1,-1,-1
182,18,1438,180,196,280,1,-1,-1,-1
183,18,1436,180,196,280,1,-1,-1,-1
184,18,1432,182,196,280,1,-1,-1,-1
185,18,1428,164,236,300,1,-1,-1,-1
186,18,1427,166,236,300,1,-1,-1,-1
187,18,1424,166,236,300,1,-1,-1,-1
188,18,1422,166,236,300,1,-1,-1,-1
189,18,1421,167,236,300,1,-1,-1,-1
190,18,1419,170,236,300,1,-1,-1,-1
191,18,1423,176,225,286,1,-1,-1,-1
192,18,1420,178,225,286,1,-1,-1,-1
193,18,1420,178,225,286,1,-1,-1,-1
194,18,1419,178,225,286,1,-1,-1,-1
195,18,1420,180,225,286,1,-1,-1,-1
196,18,1417,180,225,286,1,-1,-1,-1
197,18,1416,181,225,286,1,-1,-1,-1
198,18,1413,183,225,286,1,-1,-1,-1
199,18,1410,184,225,286,1,-1,-1,-1
200,18,1411,184,225,286,1,-1,-1,-1
201,18,1400,164,236,328,1,-1,-1,-1
201,33,1792,496,232,284,1,-1,-1,-1
201,34,1404,556,148,220,1,-1,-1,-1
201,35,1700,292,284,320,1,-1,-1,-1
201,36,2248,324,304,308,1,-1,-1,-1
202,18,1397,164,236,328,1,-1,-1,-1
202,33,1795,498,232,284,1,-1,-1,-1
202,34,1406,557,148,220,1,-1,-1,-1
202,35,1707,292,284,320,1,-1,-1,-1
202,36,2247,324,304,308,1,-1,-1,-1
203,18,1396,166,236,328,1,-1,-1,-1
203,33,1798,502,232,284,1,-1,-1,-1
203,34,1406,558,148,220,1,-1,-1,-1
203,35,1717,292,284,320,1,-1,-1,-1
203,36,2247,324,304,308,1,-1,-1,-1
204,18,1393,166,236,328,1,-1,-1,-1
204,34,1407,559,148,220,1,-1,-1,-1
204,35,1725,293,284,320,1,-1,-1,-1
204,36,2246,324,304,308,1,-1,-1,-1
205,18,1392,167,236,328,1,-1,-1,-1
205,34,1406,559,148,220,1,-1,-1,-1
205,35,1720,282,298,336,1,-1,-1,-1
205,36,2246,325,304,308,1,-1,-1,-1
206,18,1392,167,236,328,1,-1,-1,-1
206,34,1403,552,155,231,1,-1,-1,-1
206,36,2244,325,304,308,1,-1,-1,-1
207,18,1391,166,236,328,1,-1,-1,-1
207,34,1410,558,148,220,1,-1,-1,-1
207,36,2240,326,304,308,1,-1,-1,-1
208,18,1388,166,236,328,1,-1,-1,-1
208,34,1412,558,148,220,1,-1,-1,-1
208,36,2239,325,304,308,1,-1,-1,-1
209,18,1384,172,228,316,1,-1,-1,-1
209,34,1388,540,200,240,1,-1,-1,-1
209,36,2240,292,304,340,1,-1,-1,-1
209,37,1804,312,336,260,1,-1,-1,-1
209,38,1836,556,236,236,1,-1,-1,-1
210,18,1384,172,228,316,1,-1,-1,-1
210,34,1388,540,200,240,1,-1,-1,-1
210,36,2240,292,304,340,1,-1,-1,-1
210,37,1804,312,336,260,1,-1,-1,-1
210,38,1836,556,236,236,1,-1,-1,-1
211,18,1383,172,228,316,1,-1,-1,-1
211,34,1388,541,200,240,1,-1,-1,-1
211,36,2239,292,304,340,1,-1,-1,-1
211,37,1817,312,336,260,1,-1,-1,-1
211,38,1840,557,236,236,1,-1,-1,-1
212,18,1378,173,228,316,1,-1,-1,-1
212,34,1385,541,200,240,1,-1,-1,-1
212,36,2234,293,304,340,1,-1,-1,-1
212,38,1839,558,236,236,1,-1,-1,-1
213,18,1372,174,228,316,1,-1,-1,-1
213,34,1382,541,200,240,1,-1,-1,-1
213,36,2228,293,304,340,1,-1,-1,-1
213,38,1836,559,236,236,1,-1,-1,-1
214,18,1362,174,228,316,1,-1,-1,-1
214,34,1376,540,200,240,1,-1,-1,-1
214,36,2220,294,304,340,1,-1,-1,-1
215,18,1359,174,228,316,1,-1,-1,-1
215,34,1375,540,200,240,1,-1,-1,-1
215,36,2219,292,304,340,1,-1,-1,-1
216,18,1356,175,228,316,1,-1,-1,-1
216,34,1371,541,200,240,1,-1,-1,-1
216,36,2213,294,304,340,1,-1,-1,-1
217,18,1344,172,232,316,1,-1,-1,-1
217,34,1352,532,224,252,1,-1,-1,-1
217,36,2200,328,300,312,1,-1,-1,-1
217,39,1940,252,264,292,1,-1,-1,-1
217,40,1812,532,272,260,1,-1,-1,-1
218,18,1338,172,232,316,1,-1,-1,-1
218,34,1348,532,224,252,1,-1,-1,-1
218,36,2195,328,300,312,1,-1,-1,-1
218,39,1947,249,264,292,1,-1,-1,-1
218,40,1811,532,272,260,1,-1,-1,-1
219,18,1332,172,232,316,1,-1,-1,-1
219,34,1341,532,224,252,1,-1,-1,-1
219,36,2189,329,300,312,1,-1,-1,-1
219,39,1948,242,264,292,1,-1,-1,-1
219,40,1808,535,272,260,1,-1,-1,-1
220,18,1331,173,232,316,1,-1,-1,-1
220,34,1339,532,224,252,1,-1,-1,-1
220,36,2190,329,300,312,1,-1,-1,-1
220,39,1944,235,277,307,1,-1,-1,-1
220,40,1808,536,272,260,1,-1,-1,-1
221,18,1321,171,232,316,1,-1,-1,-1
221,34,1333,532,224,252,1,-1,-1,-1
221,36,2179,329,300,312,1,-1,-1,-1
221,39,1938,219,291,322,1,-1,-1,-1
221,40,1805,537,272,260,1,-1,-1,-1
222,18,1303,172,232,316,1,-1,-1,-1
222,34,1320,532,224,252,1,-1,-1,-1
222,36,2166,331,300,312,1,-1,-1,-1
222,40,1801,544,259,248,1,-1,-1,-1
223,18,1286,172,232,316,1,-1,-1,-1
223,34,1308,532,224,252,1,-1,-1,-1
223,36,2151,330,300,312,1,-1,-1,-1
224,18,1276,171,232,316,1,-1,-1,-1
224,34,1298,532,224,252,1,-1,-1,-1
224,36,2146,340,286,297,1,-1,-1,-1
225,18,1276,172,228,316,1,-1,-1,-1
225,34,1280,532,244,252,1,-1,-1,-1
225,36,2140,332,348,308,1,-1,-1,-1
225,41,1992,220,316,296,1,-1,-1,-1
225,42,2420,348,140,196,1,-1,-1,-1
225,43,1852,584,212,220,1,-1,-1,-1
225,44,1744,528,212,268,1,-1,-1,-1
226,18,1268,172,228,316,1,-1,-1,-1
226,34,1273,532,244,252,1,-1,-1,-1
226,36,2136,332,348,308,1,-1,-1,-1
226,41,1990,216,316,296,1,-1,-1,-1
226,42,2417,347,140,196,1,-1,-1,-1
226,43,1850,586,212,220,1,-1,-1,-1
226,44,1742,528,212,268,1,-1,-1,-1
227,18,1260,169,228,316,1,-1,-1,-1
227,34,1268,530,244,252,1,-1,-1,-1
227,36,2131,334,348,308,1,-1,-1,-1
227,41,1999,224,301,282,1,-1,-1,-1
227,42,2415,349,140,196,1,-1,-1,-1
227,43,1849,588,212,220,1,-1,-1,-1
227,44,1739,527,212,268,1,-1,-1,-1
228,18,1253,170,228,316,1,-1,-1,-1
228,34,1263,530,244,252,1,-1,-1,-1
228,36,2118,332,348,308,1,-1,-1,-1
228,42,2416,349,140,196,1,-1,-1,-1
228,43,1854,590,202,210,1,-1,-1,-1
228,44,1737,528,212,268,1,-1,-1,-1
229,18,1245,171,228,316,1,-1,-1,-1
229,34,1255,531,244,252,1,-1,-1,-1
229,36,2114,336,348,308,1,-1,-1,-1
229,42,2422,346,138,196,1,-1,-1,-1
229,43,1853,589,202,210,1,-1,-1,-1
229,44,1734,528,212,268,1,-1,-1,-1
230,18,1242,170,228,316,1,-1,-1,-1
230,34,1253,531,244,252,1,-1,-1,-1
230,36,2112,333,348,308,1,-1,-1,-1
230,42,2426,349,133,187,1,-1,-1,-1
230,43,1853,589,202,210,1,-1,-1,-1
230,44,1733,528,212,268,1,-1,-1,-1
231,18,1233,169,228,316,1,-1,-1,-1
231,34,1249,529,244,252,1,-1,-1,-1
231,36,2107,333,348,308,1,-1,-1,-1
231,43,1850,589,202,210,1,-1,-1,-1
231,44,1728,529,212,268,1,-1,-1,-1
232,18,1225,170,228,316,1,-1,-1,-1
232,34,1241,529,244,252,1,-1,-1,-1
232,36,2097,332,348,308,1,-1,-1,-1
232,43,1851,589,202,210,1,-1,-1,-1
232,44,1730,529,212,268,1,-1,-1,-1
233,18,1208,188,220,300,1,-1,-1,-1
233,34,1220,512,232,260,1,-1,-1,-1
233,36,2084,344,284,288,1,-1,-1,-1
233,43,1851,589,202,210,1,-1,-1,-1
233,44,1730,529,212,268,1,-1,-1,-1
233,45,2112,204,288,220,1,-1,-1,-1
233,46,1768,516,304,288,1,-1,-1,-1
234,18,1199,189,220,300,1,-1,-1,-1
234,34,1213,511,232,260,1,-1,-1,-1
234,36,2080,344,284,288,1,-1,-1,-1
234,43,1853,588,202,210,1,-1,-1,-1
234,45,2117,203,288,220,1,-1,-1,-1
234,46,1766,518,304,288,1,-1,-1,-1
235,18,1199,188,220,300,1,-1,-1,-1
235,34,1213,512,232,260,1,-1,-1,-1
235,36,2080,343,284,288,1,-1,-1,-1
235,43,1849,584,212,220,1,-1,-1,-1
235,45,2119,201,288,220,1,-1,-1,-1
235,46,1765,516,304,288,1,-1,-1,-1
236,18,1181,181,231,315,1,-1,-1,-1
236,34,1203,510,232,260,1,-1,-1,-1
236,36,2081,349,270,274,1,-1,-1,-1
236,43,1849,583,212,220,1,-1,-1,-1
236,45,2125,198,288,220,1,-1,-1,-1
236,46,1762,515,304,288,1,-1,-1,-1
237,18,1170,180,231,315,1,-1,-1,-1
237,34,1197,508,232,260,1,-1,-1,-1
237,36,2069,344,270,274,1,-1,-1,-1
237,43,1847,583,212,220,1,-1,-1,-1
237,45,2128,191,288,220,1,-1,-1,-1
237,46,1760,517,304,288,1,-1,-1,-1
238,18,1167,187,220,300,1,-1,-1,-1
238,34,1191,506,232,260,1,-1,-1,-1
238,36,2061,344,270,274,1,-1,-1,-1
238,43,1851,587,202,210,1,-1,-1,-1
238,46,1758,515,304,288,1,-1,-1,-1
239,18,1159,185,220,300,1,-1,-1,-1
239,34,1177,497,244,273,1,-1,-1,-1
239,36,2050,342,270,274,1,-1,-1,-1
239,43,1849,588,202,210,1,-1,-1,-1
239,46,1756,514,304,288,1,-1,-1,-1
240,18,1158,185,220,300,1,-1,-1,-1
240,34,1175,496,244,273,1,-1,-1,-1
240,36,2044,336,284,288,1,-1,-1,-1
240,43,1849,587,202,210,1,-1,-1,-1
240,46,1755,513,304,288,1,-1,-1,-1
241,18,1152,204,224,272,1,-1,-1,-1
241,34,1172,492,224,264,1,-1,-1,-1
241,36,2028,264,288,352,1,-1,-1,-1
241,43,1832,580,224,208,1,-1,-1,-1
241,46,1755,513,304,288,1,-1,-1,-1
241,47,2160,136,292,264,1,-1,-1,-1
241,48,1720,488,144,236,1,-1,-1,-1
241,49,2420,324,140,196,1,-1,-1,-1
242,18,1145,203,224,272,1,-1,-1,-1
242,34,1164,490,224,264,1,-1,-1,-1
242,36,2022,262,288,352,1,-1,-1,-1
242,43,1832,579,224,208,1,-1,-1,-1
242,47,2162,136,292,264,1,-1,-1,-1
242,48,1717,486,144,236,1,-1,-1,-1
242,49,2420,321,140,196,1,-1,-1,-1
243,18,1139,200,224,272,1,-1,-1,-1
243,34,1159,490,224,264,1,-1,-1,-1
243,36,2026,270,274,335,1,-1,-1,-1
243,43,1833,578,224,208,1,-1,-1,-1
243,47,2167,137,292,264,1,-1,-1,-1
243,48,1711,486,144,236,1,-1,-1,-1
243,49,2422,319,138,196,1,-1,-1,-1
244,18,1130,200,224,272,1,-1,-1,-1
244,34,1153,489,224,264,1,-1,-1,-1
244,36,2028,279,261,319,1,-1,-1,-1
244,43,1832,578,224,208,1,-1,-1,-1
244,47,2164,127,307,277,1,-1,-1,-1
244,48,1707,484,144,236,1,-1,-1,-1
244,49,2426,315,134,196,1,-1,-1,-1
245,18,1129,200,224,272,1,-1,-1,-1
245,34,1151,489,224,264,1,-1,-1,-1
245,36,2023,269,274,335,1,-1,-1,-1
245,43,1829,574,235,218,1,-1,-1,-1
245,47,2166,126,307,277,1,-1,-1,-1
245,48,1705,485,144,236,1,-1,-1,-1
245,49,2426,315,134,196,1,-1,-1,-1
246,18,1128,207,213,259,1,-1,-1,-1
246,34,1145,488,224,264,1,-1,-1,-1
246,36,2017,268,274,335,1,-1,-1,-1
246,43,1831,572,235,218,1,-1,-1,-1
246,47,2169,122,307,277,1,-1,-1,-1
246,48,1702,485,144,236,1,-1,-1,-1
247,18,1121,206,213,259,1,-1,-1,-1
247,34,1140,488,224,264,1,-1,-1,-1
247,36,2013,265,274,335,1,-1,-1,-1
247,43,1836,571,235,218,1,-1,-1,-1
247,47,2179,117,307,277,1,-1,-1,-1
247,48,1699,484,144,236,1,-1,-1,-1
248,18,1119,205,213,259,1,-1,-1,-1
248,34,1136,486,224,264,1,-1,-1,-1
248,43,1837,571,235,218,1,-1,-1,-1
248,47,2183,112,307,277,1,-1,-1,-1
248,48,1695,484,144,236,1,-1,-1,-1
249,18,1116,208,192,260,1,-1,-1,-1
249,34,1128,480,212,272,1,-1,-1,-1
249,43,1816,572,272,220,1,-1,-1,-1
249,47,2204,148,292,232,1,-1,-1,-1
249,48,1688,476,144,260,1,-1,-1,-1
249,50,2428,296,128,204,1,-1,-1,-1
249,51,1992,268,284,340,1,-1,-1,-1
250,18,1116,208,192,260,1,-1,-1,-1
250,34,1128,480,212,272,1,-1,-1,-1
250,43,1816,572,272,220,1,-1,-1,-1
250,47,2204,148,292,232,1,-1,-1,-1
250,48,1688,476,144,260,1,-1,-1,-1
250,50,2428,296,128,204,1,-1,-1,-1
250,51,1992,268,284,340,1,-1,-1,-1
251,18,1118,215,183,248,1,-1,-1,-1
251,34,1124,480,212,272,1,-1,-1,-1
251,43,1819,572,272,220,1,-1,-1,-1
251,47,2210,147,292,232,1,-1,-1,-1
251,48,1687,476,144,260,1,-1,-1,-1
251,50,2428,295,128,204,1,-1,-1,-1
251,51,1990,266,284,340,1,-1,-1,-1
252,18,1112,216,183,248,1,-1,-1,-1
252,34,1127,484,202,259,1,-1,-1,-1
252,43,1820,573,272,220,1,-1,-1,-1
252,47,2222,151,278,221,1,-1,-1,-1
252,48,1685,476,144,260,1,-1,-1,-1
252,50,2428,294,128,204,1,-1,-1,-1
252,51,1986,265,284,340,1,-1,-1,-1
253,18,1108,218,183,248,1,-1,-1,-1
253,34,1121,486,202,259,1,-1,-1,-1
253,43,1821,575,272,220,1,-1,-1,-1
253,47,2226,152,278,221,1,-1,-1,-1
253,48,1683,477,144,260,1,-1,-1,-1
253,50,2428,294,128,204,1,-1,-1,-1
253,51,1986,266,284,340,1,-1,-1,-1
254,18,1104,219,183,248,1,-1,-1,-1
254,34,1118,486,202,259,1,-1,-1,-1
254,47,2232,151,278,221,1,-1,-1,-1
254,48,1681,478,144,260,1,-1,-1,-1
254,50,2429,295,128,204,1,-1,-1,-1
254,51,1984,266,284,340,1,-1,-1,-1
255,18,1103,218,183,248,1,-1,-1,-1
255,34,1117,487,202,259,1,-1,-1,-1
255,47,2234,150,278,221,1,-1,-1,-1
255,48,1681,479,144,260,1,-1,-1,-1
255,50,2429,295,128,204,1,-1,-1,-1
255,51,1982,267,284,340,1,-1,-1,-1
256,34,1113,487,202,259,1,-1,-1,-1
256,47,2245,149,278,221,1,-1,-1,-1
256,48,1679,479,144,260,1,-1,-1,-1
256,50,2431,293,128,204,1,-1,-1,-1
256,51,1979,266,284,340,1,-1,-1,-1
257,34,1108,484,208,260,1,-1,-1,-1
257,47,2208,144,328,228,1,-1,-1,-1
257,48,1676,496,136,248,1,-1,-1,-1
257,50,2431,293,128,204,1,-1,-1,-1
257,51,1968,260,284,364,1,-1,-1,-1
257,52,1116,192,152,276,1,-1,-1,-1
257,53,1896,572,204,220,1,-1,-1,-1
258,34,1106,484,208,260,1,-1,-1,-1
258,47,2212,143,328,228,1,-1,-1,-1
258,48,1676,496,136,248,1,-1,-1,-1
258,51,1966,260,284,364,1,-1,-1,-1
258,52,1115,192,152,276,1,-1,-1,-1
258,53,1899,572,204,220,1,-1,-1,-1
259,34,1102,484,208,260,1,-1,-1,-1
259,47,2218,141,328,228,1,-1,-1,-1
259,48,1674,496,136,248,1,-1,-1,-1
259,51,1965,260,284,364,1,-1,-1,-1
259,52,1113,192,152,276,1,-1,-1,-1
259,53,1904,571,204,220,1,-1,-1,-1
260,34,1102,485,208,260,1,-1,-1,-1
260,47,2219,141,328,228,1,-1,-1,-1
260,48,1674,496,136,248,1,-1,-1,-1
260,51,1964,260,284,364,1,-1,-1,-1
260,52,1112,191,152,276,1,-1,-1,-1
260,53,1904,570,204,220,1,-1,-1,-1
261,34,1102,485,208,260,1,-1,-1,-1
261,47,2222,142,328,228,1,-1,-1,-1
261,48,1674,497,136,248,1,-1,-1,-1
261,51,1964,261,284,364,1,-1,-1,-1
261,52,1114,196,145,263,1,-1,-1,-1
261,53,1908,571,204,220,1,-1,-1,-1
262,34,1099,485,208,260,1,-1,-1,-1
262,47,2226,141,328,228,1,-1,-1,-1
262,48,1674,499,136,248,1,-1,-1,-1
262,51,1963,261,284,364,1,-1,-1,-1
262,52,1111,189,152,276,1,-1,-1,-1
263,34,1096,484,208,260,1,-1,-1,-1
263,47,2228,144,328,228,1,-1,-1,-1
263,48,1674,500,136,248,1,-1,-1,-1
263,51,1966,272,270,347,1,-1,-1,-1
264,34,1096,483,208,260,1,-1,-1,-1
264,47,2233,144,327,228,1,-1,-1,-1
264,48,1673,502,136,248,1,-1,-1,-1
264,51,1965,271,270,347,1,-1,-1,-1
265,34,1096,488,216,256,1,-1,-1,-1
265,47,2288,156,252,220,1,-1,-1,-1
265,48,1676,480,132,264,1,-1,-1,-1
265,51,1965,271,270,347,1,-1,-1,-1
265,54,1116,208,136,264,1,-1,-1,-1
265,55,1904,580,236,228,1,-1,-1,-1
266,34,1093,488,216,256,1,-1,-1,-1
266,47,2293,157,252,220,1,-1,-1,-1
266,48,1676,480,132,264,1,-1,-1,-1
266,51,1964,271,270,347,1,-1,-1,-1
266,54,1115,208,136,264,1,-1,-1,-1
266,55,1906,581,236,228,1,-1,-1,-1
267,34,1091,491,216,256,1,-1,-1,-1
267,47,2300,158,252,220,1,-1,-1,-1
267,48,1678,482,132,264,1,-1,-1,-1
267,51,1962,271,270,347,1,-1,-1,-1
267,54,1113,209,136,264,1,-1,-1,-1
267,55,1909,584,236,228,1,-1,-1,-1
268,34,1088,493,216,256,1,-1,-1,-1
268,47,2306,155,252,220,1,-1,-1,-1
268,48,1679,481,132,264,1,-1,-1,-1
268,51,1960,273,270,347,1,-1,-1,-1
268,55,1913,584,236,228,1,-1,-1,-1
269,34,1089,492,216,256,1,-1,-1,-1
269,47,2315,158,245,220,1,-1,-1,-1
269,48,1681,481,132,264,1,-1,-1,-1
269,51,1960,273,270,347,1,-1,-1,-1
269,55,1916,585,236,228,1,-1,-1,-1
270,34,1089,492,216,256,1,-1,-1,-1
270,47,2314,157,246,220,1,-1,-1,-1
270,48,1682,481,132,264,1,-1,-1,-1
270,51,1961,273,270,347,1,-1,-1,-1
270,55,1910,578,248,239,1,-1,-1,-1
271,34,1089,493,216,256,1,-1,-1,-1
271,47,2318,159,242,220,1,-1,-1,-1
271,48,1683,482,132,264,1,-1,-1,-1
271,51,1960,270,270,347,1,-1,-1,-1
272,34,1089,494,216,256,1,-1,-1,-1
272,48,1683,482,132,264,1,-1,-1,-1
272,51,1960,271,270,347,1,-1,-1,-1
273,34,1088,496,244,252,1,-1,-1,-1
273,48,1684,500,180,248,1,-1,-1,-1
273,51,1960,271,270,347,1,-1,-1,-1
274,34,1089,497,244,252,1,-1,-1,-1
274,48,1686,501,180,248,1,-1,-1,-1
274,51,1961,271,270,347,1,-1,-1,-1
275,34,1090,498,244,252,1,-1,-1,-1
275,48,1687,502,180,248,1,-1,-1,-1
275,51,1962,271,270,347,1,-1,-1,-1
276,34,1093,499,244,252,1,-1,-1,-1
276,48,1690,502,180,248,1,-1,-1,-1
276,51,1963,271,270,347,1,-1,-1,-1
277,34,1094,501,244,252,1,-1,-1,-1
277,48,1693,502,180,248,1,-1,-1,-1
277,51,1963,271,270,347,1,-1,-1,-1
278,34,1096,502,244,252,1,-1,-1,-1
278,48,1696,503,180,248,1,-1,-1,-1
278,51,1964,270,270,347,1,-1,-1,-1
279,34,1097,503,244,252,1,-1,-1,-1
279,48,1700,510,171,236,1,-1,-1,-1
279,51,1964,271,270,347,1,-1,-1,-1
280,34,1097,503,244,252,1,-1,-1,-1
280,48,1697,504,180,248,1,-1,-1,-1
280,51,1964,271,270,347,1,-1,-1,-1
281,34,1104,516,264,236,1,-1,-1,-1
281,48,1724,504,184,264,1,-1,-1,-1
281,51,1960,260,280,328,1,-1,-1,-1
281,56,2412,160,148,212,1,-1,-1,-1
281,57,1992,580,196,224,1,-1,-1,-1
281,58,1044,276,156,232,1,-1,-1,-1
282,34,1105,516,264,236,1,-1,-1,-1
282,48,1728,504,184,264,1,-1,-1,-1
282,51,1961,259,280,328,1,-1,-1,-1
282,56,2421,159,139,212,1,-1,-1,-1
282,57,1997,580,196,224,1,-1,-1,-1
282,58,1043,277,156,232,1,-1,-1,-1
283,34,1110,515,264,236,1,-1,-1,-1
283,48,1736,504,184,264,1,-1,-1,-1
283,51,1962,258,280,328,1,-1,-1,-1
283,56,2435,158,125,212,1,-1,-1,-1
283,57,2003,581,196,224,1,-1,-1,-1
283,58,1043,279,156,232,1,-1,-1,-1
284,34,1112,516,264,236,1,-1,-1,-1
284,48,1744,505,184,264,1,-1,-1,-1
284,51,1963,259,280,328,1,-1,-1,-1
284,57,2009,580,196,224,1,-1,-1,-1
284,58,1042,280,156,232,1,-1,-1,-1
285,34,1114,516,264,236,1,-1,-1,-1
285,48,1746,507,184,264,1,-1,-1,-1
285,51,1965,260,280,328,1,-1,-1,-1
285,57,2011,581,196,224,1,-1,-1,-1
285,58,1043,282,156,232,1,-1,-1,-1
286,34,1116,517,264,236,1,-1,-1,-1
286,48,1744,502,193,277,1,-1,-1,-1
286,51,1965,259,280,328,1,-1,-1,-1
286,57,2016,582,196,224,1,-1,-1,-1
286,58,1041,283,156,232,1,-1,-1,-1
287,34,1117,519,264,236,1,-1,-1,-1
287,48,1745,504,193,277,1,-1,-1,-1
287,51,1967,260,280,328,1,-1,-1,-1
287,57,2015,577,206,235,1,-1,-1,-1
287,58,1040,285,156,232,1,-1,-1,-1
288,34,1127,525,251,225,1,-1,-1,-1
288,51,1968,260,280,328,1,-1,-1,-1
288,58,1039,288,156,232,1,-1,-1,-1
289,34,1160,528,224,216,1,-1,-1,-1
289,51,1968,264,276,340,1,-1,-1,-1
289,58,1032,284,196,272,1,-1,-1,-1
289,59,2452,176,108,208,1,-1,-1,-1
289,60,2088,576,184,232,1,-1,-1,-1
290,34,1160,528,224,216,1,-1,-1,-1
290,51,1968,263,276,340,1,-1,-1,-1
290,58,1032,284,196,272,1,-1,-1,-1
290,59,2452,176,108,208,1,-1,-1,-1
290,60,2088,576,184,232,1,-1,-1,-1
291,34,1167,534,213,206,1,-1,-1,-1
291,51,1968,263,276,340,1,-1,-1,-1
291,58,1030,285,196,272,1,-1,-1,-1
291,59,2454,176,106,208,1,-1,-1,-1
291,60,2092,576,184,232,1,-1,-1,-1
292,34,1168,534,213,206,1,-1,-1,-1
292,51,1968,263,276,340,1,-1,-1,-1
292,58,1027,289,196,272,1,-1,-1,-1
292,59,2460,178,100,208,1,-1,-1,-1
292,60,2091,572,193,244,1,-1,-1,-1
293,34,1168,534,213,206,1,-1,-1,-1
293,51,1967,262,276,340,1,-1,-1,-1
293,58,1030,297,187,259,1,-1,-1,-1
293,59,2465,178,95,208,1,-1,-1,-1
293,60,2094,570,193,244,1,-1,-1,-1
294,34,1170,535,213,206,1,-1,-1,-1
294,51,1965,264,276,340,1,-1,-1,-1
294,58,1024,294,196,272,1,-1,-1,-1
295,34,1168,534,213,206,1,-1,-1,-1
295,51,1966,264,276,340,1,-1,-1,-1
295,58,1024,293,196,272,1,-1,-1,-1
296,34,1170,534,213,206,1,-1,-1,-1
296,51,1966,264,276,340,1,-1,-1,-1
296,58,1023,296,196,272,1,-1,-1,-1
297,34,1180,536,176,216,1,-1,-1,-1
297,51,1968,264,276,344,1,-1,-1,-1
297,58,1023,296,196,272,1,-1,-1,-1
297,61,2116,584,216,236,1,-1,-1,-1
298,34,1180,537,176,216,1,-1,-1,-1
298,51,1969,264,276,344,1,-1,-1,-1
298,58,1023,296,196,272,1,-1,-1,-1
298,61,2119,583,216,236,1,-1,-1,-1
299,34,1181,538,176,216,1,-1,-1,-1
299,51,1971,264,276,344,1,-1,-1,-1
299,58,1015,291,206,286,1,-1,-1,-1
299,61,2122,583,216,236,1,-1,-1,-1
300,34,1180,538,176,216,1,-1,-1,-1
300,51,1971,263,276,344,1,-1,-1,-1
300,61,2122,584,216,236,1,-1,-1,-1
301,34,1181,536,176,216,1,-1,-1,-1
301,51,1972,263,276,344,1,-1,-1,-1
301,61,2127,584,216,236,1,-1,-1,-1
302,34,1183,535,176,216,1,-1,-1,-1
302,51,1974,263,276,344,1,-1,-1,-1
302,61,2131,585,216,236,1,-1,-1,-1
303,34,1183,536,176,216,1,-1,-1,-1
303,51,1976,264,276,344,1,-1,-1,-1
303,61,2142,592,206,225,1,-1,-1,-1
304,34,1186,535,176,216,1,-1,-1,-1
304,51,1977,262,276,344,1,-1,-1,-1
304,61,2140,586,216,236,1,-1,-1,-1
305,34,1188,544,160,204,1,-1,-1,-1
305,51,1977,262,276,344,1,-1,-1,-1
305,61,2140,586,216,236,1,-1,-1,-1
305,62,1012,312,192,276,1,-1,-1,-1
306,34,1190,543,160,204,1,-1,-1,-1
306,51,1978,262,276,344,1,-1,-1,-1
306,61,2142,587,216,236,1,-1,-1,-1
306,62,1011,314,192,276,1,-1,-1,-1
307,34,1192,542,160,204,1,-1,-1,-1
307,51,1979,262,276,344,1,-1,-1,-1
307,62,1013,315,192,276,1,-1,-1,-1
308,34,1200,548,152,194,1,-1,-1,-1
308,51,1980,262,276,344,1,-1,-1,-1
308,62,1007,310,202,290,1,-1,-1,-1
309,34,1205,547,152,194,1,-1,-1,-1
309,51,1990,270,263,328,1,-1,-1,-1
309,62,1008,310,202,290,1,-1,-1,-1
310,34,1204,548,152,194,1,-1,-1,-1
310,51,1994,270,263,328,1,-1,-1,-1
310,62,1009,310,202,290,1,-1,-1,-1
311,34,1209,547,152,194,1,-1,-1,-1
311,51,1996,270,263,328,1,-1,-1,-1
311,62,1010,313,202,290,1,-1,-1,-1
312,34,1216,546,152,194,1,-1,-1,-1
312,51,2000,269,263,328,1,-1,-1,-1
312,62,1016,323,192,276,1,-1,-1,-1
313,34,1216,546,152,194,1,-1,-1,-1
313,51,2000,269,263,328,1,-1,-1,-1
313,62,988,336,216,264,1,-1,-1,-1
313,63,1296,548,424,360,1,-1,-1,-1
314,51,2008,269,263,328,1,-1,-1,-1
314,62,986,338,216,264,1,-1,-1,-1
314,63,1299,547,424,360,1,-1,-1,-1
315,51,2011,269,263,328,1,-1,-1,-1
315,62,993,345,206,251,1,-1,-1,-1
315,63,1299,546,424,360,1,-1,-1,-1
316,51,2013,270,263,328,1,-1,-1,-1
316,62,994,345,206,251,1,-1,-1,-1
316,63,1301,544,424,360,1,-1,-1,-1
317,51,2014,270,263,328,1,-1,-1,-1
317,62,993,345,206,251,1,-1,-1,-1
317,63,1302,544,424,360,1,-1,-1,-1
318,51,2016,268,263,328,1,-1,-1,-1
318,62,992,348,206,251,1,-1,-1,-1
318,63,1304,544,424,360,1,-1,-1,-1
319,51,2020,266,263,328,1,-1,-1,-1
319,62,994,346,206,251,1,-1,-1,-1
319,63,1305,544,424,360,1,-1,-1,-1
320,51,2025,265,263,328,1,-1,-1,-1
320,62,996,345,206,251,1,-1,-1,-1
320,63,1305,544,424,360,1,-1,-1,-1
321,51,2025,265,263,328,1,-1,-1,-1
321,62,996,345,206,251,1,-1,-1,-1
321,63,1296,548,428,360,1,-1,-1,-1
