1,0,1164,436,252,132,1,-1,-1,-1
1,1,1064,976,428,228,1,-1,-1,-1
1,2,1280,912,84,192,1,-1,-1,-1
2,0,1164,440,252,132,1,-1,-1,-1
2,1,1072,986,408,217,1,-1,-1,-1
2,2,1279,918,84,192,1,-1,-1,-1
3,0,1163,444,252,132,1,-1,-1,-1
3,1,1067,991,408,217,1,-1,-1,-1
3,2,1278,927,84,192,1,-1,-1,-1
4,0,1163,446,252,132,1,-1,-1,-1
4,1,1068,993,408,217,1,-1,-1,-1
4,2,1277,927,84,192,1,-1,-1,-1
5,0,1169,454,240,126,1,-1,-1,-1
5,1,1061,999,408,217,1,-1,-1,-1
5,2,1275,933,84,192,1,-1,-1,-1
6,0,1168,458,240,126,1,-1,-1,-1
6,1,1058,1002,408,217,1,-1,-1,-1
6,2,1274,939,84,192,1,-1,-1,-1
7,0,1168,462,240,126,1,-1,-1,-1
7,1,1042,1001,428,228,1,-1,-1,-1
7,2,1274,948,80,183,1,-1,-1,-1
8,0,1167,466,240,126,1,-1,-1,-1
8,2,1274,953,80,183,1,-1,-1,-1
9,0,1156,476,272,128,1,-1,-1,-1
9,2,1244,960,104,204,1,-1,-1,-1
9,3,912,408,212,128,1,-1,-1,-1
9,4,1260,556,244,152,1,-1,-1,-1
9,5,1600,568,304,168,1,-1,-1,-1
9,6,728,524,220,140,1,-1,-1,-1
9,7,244,496,188,136,1,-1,-1,-1
9,8,824,616,260,168,1,-1,-1,-1
9,9,448,420,240,144,1,-1,-1,-1
9,10,700,448,216,116,1,-1,-1,-1
9,11,1448,632,292,172,1,-1,-1,-1
10,0,1156,476,272,128,1,-1,-1,-1
10,2,1244,960,104,204,1,-1,-1,-1
10,3,912,408,212,128,1,-1,-1,-1
10,4,1260,556,244,152,1,-1,-1,-1
10,5,1600,568,304,168,1,-1,-1,-1
10,6,728,524,220,140,1,-1,-1,-1
10,7,244,496,188,136,1,-1,-1,-1
10,8,824,616,260,168,1,-1,-1,-1
10,9,448,420,240,144,1,-1,-1,-1
10,10,700,448,216,116,1,-1,-1,-1
10,11,1448,632,292,172,1,-1,-1,-1
11,0,1155,478,272,128,1,-1,-1,-1
11,2,1245,963,104,204,1,-1,-1,-1
11,3,917,412,202,122,1,-1,-1,-1
11,4,1258,559,244,152,1,-1,-1,-1
11,5,1606,575,290,160,1,-1,-1,-1
11,6,727,526,220,140,1,-1,-1,-1
11,7,244,496,188,136,1,-1,-1,-1
11,8,824,618,260,168,1,-1,-1,-1
11,9,448,421,240,144,1,-1,-1,-1
11,10,700,450,216,116,1,-1,-1,-1
11,11,1447,635,292,172,1,-1,-1,-1
12,0,1156,481,272,128,1,-1,-1,-1
12,2,1244,967,104,204,1,-1,-1,-1
12,3,918,414,202,122,1,-1,-1,-1
12,4,1264,565,232,145,1,-1,-1,-1
12,5,1605,580,290,160,1,-1,-1,-1
12,6,733,532,210,133,1,-1,-1,-1
12,7,244,498,188,136,1,-1,-1,-1
12,8,822,620,260,168,1,-1,-1,-1
12,9,448,422,240,144,1,-1,-1,-1
12,10,701,452,216,116,1,-1,-1,-1
12,11,1445,638,292,172,1,-1,-1,-1
13,0,1155,484,272,128,1,-1,-1,-1
13,2,1245,972,104,204,1,-1,-1,-1
13,3,918,416,202,122,1,-1,-1,-1
13,4,1263,567,232,145,1,-1,-1,-1
13,5,1604,583,290,160,1,-1,-1,-1
13,6,735,534,210,133,1,-1,-1,-1
13,7,244,499,188,136,1,-1,-1,-1
13,8,820,624,260,168,1,-1,-1,-1
13,9,447,424,240,144,1,-1,-1,-1
13,10,702,453,216,116,1,-1,-1,-1
13,11,1443,642,292,172,1,-1,-1,-1
14,0,1157,489,272,128,1,-1,-1,-1
14,2,1247,976,104,204,1,-1,-1,-1
14,3,920,418,202,122,1,-1,-1,-1
14,4,1264,570,232,145,1,-1,-1,-1
14,5,1604,588,290,160,1,-1,-1,-1
14,6,736,538,210,133,1,-1,-1,-1
14,7,245,501,188,136,1,-1,-1,-1
14,8,818,627,260,168,1,-1,-1,-1
14,9,448,426,240,144,1,-1,-1,-1
14,10,703,455,216,116,1,-1,-1,-1
14,11,1444,647,292,172,1,-1,-1,-1
15,0,1166,494,259,122,1,-1,-1,-1
15,2,1248,980,104,204,1,-1,-1,-1
15,3,922,420,202,122,1,-1,-1,-1
15,4,1267,572,232,145,1,-1,-1,-1
15,5,1604,591,290,160,1,-1,-1,-1
15,6,738,541,210,133,1,-1,-1,-1
15,7,246,503,188,136,1,-1,-1,-1
15,8,818,629,260,168,1,-1,-1,-1
15,9,450,428,240,144,1,-1,-1,-1
15,10,705,457,216,116,1,-1,-1,-1
15,11,1445,651,292,172,1,-1,-1,-1
16,0,1166,495,259,122,1,-1,-1,-1
16,2,1249,981,104,204,1,-1,-1,-1
16,3,923,420,202,122,1,-1,-1,-1
16,4,1265,572,232,145,1,-1,-1,-1
16,5,1604,593,290,160,1,-1,-1,-1
16,6,733,538,220,140,1,-1,-1,-1
16,7,247,503,188,136,1,-1,-1,-1
16,8,819,630,260,168,1,-1,-1,-1
16,9,450,428,240,144,1,-1,-1,-1
16,10,705,457,216,116,1,-1,-1,-1
16,11,1446,652,292,172,1,-1,-1,-1
17,0,1160,500,272,132,1,-1,-1,-1
17,2,1249,981,104,204,1,-1,-1,-1
17,3,912,420,224,124,1,-1,-1,-1
17,4,1276,572,208,144,1,-1,-1,-1
17,5,1588,600,320,160,1,-1,-1,-1
17,6,716,540,240,144,1,-1,-1,-1
17,7,247,503,188,136,1,-1,-1,-1
17,8,819,630,260,168,1,-1,-1,-1
17,9,448,436,244,132,1,-1,-1,-1
17,10,720,456,196,112,1,-1,-1,-1
17,11,1446,652,292,172,1,-1,-1,-1
17,12,1564,472,280,164,1,-1,-1,-1
17,13,200,368,224,128,1,-1,-1,-1
18,0,1161,502,272,132,1,-1,-1,-1
18,2,1253,985,104,204,1,-1,-1,-1
18,3,913,421,224,124,1,-1,-1,-1
18,4,1276,573,208,144,1,-1,-1,-1
18,5,1588,603,320,160,1,-1,-1,-1
18,6,717,541,240,144,1,-1,-1,-1
18,7,251,505,188,136,1,-1,-1,-1
18,8,824,634,260,168,1,-1,-1,-1
18,9,450,436,244,132,1,-1,-1,-1
18,10,721,457,196,112,1,-1,-1,-1
18,11,1449,657,292,172,1,-1,-1,-1
18,12,1565,474,280,164,1,-1,-1,-1
18,13,201,368,224,128,1,-1,-1,-1
19,0,1163,504,272,132,1,-1,-1,-1
19,2,1255,989,104,204,1,-1,-1,-1
19,3,915,424,224,124,1,-1,-1,-1
19,4,1277,574,208,144,1,-1,-1,-1
19,5,1590,606,320,160,1,-1,-1,-1
19,6,719,542,240,144,1,-1,-1,-1
19,7,255,507,188,136,1,-1,-1,-1
19,8,820,634,273,176,1,-1,-1,-1
19,9,452,437,244,132,1,-1,-1,-1
19,10,723,458,196,112,1,-1,-1,-1
19,11,1453,661,292,172,1,-1,-1,-1
19,12,1567,476,280,164,1,-1,-1,-1
19,13,202,370,224,128,1,-1,-1,-1
20,0,1165,506,272,132,1,-1,-1,-1
20,2,1256,991,104,204,1,-1,-1,-1
20,3,917,425,224,124,1,-1,-1,-1
20,4,1279,576,208,144,1,-1,-1,-1
20,5,1592,608,320,160,1,-1,-1,-1
20,6,721,545,240,144,1,-1,-1,-1
20,7,259,509,188,136,1,-1,-1,-1
20,9,455,438,244,132,1,-1,-1,-1
20,10,726,458,196,112,1,-1,-1,-1
20,11,1456,664,292,172,1,-1,-1,-1
20,12,1569,478,280,164,1,-1,-1,-1
20,13,197,367,235,134,1,-1,-1,-1
21,0,1167,508,272,132,1,-1,-1,-1
21,2,1256,987,109,214,1,-1,-1,-1
21,3,920,425,224,124,1,-1,-1,-1
21,4,1281,577,208,144,1,-1,-1,-1
21,5,1594,610,320,160,1,-1,-1,-1
21,6,723,546,240,144,1,-1,-1,-1
21,7,261,509,188,136,1,-1,-1,-1
21,9,451,435,256,139,1,-1,-1,-1
21,10,728,459,196,112,1,-1,-1,-1
21,11,1459,666,292,172,1,-1,-1,-1
21,12,1571,480,280,164,1,-1,-1,-1
21,13,199,366,235,134,1,-1,-1,-1
22,0,1169,508,272,132,1,-1,-1,-1
22,2,1259,993,104,204,1,-1,-1,-1
22,3,921,426,224,124,1,-1,-1,-1
22,4,1281,577,208,144,1,-1,-1,-1
22,5,1595,612,320,160,1,-1,-1,-1
22,6,724,546,240,144,1,-1,-1,-1
22,7,262,509,188,136,1,-1,-1,-1
22,9,458,438,244,132,1,-1,-1,-1
22,10,728,459,196,112,1,-1,-1,-1
22,11,1461,667,292,172,1,-1,-1,-1
22,12,1571,480,280,164,1,-1,-1,-1
22,13,199,367,235,134,1,-1,-1,-1
23,0,1172,509,272,132,1,-1,-1,-1
23,2,1260,994,104,204,1,-1,-1,-1
23,3,923,426,224,124,1,-1,-1,-1
23,4,1283,578,208,144,1,-1,-1,-1
23,5,1595,612,320,160,1,-1,-1,-1
23,6,727,547,240,144,1,-1,-1,-1
23,7,264,509,188,136,1,-1,-1,-1
23,9,461,438,244,132,1,-1,-1,-1
23,10,730,458,196,112,1,-1,-1,-1
23,11,1464,668,292,172,1,-1,-1,-1
23,12,1572,479,280,164,1,-1,-1,-1
23,13,203,366,235,134,1,-1,-1,-1
24,0,1182,513,259,126,1,-1,-1,-1
24,2,1262,996,104,204,1,-1,-1,-1
24,3,926,426,224,124,1,-1,-1,-1
24,4,1287,579,208,144,1,-1,-1,-1
24,5,1603,615,305,152,1,-1,-1,-1
24,6,731,547,240,144,1,-1,-1,-1
24,7,267,508,188,136,1,-1,-1,-1
24,9,463,439,244,132,1,-1,-1,-1
24,10,732,458,196,112,1,-1,-1,-1
24,11,1468,669,292,172,1,-1,-1,-1
24,12,1584,483,267,156,1,-1,-1,-1
24,13,200,362,247,141,1,-1,-1,-1
25,0,1192,512,276,148,1,-1,-1,-1
25,2,1276,988,104,192,1,-1,-1,-1
25,3,926,426,224,124,1,-1,-1,-1
25,4,1287,579,208,144,1,-1,-1,-1
25,5,1603,615,305,152,1,-1,-1,-1
25,6,744,552,232,132,1,-1,-1,-1
25,7,267,508,188,136,1,-1,-1,-1
25,9,463,439,244,132,1,-1,-1,-1
25,10,732,458,196,112,1,-1,-1,-1
25,11,1468,669,292,172,1,-1,-1,-1
25,12,1584,483,267,156,1,-1,-1,-1
25,13,200,362,247,141,1,-1,-1,-1
26,0,1193,511,276,148,1,-1,-1,-1
26,2,1277,987,104,192,1,-1,-1,-1
26,3,932,424,224,124,1,-1,-1,-1
26,4,1297,578,208,144,1,-1,-1,-1
26,5,1608,616,305,152,1,-1,-1,-1
26,6,745,551,232,132,1,-1,-1,-1
26,7,270,504,188,136,1,-1,-1,-1
26,9,469,437,244,132,1,-1,-1,-1
26,10,735,454,196,112,1,-1,-1,-1
26,11,1470,667,292,172,1,-1,-1,-1
26,12,1590,482,267,156,1,-1,-1,-1
26,13,203,360,247,141,1,-1,-1,-1
27,0,1195,510,276,148,1,-1,-1,-1
27,2,1278,985,104,192,1,-1,-1,-1
27,3,935,422,224,124,1,-1,-1,-1
27,4,1301,576,208,144,1,-1,-1,-1
27,5,1611,615,305,152,1,-1,-1,-1
27,6,747,548,232,132,1,-1,-1,-1
27,7,272,501,188,136,1,-1,-1,-1
27,9,473,435,244,132,1,-1,-1,-1
27,10,741,454,187,107,1,-1,-1,-1
27,11,1471,666,292,172,1,-1,-1,-1
27,12,1589,480,267,156,1,-1,-1,-1
28,0,1195,509,276,148,1,-1,-1,-1
28,2,1278,984,104,192,1,-1,-1,-1
28,3,935,421,224,124,1,-1,-1,-1
28,4,1301,575,208,144,1,-1,-1,-1
28,5,1611,614,305,152,1,-1,-1,-1
28,6,747,548,232,132,1,-1,-1,-1
28,7,278,504,179,130,1,-1,-1,-1
28,9,475,434,244,132,1,-1,-1,-1
28,10,742,452,187,107,1,-1,-1,-1
28,11,1471,666,292,172,1,-1,-1,-1
28,12,1589,479,267,156,1,-1,-1,-1
29,0,1198,507,276,148,1,-1,-1,-1
29,2,1280,982,104,192,1,-1,-1,-1
29,3,937,420,224,124,1,-1,-1,-1
29,4,1302,572,208,144,1,-1,-1,-1
29,5,1613,613,305,152,1,-1,-1,-1
29,6,749,546,232,132,1,-1,-1,-1
29,7,281,500,179,130,1,-1,-1,-1
29,9,477,431,244,132,1,-1,-1,-1
29,10,744,449,187,107,1,-1,-1,-1
29,11,1472,665,292,172,1,-1,-1,-1
29,12,1591,476,267,156,1,-1,-1,-1
30,0,1200,505,276,148,1,-1,-1,-1
30,2,1282,979,104,192,1,-1,-1,-1
30,3,933,414,235,130,1,-1,-1,-1
30,4,1303,569,208,144,1,-1,-1,-1
30,5,1615,610,305,152,1,-1,-1,-1
30,6,752,543,232,132,1,-1,-1,-1
30,9,479,427,244,132,1,-1,-1,-1
30,12,1593,474,267,156,1,-1,-1,-1
31,0,1202,502,276,148,1,-1,-1,-1
31,2,1284,976,104,192,1,-1,-1,-1
31,3,934,410,235,130,1,-1,-1,-1
31,4,1305,565,208,144,1,-1,-1,-1
31,5,1617,609,305,152,1,-1,-1,-1
31,6,753,540,232,132,1,-1,-1,-1
31,12,1593,471,267,156,1,-1,-1,-1
32,0,1206,498,276,148,1,-1,-1,-1
32,2,1285,972,104,192,1,-1,-1,-1
32,3,937,406,235,130,1,-1,-1,-1
32,4,1306,561,208,144,1,-1,-1,-1
32,5,1611,604,320,160,1,-1,-1,-1
32,6,761,539,221,126,1,-1,-1,-1
32,12,1594,467,267,156,1,-1,-1,-1
33,0,1206,498,276,148,1,-1,-1,-1
33,2,1285,972,104,192,1,-1,-1,-1
33,3,937,406,235,130,1,-1,-1,-1
33,4,1306,561,208,144,1,-1,-1,-1
33,5,1611,604,320,160,1,-1,-1,-1
33,6,761,539,221,126,1,-1,-1,-1
33,12,1594,467,267,156,1,-1,-1,-1
34,0,1207,495,276,148,1,-1,-1,-1
34,2,1286,968,104,192,1,-1,-1,-1
34,3,939,403,235,130,1,-1,-1,-1
34,4,1306,559,208,144,1,-1,-1,-1
34,6,765,534,221,126,1,-1,-1,-1
34,12,1595,462,267,156,1,-1,-1,-1
35,0,1208,490,276,148,1,-1,-1,-1
35,2,1287,964,104,192,1,-1,-1,-1
35,3,941,400,235,130,1,-1,-1,-1
35,4,1306,555,208,144,1,-1,-1,-1
35,6,767,529,221,126,1,-1,-1,-1
35,12,1588,453,280,164,1,-1,-1,-1
36,0,1211,487,276,148,1,-1,-1,-1
36,2,1288,961,104,192,1,-1,-1,-1
36,3,942,396,235,130,1,-1,-1,-1
36,6,769,523,221,126,1,-1,-1,-1
37,0,1208,480,290,155,1,-1,-1,-1
37,2,1289,959,104,192,1,-1,-1,-1
37,3,946,393,235,130,1,-1,-1,-1
37,6,771,518,221,126,1,-1,-1,-1
38,0,1210,477,290,155,1,-1,-1,-1
38,2,1291,956,104,192,1,-1,-1,-1
38,3,948,390,235,130,1,-1,-1,-1
38,6,773,515,221,126,1,-1,-1,-1
39,0,1212,474,290,155,1,-1,-1,-1
39,2,1295,959,99,183,1,-1,-1,-1
39,3,952,390,235,130,1,-1,-1,-1
39,6,778,512,221,126,1,-1,-1,-1
40,0,1213,473,290,155,1,-1,-1,-1
40,2,1293,954,104,192,1,-1,-1,-1
40,3,953,389,235,130,1,-1,-1,-1
40,6,777,512,221,126,1,-1,-1,-1
41,0,1213,473,290,155,1,-1,-1,-1
41,2,1293,954,104,192,1,-1,-1,-1
41,3,960,392,236,148,1,-1,-1,-1
41,6,777,512,221,126,1,-1,-1,-1
41,14,1724,824,304,168,1,-1,-1,-1
41,15,1564,872,292,152,1,-1,-1,-1
42,3,961,393,236,148,1,-1,-1,-1
42,6,784,510,221,126,1,-1,-1,-1
42,14,1724,825,304,168,1,-1,-1,-1
42,15,1564,874,292,152,1,-1,-1,-1
43,3,964,395,236,148,1,-1,-1,-1
43,6,786,511,221,126,1,-1,-1,-1
43,14,1725,829,304,168,1,-1,-1,-1
43,15,1564,877,292,152,1,-1,-1,-1
44,3,967,398,236,148,1,-1,-1,-1
44,6,789,511,221,126,1,-1,-1,-1
44,14,1725,835,304,168,1,-1,-1,-1
44,15,1564,881,292,152,1,-1,-1,-1
45,3,971,400,236,148,1,-1,-1,-1
45,6,791,513,221,126,1,-1,-1,-1
45,14,1727,839,304,168,1,-1,-1,-1
45,15,1563,885,292,152,1,-1,-1,-1
46,3,972,401,236,148,1,-1,-1,-1
46,6,792,514,221,126,1,-1,-1,-1
46,14,1727,841,304,168,1,-1,-1,-1
46,15,1564,887,292,152,1,-1,-1,-1
47,3,975,405,236,148,1,-1,-1,-1
47,6,792,516,221,126,1,-1,-1,-1
47,14,1729,845,304,168,1,-1,-1,-1
47,15,1564,890,292,152,1,-1,-1,-1
48,3,980,407,236,148,1,-1,-1,-1
48,14,1730,852,304,168,1,-1,-1,-1
48,15,1565,895,292,152,1,-1,-1,-1
49,3,964,420,252,132,1,-1,-1,-1
49,14,1730,852,304,168,1,-1,-1,-1
49,15,1565,895,292,152,1,-1,-1,-1
49,16,1312,980,84,164,1,-1,-1,-1
49,17,1196,1048,324,148,1,-1,-1,-1
50,3,965,420,252,132,1,-1,-1,-1
50,15,1564,900,292,152,1,-1,-1,-1
50,16,1314,985,80,156,1,-1,-1,-1
50,17,1196,1050,324,148,1,-1,-1,-1
51,3,966,421,252,132,1,-1,-1,-1
51,15,1572,906,278,145,1,-1,-1,-1
51,16,1315,987,80,156,1,-1,-1,-1
51,17,1196,1052,324,148,1,-1,-1,-1
52,3,967,421,252,132,1,-1,-1,-1
52,15,1572,908,278,145,1,-1,-1,-1
52,16,1316,988,80,156,1,-1,-1,-1
52,17,1196,1054,324,148,1,-1,-1,-1
53,3,970,423,252,132,1,-1,-1,-1
53,15,1565,905,292,152,1,-1,-1,-1
53,16,1318,989,80,156,1,-1,-1,-1
53,17,1198,1055,324,148,1,-1,-1,-1
54,3,979,426,240,126,1,-1,-1,-1
54,15,1573,910,278,145,1,-1,-1,-1
54,16,1319,991,80,156,1,-1,-1,-1
54,17,1202,1056,324,148,1,-1,-1,-1
55,3,982,425,240,126,1,-1,-1,-1
55,15,1572,913,278,145,1,-1,-1,-1
55,16,1320,992,80,156,1,-1,-1,-1
55,17,1203,1057,324,148,1,-1,-1,-1
56,3,986,425,240,126,1,-1,-1,-1
56,16,1321,994,80,156,1,-1,-1,-1
56,17,1204,1059,324,148,1,-1,-1,-1
57,3,1024,420,220,132,1,-1,-1,-1
57,16,1312,996,100,212,1,-1,-1,-1
57,17,1204,1059,324,148,1,-1,-1,-1
57,18,1676,612,268,160,1,-1,-1,-1
57,19,1280,584,292,136,1,-1,-1,-1
57,20,1300,492,232,124,1,-1,-1,-1
57,21,1760,880,292,176,1,-1,-1,-1
57,22,1504,680,288,140,1,-1,-1,-1
57,23,772,416,228,116,1,-1,-1,-1
57,24,348,328,196,112,1,-1,-1,-1
58,3,1024,420,220,132,1,-1,-1,-1
58,16,1312,996,100,212,1,-1,-1,-1
58,17,1206,1059,324,148,1,-1,-1,-1
58,18,1676,612,268,160,1,-1,-1,-1
58,19,1280,584,292,136,1,-1,-1,-1
58,20,1300,492,232,124,1,-1,-1,-1
58,21,1760,880,292,176,1,-1,-1,-1
58,22,1504,680,288,140,1,-1,-1,-1
58,23,772,416,228,116,1,-1,-1,-1
58,24,348,328,196,112,1,-1,-1,-1
59,3,1024,420,220,132,1,-1,-1,-1
59,16,1313,997,100,212,1,-1,-1,-1
59,18,1677,614,268,160,1,-1,-1,-1
59,19,1282,585,292,136,1,-1,-1,-1
59,20,1302,492,232,124,1,-1,-1,-1
59,21,1760,882,292,176,1,-1,-1,-1
59,22,1504,681,288,140,1,-1,-1,-1
59,23,774,416,228,116,1,-1,-1,-1
59,24,351,327,196,112,1,-1,-1,-1
60,3,1025,420,220,132,1,-1,-1,-1
60,16,1314,1000,100,212,1,-1,-1,-1
60,18,1677,617,268,160,1,-1,-1,-1
60,19,1283,585,292,136,1,-1,-1,-1
60,20,1305,492,232,124,1,-1,-1,-1
60,21,1758,884,292,176,1,-1,-1,-1
60,22,1505,683,288,140,1,-1,-1,-1
60,23,777,415,228,116,1,-1,-1,-1
60,24,354,325,196,112,1,-1,-1,-1
61,3,1028,420,220,132,1,-1,-1,-1
61,16,1316,1004,100,212,1,-1,-1,-1
61,18,1679,620,268,160,1,-1,-1,-1
61,19,1285,586,292,136,1,-1,-1,-1
61,20,1308,493,232,124,1,-1,-1,-1
61,21,1757,887,292,176,1,-1,-1,-1
61,22,1506,685,288,140,1,-1,-1,-1
61,23,780,415,228,116,1,-1,-1,-1
61,24,359,324,196,112,1,-1,-1,-1
62,3,1031,420,220,132,1,-1,-1,-1
62,16,1318,1006,100,212,1,-1,-1,-1
62,18,1680,624,268,160,1,-1,-1,-1
62,19,1288,587,292,136,1,-1,-1,-1
62,20,1313,494,232,124,1,-1,-1,-1
62,21,1764,893,278,168,1,-1,-1,-1
62,22,1500,684,302,147,1,-1,-1,-1
62,23,784,414,228,116,1,-1,-1,-1
62,24,363,323,196,112,1,-1,-1,-1
63,3,1033,421,220,132,1,-1,-1,-1
63,16,1322,1009,100,212,1,-1,-1,-1
63,18,1684,627,268,160,1,-1,-1,-1
63,19,1291,588,292,136,1,-1,-1,-1
63,20,1315,496,232,124,1,-1,-1,-1
63,21,1767,896,278,168,1,-1,-1,-1
63,22,1503,686,302,147,1,-1,-1,-1
63,23,788,414,228,116,1,-1,-1,-1
63,24,368,322,196,112,1,-1,-1,-1
64,3,1039,424,210,126,1,-1,-1,-1
64,16,1323,1010,100,212,1,-1,-1,-1
64,18,1685,628,268,160,1,-1,-1,-1
64,19,1292,589,292,136,1,-1,-1,-1
64,20,1316,496,232,124,1,-1,-1,-1
64,21,1767,898,278,168,1,-1,-1,-1
64,22,1503,688,302,147,1,-1,-1,-1
64,23,789,414,228,116,1,-1,-1,-1
64,24,369,322,196,112,1,-1,-1,-1
65,3,1039,424,210,126,1,-1,-1,-1
65,16,1323,1010,100,212,1,-1,-1,-1
65,18,1676,636,288,176,1,-1,-1,-1
65,19,1292,589,292,136,1,-1,-1,-1
65,20,1320,500,228,124,1,-1,-1,-1
65,21,1756,892,292,192,1,-1,-1,-1
65,22,1503,688,302,147,1,-1,-1,-1
65,23,788,424,232,112,1,-1,-1,-1
65,24,380,320,184,116,1,-1,-1,-1
65,25,1732,492,212,108,1,-1,-1,-1
65,26,1584,936,284,148,1,-1,-1,-1
65,27,860,508,184,128,1,-1,-1,-1
66,16,1329,1013,100,212,1,-1,-1,-1
66,18,1684,641,274,168,1,-1,-1,-1
66,20,1323,501,228,124,1,-1,-1,-1
66,21,1756,894,292,192,1,-1,-1,-1
66,22,1508,692,302,147,1,-1,-1,-1
66,23,791,424,232,112,1,-1,-1,-1
66,24,383,320,184,116,1,-1,-1,-1
66,25,1734,494,212,108,1,-1,-1,-1
66,26,1585,938,284,148,1,-1,-1,-1
66,27,863,509,184,128,1,-1,-1,-1
67,16,1332,1016,100,212,1,-1,-1,-1
67,18,1687,643,274,168,1,-1,-1,-1
67,20,1328,502,228,124,1,-1,-1,-1
67,21,1758,897,292,192,1,-1,-1,-1
67,22,1512,694,302,147,1,-1,-1,-1
67,23,796,425,232,112,1,-1,-1,-1
67,24,387,319,184,116,1,-1,-1,-1
67,25,1738,495,212,108,1,-1,-1,-1
67,26,1587,941,284,148,1,-1,-1,-1
67,27,868,510,184,128,1,-1,-1,-1
68,16,1337,1018,100,212,1,-1,-1,-1
68,18,1691,645,274,168,1,-1,-1,-1
68,20,1333,502,228,124,1,-1,-1,-1
68,21,1761,899,292,192,1,-1,-1,-1
68,22,1518,696,302,147,1,-1,-1,-1
68,23,801,425,232,112,1,-1,-1,-1
68,24,391,317,184,116,1,-1,-1,-1
68,25,1742,496,212,108,1,-1,-1,-1
68,26,1591,944,284,148,1,-1,-1,-1
68,27,872,510,184,128,1,-1,-1,-1
69,16,1341,1020,100,212,1,-1,-1,-1
69,18,1694,646,274,168,1,-1,-1,-1
69,20,1337,502,228,124,1,-1,-1,-1
69,21,1764,901,292,192,1,-1,-1,-1
69,22,1521,697,302,147,1,-1,-1,-1
69,23,806,425,232,112,1,-1,-1,-1
69,24,395,316,184,116,1,-1,-1,-1
69,25,1746,498,212,108,1,-1,-1,-1
69,26,1594,946,284,148,1,-1,-1,-1
69,27,877,510,184,128,1,-1,-1,-1
70,16,1342,1020,100,212,1,-1,-1,-1
70,18,1695,647,274,168,1,-1,-1,-1
70,20,1338,503,228,124,1,-1,-1,-1
70,21,1771,906,278,183,1,-1,-1,-1
70,22,1523,697,302,147,1,-1,-1,-1
70,23,807,426,232,112,1,-1,-1,-1
70,24,396,315,184,116,1,-1,-1,-1
70,25,1747,499,212,108,1,-1,-1,-1
70,26,1594,947,284,148,1,-1,-1,-1
70,27,877,510,184,128,1,-1,-1,-1
71,16,1347,1021,100,212,1,-1,-1,-1
71,18,1696,647,274,168,1,-1,-1,-1
71,20,1343,503,228,124,1,-1,-1,-1
71,21,1780,911,265,174,1,-1,-1,-1
71,22,1526,699,302,147,1,-1,-1,-1
71,23,810,424,232,112,1,-1,-1,-1
71,24,403,314,184,116,1,-1,-1,-1
71,25,1750,500,212,108,1,-1,-1,-1
71,26,1598,948,284,148,1,-1,-1,-1
71,27,882,510,184,128,1,-1,-1,-1
72,16,1353,1022,100,212,1,-1,-1,-1
72,18,1693,643,288,176,1,-1,-1,-1
72,20,1348,503,228,124,1,-1,-1,-1
72,21,1784,912,265,174,1,-1,-1,-1
72,22,1536,702,288,140,1,-1,-1,-1
72,23,816,423,232,112,1,-1,-1,-1
72,24,406,312,184,116,1,-1,-1,-1
72,25,1755,500,212,108,1,-1,-1,-1
72,26,1604,950,284,148,1,-1,-1,-1
72,27,889,509,184,128,1,-1,-1,-1
73,16,1353,1022,100,212,1,-1,-1,-1
73,18,1660,644,328,168,1,-1,-1,-1
73,20,1352,500,232,124,1,-1,-1,-1
73,21,1784,912,265,174,1,-1,-1,-1
73,22,1536,702,288,140,1,-1,-1,-1
73,23,816,423,232,112,1,-1,-1,-1
73,24,406,312,184,116,1,-1,-1,-1
73,25,1755,500,212,108,1,-1,-1,-1
73,26,1604,950,284,148,1,-1,-1,-1
73,27,889,509,184,128,1,-1,-1,-1
74,18,1661,644,328,168,1,-1,-1,-1
74,20,1354,500,232,124,1,-1,-1,-1
74,22,1541,702,288,140,1,-1,-1,-1
74,23,829,420,232,112,1,-1,-1,-1
74,24,418,308,184,116,1,-1,-1,-1
74,26,1610,952,284,148,1,-1,-1,-1
74,27,904,509,184,128,1,-1,-1,-1
75,18,1663,645,328,168,1,-1,-1,-1
75,20,1360,499,232,124,1,-1,-1,-1
75,22,1551,706,274,133,1,-1,-1,-1
75,23,837,420,221,107,1,-1,-1,-1
75,24,421,303,184,116,1,-1,-1,-1
75,26,1615,953,284,148,1,-1,-1,-1
75,27,907,509,184,128,1,-1,-1,-1
76,18,1665,645,328,168,1,-1,-1,-1
76,20,1361,499,232,124,1,-1,-1,-1
76,22,1552,707,274,133,1,-1,-1,-1
76,23,839,420,221,107,1,-1,-1,-1
76,24,421,302,184,116,1,-1,-1,-1
76,26,1616,954,284,148,1,-1,-1,-1
76,27,907,508,184,128,1,-1,-1,-1
77,18,1664,644,328,168,1,-1,-1,-1
77,20,1363,499,232,124,1,-1,-1,-1
77,22,1548,706,288,140,1,-1,-1,-1
77,23,842,418,221,107,1,-1,-1,-1
77,24,423,301,184,116,1,-1,-1,-1
77,26,1617,955,284,148,1,-1,-1,-1
77,27,909,507,184,128,1,-1,-1,-1
78,18,1668,645,328,168,1,-1,-1,-1
78,20,1367,500,232,124,1,-1,-1,-1
78,22,1552,706,288,140,1,-1,-1,-1
78,23,845,416,221,107,1,-1,-1,-1
78,24,428,299,184,116,1,-1,-1,-1
78,26,1620,956,284,148,1,-1,-1,-1
78,27,912,507,184,128,1,-1,-1,-1
79,18,1670,645,328,168,1,-1,-1,-1
79,20,1370,500,232,124,1,-1,-1,-1
79,22,1552,707,288,140,1,-1,-1,-1
79,23,849,414,221,107,1,-1,-1,-1
79,24,431,297,184,116,1,-1,-1,-1
79,26,1621,957,284,148,1,-1,-1,-1
79,27,916,507,184,128,1,-1,-1,-1
80,18,1671,647,328,168,1,-1,-1,-1
80,20,1372,500,232,124,1,-1,-1,-1
80,22,1559,712,274,133,1,-1,-1,-1
80,23,850,413,221,107,1,-1,-1,-1
80,26,1622,960,284,148,1,-1,-1,-1
80,27,918,506,184,128,1,-1,-1,-1
81,18,1671,647,328,168,1,-1,-1,-1
81,20,1372,500,232,124,1,-1,-1,-1
81,22,1559,712,274,133,1,-1,-1,-1
81,23,850,413,221,107,1,-1,-1,-1
81,26,1622,960,284,148,1,-1,-1,-1
81,27,918,506,184,128,1,-1,-1,-1
81,28,1308,208,272,116,1,-1,-1,-1
82,18,1673,649,328,168,1,-1,-1,-1
82,20,1374,502,232,124,1,-1,-1,-1
82,22,1559,714,274,133,1,-1,-1,-1
82,23,851,410,221,107,1,-1,-1,-1
82,27,919,505,184,128,1,-1,-1,-1
82,28,1308,208,272,116,1,-1,-1,-1
83,18,1670,648,344,176,1,-1,-1,-1
83,20,1376,503,232,124,1,-1,-1,-1
83,22,1559,715,274,133,1,-1,-1,-1
83,23,852,408,221,107,1,-1,-1,-1
83,27,920,503,184,128,1,-1,-1,-1
83,28,1308,208,272,116,1,-1,-1,-1
84,18,1671,649,344,176,1,-1,-1,-1
84,20,1377,503,232,124,1,-1,-1,-1
84,22,1559,716,274,133,1,-1,-1,-1
84,23,852,407,221,107,1,-1,-1,-1
84,27,921,502,184,128,1,-1,-1,-1
84,28,1308,207,272,116,1,-1,-1,-1
85,18,1678,651,328,168,1,-1,-1,-1
85,20,1377,503,232,124,1,-1,-1,-1
85,23,852,404,221,107,1,-1,-1,-1
85,27,927,505,175,122,1,-1,-1,-1
85,28,1307,206,272,116,1,-1,-1,-1
86,18,1677,650,328,168,1,-1,-1,-1
86,20,1377,504,232,124,1,-1,-1,-1
86,23,853,403,221,107,1,-1,-1,-1
86,27,930,505,175,122,1,-1,-1,-1
86,28,1305,205,272,116,1,-1,-1,-1
87,18,1676,650,328,168,1,-1,-1,-1
87,20,1377,503,232,124,1,-1,-1,-1
87,23,853,401,221,107,1,-1,-1,-1
87,27,931,503,175,122,1,-1,-1,-1
87,28,1304,204,272,116,1,-1,-1,-1
88,18,1674,650,328,168,1,-1,-1,-1
88,20,1377,503,232,124,1,-1,-1,-1
88,23,853,400,221,107,1,-1,-1,-1
88,27,932,503,175,122,1,-1,-1,-1
88,28,1304,204,272,116,1,-1,-1,-1
89,18,1674,650,328,168,1,-1,-1,-1
89,20,1328,508,292,132,1,-1,-1,-1
89,23,853,400,221,107,1,-1,-1,-1
89,27,932,503,175,122,1,-1,-1,-1
89,28,1304,204,272,116,1,-1,-1,-1
89,29,1756,508,244,108,1,-1,-1,-1
89,30,1420,592,216,120,1,-1,-1,-1
90,18,1674,651,328,168,1,-1,-1,-1
90,20,1327,508,292,132,1,-1,-1,-1
90,23,853,399,221,107,1,-1,-1,-1
90,27,933,502,175,122,1,-1,-1,-1
90,28,1294,200,286,122,1,-1,-1,-1
90,29,1755,509,244,108,1,-1,-1,-1
90,30,1419,591,216,120,1,-1,-1,-1
91,20,1327,508,292,132,1,-1,-1,-1
91,27,934,502,175,122,1,-1,-1,-1
91,28,1292,200,286,122,1,-1,-1,-1
91,29,1755,510,244,108,1,-1,-1,-1
91,30,1418,591,216,120,1,-1,-1,-1
92,20,1326,508,292,132,1,-1,-1,-1
92,27,935,503,175,122,1,-1,-1,-1
92,28,1292,200,286,122,1,-1,-1,-1
92,29,1755,511,244,108,1,-1,-1,-1
92,30,1418,592,216,120,1,-1,-1,-1
93,20,1325,508,292,132,1,-1,-1,-1
93,27,936,503,175,122,1,-1,-1,-1
93,28,1290,200,286,122,1,-1,-1,-1
93,29,1754,512,244,108,1,-1,-1,-1
93,30,1418,593,216,120,1,-1,-1,-1
94,20,1325,508,292,132,1,-1,-1,-1
94,27,937,503,175,122,1,-1,-1,-1
94,28,1299,203,272,116,1,-1,-1,-1
94,29,1754,512,244,108,1,-1,-1,-1
94,30,1418,593,216,120,1,-1,-1,-1
95,20,1326,509,292,132,1,-1,-1,-1
95,28,1289,199,286,122,1,-1,-1,-1
95,29,1755,511,244,108,1,-1,-1,-1
95,30,1418,594,216,120,1,-1,-1,-1
96,20,1326,509,292,132,1,-1,-1,-1
96,28,1289,199,286,122,1,-1,-1,-1
96,29,1756,511,244,108,1,-1,-1,-1
96,30,1417,594,216,120,1,-1,-1,-1
97,20,1326,509,292,132,1,-1,-1,-1
97,28,1289,199,286,122,1,-1,-1,-1
97,29,1756,511,244,108,1,-1,-1,-1
97,30,1417,594,216,120,1,-1,-1,-1
98,20,1329,510,292,132,1,-1,-1,-1
98,28,1296,201,272,116,1,-1,-1,-1
98,29,1755,510,244,108,1,-1,-1,-1
98,30,1416,593,216,120,1,-1,-1,-1
99,20,1329,509,292,132,1,-1,-1,-1
99,28,1294,201,272,116,1,-1,-1,-1
99,29,1754,509,244,108,1,-1,-1,-1
99,30,1415,591,216,120,1,-1,-1,-1
100,20,1330,509,292,132,1,-1,-1,-1
100,28,1295,201,272,116,1,-1,-1,-1
100,29,1754,508,244,108,1,-1,-1,-1
100,30,1416,590,216,120,1,-1,-1,-1
101,20,1329,508,292,132,1,-1,-1,-1
101,28,1285,197,286,122,1,-1,-1,-1
101,29,1754,508,244,108,1,-1,-1,-1
101,30,1416,590,216,120,1,-1,-1,-1
102,20,1330,507,292,132,1,-1,-1,-1
102,28,1283,196,286,122,1,-1,-1,-1
102,29,1755,507,244,108,1,-1,-1,-1
102,30,1414,590,216,120,1,-1,-1,-1
103,20,1332,506,292,132,1,-1,-1,-1
103,28,1281,196,286,122,1,-1,-1,-1
103,29,1755,505,244,108,1,-1,-1,-1
103,30,1414,590,216,120,1,-1,-1,-1
104,28,1281,196,286,122,1,-1,-1,-1
104,29,1761,507,232,103,1,-1,-1,-1
104,30,1414,591,216,120,1,-1,-1,-1
105,28,1281,196,286,122,1,-1,-1,-1
105,29,1760,500,228,120,1,-1,-1,-1
105,30,1408,592,224,124,1,-1,-1,-1
105,31,868,364,188,128,1,-1,-1,-1
105,32,1708,632,248,144,1,-1,-1,-1
105,33,980,588,228,140,1,-1,-1,-1
105,34,1540,708,276,136,1,-1,-1,-1
105,35,1104,376,228,156,1,-1,-1,-1
105,36,1772,932,292,172,1,-1,-1,-1
105,37,684,336,176,112,1,-1,-1,-1
105,38,1360,1008,100,192,1,-1,-1,-1
106,28,1279,195,286,122,1,-1,-1,-1
106,29,1760,500,228,120,1,-1,-1,-1
106,30,1408,592,224,124,1,-1,-1,-1
106,31,868,364,188,128,1,-1,-1,-1
106,32,1708,632,248,144,1,-1,-1,-1
106,33,980,588,228,140,1,-1,-1,-1
106,34,1540,708,276,136,1,-1,-1,-1
106,35,1104,376,228,156,1,-1,-1,-1
106,36,1772,932,292,172,1,-1,-1,-1
106,37,684,336,176,112,1,-1,-1,-1
106,38,1360,1008,100,192,1,-1,-1,-1
107,28,1277,196,286,122,1,-1,-1,-1
107,29,1759,501,228,120,1,-1,-1,-1
107,30,1408,594,224,124,1,-1,-1,-1
107,31,869,364,188,128,1,-1,-1,-1
107,32,1708,633,248,144,1,-1,-1,-1
107,33,980,588,228,140,1,-1,-1,-1
107,34,1540,708,276,136,1,-1,-1,-1
107,35,1104,376,228,156,1,-1,-1,-1
107,36,1777,936,278,164,1,-1,-1,-1
107,37,685,336,176,112,1,-1,-1,-1
107,38,1360,1009,100,192,1,-1,-1,-1
108,28,1277,196,286,122,1,-1,-1,-1
108,29,1759,501,228,120,1,-1,-1,-1
108,30,1407,595,224,124,1,-1,-1,-1
108,31,870,365,188,128,1,-1,-1,-1
108,32,1707,633,248,144,1,-1,-1,-1
108,33,979,588,228,140,1,-1,-1,-1
108,34,1539,708,276,136,1,-1,-1,-1
108,35,1106,378,228,156,1,-1,-1,-1
108,36,1775,937,278,164,1,-1,-1,-1
108,37,687,336,176,112,1,-1,-1,-1
108,38,1360,1010,100,192,1,-1,-1,-1
109,29,1759,500,228,120,1,-1,-1,-1
109,30,1407,596,224,124,1,-1,-1,-1
109,31,871,366,188,128,1,-1,-1,-1
109,32,1705,633,248,144,1,-1,-1,-1
109,33,979,589,228,140,1,-1,-1,-1
109,34,1545,713,263,130,1,-1,-1,-1
109,35,1108,379,228,156,1,-1,-1,-1
109,36,1773,939,278,164,1,-1,-1,-1
109,37,687,335,176,112,1,-1,-1,-1
109,38,1360,1011,100,192,1,-1,-1,-1
110,29,1759,499,228,120,1,-1,-1,-1
110,30,1408,598,224,124,1,-1,-1,-1
110,31,872,367,188,128,1,-1,-1,-1
110,32,1705,634,248,144,1,-1,-1,-1
110,33,979,590,228,140,1,-1,-1,-1
110,34,1546,714,263,130,1,-1,-1,-1
110,35,1109,381,228,156,1,-1,-1,-1
110,36,1772,940,278,164,1,-1,-1,-1
110,37,688,336,176,112,1,-1,-1,-1
110,38,1361,1013,100,192,1,-1,-1,-1
111,29,1758,500,228,120,1,-1,-1,-1
111,30,1409,600,224,124,1,-1,-1,-1
111,31,875,369,188,128,1,-1,-1,-1
111,32,1703,635,248,144,1,-1,-1,-1
111,33,974,587,239,147,1,-1,-1,-1
111,34,1547,713,263,130,1,-1,-1,-1
111,35,1111,382,228,156,1,-1,-1,-1
111,36,1773,941,278,164,1,-1,-1,-1
111,37,689,336,176,112,1,-1,-1,-1
111,38,1362,1014,100,192,1,-1,-1,-1
112,29,1758,500,228,120,1,-1,-1,-1
112,30,1410,600,224,124,1,-1,-1,-1
112,31,874,369,188,128,1,-1,-1,-1
112,32,1705,635,248,144,1,-1,-1,-1
112,33,974,587,239,147,1,-1,-1,-1
112,34,1547,713,263,130,1,-1,-1,-1
112,35,1111,382,228,156,1,-1,-1,-1
112,36,1771,942,278,164,1,-1,-1,-1
112,37,689,336,176,112,1,-1,-1,-1
112,38,1364,1015,100,192,1,-1,-1,-1
113,29,1780,496,204,116,1,-1,-1,-1
113,30,1404,604,232,128,1,-1,-1,-1
113,31,868,372,200,124,1,-1,-1,-1
113,32,1705,635,248,144,1,-1,-1,-1
113,33,984,588,228,132,1,-1,-1,-1
113,34,1536,712,272,132,1,-1,-1,-1
113,35,1080,388,264,152,1,-1,-1,-1
113,36,1776,940,284,172,1,-1,-1,-1
113,37,689,336,176,112,1,-1,-1,-1
113,38,1376,1016,88,184,1,-1,-1,-1
113,39,1248,1088,316,140,1,-1,-1,-1
114,29,1779,496,204,116,1,-1,-1,-1
114,30,1403,605,232,128,1,-1,-1,-1
114,31,868,373,200,124,1,-1,-1,-1
114,32,1704,636,248,144,1,-1,-1,-1
114,33,984,589,228,132,1,-1,-1,-1
114,34,1536,713,272,132,1,-1,-1,-1
114,35,1080,388,264,152,1,-1,-1,-1
114,36,1772,941,284,172,1,-1,-1,-1
114,37,688,337,176,112,1,-1,-1,-1
114,38,1376,1017,88,184,1,-1,-1,-1
114,39,1248,1089,316,140,1,-1,-1,-1
115,29,1778,496,204,116,1,-1,-1,-1
115,30,1402,605,232,128,1,-1,-1,-1
115,31,868,373,200,124,1,-1,-1,-1
115,32,1703,636,248,144,1,-1,-1,-1
115,33,983,589,228,132,1,-1,-1,-1
115,34,1536,713,272,132,1,-1,-1,-1
115,35,1080,387,264,152,1,-1,-1,-1
115,36,1769,941,284,172,1,-1,-1,-1
115,37,689,338,176,112,1,-1,-1,-1
115,38,1375,1019,88,184,1,-1,-1,-1
115,39,1247,1089,316,140,1,-1,-1,-1
116,29,1777,496,204,116,1,-1,-1,-1
116,30,1402,605,232,128,1,-1,-1,-1
116,31,868,373,200,124,1,-1,-1,-1
116,32,1702,637,248,144,1,-1,-1,-1
116,33,983,589,228,132,1,-1,-1,-1
116,34,1535,712,272,132,1,-1,-1,-1
116,35,1078,388,264,152,1,-1,-1,-1
116,36,1763,940,284,172,1,-1,-1,-1
116,37,689,337,176,112,1,-1,-1,-1
116,38,1376,1019,88,184,1,-1,-1,-1
116,39,1245,1089,316,140,1,-1,-1,-1
117,29,1775,494,204,116,1,-1,-1,-1
117,30,1402,606,232,128,1,-1,-1,-1
117,31,868,372,200,124,1,-1,-1,-1
117,32,1702,637,248,144,1,-1,-1,-1
117,33,982,589,228,132,1,-1,-1,-1
117,34,1534,711,272,132,1,-1,-1,-1
117,35,1070,384,277,160,1,-1,-1,-1
117,36,1759,939,284,172,1,-1,-1,-1
117,37,688,336,176,112,1,-1,-1,-1
117,38,1375,1019,88,184,1,-1,-1,-1
117,39,1244,1089,316,140,1,-1,-1,-1
118,29,1775,494,204,116,1,-1,-1,-1
118,30,1402,607,232,128,1,-1,-1,-1
118,31,868,373,200,124,1,-1,-1,-1
118,32,1701,636,248,144,1,-1,-1,-1
118,33,983,588,228,132,1,-1,-1,-1
118,34,1533,711,272,132,1,-1,-1,-1
118,35,1072,383,277,160,1,-1,-1,-1
118,36,1760,939,284,172,1,-1,-1,-1
118,37,688,336,176,112,1,-1,-1,-1
118,38,1375,1018,88,184,1,-1,-1,-1
118,39,1244,1088,316,140,1,-1,-1,-1
119,29,1773,493,204,116,1,-1,-1,-1
119,30,1402,606,232,128,1,-1,-1,-1
119,31,868,372,200,124,1,-1,-1,-1
119,32,1699,636,248,144,1,-1,-1,-1
119,33,982,587,228,132,1,-1,-1,-1
119,34,1531,711,272,132,1,-1,-1,-1
119,35,1071,382,277,160,1,-1,-1,-1
119,36,1757,938,284,172,1,-1,-1,-1
119,37,687,335,176,112,1,-1,-1,-1
119,38,1375,1019,88,184,1,-1,-1,-1
119,39,1237,1085,332,147,1,-1,-1,-1
120,29,1773,491,204,116,1,-1,-1,-1
120,30,1401,605,232,128,1,-1,-1,-1
120,31,867,372,200,124,1,-1,-1,-1
120,32,1697,635,248,144,1,-1,-1,-1
120,33,981,587,228,132,1,-1,-1,-1
120,34,1530,710,272,132,1,-1,-1,-1
120,35,1076,384,264,152,1,-1,-1,-1
120,36,1762,942,270,164,1,-1,-1,-1
120,37,683,332,185,118,1,-1,-1,-1
120,38,1373,1019,88,184,1,-1,-1,-1
120,39,1238,1085,332,147,1,-1,-1,-1
121,29,1776,492,200,132,1,-1,-1,-1
121,30,1396,612,236,132,1,-1,-1,-1
121,31,860,372,212,108,1,-1,-1,-1
121,32,1676,640,264,172,1,-1,-1,-1
121,33,984,596,224,148,1,-1,-1,-1
121,34,1532,708,264,132,1,-1,-1,-1
121,35,1084,388,268,144,1,-1,-1,-1
121,36,1764,932,280,180,1,-1,-1,-1
121,37,683,332,185,118,1,-1,-1,-1
121,38,1373,1019,88,184,1,-1,-1,-1
121,39,1238,1085,332,147,1,-1,-1,-1
121,40,1596,960,264,148,1,-1,-1,-1
121,41,1372,500,252,132,1,-1,-1,-1
121,42,1224,528,244,116,1,-1,-1,-1
122,29,1774,492,200,132,1,-1,-1,-1
122,30,1393,612,236,132,1,-1,-1,-1
122,31,859,372,212,108,1,-1,-1,-1
122,32,1672,640,264,172,1,-1,-1,-1
122,33,982,596,224,148,1,-1,-1,-1
122,34,1531,708,264,132,1,-1,-1,-1
122,35,1082,386,268,144,1,-1,-1,-1
122,36,1761,932,280,180,1,-1,-1,-1
122,37,680,331,185,118,1,-1,-1,-1
122,38,1371,1021,88,184,1,-1,-1,-1
122,39,1234,1086,332,147,1,-1,-1,-1
122,40,1588,957,277,155,1,-1,-1,-1
122,41,1370,500,252,132,1,-1,-1,-1
122,42,1222,528,244,116,1,-1,-1,-1
123,29,1771,492,200,132,1,-1,-1,-1
123,30,1391,612,236,132,1,-1,-1,-1
123,31,858,371,212,108,1,-1,-1,-1
123,32,1670,641,264,172,1,-1,-1,-1
123,33,979,596,224,148,1,-1,-1,-1
123,34,1527,709,264,132,1,-1,-1,-1
123,35,1080,387,268,144,1,-1,-1,-1
123,36,1764,936,267,171,1,-1,-1,-1
123,37,680,331,185,118,1,-1,-1,-1
123,38,1369,1022,88,184,1,-1,-1,-1
123,39,1231,1086,332,147,1,-1,-1,-1
123,40,1585,959,277,155,1,-1,-1,-1
123,41,1369,500,252,132,1,-1,-1,-1
123,42,1218,527,244,116,1,-1,-1,-1
124,29,1770,492,200,132,1,-1,-1,-1
124,30,1389,612,236,132,1,-1,-1,-1
124,31,858,371,212,108,1,-1,-1,-1
124,32,1671,642,264,172,1,-1,-1,-1
124,33,978,596,224,148,1,-1,-1,-1
124,34,1526,709,264,132,1,-1,-1,-1
124,35,1079,386,268,144,1,-1,-1,-1
124,36,1765,935,267,171,1,-1,-1,-1
124,37,679,331,185,118,1,-1,-1,-1
124,38,1368,1022,88,184,1,-1,-1,-1
124,39,1230,1087,332,147,1,-1,-1,-1
124,40,1585,959,277,155,1,-1,-1,-1
124,41,1369,500,252,132,1,-1,-1,-1
124,42,1217,527,244,116,1,-1,-1,-1
125,29,1767,493,200,132,1,-1,-1,-1
125,30,1387,613,236,132,1,-1,-1,-1
125,31,857,371,212,108,1,-1,-1,-1
125,32,1668,643,264,172,1,-1,-1,-1
125,33,977,597,224,148,1,-1,-1,-1
125,34,1523,710,264,132,1,-1,-1,-1
125,35,1078,387,268,144,1,-1,-1,-1
125,36,1763,935,267,171,1,-1,-1,-1
125,38,1365,1023,88,184,1,-1,-1,-1
125,39,1229,1089,332,147,1,-1,-1,-1
125,40,1583,961,277,155,1,-1,-1,-1
125,41,1368,500,252,132,1,-1,-1,-1
125,42,1213,527,244,116,1,-1,-1,-1
126,29,1766,494,200,132,1,-1,-1,-1
126,30,1377,611,248,139,1,-1,-1,-1
126,31,855,371,212,108,1,-1,-1,-1
126,32,1663,645,264,172,1,-1,-1,-1
126,33,975,599,224,148,1,-1,-1,-1
126,34,1520,712,264,132,1,-1,-1,-1
126,35,1076,388,268,144,1,-1,-1,-1
126,36,1765,940,254,163,1,-1,-1,-1
126,38,1363,1026,88,184,1,-1,-1,-1
126,39,1235,1094,316,140,1,-1,-1,-1
126,40,1579,964,277,155,1,-1,-1,-1
126,41,1365,502,252,132,1,-1,-1,-1
126,42,1210,527,244,116,1,-1,-1,-1
127,29,1762,495,200,132,1,-1,-1,-1
127,30,1372,613,248,139,1,-1,-1,-1
127,31,853,372,212,108,1,-1,-1,-1
127,32,1661,647,264,172,1,-1,-1,-1
127,33,972,601,224,148,1,-1,-1,-1
127,34,1516,713,264,132,1,-1,-1,-1
127,35,1074,389,268,144,1,-1,-1,-1
127,36,1763,940,254,163,1,-1,-1,-1
127,38,1363,1033,84,175,1,-1,-1,-1
127,39,1233,1095,316,140,1,-1,-1,-1
127,40,1575,965,277,155,1,-1,-1,-1
127,41,1363,503,252,132,1,-1,-1,-1
127,42,1202,528,244,116,1,-1,-1,-1
128,29,1758,499,200,132,1,-1,-1,-1
128,30,1372,615,248,139,1,-1,-1,-1
128,31,852,372,212,108,1,-1,-1,-1
128,32,1664,653,251,164,1,-1,-1,-1
128,33,972,603,224,148,1,-1,-1,-1
128,34,1514,714,264,132,1,-1,-1,-1
128,35,1075,390,268,144,1,-1,-1,-1
128,36,1759,941,254,163,1,-1,-1,-1
128,38,1360,1034,84,175,1,-1,-1,-1
128,39,1231,1097,316,140,1,-1,-1,-1
128,40,1569,967,277,155,1,-1,-1,-1
128,41,1354,501,265,139,1,-1,-1,-1
129,29,1764,496,200,144,1,-1,-1,-1
129,30,1384,616,228,116,1,-1,-1,-1
129,31,852,372,212,108,1,-1,-1,-1
129,32,1664,653,251,164,1,-1,-1,-1
129,33,964,604,224,132,1,-1,-1,-1
129,34,1508,720,272,136,1,-1,-1,-1
129,35,1120,396,224,132,1,-1,-1,-1
129,36,1759,941,254,163,1,-1,-1,-1
129,38,1360,1034,84,175,1,-1,-1,-1
129,39,1231,1097,316,140,1,-1,-1,-1
129,40,1569,967,277,155,1,-1,-1,-1
129,41,1356,508,248,124,1,-1,-1,-1
130,29,1761,496,200,144,1,-1,-1,-1
130,30,1382,616,228,116,1,-1,-1,-1
130,31,850,373,212,108,1,-1,-1,-1
130,32,1659,655,251,164,1,-1,-1,-1
130,33,961,604,224,132,1,-1,-1,-1
130,34,1506,721,272,136,1,-1,-1,-1
130,35,1118,395,224,132,1,-1,-1,-1
130,36,1750,940,254,163,1,-1,-1,-1
130,38,1356,1035,84,175,1,-1,-1,-1
130,39,1221,1094,332,147,1,-1,-1,-1
130,40,1574,974,264,148,1,-1,-1,-1
130,41,1355,508,248,124,1,-1,-1,-1
131,29,1761,497,200,144,1,-1,-1,-1
131,30,1382,616,228,116,1,-1,-1,-1
131,31,849,373,212,108,1,-1,-1,-1
131,32,1659,655,251,164,1,-1,-1,-1
131,33,961,603,224,132,1,-1,-1,-1
131,34,1506,721,272,136,1,-1,-1,-1
131,35,1118,395,224,132,1,-1,-1,-1
131,36,1751,940,254,163,1,-1,-1,-1
131,38,1355,1036,84,175,1,-1,-1,-1
131,39,1219,1094,332,147,1,-1,-1,-1
131,40,1572,974,264,148,1,-1,-1,-1
131,41,1354,508,248,124,1,-1,-1,-1
132,29,1758,497,200,144,1,-1,-1,-1
132,30,1380,615,228,116,1,-1,-1,-1
132,31,849,373,212,108,1,-1,-1,-1
132,32,1662,660,239,156,1,-1,-1,-1
132,33,960,601,224,132,1,-1,-1,-1
132,34,1503,721,272,136,1,-1,-1,-1
132,35,1116,394,224,132,1,-1,-1,-1
132,36,1743,936,267,171,1,-1,-1,-1
132,38,1355,1035,84,175,1,-1,-1,-1
132,40,1571,973,264,148,1,-1,-1,-1
132,41,1353,506,248,124,1,-1,-1,-1
133,29,1757,495,200,144,1,-1,-1,-1
133,30,1378,613,228,116,1,-1,-1,-1
133,31,850,371,212,108,1,-1,-1,-1
133,32,1661,659,239,156,1,-1,-1,-1
133,33,959,599,224,132,1,-1,-1,-1
133,34,1501,719,272,136,1,-1,-1,-1
133,35,1115,391,224,132,1,-1,-1,-1
133,36,1742,936,267,171,1,-1,-1,-1
133,38,1354,1033,84,175,1,-1,-1,-1
133,40,1571,973,264,148,1,-1,-1,-1
133,41,1352,504,248,124,1,-1,-1,-1
134,29,1757,493,200,144,1,-1,-1,-1
134,30,1377,612,228,116,1,-1,-1,-1
134,31,850,369,212,108,1,-1,-1,-1
134,32,1654,654,251,164,1,-1,-1,-1
134,33,959,597,224,132,1,-1,-1,-1
134,34,1499,718,272,136,1,-1,-1,-1
134,35,1113,388,224,132,1,-1,-1,-1
134,36,1742,934,267,171,1,-1,-1,-1
134,38,1353,1027,88,184,1,-1,-1,-1
134,40,1570,973,264,148,1,-1,-1,-1
134,41,1351,503,248,124,1,-1,-1,-1
135,29,1757,491,200,144,1,-1,-1,-1
135,30,1377,610,228,116,1,-1,-1,-1
135,31,855,369,202,103,1,-1,-1,-1
135,32,1653,653,251,164,1,-1,-1,-1
135,33,960,596,224,132,1,-1,-1,-1
135,34,1498,716,272,136,1,-1,-1,-1
135,35,1112,385,224,132,1,-1,-1,-1
135,36,1739,934,267,171,1,-1,-1,-1
135,40,1570,972,264,148,1,-1,-1,-1
135,41,1357,504,236,118,1,-1,-1,-1
136,29,1758,490,200,144,1,-1,-1,-1
136,30,1376,608,228,116,1,-1,-1,-1
136,31,856,367,202,103,1,-1,-1,-1
136,32,1651,652,251,164,1,-1,-1,-1
136,33,962,594,224,132,1,-1,-1,-1
136,34,1497,714,272,136,1,-1,-1,-1
136,35,1114,383,224,132,1,-1,-1,-1
136,40,1575,975,251,141,1,-1,-1,-1
136,41,1358,502,236,118,1,-1,-1,-1
137,29,1744,492,212,144,1,-1,-1,-1
137,30,1384,596,220,128,1,-1,-1,-1
137,31,856,372,208,104,1,-1,-1,-1
137,32,1624,640,284,184,1,-1,-1,-1
137,33,956,600,236,132,1,-1,-1,-1
137,34,1497,714,272,136,1,-1,-1,-1
137,35,1128,376,212,136,1,-1,-1,-1
137,40,1575,975,251,141,1,-1,-1,-1
137,41,1364,496,232,120,1,-1,-1,-1
137,43,900,480,200,128,1,-1,-1,-1
137,44,704,468,180,120,1,-1,-1,-1
137,45,448,376,168,116,1,-1,-1,-1
137,46,672,324,188,104,1,-1,-1,-1
138,29,1742,491,212,144,1,-1,-1,-1
138,30,1383,595,220,128,1,-1,-1,-1
138,31,855,371,208,104,1,-1,-1,-1
138,32,1623,639,284,184,1,-1,-1,-1
138,33,955,599,236,132,1,-1,-1,-1
138,34,1496,714,272,136,1,-1,-1,-1
138,35,1127,374,212,136,1,-1,-1,-1
138,40,1575,976,251,141,1,-1,-1,-1
138,41,1363,495,232,120,1,-1,-1,-1
138,43,900,480,200,128,1,-1,-1,-1
138,44,704,467,180,120,1,-1,-1,-1
138,45,447,375,168,116,1,-1,-1,-1
138,46,672,323,188,104,1,-1,-1,-1
139,29,1741,491,212,144,1,-1,-1,-1
139,30,1382,594,220,128,1,-1,-1,-1
139,31,855,370,208,104,1,-1,-1,-1
139,32,1628,643,270,175,1,-1,-1,-1
139,33,960,602,225,126,1,-1,-1,-1
139,34,1494,713,272,136,1,-1,-1,-1
139,35,1127,372,212,136,1,-1,-1,-1
139,40,1577,976,251,141,1,-1,-1,-1
139,41,1362,495,232,120,1,-1,-1,-1
139,43,899,480,200,128,1,-1,-1,-1
139,44,704,467,180,120,1,-1,-1,-1
139,45,447,375,168,116,1,-1,-1,-1
139,46,672,323,188,104,1,-1,-1,-1
140,29,1738,491,212,144,1,-1,-1,-1
140,30,1381,593,220,128,1,-1,-1,-1
140,31,859,372,198,99,1,-1,-1,-1
140,32,1626,643,270,175,1,-1,-1,-1
140,33,961,601,225,126,1,-1,-1,-1
140,34,1495,712,272,136,1,-1,-1,-1
140,35,1125,369,212,136,1,-1,-1,-1
140,40,1576,974,251,141,1,-1,-1,-1
140,41,1361,494,232,120,1,-1,-1,-1
140,43,899,480,200,128,1,-1,-1,-1
140,44,704,467,180,120,1,-1,-1,-1
140,45,447,375,168,116,1,-1,-1,-1
140,46,671,323,188,104,1,-1,-1,-1
141,29,1738,491,212,144,1,-1,-1,-1
141,30,1379,591,220,128,1,-1,-1,-1
141,31,858,371,198,99,1,-1,-1,-1
141,32,1625,642,270,175,1,-1,-1,-1
141,33,966,603,214,120,1,-1,-1,-1
141,34,1493,712,272,136,1,-1,-1,-1
141,35,1124,367,212,136,1,-1,-1,-1
141,40,1574,975,251,141,1,-1,-1,-1
141,41,1360,494,232,120,1,-1,-1,-1
141,43,899,479,200,128,1,-1,-1,-1
141,44,703,467,180,120,1,-1,-1,-1
141,45,447,375,168,116,1,-1,-1,-1
141,46,671,322,188,104,1,-1,-1,-1
142,29,1738,491,212,144,1,-1,-1,-1
142,30,1377,589,220,128,1,-1,-1,-1
142,31,858,370,198,99,1,-1,-1,-1
142,32,1624,642,270,175,1,-1,-1,-1
142,33,965,603,214,120,1,-1,-1,-1
142,34,1498,715,259,130,1,-1,-1,-1
142,35,1124,365,212,136,1,-1,-1,-1
142,40,1574,973,251,141,1,-1,-1,-1
142,41,1360,494,232,120,1,-1,-1,-1
142,43,900,480,200,128,1,-1,-1,-1
142,44,703,468,180,120,1,-1,-1,-1
142,45,447,375,168,116,1,-1,-1,-1
142,46,671,322,188,104,1,-1,-1,-1
143,29,1738,492,212,144,1,-1,-1,-1
143,30,1377,588,220,128,1,-1,-1,-1
143,31,857,369,198,99,1,-1,-1,-1
143,32,1624,642,270,175,1,-1,-1,-1
143,33,965,603,214,120,1,-1,-1,-1
143,34,1498,714,259,130,1,-1,-1,-1
143,35,1123,364,212,136,1,-1,-1,-1
143,40,1572,972,251,141,1,-1,-1,-1
143,41,1360,494,232,120,1,-1,-1,-1
143,43,900,480,200,128,1,-1,-1,-1
143,44,702,468,180,120,1,-1,-1,-1
143,45,447,375,168,116,1,-1,-1,-1
143,46,671,322,188,104,1,-1,-1,-1
144,29,1737,491,212,144,1,-1,-1,-1
144,30,1376,587,220,128,1,-1,-1,-1
144,31,857,368,198,99,1,-1,-1,-1
144,32,1622,641,270,175,1,-1,-1,-1
144,33,965,602,214,120,1,-1,-1,-1
144,34,1497,715,259,130,1,-1,-1,-1
144,35,1124,362,212,136,1,-1,-1,-1
144,41,1360,494,232,120,1,-1,-1,-1
144,43,900,480,200,128,1,-1,-1,-1
144,44,702,467,180,120,1,-1,-1,-1
144,45,447,375,168,116,1,-1,-1,-1
144,46,671,321,188,104,1,-1,-1,-1
145,29,1740,488,208,144,1,-1,-1,-1
145,30,1372,560,220,152,1,-1,-1,-1
145,31,857,368,198,99,1,-1,-1,-1
145,32,1622,641,270,175,1,-1,-1,-1
145,33,940,564,252,144,1,-1,-1,-1
145,34,1497,715,259,130,1,-1,-1,-1
145,35,1128,364,204,112,1,-1,-1,-1
145,41,1360,496,240,104,1,-1,-1,-1
145,43,900,480,200,128,1,-1,-1,-1
145,44,702,467,180,120,1,-1,-1,-1
145,45,447,375,168,116,1,-1,-1,-1
145,46,671,321,188,104,1,-1,-1,-1
146,29,1738,487,208,144,1,-1,-1,-1
146,30,1371,559,220,152,1,-1,-1,-1
146,31,854,364,198,99,1,-1,-1,-1
146,32,1621,644,270,175,1,-1,-1,-1
146,33,939,564,252,144,1,-1,-1,-1
146,34,1496,716,259,130,1,-1,-1,-1
146,35,1128,364,204,112,1,-1,-1,-1
146,41,1359,496,240,104,1,-1,-1,-1
146,43,905,485,190,122,1,-1,-1,-1
146,44,703,468,180,120,1,-1,-1,-1
146,45,448,376,168,116,1,-1,-1,-1
146,46,670,319,188,104,1,-1,-1,-1
147,29,1736,486,208,144,1,-1,-1,-1
147,30,1370,558,220,152,1,-1,-1,-1
147,31,852,362,198,99,1,-1,-1,-1
147,32,1622,644,270,175,1,-1,-1,-1
147,33,937,564,252,144,1,-1,-1,-1
147,35,1127,363,204,112,1,-1,-1,-1
147,41,1359,496,240,104,1,-1,-1,-1
147,43,905,485,190,122,1,-1,-1,-1
147,44,704,468,180,120,1,-1,-1,-1
147,45,448,377,168,116,1,-1,-1,-1
147,46,670,319,188,104,1,-1,-1,-1
148,29,1735,486,208,144,1,-1,-1,-1
148,30,1369,559,220,152,1,-1,-1,-1
148,31,851,361,198,99,1,-1,-1,-1
148,32,1622,645,270,175,1,-1,-1,-1
148,33,934,565,252,144,1,-1,-1,-1
148,35,1126,362,204,112,1,-1,-1,-1
148,41,1358,496,240,104,1,-1,-1,-1
148,43,898,482,200,128,1,-1,-1,-1
148,44,704,468,180,120,1,-1,-1,-1
148,45,448,378,168,116,1,-1,-1,-1
148,46,670,320,188,104,1,-1,-1,-1
149,29,1735,487,208,144,1,-1,-1,-1
149,30,1368,559,220,152,1,-1,-1,-1
149,31,850,361,198,99,1,-1,-1,-1
149,32,1622,646,270,175,1,-1,-1,-1
149,33,934,565,252,144,1,-1,-1,-1
149,35,1126,362,204,112,1,-1,-1,-1
149,41,1358,496,240,104,1,-1,-1,-1
149,43,898,483,200,128,1,-1,-1,-1
149,44,705,468,180,120,1,-1,-1,-1
149,45,448,378,168,116,1,-1,-1,-1
149,46,670,320,188,104,1,-1,-1,-1
150,29,1733,487,208,144,1,-1,-1,-1
150,30,1368,559,220,152,1,-1,-1,-1
150,31,849,360,198,99,1,-1,-1,-1
150,32,1614,641,284,184,1,-1,-1,-1
150,33,939,569,240,137,1,-1,-1,-1
150,35,1125,362,204,112,1,-1,-1,-1
150,41,1358,497,240,104,1,-1,-1,-1
150,43,897,483,200,128,1,-1,-1,-1
150,44,704,469,180,120,1,-1,-1,-1
150,45,448,378,168,116,1,-1,-1,-1
150,46,671,320,188,104,1,-1,-1,-1
151,29,1733,488,208,144,1,-1,-1,-1
151,30,1366,559,220,152,1,-1,-1,-1
151,31,848,360,198,99,1,-1,-1,-1
151,32,1612,641,284,184,1,-1,-1,-1
151,33,938,568,240,137,1,-1,-1,-1
151,35,1125,361,204,112,1,-1,-1,-1
151,41,1357,498,240,104,1,-1,-1,-1
151,43,897,484,200,128,1,-1,-1,-1
151,44,703,470,180,120,1,-1,-1,-1
151,45,448,379,168,116,1,-1,-1,-1
151,46,671,320,188,104,1,-1,-1,-1
152,29,1733,491,208,144,1,-1,-1,-1
152,30,1366,561,220,152,1,-1,-1,-1
152,32,1608,640,284,184,1,-1,-1,-1
152,33,936,568,240,137,1,-1,-1,-1
152,35,1124,362,204,112,1,-1,-1,-1
152,41,1358,499,240,104,1,-1,-1,-1
152,43,897,485,200,128,1,-1,-1,-1
152,44,702,471,180,120,1,-1,-1,-1
152,45,448,379,168,116,1,-1,-1,-1
152,46,676,324,179,99,1,-1,-1,-1
153,29,1728,488,216,148,1,-1,-1,-1
153,30,1372,588,224,124,1,-1,-1,-1
153,32,1612,632,272,144,1,-1,-1,-1
153,33,936,568,240,137,1,-1,-1,-1
153,35,1124,356,200,128,1,-1,-1,-1
153,41,1364,500,232,100,1,-1,-1,-1
153,43,897,485,200,128,1,-1,-1,-1
153,44,702,471,180,120,1,-1,-1,-1
153,45,448,388,168,120,1,-1,-1,-1
153,46,680,332,172,112,1,-1,-1,-1
153,47,1720,944,268,176,1,-1,-1,-1
153,48,812,356,216,120,1,-1,-1,-1
153,49,1472,708,284,172,1,-1,-1,-1
154,29,1725,488,216,148,1,-1,-1,-1
154,30,1370,589,224,124,1,-1,-1,-1
154,32,1609,632,272,144,1,-1,-1,-1
154,35,1122,357,200,128,1,-1,-1,-1
154,41,1363,501,232,100,1,-1,-1,-1
154,45,446,388,168,120,1,-1,-1,-1
154,46,679,333,172,112,1,-1,-1,-1
154,47,1716,944,268,176,1,-1,-1,-1
154,48,810,356,216,120,1,-1,-1,-1
154,49,1469,707,284,172,1,-1,-1,-1
155,29,1725,489,216,148,1,-1,-1,-1
155,30,1370,589,224,124,1,-1,-1,-1
155,32,1609,633,272,144,1,-1,-1,-1
155,35,1122,357,200,128,1,-1,-1,-1
155,41,1362,501,232,100,1,-1,-1,-1
155,45,447,389,168,120,1,-1,-1,-1
155,46,679,334,172,112,1,-1,-1,-1
155,47,1716,945,268,176,1,-1,-1,-1
155,48,810,356,216,120,1,-1,-1,-1
155,49,1469,708,284,172,1,-1,-1,-1
156,29,1721,490,216,148,1,-1,-1,-1
156,30,1368,592,224,124,1,-1,-1,-1
156,32,1605,634,272,144,1,-1,-1,-1
156,35,1120,358,200,128,1,-1,-1,-1
156,41,1360,502,232,100,1,-1,-1,-1
156,45,444,390,168,120,1,-1,-1,-1
156,46,677,334,172,112,1,-1,-1,-1
156,47,1712,947,268,176,1,-1,-1,-1
156,48,808,357,216,120,1,-1,-1,-1
156,49,1465,710,284,172,1,-1,-1,-1
157,29,1718,491,216,148,1,-1,-1,-1
157,30,1365,593,224,124,1,-1,-1,-1
157,32,1602,636,272,144,1,-1,-1,-1
157,35,1119,359,200,128,1,-1,-1,-1
157,41,1359,504,232,100,1,-1,-1,-1
157,45,441,391,168,120,1,-1,-1,-1
157,46,674,336,172,112,1,-1,-1,-1
157,47,1710,949,268,176,1,-1,-1,-1
157,48,806,358,216,120,1,-1,-1,-1
157,49,1463,711,284,172,1,-1,-1,-1
158,29,1717,493,216,148,1,-1,-1,-1
158,30,1362,595,224,124,1,-1,-1,-1
158,32,1598,637,272,144,1,-1,-1,-1
158,35,1117,361,200,128,1,-1,-1,-1
158,41,1357,506,232,100,1,-1,-1,-1
158,45,439,392,168,120,1,-1,-1,-1
158,46,674,337,172,112,1,-1,-1,-1
158,47,1708,952,268,176,1,-1,-1,-1
158,48,804,359,216,120,1,-1,-1,-1
158,49,1469,717,270,164,1,-1,-1,-1
159,29,1715,493,216,148,1,-1,-1,-1
159,30,1360,596,224,124,1,-1,-1,-1
159,32,1594,637,272,144,1,-1,-1,-1
159,35,1116,363,200,128,1,-1,-1,-1
159,41,1356,507,232,100,1,-1,-1,-1
159,45,437,393,168,120,1,-1,-1,-1
159,46,672,338,172,112,1,-1,-1,-1
159,47,1706,956,268,176,1,-1,-1,-1
159,48,802,361,216,120,1,-1,-1,-1
159,49,1466,720,270,164,1,-1,-1,-1
160,29,1715,495,216,148,1,-1,-1,-1
160,30,1357,597,224,124,1,-1,-1,-1
160,32,1592,638,272,144,1,-1,-1,-1
160,35,1117,364,200,128,1,-1,-1,-1
160,41,1356,508,232,100,1,-1,-1,-1
160,45,437,394,168,120,1,-1,-1,-1
160,46,675,342,164,107,1,-1,-1,-1
160,47,1703,959,268,176,1,-1,-1,-1
160,48,806,366,206,114,1,-1,-1,-1
160,49,1463,721,270,164,1,-1,-1,-1
161,29,1715,495,216,148,1,-1,-1,-1
161,30,1364,600,196,124,1,-1,-1,-1
161,32,1608,640,252,144,1,-1,-1,-1
161,35,1112,368,200,140,1,-1,-1,-1
161,41,1360,512,236,96,1,-1,-1,-1
161,45,437,394,168,120,1,-1,-1,-1
161,46,675,342,164,107,1,-1,-1,-1
161,47,1708,956,268,180,1,-1,-1,-1
161,48,806,366,206,114,1,-1,-1,-1
161,49,1463,721,270,164,1,-1,-1,-1
161,50,1512,972,284,176,1,-1,-1,-1
162,29,1716,498,216,148,1,-1,-1,-1
162,30,1362,602,196,124,1,-1,-1,-1
162,32,1606,640,252,144,1,-1,-1,-1
162,35,1111,370,200,140,1,-1,-1,-1
162,41,1359,513,236,96,1,-1,-1,-1
162,45,437,396,168,120,1,-1,-1,-1
162,46,674,345,164,107,1,-1,-1,-1
162,47,1705,958,268,180,1,-1,-1,-1
162,48,806,368,206,114,1,-1,-1,-1
162,49,1462,723,270,164,1,-1,-1,-1
162,50,1508,974,284,176,1,-1,-1,-1
163,29,1717,502,216,148,1,-1,-1,-1
163,30,1361,604,196,124,1,-1,-1,-1
163,32,1604,643,252,144,1,-1,-1,-1
163,35,1110,374,200,140,1,-1,-1,-1
163,41,1359,515,236,96,1,-1,-1,-1
163,45,438,399,168,120,1,-1,-1,-1
163,46,674,347,164,107,1,-1,-1,-1
163,47,1701,962,268,180,1,-1,-1,-1
163,48,805,370,206,114,1,-1,-1,-1
163,49,1464,729,270,164,1,-1,-1,-1
163,50,1504,976,284,176,1,-1,-1,-1
164,29,1714,506,216,148,1,-1,-1,-1
164,30,1359,608,196,124,1,-1,-1,-1
164,32,1608,650,240,137,1,-1,-1,-1
164,35,1110,377,200,140,1,-1,-1,-1
164,41,1359,518,236,96,1,-1,-1,-1
164,45,440,401,168,120,1,-1,-1,-1
164,46,675,350,164,107,1,-1,-1,-1
164,47,1695,965,268,180,1,-1,-1,-1
164,48,806,373,206,114,1,-1,-1,-1
164,49,1468,736,258,156,1,-1,-1,-1
164,50,1498,980,284,176,1,-1,-1,-1
165,29,1718,515,206,141,1,-1,-1,-1
165,30,1357,613,196,124,1,-1,-1,-1
165,32,1606,654,240,137,1,-1,-1,-1
165,35,1109,382,200,140,1,-1,-1,-1
165,41,1359,521,236,96,1,-1,-1,-1
165,46,674,353,164,107,1,-1,-1,-1
165,47,1692,971,268,180,1,-1,-1,-1
165,48,800,374,216,120,1,-1,-1,-1
165,50,1493,984,284,176,1,-1,-1,-1
166,30,1357,620,196,124,1,-1,-1,-1
166,32,1603,659,240,137,1,-1,-1,-1
166,35,1108,387,200,140,1,-1,-1,-1
166,41,1360,527,236,96,1,-1,-1,-1
166,46,673,356,164,107,1,-1,-1,-1
166,47,1695,980,255,171,1,-1,-1,-1
166,48,800,378,216,120,1,-1,-1,-1
166,50,1489,989,284,176,1,-1,-1,-1
167,30,1357,620,196,124,1,-1,-1,-1
167,32,1602,660,240,137,1,-1,-1,-1
167,35,1109,389,200,140,1,-1,-1,-1
167,41,1361,529,236,96,1,-1,-1,-1
167,46,672,357,164,107,1,-1,-1,-1
167,47,1689,977,268,180,1,-1,-1,-1
167,48,802,379,216,120,1,-1,-1,-1
167,50,1488,989,284,176,1,-1,-1,-1
168,30,1356,626,196,124,1,-1,-1,-1
168,32,1601,663,240,137,1,-1,-1,-1
168,35,1104,389,210,147,1,-1,-1,-1
168,41,1362,533,236,96,1,-1,-1,-1
168,46,670,361,164,107,1,-1,-1,-1
168,47,1688,980,268,180,1,-1,-1,-1
168,48,801,383,216,120,1,-1,-1,-1
168,50,1494,997,270,168,1,-1,-1,-1
169,30,1356,626,196,124,1,-1,-1,-1
169,32,1601,663,240,137,1,-1,-1,-1
169,35,1104,389,210,147,1,-1,-1,-1
169,41,1362,533,236,96,1,-1,-1,-1
169,46,670,361,164,107,1,-1,-1,-1
169,47,1688,980,268,180,1,-1,-1,-1
169,48,801,383,216,120,1,-1,-1,-1
169,50,1494,997,270,168,1,-1,-1,-1
169,51,1124,1120,384,164,1,-1,-1,-1
169,52,1308,1052,96,176,1,-1,-1,-1
170,30,1355,640,196,124,1,-1,-1,-1
170,32,1597,673,240,137,1,-1,-1,-1
170,35,1105,404,210,147,1,-1,-1,-1
170,41,1359,542,236,96,1,-1,-1,-1
170,51,1122,1122,384,164,1,-1,-1,-1
170,52,1306,1056,96,176,1,-1,-1,-1
171,30,1354,644,196,124,1,-1,-1,-1
171,32,1597,679,229,131,1,-1,-1,-1
171,35,1106,408,210,147,1,-1,-1,-1
171,41,1357,547,236,96,1,-1,-1,-1
171,51,1117,1124,384,164,1,-1,-1,-1
171,52,1305,1062,96,176,1,-1,-1,-1
172,30,1351,650,196,124,1,-1,-1,-1
172,32,1594,683,229,131,1,-1,-1,-1
172,35,1106,412,210,147,1,-1,-1,-1
172,41,1357,552,236,96,1,-1,-1,-1
172,51,1114,1129,384,164,1,-1,-1,-1
172,52,1305,1070,91,168,1,-1,-1,-1
173,30,1351,651,196,124,1,-1,-1,-1
173,32,1592,685,229,131,1,-1,-1,-1
173,35,1105,413,210,147,1,-1,-1,-1
173,41,1357,553,236,96,1,-1,-1,-1
173,51,1114,1132,384,164,1,-1,-1,-1
173,52,1305,1071,91,168,1,-1,-1,-1
174,30,1349,655,196,124,1,-1,-1,-1
174,32,1590,688,229,131,1,-1,-1,-1
174,35,1105,419,210,147,1,-1,-1,-1
174,41,1356,557,236,96,1,-1,-1,-1
174,51,1112,1135,384,164,1,-1,-1,-1
174,52,1304,1076,91,168,1,-1,-1,-1
175,30,1347,661,196,124,1,-1,-1,-1
175,32,1587,691,229,131,1,-1,-1,-1
175,35,1106,421,210,147,1,-1,-1,-1
175,41,1356,561,236,96,1,-1,-1,-1
175,51,1113,1142,384,164,1,-1,-1,-1
175,52,1305,1085,87,160,1,-1,-1,-1
176,30,1345,666,196,124,1,-1,-1,-1
176,32,1580,694,240,137,1,-1,-1,-1
176,41,1355,565,236,96,1,-1,-1,-1
176,52,1304,1092,87,160,1,-1,-1,-1
177,30,1345,666,196,124,1,-1,-1,-1
177,32,1580,694,240,137,1,-1,-1,-1
177,41,1364,568,208,108,1,-1,-1,-1
177,52,1304,1092,87,160,1,-1,-1,-1
177,53,1484,1028,268,144,1,-1,-1,-1
178,41,1363,570,208,108,1,-1,-1,-1
178,52,1303,1104,87,160,1,-1,-1,-1
178,53,1481,1031,268,144,1,-1,-1,-1
179,41,1363,571,208,108,1,-1,-1,-1
179,52,1302,1103,87,160,1,-1,-1,-1
179,53,1481,1032,268,144,1,-1,-1,-1
180,41,1362,573,208,108,1,-1,-1,-1
180,52,1302,1106,87,160,1,-1,-1,-1
180,53,1479,1035,268,144,1,-1,-1,-1
181,41,1361,576,208,108,1,-1,-1,-1
181,52,1300,1106,91,168,1,-1,-1,-1
181,53,1478,1038,268,144,1,-1,-1,-1
182,41,1361,578,208,108,1,-1,-1,-1
182,52,1299,1110,91,168,1,-1,-1,-1
182,53,1477,1043,268,144,1,-1,-1,-1
183,41,1361,581,208,108,1,-1,-1,-1
183,52,1298,1115,91,168,1,-1,-1,-1
183,53,1477,1046,268,144,1,-1,-1,-1
184,41,1360,584,208,108,1,-1,-1,-1
184,52,1297,1118,91,168,1,-1,-1,-1
184,53,1476,1050,268,144,1,-1,-1,-1
185,41,1368,592,200,116,1,-1,-1,-1
185,52,1297,1118,91,168,1,-1,-1,-1
185,53,1476,1050,268,144,1,-1,-1,-1
185,54,1572,732,240,172,1,-1,-1,-1
185,55,1708,588,192,108,1,-1,-1,-1
185,56,0,240,72,100,1,-1,-1,-1
185,57,444,448,148,108,1,-1,-1,-1
185,58,644,404,180,96,1,-1,-1,-1
186,41,1366,593,200,116,1,-1,-1,-1
186,52,1296,1121,91,168,1,-1,-1,-1
186,53,1473,1054,268,144,1,-1,-1,-1
186,54,1570,734,240,172,1,-1,-1,-1
186,55,1707,590,192,108,1,-1,-1,-1
186,56,0,242,72,100,1,-1,-1,-1
186,57,443,449,148,108,1,-1,-1,-1
186,58,643,405,180,96,1,-1,-1,-1
187,41,1366,595,200,116,1,-1,-1,-1
187,52,1296,1124,91,168,1,-1,-1,-1
187,53,1472,1057,268,144,1,-1,-1,-1
187,54,1568,737,240,172,1,-1,-1,-1
187,55,1706,593,192,108,1,-1,-1,-1
187,56,0,245,72,100,1,-1,-1,-1
187,57,443,451,148,108,1,-1,-1,-1
187,58,642,408,180,96,1,-1,-1,-1
188,41,1365,597,200,116,1,-1,-1,-1
188,52,1295,1126,91,168,1,-1,-1,-1
188,53,1470,1059,268,144,1,-1,-1,-1
188,54,1565,739,240,172,1,-1,-1,-1
188,55,1703,596,192,108,1,-1,-1,-1
188,56,0,248,72,100,1,-1,-1,-1
188,57,442,452,148,108,1,-1,-1,-1
188,58,641,410,180,96,1,-1,-1,-1
189,41,1364,598,200,116,1,-1,-1,-1
189,52,1296,1127,91,168,1,-1,-1,-1
189,53,1469,1061,268,144,1,-1,-1,-1
189,54,1564,740,240,172,1,-1,-1,-1
189,55,1697,595,202,113,1,-1,-1,-1
189,56,0,250,72,100,1,-1,-1,-1
189,57,441,454,148,108,1,-1,-1,-1
189,58,640,412,180,96,1,-1,-1,-1
190,41,1363,598,200,116,1,-1,-1,-1
190,52,1296,1128,91,168,1,-1,-1,-1
190,53,1467,1062,268,144,1,-1,-1,-1
190,54,1563,741,240,172,1,-1,-1,-1
190,55,1696,596,202,113,1,-1,-1,-1
190,56,0,251,72,100,1,-1,-1,-1
190,57,441,455,148,108,1,-1,-1,-1
190,58,639,414,180,96,1,-1,-1,-1
191,41,1362,597,200,116,1,-1,-1,-1
191,52,1296,1127,91,168,1,-1,-1,-1
191,53,1466,1062,268,144,1,-1,-1,-1
191,54,1567,746,229,164,1,-1,-1,-1
191,55,1695,596,202,113,1,-1,-1,-1
191,56,1,252,72,100,1,-1,-1,-1
191,57,441,455,148,108,1,-1,-1,-1
191,58,640,415,180,96,1,-1,-1,-1
192,41,1361,597,200,116,1,-1,-1,-1
192,52,1297,1126,91,168,1,-1,-1,-1
192,53,1465,1061,268,144,1,-1,-1,-1
192,54,1566,746,229,164,1,-1,-1,-1
192,55,1695,597,202,113,1,-1,-1,-1
192,56,2,253,72,100,1,-1,-1,-1
192,57,441,455,148,108,1,-1,-1,-1
192,58,640,415,180,96,1,-1,-1,-1
193,41,1361,597,200,116,1,-1,-1,-1
193,52,1297,1126,91,168,1,-1,-1,-1
193,53,1465,1061,268,144,1,-1,-1,-1
193,54,1566,746,229,164,1,-1,-1,-1
193,55,1684,600,208,140,1,-1,-1,-1
193,56,2,253,72,100,1,-1,-1,-1
193,57,441,455,148,108,1,-1,-1,-1
193,58,640,415,180,96,1,-1,-1,-1
193,59,1104,472,220,132,1,-1,-1,-1
194,41,1360,595,200,116,1,-1,-1,-1
194,52,1297,1124,91,168,1,-1,-1,-1
194,53,1464,1060,268,144,1,-1,-1,-1
194,54,1563,746,229,164,1,-1,-1,-1
194,55,1684,599,208,140,1,-1,-1,-1
194,56,3,255,72,100,1,-1,-1,-1
194,57,441,453,148,108,1,-1,-1,-1
194,58,641,415,180,96,1,-1,-1,-1
194,59,1103,471,220,132,1,-1,-1,-1
195,41,1358,594,200,116,1,-1,-1,-1
195,52,1297,1121,91,168,1,-1,-1,-1
195,53,1464,1059,268,144,1,-1,-1,-1
195,54,1562,744,229,164,1,-1,-1,-1
195,55,1681,597,208,140,1,-1,-1,-1
195,56,3,255,72,100,1,-1,-1,-1
195,57,440,452,148,108,1,-1,-1,-1
195,58,641,414,180,96,1,-1,-1,-1
195,59,1101,468,220,132,1,-1,-1,-1
196,41,1358,591,200,116,1,-1,-1,-1
196,52,1298,1118,91,168,1,-1,-1,-1
196,53,1463,1057,268,144,1,-1,-1,-1
196,54,1560,742,229,164,1,-1,-1,-1
196,55,1674,591,218,147,1,-1,-1,-1
196,56,4,256,72,100,1,-1,-1,-1
196,57,438,451,148,108,1,-1,-1,-1
196,58,641,413,180,96,1,-1,-1,-1
196,59,1098,466,220,132,1,-1,-1,-1
197,41,1358,590,200,116,1,-1,-1,-1
197,52,1298,1117,91,168,1,-1,-1,-1
197,53,1462,1057,268,144,1,-1,-1,-1
197,54,1558,742,229,164,1,-1,-1,-1
197,55,1677,594,208,140,1,-1,-1,-1
197,56,4,256,72,100,1,-1,-1,-1
197,57,438,451,148,108,1,-1,-1,-1
197,58,641,412,180,96,1,-1,-1,-1
197,59,1098,466,220,132,1,-1,-1,-1
198,41,1356,588,200,116,1,-1,-1,-1
198,52,1298,1115,91,168,1,-1,-1,-1
198,53,1461,1055,268,144,1,-1,-1,-1
198,54,1557,739,229,164,1,-1,-1,-1
198,55,1676,592,208,140,1,-1,-1,-1
198,56,4,256,72,100,1,-1,-1,-1
198,57,438,450,148,108,1,-1,-1,-1
198,58,640,411,180,96,1,-1,-1,-1
198,59,1099,463,220,132,1,-1,-1,-1
199,41,1355,586,200,116,1,-1,-1,-1
199,52,1297,1112,91,168,1,-1,-1,-1
199,53,1467,1058,255,137,1,-1,-1,-1
199,54,1555,737,229,164,1,-1,-1,-1
199,55,1674,590,208,140,1,-1,-1,-1
199,56,4,255,72,100,1,-1,-1,-1
199,57,438,448,148,108,1,-1,-1,-1
199,58,639,410,180,96,1,-1,-1,-1
199,59,1099,461,220,132,1,-1,-1,-1
200,41,1353,583,200,116,1,-1,-1,-1
200,52,1297,1110,91,168,1,-1,-1,-1
200,54,1553,733,229,164,1,-1,-1,-1
200,55,1674,587,208,140,1,-1,-1,-1
200,56,4,255,72,100,1,-1,-1,-1
200,57,437,446,148,108,1,-1,-1,-1
200,58,638,407,180,96,1,-1,-1,-1
200,59,1100,459,220,132,1,-1,-1,-1
201,41,1353,583,200,116,1,-1,-1,-1
201,52,1297,1110,91,168,1,-1,-1,-1
201,54,1520,724,272,184,1,-1,-1,-1
201,55,1674,587,208,140,1,-1,-1,-1
201,56,4,255,72,100,1,-1,-1,-1
201,57,437,446,148,108,1,-1,-1,-1
201,58,638,407,180,96,1,-1,-1,-1
201,59,1100,459,220,132,1,-1,-1,-1
202,41,1350,579,200,116,1,-1,-1,-1
202,54,1519,722,272,184,1,-1,-1,-1
202,55,1674,584,208,140,1,-1,-1,-1
202,56,5,254,72,100,1,-1,-1,-1
202,57,436,443,148,108,1,-1,-1,-1
202,58,641,407,171,91,1,-1,-1,-1
202,59,1101,454,220,132,1,-1,-1,-1
203,41,1350,577,200,116,1,-1,-1,-1
203,54,1518,721,272,184,1,-1,-1,-1
203,55,1674,583,208,140,1,-1,-1,-1
203,56,5,254,72,100,1,-1,-1,-1
203,57,435,443,148,108,1,-1,-1,-1
203,58,640,406,171,91,1,-1,-1,-1
203,59,1101,453,220,132,1,-1,-1,-1
204,41,1349,575,200,116,1,-1,-1,-1
204,54,1516,719,272,184,1,-1,-1,-1
204,55,1679,584,198,133,1,-1,-1,-1
204,57,435,442,148,108,1,-1,-1,-1
204,58,641,405,171,91,1,-1,-1,-1
204,59,1099,450,220,132,1,-1,-1,-1
205,41,1347,572,200,116,1,-1,-1,-1
205,54,1514,718,272,184,1,-1,-1,-1
205,55,1679,581,198,133,1,-1,-1,-1
205,57,434,441,148,108,1,-1,-1,-1
205,58,641,402,171,91,1,-1,-1,-1
205,59,1103,448,210,126,1,-1,-1,-1
206,41,1346,569,200,116,1,-1,-1,-1
206,54,1512,715,272,184,1,-1,-1,-1
206,55,1677,577,198,133,1,-1,-1,-1
206,57,433,439,148,108,1,-1,-1,-1
206,58,640,401,171,91,1,-1,-1,-1
