1,0,396,135,600,153,1,-1,-1,-1
1,1,1263,438,327,270,1,-1,-1,-1
1,2,879,459,204,135,1,-1,-1,-1
1,3,174,921,459,126,1,-1,-1,-1
1,4,1749,324,168,72,1,-1,-1,-1
1,5,1098,3,768,282,1,-1,-1,-1
2,0,387,135,600,153,1,-1,-1,-1
2,1,1245,449,327,270,1,-1,-1,-1
2,2,873,463,204,135,1,-1,-1,-1
2,3,175,919,459,126,1,-1,-1,-1
2,4,1719,327,168,72,1,-1,-1,-1
2,5,1082,1,768,282,1,-1,-1,-1
3,0,361,140,571,146,1,-1,-1,-1
3,1,1227,460,327,270,1,-1,-1,-1
3,2,865,469,204,135,1,-1,-1,-1
3,3,172,916,459,126,1,-1,-1,-1
3,5,1061,2,768,282,1,-1,-1,-1
4,0,331,138,600,153,1,-1,-1,-1
4,1,1211,472,327,270,1,-1,-1,-1
4,2,856,476,204,135,1,-1,-1,-1
4,3,170,912,459,126,1,-1,-1,-1
4,5,1042,4,768,282,1,-1,-1,-1
5,0,289,135,630,161,1,-1,-1,-1
5,1,1191,484,327,270,1,-1,-1,-1
5,2,850,479,204,135,1,-1,-1,-1
6,0,261,135,630,161,1,-1,-1,-1
6,1,1179,494,327,270,1,-1,-1,-1
6,2,843,483,204,135,1,-1,-1,-1
7,0,234,134,662,169,1,-1,-1,-1
7,1,1159,507,327,270,1,-1,-1,-1
7,2,837,487,204,135,1,-1,-1,-1
8,0,203,136,630,161,1,-1,-1,-1
8,1,1145,515,327,270,1,-1,-1,-1
8,2,830,491,204,135,1,-1,-1,-1
9,0,177,138,633,156,1,-1,-1,-1
9,1,1095,531,360,270,1,-1,-1,-1
9,2,825,495,189,135,1,-1,-1,-1
9,6,951,162,573,171,1,-1,-1,-1
9,7,114,891,534,132,1,-1,-1,-1
9,8,1572,177,348,264,1,-1,-1,-1
9,9,1515,66,405,216,1,-1,-1,-1
10,0,164,139,633,156,1,-1,-1,-1
10,1,1084,538,360,270,1,-1,-1,-1
10,2,820,498,189,135,1,-1,-1,-1
10,6,930,163,573,171,1,-1,-1,-1
10,7,117,890,534,132,1,-1,-1,-1
10,8,1553,176,348,264,1,-1,-1,-1
10,9,1497,64,405,216,1,-1,-1,-1
11,0,137,141,633,156,1,-1,-1,-1
11,1,1066,549,360,270,1,-1,-1,-1
11,2,814,501,189,135,1,-1,-1,-1
11,6,909,167,573,171,1,-1,-1,-1
11,7,133,891,509,126,1,-1,-1,-1
11,8,1532,175,348,264,1,-1,-1,-1
11,9,1474,57,405,216,1,-1,-1,-1
12,1,1048,561,360,270,1,-1,-1,-1
12,2,804,500,198,142,1,-1,-1,-1
12,8,1510,175,348,264,1,-1,-1,-1
12,9,1448,50,405,216,1,-1,-1,-1
13,1,1032,573,360,270,1,-1,-1,-1
13,2,796,504,198,142,1,-1,-1,-1
13,8,1487,175,348,264,1,-1,-1,-1
13,9,1424,42,405,216,1,-1,-1,-1
14,1,1016,583,360,270,1,-1,-1,-1
14,2,790,507,198,142,1,-1,-1,-1
14,8,1461,167,348,264,1,-1,-1,-1
14,9,1398,35,405,216,1,-1,-1,-1
15,1,998,593,360,270,1,-1,-1,-1
15,2,780,511,198,142,1,-1,-1,-1
15,9,1385,34,386,206,1,-1,-1,-1
16,1,981,604,360,270,1,-1,-1,-1
16,2,775,515,198,142,1,-1,-1,-1
17,1,924,609,417,291,1,-1,-1,-1
17,2,792,522,168,135,1,-1,-1,-1
17,10,0,150,627,159,1,-1,-1,-1
17,11,1338,15,558,300,1,-1,-1,-1
17,12,828,141,462,228,1,-1,-1,-1
18,1,911,614,417,291,1,-1,-1,-1
18,2,788,523,168,135,1,-1,-1,-1
18,10,0,149,611,159,1,-1,-1,-1
18,11,1325,16,558,300,1,-1,-1,-1
18,12,813,142,462,228,1,-1,-1,-1
19,1,891,621,417,291,1,-1,-1,-1
19,2,778,521,176,142,1,-1,-1,-1
19,10,0,155,604,159,1,-1,-1,-1
19,11,1308,13,558,300,1,-1,-1,-1
19,12,794,138,462,228,1,-1,-1,-1
20,1,875,629,417,291,1,-1,-1,-1
20,2,766,519,185,149,1,-1,-1,-1
20,10,0,157,555,159,1,-1,-1,-1
20,11,1284,9,558,300,1,-1,-1,-1
20,12,769,129,462,228,1,-1,-1,-1
21,1,856,639,417,291,1,-1,-1,-1
21,2,765,527,176,142,1,-1,-1,-1
21,11,1259,7,558,300,1,-1,-1,-1
22,1,836,648,417,291,1,-1,-1,-1
22,2,758,530,176,142,1,-1,-1,-1
22,11,1242,4,558,300,1,-1,-1,-1
23,1,808,648,438,306,1,-1,-1,-1
23,2,752,533,176,142,1,-1,-1,-1
23,11,1227,6,558,300,1,-1,-1,-1
24,2,747,535,176,142,1,-1,-1,-1
25,2,726,540,192,147,1,-1,-1,-1
25,13,1158,3,540,222,1,-1,-1,-1
25,14,669,99,423,204,1,-1,-1,-1
25,15,0,177,447,171,1,-1,-1,-1
25,16,780,657,447,336,1,-1,-1,-1
25,17,1293,369,372,126,1,-1,-1,-1
25,18,345,756,339,186,1,-1,-1,-1
26,2,720,541,192,147,1,-1,-1,-1
26,13,1164,11,514,211,1,-1,-1,-1
26,14,656,97,423,204,1,-1,-1,-1
26,15,0,178,430,171,1,-1,-1,-1
26,16,773,656,447,336,1,-1,-1,-1
26,17,1283,369,372,126,1,-1,-1,-1
26,18,351,753,339,186,1,-1,-1,-1
27,2,716,543,192,147,1,-1,-1,-1
27,13,1142,9,514,211,1,-1,-1,-1
27,14,633,90,423,204,1,-1,-1,-1
27,15,0,183,391,163,1,-1,-1,-1
27,16,765,656,447,336,1,-1,-1,-1
27,17,1262,371,354,120,1,-1,-1,-1
27,18,369,751,339,186,1,-1,-1,-1
28,2,709,543,192,147,1,-1,-1,-1
28,13,1128,8,514,211,1,-1,-1,-1
28,14,625,89,423,204,1,-1,-1,-1
28,16,758,656,447,336,1,-1,-1,-1
28,17,1242,367,372,126,1,-1,-1,-1
28,18,379,747,339,186,1,-1,-1,-1
29,2,708,549,183,140,1,-1,-1,-1
29,17,1217,363,372,126,1,-1,-1,-1
29,18,381,740,356,195,1,-1,-1,-1
30,17,1213,362,372,126,1,-1,-1,-1
30,18,397,737,356,195,1,-1,-1,-1
31,18,408,737,356,195,1,-1,-1,-1
33,19,993,9,537,135,1,-1,-1,-1
33,20,330,705,480,366,1,-1,-1,-1
33,21,471,66,444,156,1,-1,-1,-1
33,22,0,210,240,141,1,-1,-1,-1
33,23,1146,348,342,141,1,-1,-1,-1
33,24,1755,567,165,159,1,-1,-1,-1
33,25,768,594,330,360,1,-1,-1,-1
34,20,336,705,480,366,1,-1,-1,-1
34,22,0,214,221,141,1,-1,-1,-1
34,23,1137,348,342,141,1,-1,-1,-1
34,24,1734,563,165,159,1,-1,-1,-1
34,25,766,587,330,360,1,-1,-1,-1
35,20,333,697,504,383,1,-1,-1,-1
35,23,1109,343,342,141,1,-1,-1,-1
35,24,1704,558,165,159,1,-1,-1,-1
35,25,763,570,330,360,1,-1,-1,-1
36,20,340,696,504,384,1,-1,-1,-1
36,24,1679,552,165,159,1,-1,-1,-1
37,20,347,696,504,384,1,-1,-1,-1
37,24,1657,552,157,151,1,-1,-1,-1
38,20,350,695,504,384,1,-1,-1,-1
39,20,353,692,504,384,1,-1,-1,-1
41,26,831,3,498,165,1,-1,-1,-1
41,27,1572,564,345,138,1,-1,-1,-1
41,28,747,372,219,537,1,-1,-1,-1
41,29,1572,93,348,138,1,-1,-1,-1
41,30,351,705,516,351,1,-1,-1,-1
41,31,1014,300,309,144,1,-1,-1,-1
41,32,1497,0,345,84,1,-1,-1,-1
42,26,816,3,498,165,1,-1,-1,-1
42,27,1547,559,362,145,1,-1,-1,-1
42,28,746,358,219,537,1,-1,-1,-1
42,29,1537,91,348,138,1,-1,-1,-1
42,30,356,702,516,351,1,-1,-1,-1
42,31,999,298,309,144,1,-1,-1,-1
43,29,1505,86,348,138,1,-1,-1,-1
43,30,367,700,516,351,1,-1,-1,-1
43,31,986,295,309,144,1,-1,-1,-1
44,29,1478,84,331,131,1,-1,-1,-1
44,30,384,698,516,351,1,-1,-1,-1
44,31,968,288,309,144,1,-1,-1,-1
45,29,1455,84,316,125,1,-1,-1,-1
45,30,399,700,516,351,1,-1,-1,-1
46,29,1420,81,316,125,1,-1,-1,-1
47,29,1389,78,316,125,1,-1,-1,-1
48,29,1361,74,316,125,1,-1,-1,-1
49,29,1361,74,316,125,1,-1,-1,-1
49,33,1332,60,588,282,1,-1,-1,-1
49,34,1404,534,375,159,1,-1,-1,-1
49,35,489,639,591,429,1,-1,-1,-1
49,36,42,48,561,168,1,-1,-1,-1
50,29,1301,71,316,125,1,-1,-1,-1
50,33,1311,59,588,282,1,-1,-1,-1
50,34,1397,533,375,159,1,-1,-1,-1
50,35,500,640,591,429,1,-1,-1,-1
51,29,1280,73,301,119,1,-1,-1,-1
51,33,1277,58,588,282,1,-1,-1,-1
51,34,1374,526,375,159,1,-1,-1,-1
51,35,511,645,591,429,1,-1,-1,-1
52,29,1252,71,301,119,1,-1,-1,-1
52,33,1253,57,588,282,1,-1,-1,-1
52,34,1352,520,375,159,1,-1,-1,-1
52,35,526,648,591,429,1,-1,-1,-1
53,29,1230,73,286,114,1,-1,-1,-1
53,33,1221,57,588,282,1,-1,-1,-1
53,34,1347,521,357,151,1,-1,-1,-1
53,35,537,651,591,429,1,-1,-1,-1
54,29,1201,72,286,114,1,-1,-1,-1
54,33,1186,56,588,282,1,-1,-1,-1
54,34,1335,517,357,151,1,-1,-1,-1
54,35,551,652,591,428,1,-1,-1,-1
55,29,1175,73,286,114,1,-1,-1,-1
55,33,1162,52,588,282,1,-1,-1,-1
55,35,567,655,591,425,1,-1,-1,-1
56,29,1148,73,286,114,1,-1,-1,-1
56,33,1134,46,617,296,1,-1,-1,-1
56,35,581,658,591,422,1,-1,-1,-1
57,29,1148,73,286,114,1,-1,-1,-1
57,33,1119,54,678,189,1,-1,-1,-1
57,35,597,621,642,423,1,-1,-1,-1
57,37,1281,486,342,150,1,-1,-1,-1
57,38,531,108,537,501,1,-1,-1,-1
58,33,1106,51,678,189,1,-1,-1,-1
58,35,609,621,642,423,1,-1,-1,-1
58,37,1272,484,342,150,1,-1,-1,-1
58,38,533,102,537,501,1,-1,-1,-1
59,33,1083,50,678,189,1,-1,-1,-1
59,35,625,624,642,423,1,-1,-1,-1
59,37,1259,481,342,150,1,-1,-1,-1
59,38,535,92,537,501,1,-1,-1,-1
60,33,1051,45,712,198,1,-1,-1,-1
60,35,643,624,642,423,1,-1,-1,-1
60,37,1243,477,342,150,1,-1,-1,-1
60,38,541,81,537,501,1,-1,-1,-1
61,35,660,625,642,423,1,-1,-1,-1
61,37,1220,469,359,158,1,-1,-1,-1
62,35,683,629,642,423,1,-1,-1,-1
62,37,1213,464,359,158,1,-1,-1,-1
63,35,706,629,642,423,1,-1,-1,-1
65,39,963,48,648,180,1,-1,-1,-1
65,40,1167,444,345,144,1,-1,-1,-1
65,41,384,33,669,306,1,-1,-1,-1
65,42,720,642,732,426,1,-1,-1,-1
65,43,1785,252,135,123,1,-1,-1,-1
66,39,954,48,648,180,1,-1,-1,-1
66,40,1162,441,345,144,1,-1,-1,-1
66,41,376,29,669,306,1,-1,-1,-1
66,42,734,639,732,426,1,-1,-1,-1
66,43,1786,255,134,123,1,-1,-1,-1
67,39,935,47,648,180,1,-1,-1,-1
67,40,1153,440,345,144,1,-1,-1,-1
67,42,751,638,732,426,1,-1,-1,-1
67,43,1790,256,130,123,1,-1,-1,-1
68,40,1142,438,345,144,1,-1,-1,-1
68,42,788,651,697,406,1,-1,-1,-1
69,40,1124,432,362,151,1,-1,-1,-1
69,42,804,649,697,406,1,-1,-1,-1
70,42,823,653,697,406,1,-1,-1,-1
71,42,839,644,732,426,1,-1,-1,-1
72,42,841,634,769,446,1,-1,-1,-1
73,42,879,678,753,396,1,-1,-1,-1
73,44,6,21,906,345,1,-1,-1,-1
73,45,825,51,615,186,1,-1,-1,-1
73,46,1101,417,321,129,1,-1,-1,-1
73,47,1584,21,336,186,1,-1,-1,-1
74,42,900,678,753,396,1,-1,-1,-1
74,44,0,20,904,345,1,-1,-1,-1
74,45,819,50,615,186,1,-1,-1,-1
74,46,1097,416,321,129,1,-1,-1,-1
74,47,1575,21,336,186,1,-1,-1,-1
75,42,925,681,753,396,1,-1,-1,-1
75,45,798,49,615,186,1,-1,-1,-1
75,46,1086,415,321,129,1,-1,-1,-1
75,47,1571,19,336,186,1,-1,-1,-1
76,42,954,684,753,396,1,-1,-1,-1
76,46,1085,415,306,123,1,-1,-1,-1
76,47,1559,22,336,186,1,-1,-1,-1
77,42,977,690,753,390,1,-1,-1,-1
78,42,984,687,791,393,1,-1,-1,-1
79,42,1013,690,791,390,1,-1,-1,-1
80,42,1039,698,791,382,1,-1,-1,-1
81,42,1089,651,708,423,1,-1,-1,-1
81,48,1509,9,411,213,1,-1,-1,-1
81,49,717,63,558,261,1,-1,-1,-1
81,50,24,0,747,366,1,-1,-1,-1
81,51,1020,393,330,135,1,-1,-1,-1
82,42,1100,653,708,423,1,-1,-1,-1
82,48,1502,10,411,213,1,-1,-1,-1
82,49,711,66,558,261,1,-1,-1,-1
82,50,11,1,747,366,1,-1,-1,-1
82,51,1014,392,330,135,1,-1,-1,-1
83,42,1118,654,708,423,1,-1,-1,-1
83,48,1497,10,411,213,1,-1,-1,-1
83,49,701,70,558,261,1,-1,-1,-1
83,50,2,7,747,366,1,-1,-1,-1
83,51,1005,392,330,135,1,-1,-1,-1
84,42,1132,656,708,423,1,-1,-1,-1
84,48,1490,12,411,213,1,-1,-1,-1
84,49,683,75,558,261,1,-1,-1,-1
84,50,13,21,711,349,1,-1,-1,-1
84,51,998,391,330,135,1,-1,-1,-1
85,42,1145,661,708,419,1,-1,-1,-1
85,50,6,30,711,349,1,-1,-1,-1
85,51,993,391,330,135,1,-1,-1,-1
86,42,1173,679,674,401,1,-1,-1,-1
86,51,967,386,330,135,1,-1,-1,-1
87,42,1197,682,674,398,1,-1,-1,-1
87,51,965,386,330,135,1,-1,-1,-1
89,52,612,102,507,297,1,-1,-1,-1
89,53,957,384,303,123,1,-1,-1,-1
89,54,1434,66,432,93,1,-1,-1,-1
89,55,1512,345,276,96,1,-1,-1,-1
89,56,6,15,714,474,1,-1,-1,-1
90,52,603,106,507,297,1,-1,-1,-1
90,53,951,384,303,123,1,-1,-1,-1
90,54,1429,66,432,93,1,-1,-1,-1
90,55,1510,346,276,96,1,-1,-1,-1
90,56,0,18,709,474,1,-1,-1,-1
91,52,593,106,507,297,1,-1,-1,-1
91,53,942,384,303,123,1,-1,-1,-1
91,54,1411,65,454,98,1,-1,-1,-1
91,56,0,19,699,474,1,-1,-1,-1
92,52,574,109,507,297,1,-1,-1,-1
92,53,932,380,303,123,1,-1,-1,-1
92,54,1405,65,454,98,1,-1,-1,-1
92,56,0,24,690,474,1,-1,-1,-1
93,52,564,113,507,297,1,-1,-1,-1
93,53,923,378,303,123,1,-1,-1,-1
93,56,0,30,680,474,1,-1,-1,-1
94,52,539,109,532,312,1,-1,-1,-1
94,53,909,375,303,123,1,-1,-1,-1
94,56,0,42,655,451,1,-1,-1,-1
95,52,527,110,532,312,1,-1,-1,-1
95,53,910,375,303,123,1,-1,-1,-1
96,52,513,113,532,312,1,-1,-1,-1
96,53,892,373,289,117,1,-1,-1,-1
97,52,438,114,567,318,1,-1,-1,-1
97,53,897,372,279,102,1,-1,-1,-1
97,57,1347,57,414,105,1,-1,-1,-1
97,58,1713,171,207,108,1,-1,-1,-1
97,59,0,123,408,405,1,-1,-1,-1
97,60,1446,336,252,84,1,-1,-1,-1
98,52,435,117,567,318,1,-1,-1,-1
98,53,893,371,279,102,1,-1,-1,-1
98,57,1344,57,414,105,1,-1,-1,-1
98,58,1694,168,207,108,1,-1,-1,-1
98,59,0,126,401,405,1,-1,-1,-1
98,60,1440,336,252,84,1,-1,-1,-1
99,52,416,117,567,318,1,-1,-1,-1
99,57,1334,58,414,105,1,-1,-1,-1
99,58,1664,165,207,108,1,-1,-1,-1
99,59,0,132,392,405,1,-1,-1,-1
99,60,1428,336,252,84,1,-1,-1,-1
100,52,408,117,567,318,1,-1,-1,-1
100,57,1326,56,414,105,1,-1,-1,-1
100,58,1640,162,207,108,1,-1,-1,-1
100,59,0,137,379,405,1,-1,-1,-1
101,52,384,108,595,334,1,-1,-1,-1
101,58,1613,159,207,108,1,-1,-1,-1
102,58,1588,158,207,108,1,-1,-1,-1
103,58,1563,156,207,108,1,-1,-1,-1
104,58,1545,156,197,103,1,-1,-1,-1
105,58,1545,156,197,103,1,-1,-1,-1
105,61,315,240,534,201,1,-1,-1,-1
105,62,1518,141,402,171,1,-1,-1,-1
105,63,813,378,285,69,1,-1,-1,-1
105,64,573,3,429,72,1,-1,-1,-1
105,65,1284,60,363,165,1,-1,-1,-1
105,66,321,63,294,114,1,-1,-1,-1
106,61,302,239,534,201,1,-1,-1,-1
106,62,1502,140,402,171,1,-1,-1,-1
106,64,565,3,429,72,1,-1,-1,-1
106,65,1275,59,363,165,1,-1,-1,-1
106,66,315,61,294,114,1,-1,-1,-1
107,61,280,247,509,191,1,-1,-1,-1
107,62,1465,131,422,180,1,-1,-1,-1
107,64,566,4,429,72,1,-1,-1,-1
108,61,258,245,534,201,1,-1,-1,-1
109,61,233,247,534,201,1,-1,-1,-1
110,61,212,248,534,201,1,-1,-1,-1
111,61,175,244,561,211,1,-1,-1,-1
112,61,152,248,561,211,1,-1,-1,-1
113,61,135,273,549,219,1,-1,-1,-1
113,67,1191,33,726,240,1,-1,-1,-1
113,68,726,378,288,75,1,-1,-1,-1
113,69,507,3,363,63,1,-1,-1,-1
114,61,120,273,549,219,1,-1,-1,-1
114,67,1188,32,726,240,1,-1,-1,-1
114,68,711,376,302,79,1,-1,-1,-1
115,61,94,274,549,219,1,-1,-1,-1
115,67,1175,32,726,240,1,-1,-1,-1
115,68,702,376,302,79,1,-1,-1,-1
116,61,82,275,549,219,1,-1,-1,-1
116,68,687,380,288,75,1,-1,-1,-1
117,61,47,277,549,219,1,-1,-1,-1
117,68,690,383,274,71,1,-1,-1,-1
118,61,24,277,576,230,1,-1,-1,-1
119,61,0,277,564,230,1,-1,-1,-1
120,61,0,279,553,230,1,-1,-1,-1
121,61,3,294,519,201,1,-1,-1,-1
121,70,1134,24,783,237,1,-1,-1,-1
121,71,651,384,267,81,1,-1,-1,-1
121,72,1215,366,246,63,1,-1,-1,-1
122,61,0,295,507,201,1,-1,-1,-1
122,70,1127,23,783,237,1,-1,-1,-1
122,71,651,384,267,81,1,-1,-1,-1
122,72,1209,366,246,63,1,-1,-1,-1
123,61,0,302,479,191,1,-1,-1,-1
123,70,1110,23,783,237,1,-1,-1,-1
123,71,638,386,254,77,1,-1,-1,-1
124,61,0,303,452,191,1,-1,-1,-1
125,61,0,309,437,191,1,-1,-1,-1
126,61,0,310,424,191,1,-1,-1,-1
129,73,0,318,378,201,1,-1,-1,-1
129,74,522,903,438,174,1,-1,-1,-1
129,75,1020,51,618,210,1,-1,-1,-1
129,76,576,399,255,84,1,-1,-1,-1
129,77,1629,171,291,129,1,-1,-1,-1
130,73,0,321,368,201,1,-1,-1,-1
130,74,522,901,438,174,1,-1,-1,-1
130,75,1007,49,618,210,1,-1,-1,-1
130,76,567,399,255,84,1,-1,-1,-1
130,77,1617,171,291,129,1,-1,-1,-1
131,73,0,323,353,201,1,-1,-1,-1
131,74,527,897,438,174,1,-1,-1,-1
131,75,995,50,618,210,1,-1,-1,-1
131,76,552,397,268,88,1,-1,-1,-1
131,77,1604,172,291,129,1,-1,-1,-1
132,73,0,327,330,191,1,-1,-1,-1
132,75,973,56,618,210,1,-1,-1,-1
132,77,1593,172,291,129,1,-1,-1,-1
133,75,970,64,618,210,1,-1,-1,-1
133,77,1578,169,306,135,1,-1,-1,-1
137,78,912,36,570,246,1,-1,-1,-1
137,79,0,312,273,141,1,-1,-1,-1
137,80,1515,171,405,96,1,-1,-1,-1
137,81,507,387,255,96,1,-1,-1,-1
138,78,910,38,570,246,1,-1,-1,-1
138,79,0,312,271,141,1,-1,-1,-1
138,80,1514,172,405,96,1,-1,-1,-1
138,81,507,387,255,96,1,-1,-1,-1
139,78,900,42,570,246,1,-1,-1,-1
139,79,2,314,260,134,1,-1,-1,-1
139,80,1503,172,417,101,1,-1,-1,-1
139,81,507,388,255,96,1,-1,-1,-1
140,78,892,46,570,246,1,-1,-1,-1
140,79,0,314,254,134,1,-1,-1,-1
140,81,498,385,268,101,1,-1,-1,-1
141,78,892,51,570,246,1,-1,-1,-1
141,79,0,313,247,134,1,-1,-1,-1
141,81,489,380,281,106,1,-1,-1,-1
142,79,0,316,238,128,1,-1,-1,-1
142,81,482,377,281,106,1,-1,-1,-1
143,79,0,319,227,122,1,-1,-1,-1
143,81,481,377,281,106,1,-1,-1,-1
144,79,0,318,222,122,1,-1,-1,-1
144,81,478,375,281,106,1,-1,-1,-1
145,79,0,324,222,96,1,-1,-1,-1
145,81,510,378,228,117,1,-1,-1,-1
145,82,792,888,357,189,1,-1,-1,-1
145,83,852,156,534,165,1,-1,-1,-1
145,84,1479,198,399,147,1,-1,-1,-1
145,85,924,51,345,99,1,-1,-1,-1
146,79,1,324,222,96,1,-1,-1,-1
146,81,511,378,228,117,1,-1,-1,-1
146,82,802,888,357,189,1,-1,-1,-1
146,83,847,157,534,165,1,-1,-1,-1
146,84,1474,201,399,147,1,-1,-1,-1
146,85,924,52,345,99,1,-1,-1,-1
147,81,509,376,228,117,1,-1,-1,-1
147,82,814,888,357,189,1,-1,-1,-1
147,83,849,159,534,165,1,-1,-1,-1
147,84,1470,203,399,147,1,-1,-1,-1
147,85,923,52,345,99,1,-1,-1,-1
148,81,507,374,228,117,1,-1,-1,-1
148,82,814,885,375,195,1,-1,-1,-1
148,83,833,157,534,165,1,-1,-1,-1
148,84,1465,206,399,147,1,-1,-1,-1
148,85,929,54,329,94,1,-1,-1,-1
149,81,511,373,217,111,1,-1,-1,-1
149,82,815,880,394,200,1,-1,-1,-1
149,84,1469,212,380,140,1,-1,-1,-1
149,85,928,54,329,94,1,-1,-1,-1
150,81,510,371,217,111,1,-1,-1,-1
150,82,812,876,413,204,1,-1,-1,-1
150,84,1466,215,380,140,1,-1,-1,-1
150,85,928,54,329,94,1,-1,-1,-1
151,81,509,368,217,111,1,-1,-1,-1
151,84,1463,217,380,140,1,-1,-1,-1
152,81,508,364,217,111,1,-1,-1,-1
152,84,1460,221,380,140,1,-1,-1,-1
153,81,516,357,204,120,1,-1,-1,-1
153,84,1449,216,378,117,1,-1,-1,-1
153,86,798,72,498,234,1,-1,-1,-1
153,87,891,870,372,204,1,-1,-1,-1
154,81,517,354,204,120,1,-1,-1,-1
154,84,1449,217,378,117,1,-1,-1,-1
154,86,798,70,498,234,1,-1,-1,-1
154,87,899,871,372,204,1,-1,-1,-1
155,81,518,352,204,120,1,-1,-1,-1
155,84,1452,219,378,117,1,-1,-1,-1
155,86,797,66,498,234,1,-1,-1,-1
155,87,908,872,372,204,1,-1,-1,-1
156,81,519,350,204,120,1,-1,-1,-1
156,84,1450,222,378,117,1,-1,-1,-1
156,86,803,62,498,234,1,-1,-1,-1
156,87,905,870,391,210,1,-1,-1,-1
157,81,520,346,204,120,1,-1,-1,-1
157,84,1459,228,360,111,1,-1,-1,-1
157,87,907,868,410,212,1,-1,-1,-1
158,81,521,342,204,120,1,-1,-1,-1
159,81,522,340,204,120,1,-1,-1,-1
160,81,523,337,204,120,1,-1,-1,-1
161,81,528,333,192,102,1,-1,-1,-1
161,88,1452,237,378,138,1,-1,-1,-1
161,89,1008,459,402,126,1,-1,-1,-1
161,90,990,738,408,336,1,-1,-1,-1
162,81,532,332,192,102,1,-1,-1,-1
162,88,1451,240,378,138,1,-1,-1,-1
162,89,1007,458,402,126,1,-1,-1,-1
162,90,997,739,408,336,1,-1,-1,-1
163,81,540,332,183,97,1,-1,-1,-1
163,88,1456,247,378,138,1,-1,-1,-1
163,90,1006,741,408,336,1,-1,-1,-1
164,81,542,329,183,97,1,-1,-1,-1
164,88,1467,256,360,131,1,-1,-1,-1
164,90,1017,744,408,336,1,-1,-1,-1
165,81,545,325,183,97,1,-1,-1,-1
165,88,1467,263,360,131,1,-1,-1,-1
165,90,1029,744,408,336,1,-1,-1,-1
166,81,549,321,183,97,1,-1,-1,-1
166,90,1040,747,408,333,1,-1,-1,-1
167,90,1050,750,408,330,1,-1,-1,-1
169,91,960,642,561,432,1,-1,-1,-1
169,92,993,414,288,120,1,-1,-1,-1
169,93,294,27,315,96,1,-1,-1,-1
170,91,966,645,561,432,1,-1,-1,-1
170,92,995,414,288,120,1,-1,-1,-1
170,93,310,29,300,91,1,-1,-1,-1
171,91,972,648,561,432,1,-1,-1,-1
171,92,996,414,288,120,1,-1,-1,-1
172,91,977,651,561,429,1,-1,-1,-1
172,92,997,413,288,120,1,-1,-1,-1
173,91,966,638,589,442,1,-1,-1,-1
173,92,995,412,288,120,1,-1,-1,-1
174,91,968,642,589,438,1,-1,-1,-1
174,92,997,412,288,120,1,-1,-1,-1
175,91,970,646,589,434,1,-1,-1,-1
176,91,951,634,619,446,1,-1,-1,-1
177,91,951,634,619,446,1,-1,-1,-1
177,94,1509,288,390,243,1,-1,-1,-1
177,95,612,582,693,489,1,-1,-1,-1
178,94,1513,291,390,243,1,-1,-1,-1
178,95,612,576,693,489,1,-1,-1,-1
179,94,1514,300,390,243,1,-1,-1,-1
179,95,617,576,693,489,1,-1,-1,-1
180,94,1519,307,390,243,1,-1,-1,-1
180,95,609,572,693,489,1,-1,-1,-1
181,94,1523,316,390,243,1,-1,-1,-1
181,95,596,571,693,489,1,-1,-1,-1
182,94,1525,322,390,243,1,-1,-1,-1
182,95,576,564,693,489,1,-1,-1,-1
183,94,1525,330,390,243,1,-1,-1,-1
184,94,1523,339,390,243,1,-1,-1,-1
185,94,1494,342,411,246,1,-1,-1,-1
185,96,453,645,795,429,1,-1,-1,-1
185,97,798,3,411,60,1,-1,-1,-1
186,94,1495,344,411,246,1,-1,-1,-1
186,96,448,639,795,429,1,-1,-1,-1
187,94,1495,346,411,246,1,-1,-1,-1
187,96,434,634,795,429,1,-1,-1,-1
188,94,1497,346,411,246,1,-1,-1,-1
188,96,429,624,795,429,1,-1,-1,-1
189,96,420,611,795,429,1,-1,-1,-1
190,96,410,597,795,429,1,-1,-1,-1
193,98,1440,420,441,219,1,-1,-1,-1
193,99,300,732,933,339,1,-1,-1,-1
194,98,1438,421,441,219,1,-1,-1,-1
194,99,293,724,933,339,1,-1,-1,-1
195,98,1435,424,441,219,1,-1,-1,-1
195,99,277,714,933,339,1,-1,-1,-1
196,98,1429,427,441,219,1,-1,-1,-1
197,98,1413,425,463,230,1,-1,-1,-1
198,98,1404,427,463,230,1,-1,-1,-1
199,98,1399,431,463,230,1,-1,-1,-1
200,98,1379,427,486,241,1,-1,-1,-1
201,98,1383,462,471,222,1,-1,-1,-1
201,100,114,471,1098,597,1,-1,-1,-1
202,98,1383,463,471,222,1,-1,-1,-1
202,100,110,451,1098,597,1,-1,-1,-1
203,98,1376,467,471,222,1,-1,-1,-1
203,100,74,419,1153,627,1,-1,-1,-1
204,98,1369,471,471,222,1,-1,-1,-1
204,100,60,396,1153,627,1,-1,-1,-1
205,98,1364,475,471,222,1,-1,-1,-1
205,100,56,366,1153,627,1,-1,-1,-1
206,98,1358,479,471,222,1,-1,-1,-1
207,98,1353,482,471,222,1,-1,-1,-1
208,98,1341,487,471,222,1,-1,-1,-1
209,98,1335,492,471,204,1,-1,-1,-1
209,101,3,144,1203,921,1,-1,-1,-1
210,98,1333,495,471,204,1,-1,-1,-1
210,101,0,122,1189,921,1,-1,-1,-1
211,98,1308,498,495,214,1,-1,-1,-1
211,101,0,100,1175,921,1,-1,-1,-1
212,98,1302,502,495,214,1,-1,-1,-1
212,101,0,74,1155,921,1,-1,-1,-1
213,98,1296,505,495,214,1,-1,-1,-1
213,101,0,39,1140,921,1,-1,-1,-1
217,102,51,6,1014,894,1,-1,-1,-1
218,102,48,0,1014,884,1,-1,-1,-1
219,102,39,0,1014,861,1,-1,-1,-1
220,102,33,0,1014,833,1,-1,-1,-1
221,102,29,0,1014,811,1,-1,-1,-1
222,102,24,0,1014,779,1,-1,-1,-1
225,103,1155,612,474,123,1,-1,-1,-1
225,104,0,3,969,576,1,-1,-1,-1
226,103,1146,613,474,123,1,-1,-1,-1
226,104,0,0,966,559,1,-1,-1,-1
227,104,0,0,968,534,1,-1,-1,-1
228,104,0,0,965,510,1,-1,-1,-1
229,104,0,0,969,487,1,-1,-1,-1
233,105,1047,642,459,102,1,-1,-1,-1
234,105,1042,642,459,102,1,-1,-1,-1
241,106,1005,684,444,222,1,-1,-1,-1
242,106,1002,691,444,222,1,-1,-1,-1
243,106,1001,698,444,222,1,-1,-1,-1
244,106,994,706,444,222,1,-1,-1,-1
245,106,994,714,444,222,1,-1,-1,-1
246,106,988,722,444,222,1,-1,-1,-1
247,106,987,732,444,222,1,-1,-1,-1
248,106,982,740,444,222,1,-1,-1,-1
249,106,993,738,441,234,1,-1,-1,-1
249,107,0,3,900,243,1,-1,-1,-1
249,108,831,0,312,69,1,-1,-1,-1
250,106,992,741,441,234,1,-1,-1,-1
250,107,0,0,922,253,1,-1,-1,-1
251,106,988,747,441,234,1,-1,-1,-1
251,107,0,5,922,255,1,-1,-1,-1
252,106,983,756,441,234,1,-1,-1,-1
252,107,10,16,900,243,1,-1,-1,-1
253,106,979,766,441,234,1,-1,-1,-1
253,107,44,31,857,231,1,-1,-1,-1
254,106,976,773,441,234,1,-1,-1,-1
255,106,972,780,441,234,1,-1,-1,-1
256,106,969,787,441,234,1,-1,-1,-1
257,106,966,774,444,270,1,-1,-1,-1
257,109,516,111,414,207,1,-1,-1,-1
257,110,6,3,1035,312,1,-1,-1,-1
258,106,963,778,444,270,1,-1,-1,-1
258,109,518,114,414,207,1,-1,-1,-1
258,110,15,5,1035,312,1,-1,-1,-1
259,106,968,787,423,257,1,-1,-1,-1
259,109,533,124,394,197,1,-1,-1,-1
259,110,28,7,1035,312,1,-1,-1,-1
260,106,964,792,423,257,1,-1,-1,-1
260,109,536,126,394,197,1,-1,-1,-1
260,110,38,7,1035,312,1,-1,-1,-1
261,106,961,798,423,257,1,-1,-1,-1
261,110,39,9,1035,312,1,-1,-1,-1
262,106,958,803,423,257,1,-1,-1,-1
262,110,37,12,1035,312,1,-1,-1,-1
263,106,952,807,423,257,1,-1,-1,-1
264,106,948,807,423,257,1,-1,-1,-1
265,106,933,741,426,300,1,-1,-1,-1
265,111,0,0,1215,303,1,-1,-1,-1
266,106,932,740,426,300,1,-1,-1,-1
266,111,12,0,1215,303,1,-1,-1,-1
267,106,919,734,447,315,1,-1,-1,-1
267,111,30,5,1215,303,1,-1,-1,-1
268,106,911,737,447,315,1,-1,-1,-1
268,111,46,5,1215,303,1,-1,-1,-1
269,106,910,733,447,315,1,-1,-1,-1
270,106,907,735,447,315,1,-1,-1,-1
271,106,904,732,447,315,1,-1,-1,-1
272,106,898,728,447,315,1,-1,-1,-1
273,106,903,792,411,261,1,-1,-1,-1
273,112,720,396,324,81,1,-1,-1,-1
274,106,901,789,411,261,1,-1,-1,-1
274,112,724,396,324,81,1,-1,-1,-1
275,106,898,784,411,261,1,-1,-1,-1
276,106,882,772,432,274,1,-1,-1,-1
277,106,877,766,432,274,1,-1,-1,-1
278,106,872,756,432,274,1,-1,-1,-1
279,106,868,751,432,274,1,-1,-1,-1
280,106,865,744,432,274,1,-1,-1,-1
281,106,870,732,396,243,1,-1,-1,-1
282,106,869,730,396,243,1,-1,-1,-1
283,106,866,722,396,243,1,-1,-1,-1
284,106,865,719,396,243,1,-1,-1,-1
285,106,862,713,396,243,1,-1,-1,-1
286,106,858,706,396,243,1,-1,-1,-1
287,106,850,699,396,243,1,-1,-1,-1
288,106,846,693,396,243,1,-1,-1,-1
289,106,846,693,396,243,1,-1,-1,-1
289,113,708,6,825,1032,1,-1,-1,-1
290,113,721,13,825,1032,1,-1,-1,-1
291,113,731,29,825,1032,1,-1,-1,-1
292,113,743,41,825,1032,1,-1,-1,-1
293,113,763,69,825,1011,1,-1,-1,-1
294,113,770,117,825,963,1,-1,-1,-1
297,114,78,18,654,153,1,-1,-1,-1
297,115,426,0,1440,1062,1,-1,-1,-1
298,114,68,19,654,153,1,-1,-1,-1
298,115,440,18,1440,1062,1,-1,-1,-1
299,114,74,23,623,146,1,-1,-1,-1
299,115,448,64,1440,1016,1,-1,-1,-1
300,115,425,57,1495,1023,1,-1,-1,-1
301,115,428,84,1492,996,1,-1,-1,-1
302,115,436,94,1484,986,1,-1,-1,-1
303,115,408,66,1512,1014,1,-1,-1,-1
304,115,434,99,1486,981,1,-1,-1,-1
305,115,579,57,1128,1011,1,-1,-1,-1
305,116,3,27,600,183,1,-1,-1,-1
306,115,585,64,1128,1011,1,-1,-1,-1
306,116,0,26,588,183,1,-1,-1,-1
307,115,583,69,1128,1011,1,-1,-1,-1
307,116,0,29,575,183,1,-1,-1,-1
308,115,583,73,1128,1007,1,-1,-1,-1
309,115,583,75,1128,1005,1,-1,-1,-1
310,115,570,84,1128,996,1,-1,-1,-1
311,115,580,100,1074,963,1,-1,-1,-1
312,115,585,111,1074,963,1,-1,-1,-1
313,115,585,111,1074,963,1,-1,-1,-1
313,117,0,66,423,183,1,-1,-1,-1
314,115,581,114,1074,963,1,-1,-1,-1
314,117,0,66,404,183,1,-1,-1,-1
315,117,0,70,372,183,1,-1,-1,-1
316,117,0,69,354,192,1,-1,-1,-1
321,118,1569,633,348,282,1,-1,-1,-1
321,119,1008,612,483,459,1,-1,-1,-1
321,120,351,462,480,369,1,-1,-1,-1
322,118,1555,632,348,282,1,-1,-1,-1
322,119,1016,618,483,459,1,-1,-1,-1
322,120,346,463,480,369,1,-1,-1,-1
