1,0,1100,732,180,116,1,-1,-1,-1
1,1,256,764,276,96,1,-1,-1,-1
1,2,1452,724,192,100,1,-1,-1,-1
1,3,356,708,292,124,1,-1,-1,-1
1,4,736,720,120,108,1,-1,-1,-1
2,0,1101,729,180,116,1,-1,-1,-1
2,1,230,765,276,96,1,-1,-1,-1
2,2,1431,724,192,100,1,-1,-1,-1
2,3,334,709,292,124,1,-1,-1,-1
2,4,723,719,120,108,1,-1,-1,-1
3,1,202,767,276,96,1,-1,-1,-1
3,2,1408,725,192,100,1,-1,-1,-1
3,3,309,709,292,124,1,-1,-1,-1
3,4,709,717,120,108,1,-1,-1,-1
4,1,168,766,290,101,1,-1,-1,-1
4,3,288,710,292,124,1,-1,-1,-1
4,4,695,716,120,108,1,-1,-1,-1
5,3,268,711,292,124,1,-1,-1,-1
5,4,682,715,120,108,1,-1,-1,-1
9,5,1232,708,176,120,1,-1,-1,-1
9,6,432,704,208,124,1,-1,-1,-1
9,7,1956,760,144,156,1,-1,-1,-1
9,8,68,768,244,128,1,-1,-1,-1
10,5,1213,707,176,120,1,-1,-1,-1
10,6,419,704,208,124,1,-1,-1,-1
10,7,1942,758,144,156,1,-1,-1,-1
10,8,45,772,244,128,1,-1,-1,-1
11,6,406,705,208,124,1,-1,-1,-1
11,7,1928,757,144,156,1,-1,-1,-1
12,6,388,703,218,130,1,-1,-1,-1
12,7,1916,755,144,156,1,-1,-1,-1
13,6,380,703,218,130,1,-1,-1,-1
13,7,1904,752,144,156,1,-1,-1,-1
14,6,369,702,218,130,1,-1,-1,-1
14,7,1893,750,144,156,1,-1,-1,-1
15,6,362,702,218,130,1,-1,-1,-1
15,7,1881,749,144,156,1,-1,-1,-1
16,6,352,701,218,130,1,-1,-1,-1
16,7,1871,747,144,156,1,-1,-1,-1
17,6,312,700,244,140,1,-1,-1,-1
17,7,1800,720,212,180,1,-1,-1,-1
17,9,2060,768,296,188,1,-1,-1,-1
17,10,44,728,304,144,1,-1,-1,-1
17,11,576,708,104,120,1,-1,-1,-1
17,12,1696,732,128,104,1,-1,-1,-1
18,6,306,701,244,140,1,-1,-1,-1
18,7,1786,719,212,180,1,-1,-1,-1
18,9,2041,765,296,188,1,-1,-1,-1
18,10,34,729,304,144,1,-1,-1,-1
18,11,567,708,104,120,1,-1,-1,-1
18,12,1682,732,128,104,1,-1,-1,-1
19,6,299,700,244,140,1,-1,-1,-1
19,7,1776,718,212,180,1,-1,-1,-1
19,9,2027,769,296,188,1,-1,-1,-1
19,10,26,731,304,144,1,-1,-1,-1
19,11,558,708,104,120,1,-1,-1,-1
19,12,1669,731,128,104,1,-1,-1,-1
20,6,292,700,244,140,1,-1,-1,-1
20,7,1768,717,212,180,1,-1,-1,-1
20,11,554,706,104,120,1,-1,-1,-1
20,12,1657,728,128,104,1,-1,-1,-1
21,6,286,700,244,140,1,-1,-1,-1
21,7,1755,714,212,180,1,-1,-1,-1
21,11,549,704,104,120,1,-1,-1,-1
22,6,279,700,244,140,1,-1,-1,-1
22,11,541,705,104,120,1,-1,-1,-1
23,6,272,700,244,140,1,-1,-1,-1
23,11,531,707,104,120,1,-1,-1,-1
24,6,273,702,232,133,1,-1,-1,-1
25,6,292,700,212,132,1,-1,-1,-1
25,13,1844,768,328,156,1,-1,-1,-1
25,14,60,728,276,136,1,-1,-1,-1
25,15,464,712,152,116,1,-1,-1,-1
25,16,952,648,148,104,1,-1,-1,-1
25,17,1684,728,212,120,1,-1,-1,-1
26,6,288,700,212,132,1,-1,-1,-1
26,13,1821,768,328,156,1,-1,-1,-1
26,14,57,728,276,136,1,-1,-1,-1
26,15,454,713,152,116,1,-1,-1,-1
26,16,950,649,148,104,1,-1,-1,-1
26,17,1671,726,212,120,1,-1,-1,-1
27,6,283,699,212,132,1,-1,-1,-1
27,14,55,728,276,136,1,-1,-1,-1
27,15,445,714,152,116,1,-1,-1,-1
27,16,948,651,148,104,1,-1,-1,-1
28,6,281,698,212,132,1,-1,-1,-1
28,14,55,729,276,136,1,-1,-1,-1
28,16,944,652,148,104,1,-1,-1,-1
29,6,284,700,202,126,1,-1,-1,-1
29,14,57,729,276,136,1,-1,-1,-1
29,16,943,653,148,104,1,-1,-1,-1
30,14,61,728,276,136,1,-1,-1,-1
31,14,65,726,276,136,1,-1,-1,-1
32,14,76,730,263,130,1,-1,-1,-1
33,14,84,720,296,140,1,-1,-1,-1
33,18,1508,688,216,108,1,-1,-1,-1
33,19,1608,748,268,144,1,-1,-1,-1
33,20,356,716,240,116,1,-1,-1,-1
33,21,932,644,176,128,1,-1,-1,-1
34,14,87,720,296,140,1,-1,-1,-1
34,18,1489,687,216,108,1,-1,-1,-1
34,20,354,715,240,116,1,-1,-1,-1
34,21,933,645,176,128,1,-1,-1,-1
35,14,91,719,296,140,1,-1,-1,-1
35,18,1470,685,216,108,1,-1,-1,-1
35,20,355,719,229,110,1,-1,-1,-1
35,21,935,646,176,128,1,-1,-1,-1
36,14,96,719,296,140,1,-1,-1,-1
36,21,937,648,176,128,1,-1,-1,-1
37,21,938,651,176,128,1,-1,-1,-1
38,21,939,651,176,128,1,-1,-1,-1
39,21,941,652,176,128,1,-1,-1,-1
41,22,164,712,220,140,1,-1,-1,-1
41,23,24,708,132,148,1,-1,-1,-1
41,24,380,728,160,104,1,-1,-1,-1
41,25,1376,720,220,112,1,-1,-1,-1
41,26,1740,728,204,108,1,-1,-1,-1
41,27,1368,672,184,72,1,-1,-1,-1
42,22,167,712,220,140,1,-1,-1,-1
42,23,29,708,132,148,1,-1,-1,-1
42,24,378,729,160,104,1,-1,-1,-1
42,25,1357,725,210,107,1,-1,-1,-1
42,26,1753,731,204,108,1,-1,-1,-1
42,27,1346,673,184,72,1,-1,-1,-1
43,22,169,711,220,140,1,-1,-1,-1
43,23,33,709,132,148,1,-1,-1,-1
43,24,375,730,160,104,1,-1,-1,-1
43,27,1332,675,175,69,1,-1,-1,-1
44,22,171,711,220,140,1,-1,-1,-1
44,23,38,709,132,148,1,-1,-1,-1
45,22,172,711,220,140,1,-1,-1,-1
45,23,41,709,132,148,1,-1,-1,-1
46,22,174,711,220,140,1,-1,-1,-1
46,23,43,710,132,148,1,-1,-1,-1
47,22,180,714,210,133,1,-1,-1,-1
47,23,44,711,132,148,1,-1,-1,-1
48,22,180,713,210,133,1,-1,-1,-1
48,23,44,713,132,148,1,-1,-1,-1
49,22,180,713,210,133,1,-1,-1,-1
49,23,44,713,132,148,1,-1,-1,-1
49,28,1300,612,92,128,1,-1,-1,-1
49,29,1260,684,140,116,1,-1,-1,-1
49,30,1000,688,144,100,1,-1,-1,-1
50,22,176,714,210,133,1,-1,-1,-1
50,23,35,716,132,148,1,-1,-1,-1
50,29,1241,681,147,122,1,-1,-1,-1
50,30,997,688,144,100,1,-1,-1,-1
51,22,170,713,210,133,1,-1,-1,-1
51,23,25,717,132,148,1,-1,-1,-1
51,30,992,688,144,100,1,-1,-1,-1
52,22,159,710,220,140,1,-1,-1,-1
52,23,16,719,132,148,1,-1,-1,-1
52,30,987,690,144,100,1,-1,-1,-1
53,23,5,724,132,148,1,-1,-1,-1
54,23,0,724,124,148,1,-1,-1,-1
57,31,1216,1188,192,152,1,-1,-1,-1
58,31,1192,1154,192,152,1,-1,-1,-1
59,31,1165,1135,192,152,1,-1,-1,-1
65,32,132,716,140,128,1,-1,-1,-1
66,32,120,720,140,128,1,-1,-1,-1
67,32,111,722,140,128,1,-1,-1,-1
68,32,103,722,140,128,1,-1,-1,-1
69,32,100,723,140,128,1,-1,-1,-1
73,33,0,748,140,132,1,-1,-1,-1
73,34,1736,804,288,140,1,-1,-1,-1
74,33,9,749,140,132,1,-1,-1,-1
74,34,1728,803,288,140,1,-1,-1,-1
75,33,17,750,140,132,1,-1,-1,-1
81,35,1656,772,260,148,1,-1,-1,-1
81,36,136,776,232,140,1,-1,-1,-1
81,37,4,732,252,156,1,-1,-1,-1
81,38,1164,704,228,92,1,-1,-1,-1
82,35,1650,772,260,148,1,-1,-1,-1
82,36,145,779,232,140,1,-1,-1,-1
82,37,22,731,252,156,1,-1,-1,-1
82,38,1193,706,228,92,1,-1,-1,-1
89,39,0,824,360,136,1,-1,-1,-1
89,40,0,760,140,124,1,-1,-1,-1
89,41,1236,756,192,80,1,-1,-1,-1
89,42,236,736,244,120,1,-1,-1,-1
89,43,1064,700,224,108,1,-1,-1,-1
89,44,1448,720,180,112,1,-1,-1,-1
89,45,1648,764,152,124,1,-1,-1,-1
90,39,0,825,338,136,1,-1,-1,-1
90,40,15,759,140,124,1,-1,-1,-1
90,41,1265,755,192,80,1,-1,-1,-1
90,42,258,737,244,120,1,-1,-1,-1
90,43,1091,700,224,108,1,-1,-1,-1
90,44,1468,721,180,112,1,-1,-1,-1
90,45,1649,761,152,124,1,-1,-1,-1
91,40,32,757,140,124,1,-1,-1,-1
91,42,280,737,244,120,1,-1,-1,-1
91,43,1114,700,224,108,1,-1,-1,-1
91,44,1488,719,180,112,1,-1,-1,-1
92,42,300,738,244,120,1,-1,-1,-1
92,44,1503,718,180,112,1,-1,-1,-1
93,42,303,732,256,126,1,-1,-1,-1
97,46,20,768,236,156,1,-1,-1,-1
97,47,1240,704,184,104,1,-1,-1,-1
97,48,444,740,168,128,1,-1,-1,-1
97,49,268,740,172,152,1,-1,-1,-1
97,50,1340,724,216,100,1,-1,-1,-1
97,51,1496,728,272,140,1,-1,-1,-1
98,46,23,769,236,156,1,-1,-1,-1
98,47,1258,706,184,104,1,-1,-1,-1
98,48,455,739,168,128,1,-1,-1,-1
98,49,279,740,172,152,1,-1,-1,-1
98,50,1360,724,216,100,1,-1,-1,-1
98,51,1508,726,272,140,1,-1,-1,-1
99,46,21,766,248,164,1,-1,-1,-1
99,49,285,740,172,152,1,-1,-1,-1
100,46,23,768,248,164,1,-1,-1,-1
100,49,292,740,172,152,1,-1,-1,-1
101,46,25,769,248,164,1,-1,-1,-1
101,49,298,739,172,152,1,-1,-1,-1
102,46,24,768,248,164,1,-1,-1,-1
102,49,302,738,172,152,1,-1,-1,-1
103,46,24,767,248,164,1,-1,-1,-1
103,49,305,738,172,152,1,-1,-1,-1
104,46,21,767,248,164,1,-1,-1,-1
104,49,311,738,172,152,1,-1,-1,-1
105,46,4,768,264,160,1,-1,-1,-1
105,49,320,740,168,148,1,-1,-1,-1
105,52,1840,752,272,148,1,-1,-1,-1
105,53,536,760,284,112,1,-1,-1,-1
105,54,1348,712,188,100,1,-1,-1,-1
105,55,1552,720,160,116,1,-1,-1,-1
106,46,4,768,264,160,1,-1,-1,-1
106,49,323,740,168,148,1,-1,-1,-1
106,52,1846,750,272,148,1,-1,-1,-1
106,53,558,760,284,112,1,-1,-1,-1
106,54,1361,712,188,100,1,-1,-1,-1
106,55,1556,720,160,116,1,-1,-1,-1
107,46,4,768,264,160,1,-1,-1,-1
107,49,328,740,168,148,1,-1,-1,-1
107,55,1559,719,160,116,1,-1,-1,-1
108,46,5,768,264,160,1,-1,-1,-1
108,49,332,740,168,148,1,-1,-1,-1
109,46,4,769,264,160,1,-1,-1,-1
109,49,336,740,168,148,1,-1,-1,-1
110,46,1,768,264,160,1,-1,-1,-1
110,49,341,740,168,148,1,-1,-1,-1
111,46,0,763,270,168,1,-1,-1,-1
111,49,346,740,168,148,1,-1,-1,-1
112,46,0,761,270,168,1,-1,-1,-1
112,49,353,739,168,148,1,-1,-1,-1
113,46,0,768,248,156,1,-1,-1,-1
113,49,348,732,228,144,1,-1,-1,-1
113,56,2196,744,152,148,1,-1,-1,-1
113,57,1408,720,140,96,1,-1,-1,-1
113,58,828,732,292,136,1,-1,-1,-1
114,46,0,768,244,156,1,-1,-1,-1
114,49,354,732,228,144,1,-1,-1,-1
114,56,2207,743,152,148,1,-1,-1,-1
114,57,1407,719,140,96,1,-1,-1,-1
115,46,0,766,240,156,1,-1,-1,-1
115,49,362,733,228,144,1,-1,-1,-1
115,56,2210,742,152,148,1,-1,-1,-1
115,57,1405,718,140,96,1,-1,-1,-1
116,46,0,764,238,156,1,-1,-1,-1
116,49,374,731,228,144,1,-1,-1,-1
116,57,1402,717,140,96,1,-1,-1,-1
117,46,0,762,236,156,1,-1,-1,-1
118,46,0,759,236,156,1,-1,-1,-1
119,46,0,759,233,156,1,-1,-1,-1
120,46,0,759,232,156,1,-1,-1,-1
121,46,0,752,228,164,1,-1,-1,-1
121,59,460,720,232,132,1,-1,-1,-1
121,60,2220,732,192,164,1,-1,-1,-1
121,61,1392,712,144,100,1,-1,-1,-1
121,62,1212,712,172,92,1,-1,-1,-1
122,46,0,751,225,164,1,-1,-1,-1
122,59,466,720,232,132,1,-1,-1,-1
122,60,2212,728,202,172,1,-1,-1,-1
122,61,1390,712,144,100,1,-1,-1,-1
123,46,0,751,221,164,1,-1,-1,-1
123,59,481,721,232,132,1,-1,-1,-1
123,61,1386,712,144,100,1,-1,-1,-1
124,46,0,750,217,164,1,-1,-1,-1
124,61,1379,711,144,100,1,-1,-1,-1
125,46,0,753,205,156,1,-1,-1,-1
125,61,1371,708,151,105,1,-1,-1,-1
126,46,0,753,200,156,1,-1,-1,-1
126,61,1364,708,151,105,1,-1,-1,-1
127,46,0,753,190,156,1,-1,-1,-1
127,61,1358,709,151,105,1,-1,-1,-1
128,46,0,754,180,156,1,-1,-1,-1
129,46,0,752,192,156,1,-1,-1,-1
129,63,572,700,228,124,1,-1,-1,-1
129,64,2092,780,232,152,1,-1,-1,-1
130,46,0,752,183,156,1,-1,-1,-1
130,63,584,699,228,124,1,-1,-1,-1
130,64,2082,782,232,152,1,-1,-1,-1
131,46,0,752,175,156,1,-1,-1,-1
131,63,602,699,228,124,1,-1,-1,-1
131,64,2060,780,244,160,1,-1,-1,-1
132,46,0,755,161,149,1,-1,-1,-1
132,64,2043,781,244,160,1,-1,-1,-1
133,46,0,753,153,149,1,-1,-1,-1
133,64,2022,785,244,160,1,-1,-1,-1
134,46,0,755,144,141,1,-1,-1,-1
137,65,724,684,164,128,1,-1,-1,-1
137,66,1920,796,236,124,1,-1,-1,-1
138,65,730,683,164,128,1,-1,-1,-1
138,66,1904,796,236,124,1,-1,-1,-1
139,65,742,678,172,134,1,-1,-1,-1
139,66,1883,795,248,130,1,-1,-1,-1
140,66,1866,799,248,130,1,-1,-1,-1
141,66,1842,801,248,130,1,-1,-1,-1
145,67,1744,804,240,124,1,-1,-1,-1
145,68,816,680,128,116,1,-1,-1,-1
145,69,0,780,240,156,1,-1,-1,-1
145,70,1420,704,200,128,1,-1,-1,-1
145,71,1544,672,92,60,1,-1,-1,-1
146,67,1725,810,229,118,1,-1,-1,-1
146,68,818,680,128,116,1,-1,-1,-1
146,69,18,779,240,156,1,-1,-1,-1
146,70,1420,704,200,128,1,-1,-1,-1
146,71,1547,671,92,60,1,-1,-1,-1
147,68,824,683,122,110,1,-1,-1,-1
147,70,1420,704,200,128,1,-1,-1,-1
148,68,826,683,122,110,1,-1,-1,-1
148,70,1421,704,200,128,1,-1,-1,-1
149,68,828,682,122,110,1,-1,-1,-1
149,70,1422,704,200,128,1,-1,-1,-1
150,68,830,682,122,110,1,-1,-1,-1
150,70,1425,704,200,128,1,-1,-1,-1
151,68,832,682,122,110,1,-1,-1,-1
152,68,833,681,122,110,1,-1,-1,-1
153,68,844,676,108,120,1,-1,-1,-1
153,72,20,724,220,156,1,-1,-1,-1
153,73,1428,704,124,116,1,-1,-1,-1
153,74,1416,804,256,132,1,-1,-1,-1
153,75,1544,700,88,104,1,-1,-1,-1
153,76,224,732,184,128,1,-1,-1,-1
153,77,1416,652,112,64,1,-1,-1,-1
154,68,847,677,108,120,1,-1,-1,-1
154,72,35,724,220,156,1,-1,-1,-1
154,73,1431,703,124,116,1,-1,-1,-1
154,75,1544,699,88,104,1,-1,-1,-1
154,76,243,732,184,128,1,-1,-1,-1
154,77,1419,650,112,64,1,-1,-1,-1
155,68,851,678,108,120,1,-1,-1,-1
155,72,44,721,231,164,1,-1,-1,-1
155,73,1436,703,124,116,1,-1,-1,-1
155,75,1547,698,88,104,1,-1,-1,-1
156,68,853,682,108,120,1,-1,-1,-1
156,73,1440,702,124,116,1,-1,-1,-1
156,75,1549,699,88,104,1,-1,-1,-1
157,68,854,683,108,120,1,-1,-1,-1
157,73,1447,701,124,116,1,-1,-1,-1
158,68,858,687,108,120,1,-1,-1,-1
158,73,1451,700,124,116,1,-1,-1,-1
159,68,861,688,108,120,1,-1,-1,-1
159,73,1456,699,124,116,1,-1,-1,-1
160,73,1460,700,124,116,1,-1,-1,-1
161,73,1464,700,112,128,1,-1,-1,-1
161,78,868,684,120,128,1,-1,-1,-1
161,79,1032,768,228,144,1,-1,-1,-1
161,80,1576,672,192,116,1,-1,-1,-1
161,81,1688,696,240,108,1,-1,-1,-1
161,82,1456,640,112,72,1,-1,-1,-1
161,83,184,712,324,124,1,-1,-1,-1
162,73,1467,700,112,128,1,-1,-1,-1
162,78,875,684,120,128,1,-1,-1,-1
162,80,1580,672,192,116,1,-1,-1,-1
162,81,1700,696,240,108,1,-1,-1,-1
162,82,1459,642,112,72,1,-1,-1,-1
163,73,1473,702,112,128,1,-1,-1,-1
163,78,882,683,120,128,1,-1,-1,-1
163,80,1584,672,192,116,1,-1,-1,-1
163,81,1701,695,252,113,1,-1,-1,-1
164,73,1478,703,112,128,1,-1,-1,-1
164,78,891,682,120,128,1,-1,-1,-1
164,80,1593,675,183,110,1,-1,-1,-1
165,73,1485,705,112,128,1,-1,-1,-1
165,80,1600,675,183,110,1,-1,-1,-1
166,73,1491,705,112,128,1,-1,-1,-1
166,80,1609,677,183,110,1,-1,-1,-1
167,80,1619,681,183,110,1,-1,-1,-1
168,80,1630,682,183,110,1,-1,-1,-1
169,80,1640,688,196,104,1,-1,-1,-1
169,84,1872,724,172,112,1,-1,-1,-1
169,85,940,680,172,132,1,-1,-1,-1
169,86,1476,712,152,128,1,-1,-1,-1
169,87,64,752,128,144,1,-1,-1,-1
169,88,756,740,132,128,1,-1,-1,-1
169,89,1616,712,96,120,1,-1,-1,-1
169,90,1476,660,180,76,1,-1,-1,-1
169,91,0,784,44,140,1,-1,-1,-1
169,92,452,640,144,156,1,-1,-1,-1
170,80,1655,688,196,104,1,-1,-1,-1
170,84,1881,725,172,112,1,-1,-1,-1
170,85,953,679,172,132,1,-1,-1,-1
170,86,1482,712,152,128,1,-1,-1,-1
170,87,78,752,128,144,1,-1,-1,-1
170,89,1626,711,96,120,1,-1,-1,-1
170,90,1479,661,180,76,1,-1,-1,-1
170,92,467,640,144,156,1,-1,-1,-1
171,80,1669,689,196,104,1,-1,-1,-1
171,84,1892,725,172,112,1,-1,-1,-1
171,85,963,675,181,139,1,-1,-1,-1
171,86,1489,712,152,128,1,-1,-1,-1
171,87,93,752,128,144,1,-1,-1,-1
171,89,1634,711,96,120,1,-1,-1,-1
171,90,1486,663,180,76,1,-1,-1,-1
171,92,483,640,144,156,1,-1,-1,-1
172,84,1898,725,172,112,1,-1,-1,-1
172,85,975,675,181,139,1,-1,-1,-1
172,86,1494,713,152,128,1,-1,-1,-1
172,87,110,753,128,144,1,-1,-1,-1
172,89,1642,712,96,120,1,-1,-1,-1
172,90,1487,664,189,80,1,-1,-1,-1
173,84,1905,723,172,112,1,-1,-1,-1
173,85,988,676,181,139,1,-1,-1,-1
173,86,1498,713,152,128,1,-1,-1,-1
173,89,1648,711,96,120,1,-1,-1,-1
174,85,998,676,181,139,1,-1,-1,-1
175,85,1015,676,181,139,1,-1,-1,-1
176,85,1030,678,181,139,1,-1,-1,-1
177,85,984,680,240,132,1,-1,-1,-1
177,93,1940,736,164,104,1,-1,-1,-1
177,94,172,736,156,148,1,-1,-1,-1
177,95,72,732,112,168,1,-1,-1,-1
177,96,492,680,180,132,1,-1,-1,-1
177,97,1780,696,188,128,1,-1,-1,-1
177,98,1540,716,228,128,1,-1,-1,-1
178,85,1009,683,229,126,1,-1,-1,-1
178,93,1950,740,164,104,1,-1,-1,-1
178,94,189,738,156,148,1,-1,-1,-1
178,95,88,732,112,168,1,-1,-1,-1
178,96,496,682,180,132,1,-1,-1,-1
178,97,1796,697,188,128,1,-1,-1,-1
178,98,1554,717,228,128,1,-1,-1,-1
179,85,1029,684,229,126,1,-1,-1,-1
179,94,201,736,164,155,1,-1,-1,-1
179,95,103,732,112,168,1,-1,-1,-1
179,97,1813,701,188,128,1,-1,-1,-1
179,98,1570,720,228,128,1,-1,-1,-1
180,94,216,739,164,155,1,-1,-1,-1
180,95,119,734,112,168,1,-1,-1,-1
181,94,229,739,164,155,1,-1,-1,-1
181,95,132,732,112,168,1,-1,-1,-1
182,94,245,740,164,155,1,-1,-1,-1
182,95,144,733,112,168,1,-1,-1,-1
183,94,259,740,164,155,1,-1,-1,-1
183,95,156,734,112,168,1,-1,-1,-1
184,94,273,740,164,155,1,-1,-1,-1
184,95,165,735,112,168,1,-1,-1,-1
185,94,273,740,164,155,1,-1,-1,-1
185,95,165,735,112,168,1,-1,-1,-1
185,99,1784,724,200,140,1,-1,-1,-1
185,100,500,648,136,180,1,-1,-1,-1
185,101,676,684,212,132,1,-1,-1,-1
186,95,179,735,112,168,1,-1,-1,-1
186,99,1802,723,200,140,1,-1,-1,-1
186,100,509,653,136,180,1,-1,-1,-1
186,101,680,685,212,132,1,-1,-1,-1
187,95,184,736,112,168,1,-1,-1,-1
187,101,687,687,212,132,1,-1,-1,-1
188,95,193,738,112,168,1,-1,-1,-1
189,95,200,742,112,168,1,-1,-1,-1
193,102,548,752,212,88,1,-1,-1,-1
193,103,700,720,224,100,1,-1,-1,-1
193,104,1688,740,212,96,1,-1,-1,-1
194,102,563,752,212,88,1,-1,-1,-1
194,103,702,718,224,100,1,-1,-1,-1
194,104,1689,740,212,96,1,-1,-1,-1
195,103,703,718,224,100,1,-1,-1,-1
195,104,1688,741,212,96,1,-1,-1,-1
196,104,1688,741,212,96,1,-1,-1,-1
197,104,1687,740,212,96,1,-1,-1,-1
198,104,1687,740,212,96,1,-1,-1,-1
199,104,1686,741,212,96,1,-1,-1,-1
200,104,1683,740,212,96,1,-1,-1,-1
201,104,1724,748,160,88,1,-1,-1,-1
201,105,652,712,248,116,1,-1,-1,-1
201,106,1956,732,172,108,1,-1,-1,-1
201,107,1384,660,156,132,1,-1,-1,-1
201,108,2068,736,256,152,1,-1,-1,-1
201,109,1656,688,120,56,1,-1,-1,-1
201,110,1532,716,172,100,1,-1,-1,-1
202,104,1721,749,160,88,1,-1,-1,-1
202,105,657,711,248,116,1,-1,-1,-1
202,106,1957,732,172,108,1,-1,-1,-1
202,107,1384,659,156,132,1,-1,-1,-1
202,108,2070,737,256,152,1,-1,-1,-1
202,109,1658,688,120,56,1,-1,-1,-1
202,110,1545,716,172,100,1,-1,-1,-1
203,105,657,705,260,122,1,-1,-1,-1
203,106,1959,732,172,108,1,-1,-1,-1
203,107,1384,659,156,132,1,-1,-1,-1
203,108,2073,739,256,152,1,-1,-1,-1
203,109,1662,687,120,56,1,-1,-1,-1
204,106,1961,732,172,108,1,-1,-1,-1
204,107,1385,660,156,132,1,-1,-1,-1
204,108,2075,740,256,152,1,-1,-1,-1
205,106,1963,732,172,108,1,-1,-1,-1
205,107,1385,660,156,132,1,-1,-1,-1
205,108,2075,741,256,152,1,-1,-1,-1
206,106,1964,733,172,108,1,-1,-1,-1
206,107,1382,661,156,132,1,-1,-1,-1
206,108,2075,741,256,152,1,-1,-1,-1
207,106,1965,733,172,108,1,-1,-1,-1
207,107,1382,661,156,132,1,-1,-1,-1
207,108,2078,741,256,152,1,-1,-1,-1
208,106,1965,732,172,108,1,-1,-1,-1
208,107,1381,663,156,132,1,-1,-1,-1
209,106,1964,724,156,112,1,-1,-1,-1
209,107,1372,668,164,128,1,-1,-1,-1
209,111,760,728,264,108,1,-1,-1,-1
209,112,192,796,208,124,1,-1,-1,-1
209,113,2064,764,236,124,1,-1,-1,-1
209,114,584,708,216,116,1,-1,-1,-1
209,115,1600,724,252,120,1,-1,-1,-1
209,116,192,732,232,100,1,-1,-1,-1
210,106,1963,724,156,112,1,-1,-1,-1
210,107,1371,668,164,128,1,-1,-1,-1
210,111,768,728,264,108,1,-1,-1,-1
210,112,191,796,208,124,1,-1,-1,-1
210,113,2065,763,236,124,1,-1,-1,-1
210,114,579,708,216,116,1,-1,-1,-1
210,115,1606,724,252,120,1,-1,-1,-1
210,116,193,731,232,100,1,-1,-1,-1
211,106,1963,725,156,112,1,-1,-1,-1
211,107,1370,669,164,128,1,-1,-1,-1
211,112,192,797,208,124,1,-1,-1,-1
211,113,2067,764,236,124,1,-1,-1,-1
211,114,575,709,216,116,1,-1,-1,-1
211,115,1626,725,252,120,1,-1,-1,-1
211,116,193,732,232,100,1,-1,-1,-1
212,106,1963,726,156,112,1,-1,-1,-1
212,107,1368,671,164,128,1,-1,-1,-1
212,112,192,798,208,124,1,-1,-1,-1
212,113,2069,765,236,124,1,-1,-1,-1
212,114,569,707,216,116,1,-1,-1,-1
212,116,195,733,232,100,1,-1,-1,-1
213,106,1962,726,156,112,1,-1,-1,-1
213,107,1365,674,164,128,1,-1,-1,-1
213,112,192,798,208,124,1,-1,-1,-1
213,113,2069,766,236,124,1,-1,-1,-1
213,114,565,706,216,116,1,-1,-1,-1
213,116,191,731,244,105,1,-1,-1,-1
214,106,1960,725,156,112,1,-1,-1,-1
214,107,1363,678,164,128,1,-1,-1,-1
214,112,194,796,208,124,1,-1,-1,-1
214,116,192,731,244,105,1,-1,-1,-1
215,106,1960,725,156,112,1,-1,-1,-1
215,107,1366,682,164,128,1,-1,-1,-1
215,112,195,795,208,124,1,-1,-1,-1
216,106,1959,724,156,112,1,-1,-1,-1
216,112,189,792,218,130,1,-1,-1,-1
217,106,1964,728,136,100,1,-1,-1,-1
217,112,164,784,248,160,1,-1,-1,-1
217,117,944,724,192,108,1,-1,-1,-1
217,118,1732,720,180,120,1,-1,-1,-1
217,119,1652,688,168,112,1,-1,-1,-1
217,120,556,704,216,124,1,-1,-1,-1
217,121,2068,724,184,152,1,-1,-1,-1
217,122,1380,696,160,112,1,-1,-1,-1
217,123,2140,764,280,128,1,-1,-1,-1
217,124,260,756,224,148,1,-1,-1,-1
217,125,1524,704,104,96,1,-1,-1,-1
218,106,1965,727,136,100,1,-1,-1,-1
218,112,166,784,248,160,1,-1,-1,-1
218,117,950,725,192,108,1,-1,-1,-1
218,118,1737,719,180,120,1,-1,-1,-1
218,119,1654,687,168,112,1,-1,-1,-1
218,120,555,705,216,124,1,-1,-1,-1
218,121,2069,725,184,152,1,-1,-1,-1
218,122,1383,696,160,112,1,-1,-1,-1
218,123,2147,766,280,128,1,-1,-1,-1
218,124,263,757,224,148,1,-1,-1,-1
218,125,1520,702,104,96,1,-1,-1,-1
219,106,1966,726,136,100,1,-1,-1,-1
219,112,167,784,248,160,1,-1,-1,-1
219,117,954,724,192,108,1,-1,-1,-1
219,118,1735,716,189,126,1,-1,-1,-1
219,119,1655,687,168,112,1,-1,-1,-1
219,120,553,705,216,124,1,-1,-1,-1
219,124,268,758,224,148,1,-1,-1,-1
219,125,1515,700,104,96,1,-1,-1,-1
220,106,1969,725,136,100,1,-1,-1,-1
220,117,962,724,192,108,1,-1,-1,-1
220,118,1740,715,189,126,1,-1,-1,-1
220,119,1650,684,176,118,1,-1,-1,-1
220,120,552,705,216,124,1,-1,-1,-1
220,124,271,759,224,148,1,-1,-1,-1
221,118,1741,714,189,126,1,-1,-1,-1
221,120,551,705,216,124,1,-1,-1,-1
221,124,274,759,224,148,1,-1,-1,-1
222,120,548,705,216,124,1,-1,-1,-1
222,124,277,759,224,148,1,-1,-1,-1
223,120,544,705,216,124,1,-1,-1,-1
223,124,277,760,224,148,1,-1,-1,-1
224,120,539,704,216,124,1,-1,-1,-1
224,124,278,760,224,148,1,-1,-1,-1
225,120,516,700,240,128,1,-1,-1,-1
225,124,278,760,224,148,1,-1,-1,-1
225,126,136,788,292,140,1,-1,-1,-1
225,127,2252,776,236,116,1,-1,-1,-1
225,128,1992,740,264,140,1,-1,-1,-1
225,129,1036,700,80,128,1,-1,-1,-1
225,130,1636,688,200,120,1,-1,-1,-1
225,131,1440,712,144,112,1,-1,-1,-1
225,132,1784,740,128,100,1,-1,-1,-1
226,120,515,700,240,128,1,-1,-1,-1
226,124,279,760,224,148,1,-1,-1,-1
226,126,135,789,292,140,1,-1,-1,-1
226,127,2251,776,236,116,1,-1,-1,-1
226,128,1992,740,264,140,1,-1,-1,-1
226,129,1040,701,80,128,1,-1,-1,-1
226,130,1636,688,200,120,1,-1,-1,-1
226,131,1448,714,144,112,1,-1,-1,-1
226,132,1786,740,128,100,1,-1,-1,-1
227,120,512,700,240,128,1,-1,-1,-1
227,124,281,760,224,148,1,-1,-1,-1
227,126,133,789,292,140,1,-1,-1,-1
227,127,2249,775,236,116,1,-1,-1,-1
227,128,1992,741,264,140,1,-1,-1,-1
227,130,1638,688,200,120,1,-1,-1,-1
227,132,1789,741,128,100,1,-1,-1,-1
228,120,507,702,240,128,1,-1,-1,-1
228,124,281,760,224,148,1,-1,-1,-1
228,126,131,790,292,140,1,-1,-1,-1
228,127,2245,773,236,116,1,-1,-1,-1
228,128,1996,742,264,140,1,-1,-1,-1
228,130,1641,688,200,120,1,-1,-1,-1
228,132,1791,741,128,100,1,-1,-1,-1
229,120,502,702,240,128,1,-1,-1,-1
229,126,131,792,292,140,1,-1,-1,-1
229,128,1998,742,264,140,1,-1,-1,-1
229,130,1643,688,200,120,1,-1,-1,-1
229,132,1795,742,128,100,1,-1,-1,-1
230,126,122,791,307,147,1,-1,-1,-1
230,128,2001,741,264,140,1,-1,-1,-1
230,130,1644,687,200,120,1,-1,-1,-1
230,132,1798,742,128,100,1,-1,-1,-1
231,128,2002,740,264,140,1,-1,-1,-1
231,130,1647,686,200,120,1,-1,-1,-1
231,132,1796,739,134,105,1,-1,-1,-1
232,128,2002,740,264,140,1,-1,-1,-1
232,130,1654,686,200,120,1,-1,-1,-1
232,132,1797,739,134,105,1,-1,-1,-1
233,128,2016,740,232,144,1,-1,-1,-1
233,130,1680,692,172,100,1,-1,-1,-1
233,132,1836,732,88,108,1,-1,-1,-1
233,133,940,716,212,120,1,-1,-1,-1
233,134,2220,760,216,132,1,-1,-1,-1
233,135,484,724,232,108,1,-1,-1,-1
233,136,1560,724,280,116,1,-1,-1,-1
233,137,308,776,228,144,1,-1,-1,-1
233,138,1512,716,80,92,1,-1,-1,-1
233,139,116,792,296,124,1,-1,-1,-1
234,128,2016,741,232,144,1,-1,-1,-1
234,130,1688,693,172,100,1,-1,-1,-1
234,132,1838,731,88,108,1,-1,-1,-1
234,133,937,715,212,120,1,-1,-1,-1
234,134,2218,760,216,132,1,-1,-1,-1
234,135,485,724,232,108,1,-1,-1,-1
234,136,1572,726,280,116,1,-1,-1,-1
234,137,308,777,228,144,1,-1,-1,-1
234,138,1513,717,80,92,1,-1,-1,-1
234,139,114,793,296,124,1,-1,-1,-1
235,128,2015,742,232,144,1,-1,-1,-1
235,132,1841,731,88,108,1,-1,-1,-1
235,134,2215,760,216,132,1,-1,-1,-1
235,135,485,724,232,108,1,-1,-1,-1
235,137,308,777,228,144,1,-1,-1,-1
235,138,1515,717,80,92,1,-1,-1,-1
235,139,112,794,296,124,1,-1,-1,-1
236,128,2016,742,232,144,1,-1,-1,-1
236,134,2213,759,216,132,1,-1,-1,-1
236,135,486,724,232,108,1,-1,-1,-1
236,137,309,776,228,144,1,-1,-1,-1
236,139,112,793,296,124,1,-1,-1,-1
237,128,2015,742,232,144,1,-1,-1,-1
237,134,2211,759,216,132,1,-1,-1,-1
237,135,486,724,232,108,1,-1,-1,-1
237,137,308,775,228,144,1,-1,-1,-1
237,139,111,789,296,124,1,-1,-1,-1
238,128,2018,745,221,137,1,-1,-1,-1
238,134,2206,760,216,132,1,-1,-1,-1
238,135,488,724,232,108,1,-1,-1,-1
238,137,306,774,228,144,1,-1,-1,-1
238,139,115,791,282,118,1,-1,-1,-1
239,128,2016,744,221,137,1,-1,-1,-1
239,134,2193,756,227,139,1,-1,-1,-1
239,135,490,723,232,108,1,-1,-1,-1
239,137,306,775,228,144,1,-1,-1,-1
239,139,105,790,296,124,1,-1,-1,-1
240,128,2015,745,221,137,1,-1,-1,-1
240,134,2190,755,227,139,1,-1,-1,-1
240,135,492,723,232,108,1,-1,-1,-1
240,137,304,776,228,144,1,-1,-1,-1
240,139,100,794,296,124,1,-1,-1,-1
241,128,2000,732,200,144,1,-1,-1,-1
241,134,2164,760,220,132,1,-1,-1,-1
241,135,512,724,208,116,1,-1,-1,-1
241,137,316,776,216,144,1,-1,-1,-1
241,139,88,804,296,136,1,-1,-1,-1
241,140,784,720,220,104,1,-1,-1,-1
241,141,1508,708,76,104,1,-1,-1,-1
241,142,1720,708,144,112,1,-1,-1,-1
241,143,1844,748,196,120,1,-1,-1,-1
242,128,1997,731,200,144,1,-1,-1,-1
242,134,2160,759,220,132,1,-1,-1,-1
242,135,513,724,208,116,1,-1,-1,-1
242,137,316,776,216,144,1,-1,-1,-1
242,139,88,802,296,136,1,-1,-1,-1
242,140,770,719,220,104,1,-1,-1,-1
242,141,1507,708,76,104,1,-1,-1,-1
242,142,1720,708,144,112,1,-1,-1,-1
242,143,1851,748,196,120,1,-1,-1,-1
243,128,1993,730,200,144,1,-1,-1,-1
243,134,2157,757,220,132,1,-1,-1,-1
243,135,515,725,208,116,1,-1,-1,-1
243,137,315,776,216,144,1,-1,-1,-1
243,139,87,799,296,136,1,-1,-1,-1
243,140,749,716,231,109,1,-1,-1,-1
243,141,1507,709,76,104,1,-1,-1,-1
243,142,1719,708,144,112,1,-1,-1,-1
244,128,1991,730,200,144,1,-1,-1,-1
244,134,2155,757,220,132,1,-1,-1,-1
244,135,516,725,208,116,1,-1,-1,-1
244,137,315,777,216,144,1,-1,-1,-1
244,139,87,800,296,136,1,-1,-1,-1
244,141,1506,710,76,104,1,-1,-1,-1
244,142,1719,709,144,112,1,-1,-1,-1
245,128,1984,726,210,151,1,-1,-1,-1
245,134,2154,756,220,132,1,-1,-1,-1
245,135,516,725,208,116,1,-1,-1,-1
245,137,313,778,216,144,1,-1,-1,-1
245,139,86,804,296,136,1,-1,-1,-1
245,141,1505,710,76,104,1,-1,-1,-1
245,142,1718,709,144,112,1,-1,-1,-1
246,128,1987,727,210,151,1,-1,-1,-1
246,135,521,729,198,110,1,-1,-1,-1
246,137,311,780,216,144,1,-1,-1,-1
246,139,83,808,296,136,1,-1,-1,-1
246,141,1503,710,76,104,1,-1,-1,-1
246,142,1718,710,144,112,1,-1,-1,-1
247,135,520,729,198,110,1,-1,-1,-1
247,137,310,781,216,144,1,-1,-1,-1
247,139,83,809,296,136,1,-1,-1,-1
247,141,1501,710,76,104,1,-1,-1,-1
247,142,1716,711,144,112,1,-1,-1,-1
248,135,520,730,198,110,1,-1,-1,-1
248,137,308,782,216,144,1,-1,-1,-1
248,139,82,805,296,136,1,-1,-1,-1
248,141,1502,712,76,104,1,-1,-1,-1
248,142,1715,712,144,112,1,-1,-1,-1
249,135,520,730,198,110,1,-1,-1,-1
249,137,260,784,256,136,1,-1,-1,-1
249,139,92,812,284,188,1,-1,-1,-1
249,141,1502,712,76,104,1,-1,-1,-1
249,142,1720,716,124,120,1,-1,-1,-1
249,144,2144,764,232,128,1,-1,-1,-1
250,135,519,730,198,110,1,-1,-1,-1
250,137,259,785,256,136,1,-1,-1,-1
250,139,91,815,284,188,1,-1,-1,-1
250,141,1503,714,76,104,1,-1,-1,-1
250,142,1719,715,124,120,1,-1,-1,-1
250,144,2150,765,232,128,1,-1,-1,-1
251,135,520,732,198,110,1,-1,-1,-1
251,137,258,785,256,136,1,-1,-1,-1
251,139,91,824,284,188,1,-1,-1,-1
251,141,1503,714,76,104,1,-1,-1,-1
251,142,1719,716,124,120,1,-1,-1,-1
252,137,257,786,256,136,1,-1,-1,-1
252,139,95,827,284,188,1,-1,-1,-1
252,142,1719,715,124,120,1,-1,-1,-1
253,137,254,785,256,136,1,-1,-1,-1
253,139,105,823,270,179,1,-1,-1,-1
253,142,1720,714,124,120,1,-1,-1,-1
254,137,252,784,256,136,1,-1,-1,-1
254,142,1720,713,124,120,1,-1,-1,-1
255,137,250,785,256,136,1,-1,-1,-1
255,142,1721,712,124,120,1,-1,-1,-1
257,145,1552,692,156,116,1,-1,-1,-1
257,146,2344,776,216,148,1,-1,-1,-1
257,147,2120,732,268,140,1,-1,-1,-1
257,148,2004,728,200,92,1,-1,-1,-1
257,149,468,720,232,124,1,-1,-1,-1
257,150,1804,708,104,116,1,-1,-1,-1
258,145,1562,692,156,116,1,-1,-1,-1
258,146,2351,776,209,148,1,-1,-1,-1
258,147,2127,731,268,140,1,-1,-1,-1
258,148,2005,728,200,92,1,-1,-1,-1
258,149,466,721,232,124,1,-1,-1,-1
258,150,1803,708,104,116,1,-1,-1,-1
259,148,2006,728,200,92,1,-1,-1,-1
259,149,463,724,232,124,1,-1,-1,-1
259,150,1802,708,104,116,1,-1,-1,-1
260,148,2004,728,200,92,1,-1,-1,-1
260,149,455,726,232,124,1,-1,-1,-1
260,150,1800,708,104,116,1,-1,-1,-1
261,148,2003,728,200,92,1,-1,-1,-1
261,149,442,723,244,130,1,-1,-1,-1
261,150,1798,707,104,116,1,-1,-1,-1
262,148,2003,729,200,92,1,-1,-1,-1
263,148,2002,729,200,92,1,-1,-1,-1
264,148,2001,729,200,92,1,-1,-1,-1
265,148,2012,732,184,124,1,-1,-1,-1
265,151,700,720,92,124,1,-1,-1,-1
265,152,396,736,248,132,1,-1,-1,-1
265,153,148,792,332,136,1,-1,-1,-1
265,154,2332,696,228,100,1,-1,-1,-1
265,155,2172,732,168,136,1,-1,-1,-1
266,148,2010,733,184,124,1,-1,-1,-1
266,151,702,719,92,124,1,-1,-1,-1
266,152,393,737,248,132,1,-1,-1,-1
266,153,144,794,332,136,1,-1,-1,-1
266,154,2343,697,217,100,1,-1,-1,-1
266,155,2167,731,168,136,1,-1,-1,-1
267,148,2006,732,184,124,1,-1,-1,-1
267,151,705,720,92,124,1,-1,-1,-1
267,152,389,738,248,132,1,-1,-1,-1
267,153,133,796,332,136,1,-1,-1,-1
267,154,2353,702,207,95,1,-1,-1,-1
267,155,2161,730,168,136,1,-1,-1,-1
268,148,2002,732,184,124,1,-1,-1,-1
268,151,707,720,92,124,1,-1,-1,-1
268,152,387,741,248,132,1,-1,-1,-1
268,153,121,796,332,136,1,-1,-1,-1
268,155,2149,730,168,136,1,-1,-1,-1
269,148,1994,732,184,124,1,-1,-1,-1
269,152,384,743,248,132,1,-1,-1,-1
269,153,120,800,316,130,1,-1,-1,-1
270,148,1988,732,184,124,1,-1,-1,-1
270,152,382,743,248,132,1,-1,-1,-1
270,153,90,802,316,130,1,-1,-1,-1
271,148,1980,734,175,118,1,-1,-1,-1
271,152,380,744,248,132,1,-1,-1,-1
271,153,50,804,332,136,1,-1,-1,-1
272,148,1968,730,184,124,1,-1,-1,-1
272,152,376,745,248,132,1,-1,-1,-1
272,153,9,802,349,143,1,-1,-1,-1
273,148,1968,730,184,124,1,-1,-1,-1
273,152,380,740,236,144,1,-1,-1,-1
273,153,8,832,340,124,1,-1,-1,-1
273,156,672,724,108,132,1,-1,-1,-1
273,157,2224,704,252,160,1,-1,-1,-1
273,158,1592,708,92,96,1,-1,-1,-1
274,148,1936,729,184,124,1,-1,-1,-1
274,152,368,742,236,144,1,-1,-1,-1
274,153,0,834,314,124,1,-1,-1,-1
274,156,661,725,108,132,1,-1,-1,-1
274,157,2199,704,252,160,1,-1,-1,-1
274,158,1580,708,92,96,1,-1,-1,-1
275,148,1919,729,184,124,1,-1,-1,-1
275,152,354,744,236,144,1,-1,-1,-1
275,156,646,723,113,139,1,-1,-1,-1
275,158,1565,709,92,96,1,-1,-1,-1
276,148,1902,729,184,124,1,-1,-1,-1
276,152,341,748,236,144,1,-1,-1,-1
276,156,634,725,113,139,1,-1,-1,-1
276,158,1552,710,92,96,1,-1,-1,-1
277,152,325,751,236,144,1,-1,-1,-1
277,158,1538,711,92,96,1,-1,-1,-1
278,152,300,749,248,151,1,-1,-1,-1
278,158,1526,712,92,96,1,-1,-1,-1
279,158,1514,712,92,96,1,-1,-1,-1
280,158,1499,713,92,96,1,-1,-1,-1
281,158,1499,713,92,96,1,-1,-1,-1
281,159,540,732,160,144,1,-1,-1,-1
281,160,2368,812,192,120,1,-1,-1,-1
281,161,256,764,244,124,1,-1,-1,-1
281,162,2044,724,240,120,1,-1,-1,-1
281,163,1848,752,196,108,1,-1,-1,-1
282,159,529,733,160,144,1,-1,-1,-1
282,161,239,765,244,124,1,-1,-1,-1
282,162,2023,725,240,120,1,-1,-1,-1
282,163,1826,752,196,108,1,-1,-1,-1
283,159,519,734,160,144,1,-1,-1,-1
283,161,224,767,244,124,1,-1,-1,-1
283,162,2005,725,240,120,1,-1,-1,-1
283,163,1807,753,196,108,1,-1,-1,-1
284,159,506,735,160,144,1,-1,-1,-1
284,161,199,766,256,130,1,-1,-1,-1
284,162,1995,730,240,120,1,-1,-1,-1
284,163,1795,752,196,108,1,-1,-1,-1
285,159,492,737,160,144,1,-1,-1,-1
285,161,181,769,256,130,1,-1,-1,-1
285,162,1981,729,240,120,1,-1,-1,-1
286,159,479,738,160,144,1,-1,-1,-1
286,161,157,767,269,137,1,-1,-1,-1
287,159,467,741,160,144,1,-1,-1,-1
287,161,139,771,269,137,1,-1,-1,-1
288,159,456,743,160,144,1,-1,-1,-1
288,161,112,770,282,144,1,-1,-1,-1
289,159,444,744,180,140,1,-1,-1,-1
289,161,84,784,272,120,1,-1,-1,-1
289,164,1732,716,220,144,1,-1,-1,-1
289,165,1936,748,236,140,1,-1,-1,-1
289,166,2120,768,208,140,1,-1,-1,-1
289,167,1504,688,100,120,1,-1,-1,-1
289,168,1380,708,104,104,1,-1,-1,-1
289,169,1532,1224,180,168,1,-1,-1,-1
290,159,432,745,180,140,1,-1,-1,-1
290,161,63,783,272,120,1,-1,-1,-1
290,164,1719,716,220,144,1,-1,-1,-1
290,165,1920,747,236,140,1,-1,-1,-1
290,166,2101,766,208,140,1,-1,-1,-1
290,167,1493,688,100,120,1,-1,-1,-1
290,168,1368,709,104,104,1,-1,-1,-1
290,169,1508,1196,180,168,1,-1,-1,-1
291,159,419,747,180,140,1,-1,-1,-1
291,161,50,784,272,120,1,-1,-1,-1
291,164,1709,715,220,144,1,-1,-1,-1
291,165,1904,744,236,140,1,-1,-1,-1
291,167,1482,688,100,120,1,-1,-1,-1
291,168,1356,709,104,104,1,-1,-1,-1
291,169,1494,1166,180,168,1,-1,-1,-1
292,159,407,748,180,140,1,-1,-1,-1
292,161,30,783,272,120,1,-1,-1,-1
292,164,1697,714,220,144,1,-1,-1,-1
292,165,1889,743,236,140,1,-1,-1,-1
292,167,1471,687,100,120,1,-1,-1,-1
292,168,1343,710,104,104,1,-1,-1,-1
292,169,1493,1161,180,168,1,-1,-1,-1
293,159,393,749,180,140,1,-1,-1,-1
293,161,4,778,286,126,1,-1,-1,-1
293,164,1687,714,220,144,1,-1,-1,-1
293,165,1879,746,225,133,1,-1,-1,-1
293,167,1461,687,100,120,1,-1,-1,-1
293,168,1332,710,104,104,1,-1,-1,-1
293,169,1493,1176,180,168,1,-1,-1,-1
294,159,379,749,180,140,1,-1,-1,-1
294,164,1679,712,220,144,1,-1,-1,-1
294,167,1452,686,100,120,1,-1,-1,-1
294,168,1320,710,104,104,1,-1,-1,-1
294,169,1493,1207,180,168,1,-1,-1,-1
295,159,363,745,189,147,1,-1,-1,-1
295,164,1670,711,220,144,1,-1,-1,-1
295,167,1444,685,100,120,1,-1,-1,-1
295,168,1309,710,104,104,1,-1,-1,-1
295,169,1494,1227,180,168,1,-1,-1,-1
296,159,352,745,189,147,1,-1,-1,-1
296,164,1659,705,231,151,1,-1,-1,-1
296,167,1435,685,100,120,1,-1,-1,-1
296,169,1492,1225,180,168,1,-1,-1,-1
297,159,300,756,228,124,1,-1,-1,-1
297,164,1648,716,224,136,1,-1,-1,-1
297,167,1436,680,88,112,1,-1,-1,-1
297,169,1492,1225,180,168,1,-1,-1,-1
297,170,0,792,244,140,1,-1,-1,-1
297,171,1796,760,240,116,1,-1,-1,-1
297,172,1232,700,152,108,1,-1,-1,-1
297,173,1396,704,96,128,1,-1,-1,-1
297,174,1996,752,124,120,1,-1,-1,-1
298,159,286,756,228,124,1,-1,-1,-1
298,164,1643,716,224,136,1,-1,-1,-1
298,167,1430,679,88,112,1,-1,-1,-1
298,169,1471,1209,180,168,1,-1,-1,-1
298,170,0,789,228,147,1,-1,-1,-1
298,171,1793,764,229,110,1,-1,-1,-1
298,172,1223,699,152,108,1,-1,-1,-1
298,173,1390,704,96,128,1,-1,-1,-1
298,174,1989,751,124,120,1,-1,-1,-1
299,159,272,756,228,124,1,-1,-1,-1
299,164,1637,716,224,136,1,-1,-1,-1
299,167,1425,678,88,112,1,-1,-1,-1
299,169,1456,1217,180,168,1,-1,-1,-1
299,170,0,792,217,147,1,-1,-1,-1
299,171,1782,765,229,110,1,-1,-1,-1
299,172,1215,699,152,108,1,-1,-1,-1
299,173,1385,704,96,128,1,-1,-1,-1
299,174,1982,746,130,126,1,-1,-1,-1
300,159,250,753,239,130,1,-1,-1,-1
300,164,1631,715,224,136,1,-1,-1,-1
300,167,1420,678,88,112,1,-1,-1,-1
300,169,1444,1233,180,168,1,-1,-1,-1
300,170,0,791,199,147,1,-1,-1,-1
300,171,1771,763,240,116,1,-1,-1,-1
300,172,1203,694,160,113,1,-1,-1,-1
300,173,1380,702,96,128,1,-1,-1,-1
301,159,233,755,239,130,1,-1,-1,-1
301,164,1626,714,224,136,1,-1,-1,-1
301,167,1415,678,88,112,1,-1,-1,-1
301,169,1441,1249,180,168,1,-1,-1,-1
301,171,1760,762,240,116,1,-1,-1,-1
301,172,1198,694,160,113,1,-1,-1,-1
301,173,1376,702,96,128,1,-1,-1,-1
302,159,210,755,239,130,1,-1,-1,-1
302,164,1621,712,224,136,1,-1,-1,-1
302,167,1411,677,88,112,1,-1,-1,-1
302,169,1444,1264,180,168,1,-1,-1,-1
302,171,1756,760,240,116,1,-1,-1,-1
302,172,1194,693,160,113,1,-1,-1,-1
302,173,1372,701,96,128,1,-1,-1,-1
303,159,192,757,239,130,1,-1,-1,-1
303,164,1617,711,224,136,1,-1,-1,-1
303,167,1407,676,88,112,1,-1,-1,-1
303,169,1451,1274,180,166,1,-1,-1,-1
303,173,1368,700,96,128,1,-1,-1,-1
304,159,175,757,239,130,1,-1,-1,-1
304,164,1616,710,224,136,1,-1,-1,-1
304,167,1406,675,88,112,1,-1,-1,-1
304,169,1453,1281,180,159,1,-1,-1,-1
304,173,1366,699,96,128,1,-1,-1,-1
305,159,148,760,268,124,1,-1,-1,-1
305,164,1608,708,204,136,1,-1,-1,-1
305,167,1406,675,88,112,1,-1,-1,-1
305,169,1453,1281,180,159,1,-1,-1,-1
305,173,1364,688,96,136,1,-1,-1,-1
305,175,1964,728,136,144,1,-1,-1,-1
305,176,1748,740,192,128,1,-1,-1,-1
305,177,1104,700,204,96,1,-1,-1,-1
305,178,0,808,76,108,1,-1,-1,-1
306,159,135,756,281,130,1,-1,-1,-1
306,164,1607,707,204,136,1,-1,-1,-1
306,167,1402,674,88,112,1,-1,-1,-1
306,169,1441,1267,180,168,1,-1,-1,-1
306,173,1363,688,96,136,1,-1,-1,-1
306,175,1965,728,136,144,1,-1,-1,-1
306,176,1747,739,192,128,1,-1,-1,-1
306,177,1086,696,214,101,1,-1,-1,-1
306,178,0,805,65,108,1,-1,-1,-1
307,159,116,757,281,130,1,-1,-1,-1
307,164,1607,707,204,136,1,-1,-1,-1
307,167,1402,673,88,112,1,-1,-1,-1
307,169,1437,1253,180,168,1,-1,-1,-1
307,173,1364,688,96,136,1,-1,-1,-1
307,175,1967,730,136,144,1,-1,-1,-1
307,176,1746,738,192,128,1,-1,-1,-1
307,177,1065,691,225,106,1,-1,-1,-1
308,164,1607,706,204,136,1,-1,-1,-1
308,167,1401,673,88,112,1,-1,-1,-1
308,169,1437,1234,180,168,1,-1,-1,-1
308,173,1363,687,96,136,1,-1,-1,-1
308,175,1968,732,136,144,1,-1,-1,-1
308,176,1747,736,192,128,1,-1,-1,-1
308,177,1054,691,225,106,1,-1,-1,-1
309,164,1607,705,204,136,1,-1,-1,-1
309,167,1401,672,88,112,1,-1,-1,-1
309,169,1437,1221,180,168,1,-1,-1,-1
309,173,1362,687,96,136,1,-1,-1,-1
309,175,1970,734,136,144,1,-1,-1,-1
309,176,1748,734,192,128,1,-1,-1,-1
309,177,1036,687,225,106,1,-1,-1,-1
310,164,1607,704,204,136,1,-1,-1,-1
310,167,1401,672,88,112,1,-1,-1,-1
310,169,1438,1220,180,168,1,-1,-1,-1
310,173,1363,687,96,136,1,-1,-1,-1
310,175,1971,735,136,144,1,-1,-1,-1
310,176,1750,732,192,128,1,-1,-1,-1
311,164,1608,703,204,136,1,-1,-1,-1
311,167,1401,671,88,112,1,-1,-1,-1
311,169,1436,1223,180,168,1,-1,-1,-1
311,173,1363,686,96,136,1,-1,-1,-1
311,175,1971,734,136,144,1,-1,-1,-1
311,176,1752,728,192,128,1,-1,-1,-1
312,164,1609,702,204,136,1,-1,-1,-1
312,167,1401,671,88,112,1,-1,-1,-1
312,169,1435,1233,180,168,1,-1,-1,-1
312,173,1364,686,96,136,1,-1,-1,-1
312,175,1969,730,143,151,1,-1,-1,-1
312,176,1753,726,192,128,1,-1,-1,-1
313,164,1608,700,208,140,1,-1,-1,-1
313,167,1401,671,88,112,1,-1,-1,-1
313,169,1435,1233,180,168,1,-1,-1,-1
313,173,1364,686,96,136,1,-1,-1,-1
313,175,1956,736,156,144,1,-1,-1,-1
313,176,1772,716,172,144,1,-1,-1,-1
313,179,32,764,268,132,1,-1,-1,-1
313,180,1000,684,172,96,1,-1,-1,-1
314,164,1608,700,208,140,1,-1,-1,-1
314,167,1401,669,88,112,1,-1,-1,-1
314,169,1443,1243,180,168,1,-1,-1,-1
314,173,1364,685,96,136,1,-1,-1,-1
314,175,1956,736,156,144,1,-1,-1,-1
314,176,1773,715,172,144,1,-1,-1,-1
314,179,27,765,268,132,1,-1,-1,-1
314,180,993,683,172,96,1,-1,-1,-1
315,164,1610,699,208,140,1,-1,-1,-1
315,169,1445,1235,180,168,1,-1,-1,-1
315,173,1365,684,96,136,1,-1,-1,-1
315,175,1957,735,156,144,1,-1,-1,-1
315,176,1774,713,172,144,1,-1,-1,-1
315,179,20,765,268,132,1,-1,-1,-1
