1,0,1960,324,200,236,1,-1,-1,-1
1,1,388,648,176,184,1,-1,-1,-1
1,2,1368,124,92,264,1,-1,-1,-1
1,3,692,608,140,172,1,-1,-1,-1
1,4,1200,508,220,196,1,-1,-1,-1
1,5,312,580,164,196,1,-1,-1,-1
1,6,1540,284,128,192,1,-1,-1,-1
1,7,2140,104,112,272,1,-1,-1,-1
1,8,1496,448,216,204,1,-1,-1,-1
1,9,1168,424,256,156,1,-1,-1,-1
1,10,836,504,128,164,1,-1,-1,-1
2,0,1961,326,200,236,1,-1,-1,-1
2,1,389,650,176,184,1,-1,-1,-1
2,2,1370,133,88,251,1,-1,-1,-1
2,3,692,611,140,172,1,-1,-1,-1
2,4,1201,511,220,196,1,-1,-1,-1
2,5,312,582,164,196,1,-1,-1,-1
2,6,1541,286,128,192,1,-1,-1,-1
2,7,2141,105,112,272,1,-1,-1,-1
2,8,1497,450,216,204,1,-1,-1,-1
2,9,1172,428,256,156,1,-1,-1,-1
2,10,836,507,128,164,1,-1,-1,-1
3,0,1962,331,200,236,1,-1,-1,-1
3,1,390,654,176,184,1,-1,-1,-1
3,3,694,619,133,164,1,-1,-1,-1
3,4,1205,514,220,196,1,-1,-1,-1
3,5,314,586,164,196,1,-1,-1,-1
3,6,1540,290,128,192,1,-1,-1,-1
3,7,2142,108,112,272,1,-1,-1,-1
3,8,1500,455,216,204,1,-1,-1,-1
3,9,1180,436,244,149,1,-1,-1,-1
3,10,836,512,128,164,1,-1,-1,-1
4,0,1962,331,200,236,1,-1,-1,-1
4,1,393,656,176,184,1,-1,-1,-1
4,3,695,621,133,164,1,-1,-1,-1
4,5,315,591,164,196,1,-1,-1,-1
4,6,1541,298,122,183,1,-1,-1,-1
4,7,2142,109,112,272,1,-1,-1,-1
4,8,1502,458,216,204,1,-1,-1,-1
4,10,835,516,128,164,1,-1,-1,-1
5,0,1962,336,200,236,1,-1,-1,-1
5,1,396,658,176,184,1,-1,-1,-1
5,3,693,620,140,172,1,-1,-1,-1
5,5,317,596,164,196,1,-1,-1,-1
5,6,1541,301,122,183,1,-1,-1,-1
5,7,2142,111,112,272,1,-1,-1,-1
5,10,838,524,122,156,1,-1,-1,-1
6,0,1959,337,200,236,1,-1,-1,-1
6,1,395,662,176,184,1,-1,-1,-1
6,3,688,619,147,181,1,-1,-1,-1
6,5,317,599,164,196,1,-1,-1,-1
6,6,1541,304,122,183,1,-1,-1,-1
6,7,2142,113,112,272,1,-1,-1,-1
6,10,837,528,122,156,1,-1,-1,-1
7,0,1960,339,200,236,1,-1,-1,-1
7,1,397,665,176,184,1,-1,-1,-1
7,5,316,601,164,196,1,-1,-1,-1
7,6,1540,306,122,183,1,-1,-1,-1
7,10,836,530,122,156,1,-1,-1,-1
8,0,1960,342,200,236,1,-1,-1,-1
8,1,400,665,176,184,1,-1,-1,-1
8,5,319,604,164,196,1,-1,-1,-1
8,6,1539,308,122,183,1,-1,-1,-1
8,10,836,530,122,156,1,-1,-1,-1
9,0,1996,328,164,256,1,-1,-1,-1
9,1,380,660,172,196,1,-1,-1,-1
9,5,312,616,172,180,1,-1,-1,-1
9,6,1528,300,144,228,1,-1,-1,-1
9,10,836,530,122,156,1,-1,-1,-1
9,11,1216,524,264,196,1,-1,-1,-1
9,12,1360,168,100,248,1,-1,-1,-1
9,13,0,736,52,120,1,-1,-1,-1
9,14,1608,540,180,144,1,-1,-1,-1
9,15,1832,12,164,216,1,-1,-1,-1
9,16,1048,412,176,212,1,-1,-1,-1
10,0,1997,329,164,256,1,-1,-1,-1
10,1,382,663,172,196,1,-1,-1,-1
10,5,318,622,164,171,1,-1,-1,-1
10,6,1530,302,144,228,1,-1,-1,-1
10,10,837,535,122,156,1,-1,-1,-1
10,11,1217,527,264,196,1,-1,-1,-1
10,12,1361,167,100,248,1,-1,-1,-1
10,13,3,740,52,120,1,-1,-1,-1
10,14,1612,542,180,144,1,-1,-1,-1
10,15,1828,14,164,216,1,-1,-1,-1
10,16,1054,419,168,202,1,-1,-1,-1
11,0,1998,331,164,256,1,-1,-1,-1
11,1,384,665,172,196,1,-1,-1,-1
11,5,320,624,164,171,1,-1,-1,-1
11,6,1527,299,151,239,1,-1,-1,-1
11,10,837,538,122,156,1,-1,-1,-1
11,11,1223,528,264,196,1,-1,-1,-1
11,12,1362,168,100,248,1,-1,-1,-1
11,14,1620,544,180,144,1,-1,-1,-1
11,15,1825,15,164,216,1,-1,-1,-1
11,16,1056,421,168,202,1,-1,-1,-1
12,0,1999,337,164,256,1,-1,-1,-1
12,1,385,668,172,196,1,-1,-1,-1
12,5,318,621,172,180,1,-1,-1,-1
12,6,1525,303,151,239,1,-1,-1,-1
12,10,837,539,122,156,1,-1,-1,-1
12,11,1221,531,264,196,1,-1,-1,-1
12,15,1820,17,164,216,1,-1,-1,-1
12,16,1060,423,168,202,1,-1,-1,-1
13,0,1998,338,164,256,1,-1,-1,-1
13,1,387,671,172,196,1,-1,-1,-1
13,5,319,623,172,180,1,-1,-1,-1
13,6,1530,310,144,228,1,-1,-1,-1
13,10,837,541,122,156,1,-1,-1,-1
13,11,1226,531,264,196,1,-1,-1,-1
13,16,1059,427,168,202,1,-1,-1,-1
14,0,2000,339,164,256,1,-1,-1,-1
14,1,384,668,181,206,1,-1,-1,-1
14,5,321,626,172,180,1,-1,-1,-1
14,6,1533,319,137,217,1,-1,-1,-1
14,10,837,542,122,156,1,-1,-1,-1
14,16,1060,426,168,202,1,-1,-1,-1
15,0,2005,340,164,256,1,-1,-1,-1
15,1,386,671,181,206,1,-1,-1,-1
15,5,324,629,172,180,1,-1,-1,-1
15,10,839,544,122,156,1,-1,-1,-1
15,16,1055,425,176,212,1,-1,-1,-1
16,0,2005,342,164,256,1,-1,-1,-1
16,1,388,674,181,206,1,-1,-1,-1
16,5,327,632,172,180,1,-1,-1,-1
16,10,840,548,122,156,1,-1,-1,-1
17,0,2004,352,160,244,1,-1,-1,-1
17,1,388,674,181,206,1,-1,-1,-1
17,5,336,636,160,184,1,-1,-1,-1
17,10,840,548,122,156,1,-1,-1,-1
17,17,0,768,92,160,1,-1,-1,-1
17,18,1236,548,248,192,1,-1,-1,-1
17,19,728,636,112,184,1,-1,-1,-1
17,20,1372,176,100,244,1,-1,-1,-1
17,21,1536,480,220,180,1,-1,-1,-1
17,22,1672,456,224,212,1,-1,-1,-1
17,23,968,616,176,176,1,-1,-1,-1
17,24,1524,340,168,212,1,-1,-1,-1
17,25,656,564,100,192,1,-1,-1,-1
17,26,1048,412,184,184,1,-1,-1,-1
18,0,2004,354,160,244,1,-1,-1,-1
18,1,397,683,172,196,1,-1,-1,-1
18,5,337,639,160,184,1,-1,-1,-1
18,17,1,770,92,160,1,-1,-1,-1
18,18,1237,549,248,192,1,-1,-1,-1
18,19,731,643,107,175,1,-1,-1,-1
18,20,1375,182,95,232,1,-1,-1,-1
18,21,1537,482,220,180,1,-1,-1,-1
18,22,1674,459,224,212,1,-1,-1,-1
18,23,968,617,176,176,1,-1,-1,-1
18,24,1524,341,168,212,1,-1,-1,-1
18,25,656,566,100,192,1,-1,-1,-1
18,26,1049,414,184,184,1,-1,-1,-1
19,0,2008,354,160,244,1,-1,-1,-1
19,1,400,686,172,196,1,-1,-1,-1
19,5,341,639,160,184,1,-1,-1,-1
19,17,3,770,92,160,1,-1,-1,-1
19,18,1242,551,248,192,1,-1,-1,-1
19,19,732,646,107,175,1,-1,-1,-1
19,21,1543,482,220,180,1,-1,-1,-1
19,22,1676,458,224,212,1,-1,-1,-1
19,23,970,618,176,176,1,-1,-1,-1
19,24,1529,346,160,202,1,-1,-1,-1
19,25,657,565,100,192,1,-1,-1,-1
19,26,1049,417,184,184,1,-1,-1,-1
20,0,2007,355,160,244,1,-1,-1,-1
20,1,401,688,172,196,1,-1,-1,-1
20,5,343,641,160,184,1,-1,-1,-1
20,17,5,770,92,160,1,-1,-1,-1
20,18,1245,554,248,192,1,-1,-1,-1
20,19,733,645,107,175,1,-1,-1,-1
20,21,1547,483,220,180,1,-1,-1,-1
20,22,1677,458,224,212,1,-1,-1,-1
20,23,972,617,176,176,1,-1,-1,-1
20,24,1534,353,152,192,1,-1,-1,-1
20,25,656,566,100,192,1,-1,-1,-1
20,26,1048,419,184,184,1,-1,-1,-1
21,0,2010,353,160,244,1,-1,-1,-1
21,1,403,687,172,196,1,-1,-1,-1
21,5,348,642,160,184,1,-1,-1,-1
21,17,4,763,97,168,1,-1,-1,-1
21,18,1251,557,236,183,1,-1,-1,-1
21,19,734,644,107,175,1,-1,-1,-1
21,21,1549,484,220,180,1,-1,-1,-1
21,22,1680,460,224,212,1,-1,-1,-1
21,23,972,617,176,176,1,-1,-1,-1
21,24,1533,354,152,192,1,-1,-1,-1
21,25,654,561,105,202,1,-1,-1,-1
21,26,1047,419,184,184,1,-1,-1,-1
22,1,404,686,172,196,1,-1,-1,-1
22,5,350,640,160,184,1,-1,-1,-1
22,17,6,760,97,168,1,-1,-1,-1
22,18,1256,564,225,174,1,-1,-1,-1
22,19,733,645,107,175,1,-1,-1,-1
22,21,1550,482,220,180,1,-1,-1,-1
22,22,1676,456,235,223,1,-1,-1,-1
22,23,974,617,176,176,1,-1,-1,-1
22,24,1535,357,145,183,1,-1,-1,-1
22,26,1047,420,184,184,1,-1,-1,-1
23,1,404,684,172,196,1,-1,-1,-1
23,5,352,637,160,184,1,-1,-1,-1
23,17,8,757,97,168,1,-1,-1,-1
23,18,1264,565,214,166,1,-1,-1,-1
23,23,975,613,176,176,1,-1,-1,-1
23,24,1536,351,145,183,1,-1,-1,-1
23,26,1045,418,184,184,1,-1,-1,-1
24,1,404,681,172,196,1,-1,-1,-1
24,5,360,636,152,175,1,-1,-1,-1
24,24,1534,345,145,183,1,-1,-1,-1
24,26,1043,413,184,184,1,-1,-1,-1
25,1,416,656,212,220,1,-1,-1,-1
25,5,360,644,168,164,1,-1,-1,-1
25,24,1536,324,160,236,1,-1,-1,-1
25,26,1064,424,168,164,1,-1,-1,-1
25,27,0,732,104,188,1,-1,-1,-1
25,28,1260,544,212,184,1,-1,-1,-1
25,29,2028,312,148,256,1,-1,-1,-1
25,30,1548,460,260,212,1,-1,-1,-1
25,31,728,632,128,176,1,-1,-1,-1
25,32,1368,180,96,236,1,-1,-1,-1
25,33,984,572,180,200,1,-1,-1,-1
25,34,1796,452,160,148,1,-1,-1,-1
25,35,1444,472,132,196,1,-1,-1,-1
25,36,1372,416,164,132,1,-1,-1,-1
25,37,1660,504,160,180,1,-1,-1,-1
26,1,417,655,212,220,1,-1,-1,-1
26,5,362,643,168,164,1,-1,-1,-1
26,24,1537,323,160,236,1,-1,-1,-1
26,26,1065,423,168,164,1,-1,-1,-1
26,27,1,730,104,188,1,-1,-1,-1
26,28,1264,541,212,184,1,-1,-1,-1
26,29,2030,308,148,256,1,-1,-1,-1
26,30,1557,464,248,202,1,-1,-1,-1
26,31,729,629,128,176,1,-1,-1,-1
26,32,1368,176,96,236,1,-1,-1,-1
26,33,985,570,180,200,1,-1,-1,-1
26,34,1801,450,160,148,1,-1,-1,-1
26,35,1447,469,132,196,1,-1,-1,-1
26,36,1375,414,164,132,1,-1,-1,-1
26,37,1666,506,152,171,1,-1,-1,-1
27,1,420,655,212,220,1,-1,-1,-1
27,5,364,641,168,164,1,-1,-1,-1
27,24,1537,321,160,236,1,-1,-1,-1
27,26,1067,420,168,164,1,-1,-1,-1
27,27,2,727,104,188,1,-1,-1,-1
27,28,1270,540,212,184,1,-1,-1,-1
27,29,2032,306,148,256,1,-1,-1,-1
27,30,1559,464,248,202,1,-1,-1,-1
27,31,729,624,134,185,1,-1,-1,-1
27,32,1368,175,96,236,1,-1,-1,-1
27,33,984,570,180,200,1,-1,-1,-1
27,34,1808,450,160,148,1,-1,-1,-1
27,35,1448,467,132,196,1,-1,-1,-1
27,36,1378,414,164,132,1,-1,-1,-1
27,37,1670,505,152,171,1,-1,-1,-1
28,1,421,654,212,220,1,-1,-1,-1
28,5,366,641,168,164,1,-1,-1,-1
28,24,1539,319,160,236,1,-1,-1,-1
28,26,1068,420,168,164,1,-1,-1,-1
28,27,3,725,104,188,1,-1,-1,-1
28,28,1273,540,212,184,1,-1,-1,-1
28,29,2038,312,141,244,1,-1,-1,-1
28,30,1561,462,248,202,1,-1,-1,-1
28,31,731,622,134,185,1,-1,-1,-1
28,32,1368,174,96,236,1,-1,-1,-1
28,33,986,570,180,200,1,-1,-1,-1
28,36,1380,414,164,132,1,-1,-1,-1
28,37,1669,502,160,180,1,-1,-1,-1
29,1,424,654,212,220,1,-1,-1,-1
29,5,370,641,168,164,1,-1,-1,-1
29,24,1538,319,160,236,1,-1,-1,-1
29,26,1070,420,168,164,1,-1,-1,-1
29,27,3,727,104,188,1,-1,-1,-1
29,28,1276,541,212,184,1,-1,-1,-1
29,29,2042,308,141,244,1,-1,-1,-1
29,30,1561,462,248,202,1,-1,-1,-1
29,31,732,622,134,185,1,-1,-1,-1
29,33,989,568,180,200,1,-1,-1,-1
29,37,1673,501,160,180,1,-1,-1,-1
30,1,424,654,212,220,1,-1,-1,-1
30,5,372,639,168,164,1,-1,-1,-1
30,24,1539,318,160,236,1,-1,-1,-1
30,26,1071,420,168,164,1,-1,-1,-1
30,27,5,731,104,188,1,-1,-1,-1
30,28,1279,542,212,184,1,-1,-1,-1
30,29,2043,306,141,244,1,-1,-1,-1
30,30,1562,460,248,202,1,-1,-1,-1
30,31,733,618,134,185,1,-1,-1,-1
30,33,989,570,180,200,1,-1,-1,-1
30,37,1676,500,160,180,1,-1,-1,-1
31,1,430,654,212,220,1,-1,-1,-1
31,5,376,637,168,164,1,-1,-1,-1
31,24,1540,317,160,236,1,-1,-1,-1
31,26,1076,423,160,156,1,-1,-1,-1
31,27,8,732,104,188,1,-1,-1,-1
31,28,1282,541,212,184,1,-1,-1,-1
31,31,734,616,134,185,1,-1,-1,-1
31,33,990,564,189,210,1,-1,-1,-1
32,1,437,655,202,210,1,-1,-1,-1
32,5,380,635,168,164,1,-1,-1,-1
32,24,1541,313,160,236,1,-1,-1,-1
32,26,1080,421,160,156,1,-1,-1,-1
32,28,1284,541,212,184,1,-1,-1,-1
32,31,737,616,134,185,1,-1,-1,-1
33,1,436,668,184,192,1,-1,-1,-1
33,5,380,612,176,180,1,-1,-1,-1
33,24,1548,300,148,216,1,-1,-1,-1
33,26,1092,400,148,204,1,-1,-1,-1
33,28,1296,536,220,180,1,-1,-1,-1
33,31,744,612,132,180,1,-1,-1,-1
33,38,0,736,120,172,1,-1,-1,-1
33,39,1368,144,96,248,1,-1,-1,-1
33,40,652,548,132,184,1,-1,-1,-1
33,41,1800,428,188,172,1,-1,-1,-1
33,42,2056,272,120,268,1,-1,-1,-1
33,43,996,584,196,168,1,-1,-1,-1
33,44,1576,436,264,216,1,-1,-1,-1
33,45,1724,4,160,200,1,-1,-1,-1
33,46,1368,408,208,156,1,-1,-1,-1
34,1,453,644,184,192,1,-1,-1,-1
34,5,399,594,168,171,1,-1,-1,-1
34,24,1558,278,148,216,1,-1,-1,-1
34,26,1102,380,148,204,1,-1,-1,-1
34,28,1311,514,220,180,1,-1,-1,-1
34,31,759,589,132,180,1,-1,-1,-1
34,38,16,716,120,172,1,-1,-1,-1
34,40,666,525,132,184,1,-1,-1,-1
34,41,1814,405,188,172,1,-1,-1,-1
34,42,2064,248,120,268,1,-1,-1,-1
34,43,1009,561,196,168,1,-1,-1,-1
34,44,1587,412,264,216,1,-1,-1,-1
34,45,1731,0,160,186,1,-1,-1,-1
34,46,1381,385,208,156,1,-1,-1,-1
35,1,469,617,184,192,1,-1,-1,-1
35,5,415,566,168,171,1,-1,-1,-1
35,24,1574,251,148,216,1,-1,-1,-1
35,26,1118,353,148,204,1,-1,-1,-1
35,28,1332,494,210,171,1,-1,-1,-1
35,31,773,563,132,180,1,-1,-1,-1
35,38,34,691,120,172,1,-1,-1,-1
35,40,684,504,132,184,1,-1,-1,-1
35,43,1022,536,196,168,1,-1,-1,-1
35,44,1605,387,264,216,1,-1,-1,-1
35,45,1747,0,152,158,1,-1,-1,-1
35,46,1395,361,208,156,1,-1,-1,-1
36,1,477,606,175,183,1,-1,-1,-1
36,5,420,550,168,171,1,-1,-1,-1
36,24,1577,233,148,216,1,-1,-1,-1
36,26,1123,336,148,204,1,-1,-1,-1
36,28,1337,476,210,171,1,-1,-1,-1
36,31,779,547,132,180,1,-1,-1,-1
36,38,44,675,120,172,1,-1,-1,-1
36,40,687,485,132,184,1,-1,-1,-1
36,43,1028,519,196,168,1,-1,-1,-1
36,45,1751,0,152,142,1,-1,-1,-1
36,46,1400,343,208,156,1,-1,-1,-1
37,1,485,593,175,183,1,-1,-1,-1
37,5,428,539,168,171,1,-1,-1,-1
37,24,1580,224,148,216,1,-1,-1,-1
37,28,1347,471,200,163,1,-1,-1,-1
37,31,792,541,132,180,1,-1,-1,-1
37,40,696,471,132,184,1,-1,-1,-1
37,43,1035,506,196,168,1,-1,-1,-1
38,5,435,536,168,171,1,-1,-1,-1
38,24,1585,217,148,216,1,-1,-1,-1
38,28,1358,465,200,163,1,-1,-1,-1
38,31,797,533,132,180,1,-1,-1,-1
38,40,704,468,132,184,1,-1,-1,-1
38,43,1040,502,196,168,1,-1,-1,-1
39,5,435,532,176,180,1,-1,-1,-1
39,24,1590,215,148,216,1,-1,-1,-1
39,28,1361,462,200,163,1,-1,-1,-1
39,31,804,539,126,171,1,-1,-1,-1
39,40,708,464,139,193,1,-1,-1,-1
39,43,1046,502,196,168,1,-1,-1,-1
40,5,441,538,176,180,1,-1,-1,-1
40,24,1598,223,141,206,1,-1,-1,-1
40,28,1367,466,200,163,1,-1,-1,-1
40,40,717,473,132,184,1,-1,-1,-1
40,43,1049,503,196,168,1,-1,-1,-1
41,5,441,538,176,180,1,-1,-1,-1
41,24,1604,248,140,192,1,-1,-1,-1
41,28,1360,492,180,156,1,-1,-1,-1
41,40,700,496,140,172,1,-1,-1,-1
41,43,1048,516,212,160,1,-1,-1,-1
41,47,0,680,200,172,1,-1,-1,-1
41,48,804,536,164,184,1,-1,-1,-1
41,49,448,560,216,232,1,-1,-1,-1
41,50,1416,100,88,224,1,-1,-1,-1
41,51,2104,196,116,268,1,-1,-1,-1
41,52,1916,348,168,152,1,-1,-1,-1
41,53,1128,328,144,184,1,-1,-1,-1
41,54,1724,416,208,184,1,-1,-1,-1
41,55,2208,4,112,236,1,-1,-1,-1
42,5,451,557,168,171,1,-1,-1,-1
42,24,1608,251,140,192,1,-1,-1,-1
42,28,1363,497,180,156,1,-1,-1,-1
42,40,702,501,140,172,1,-1,-1,-1
42,43,1049,519,212,160,1,-1,-1,-1
42,47,4,684,200,172,1,-1,-1,-1
42,48,809,542,164,184,1,-1,-1,-1
42,49,446,559,227,244,1,-1,-1,-1
42,50,1416,102,88,224,1,-1,-1,-1
42,51,2108,204,110,255,1,-1,-1,-1
42,52,1915,349,176,160,1,-1,-1,-1
42,53,1131,332,144,184,1,-1,-1,-1
42,54,1728,421,208,184,1,-1,-1,-1
42,55,2210,7,112,236,1,-1,-1,-1
43,24,1612,257,140,192,1,-1,-1,-1
43,28,1368,502,180,156,1,-1,-1,-1
43,40,707,507,140,172,1,-1,-1,-1
43,43,1045,521,223,168,1,-1,-1,-1
43,47,10,690,200,172,1,-1,-1,-1
43,48,815,549,164,184,1,-1,-1,-1
43,49,451,566,227,244,1,-1,-1,-1
43,50,1416,100,92,235,1,-1,-1,-1
43,51,2112,214,105,243,1,-1,-1,-1
43,52,1928,358,168,152,1,-1,-1,-1
43,53,1135,338,144,184,1,-1,-1,-1
43,54,1739,430,198,175,1,-1,-1,-1
43,55,2213,10,112,236,1,-1,-1,-1
44,24,1615,260,140,192,1,-1,-1,-1
44,28,1371,504,180,156,1,-1,-1,-1
44,40,709,508,140,172,1,-1,-1,-1
44,43,1049,525,223,168,1,-1,-1,-1
44,47,13,692,200,172,1,-1,-1,-1
44,48,818,553,164,184,1,-1,-1,-1
44,49,454,567,227,244,1,-1,-1,-1
44,51,2112,217,105,243,1,-1,-1,-1
44,52,1933,361,168,152,1,-1,-1,-1
44,53,1136,340,144,184,1,-1,-1,-1
44,54,1740,431,198,175,1,-1,-1,-1
44,55,2212,7,118,248,1,-1,-1,-1
45,24,1616,260,140,192,1,-1,-1,-1
45,28,1373,505,180,156,1,-1,-1,-1
45,40,710,508,140,172,1,-1,-1,-1
45,43,1050,527,223,168,1,-1,-1,-1
45,47,18,695,200,172,1,-1,-1,-1
45,48,823,561,156,175,1,-1,-1,-1
45,49,454,572,227,244,1,-1,-1,-1
45,51,2109,210,110,255,1,-1,-1,-1
45,52,1936,360,168,152,1,-1,-1,-1
45,53,1137,340,144,184,1,-1,-1,-1
45,54,1742,432,198,175,1,-1,-1,-1
45,55,2212,8,118,248,1,-1,-1,-1
46,24,1611,258,147,202,1,-1,-1,-1
46,28,1372,508,180,156,1,-1,-1,-1
46,40,708,511,140,172,1,-1,-1,-1
46,43,1047,527,223,168,1,-1,-1,-1
46,47,19,699,200,172,1,-1,-1,-1
46,48,822,564,156,175,1,-1,-1,-1
46,49,450,576,227,244,1,-1,-1,-1
46,51,2107,211,110,255,1,-1,-1,-1
46,52,1940,367,160,145,1,-1,-1,-1
46,53,1134,341,144,184,1,-1,-1,-1
46,54,1737,430,208,184,1,-1,-1,-1
46,55,2208,9,118,248,1,-1,-1,-1
47,28,1368,524,180,156,1,-1,-1,-1
47,40,703,524,140,172,1,-1,-1,-1
47,43,1040,546,223,168,1,-1,-1,-1
47,47,17,714,200,172,1,-1,-1,-1
47,49,443,589,227,244,1,-1,-1,-1
47,53,1129,355,144,184,1,-1,-1,-1
47,54,1733,444,208,184,1,-1,-1,-1
47,55,2199,11,123,260,1,-1,-1,-1
48,28,1365,541,180,156,1,-1,-1,-1
48,40,698,542,140,172,1,-1,-1,-1
48,47,16,735,200,172,1,-1,-1,-1
48,49,440,608,227,244,1,-1,-1,-1
48,53,1124,375,144,184,1,-1,-1,-1
48,54,1724,460,218,193,1,-1,-1,-1
49,28,1352,540,188,188,1,-1,-1,-1
49,40,688,548,144,180,1,-1,-1,-1
49,47,0,752,224,176,1,-1,-1,-1
49,49,440,608,227,244,1,-1,-1,-1
49,53,1124,384,148,172,1,-1,-1,-1
49,54,1664,440,272,240,1,-1,-1,-1
49,56,1044,600,220,156,1,-1,-1,-1
49,57,812,656,192,136,1,-1,-1,-1
49,58,1912,416,184,184,1,-1,-1,-1
49,59,2192,40,108,280,1,-1,-1,-1
49,60,1600,292,132,200,1,-1,-1,-1
49,61,1396,148,92,236,1,-1,-1,-1
50,28,1352,545,188,188,1,-1,-1,-1
50,40,688,552,144,180,1,-1,-1,-1
50,47,5,757,224,176,1,-1,-1,-1
50,49,446,638,216,232,1,-1,-1,-1
50,53,1125,391,148,172,1,-1,-1,-1
50,54,1667,443,272,240,1,-1,-1,-1
50,56,1043,605,220,156,1,-1,-1,-1
50,57,811,659,192,136,1,-1,-1,-1
50,58,1912,421,184,184,1,-1,-1,-1
50,59,2191,43,108,280,1,-1,-1,-1
50,60,1600,296,132,200,1,-1,-1,-1
50,61,1394,152,92,236,1,-1,-1,-1
51,28,1355,547,188,188,1,-1,-1,-1
51,40,689,555,144,180,1,-1,-1,-1
51,47,9,763,224,176,1,-1,-1,-1
51,49,448,644,216,232,1,-1,-1,-1
51,53,1126,395,148,172,1,-1,-1,-1
51,54,1666,440,286,252,1,-1,-1,-1
51,56,1047,607,220,156,1,-1,-1,-1
51,57,814,659,192,136,1,-1,-1,-1
51,58,1917,423,184,184,1,-1,-1,-1
51,59,2192,45,108,280,1,-1,-1,-1
51,60,1603,297,132,200,1,-1,-1,-1
51,61,1397,160,88,225,1,-1,-1,-1
52,28,1357,550,188,188,1,-1,-1,-1
52,40,689,559,144,180,1,-1,-1,-1
52,47,9,762,235,185,1,-1,-1,-1
52,49,451,646,216,232,1,-1,-1,-1
52,53,1127,399,148,172,1,-1,-1,-1
52,54,1660,433,300,265,1,-1,-1,-1
52,56,1048,611,220,156,1,-1,-1,-1
52,57,815,663,192,136,1,-1,-1,-1
52,58,1920,427,184,184,1,-1,-1,-1
52,59,2190,45,108,280,1,-1,-1,-1
52,60,1609,303,126,190,1,-1,-1,-1
53,28,1357,554,188,188,1,-1,-1,-1
53,40,690,561,144,180,1,-1,-1,-1
53,47,12,766,235,185,1,-1,-1,-1
53,49,454,646,216,232,1,-1,-1,-1
53,53,1127,402,148,172,1,-1,-1,-1
53,56,1050,612,220,156,1,-1,-1,-1
53,57,816,665,192,136,1,-1,-1,-1
53,58,1922,428,184,184,1,-1,-1,-1
53,59,2189,47,108,280,1,-1,-1,-1
53,60,1612,305,126,190,1,-1,-1,-1
54,28,1359,556,188,188,1,-1,-1,-1
54,40,690,566,144,180,1,-1,-1,-1
54,47,16,767,235,185,1,-1,-1,-1
54,53,1132,408,141,164,1,-1,-1,-1
54,56,1052,616,220,156,1,-1,-1,-1
54,57,813,660,202,143,1,-1,-1,-1
54,58,1922,431,184,184,1,-1,-1,-1
54,59,2189,45,108,280,1,-1,-1,-1
54,60,1615,308,126,190,1,-1,-1,-1
55,28,1361,560,188,188,1,-1,-1,-1
55,40,690,569,144,180,1,-1,-1,-1
55,47,22,769,235,185,1,-1,-1,-1
55,53,1130,412,141,164,1,-1,-1,-1
55,56,1054,617,220,156,1,-1,-1,-1
55,57,809,661,212,150,1,-1,-1,-1
55,60,1616,311,126,190,1,-1,-1,-1
56,28,1362,561,188,188,1,-1,-1,-1
56,40,686,568,151,189,1,-1,-1,-1
56,47,27,771,235,185,1,-1,-1,-1
56,53,1130,414,141,164,1,-1,-1,-1
56,56,1057,619,220,156,1,-1,-1,-1
57,28,1380,572,200,180,1,-1,-1,-1
57,40,686,568,151,189,1,-1,-1,-1
57,47,36,784,236,172,1,-1,-1,-1
57,53,1140,428,136,132,1,-1,-1,-1
57,56,1064,616,236,164,1,-1,-1,-1
57,62,820,660,216,156,1,-1,-1,-1
57,63,480,712,152,184,1,-1,-1,-1
57,64,2096,300,116,240,1,-1,-1,-1
57,65,1692,464,236,224,1,-1,-1,-1
57,66,2192,84,108,212,1,-1,-1,-1
57,67,1388,164,100,240,1,-1,-1,-1
57,68,1920,460,204,176,1,-1,-1,-1
57,69,1616,312,128,220,1,-1,-1,-1
58,28,1383,574,200,180,1,-1,-1,-1
58,47,41,785,236,172,1,-1,-1,-1
58,53,1140,429,136,132,1,-1,-1,-1
58,56,1067,616,236,164,1,-1,-1,-1
58,62,825,665,206,149,1,-1,-1,-1
58,63,480,712,152,184,1,-1,-1,-1
58,64,2096,299,116,240,1,-1,-1,-1
58,65,1694,466,236,224,1,-1,-1,-1
58,66,2192,82,108,212,1,-1,-1,-1
58,67,1388,165,100,240,1,-1,-1,-1
58,68,1922,462,204,176,1,-1,-1,-1
58,69,1617,313,128,220,1,-1,-1,-1
59,28,1385,576,200,180,1,-1,-1,-1
59,47,47,788,236,172,1,-1,-1,-1
59,53,1144,434,130,126,1,-1,-1,-1
59,56,1070,618,236,164,1,-1,-1,-1
59,62,826,667,206,149,1,-1,-1,-1
59,63,480,712,152,184,1,-1,-1,-1
59,64,2097,299,116,240,1,-1,-1,-1
59,65,1696,467,236,224,1,-1,-1,-1
59,66,2193,80,108,212,1,-1,-1,-1
59,67,1387,168,100,240,1,-1,-1,-1
59,68,1925,462,204,176,1,-1,-1,-1
59,69,1620,314,128,220,1,-1,-1,-1
60,28,1388,579,200,180,1,-1,-1,-1
60,47,51,791,236,172,1,-1,-1,-1
60,53,1145,435,130,126,1,-1,-1,-1
60,56,1073,617,236,164,1,-1,-1,-1
60,62,828,669,206,149,1,-1,-1,-1
60,63,479,715,152,184,1,-1,-1,-1
60,64,2098,298,116,240,1,-1,-1,-1
60,65,1699,469,236,224,1,-1,-1,-1
60,66,2194,80,108,212,1,-1,-1,-1
60,67,1385,168,100,240,1,-1,-1,-1
60,68,1928,464,204,176,1,-1,-1,-1
60,69,1621,314,128,220,1,-1,-1,-1
61,28,1390,580,200,180,1,-1,-1,-1
61,47,49,790,248,181,1,-1,-1,-1
61,53,1145,435,130,126,1,-1,-1,-1
61,56,1077,620,236,164,1,-1,-1,-1
61,62,830,670,206,149,1,-1,-1,-1
61,64,2100,298,116,240,1,-1,-1,-1
61,65,1702,470,236,224,1,-1,-1,-1
61,66,2195,79,108,212,1,-1,-1,-1
61,67,1382,162,105,252,1,-1,-1,-1
61,68,1928,467,204,176,1,-1,-1,-1
61,69,1623,313,128,220,1,-1,-1,-1
62,28,1390,583,200,180,1,-1,-1,-1
62,47,69,796,236,172,1,-1,-1,-1
62,53,1147,437,130,126,1,-1,-1,-1
62,56,1087,629,225,156,1,-1,-1,-1
62,62,832,670,206,149,1,-1,-1,-1
62,64,2098,293,122,252,1,-1,-1,-1
62,65,1704,474,236,224,1,-1,-1,-1
62,66,2195,80,108,212,1,-1,-1,-1
62,67,1381,161,105,252,1,-1,-1,-1
62,68,1930,468,204,176,1,-1,-1,-1
62,69,1625,317,128,220,1,-1,-1,-1
63,28,1395,583,200,180,1,-1,-1,-1
63,47,80,803,225,164,1,-1,-1,-1
63,53,1150,438,130,126,1,-1,-1,-1
63,62,840,675,196,141,1,-1,-1,-1
63,65,1706,477,236,224,1,-1,-1,-1
63,69,1623,319,128,220,1,-1,-1,-1
64,28,1399,582,200,180,1,-1,-1,-1
64,53,1152,437,130,126,1,-1,-1,-1
64,62,840,677,196,141,1,-1,-1,-1
64,65,1712,483,225,213,1,-1,-1,-1
64,69,1624,321,128,220,1,-1,-1,-1
65,28,1420,588,168,168,1,-1,-1,-1
65,53,1152,437,130,126,1,-1,-1,-1
65,62,840,640,164,188,1,-1,-1,-1
65,65,1712,483,225,213,1,-1,-1,-1
65,69,1624,321,128,220,1,-1,-1,-1
65,70,92,792,208,176,1,-1,-1,-1
65,71,1100,620,232,176,1,-1,-1,-1
65,72,460,728,148,176,1,-1,-1,-1
65,73,1384,184,92,236,1,-1,-1,-1
65,74,528,692,184,124,1,-1,-1,-1
66,28,1424,586,168,168,1,-1,-1,-1
66,53,1154,436,130,126,1,-1,-1,-1
66,62,841,639,164,188,1,-1,-1,-1
66,65,1715,483,225,213,1,-1,-1,-1
66,70,96,790,208,176,1,-1,-1,-1
66,71,1104,622,232,176,1,-1,-1,-1
66,72,460,728,148,176,1,-1,-1,-1
66,73,1384,183,92,236,1,-1,-1,-1
66,74,526,689,193,130,1,-1,-1,-1
67,28,1430,586,168,168,1,-1,-1,-1
67,62,844,640,164,188,1,-1,-1,-1
67,65,1718,485,225,213,1,-1,-1,-1
67,70,102,793,208,176,1,-1,-1,-1
67,71,1109,622,232,176,1,-1,-1,-1
67,72,460,730,148,176,1,-1,-1,-1
67,74,530,688,193,130,1,-1,-1,-1
68,28,1435,586,168,168,1,-1,-1,-1
68,62,850,641,164,188,1,-1,-1,-1
68,70,109,792,208,176,1,-1,-1,-1
68,71,1112,623,232,176,1,-1,-1,-1
68,72,461,730,148,176,1,-1,-1,-1
68,74,536,688,193,130,1,-1,-1,-1
69,28,1442,587,168,168,1,-1,-1,-1
69,62,854,642,164,188,1,-1,-1,-1
69,70,123,797,198,168,1,-1,-1,-1
69,71,1120,627,232,176,1,-1,-1,-1
69,72,462,734,148,176,1,-1,-1,-1
69,74,548,690,184,124,1,-1,-1,-1
70,28,1447,590,168,168,1,-1,-1,-1
70,62,859,644,164,188,1,-1,-1,-1
70,70,140,800,189,160,1,-1,-1,-1
70,71,1124,628,232,176,1,-1,-1,-1
71,28,1453,592,168,168,1,-1,-1,-1
71,62,863,644,164,188,1,-1,-1,-1
71,70,148,803,189,160,1,-1,-1,-1
71,71,1127,628,232,176,1,-1,-1,-1
72,28,1457,593,168,168,1,-1,-1,-1
72,62,868,643,164,188,1,-1,-1,-1
72,70,154,804,189,160,1,-1,-1,-1
72,71,1126,623,244,185,1,-1,-1,-1
73,28,1432,588,224,180,1,-1,-1,-1
73,62,876,656,204,168,1,-1,-1,-1
73,70,164,804,192,160,1,-1,-1,-1
73,71,1136,624,236,180,1,-1,-1,-1
73,75,456,732,148,164,1,-1,-1,-1
73,76,1408,184,88,236,1,-1,-1,-1
73,77,760,592,120,196,1,-1,-1,-1
73,78,1392,544,140,156,1,-1,-1,-1
73,79,1760,504,260,204,1,-1,-1,-1
73,80,1640,320,108,184,1,-1,-1,-1
73,81,580,656,188,180,1,-1,-1,-1
74,28,1437,589,224,180,1,-1,-1,-1
74,62,879,655,204,168,1,-1,-1,-1
74,70,169,803,192,160,1,-1,-1,-1
74,71,1144,629,225,171,1,-1,-1,-1
74,75,457,732,148,164,1,-1,-1,-1
74,76,1407,186,88,236,1,-1,-1,-1
74,77,764,593,120,196,1,-1,-1,-1
74,78,1396,545,140,156,1,-1,-1,-1
74,79,1768,509,248,194,1,-1,-1,-1
74,80,1641,320,108,184,1,-1,-1,-1
74,81,583,656,188,180,1,-1,-1,-1
75,28,1442,589,224,180,1,-1,-1,-1
75,62,882,656,204,168,1,-1,-1,-1
75,70,177,806,192,160,1,-1,-1,-1
75,71,1143,625,236,180,1,-1,-1,-1
75,75,458,734,148,164,1,-1,-1,-1
75,77,768,593,120,196,1,-1,-1,-1
75,78,1401,545,140,156,1,-1,-1,-1
75,79,1772,509,248,194,1,-1,-1,-1
75,80,1643,321,108,184,1,-1,-1,-1
75,81,588,657,188,180,1,-1,-1,-1
76,28,1446,590,224,180,1,-1,-1,-1
76,62,887,656,204,168,1,-1,-1,-1
76,70,184,806,192,160,1,-1,-1,-1
76,71,1145,628,236,180,1,-1,-1,-1
76,77,770,596,120,196,1,-1,-1,-1
76,78,1404,547,140,156,1,-1,-1,-1
76,79,1775,510,248,194,1,-1,-1,-1
76,80,1645,323,108,184,1,-1,-1,-1
76,81,598,662,179,171,1,-1,-1,-1
77,28,1451,593,224,180,1,-1,-1,-1
77,62,895,661,194,160,1,-1,-1,-1
77,70,186,806,202,168,1,-1,-1,-1
77,71,1148,626,236,180,1,-1,-1,-1
77,77,770,598,120,196,1,-1,-1,-1
77,78,1408,549,140,156,1,-1,-1,-1
77,79,1774,508,260,204,1,-1,-1,-1
77,80,1646,324,108,184,1,-1,-1,-1
77,81,602,662,179,171,1,-1,-1,-1
78,28,1455,596,224,180,1,-1,-1,-1
78,62,898,662,194,160,1,-1,-1,-1
78,70,194,813,192,160,1,-1,-1,-1
78,71,1143,626,248,189,1,-1,-1,-1
78,77,771,600,120,196,1,-1,-1,-1
78,78,1411,552,140,156,1,-1,-1,-1
78,79,1784,513,248,194,1,-1,-1,-1
78,80,1647,326,108,184,1,-1,-1,-1
78,81,609,669,171,163,1,-1,-1,-1
79,28,1460,598,224,180,1,-1,-1,-1
79,62,902,663,194,160,1,-1,-1,-1
79,70,204,818,183,152,1,-1,-1,-1
79,71,1145,629,248,189,1,-1,-1,-1
79,78,1415,553,140,156,1,-1,-1,-1
79,79,1785,513,248,194,1,-1,-1,-1
79,80,1646,327,108,184,1,-1,-1,-1
79,81,612,671,171,163,1,-1,-1,-1
80,28,1466,600,224,180,1,-1,-1,-1
80,62,902,665,194,160,1,-1,-1,-1
80,70,207,819,183,152,1,-1,-1,-1
80,71,1144,631,248,189,1,-1,-1,-1
80,78,1418,555,140,156,1,-1,-1,-1
80,80,1648,328,108,184,1,-1,-1,-1
80,81,617,673,171,163,1,-1,-1,-1
81,28,1476,600,184,180,1,-1,-1,-1
81,62,880,660,200,188,1,-1,-1,-1
81,70,212,820,180,164,1,-1,-1,-1
81,71,1160,640,228,180,1,-1,-1,-1
81,78,1418,555,140,156,1,-1,-1,-1
81,80,1644,336,112,180,1,-1,-1,-1
81,81,616,652,172,196,1,-1,-1,-1
81,82,472,740,120,148,1,-1,-1,-1
81,83,1420,196,84,236,1,-1,-1,-1
81,84,1812,532,236,200,1,-1,-1,-1
82,28,1480,604,184,180,1,-1,-1,-1
82,62,881,664,200,188,1,-1,-1,-1
82,70,216,823,180,164,1,-1,-1,-1
82,71,1167,647,217,171,1,-1,-1,-1
82,80,1644,339,112,180,1,-1,-1,-1
82,81,619,655,172,196,1,-1,-1,-1
82,82,473,745,120,148,1,-1,-1,-1
82,83,1419,198,84,236,1,-1,-1,-1
82,84,1819,539,225,190,1,-1,-1,-1
83,28,1483,608,184,180,1,-1,-1,-1
83,62,884,669,200,188,1,-1,-1,-1
83,70,218,829,180,164,1,-1,-1,-1
83,71,1169,650,217,171,1,-1,-1,-1
83,80,1644,342,112,180,1,-1,-1,-1
83,81,621,659,172,196,1,-1,-1,-1
83,82,474,752,120,148,1,-1,-1,-1
83,83,1419,202,84,236,1,-1,-1,-1
83,84,1814,537,236,200,1,-1,-1,-1
84,28,1486,614,184,180,1,-1,-1,-1
84,62,885,674,200,188,1,-1,-1,-1
84,70,220,832,180,164,1,-1,-1,-1
84,71,1163,650,228,180,1,-1,-1,-1
84,80,1643,347,112,180,1,-1,-1,-1
84,81,624,663,172,196,1,-1,-1,-1
84,82,470,758,126,155,1,-1,-1,-1
84,83,1419,206,84,236,1,-1,-1,-1
84,84,1817,543,236,200,1,-1,-1,-1
85,28,1487,619,184,180,1,-1,-1,-1
85,62,884,680,200,188,1,-1,-1,-1
85,70,220,838,180,164,1,-1,-1,-1
85,71,1163,657,228,180,1,-1,-1,-1
85,80,1643,353,112,180,1,-1,-1,-1
85,81,626,669,172,196,1,-1,-1,-1
85,82,467,763,126,155,1,-1,-1,-1
85,84,1818,547,236,200,1,-1,-1,-1
86,28,1490,625,184,180,1,-1,-1,-1
86,62,884,684,200,188,1,-1,-1,-1
86,70,223,840,180,164,1,-1,-1,-1
86,71,1164,658,228,180,1,-1,-1,-1
86,80,1642,355,112,180,1,-1,-1,-1
86,81,623,667,181,206,1,-1,-1,-1
86,84,1823,554,225,190,1,-1,-1,-1
87,28,1492,628,184,180,1,-1,-1,-1
87,62,884,690,200,188,1,-1,-1,-1
87,70,223,845,180,164,1,-1,-1,-1
87,80,1641,364,112,180,1,-1,-1,-1
88,28,1495,632,184,180,1,-1,-1,-1
88,62,882,698,200,188,1,-1,-1,-1
88,70,224,850,180,164,1,-1,-1,-1
88,80,1640,366,112,180,1,-1,-1,-1
89,28,1500,664,184,152,1,-1,-1,-1
89,62,900,708,216,180,1,-1,-1,-1
89,70,224,844,168,180,1,-1,-1,-1
89,80,1636,372,108,212,1,-1,-1,-1
89,85,1176,680,200,160,1,-1,-1,-1
89,86,464,760,124,184,1,-1,-1,-1
89,87,1408,236,96,228,1,-1,-1,-1
89,88,816,628,88,196,1,-1,-1,-1
89,89,2184,164,112,180,1,-1,-1,-1
90,28,1501,668,184,152,1,-1,-1,-1
90,62,899,711,216,180,1,-1,-1,-1
90,70,221,848,168,180,1,-1,-1,-1
90,80,1635,375,108,212,1,-1,-1,-1
90,85,1173,685,200,160,1,-1,-1,-1
90,86,464,761,124,184,1,-1,-1,-1
90,87,1406,239,96,228,1,-1,-1,-1
90,88,815,629,88,196,1,-1,-1,-1
90,89,2181,166,112,180,1,-1,-1,-1
91,28,1503,673,184,152,1,-1,-1,-1
91,62,897,714,216,180,1,-1,-1,-1
91,70,219,852,168,180,1,-1,-1,-1
91,80,1632,377,108,212,1,-1,-1,-1
91,85,1172,691,200,160,1,-1,-1,-1
91,86,462,764,124,184,1,-1,-1,-1
91,88,812,633,88,196,1,-1,-1,-1
91,89,2177,172,112,180,1,-1,-1,-1
92,28,1505,674,184,152,1,-1,-1,-1
92,62,893,719,216,180,1,-1,-1,-1
92,70,215,854,168,180,1,-1,-1,-1
92,80,1628,378,108,212,1,-1,-1,-1
92,85,1165,690,210,168,1,-1,-1,-1
92,86,462,769,124,184,1,-1,-1,-1
92,88,809,638,88,196,1,-1,-1,-1
92,89,2171,172,112,180,1,-1,-1,-1
93,62,892,722,216,180,1,-1,-1,-1
93,70,214,857,168,180,1,-1,-1,-1
93,80,1624,382,108,212,1,-1,-1,-1
93,85,1168,697,200,160,1,-1,-1,-1
93,86,460,772,124,184,1,-1,-1,-1
93,89,2168,175,112,180,1,-1,-1,-1
94,62,892,726,216,180,1,-1,-1,-1
94,70,213,859,168,180,1,-1,-1,-1
94,80,1622,383,108,212,1,-1,-1,-1
94,85,1168,705,200,160,1,-1,-1,-1
94,86,464,777,118,175,1,-1,-1,-1
94,89,2167,179,112,180,1,-1,-1,-1
95,62,893,725,216,180,1,-1,-1,-1
95,70,212,863,168,180,1,-1,-1,-1
95,80,1620,386,108,212,1,-1,-1,-1
95,85,1171,709,200,160,1,-1,-1,-1
95,86,462,776,124,184,1,-1,-1,-1
95,89,2164,182,112,180,1,-1,-1,-1
96,62,894,728,216,180,1,-1,-1,-1
96,70,209,864,168,180,1,-1,-1,-1
96,80,1621,394,103,202,1,-1,-1,-1
96,85,1173,711,200,160,1,-1,-1,-1
96,86,457,778,130,193,1,-1,-1,-1
96,89,2163,184,112,180,1,-1,-1,-1
97,62,868,728,240,188,1,-1,-1,-1
97,70,212,864,148,180,1,-1,-1,-1
97,80,1621,394,103,202,1,-1,-1,-1
97,85,1188,724,196,144,1,-1,-1,-1
97,86,452,784,132,180,1,-1,-1,-1
97,89,2163,184,112,180,1,-1,-1,-1
97,90,1516,644,276,192,1,-1,-1,-1
97,91,644,720,160,184,1,-1,-1,-1
97,92,1380,268,96,224,1,-1,-1,-1
97,93,1460,228,104,164,1,-1,-1,-1
98,62,868,729,240,188,1,-1,-1,-1
98,70,214,871,141,171,1,-1,-1,-1
98,80,1618,398,103,202,1,-1,-1,-1
98,85,1188,725,196,144,1,-1,-1,-1
98,86,452,788,132,180,1,-1,-1,-1
98,90,1518,645,276,192,1,-1,-1,-1
98,91,643,721,160,184,1,-1,-1,-1
98,92,1380,268,96,224,1,-1,-1,-1
98,93,1459,229,104,164,1,-1,-1,-1
99,62,868,731,240,188,1,-1,-1,-1
99,70,213,874,141,171,1,-1,-1,-1
99,85,1193,730,187,137,1,-1,-1,-1
99,86,454,790,132,180,1,-1,-1,-1
99,90,1517,646,276,192,1,-1,-1,-1
99,91,643,723,160,184,1,-1,-1,-1
99,92,1378,270,96,224,1,-1,-1,-1
99,93,1459,233,104,164,1,-1,-1,-1
100,62,868,733,240,188,1,-1,-1,-1
100,70,212,874,141,171,1,-1,-1,-1
100,85,1190,727,196,144,1,-1,-1,-1
100,86,453,787,139,189,1,-1,-1,-1
100,91,644,724,160,184,1,-1,-1,-1
100,93,1458,233,104,164,1,-1,-1,-1
101,62,869,732,240,188,1,-1,-1,-1
101,70,212,875,141,171,1,-1,-1,-1
101,85,1191,726,196,144,1,-1,-1,-1
101,86,455,789,139,189,1,-1,-1,-1
101,91,644,724,160,184,1,-1,-1,-1
101,93,1457,233,104,164,1,-1,-1,-1
102,62,878,731,229,179,1,-1,-1,-1
102,70,213,869,141,171,1,-1,-1,-1
102,85,1193,722,196,144,1,-1,-1,-1
102,86,456,784,139,189,1,-1,-1,-1
102,91,646,717,160,184,1,-1,-1,-1
102,93,1458,228,104,164,1,-1,-1,-1
103,62,880,717,229,179,1,-1,-1,-1
103,70,214,855,141,171,1,-1,-1,-1
103,85,1198,705,196,144,1,-1,-1,-1
103,86,460,769,139,189,1,-1,-1,-1
103,91,648,702,160,184,1,-1,-1,-1
103,93,1456,211,109,172,1,-1,-1,-1
104,62,900,698,229,179,1,-1,-1,-1
104,85,1216,682,196,144,1,-1,-1,-1
104,91,666,684,152,175,1,-1,-1,-1
104,93,1468,190,109,172,1,-1,-1,-1
105,62,940,672,224,176,1,-1,-1,-1
105,85,1232,636,208,168,1,-1,-1,-1
105,91,672,724,140,128,1,-1,-1,-1
105,93,1468,190,109,172,1,-1,-1,-1
105,94,488,740,152,168,1,-1,-1,-1
105,95,240,816,144,168,1,-1,-1,-1
105,96,1576,580,256,196,1,-1,-1,-1
105,97,1404,204,92,228,1,-1,-1,-1
105,98,1628,336,112,192,1,-1,-1,-1
105,99,2136,144,140,340,1,-1,-1,-1
106,62,957,657,224,176,1,-1,-1,-1
106,85,1247,623,208,168,1,-1,-1,-1
106,91,687,710,140,128,1,-1,-1,-1
106,94,503,726,152,168,1,-1,-1,-1
106,95,255,803,144,168,1,-1,-1,-1
106,96,1592,569,256,196,1,-1,-1,-1
106,98,1641,320,112,192,1,-1,-1,-1
107,62,976,642,224,176,1,-1,-1,-1
107,85,1267,609,208,168,1,-1,-1,-1
107,91,708,694,140,128,1,-1,-1,-1
107,94,522,710,152,168,1,-1,-1,-1
107,95,274,788,144,168,1,-1,-1,-1
107,96,1617,557,244,187,1,-1,-1,-1
107,98,1658,304,112,192,1,-1,-1,-1
108,62,987,629,235,185,1,-1,-1,-1
108,85,1284,602,208,168,1,-1,-1,-1
108,91,725,681,140,128,1,-1,-1,-1
108,94,537,698,152,168,1,-1,-1,-1
108,95,291,781,144,168,1,-1,-1,-1
108,96,1631,545,244,187,1,-1,-1,-1
108,98,1674,292,112,192,1,-1,-1,-1
109,62,1000,620,235,185,1,-1,-1,-1
109,85,1295,597,208,168,1,-1,-1,-1
109,91,740,671,140,128,1,-1,-1,-1
109,94,548,690,152,168,1,-1,-1,-1
109,95,304,772,144,168,1,-1,-1,-1
109,96,1642,537,244,187,1,-1,-1,-1
109,98,1681,280,118,202,1,-1,-1,-1
110,91,749,660,140,128,1,-1,-1,-1
110,94,558,679,152,168,1,-1,-1,-1
110,95,314,760,144,168,1,-1,-1,-1
110,96,1651,529,244,187,1,-1,-1,-1
110,98,1686,269,118,202,1,-1,-1,-1
111,91,756,650,140,128,1,-1,-1,-1
111,94,563,672,152,168,1,-1,-1,-1
111,95,316,756,144,168,1,-1,-1,-1
111,96,1650,515,256,196,1,-1,-1,-1
111,98,1691,261,118,202,1,-1,-1,-1
112,91,766,637,140,128,1,-1,-1,-1
113,91,766,637,140,128,1,-1,-1,-1
113,100,556,648,200,172,1,-1,-1,-1
113,101,332,736,144,168,1,-1,-1,-1
113,102,1036,604,244,156,1,-1,-1,-1
113,103,1328,604,212,112,1,-1,-1,-1
113,104,1492,124,80,216,1,-1,-1,-1
113,105,1660,500,296,192,1,-1,-1,-1
113,106,1700,252,112,212,1,-1,-1,-1
113,107,1952,436,188,216,1,-1,-1,-1
114,91,770,634,140,128,1,-1,-1,-1
114,100,561,646,200,172,1,-1,-1,-1
114,101,337,733,144,168,1,-1,-1,-1
114,102,1043,600,244,156,1,-1,-1,-1
114,103,1336,601,212,112,1,-1,-1,-1
114,105,1665,496,296,192,1,-1,-1,-1
114,106,1702,246,112,212,1,-1,-1,-1
114,107,1954,432,188,216,1,-1,-1,-1
115,91,784,625,133,122,1,-1,-1,-1
115,100,568,636,200,172,1,-1,-1,-1
115,101,349,720,144,168,1,-1,-1,-1
115,102,1047,588,244,156,1,-1,-1,-1
115,106,1704,236,112,212,1,-1,-1,-1
115,107,1955,417,188,216,1,-1,-1,-1
116,91,782,625,133,122,1,-1,-1,-1
116,100,568,635,200,172,1,-1,-1,-1
116,101,349,720,144,168,1,-1,-1,-1
116,102,1050,587,244,156,1,-1,-1,-1
116,106,1707,239,107,202,1,-1,-1,-1
116,107,1961,422,179,206,1,-1,-1,-1
117,91,785,624,133,122,1,-1,-1,-1
117,100,570,631,200,172,1,-1,-1,-1
117,101,351,716,144,168,1,-1,-1,-1
117,102,1052,584,244,156,1,-1,-1,-1
117,106,1705,232,112,212,1,-1,-1,-1
117,107,1960,417,179,206,1,-1,-1,-1
118,91,797,629,133,122,1,-1,-1,-1
118,100,575,632,200,172,1,-1,-1,-1
118,101,362,717,144,168,1,-1,-1,-1
118,106,1707,234,112,212,1,-1,-1,-1
119,91,799,632,127,116,1,-1,-1,-1
119,100,576,632,200,172,1,-1,-1,-1
119,101,362,718,144,168,1,-1,-1,-1
119,106,1709,234,112,212,1,-1,-1,-1
120,100,580,657,200,172,1,-1,-1,-1
120,101,369,742,144,168,1,-1,-1,-1
120,106,1712,256,112,212,1,-1,-1,-1
121,100,580,657,200,172,1,-1,-1,-1
121,101,369,742,144,168,1,-1,-1,-1
121,106,1712,256,112,212,1,-1,-1,-1
121,108,640,764,188,172,1,-1,-1,-1
121,109,1420,696,240,136,1,-1,-1,-1
121,110,1128,688,228,196,1,-1,-1,-1
121,111,412,840,136,180,1,-1,-1,-1
121,112,1536,212,96,240,1,-1,-1,-1
121,113,1716,584,284,220,1,-1,-1,-1
121,114,1988,608,132,160,1,-1,-1,-1
121,115,1672,164,96,176,1,-1,-1,-1
122,108,640,764,188,172,1,-1,-1,-1
122,109,1420,696,240,136,1,-1,-1,-1
122,110,1128,688,228,196,1,-1,-1,-1
122,111,412,840,136,180,1,-1,-1,-1
122,112,1536,212,96,240,1,-1,-1,-1
122,113,1716,584,284,220,1,-1,-1,-1
122,114,1988,608,132,160,1,-1,-1,-1
122,115,1672,164,96,176,1,-1,-1,-1
123,108,659,804,179,164,1,-1,-1,-1
123,110,1145,726,228,196,1,-1,-1,-1
123,111,429,879,136,180,1,-1,-1,-1
123,113,1732,623,284,220,1,-1,-1,-1
123,114,2003,645,132,160,1,-1,-1,-1
123,115,1689,203,96,176,1,-1,-1,-1
124,108,678,855,171,156,1,-1,-1,-1
124,110,1162,776,228,196,1,-1,-1,-1
124,111,446,927,136,180,1,-1,-1,-1
124,113,1746,674,284,220,1,-1,-1,-1
124,114,2019,696,132,160,1,-1,-1,-1
124,115,1706,256,96,176,1,-1,-1,-1
125,108,679,857,171,156,1,-1,-1,-1
125,110,1164,777,228,196,1,-1,-1,-1
125,111,447,930,136,180,1,-1,-1,-1
125,113,1749,677,284,220,1,-1,-1,-1
125,114,2019,698,132,160,1,-1,-1,-1
125,115,1707,256,96,176,1,-1,-1,-1
126,108,683,868,171,156,1,-1,-1,-1
126,110,1168,786,228,196,1,-1,-1,-1
126,111,452,937,136,180,1,-1,-1,-1
126,113,1758,688,270,210,1,-1,-1,-1
126,114,2023,706,132,160,1,-1,-1,-1
126,115,1711,268,96,176,1,-1,-1,-1
127,108,695,862,171,156,1,-1,-1,-1
127,110,1179,785,228,196,1,-1,-1,-1
127,111,462,936,136,180,1,-1,-1,-1
127,114,2032,703,132,160,1,-1,-1,-1
127,115,1718,267,96,176,1,-1,-1,-1
128,108,695,860,171,156,1,-1,-1,-1
128,110,1180,785,228,196,1,-1,-1,-1
128,111,462,936,136,180,1,-1,-1,-1
128,114,2033,702,132,160,1,-1,-1,-1
128,115,1721,271,91,168,1,-1,-1,-1
129,108,688,852,176,180,1,-1,-1,-1
129,110,1192,772,240,200,1,-1,-1,-1
129,111,468,928,128,180,1,-1,-1,-1
129,114,2048,688,112,168,1,-1,-1,-1
129,115,1721,271,91,168,1,-1,-1,-1
129,116,1512,764,228,152,1,-1,-1,-1
129,117,1776,708,260,184,1,-1,-1,-1
129,118,1588,320,84,208,1,-1,-1,-1
129,119,1068,772,68,148,1,-1,-1,-1
129,120,900,748,160,224,1,-1,-1,-1
129,121,1776,0,156,136,1,-1,-1,-1
130,108,705,836,176,180,1,-1,-1,-1
130,110,1204,757,240,200,1,-1,-1,-1
130,111,479,911,128,180,1,-1,-1,-1
130,114,2062,671,112,168,1,-1,-1,-1
130,116,1527,748,228,152,1,-1,-1,-1
130,117,1796,687,260,184,1,-1,-1,-1
130,119,1082,755,68,148,1,-1,-1,-1
130,120,913,730,160,224,1,-1,-1,-1
130,121,1789,0,156,122,1,-1,-1,-1
131,108,705,835,176,180,1,-1,-1,-1
131,110,1208,757,240,200,1,-1,-1,-1
131,111,480,913,128,180,1,-1,-1,-1
131,114,2063,672,112,168,1,-1,-1,-1
131,116,1526,746,228,152,1,-1,-1,-1
131,117,1785,682,273,193,1,-1,-1,-1
131,119,1084,758,65,141,1,-1,-1,-1
131,120,915,730,160,224,1,-1,-1,-1
131,121,1789,0,156,122,1,-1,-1,-1
132,108,713,830,176,180,1,-1,-1,-1
132,110,1211,748,240,200,1,-1,-1,-1
132,111,479,902,134,189,1,-1,-1,-1
132,114,2068,662,112,168,1,-1,-1,-1
132,116,1532,739,228,152,1,-1,-1,-1
132,119,1089,746,65,141,1,-1,-1,-1
132,120,920,720,160,224,1,-1,-1,-1
132,121,1796,0,149,113,1,-1,-1,-1
133,108,727,788,176,180,1,-1,-1,-1
133,116,1545,697,228,152,1,-1,-1,-1
134,108,727,787,176,180,1,-1,-1,-1
134,116,1542,694,228,152,1,-1,-1,-1
135,108,733,763,176,180,1,-1,-1,-1
135,116,1549,669,228,152,1,-1,-1,-1
136,108,747,745,176,180,1,-1,-1,-1
136,116,1561,650,228,152,1,-1,-1,-1
137,108,748,752,168,156,1,-1,-1,-1
137,116,1568,612,224,188,1,-1,-1,-1
137,122,504,828,136,160,1,-1,-1,-1
137,123,1252,676,240,176,1,-1,-1,-1
137,124,1620,180,80,228,1,-1,-1,-1
137,125,2152,444,148,284,1,-1,-1,-1
137,126,944,720,152,128,1,-1,-1,-1
137,127,2308,424,124,200,1,-1,-1,-1
137,128,1932,560,260,180,1,-1,-1,-1
137,129,1120,608,96,176,1,-1,-1,-1
137,130,1740,316,180,204,1,-1,-1,-1
137,131,1584,444,96,204,1,-1,-1,-1
138,108,753,750,168,156,1,-1,-1,-1
138,116,1577,613,213,179,1,-1,-1,-1
138,122,507,826,136,160,1,-1,-1,-1
138,123,1256,674,240,176,1,-1,-1,-1
138,125,2158,449,141,270,1,-1,-1,-1
138,126,948,717,152,128,1,-1,-1,-1
138,127,2310,419,124,200,1,-1,-1,-1
138,128,1936,557,260,180,1,-1,-1,-1
138,129,1121,606,96,176,1,-1,-1,-1
138,130,1742,314,180,204,1,-1,-1,-1
138,131,1586,441,96,204,1,-1,-1,-1
139,108,757,748,168,156,1,-1,-1,-1
139,116,1578,609,213,179,1,-1,-1,-1
139,122,510,826,136,160,1,-1,-1,-1
139,123,1257,671,240,176,1,-1,-1,-1
139,125,2159,439,148,284,1,-1,-1,-1
139,126,951,715,152,128,1,-1,-1,-1
139,127,2311,414,124,200,1,-1,-1,-1
139,128,1938,556,260,180,1,-1,-1,-1
139,129,1121,604,96,176,1,-1,-1,-1
139,130,1742,309,180,204,1,-1,-1,-1
139,131,1586,438,96,204,1,-1,-1,-1
140,108,752,744,168,156,1,-1,-1,-1
140,116,1572,605,213,179,1,-1,-1,-1
140,122,503,824,136,160,1,-1,-1,-1
140,123,1251,666,240,176,1,-1,-1,-1
140,126,945,712,152,128,1,-1,-1,-1
140,127,2304,413,124,200,1,-1,-1,-1
140,130,1736,304,180,204,1,-1,-1,-1
141,108,751,743,168,156,1,-1,-1,-1
141,116,1571,605,213,179,1,-1,-1,-1
141,122,503,823,136,160,1,-1,-1,-1
141,123,1251,665,240,176,1,-1,-1,-1
141,126,948,714,145,122,1,-1,-1,-1
141,127,2303,413,124,200,1,-1,-1,-1
141,130,1735,303,180,204,1,-1,-1,-1
142,108,744,732,168,156,1,-1,-1,-1
142,116,1557,592,213,179,1,-1,-1,-1
142,126,940,702,145,122,1,-1,-1,-1
142,130,1719,289,180,204,1,-1,-1,-1
143,108,745,733,168,156,1,-1,-1,-1
143,116,1553,586,224,188,1,-1,-1,-1
143,126,941,700,145,122,1,-1,-1,-1
143,130,1714,287,180,204,1,-1,-1,-1
144,108,744,729,168,156,1,-1,-1,-1
144,116,1548,581,235,197,1,-1,-1,-1
144,126,940,699,145,122,1,-1,-1,-1
144,130,1714,286,180,204,1,-1,-1,-1
145,108,744,708,168,164,1,-1,-1,-1
145,116,1568,576,212,200,1,-1,-1,-1
145,126,948,656,156,168,1,-1,-1,-1
145,130,1714,286,180,204,1,-1,-1,-1
145,132,1252,632,224,196,1,-1,-1,-1
145,133,492,788,136,176,1,-1,-1,-1
145,134,1184,528,140,212,1,-1,-1,-1
145,135,1544,400,112,232,1,-1,-1,-1
145,136,1804,472,348,280,1,-1,-1,-1
145,137,1580,168,92,192,1,-1,-1,-1
145,138,2076,540,148,168,1,-1,-1,-1
145,139,2308,372,96,220,1,-1,-1,-1
146,108,739,705,168,164,1,-1,-1,-1
146,116,1565,574,212,200,1,-1,-1,-1
146,126,946,654,156,168,1,-1,-1,-1
146,132,1250,629,224,196,1,-1,-1,-1
146,133,490,785,136,176,1,-1,-1,-1
146,134,1179,526,140,212,1,-1,-1,-1
146,135,1541,397,112,232,1,-1,-1,-1
146,136,1805,469,348,280,1,-1,-1,-1
146,137,1578,168,92,192,1,-1,-1,-1
146,138,2075,537,148,168,1,-1,-1,-1
146,139,2306,366,96,220,1,-1,-1,-1
147,108,738,706,168,164,1,-1,-1,-1
147,116,1565,574,212,200,1,-1,-1,-1
147,126,945,654,156,168,1,-1,-1,-1
147,132,1250,629,224,196,1,-1,-1,-1
147,133,489,786,136,176,1,-1,-1,-1
147,134,1179,525,140,212,1,-1,-1,-1
147,135,1540,397,112,232,1,-1,-1,-1
147,136,1806,468,348,280,1,-1,-1,-1
147,137,1576,166,92,192,1,-1,-1,-1
147,138,2075,537,148,168,1,-1,-1,-1
147,139,2304,365,96,220,1,-1,-1,-1
148,108,723,702,168,164,1,-1,-1,-1
148,116,1553,570,212,200,1,-1,-1,-1
148,126,932,648,156,168,1,-1,-1,-1
148,132,1237,627,224,196,1,-1,-1,-1
148,133,478,783,136,176,1,-1,-1,-1
148,134,1168,525,133,202,1,-1,-1,-1
148,138,2063,535,148,168,1,-1,-1,-1
149,108,720,698,168,164,1,-1,-1,-1
149,116,1549,567,212,200,1,-1,-1,-1
149,126,929,647,156,168,1,-1,-1,-1
149,132,1238,627,224,196,1,-1,-1,-1
149,133,477,779,136,176,1,-1,-1,-1
149,134,1162,524,133,202,1,-1,-1,-1
149,138,2062,530,148,168,1,-1,-1,-1
150,108,719,699,168,164,1,-1,-1,-1
150,116,1548,565,212,200,1,-1,-1,-1
150,126,927,647,156,168,1,-1,-1,-1
150,132,1236,626,224,196,1,-1,-1,-1
150,133,477,779,136,176,1,-1,-1,-1
150,134,1159,523,133,202,1,-1,-1,-1
150,138,2063,530,148,168,1,-1,-1,-1
151,108,717,694,168,164,1,-1,-1,-1
151,116,1545,563,212,200,1,-1,-1,-1
151,126,924,643,156,168,1,-1,-1,-1
151,132,1232,628,224,196,1,-1,-1,-1
151,133,477,779,136,176,1,-1,-1,-1
151,134,1149,520,140,212,1,-1,-1,-1
151,138,2061,526,148,168,1,-1,-1,-1
152,108,716,690,168,164,1,-1,-1,-1
152,116,1545,561,212,200,1,-1,-1,-1
152,126,922,639,156,168,1,-1,-1,-1
152,132,1230,626,224,196,1,-1,-1,-1
152,133,477,777,136,176,1,-1,-1,-1
153,108,720,688,160,176,1,-1,-1,-1
153,116,1548,548,188,216,1,-1,-1,-1
153,126,916,676,132,132,1,-1,-1,-1
153,132,1232,632,212,188,1,-1,-1,-1
153,133,476,764,144,184,1,-1,-1,-1
153,140,1788,512,284,228,1,-1,-1,-1
153,141,1144,524,176,192,1,-1,-1,-1
153,142,1684,276,148,152,1,-1,-1,-1
153,143,1536,136,100,204,1,-1,-1,-1
154,108,716,684,160,176,1,-1,-1,-1
154,116,1541,548,188,216,1,-1,-1,-1
154,126,906,670,132,132,1,-1,-1,-1
154,132,1227,632,212,188,1,-1,-1,-1
154,133,472,762,144,184,1,-1,-1,-1
154,140,1783,509,284,228,1,-1,-1,-1
154,141,1132,522,176,192,1,-1,-1,-1
154,142,1669,274,148,152,1,-1,-1,-1
155,108,711,684,160,176,1,-1,-1,-1
155,116,1534,544,188,216,1,-1,-1,-1
155,126,900,668,132,132,1,-1,-1,-1
155,132,1223,632,212,188,1,-1,-1,-1
155,133,468,760,144,184,1,-1,-1,-1
155,140,1776,508,284,228,1,-1,-1,-1
155,141,1123,520,176,192,1,-1,-1,-1
155,142,1659,272,148,152,1,-1,-1,-1
156,108,709,682,160,176,1,-1,-1,-1
156,116,1533,544,188,216,1,-1,-1,-1
156,126,901,668,132,132,1,-1,-1,-1
156,132,1221,631,212,188,1,-1,-1,-1
156,133,467,760,144,184,1,-1,-1,-1
156,140,1776,509,284,228,1,-1,-1,-1
156,141,1123,521,176,192,1,-1,-1,-1
156,142,1659,272,148,152,1,-1,-1,-1
157,108,705,680,160,176,1,-1,-1,-1
157,116,1523,542,188,216,1,-1,-1,-1
157,126,890,664,132,132,1,-1,-1,-1
157,132,1216,630,212,188,1,-1,-1,-1
157,133,460,757,144,184,1,-1,-1,-1
157,140,1769,506,284,228,1,-1,-1,-1
157,141,1109,521,176,192,1,-1,-1,-1
157,142,1643,270,148,152,1,-1,-1,-1
158,108,704,679,160,176,1,-1,-1,-1
158,116,1520,542,188,216,1,-1,-1,-1
158,126,891,667,126,126,1,-1,-1,-1
158,132,1218,627,212,188,1,-1,-1,-1
158,133,460,757,144,184,1,-1,-1,-1
158,140,1767,504,284,228,1,-1,-1,-1
158,141,1100,516,185,202,1,-1,-1,-1
158,142,1636,269,148,152,1,-1,-1,-1
159,108,704,679,160,176,1,-1,-1,-1
159,116,1520,541,188,216,1,-1,-1,-1
159,126,891,667,126,126,1,-1,-1,-1
159,132,1218,626,212,188,1,-1,-1,-1
159,133,460,758,144,184,1,-1,-1,-1
159,140,1765,503,284,228,1,-1,-1,-1
159,141,1104,523,176,192,1,-1,-1,-1
159,142,1636,268,148,152,1,-1,-1,-1
160,108,703,679,160,176,1,-1,-1,-1
160,116,1518,547,179,206,1,-1,-1,-1
160,126,883,667,126,126,1,-1,-1,-1
160,132,1217,625,212,188,1,-1,-1,-1
160,133,458,758,144,184,1,-1,-1,-1
160,142,1624,266,148,152,1,-1,-1,-1
161,108,700,668,152,184,1,-1,-1,-1
161,116,1520,592,144,156,1,-1,-1,-1
161,126,883,667,126,126,1,-1,-1,-1
161,132,1220,628,196,180,1,-1,-1,-1
161,133,448,744,180,196,1,-1,-1,-1
161,142,1612,264,148,164,1,-1,-1,-1
161,144,1772,532,268,196,1,-1,-1,-1
161,145,1460,132,116,156,1,-1,-1,-1
162,108,700,668,152,184,1,-1,-1,-1
162,116,1520,592,144,156,1,-1,-1,-1
162,126,876,667,126,126,1,-1,-1,-1
162,132,1220,628,196,180,1,-1,-1,-1
162,133,448,744,180,196,1,-1,-1,-1
162,142,1612,264,148,164,1,-1,-1,-1
162,144,1772,532,268,196,1,-1,-1,-1
162,145,1460,132,116,156,1,-1,-1,-1
163,108,697,667,152,184,1,-1,-1,-1
163,116,1511,596,144,156,1,-1,-1,-1
163,126,863,670,126,126,1,-1,-1,-1
163,132,1215,628,196,180,1,-1,-1,-1
163,133,445,746,180,196,1,-1,-1,-1
163,142,1598,265,148,164,1,-1,-1,-1
163,144,1768,531,268,196,1,-1,-1,-1
163,145,1447,130,116,156,1,-1,-1,-1
164,108,696,668,152,184,1,-1,-1,-1
164,116,1508,597,144,156,1,-1,-1,-1
164,126,858,674,126,126,1,-1,-1,-1
164,132,1212,628,196,180,1,-1,-1,-1
164,133,443,747,180,196,1,-1,-1,-1
164,142,1593,264,148,164,1,-1,-1,-1
164,144,1766,534,268,196,1,-1,-1,-1
164,145,1442,131,116,156,1,-1,-1,-1
165,108,696,670,152,184,1,-1,-1,-1
165,116,1507,598,144,156,1,-1,-1,-1
165,126,861,676,120,120,1,-1,-1,-1
165,132,1212,629,196,180,1,-1,-1,-1
165,133,447,752,171,187,1,-1,-1,-1
165,142,1592,265,148,164,1,-1,-1,-1
165,144,1764,532,268,196,1,-1,-1,-1
165,145,1442,131,116,156,1,-1,-1,-1
166,108,695,667,152,184,1,-1,-1,-1
166,116,1501,598,144,156,1,-1,-1,-1
166,126,855,677,120,120,1,-1,-1,-1
166,132,1210,628,196,180,1,-1,-1,-1
166,133,446,752,171,187,1,-1,-1,-1
166,142,1580,266,148,164,1,-1,-1,-1
166,144,1763,535,268,196,1,-1,-1,-1
166,145,1431,128,116,156,1,-1,-1,-1
167,108,696,665,152,184,1,-1,-1,-1
167,116,1498,597,144,156,1,-1,-1,-1
167,126,853,677,120,120,1,-1,-1,-1
167,132,1209,629,196,180,1,-1,-1,-1
167,133,445,753,171,187,1,-1,-1,-1
167,142,1575,266,148,164,1,-1,-1,-1
167,144,1761,534,268,196,1,-1,-1,-1
167,145,1427,129,116,156,1,-1,-1,-1
168,108,695,663,152,184,1,-1,-1,-1
168,116,1498,599,137,149,1,-1,-1,-1
168,126,852,677,120,120,1,-1,-1,-1
168,132,1211,628,196,180,1,-1,-1,-1
168,133,444,752,171,187,1,-1,-1,-1
168,142,1571,265,148,164,1,-1,-1,-1
168,144,1760,534,268,196,1,-1,-1,-1
168,145,1423,128,116,156,1,-1,-1,-1
169,108,696,656,164,196,1,-1,-1,-1
169,116,1496,568,212,188,1,-1,-1,-1
169,126,852,677,120,120,1,-1,-1,-1
169,132,1220,628,184,176,1,-1,-1,-1
169,133,440,752,192,184,1,-1,-1,-1
169,142,1571,265,148,164,1,-1,-1,-1
169,144,1776,508,280,224,1,-1,-1,-1
169,145,1404,132,128,204,1,-1,-1,-1
169,146,1284,320,144,240,1,-1,-1,-1
169,147,1096,496,152,200,1,-1,-1,-1
170,108,694,657,164,196,1,-1,-1,-1
170,116,1495,570,212,188,1,-1,-1,-1
170,126,848,678,120,120,1,-1,-1,-1
170,132,1220,630,184,176,1,-1,-1,-1
170,133,439,754,192,184,1,-1,-1,-1
170,142,1563,273,141,156,1,-1,-1,-1
170,144,1783,515,267,213,1,-1,-1,-1
170,145,1402,135,128,204,1,-1,-1,-1
170,146,1287,325,137,229,1,-1,-1,-1
170,147,1097,503,145,190,1,-1,-1,-1
171,108,694,658,164,196,1,-1,-1,-1
171,116,1494,571,212,188,1,-1,-1,-1
171,126,846,677,120,120,1,-1,-1,-1
171,132,1222,632,184,176,1,-1,-1,-1
171,133,438,755,192,184,1,-1,-1,-1
171,142,1562,272,141,156,1,-1,-1,-1
171,144,1782,515,267,213,1,-1,-1,-1
171,145,1400,135,128,204,1,-1,-1,-1
171,146,1286,329,137,229,1,-1,-1,-1
171,147,1096,504,145,190,1,-1,-1,-1
172,108,694,659,164,196,1,-1,-1,-1
172,116,1494,572,212,188,1,-1,-1,-1
172,126,845,677,120,120,1,-1,-1,-1
172,132,1223,632,184,176,1,-1,-1,-1
172,133,440,752,192,184,1,-1,-1,-1
172,142,1559,271,141,156,1,-1,-1,-1
172,144,1774,511,280,224,1,-1,-1,-1
172,145,1398,136,128,204,1,-1,-1,-1
172,146,1285,329,137,229,1,-1,-1,-1
172,147,1095,504,145,190,1,-1,-1,-1
173,108,694,660,164,196,1,-1,-1,-1
173,116,1492,570,212,188,1,-1,-1,-1
173,126,843,677,120,120,1,-1,-1,-1
173,132,1224,631,184,176,1,-1,-1,-1
173,133,440,751,192,184,1,-1,-1,-1
173,144,1774,512,280,224,1,-1,-1,-1
173,145,1391,137,128,204,1,-1,-1,-1
173,146,1287,336,131,218,1,-1,-1,-1
173,147,1092,504,145,190,1,-1,-1,-1
174,108,698,667,156,187,1,-1,-1,-1
174,116,1491,571,212,188,1,-1,-1,-1
174,126,840,676,120,120,1,-1,-1,-1
174,132,1222,633,184,176,1,-1,-1,-1
174,133,443,754,183,175,1,-1,-1,-1
174,144,1770,510,280,224,1,-1,-1,-1
174,145,1387,139,128,204,1,-1,-1,-1
174,146,1284,337,131,218,1,-1,-1,-1
174,147,1092,503,145,190,1,-1,-1,-1
175,108,697,666,156,187,1,-1,-1,-1
175,116,1484,565,223,197,1,-1,-1,-1
175,126,837,675,120,120,1,-1,-1,-1
175,132,1222,633,184,176,1,-1,-1,-1
175,133,442,752,183,175,1,-1,-1,-1
175,144,1770,509,280,224,1,-1,-1,-1
175,145,1384,138,128,204,1,-1,-1,-1
175,146,1283,337,131,218,1,-1,-1,-1
175,147,1089,501,145,190,1,-1,-1,-1
176,108,694,666,156,187,1,-1,-1,-1
176,116,1489,570,212,188,1,-1,-1,-1
176,126,837,675,120,120,1,-1,-1,-1
176,132,1222,633,184,176,1,-1,-1,-1
176,133,441,750,183,175,1,-1,-1,-1
176,144,1770,507,280,224,1,-1,-1,-1
176,145,1385,143,122,194,1,-1,-1,-1
176,146,1280,334,131,218,1,-1,-1,-1
176,147,1084,496,152,200,1,-1,-1,-1
177,108,692,676,168,168,1,-1,-1,-1
177,116,1492,588,212,168,1,-1,-1,-1
177,126,840,716,120,80,1,-1,-1,-1
177,132,1216,632,204,176,1,-1,-1,-1
177,133,428,748,188,184,1,-1,-1,-1
177,144,1772,504,276,228,1,-1,-1,-1
177,145,1385,143,122,194,1,-1,-1,-1
177,146,1324,324,92,244,1,-1,-1,-1
177,147,1092,492,156,200,1,-1,-1,-1
177,148,1408,392,104,212,1,-1,-1,-1
178,108,688,677,168,168,1,-1,-1,-1
178,116,1488,588,212,168,1,-1,-1,-1
178,126,838,718,120,80,1,-1,-1,-1
178,132,1216,633,204,176,1,-1,-1,-1
178,133,427,748,188,184,1,-1,-1,-1
178,144,1776,511,263,217,1,-1,-1,-1
178,146,1323,325,92,244,1,-1,-1,-1
178,147,1089,494,156,200,1,-1,-1,-1
178,148,1406,394,104,212,1,-1,-1,-1
179,108,686,677,168,168,1,-1,-1,-1
179,116,1487,589,212,168,1,-1,-1,-1
179,126,837,719,120,80,1,-1,-1,-1
179,132,1215,634,204,176,1,-1,-1,-1
179,133,427,748,188,184,1,-1,-1,-1
179,144,1778,510,263,217,1,-1,-1,-1
179,146,1322,322,92,244,1,-1,-1,-1
179,147,1089,494,156,200,1,-1,-1,-1
179,148,1403,394,104,212,1,-1,-1,-1
180,108,684,675,168,168,1,-1,-1,-1
180,116,1488,587,212,168,1,-1,-1,-1
180,126,837,719,120,80,1,-1,-1,-1
180,132,1215,633,204,176,1,-1,-1,-1
180,133,426,746,188,184,1,-1,-1,-1
180,144,1770,503,276,228,1,-1,-1,-1
180,146,1321,320,92,244,1,-1,-1,-1
180,147,1087,493,156,200,1,-1,-1,-1
180,148,1401,394,104,212,1,-1,-1,-1
181,108,681,676,168,168,1,-1,-1,-1
181,116,1488,587,212,168,1,-1,-1,-1
181,126,837,720,120,80,1,-1,-1,-1
181,132,1214,633,204,176,1,-1,-1,-1
181,133,424,750,188,184,1,-1,-1,-1
181,144,1774,509,263,217,1,-1,-1,-1
181,146,1320,320,92,244,1,-1,-1,-1
181,147,1085,493,156,200,1,-1,-1,-1
181,148,1398,392,104,212,1,-1,-1,-1
182,108,677,678,168,168,1,-1,-1,-1
182,116,1486,590,212,168,1,-1,-1,-1
182,126,836,721,120,80,1,-1,-1,-1
182,132,1212,633,204,176,1,-1,-1,-1
182,133,424,751,188,184,1,-1,-1,-1
182,144,1769,509,263,217,1,-1,-1,-1
182,146,1318,320,92,244,1,-1,-1,-1
182,147,1082,490,156,200,1,-1,-1,-1
183,108,669,673,176,176,1,-1,-1,-1
183,116,1487,588,212,168,1,-1,-1,-1
183,126,836,720,120,80,1,-1,-1,-1
183,132,1216,635,194,168,1,-1,-1,-1
183,133,423,749,188,184,1,-1,-1,-1
183,144,1770,511,263,217,1,-1,-1,-1
183,146,1317,319,92,244,1,-1,-1,-1
183,147,1085,496,149,190,1,-1,-1,-1
184,108,667,671,176,176,1,-1,-1,-1
184,116,1486,588,212,168,1,-1,-1,-1
184,126,837,719,120,80,1,-1,-1,-1
184,132,1216,632,194,168,1,-1,-1,-1
184,133,428,754,179,175,1,-1,-1,-1
184,144,1768,509,263,217,1,-1,-1,-1
185,108,668,676,148,176,1,-1,-1,-1
185,116,1488,592,228,160,1,-1,-1,-1
185,126,837,719,120,80,1,-1,-1,-1
185,132,1216,636,204,172,1,-1,-1,-1
185,133,448,752,148,180,1,-1,-1,-1
185,144,1768,516,260,220,1,-1,-1,-1
185,149,1076,472,136,188,1,-1,-1,-1
185,150,1512,280,100,216,1,-1,-1,-1
185,151,1348,140,124,200,1,-1,-1,-1
185,152,1320,312,84,260,1,-1,-1,-1
185,153,1396,400,88,200,1,-1,-1,-1
185,154,1472,488,136,156,1,-1,-1,-1
186,108,665,677,148,176,1,-1,-1,-1
186,116,1485,593,228,160,1,-1,-1,-1
186,126,835,717,120,80,1,-1,-1,-1
186,132,1215,635,204,172,1,-1,-1,-1
186,133,448,751,148,180,1,-1,-1,-1
186,144,1768,516,260,220,1,-1,-1,-1
186,149,1074,471,136,188,1,-1,-1,-1
186,150,1509,279,100,216,1,-1,-1,-1
186,151,1344,139,124,200,1,-1,-1,-1
186,152,1319,312,84,260,1,-1,-1,-1
186,153,1394,402,88,200,1,-1,-1,-1
186,154,1469,488,136,156,1,-1,-1,-1
187,108,662,676,148,176,1,-1,-1,-1
187,116,1483,594,228,160,1,-1,-1,-1
187,126,833,716,120,80,1,-1,-1,-1
187,132,1215,635,204,172,1,-1,-1,-1
187,133,447,751,148,180,1,-1,-1,-1
187,144,1767,514,260,220,1,-1,-1,-1
187,149,1072,473,136,188,1,-1,-1,-1
187,151,1341,139,124,200,1,-1,-1,-1
187,153,1391,402,88,200,1,-1,-1,-1
187,154,1466,489,136,156,1,-1,-1,-1
188,108,659,675,148,176,1,-1,-1,-1
188,116,1480,593,228,160,1,-1,-1,-1
188,126,833,717,114,76,1,-1,-1,-1
188,132,1213,635,204,172,1,-1,-1,-1
188,133,449,751,148,180,1,-1,-1,-1
188,144,1765,512,260,220,1,-1,-1,-1
188,149,1069,473,136,188,1,-1,-1,-1
188,151,1336,139,124,200,1,-1,-1,-1
188,154,1466,492,130,149,1,-1,-1,-1
189,108,657,675,148,176,1,-1,-1,-1
189,116,1480,593,228,160,1,-1,-1,-1
189,126,830,717,114,76,1,-1,-1,-1
189,132,1212,634,204,172,1,-1,-1,-1
189,133,450,753,148,180,1,-1,-1,-1
189,144,1764,515,260,220,1,-1,-1,-1
189,149,1066,474,136,188,1,-1,-1,-1
189,151,1331,142,124,200,1,-1,-1,-1
189,154,1464,493,130,149,1,-1,-1,-1
190,108,655,675,148,176,1,-1,-1,-1
190,116,1484,597,217,152,1,-1,-1,-1
190,126,828,717,114,76,1,-1,-1,-1
190,132,1211,633,204,172,1,-1,-1,-1
190,133,456,757,141,171,1,-1,-1,-1
190,149,1065,476,136,188,1,-1,-1,-1
190,151,1326,139,130,210,1,-1,-1,-1
190,154,1461,493,130,149,1,-1,-1,-1
191,108,650,673,155,185,1,-1,-1,-1
191,116,1483,597,217,152,1,-1,-1,-1
191,126,826,717,114,76,1,-1,-1,-1
191,132,1209,633,204,172,1,-1,-1,-1
191,133,456,760,141,171,1,-1,-1,-1
191,149,1063,477,136,188,1,-1,-1,-1
191,151,1324,140,130,210,1,-1,-1,-1
191,154,1459,494,130,149,1,-1,-1,-1
192,108,648,672,155,185,1,-1,-1,-1
192,116,1478,596,228,160,1,-1,-1,-1
192,126,825,718,114,76,1,-1,-1,-1
192,132,1211,636,204,172,1,-1,-1,-1
192,133,461,764,134,163,1,-1,-1,-1
192,149,1063,480,136,188,1,-1,-1,-1
192,154,1458,493,130,149,1,-1,-1,-1
193,108,648,680,140,176,1,-1,-1,-1
193,116,1488,572,228,184,1,-1,-1,-1
193,126,825,718,114,76,1,-1,-1,-1
193,132,1212,612,192,196,1,-1,-1,-1
193,133,444,768,152,176,1,-1,-1,-1
193,149,1060,484,136,192,1,-1,-1,-1
193,154,1476,480,92,224,1,-1,-1,-1
193,155,1772,504,256,236,1,-1,-1,-1
193,156,1216,408,96,180,1,-1,-1,-1
193,157,1324,156,96,200,1,-1,-1,-1
193,158,1300,312,100,276,1,-1,-1,-1
193,159,796,576,120,228,1,-1,-1,-1
193,160,1472,268,112,228,1,-1,-1,-1
194,108,646,681,140,176,1,-1,-1,-1
194,116,1489,574,228,184,1,-1,-1,-1
194,126,819,718,120,80,1,-1,-1,-1
194,132,1210,613,192,196,1,-1,-1,-1
194,133,444,769,152,176,1,-1,-1,-1
194,149,1059,485,136,192,1,-1,-1,-1
194,154,1475,480,92,224,1,-1,-1,-1
194,155,1772,504,256,236,1,-1,-1,-1
194,156,1215,407,96,180,1,-1,-1,-1
194,157,1322,157,96,200,1,-1,-1,-1
194,159,794,577,120,228,1,-1,-1,-1
194,160,1468,269,112,228,1,-1,-1,-1
195,108,644,683,140,176,1,-1,-1,-1
195,116,1487,575,228,184,1,-1,-1,-1
195,132,1208,615,192,196,1,-1,-1,-1
195,133,443,771,152,176,1,-1,-1,-1
195,149,1056,487,136,192,1,-1,-1,-1
195,154,1473,481,92,224,1,-1,-1,-1
195,155,1777,513,244,225,1,-1,-1,-1
195,156,1213,412,96,180,1,-1,-1,-1
195,157,1317,159,96,200,1,-1,-1,-1
195,159,791,577,120,228,1,-1,-1,-1
196,108,640,686,140,176,1,-1,-1,-1
196,116,1485,578,228,184,1,-1,-1,-1
196,132,1208,617,192,196,1,-1,-1,-1
196,133,442,773,152,176,1,-1,-1,-1
196,149,1054,487,136,192,1,-1,-1,-1
196,154,1470,483,92,224,1,-1,-1,-1
196,155,1774,516,244,225,1,-1,-1,-1
196,156,1211,413,96,180,1,-1,-1,-1
196,159,789,577,120,228,1,-1,-1,-1
197,108,637,692,140,176,1,-1,-1,-1
197,116,1485,582,228,184,1,-1,-1,-1
197,132,1207,622,192,196,1,-1,-1,-1
197,133,442,776,152,176,1,-1,-1,-1
197,149,1051,490,136,192,1,-1,-1,-1
197,155,1772,517,244,225,1,-1,-1,-1
197,156,1205,411,101,189,1,-1,-1,-1
197,159,785,581,120,228,1,-1,-1,-1
198,108,638,701,133,168,1,-1,-1,-1
198,116,1482,587,228,184,1,-1,-1,-1
198,132,1206,626,192,196,1,-1,-1,-1
198,133,442,782,152,176,1,-1,-1,-1
198,149,1047,494,136,192,1,-1,-1,-1
198,155,1768,523,244,225,1,-1,-1,-1
198,159,781,583,120,228,1,-1,-1,-1
199,108,636,709,133,168,1,-1,-1,-1
199,116,1480,593,228,184,1,-1,-1,-1
199,132,1206,631,192,196,1,-1,-1,-1
199,133,442,790,152,176,1,-1,-1,-1
199,149,1047,501,136,192,1,-1,-1,-1
199,155,1769,529,244,225,1,-1,-1,-1
199,159,778,589,120,228,1,-1,-1,-1
200,108,639,716,133,168,1,-1,-1,-1
200,116,1478,598,228,184,1,-1,-1,-1
200,132,1207,638,192,196,1,-1,-1,-1
200,149,1046,505,136,192,1,-1,-1,-1
200,155,1769,535,244,225,1,-1,-1,-1
200,159,776,594,120,228,1,-1,-1,-1
201,108,639,716,133,168,1,-1,-1,-1
201,116,1480,604,236,192,1,-1,-1,-1
201,132,1208,648,188,196,1,-1,-1,-1
201,149,1044,504,140,212,1,-1,-1,-1
201,155,1788,532,180,236,1,-1,-1,-1
201,159,776,594,120,228,1,-1,-1,-1
201,161,444,800,160,168,1,-1,-1,-1
201,162,1440,492,112,268,1,-1,-1,-1
201,163,1280,180,100,164,1,-1,-1,-1
202,108,641,721,133,168,1,-1,-1,-1
202,116,1479,608,236,192,1,-1,-1,-1
202,132,1206,652,188,196,1,-1,-1,-1
202,149,1044,509,140,212,1,-1,-1,-1
202,155,1789,535,180,236,1,-1,-1,-1
202,161,444,803,160,168,1,-1,-1,-1
202,162,1442,500,107,255,1,-1,-1,-1
202,163,1278,183,100,164,1,-1,-1,-1
203,108,642,723,133,168,1,-1,-1,-1
203,116,1480,611,236,192,1,-1,-1,-1
203,132,1208,657,188,196,1,-1,-1,-1
203,149,1044,513,140,212,1,-1,-1,-1
203,155,1791,539,180,236,1,-1,-1,-1
203,161,446,809,160,168,1,-1,-1,-1
203,162,1437,499,112,268,1,-1,-1,-1
203,163,1276,191,100,164,1,-1,-1,-1
204,108,645,725,133,168,1,-1,-1,-1
204,116,1480,616,236,192,1,-1,-1,-1
204,132,1208,660,188,196,1,-1,-1,-1
204,149,1044,518,140,212,1,-1,-1,-1
204,155,1792,542,180,236,1,-1,-1,-1
204,161,447,814,160,168,1,-1,-1,-1
204,163,1272,193,100,164,1,-1,-1,-1
205,116,1481,620,236,192,1,-1,-1,-1
205,132,1207,664,188,196,1,-1,-1,-1
205,149,1047,526,133,202,1,-1,-1,-1
205,155,1793,544,180,236,1,-1,-1,-1
205,161,448,817,160,168,1,-1,-1,-1
205,163,1271,198,100,164,1,-1,-1,-1
206,116,1480,625,236,192,1,-1,-1,-1
206,132,1204,670,188,196,1,-1,-1,-1
206,149,1046,531,133,202,1,-1,-1,-1
206,155,1793,547,180,236,1,-1,-1,-1
206,161,448,822,160,168,1,-1,-1,-1
206,163,1270,204,95,156,1,-1,-1,-1
207,116,1480,625,236,192,1,-1,-1,-1
207,132,1206,673,188,196,1,-1,-1,-1
207,149,1046,535,133,202,1,-1,-1,-1
207,155,1792,549,180,236,1,-1,-1,-1
207,161,449,826,160,168,1,-1,-1,-1
207,163,1268,208,95,156,1,-1,-1,-1
208,116,1481,628,236,192,1,-1,-1,-1
208,132,1204,674,188,196,1,-1,-1,-1
208,149,1046,536,133,202,1,-1,-1,-1
208,155,1791,550,180,236,1,-1,-1,-1
208,161,451,829,160,168,1,-1,-1,-1
209,116,1476,632,244,188,1,-1,-1,-1
209,132,1208,724,200,148,1,-1,-1,-1
209,149,1056,536,152,200,1,-1,-1,-1
209,155,1796,536,148,256,1,-1,-1,-1
209,161,464,844,160,152,1,-1,-1,-1
209,164,2036,464,104,284,1,-1,-1,-1
209,165,1932,472,108,272,1,-1,-1,-1
209,166,1420,484,124,268,1,-1,-1,-1
209,167,2072,280,104,240,1,-1,-1,-1
209,168,1272,216,92,200,1,-1,-1,-1
209,169,904,580,148,184,1,-1,-1,-1
210,116,1477,635,244,188,1,-1,-1,-1
210,132,1208,729,200,148,1,-1,-1,-1
210,149,1054,533,160,210,1,-1,-1,-1
210,155,1798,541,148,256,1,-1,-1,-1
210,161,468,848,160,152,1,-1,-1,-1
210,164,2036,463,104,284,1,-1,-1,-1
210,165,1935,479,103,259,1,-1,-1,-1
210,167,2072,282,104,240,1,-1,-1,-1
210,168,1272,219,92,200,1,-1,-1,-1
210,169,905,583,148,184,1,-1,-1,-1
211,116,1481,640,244,188,1,-1,-1,-1
211,132,1212,730,200,148,1,-1,-1,-1
211,149,1062,541,152,200,1,-1,-1,-1
211,155,1802,542,148,256,1,-1,-1,-1
211,161,473,851,160,152,1,-1,-1,-1
211,165,1938,482,103,259,1,-1,-1,-1
211,167,2073,282,104,240,1,-1,-1,-1
211,168,1276,225,88,190,1,-1,-1,-1
211,169,912,588,141,175,1,-1,-1,-1
212,116,1490,642,244,188,1,-1,-1,-1
212,132,1220,731,200,148,1,-1,-1,-1
212,149,1070,541,152,200,1,-1,-1,-1
212,155,1808,546,148,256,1,-1,-1,-1
212,161,484,853,160,152,1,-1,-1,-1
212,168,1280,227,88,190,1,-1,-1,-1
212,169,921,592,141,175,1,-1,-1,-1
213,116,1503,643,244,188,1,-1,-1,-1
213,132,1230,733,200,148,1,-1,-1,-1
213,149,1085,542,152,200,1,-1,-1,-1
213,155,1821,549,148,256,1,-1,-1,-1
213,161,497,853,160,152,1,-1,-1,-1
213,169,934,592,141,175,1,-1,-1,-1
214,132,1238,735,200,148,1,-1,-1,-1
214,149,1098,545,152,200,1,-1,-1,-1
214,155,1833,552,148,256,1,-1,-1,-1
214,161,514,858,152,145,1,-1,-1,-1
214,169,945,590,148,184,1,-1,-1,-1
215,132,1251,734,210,155,1,-1,-1,-1
215,149,1110,546,152,200,1,-1,-1,-1
215,155,1848,552,148,256,1,-1,-1,-1
215,161,527,860,152,145,1,-1,-1,-1
216,132,1269,734,210,155,1,-1,-1,-1
216,149,1134,552,145,190,1,-1,-1,-1
216,155,1865,553,148,256,1,-1,-1,-1
216,161,546,860,152,145,1,-1,-1,-1
217,132,1304,712,204,168,1,-1,-1,-1
217,149,1134,552,145,190,1,-1,-1,-1
217,155,1904,552,136,244,1,-1,-1,-1
217,161,576,840,156,152,1,-1,-1,-1
217,170,1588,620,252,200,1,-1,-1,-1
217,171,1836,152,216,196,1,-1,-1,-1
217,172,736,712,132,196,1,-1,-1,-1
218,132,1324,692,204,168,1,-1,-1,-1
218,155,1924,529,136,244,1,-1,-1,-1
218,161,595,821,156,152,1,-1,-1,-1
218,170,1611,600,252,200,1,-1,-1,-1
218,171,1854,131,216,196,1,-1,-1,-1
218,172,755,691,132,196,1,-1,-1,-1
219,132,1336,679,204,168,1,-1,-1,-1
219,155,1933,523,136,244,1,-1,-1,-1
219,161,610,810,156,152,1,-1,-1,-1
219,170,1628,598,240,190,1,-1,-1,-1
219,171,1858,123,216,196,1,-1,-1,-1
219,172,762,682,132,196,1,-1,-1,-1
220,132,1354,665,204,168,1,-1,-1,-1
220,155,1957,510,130,232,1,-1,-1,-1
220,161,628,798,156,152,1,-1,-1,-1
220,170,1648,584,240,190,1,-1,-1,-1
220,171,1874,109,216,196,1,-1,-1,-1
220,172,781,668,132,196,1,-1,-1,-1
221,132,1388,640,204,168,1,-1,-1,-1
221,155,1987,486,130,232,1,-1,-1,-1
221,161,665,769,156,152,1,-1,-1,-1
221,170,1680,559,240,190,1,-1,-1,-1
221,171,1899,89,216,196,1,-1,-1,-1
221,172,814,642,132,196,1,-1,-1,-1
222,132,1417,617,204,168,1,-1,-1,-1
222,155,2016,462,130,232,1,-1,-1,-1
222,161,696,748,156,152,1,-1,-1,-1
222,170,1704,530,252,200,1,-1,-1,-1
222,171,1925,66,216,196,1,-1,-1,-1
222,172,839,621,132,196,1,-1,-1,-1
223,132,1443,603,204,168,1,-1,-1,-1
223,161,725,737,156,152,1,-1,-1,-1
223,171,1954,57,206,187,1,-1,-1,-1
223,172,865,607,132,196,1,-1,-1,-1
224,132,1475,597,204,168,1,-1,-1,-1
224,161,758,732,156,152,1,-1,-1,-1
224,171,1979,53,206,187,1,-1,-1,-1
225,132,1492,568,200,176,1,-1,-1,-1
225,161,784,728,148,144,1,-1,-1,-1
225,171,2012,52,220,172,1,-1,-1,-1
225,173,1800,520,256,176,1,-1,-1,-1
225,174,0,764,80,104,1,-1,-1,-1
225,175,1680,460,88,168,1,-1,-1,-1
225,176,2112,428,112,256,1,-1,-1,-1
225,177,2212,308,160,324,1,-1,-1,-1
225,178,1100,468,132,228,1,-1,-1,-1
226,132,1497,554,200,176,1,-1,-1,-1
226,161,794,714,148,144,1,-1,-1,-1
226,171,2018,37,220,172,1,-1,-1,-1
226,173,1816,510,244,168,1,-1,-1,-1
226,174,10,750,80,104,1,-1,-1,-1
226,175,1685,445,88,168,1,-1,-1,-1
226,176,2118,411,112,256,1,-1,-1,-1
226,177,2218,298,160,324,1,-1,-1,-1
226,178,1104,453,132,228,1,-1,-1,-1
227,132,1502,543,200,176,1,-1,-1,-1
227,161,798,701,148,144,1,-1,-1,-1
227,171,2019,25,220,172,1,-1,-1,-1
227,173,1816,494,256,176,1,-1,-1,-1
227,174,17,736,80,104,1,-1,-1,-1
227,175,1685,427,92,176,1,-1,-1,-1
227,176,2122,400,112,256,1,-1,-1,-1
227,178,1106,444,132,228,1,-1,-1,-1
228,132,1507,539,200,176,1,-1,-1,-1
228,161,809,694,148,144,1,-1,-1,-1
228,171,2025,22,210,164,1,-1,-1,-1
228,173,1822,487,256,176,1,-1,-1,-1
228,174,26,728,80,104,1,-1,-1,-1
228,175,1690,424,92,176,1,-1,-1,-1
228,178,1110,437,132,228,1,-1,-1,-1
229,132,1521,537,200,176,1,-1,-1,-1
229,161,827,696,141,137,1,-1,-1,-1
229,171,2032,19,210,164,1,-1,-1,-1
229,173,1835,483,256,176,1,-1,-1,-1
229,174,38,723,84,109,1,-1,-1,-1
229,175,1702,420,92,176,1,-1,-1,-1
230,132,1537,536,200,176,1,-1,-1,-1
230,161,843,694,141,137,1,-1,-1,-1
230,171,2043,17,210,164,1,-1,-1,-1
230,173,1852,483,256,176,1,-1,-1,-1
230,174,58,724,80,104,1,-1,-1,-1
230,175,1717,420,92,176,1,-1,-1,-1
231,132,1553,535,200,176,1,-1,-1,-1
231,161,860,693,141,137,1,-1,-1,-1
231,171,2054,16,210,164,1,-1,-1,-1
231,173,1868,483,256,176,1,-1,-1,-1
231,174,76,722,80,104,1,-1,-1,-1
232,132,1570,530,200,176,1,-1,-1,-1
232,161,877,685,141,137,1,-1,-1,-1
232,173,1884,477,256,176,1,-1,-1,-1
232,174,92,714,80,104,1,-1,-1,-1
233,132,1592,536,180,156,1,-1,-1,-1
233,161,896,668,128,148,1,-1,-1,-1
233,173,1900,464,252,188,1,-1,-1,-1
233,174,92,714,80,104,1,-1,-1,-1
233,179,0,708,180,168,1,-1,-1,-1
233,180,2184,372,120,228,1,-1,-1,-1
233,181,1748,364,100,212,1,-1,-1,-1
233,182,2076,0,176,188,1,-1,-1,-1
234,132,1600,532,180,156,1,-1,-1,-1
234,161,905,664,128,148,1,-1,-1,-1
234,173,1906,460,252,188,1,-1,-1,-1
234,179,10,702,180,168,1,-1,-1,-1
234,180,2190,369,120,228,1,-1,-1,-1
234,181,1752,360,100,212,1,-1,-1,-1
234,182,2080,0,176,184,1,-1,-1,-1
235,132,1603,528,180,156,1,-1,-1,-1
235,161,908,661,128,148,1,-1,-1,-1
235,173,1917,461,240,179,1,-1,-1,-1
235,179,15,696,180,168,1,-1,-1,-1
235,180,2195,365,120,228,1,-1,-1,-1
235,182,2082,0,176,181,1,-1,-1,-1
236,132,1602,525,180,156,1,-1,-1,-1
236,161,908,658,128,148,1,-1,-1,-1
236,173,1917,458,240,179,1,-1,-1,-1
236,179,16,693,180,168,1,-1,-1,-1
236,180,2194,362,120,228,1,-1,-1,-1
236,182,2079,0,176,178,1,-1,-1,-1
237,132,1598,524,180,156,1,-1,-1,-1
237,161,905,658,128,148,1,-1,-1,-1
237,173,1915,459,240,179,1,-1,-1,-1
237,179,13,693,180,168,1,-1,-1,-1
237,180,2191,364,120,228,1,-1,-1,-1
237,182,2072,0,176,177,1,-1,-1,-1
238,132,1578,543,180,156,1,-1,-1,-1
238,161,887,678,128,148,1,-1,-1,-1
238,173,1886,475,252,188,1,-1,-1,-1
238,179,0,713,175,168,1,-1,-1,-1
238,182,2050,7,176,188,1,-1,-1,-1
239,132,1571,552,171,149,1,-1,-1,-1
239,161,878,685,128,148,1,-1,-1,-1
239,173,1882,480,252,188,1,-1,-1,-1
239,179,0,722,161,160,1,-1,-1,-1
239,182,2035,16,176,188,1,-1,-1,-1
240,132,1555,563,171,149,1,-1,-1,-1
240,161,860,692,134,155,1,-1,-1,-1
240,179,0,733,145,160,1,-1,-1,-1
240,182,2022,32,168,179,1,-1,-1,-1
241,132,1536,568,184,172,1,-1,-1,-1
241,161,860,692,134,155,1,-1,-1,-1
241,179,0,740,112,164,1,-1,-1,-1
241,182,2022,32,168,179,1,-1,-1,-1
241,183,1840,524,260,176,1,-1,-1,-1
241,184,2236,268,196,324,1,-1,-1,-1
241,185,2040,400,200,260,1,-1,-1,-1
241,186,1572,36,140,232,1,-1,-1,-1
241,187,844,784,120,72,1,-1,-1,-1
241,188,1440,416,112,128,1,-1,-1,-1
242,132,1523,583,184,172,1,-1,-1,-1
242,179,0,752,102,164,1,-1,-1,-1
242,183,1830,539,260,176,1,-1,-1,-1
242,185,2026,414,200,260,1,-1,-1,-1
242,186,1558,52,140,232,1,-1,-1,-1
242,187,832,797,120,72,1,-1,-1,-1
242,188,1427,429,112,128,1,-1,-1,-1
243,132,1515,592,184,172,1,-1,-1,-1
243,179,0,761,92,164,1,-1,-1,-1
243,183,1823,547,260,176,1,-1,-1,-1
243,186,1553,58,140,232,1,-1,-1,-1
243,187,823,808,120,72,1,-1,-1,-1
243,188,1418,439,112,128,1,-1,-1,-1
244,132,1507,603,184,172,1,-1,-1,-1
244,179,0,771,88,164,1,-1,-1,-1
244,183,1814,561,260,176,1,-1,-1,-1
244,186,1547,78,140,232,1,-1,-1,-1
244,187,816,819,120,72,1,-1,-1,-1
244,188,1410,450,112,128,1,-1,-1,-1
245,132,1500,614,184,172,1,-1,-1,-1
245,179,0,786,82,156,1,-1,-1,-1
245,183,1806,565,273,185,1,-1,-1,-1
245,186,1536,81,140,232,1,-1,-1,-1
245,187,810,829,120,72,1,-1,-1,-1
245,188,1404,462,112,128,1,-1,-1,-1
246,132,1497,620,184,172,1,-1,-1,-1
246,179,0,791,78,156,1,-1,-1,-1
246,183,1801,573,273,185,1,-1,-1,-1
246,186,1534,93,133,221,1,-1,-1,-1
246,187,807,834,120,72,1,-1,-1,-1
246,188,1402,465,112,128,1,-1,-1,-1
247,132,1496,621,184,172,1,-1,-1,-1
247,179,0,790,79,156,1,-1,-1,-1
247,186,1533,98,133,221,1,-1,-1,-1
247,187,808,837,114,69,1,-1,-1,-1
247,188,1402,464,112,128,1,-1,-1,-1
248,132,1497,623,184,172,1,-1,-1,-1
248,179,0,789,80,156,1,-1,-1,-1
248,187,809,838,114,69,1,-1,-1,-1
248,188,1404,463,112,128,1,-1,-1,-1
249,132,1504,604,184,188,1,-1,-1,-1
249,179,0,792,92,160,1,-1,-1,-1
249,187,809,838,114,69,1,-1,-1,-1
249,188,1404,463,112,128,1,-1,-1,-1
249,189,812,740,204,172,1,-1,-1,-1
249,190,1832,568,248,176,1,-1,-1,-1
249,191,1976,460,196,236,1,-1,-1,-1
249,192,1532,252,116,304,1,-1,-1,-1
249,193,1532,84,140,200,1,-1,-1,-1
249,194,1984,112,92,160,1,-1,-1,-1
250,132,1508,607,184,188,1,-1,-1,-1
250,179,5,795,92,160,1,-1,-1,-1
250,187,818,838,114,69,1,-1,-1,-1
250,189,817,742,204,172,1,-1,-1,-1
250,190,1838,567,248,176,1,-1,-1,-1
250,191,1978,462,196,236,1,-1,-1,-1
250,193,1535,85,140,200,1,-1,-1,-1
250,194,1985,113,92,160,1,-1,-1,-1
251,132,1510,612,184,188,1,-1,-1,-1
251,179,9,799,92,160,1,-1,-1,-1
251,187,819,840,114,69,1,-1,-1,-1
251,189,819,743,204,172,1,-1,-1,-1
251,190,1848,576,236,168,1,-1,-1,-1
251,191,1978,466,196,236,1,-1,-1,-1
251,193,1538,87,140,200,1,-1,-1,-1
251,194,1985,116,92,160,1,-1,-1,-1
252,132,1510,617,184,188,1,-1,-1,-1
252,179,9,803,92,160,1,-1,-1,-1
252,187,819,843,114,69,1,-1,-1,-1
252,189,820,747,204,172,1,-1,-1,-1
252,190,1846,580,236,168,1,-1,-1,-1
252,191,1976,470,196,236,1,-1,-1,-1
252,193,1537,91,140,200,1,-1,-1,-1
252,194,1982,122,92,160,1,-1,-1,-1
253,132,1508,618,184,188,1,-1,-1,-1
253,179,11,805,92,160,1,-1,-1,-1
253,187,817,843,120,72,1,-1,-1,-1
253,189,819,748,204,172,1,-1,-1,-1
253,190,1852,585,225,160,1,-1,-1,-1
253,191,1972,475,196,236,1,-1,-1,-1
253,193,1540,98,133,190,1,-1,-1,-1
253,194,1978,125,92,160,1,-1,-1,-1
254,132,1507,621,184,188,1,-1,-1,-1
254,179,14,809,92,160,1,-1,-1,-1
254,187,818,844,120,72,1,-1,-1,-1
254,189,814,746,214,181,1,-1,-1,-1
254,191,1974,481,187,225,1,-1,-1,-1
254,193,1539,99,133,190,1,-1,-1,-1
255,132,1507,624,184,188,1,-1,-1,-1
255,179,17,813,92,160,1,-1,-1,-1
255,187,819,845,120,72,1,-1,-1,-1
255,189,813,749,214,181,1,-1,-1,-1
255,191,1967,481,196,236,1,-1,-1,-1
255,193,1543,107,127,181,1,-1,-1,-1
256,132,1505,628,184,188,1,-1,-1,-1
256,179,20,816,92,160,1,-1,-1,-1
256,187,822,847,120,72,1,-1,-1,-1
256,189,819,755,204,172,1,-1,-1,-1
256,193,1545,110,127,181,1,-1,-1,-1
257,132,1504,632,196,188,1,-1,-1,-1
257,179,0,816,108,160,1,-1,-1,-1
257,187,822,847,120,72,1,-1,-1,-1
257,189,800,760,220,164,1,-1,-1,-1
257,193,1548,100,120,188,1,-1,-1,-1
257,195,1864,592,200,180,1,-1,-1,-1
257,196,2172,288,252,336,1,-1,-1,-1
257,197,1088,516,156,244,1,-1,-1,-1
257,198,1652,444,108,232,1,-1,-1,-1
257,199,968,556,124,176,1,-1,-1,-1
257,200,1236,540,96,168,1,-1,-1,-1
258,132,1503,635,196,188,1,-1,-1,-1
258,179,1,817,108,160,1,-1,-1,-1
258,187,825,849,120,72,1,-1,-1,-1
258,189,802,762,220,164,1,-1,-1,-1
258,193,1548,102,120,188,1,-1,-1,-1
258,195,1865,594,200,180,1,-1,-1,-1
258,196,2171,288,252,336,1,-1,-1,-1
258,197,1089,517,156,244,1,-1,-1,-1
258,198,1652,446,108,232,1,-1,-1,-1
258,199,968,556,124,176,1,-1,-1,-1
258,200,1236,541,96,168,1,-1,-1,-1
259,132,1502,640,196,188,1,-1,-1,-1
259,179,1,819,108,160,1,-1,-1,-1
259,187,826,851,120,72,1,-1,-1,-1
259,189,800,765,220,164,1,-1,-1,-1
259,193,1548,105,120,188,1,-1,-1,-1
259,195,1864,599,200,180,1,-1,-1,-1
259,196,2172,292,252,336,1,-1,-1,-1
259,197,1088,519,156,244,1,-1,-1,-1
259,198,1651,447,108,232,1,-1,-1,-1
259,199,968,559,124,176,1,-1,-1,-1
259,200,1235,543,96,168,1,-1,-1,-1
260,132,1499,645,196,188,1,-1,-1,-1
260,179,1,823,108,160,1,-1,-1,-1
260,187,826,856,120,72,1,-1,-1,-1
260,189,798,770,220,164,1,-1,-1,-1
260,193,1547,111,120,188,1,-1,-1,-1
260,195,1866,607,200,180,1,-1,-1,-1
260,196,2165,293,252,336,1,-1,-1,-1
260,197,1087,523,156,244,1,-1,-1,-1
260,198,1648,442,113,244,1,-1,-1,-1
260,199,966,563,124,176,1,-1,-1,-1
260,200,1235,547,96,168,1,-1,-1,-1
261,132,1497,649,196,188,1,-1,-1,-1
261,179,1,826,108,160,1,-1,-1,-1
261,189,798,774,220,164,1,-1,-1,-1
261,193,1545,114,120,188,1,-1,-1,-1
261,195,1866,612,200,180,1,-1,-1,-1
261,196,2164,297,252,336,1,-1,-1,-1
261,197,1088,526,156,244,1,-1,-1,-1
261,198,1647,444,113,244,1,-1,-1,-1
261,199,965,563,124,176,1,-1,-1,-1
261,200,1236,550,96,168,1,-1,-1,-1
262,132,1496,652,196,188,1,-1,-1,-1
262,179,2,831,108,160,1,-1,-1,-1
262,189,797,779,220,164,1,-1,-1,-1
262,193,1544,118,120,188,1,-1,-1,-1
262,195,1869,615,200,180,1,-1,-1,-1
262,196,2167,300,252,336,1,-1,-1,-1
262,197,1087,530,156,244,1,-1,-1,-1
262,198,1649,453,108,232,1,-1,-1,-1
262,200,1236,552,96,168,1,-1,-1,-1
263,132,1495,656,196,188,1,-1,-1,-1
263,179,2,832,108,160,1,-1,-1,-1
263,189,798,782,220,164,1,-1,-1,-1
263,193,1543,124,120,188,1,-1,-1,-1
263,196,2163,310,252,336,1,-1,-1,-1
263,197,1085,532,156,244,1,-1,-1,-1
263,200,1236,556,96,168,1,-1,-1,-1
264,132,1494,661,196,188,1,-1,-1,-1
264,179,3,836,108,160,1,-1,-1,-1
264,189,799,789,220,164,1,-1,-1,-1
264,193,1542,127,120,188,1,-1,-1,-1
264,196,2169,321,240,320,1,-1,-1,-1
264,197,1086,535,156,244,1,-1,-1,-1
264,200,1236,559,96,168,1,-1,-1,-1
265,132,1492,656,196,192,1,-1,-1,-1
265,179,0,832,104,180,1,-1,-1,-1
265,189,828,732,232,224,1,-1,-1,-1
265,193,1542,127,120,188,1,-1,-1,-1
265,196,2192,332,208,288,1,-1,-1,-1
265,197,1086,535,156,244,1,-1,-1,-1
265,200,1236,559,96,168,1,-1,-1,-1
265,201,1884,604,212,200,1,-1,-1,-1
265,202,1652,528,92,176,1,-1,-1,-1
265,203,1380,448,180,216,1,-1,-1,-1
265,204,1872,568,212,100,1,-1,-1,-1
265,205,1088,616,120,172,1,-1,-1,-1
266,132,1491,658,196,192,1,-1,-1,-1
266,179,0,833,104,180,1,-1,-1,-1
266,189,832,739,221,213,1,-1,-1,-1
266,193,1539,132,120,188,1,-1,-1,-1
266,196,2190,333,208,288,1,-1,-1,-1
266,200,1233,569,96,168,1,-1,-1,-1
266,201,1882,605,212,200,1,-1,-1,-1
266,202,1651,528,92,176,1,-1,-1,-1
266,203,1378,448,180,216,1,-1,-1,-1
266,204,1874,572,202,95,1,-1,-1,-1
266,205,1087,617,120,172,1,-1,-1,-1
267,132,1490,660,196,192,1,-1,-1,-1
267,179,1,835,104,180,1,-1,-1,-1
267,189,829,743,221,213,1,-1,-1,-1
267,193,1541,139,114,179,1,-1,-1,-1
267,196,2195,343,198,274,1,-1,-1,-1
267,200,1233,571,96,168,1,-1,-1,-1
267,201,1882,607,212,200,1,-1,-1,-1
267,202,1650,528,92,176,1,-1,-1,-1
267,203,1377,453,180,216,1,-1,-1,-1
267,204,1872,574,202,95,1,-1,-1,-1
267,205,1086,621,120,172,1,-1,-1,-1
268,132,1490,662,196,192,1,-1,-1,-1
268,179,1,836,104,180,1,-1,-1,-1
268,189,829,746,221,213,1,-1,-1,-1
268,193,1540,140,114,179,1,-1,-1,-1
268,196,2195,341,198,274,1,-1,-1,-1
268,200,1236,578,91,160,1,-1,-1,-1
268,201,1883,610,212,200,1,-1,-1,-1
268,202,1649,527,92,176,1,-1,-1,-1
268,203,1381,460,171,206,1,-1,-1,-1
268,204,1867,577,202,95,1,-1,-1,-1
268,205,1085,623,120,172,1,-1,-1,-1
269,132,1490,662,196,192,1,-1,-1,-1
269,179,3,836,104,180,1,-1,-1,-1
269,189,831,747,221,213,1,-1,-1,-1
269,193,1538,140,114,179,1,-1,-1,-1
269,196,2196,343,198,274,1,-1,-1,-1
269,200,1237,578,91,160,1,-1,-1,-1
269,201,1885,611,212,200,1,-1,-1,-1
269,202,1648,522,97,185,1,-1,-1,-1
269,203,1381,459,171,206,1,-1,-1,-1
269,204,1864,578,202,95,1,-1,-1,-1
269,205,1083,621,126,181,1,-1,-1,-1
270,132,1490,662,196,192,1,-1,-1,-1
270,179,7,842,99,171,1,-1,-1,-1
270,189,831,749,221,213,1,-1,-1,-1
270,193,1538,140,114,179,1,-1,-1,-1
270,196,2192,343,198,274,1,-1,-1,-1
270,200,1238,578,91,160,1,-1,-1,-1
270,201,1883,610,212,200,1,-1,-1,-1
270,202,1649,527,92,176,1,-1,-1,-1
270,203,1381,460,171,206,1,-1,-1,-1
270,204,1859,580,202,95,1,-1,-1,-1
270,205,1083,621,126,181,1,-1,-1,-1
271,132,1488,662,196,192,1,-1,-1,-1
271,179,8,842,99,171,1,-1,-1,-1
271,189,829,750,221,213,1,-1,-1,-1
271,200,1237,575,91,160,1,-1,-1,-1
271,201,1886,612,212,200,1,-1,-1,-1
271,203,1381,457,171,206,1,-1,-1,-1
272,132,1488,662,196,192,1,-1,-1,-1
272,179,6,839,104,180,1,-1,-1,-1
272,189,826,748,221,213,1,-1,-1,-1
272,201,1890,615,202,190,1,-1,-1,-1
272,203,1382,455,171,206,1,-1,-1,-1
273,132,1496,652,176,200,1,-1,-1,-1
273,179,0,844,116,168,1,-1,-1,-1
273,189,826,748,221,213,1,-1,-1,-1
273,201,1904,596,168,216,1,-1,-1,-1
273,203,1382,455,171,206,1,-1,-1,-1
273,206,2196,340,220,320,1,-1,-1,-1
273,207,1236,572,96,180,1,-1,-1,-1
273,208,1648,488,96,224,1,-1,-1,-1
273,209,1544,140,104,184,1,-1,-1,-1
273,210,968,576,108,188,1,-1,-1,-1
273,211,1100,556,136,184,1,-1,-1,-1
273,212,1088,616,132,176,1,-1,-1,-1
274,132,1495,652,176,200,1,-1,-1,-1
274,179,0,845,116,168,1,-1,-1,-1
274,189,824,748,221,213,1,-1,-1,-1
274,201,1903,597,168,216,1,-1,-1,-1
274,206,2195,341,220,320,1,-1,-1,-1
274,207,1235,571,96,180,1,-1,-1,-1
274,208,1648,489,96,224,1,-1,-1,-1
274,209,1543,141,104,184,1,-1,-1,-1
274,210,966,577,108,188,1,-1,-1,-1
274,211,1098,555,136,184,1,-1,-1,-1
274,212,1086,616,132,176,1,-1,-1,-1
275,132,1494,653,176,200,1,-1,-1,-1
275,179,1,846,116,168,1,-1,-1,-1
275,189,827,752,210,203,1,-1,-1,-1
275,201,1902,598,168,216,1,-1,-1,-1
275,206,2192,342,220,320,1,-1,-1,-1
275,207,1235,572,96,180,1,-1,-1,-1
275,208,1645,484,101,235,1,-1,-1,-1
275,209,1542,141,104,184,1,-1,-1,-1
275,210,965,577,108,188,1,-1,-1,-1
275,211,1098,555,136,184,1,-1,-1,-1
275,212,1085,617,132,176,1,-1,-1,-1
276,132,1493,656,176,200,1,-1,-1,-1
276,179,2,847,116,168,1,-1,-1,-1
276,189,827,752,210,203,1,-1,-1,-1
276,201,1901,599,168,216,1,-1,-1,-1
276,206,2194,342,220,320,1,-1,-1,-1
276,207,1235,573,96,180,1,-1,-1,-1
276,209,1540,143,104,184,1,-1,-1,-1
276,210,964,578,108,188,1,-1,-1,-1
276,211,1097,554,136,184,1,-1,-1,-1
276,212,1083,617,132,176,1,-1,-1,-1
277,132,1493,658,176,200,1,-1,-1,-1
277,179,3,848,116,168,1,-1,-1,-1
277,189,823,748,221,213,1,-1,-1,-1
277,201,1904,607,160,206,1,-1,-1,-1
277,207,1234,575,96,180,1,-1,-1,-1
277,209,1541,149,99,175,1,-1,-1,-1
277,210,963,580,108,188,1,-1,-1,-1
277,211,1098,554,136,184,1,-1,-1,-1
277,212,1082,618,132,176,1,-1,-1,-1
278,132,1494,659,176,200,1,-1,-1,-1
278,179,5,847,116,168,1,-1,-1,-1
278,189,822,749,221,213,1,-1,-1,-1
278,201,1903,607,160,206,1,-1,-1,-1
278,207,1236,574,96,180,1,-1,-1,-1
278,209,1539,147,104,184,1,-1,-1,-1
278,210,963,577,108,188,1,-1,-1,-1
278,211,1100,554,136,184,1,-1,-1,-1
278,212,1084,616,132,176,1,-1,-1,-1
279,132,1497,659,176,200,1,-1,-1,-1
279,179,6,844,116,168,1,-1,-1,-1
279,189,829,753,210,203,1,-1,-1,-1
279,207,1237,573,96,180,1,-1,-1,-1
279,209,1543,151,99,175,1,-1,-1,-1
279,211,1101,553,136,184,1,-1,-1,-1
279,212,1084,616,132,176,1,-1,-1,-1
280,132,1500,659,176,200,1,-1,-1,-1
280,179,8,839,116,168,1,-1,-1,-1
280,189,830,750,210,203,1,-1,-1,-1
280,211,1099,549,143,193,1,-1,-1,-1
280,212,1086,612,132,176,1,-1,-1,-1
281,132,1508,672,180,180,1,-1,-1,-1
281,179,0,832,120,176,1,-1,-1,-1
281,189,824,668,216,288,1,-1,-1,-1
281,211,1100,520,156,224,1,-1,-1,-1
281,212,1086,612,132,176,1,-1,-1,-1
281,213,1644,452,96,244,1,-1,-1,-1
281,214,1368,436,208,228,1,-1,-1,-1
281,215,2224,316,184,316,1,-1,-1,-1
281,216,960,552,160,248,1,-1,-1,-1
281,217,1848,564,160,224,1,-1,-1,-1
281,218,1924,136,220,224,1,-1,-1,-1
281,219,1572,292,120,256,1,-1,-1,-1
282,132,1517,671,171,171,1,-1,-1,-1
282,179,4,824,120,176,1,-1,-1,-1
282,189,825,663,216,288,1,-1,-1,-1
282,211,1101,514,156,224,1,-1,-1,-1
282,212,1089,595,139,185,1,-1,-1,-1
282,213,1647,454,91,232,1,-1,-1,-1
282,214,1371,426,208,228,1,-1,-1,-1
282,215,2225,312,184,316,1,-1,-1,-1
282,216,958,540,168,260,1,-1,-1,-1
282,217,1850,559,160,224,1,-1,-1,-1
282,218,1924,131,220,224,1,-1,-1,-1
282,219,1572,288,120,256,1,-1,-1,-1
283,132,1523,659,171,171,1,-1,-1,-1
283,179,10,813,120,176,1,-1,-1,-1
283,189,830,657,216,288,1,-1,-1,-1
283,211,1107,505,156,224,1,-1,-1,-1
283,214,1380,425,198,217,1,-1,-1,-1
283,215,2234,315,175,301,1,-1,-1,-1
283,216,963,531,168,260,1,-1,-1,-1
283,217,1852,545,160,224,1,-1,-1,-1
283,218,1926,119,220,224,1,-1,-1,-1
284,132,1529,647,171,171,1,-1,-1,-1
284,179,17,797,120,176,1,-1,-1,-1
284,189,840,639,216,288,1,-1,-1,-1
284,211,1112,489,156,224,1,-1,-1,-1
284,214,1382,401,208,228,1,-1,-1,-1
284,216,969,516,168,260,1,-1,-1,-1
284,217,1856,530,160,224,1,-1,-1,-1
284,218,1928,104,220,224,1,-1,-1,-1
285,132,1531,640,171,171,1,-1,-1,-1
285,179,18,791,120,176,1,-1,-1,-1
285,189,835,633,216,288,1,-1,-1,-1
285,211,1114,483,156,224,1,-1,-1,-1
285,214,1390,400,198,217,1,-1,-1,-1
285,216,972,514,168,260,1,-1,-1,-1
285,217,1856,526,160,224,1,-1,-1,-1
285,218,1927,98,220,224,1,-1,-1,-1
286,132,1531,637,171,171,1,-1,-1,-1
286,179,19,790,120,176,1,-1,-1,-1
286,189,834,632,216,288,1,-1,-1,-1
286,211,1111,482,156,224,1,-1,-1,-1
286,214,1390,395,198,217,1,-1,-1,-1
286,216,969,507,168,260,1,-1,-1,-1
286,217,1852,525,160,224,1,-1,-1,-1
286,218,1926,95,220,224,1,-1,-1,-1
287,132,1532,636,171,171,1,-1,-1,-1
287,179,21,790,120,176,1,-1,-1,-1
287,189,836,630,216,288,1,-1,-1,-1
287,211,1117,485,149,213,1,-1,-1,-1
287,214,1392,395,198,217,1,-1,-1,-1
287,216,966,506,168,260,1,-1,-1,-1
287,218,1926,94,220,224,1,-1,-1,-1
288,132,1532,637,171,171,1,-1,-1,-1
288,179,22,791,120,176,1,-1,-1,-1
288,189,837,627,216,288,1,-1,-1,-1
288,211,1118,482,149,213,1,-1,-1,-1
288,214,1392,396,198,217,1,-1,-1,-1
288,216,970,510,160,248,1,-1,-1,-1
288,218,1920,89,231,235,1,-1,-1,-1
289,132,1540,632,184,176,1,-1,-1,-1
289,179,0,788,156,180,1,-1,-1,-1
289,189,837,627,216,288,1,-1,-1,-1
289,211,1124,484,132,212,1,-1,-1,-1
289,214,1452,404,132,220,1,-1,-1,-1
289,216,1008,532,96,216,1,-1,-1,-1
289,218,1920,89,231,235,1,-1,-1,-1
289,220,1368,404,112,220,1,-1,-1,-1
289,221,840,780,116,136,1,-1,-1,-1
289,222,1652,408,96,240,1,-1,-1,-1
289,223,1860,528,188,232,1,-1,-1,-1
289,224,1276,588,88,104,1,-1,-1,-1
290,132,1541,631,184,176,1,-1,-1,-1
290,179,3,787,156,180,1,-1,-1,-1
290,211,1126,482,132,212,1,-1,-1,-1
290,214,1453,404,132,220,1,-1,-1,-1
290,216,1008,531,96,216,1,-1,-1,-1
290,220,1367,404,112,220,1,-1,-1,-1
290,221,840,779,116,136,1,-1,-1,-1
290,222,1651,406,96,240,1,-1,-1,-1
290,223,1859,527,188,232,1,-1,-1,-1
290,224,1278,586,88,104,1,-1,-1,-1
291,132,1542,629,184,176,1,-1,-1,-1
291,179,5,788,156,180,1,-1,-1,-1
291,211,1127,481,132,212,1,-1,-1,-1
291,214,1454,403,132,220,1,-1,-1,-1
291,216,1010,529,96,216,1,-1,-1,-1
291,220,1367,404,112,220,1,-1,-1,-1
291,221,839,779,116,136,1,-1,-1,-1
291,222,1652,406,96,240,1,-1,-1,-1
291,223,1858,528,188,232,1,-1,-1,-1
291,224,1280,583,88,104,1,-1,-1,-1
292,132,1542,630,184,176,1,-1,-1,-1
292,179,7,786,156,180,1,-1,-1,-1
292,211,1131,486,126,202,1,-1,-1,-1
292,214,1453,402,132,220,1,-1,-1,-1
292,216,1010,528,96,216,1,-1,-1,-1
292,220,1366,404,112,220,1,-1,-1,-1
292,221,837,777,116,136,1,-1,-1,-1
292,223,1857,527,188,232,1,-1,-1,-1
292,224,1279,581,88,104,1,-1,-1,-1
293,132,1540,631,184,176,1,-1,-1,-1
293,179,10,787,156,180,1,-1,-1,-1
293,211,1130,486,126,202,1,-1,-1,-1
293,214,1451,404,132,220,1,-1,-1,-1
293,216,1010,527,96,216,1,-1,-1,-1
293,221,835,776,116,136,1,-1,-1,-1
293,223,1854,528,188,232,1,-1,-1,-1
293,224,1279,576,88,104,1,-1,-1,-1
294,132,1537,633,184,176,1,-1,-1,-1
294,179,11,790,156,180,1,-1,-1,-1
294,211,1130,488,126,202,1,-1,-1,-1
294,214,1449,407,132,220,1,-1,-1,-1
294,216,1008,529,96,216,1,-1,-1,-1
294,221,832,776,116,136,1,-1,-1,-1
294,223,1849,531,188,232,1,-1,-1,-1
294,224,1282,577,84,99,1,-1,-1,-1
295,132,1532,639,184,176,1,-1,-1,-1
295,179,10,793,156,180,1,-1,-1,-1
295,211,1127,495,126,202,1,-1,-1,-1
295,214,1447,413,132,220,1,-1,-1,-1
295,221,829,780,116,136,1,-1,-1,-1
296,132,1528,653,184,176,1,-1,-1,-1
296,179,7,805,156,180,1,-1,-1,-1
296,214,1445,423,132,220,1,-1,-1,-1
296,221,823,792,116,136,1,-1,-1,-1
297,132,1524,652,180,196,1,-1,-1,-1
297,179,0,824,156,180,1,-1,-1,-1
297,214,1436,452,144,220,1,-1,-1,-1
297,221,820,784,112,172,1,-1,-1,-1
297,225,1816,528,108,204,1,-1,-1,-1
297,226,1912,580,120,240,1,-1,-1,-1
297,227,1272,512,92,176,1,-1,-1,-1
297,228,1616,416,96,268,1,-1,-1,-1
297,229,1320,436,112,220,1,-1,-1,-1
297,230,1884,156,164,208,1,-1,-1,-1
297,231,984,548,148,244,1,-1,-1,-1
298,132,1518,669,180,196,1,-1,-1,-1
298,179,0,839,152,180,1,-1,-1,-1
298,214,1432,468,144,220,1,-1,-1,-1
298,221,814,801,112,172,1,-1,-1,-1
298,225,1810,549,108,204,1,-1,-1,-1
298,226,1907,600,120,240,1,-1,-1,-1
298,227,1267,529,92,176,1,-1,-1,-1
298,229,1316,457,112,220,1,-1,-1,-1
298,230,1875,173,164,208,1,-1,-1,-1
298,231,980,566,148,244,1,-1,-1,-1
299,132,1513,681,180,196,1,-1,-1,-1
299,179,0,850,148,180,1,-1,-1,-1
299,214,1429,479,144,220,1,-1,-1,-1
299,221,809,812,112,172,1,-1,-1,-1
299,225,1800,560,103,194,1,-1,-1,-1
299,227,1263,542,92,176,1,-1,-1,-1
299,229,1310,467,112,220,1,-1,-1,-1
299,230,1872,190,156,198,1,-1,-1,-1
299,231,978,580,141,232,1,-1,-1,-1
300,132,1511,685,180,196,1,-1,-1,-1
300,179,0,856,147,180,1,-1,-1,-1
300,214,1431,487,137,210,1,-1,-1,-1
300,221,803,813,118,181,1,-1,-1,-1
300,225,1794,566,103,194,1,-1,-1,-1
300,227,1261,548,92,176,1,-1,-1,-1
300,229,1308,479,107,210,1,-1,-1,-1
300,230,1866,195,156,198,1,-1,-1,-1
300,231,972,580,148,244,1,-1,-1,-1
301,132,1509,688,180,196,1,-1,-1,-1
301,179,0,856,147,180,1,-1,-1,-1
301,221,799,816,118,181,1,-1,-1,-1
301,225,1788,570,103,194,1,-1,-1,-1
301,227,1258,550,92,176,1,-1,-1,-1
301,229,1302,477,112,220,1,-1,-1,-1
301,230,1862,198,156,198,1,-1,-1,-1
301,231,969,584,148,244,1,-1,-1,-1
302,132,1507,692,180,196,1,-1,-1,-1
302,179,0,859,146,180,1,-1,-1,-1
302,221,796,817,118,181,1,-1,-1,-1
302,229,1298,481,112,220,1,-1,-1,-1
303,132,1504,696,180,196,1,-1,-1,-1
303,179,0,860,144,180,1,-1,-1,-1
303,221,796,824,112,172,1,-1,-1,-1
303,229,1295,485,112,220,1,-1,-1,-1
304,132,1502,700,180,196,1,-1,-1,-1
304,179,0,865,142,180,1,-1,-1,-1
304,221,794,829,112,172,1,-1,-1,-1
304,229,1291,489,112,220,1,-1,-1,-1
