1,0,0,468,336,620,1,-1,-1,-1
1,1,732,476,372,592,1,-1,-1,-1
1,2,1016,108,628,368,1,-1,-1,-1
1,3,52,0,524,592,1,-1,-1,-1
1,4,1296,132,612,656,1,-1,-1,-1
1,5,1928,300,632,544,1,-1,-1,-1
1,6,980,444,384,608,1,-1,-1,-1
1,7,1992,388,264,624,1,-1,-1,-1
1,8,1732,348,292,668,1,-1,-1,-1
1,9,224,492,412,584,1,-1,-1,-1
1,10,1172,424,364,592,1,-1,-1,-1
1,11,496,552,260,500,1,-1,-1,-1
2,0,0,465,336,620,1,-1,-1,-1
2,1,727,469,372,592,1,-1,-1,-1
2,2,1018,107,628,368,1,-1,-1,-1
2,3,47,0,524,588,1,-1,-1,-1
2,5,1933,292,627,544,1,-1,-1,-1
2,7,1994,395,264,624,1,-1,-1,-1
2,9,225,497,412,584,1,-1,-1,-1
2,10,1165,415,364,592,1,-1,-1,-1
2,11,493,551,260,500,1,-1,-1,-1
3,0,0,466,332,620,1,-1,-1,-1
3,1,733,488,354,564,1,-1,-1,-1
3,2,1009,104,628,368,1,-1,-1,-1
3,3,47,0,524,590,1,-1,-1,-1
3,5,1932,291,628,544,1,-1,-1,-1
3,7,1995,407,251,594,1,-1,-1,-1
3,9,225,491,412,584,1,-1,-1,-1
3,11,495,549,260,500,1,-1,-1,-1
4,0,0,460,329,620,1,-1,-1,-1
4,1,738,486,354,564,1,-1,-1,-1
4,3,45,0,524,590,1,-1,-1,-1
4,5,1935,293,625,544,1,-1,-1,-1
4,9,225,494,412,584,1,-1,-1,-1
4,11,492,551,260,500,1,-1,-1,-1
5,0,0,458,333,620,1,-1,-1,-1
5,1,729,470,372,592,1,-1,-1,-1
5,3,43,0,524,586,1,-1,-1,-1
5,5,1933,286,627,544,1,-1,-1,-1
5,9,210,475,433,613,1,-1,-1,-1
5,11,492,544,260,500,1,-1,-1,-1
6,0,0,461,333,620,1,-1,-1,-1
6,1,731,472,372,592,1,-1,-1,-1
6,3,42,0,524,589,1,-1,-1,-1
6,5,1949,299,602,518,1,-1,-1,-1
6,9,224,497,412,584,1,-1,-1,-1
6,11,491,546,260,500,1,-1,-1,-1
7,0,0,460,329,620,1,-1,-1,-1
7,1,733,468,372,592,1,-1,-1,-1
7,3,42,0,524,591,1,-1,-1,-1
7,5,1950,298,602,518,1,-1,-1,-1
7,9,229,507,392,556,1,-1,-1,-1
7,11,491,547,260,500,1,-1,-1,-1
8,0,0,464,332,620,1,-1,-1,-1
8,3,42,0,524,591,1,-1,-1,-1
8,5,1952,297,602,518,1,-1,-1,-1
8,9,239,521,374,530,1,-1,-1,-1
8,11,488,549,260,500,1,-1,-1,-1
9,0,0,464,328,620,1,-1,-1,-1
9,3,36,4,532,592,1,-1,-1,-1
9,5,1932,300,628,536,1,-1,-1,-1
9,9,228,484,364,588,1,-1,-1,-1
9,11,488,548,252,516,1,-1,-1,-1
9,12,980,108,668,376,1,-1,-1,-1
9,13,1280,144,600,640,1,-1,-1,-1
9,14,716,468,372,576,1,-1,-1,-1
9,15,972,440,388,608,1,-1,-1,-1
9,16,1164,424,368,588,1,-1,-1,-1
9,17,1712,364,304,648,1,-1,-1,-1
9,18,1976,388,276,608,1,-1,-1,-1
9,19,1804,92,596,300,1,-1,-1,-1
10,0,6,469,328,620,1,-1,-1,-1
10,3,32,3,532,592,1,-1,-1,-1
10,5,1930,306,628,536,1,-1,-1,-1
10,9,224,484,364,588,1,-1,-1,-1
10,11,487,546,252,516,1,-1,-1,-1
10,13,1276,144,600,640,1,-1,-1,-1
10,14,711,463,372,576,1,-1,-1,-1
10,15,977,440,388,608,1,-1,-1,-1
10,16,1161,423,368,588,1,-1,-1,-1
10,17,1708,359,304,648,1,-1,-1,-1
10,19,1804,88,596,300,1,-1,-1,-1
11,0,2,465,328,620,1,-1,-1,-1
11,3,33,4,532,592,1,-1,-1,-1
11,5,1945,308,598,510,1,-1,-1,-1
11,9,226,483,364,588,1,-1,-1,-1
11,11,486,547,252,516,1,-1,-1,-1
11,13,1279,139,600,640,1,-1,-1,-1
11,14,720,477,354,549,1,-1,-1,-1
11,16,1158,426,368,588,1,-1,-1,-1
11,19,1807,88,596,300,1,-1,-1,-1
12,0,2,465,328,620,1,-1,-1,-1
12,3,29,0,532,591,1,-1,-1,-1
12,5,1947,312,598,510,1,-1,-1,-1
12,9,223,481,364,588,1,-1,-1,-1
12,11,484,547,252,516,1,-1,-1,-1
12,14,716,476,354,549,1,-1,-1,-1
13,3,29,9,532,592,1,-1,-1,-1
13,5,1942,307,598,510,1,-1,-1,-1
13,9,221,478,364,588,1,-1,-1,-1
13,11,485,547,252,516,1,-1,-1,-1
13,14,716,481,354,549,1,-1,-1,-1
14,3,28,8,532,592,1,-1,-1,-1
14,5,1944,313,598,510,1,-1,-1,-1
14,9,216,478,364,588,1,-1,-1,-1
14,14,711,475,354,549,1,-1,-1,-1
15,3,26,8,532,592,1,-1,-1,-1
15,5,1942,313,598,510,1,-1,-1,-1
15,14,714,475,354,549,1,-1,-1,-1
16,3,27,8,532,592,1,-1,-1,-1
16,5,1938,306,598,510,1,-1,-1,-1
17,3,8,4,552,588,1,-1,-1,-1
17,5,1984,304,572,528,1,-1,-1,-1
17,20,0,468,320,616,1,-1,-1,-1
17,21,1264,196,596,600,1,-1,-1,-1
17,22,924,132,684,336,1,-1,-1,-1
17,23,700,476,356,544,1,-1,-1,-1
17,24,1164,428,360,592,1,-1,-1,-1
17,25,1720,392,284,624,1,-1,-1,-1
17,26,1972,392,268,616,1,-1,-1,-1
17,27,968,448,388,596,1,-1,-1,-1
17,28,212,488,376,584,1,-1,-1,-1
17,29,1804,96,592,384,1,-1,-1,-1
17,30,472,552,236,516,1,-1,-1,-1
17,31,340,0,228,176,1,-1,-1,-1
18,3,8,2,552,588,1,-1,-1,-1
18,5,1984,300,572,528,1,-1,-1,-1
18,20,0,465,318,616,1,-1,-1,-1
18,21,1272,201,596,600,1,-1,-1,-1
18,23,701,490,339,518,1,-1,-1,-1
18,24,1164,428,360,592,1,-1,-1,-1
18,25,1721,396,284,624,1,-1,-1,-1
18,26,1975,395,268,616,1,-1,-1,-1
18,27,970,444,388,596,1,-1,-1,-1
18,28,215,488,376,584,1,-1,-1,-1
18,29,1804,94,592,384,1,-1,-1,-1
18,30,473,551,236,516,1,-1,-1,-1
18,31,341,0,228,175,1,-1,-1,-1
19,3,6,2,552,588,1,-1,-1,-1
19,5,1979,307,572,528,1,-1,-1,-1
19,20,0,465,317,616,1,-1,-1,-1
19,24,1169,425,360,592,1,-1,-1,-1
19,28,205,468,395,613,1,-1,-1,-1
19,29,1805,92,592,384,1,-1,-1,-1
19,30,474,551,236,516,1,-1,-1,-1
19,31,342,0,228,174,1,-1,-1,-1
20,3,5,1,552,588,1,-1,-1,-1
20,5,1981,299,572,528,1,-1,-1,-1
20,20,0,466,319,616,1,-1,-1,-1
20,24,1174,443,343,564,1,-1,-1,-1
20,28,192,451,415,644,1,-1,-1,-1
20,29,1803,90,592,384,1,-1,-1,-1
20,31,342,0,228,175,1,-1,-1,-1
21,3,7,3,552,588,1,-1,-1,-1
21,5,1979,302,572,528,1,-1,-1,-1
21,20,0,465,320,616,1,-1,-1,-1
21,29,1806,91,592,384,1,-1,-1,-1
21,31,341,0,228,175,1,-1,-1,-1
22,3,5,1,552,588,1,-1,-1,-1
22,5,1994,311,545,503,1,-1,-1,-1
22,20,0,466,319,616,1,-1,-1,-1
22,31,342,0,228,176,1,-1,-1,-1
23,3,5,0,552,587,1,-1,-1,-1
23,5,1993,309,545,503,1,-1,-1,-1
23,20,0,469,319,616,1,-1,-1,-1
23,31,342,1,228,176,1,-1,-1,-1
24,3,5,0,552,588,1,-1,-1,-1
24,5,1996,312,545,503,1,-1,-1,-1
24,20,4,470,320,616,1,-1,-1,-1
24,31,343,0,228,176,1,-1,-1,-1
25,3,24,4,536,588,1,-1,-1,-1
25,5,1996,304,528,532,1,-1,-1,-1
25,20,0,464,320,616,1,-1,-1,-1
25,31,340,0,228,172,1,-1,-1,-1
25,32,616,448,732,596,1,-1,-1,-1
25,33,1148,248,704,556,1,-1,-1,-1
25,34,1660,88,728,404,1,-1,-1,-1
25,35,932,116,592,344,1,-1,-1,-1
25,36,1712,320,284,692,1,-1,-1,-1
25,37,1164,432,360,584,1,-1,-1,-1
25,38,212,484,376,588,1,-1,-1,-1
25,39,1968,388,276,620,1,-1,-1,-1
25,40,476,552,228,516,1,-1,-1,-1
26,3,37,16,536,588,1,-1,-1,-1
26,5,2009,323,503,507,1,-1,-1,-1
26,20,0,468,319,616,1,-1,-1,-1
26,31,343,3,228,172,1,-1,-1,-1
26,33,1163,272,670,530,1,-1,-1,-1
26,34,1659,84,728,404,1,-1,-1,-1
26,35,931,118,592,344,1,-1,-1,-1
26,37,1169,442,360,584,1,-1,-1,-1
26,39,1970,381,276,620,1,-1,-1,-1
27,3,42,21,510,560,1,-1,-1,-1
27,5,1993,310,528,532,1,-1,-1,-1
27,20,10,486,305,587,1,-1,-1,-1
27,31,343,2,228,172,1,-1,-1,-1
27,35,929,121,592,344,1,-1,-1,-1
27,37,1175,445,343,556,1,-1,-1,-1
28,3,27,4,536,588,1,-1,-1,-1
28,5,1994,310,528,532,1,-1,-1,-1
28,20,6,488,305,587,1,-1,-1,-1
28,31,343,0,228,172,1,-1,-1,-1
28,37,1167,433,360,584,1,-1,-1,-1
29,3,26,2,536,588,1,-1,-1,-1
29,5,1997,305,528,532,1,-1,-1,-1
29,20,12,486,305,587,1,-1,-1,-1
29,31,345,1,228,172,1,-1,-1,-1
29,37,1166,432,360,584,1,-1,-1,-1
30,3,30,3,536,588,1,-1,-1,-1
30,5,1993,311,528,532,1,-1,-1,-1
30,20,1,470,320,616,1,-1,-1,-1
30,31,345,0,228,172,1,-1,-1,-1
31,3,29,3,536,588,1,-1,-1,-1
31,5,1994,309,528,532,1,-1,-1,-1
31,20,6,464,320,616,1,-1,-1,-1
31,31,346,1,228,172,1,-1,-1,-1
32,3,24,3,536,588,1,-1,-1,-1
32,5,1993,311,528,532,1,-1,-1,-1
32,20,6,477,320,616,1,-1,-1,-1
32,31,346,0,228,171,1,-1,-1,-1
33,3,28,4,528,584,1,-1,-1,-1
33,5,1992,308,520,540,1,-1,-1,-1
33,20,0,468,324,620,1,-1,-1,-1
33,31,346,0,228,171,1,-1,-1,-1
33,41,1652,108,720,392,1,-1,-1,-1
33,42,1188,284,648,552,1,-1,-1,-1
33,43,508,432,844,616,1,-1,-1,-1
33,44,1720,340,284,680,1,-1,-1,-1
33,45,216,492,360,584,1,-1,-1,-1
33,46,1168,432,352,592,1,-1,-1,-1
33,47,1976,388,276,624,1,-1,-1,-1
33,48,1112,112,280,356,1,-1,-1,-1
33,49,476,556,204,516,1,-1,-1,-1
34,3,29,0,528,583,1,-1,-1,-1
34,5,1986,303,520,540,1,-1,-1,-1
34,20,0,469,324,620,1,-1,-1,-1
34,31,347,0,228,172,1,-1,-1,-1
34,41,1647,106,720,392,1,-1,-1,-1
34,42,1194,282,648,552,1,-1,-1,-1
34,43,506,427,844,616,1,-1,-1,-1
34,44,1718,346,284,680,1,-1,-1,-1
34,45,215,487,360,584,1,-1,-1,-1
34,46,1168,434,352,592,1,-1,-1,-1
34,47,1974,388,276,624,1,-1,-1,-1
34,48,1106,109,280,356,1,-1,-1,-1
35,3,28,1,528,584,1,-1,-1,-1
35,5,2002,320,495,514,1,-1,-1,-1
35,20,0,473,322,620,1,-1,-1,-1
35,31,347,1,228,172,1,-1,-1,-1
35,45,213,488,360,584,1,-1,-1,-1
35,46,1162,435,352,592,1,-1,-1,-1
35,47,1974,391,276,624,1,-1,-1,-1
35,48,1112,119,267,339,1,-1,-1,-1
36,3,23,1,528,584,1,-1,-1,-1
36,5,1989,307,520,540,1,-1,-1,-1
36,20,0,472,322,620,1,-1,-1,-1
36,31,348,1,228,172,1,-1,-1,-1
36,45,207,488,360,584,1,-1,-1,-1
36,46,1152,415,370,622,1,-1,-1,-1
36,47,1975,396,276,624,1,-1,-1,-1
36,48,1110,122,267,339,1,-1,-1,-1
37,3,26,2,528,584,1,-1,-1,-1
37,5,1985,304,520,540,1,-1,-1,-1
37,20,0,463,332,651,1,-1,-1,-1
37,31,348,1,228,172,1,-1,-1,-1
37,45,212,495,360,584,1,-1,-1,-1
37,48,1113,118,267,339,1,-1,-1,-1
38,3,25,0,528,584,1,-1,-1,-1
38,5,1999,322,495,514,1,-1,-1,-1
38,20,0,459,328,651,1,-1,-1,-1
38,31,347,0,228,172,1,-1,-1,-1
38,48,1106,109,280,356,1,-1,-1,-1
39,3,24,2,528,584,1,-1,-1,-1
39,5,1993,320,495,514,1,-1,-1,-1
39,20,0,454,330,651,1,-1,-1,-1
39,31,348,0,228,171,1,-1,-1,-1
40,3,26,2,528,584,1,-1,-1,-1
40,5,1996,315,495,514,1,-1,-1,-1
40,20,0,457,330,651,1,-1,-1,-1
40,31,349,1,228,172,1,-1,-1,-1
41,3,52,4,508,508,1,-1,-1,-1
41,5,1984,296,528,540,1,-1,-1,-1
41,20,0,468,320,620,1,-1,-1,-1
41,31,349,1,228,172,1,-1,-1,-1
41,50,1652,104,700,396,1,-1,-1,-1
41,51,412,412,616,616,1,-1,-1,-1
41,52,1008,452,344,592,1,-1,-1,-1
41,53,1660,320,336,696,1,-1,-1,-1
41,54,1972,392,268,612,1,-1,-1,-1
41,55,216,488,356,584,1,-1,-1,-1
41,56,1236,292,480,544,1,-1,-1,-1
41,57,1168,432,376,588,1,-1,-1,-1
41,58,1132,96,248,364,1,-1,-1,-1
42,3,52,6,508,508,1,-1,-1,-1
42,5,1989,296,528,540,1,-1,-1,-1
42,20,0,469,318,620,1,-1,-1,-1
42,31,350,1,228,172,1,-1,-1,-1
42,50,1650,103,700,396,1,-1,-1,-1
42,51,406,408,616,616,1,-1,-1,-1
42,52,1006,449,344,592,1,-1,-1,-1
42,53,1662,319,336,696,1,-1,-1,-1
42,54,1974,394,268,612,1,-1,-1,-1
42,55,216,487,356,584,1,-1,-1,-1
42,56,1236,295,480,544,1,-1,-1,-1
42,57,1167,432,376,588,1,-1,-1,-1
42,58,1132,93,248,364,1,-1,-1,-1
43,3,52,7,508,508,1,-1,-1,-1
43,5,1995,308,503,514,1,-1,-1,-1
43,20,0,470,318,620,1,-1,-1,-1
43,31,350,1,228,172,1,-1,-1,-1
43,50,1647,98,700,396,1,-1,-1,-1
43,51,391,406,616,616,1,-1,-1,-1
43,52,1007,450,344,592,1,-1,-1,-1
43,53,1661,320,336,696,1,-1,-1,-1
43,55,214,486,356,584,1,-1,-1,-1
43,56,1240,296,480,544,1,-1,-1,-1
43,57,1165,428,376,588,1,-1,-1,-1
43,58,1131,91,248,364,1,-1,-1,-1
44,3,51,6,508,508,1,-1,-1,-1
44,5,1983,295,528,540,1,-1,-1,-1
44,20,0,472,318,620,1,-1,-1,-1
44,31,350,0,228,171,1,-1,-1,-1
44,51,404,416,587,587,1,-1,-1,-1
44,52,1009,446,344,592,1,-1,-1,-1
44,53,1661,323,336,696,1,-1,-1,-1
44,55,210,481,356,584,1,-1,-1,-1
44,56,1242,293,480,544,1,-1,-1,-1
44,57,1159,430,376,588,1,-1,-1,-1
44,58,1130,91,248,364,1,-1,-1,-1
45,3,50,7,508,508,1,-1,-1,-1
45,5,1986,294,528,540,1,-1,-1,-1
45,20,0,451,321,651,1,-1,-1,-1
45,31,348,0,228,172,1,-1,-1,-1
45,51,410,421,559,559,1,-1,-1,-1
45,53,1664,324,336,696,1,-1,-1,-1
45,56,1239,291,480,544,1,-1,-1,-1
45,57,1174,442,358,560,1,-1,-1,-1
45,58,1131,92,248,364,1,-1,-1,-1
46,3,52,8,508,508,1,-1,-1,-1
46,5,1996,306,503,514,1,-1,-1,-1
46,31,348,1,228,172,1,-1,-1,-1
46,51,386,414,587,587,1,-1,-1,-1
47,3,50,5,508,508,1,-1,-1,-1
47,5,1989,294,528,540,1,-1,-1,-1
47,31,349,1,228,172,1,-1,-1,-1
47,51,379,414,587,587,1,-1,-1,-1
48,3,53,8,508,508,1,-1,-1,-1
48,5,1988,292,528,540,1,-1,-1,-1
48,31,349,0,228,172,1,-1,-1,-1
48,51,379,414,587,587,1,-1,-1,-1
49,3,52,4,516,512,1,-1,-1,-1
49,5,1972,256,544,584,1,-1,-1,-1
49,31,349,0,228,172,1,-1,-1,-1
49,51,396,376,628,584,1,-1,-1,-1
49,59,0,480,312,596,1,-1,-1,-1
49,60,1660,108,688,384,1,-1,-1,-1
49,61,1100,84,264,384,1,-1,-1,-1
49,62,992,448,360,596,1,-1,-1,-1
49,63,212,484,368,584,1,-1,-1,-1
49,64,1280,312,440,556,1,-1,-1,-1
49,65,1976,396,284,612,1,-1,-1,-1
49,66,1688,384,312,632,1,-1,-1,-1
49,67,1164,428,352,584,1,-1,-1,-1
49,68,472,556,228,512,1,-1,-1,-1
50,3,48,4,516,512,1,-1,-1,-1
50,5,1970,255,544,584,1,-1,-1,-1
50,31,351,0,228,171,1,-1,-1,-1
50,51,391,377,628,584,1,-1,-1,-1
50,59,4,480,312,596,1,-1,-1,-1
50,60,1656,107,688,384,1,-1,-1,-1
50,61,1100,81,264,384,1,-1,-1,-1
50,62,993,454,360,596,1,-1,-1,-1
50,63,215,485,368,584,1,-1,-1,-1
50,64,1280,321,440,556,1,-1,-1,-1
50,65,1973,399,284,612,1,-1,-1,-1
50,66,1689,376,312,632,1,-1,-1,-1
50,67,1165,428,352,584,1,-1,-1,-1
51,3,50,3,516,512,1,-1,-1,-1
51,5,1969,250,544,584,1,-1,-1,-1
51,31,352,0,228,170,1,-1,-1,-1
51,51,389,382,628,584,1,-1,-1,-1
51,60,1657,105,688,384,1,-1,-1,-1
51,61,1097,82,264,384,1,-1,-1,-1
51,62,989,453,360,596,1,-1,-1,-1
51,64,1279,319,440,556,1,-1,-1,-1
51,66,1684,375,312,632,1,-1,-1,-1
51,67,1169,430,352,584,1,-1,-1,-1
52,3,49,5,516,512,1,-1,-1,-1
52,5,1967,251,544,584,1,-1,-1,-1
52,31,351,0,228,170,1,-1,-1,-1
52,51,403,395,598,556,1,-1,-1,-1
52,60,1657,107,688,384,1,-1,-1,-1
52,61,1094,77,264,384,1,-1,-1,-1
52,62,990,443,360,596,1,-1,-1,-1
52,64,1279,320,440,556,1,-1,-1,-1
52,67,1175,439,335,556,1,-1,-1,-1
53,3,52,1,516,512,1,-1,-1,-1
53,5,1968,250,544,584,1,-1,-1,-1
53,31,352,0,228,169,1,-1,-1,-1
53,51,396,394,598,556,1,-1,-1,-1
53,61,1093,71,264,384,1,-1,-1,-1
53,62,989,451,360,596,1,-1,-1,-1
53,64,1278,322,440,556,1,-1,-1,-1
54,3,48,2,516,512,1,-1,-1,-1
54,5,1973,251,544,584,1,-1,-1,-1
54,31,350,0,228,169,1,-1,-1,-1
54,51,390,388,598,556,1,-1,-1,-1
54,62,988,454,360,596,1,-1,-1,-1
55,3,49,4,516,512,1,-1,-1,-1
55,5,1975,251,544,584,1,-1,-1,-1
55,31,351,0,228,170,1,-1,-1,-1
55,51,380,388,598,556,1,-1,-1,-1
55,62,986,456,360,596,1,-1,-1,-1
56,3,50,5,516,512,1,-1,-1,-1
56,5,1977,250,544,584,1,-1,-1,-1
56,31,351,0,228,172,1,-1,-1,-1
56,51,381,380,598,556,1,-1,-1,-1
56,62,989,454,360,596,1,-1,-1,-1
57,3,48,4,516,504,1,-1,-1,-1
57,5,1960,252,556,584,1,-1,-1,-1
57,31,352,0,228,180,1,-1,-1,-1
57,51,404,344,584,612,1,-1,-1,-1
57,62,972,444,380,604,1,-1,-1,-1
57,69,0,472,476,576,1,-1,-1,-1
57,70,1660,104,688,380,1,-1,-1,-1
57,71,1064,60,320,420,1,-1,-1,-1
57,72,1368,348,404,620,1,-1,-1,-1
57,73,1152,428,360,600,1,-1,-1,-1
57,74,1972,372,272,636,1,-1,-1,-1
57,75,1712,308,284,704,1,-1,-1,-1
57,76,256,532,488,520,1,-1,-1,-1
57,77,1368,292,472,272,1,-1,-1,-1
58,3,50,5,516,504,1,-1,-1,-1
58,5,1962,249,556,584,1,-1,-1,-1
58,31,351,1,228,180,1,-1,-1,-1
58,51,395,343,584,612,1,-1,-1,-1
58,62,972,445,380,604,1,-1,-1,-1
58,69,12,460,476,576,1,-1,-1,-1
58,70,1661,103,688,380,1,-1,-1,-1
58,71,1063,60,320,420,1,-1,-1,-1
58,72,1367,349,404,620,1,-1,-1,-1
58,73,1153,431,360,600,1,-1,-1,-1
58,74,1973,374,272,636,1,-1,-1,-1
58,75,1713,310,284,704,1,-1,-1,-1
58,76,257,521,488,520,1,-1,-1,-1
58,77,1374,293,472,272,1,-1,-1,-1
59,3,47,0,516,502,1,-1,-1,-1
59,5,1960,247,556,584,1,-1,-1,-1
59,31,353,0,228,180,1,-1,-1,-1
59,51,391,341,584,612,1,-1,-1,-1
59,62,968,444,380,604,1,-1,-1,-1
59,70,1658,103,688,380,1,-1,-1,-1
59,71,1058,54,320,420,1,-1,-1,-1
59,72,1375,347,404,620,1,-1,-1,-1
59,73,1154,434,360,600,1,-1,-1,-1
59,74,1973,370,272,636,1,-1,-1,-1
59,75,1710,322,284,704,1,-1,-1,-1
59,77,1370,293,472,272,1,-1,-1,-1
60,3,45,0,516,500,1,-1,-1,-1
60,5,1959,246,556,584,1,-1,-1,-1
60,31,354,0,228,180,1,-1,-1,-1
60,51,388,348,584,612,1,-1,-1,-1
60,62,968,452,380,604,1,-1,-1,-1
60,70,1658,106,688,380,1,-1,-1,-1
60,71,1054,58,320,420,1,-1,-1,-1
60,74,1976,368,272,636,1,-1,-1,-1
60,77,1374,292,472,272,1,-1,-1,-1
61,3,47,4,516,504,1,-1,-1,-1
61,5,1962,247,556,584,1,-1,-1,-1
61,31,353,0,228,180,1,-1,-1,-1
61,51,391,347,584,612,1,-1,-1,-1
61,70,1661,101,688,380,1,-1,-1,-1
61,71,1045,47,336,441,1,-1,-1,-1
62,3,46,2,516,504,1,-1,-1,-1
62,5,1964,246,556,584,1,-1,-1,-1
62,31,352,0,228,179,1,-1,-1,-1
62,70,1660,104,688,380,1,-1,-1,-1
62,71,1040,53,336,441,1,-1,-1,-1
63,3,35,0,542,518,1,-1,-1,-1
63,5,1966,251,556,584,1,-1,-1,-1
63,31,353,0,228,180,1,-1,-1,-1
63,70,1659,105,688,380,1,-1,-1,-1
63,71,1041,53,336,441,1,-1,-1,-1
64,3,34,0,542,521,1,-1,-1,-1
64,5,1963,252,556,584,1,-1,-1,-1
64,31,353,0,228,180,1,-1,-1,-1
64,70,1658,105,688,380,1,-1,-1,-1
64,71,1039,53,336,441,1,-1,-1,-1
65,3,56,4,532,496,1,-1,-1,-1
65,5,1956,252,564,588,1,-1,-1,-1
65,31,356,0,228,192,1,-1,-1,-1
65,70,1660,96,688,376,1,-1,-1,-1
65,71,1020,60,312,416,1,-1,-1,-1
65,78,1396,404,420,580,1,-1,-1,-1
65,79,952,444,404,608,1,-1,-1,-1
65,80,1152,432,376,600,1,-1,-1,-1
65,81,0,232,192,692,1,-1,-1,-1
65,82,1972,372,276,640,1,-1,-1,-1
65,83,1712,316,284,704,1,-1,-1,-1
65,84,500,248,488,660,1,-1,-1,-1
65,85,144,448,528,500,1,-1,-1,-1
65,86,1364,288,488,252,1,-1,-1,-1
66,3,58,3,532,496,1,-1,-1,-1
66,5,1955,248,564,588,1,-1,-1,-1
66,31,359,1,228,192,1,-1,-1,-1
66,70,1663,96,688,376,1,-1,-1,-1
66,71,1018,63,312,416,1,-1,-1,-1
66,78,1394,404,420,580,1,-1,-1,-1
66,79,952,444,404,608,1,-1,-1,-1
66,80,1160,452,358,571,1,-1,-1,-1
66,82,1974,374,276,640,1,-1,-1,-1
66,84,493,244,488,660,1,-1,-1,-1
66,85,143,437,528,500,1,-1,-1,-1
66,86,1363,290,488,252,1,-1,-1,-1
67,3,56,2,532,496,1,-1,-1,-1
67,5,1954,247,564,588,1,-1,-1,-1
67,31,359,1,228,192,1,-1,-1,-1
67,70,1661,98,688,376,1,-1,-1,-1
67,71,1015,58,312,416,1,-1,-1,-1
67,78,1391,391,441,609,1,-1,-1,-1
67,79,953,448,404,608,1,-1,-1,-1
67,82,1974,376,276,640,1,-1,-1,-1
67,86,1366,289,488,252,1,-1,-1,-1
68,3,55,1,532,496,1,-1,-1,-1
68,5,1954,246,564,588,1,-1,-1,-1
68,31,358,2,228,192,1,-1,-1,-1
68,70,1663,98,688,376,1,-1,-1,-1
68,71,1015,60,312,416,1,-1,-1,-1
68,79,949,445,404,608,1,-1,-1,-1
68,82,1972,378,276,640,1,-1,-1,-1
68,86,1366,292,488,252,1,-1,-1,-1
69,3,53,5,532,496,1,-1,-1,-1
69,5,1951,247,564,588,1,-1,-1,-1
69,31,357,2,228,192,1,-1,-1,-1
69,70,1660,95,688,376,1,-1,-1,-1
69,71,1013,61,312,416,1,-1,-1,-1
69,79,961,467,385,579,1,-1,-1,-1
70,3,56,2,532,496,1,-1,-1,-1
70,5,1940,233,592,617,1,-1,-1,-1
70,31,359,2,228,192,1,-1,-1,-1
70,70,1658,98,688,376,1,-1,-1,-1
70,71,1012,59,312,416,1,-1,-1,-1
71,3,62,3,532,496,1,-1,-1,-1
71,5,1951,245,564,588,1,-1,-1,-1
71,31,360,2,228,192,1,-1,-1,-1
71,70,1664,96,688,376,1,-1,-1,-1
71,71,1012,57,312,416,1,-1,-1,-1
72,3,58,5,532,496,1,-1,-1,-1
72,5,1937,231,592,617,1,-1,-1,-1
72,31,360,2,228,192,1,-1,-1,-1
72,70,1653,95,688,376,1,-1,-1,-1
72,71,1018,75,297,396,1,-1,-1,-1
73,3,172,4,392,464,1,-1,-1,-1
73,5,1960,252,560,592,1,-1,-1,-1
73,31,360,0,228,176,1,-1,-1,-1
73,70,1656,100,688,388,1,-1,-1,-1
73,71,1020,56,308,416,1,-1,-1,-1
73,87,260,448,500,528,1,-1,-1,-1
73,88,948,444,408,604,1,-1,-1,-1
73,89,1404,408,464,612,1,-1,-1,-1
73,90,1140,432,476,568,1,-1,-1,-1
73,91,1716,312,288,712,1,-1,-1,-1
73,92,0,292,616,600,1,-1,-1,-1
73,93,1972,376,272,636,1,-1,-1,-1
73,94,1356,300,484,268,1,-1,-1,-1
73,95,520,220,288,648,1,-1,-1,-1
74,3,177,1,392,464,1,-1,-1,-1
74,5,1960,252,560,592,1,-1,-1,-1
74,31,360,0,228,176,1,-1,-1,-1
74,70,1657,104,688,388,1,-1,-1,-1
74,71,1021,58,308,416,1,-1,-1,-1
74,87,258,445,500,528,1,-1,-1,-1
74,88,950,445,408,604,1,-1,-1,-1
74,89,1408,414,464,612,1,-1,-1,-1
74,90,1141,432,476,568,1,-1,-1,-1
74,91,1716,310,288,712,1,-1,-1,-1
74,92,0,296,613,600,1,-1,-1,-1
74,93,1972,378,272,636,1,-1,-1,-1
74,94,1354,296,484,268,1,-1,-1,-1
75,3,181,9,373,442,1,-1,-1,-1
75,5,1960,255,560,592,1,-1,-1,-1
75,31,360,1,228,176,1,-1,-1,-1
75,70,1652,99,688,388,1,-1,-1,-1
75,71,1022,55,308,416,1,-1,-1,-1
75,88,950,445,408,604,1,-1,-1,-1
75,90,1144,433,476,568,1,-1,-1,-1
75,91,1718,312,288,712,1,-1,-1,-1
75,92,0,288,612,600,1,-1,-1,-1
75,93,1972,378,272,636,1,-1,-1,-1
76,3,184,9,373,442,1,-1,-1,-1
76,5,1956,252,560,592,1,-1,-1,-1
76,31,359,1,228,176,1,-1,-1,-1
76,71,1024,55,308,416,1,-1,-1,-1
76,88,950,444,408,604,1,-1,-1,-1
76,90,1144,433,476,568,1,-1,-1,-1
76,92,0,281,635,630,1,-1,-1,-1
76,93,1974,381,272,636,1,-1,-1,-1
77,3,180,8,373,442,1,-1,-1,-1
77,5,1961,255,560,592,1,-1,-1,-1
77,31,360,1,228,176,1,-1,-1,-1
77,71,1024,54,308,416,1,-1,-1,-1
77,88,953,445,408,604,1,-1,-1,-1
77,90,1147,434,476,568,1,-1,-1,-1
78,3,167,0,392,459,1,-1,-1,-1
78,5,1961,254,560,592,1,-1,-1,-1
78,31,358,0,228,176,1,-1,-1,-1
78,71,1026,55,308,416,1,-1,-1,-1
78,88,955,457,408,604,1,-1,-1,-1
78,90,1148,438,476,568,1,-1,-1,-1
79,5,1963,256,560,592,1,-1,-1,-1
79,31,358,1,228,176,1,-1,-1,-1
79,71,1024,56,308,416,1,-1,-1,-1
79,90,1149,435,476,568,1,-1,-1,-1
80,5,1959,260,560,592,1,-1,-1,-1
80,31,359,3,228,176,1,-1,-1,-1
80,71,1026,55,308,416,1,-1,-1,-1
80,90,1160,456,453,541,1,-1,-1,-1
81,5,1960,252,564,596,1,-1,-1,-1
81,31,359,3,228,176,1,-1,-1,-1
81,71,1024,60,304,424,1,-1,-1,-1
81,90,1152,444,488,588,1,-1,-1,-1
81,96,396,348,408,628,1,-1,-1,-1
81,97,28,228,372,604,1,-1,-1,-1
81,98,932,448,428,600,1,-1,-1,-1
81,99,1656,108,688,388,1,-1,-1,-1
81,100,544,176,260,436,1,-1,-1,-1
81,101,1416,388,452,640,1,-1,-1,-1
81,102,1712,308,284,716,1,-1,-1,-1
81,103,1972,356,272,656,1,-1,-1,-1
81,104,1360,288,480,276,1,-1,-1,-1
81,105,264,0,248,496,1,-1,-1,-1
82,5,1958,248,564,596,1,-1,-1,-1
82,31,359,4,228,176,1,-1,-1,-1
82,71,1024,59,304,424,1,-1,-1,-1
82,90,1152,445,488,588,1,-1,-1,-1
82,96,397,340,408,628,1,-1,-1,-1
82,98,933,447,428,600,1,-1,-1,-1
82,99,1653,111,688,388,1,-1,-1,-1
82,100,545,169,260,436,1,-1,-1,-1
82,101,1420,385,452,640,1,-1,-1,-1
82,102,1712,309,284,716,1,-1,-1,-1
82,103,1971,353,272,656,1,-1,-1,-1
82,104,1360,289,480,276,1,-1,-1,-1
82,105,262,0,248,496,1,-1,-1,-1
83,5,1959,245,564,596,1,-1,-1,-1
83,31,360,5,228,176,1,-1,-1,-1
83,71,1024,61,304,424,1,-1,-1,-1
83,90,1152,446,488,588,1,-1,-1,-1
83,98,933,447,428,600,1,-1,-1,-1
83,101,1424,389,452,640,1,-1,-1,-1
83,103,1971,348,272,656,1,-1,-1,-1
83,104,1360,289,480,276,1,-1,-1,-1
84,5,1957,251,564,596,1,-1,-1,-1
84,31,360,6,228,176,1,-1,-1,-1
84,71,1026,59,304,424,1,-1,-1,-1
84,90,1151,448,488,588,1,-1,-1,-1
84,98,934,448,428,600,1,-1,-1,-1
84,104,1360,290,480,276,1,-1,-1,-1
85,5,1964,250,564,596,1,-1,-1,-1
85,71,1028,61,304,424,1,-1,-1,-1
85,90,1153,434,488,588,1,-1,-1,-1
85,98,935,444,428,600,1,-1,-1,-1
85,104,1363,289,480,276,1,-1,-1,-1
86,5,1958,249,564,596,1,-1,-1,-1
86,71,1026,62,304,424,1,-1,-1,-1
86,90,1151,434,488,588,1,-1,-1,-1
86,98,935,446,428,600,1,-1,-1,-1
86,104,1360,287,480,276,1,-1,-1,-1
87,5,1958,250,564,596,1,-1,-1,-1
87,71,1027,63,304,424,1,-1,-1,-1
87,90,1156,435,488,588,1,-1,-1,-1
87,98,936,450,428,600,1,-1,-1,-1
87,104,1354,284,480,276,1,-1,-1,-1
88,5,1960,250,564,596,1,-1,-1,-1
88,71,1037,68,290,404,1,-1,-1,-1
88,90,1156,441,488,588,1,-1,-1,-1
88,98,936,442,428,600,1,-1,-1,-1
89,5,1952,252,572,592,1,-1,-1,-1
89,71,1020,56,308,424,1,-1,-1,-1
89,90,1160,440,500,588,1,-1,-1,-1
89,98,924,444,428,608,1,-1,-1,-1
89,106,1656,100,684,400,1,-1,-1,-1
89,107,44,144,368,680,1,-1,-1,-1
89,108,588,176,320,564,1,-1,-1,-1
89,109,1964,384,280,628,1,-1,-1,-1
89,110,1360,324,504,696,1,-1,-1,-1
89,111,1712,316,284,688,1,-1,-1,-1
89,112,500,376,236,420,1,-1,-1,-1
89,113,320,0,276,600,1,-1,-1,-1
90,5,1949,248,572,592,1,-1,-1,-1
90,71,1019,55,308,424,1,-1,-1,-1
90,90,1162,443,500,588,1,-1,-1,-1
90,98,928,441,428,608,1,-1,-1,-1
90,106,1657,98,684,400,1,-1,-1,-1
90,107,45,136,368,680,1,-1,-1,-1
90,108,594,183,305,537,1,-1,-1,-1
90,109,1961,388,280,628,1,-1,-1,-1
90,110,1357,321,504,696,1,-1,-1,-1
90,111,1714,311,284,688,1,-1,-1,-1
90,113,318,0,276,596,1,-1,-1,-1
91,5,1950,251,572,592,1,-1,-1,-1
91,71,1021,54,308,424,1,-1,-1,-1
91,90,1156,442,500,588,1,-1,-1,-1
91,98,939,460,408,579,1,-1,-1,-1
91,106,1649,97,684,400,1,-1,-1,-1
91,110,1356,322,504,696,1,-1,-1,-1
91,113,317,0,276,592,1,-1,-1,-1
92,5,1960,259,545,564,1,-1,-1,-1
92,71,1018,53,308,424,1,-1,-1,-1
92,90,1154,441,500,588,1,-1,-1,-1
92,98,931,460,408,579,1,-1,-1,-1
92,106,1656,99,684,400,1,-1,-1,-1
92,113,303,0,290,600,1,-1,-1,-1
93,5,1956,267,545,564,1,-1,-1,-1
93,71,1017,55,308,424,1,-1,-1,-1
93,90,1149,434,500,588,1,-1,-1,-1
93,98,923,459,408,579,1,-1,-1,-1
93,106,1678,109,651,381,1,-1,-1,-1
93,113,314,0,276,588,1,-1,-1,-1
94,5,1955,268,545,564,1,-1,-1,-1
94,71,1010,58,308,424,1,-1,-1,-1
94,90,1147,439,500,588,1,-1,-1,-1
94,98,921,458,408,579,1,-1,-1,-1
94,106,1670,108,651,381,1,-1,-1,-1
95,5,1932,258,572,592,1,-1,-1,-1
95,71,1005,59,308,424,1,-1,-1,-1
95,90,1141,442,500,588,1,-1,-1,-1
95,98,912,461,408,579,1,-1,-1,-1
95,106,1654,109,651,381,1,-1,-1,-1
96,5,1906,237,601,622,1,-1,-1,-1
96,71,998,61,308,424,1,-1,-1,-1
96,90,1131,443,500,588,1,-1,-1,-1
96,98,905,463,408,579,1,-1,-1,-1
96,106,1651,115,651,381,1,-1,-1,-1
97,5,1884,272,644,568,1,-1,-1,-1
97,71,976,60,316,428,1,-1,-1,-1
97,90,1116,448,524,584,1,-1,-1,-1
97,98,908,452,404,600,1,-1,-1,-1
97,106,1616,100,708,376,1,-1,-1,-1
97,114,64,100,360,616,1,-1,-1,-1
97,115,564,136,412,556,1,-1,-1,-1
97,116,1932,408,272,612,1,-1,-1,-1
97,117,428,200,256,608,1,-1,-1,-1
97,118,1404,408,420,620,1,-1,-1,-1
97,119,1308,292,500,272,1,-1,-1,-1
97,120,1628,416,388,528,1,-1,-1,-1
97,121,304,0,248,428,1,-1,-1,-1
98,5,1872,277,644,568,1,-1,-1,-1
98,71,969,75,301,408,1,-1,-1,-1
98,90,1119,473,499,556,1,-1,-1,-1
98,98,896,458,404,600,1,-1,-1,-1
98,114,46,78,378,647,1,-1,-1,-1
98,115,567,152,392,530,1,-1,-1,-1
98,117,409,186,269,638,1,-1,-1,-1
98,119,1301,296,500,272,1,-1,-1,-1
98,120,1600,402,407,554,1,-1,-1,-1
99,5,1864,278,644,568,1,-1,-1,-1
99,71,953,66,316,428,1,-1,-1,-1
99,90,1097,475,499,556,1,-1,-1,-1
99,98,885,462,404,600,1,-1,-1,-1
99,114,52,97,360,616,1,-1,-1,-1
99,115,566,152,392,530,1,-1,-1,-1
99,120,1596,396,407,554,1,-1,-1,-1
100,5,1853,282,644,568,1,-1,-1,-1
100,71,944,66,316,428,1,-1,-1,-1
100,90,1091,472,499,556,1,-1,-1,-1
100,98,877,461,404,600,1,-1,-1,-1
100,114,43,91,360,616,1,-1,-1,-1
100,115,546,144,412,556,1,-1,-1,-1
101,5,1845,288,644,568,1,-1,-1,-1
101,71,933,72,316,428,1,-1,-1,-1
101,90,1083,478,499,556,1,-1,-1,-1
101,98,867,468,404,600,1,-1,-1,-1
102,5,1854,311,613,541,1,-1,-1,-1
102,71,921,73,316,428,1,-1,-1,-1
102,90,1054,469,524,584,1,-1,-1,-1
102,98,862,489,385,571,1,-1,-1,-1
103,5,1841,319,613,541,1,-1,-1,-1
103,90,1049,478,524,584,1,-1,-1,-1
103,98,841,477,404,600,1,-1,-1,-1
104,5,1821,296,644,568,1,-1,-1,-1
104,90,1043,476,524,584,1,-1,-1,-1
104,98,832,475,404,600,1,-1,-1,-1
105,5,2024,352,456,512,1,-1,-1,-1
105,90,1036,472,512,580,1,-1,-1,-1
105,98,800,472,432,604,1,-1,-1,-1
105,122,900,60,316,452,1,-1,-1,-1
105,123,504,160,460,600,1,-1,-1,-1
105,124,1528,136,696,340,1,-1,-1,-1
105,125,64,36,400,672,1,-1,-1,-1
105,126,320,176,268,580,1,-1,-1,-1
105,127,1264,440,480,612,1,-1,-1,-1
105,128,1224,316,488,224,1,-1,-1,-1
105,129,1488,416,544,604,1,-1,-1,-1
105,130,1812,440,300,596,1,-1,-1,-1
106,5,2012,351,456,512,1,-1,-1,-1
106,90,1029,475,512,580,1,-1,-1,-1
106,98,790,467,432,604,1,-1,-1,-1
106,122,895,57,316,452,1,-1,-1,-1
106,123,493,159,460,600,1,-1,-1,-1
106,124,1512,138,696,340,1,-1,-1,-1
106,125,66,25,400,672,1,-1,-1,-1
106,127,1254,437,480,612,1,-1,-1,-1
106,128,1211,315,488,224,1,-1,-1,-1
106,129,1475,414,544,604,1,-1,-1,-1
106,130,1807,440,300,596,1,-1,-1,-1
107,5,2010,351,456,512,1,-1,-1,-1
107,90,1026,471,512,580,1,-1,-1,-1
107,98,785,464,432,604,1,-1,-1,-1
107,122,897,58,316,452,1,-1,-1,-1
107,123,488,158,460,600,1,-1,-1,-1
107,125,63,19,400,672,1,-1,-1,-1
107,127,1250,456,457,583,1,-1,-1,-1
107,128,1210,313,488,224,1,-1,-1,-1
108,5,2003,351,456,512,1,-1,-1,-1
108,90,1018,473,512,580,1,-1,-1,-1
108,98,793,482,411,575,1,-1,-1,-1
108,122,898,62,316,452,1,-1,-1,-1
108,125,54,17,400,672,1,-1,-1,-1
108,127,1237,436,480,612,1,-1,-1,-1
109,5,2001,350,456,512,1,-1,-1,-1
109,122,891,54,316,452,1,-1,-1,-1
109,125,56,21,400,672,1,-1,-1,-1
109,127,1242,432,480,612,1,-1,-1,-1
110,5,1997,347,456,512,1,-1,-1,-1
111,5,2002,366,434,488,1,-1,-1,-1
112,5,1999,363,434,488,1,-1,-1,-1
113,5,1964,356,456,500,1,-1,-1,-1
113,131,32,64,452,632,1,-1,-1,-1
113,132,984,484,496,568,1,-1,-1,-1
113,133,440,204,600,560,1,-1,-1,-1
113,134,884,44,372,464,1,-1,-1,-1
113,135,744,476,452,612,1,-1,-1,-1
113,136,1480,136,680,336,1,-1,-1,-1
113,137,1196,452,496,604,1,-1,-1,-1
113,138,328,160,276,560,1,-1,-1,-1
113,139,1772,440,284,604,1,-1,-1,-1
113,140,2468,340,92,284,1,-1,-1,-1
113,141,0,116,84,160,1,-1,-1,-1
113,142,1308,384,640,596,1,-1,-1,-1
114,5,1953,354,456,500,1,-1,-1,-1
114,131,27,68,452,632,1,-1,-1,-1
114,132,971,482,496,568,1,-1,-1,-1
114,133,454,219,571,533,1,-1,-1,-1
114,134,882,46,372,464,1,-1,-1,-1
114,135,751,495,430,583,1,-1,-1,-1
114,137,1199,475,472,575,1,-1,-1,-1
114,138,322,158,276,560,1,-1,-1,-1
114,140,2465,342,92,284,1,-1,-1,-1
114,141,7,122,84,160,1,-1,-1,-1
115,5,1949,354,456,500,1,-1,-1,-1
115,131,23,67,452,632,1,-1,-1,-1
115,132,970,486,496,568,1,-1,-1,-1
115,133,436,206,600,560,1,-1,-1,-1
115,134,871,53,372,464,1,-1,-1,-1
115,135,752,494,430,583,1,-1,-1,-1
115,137,1198,468,472,575,1,-1,-1,-1
115,138,319,158,276,560,1,-1,-1,-1
115,140,2462,346,92,284,1,-1,-1,-1
115,141,12,126,84,160,1,-1,-1,-1
116,5,1943,349,456,500,1,-1,-1,-1
116,131,34,84,430,602,1,-1,-1,-1
116,132,972,503,472,541,1,-1,-1,-1
116,133,438,212,600,560,1,-1,-1,-1
116,134,872,61,354,442,1,-1,-1,-1
116,135,741,497,430,583,1,-1,-1,-1
116,140,2458,345,92,284,1,-1,-1,-1
116,141,15,126,84,160,1,-1,-1,-1
117,5,1942,348,456,500,1,-1,-1,-1
117,131,23,66,452,632,1,-1,-1,-1
117,132,969,509,472,541,1,-1,-1,-1
117,133,431,208,600,560,1,-1,-1,-1
117,135,734,502,430,583,1,-1,-1,-1
117,140,2452,347,92,284,1,-1,-1,-1
118,5,1945,347,456,500,1,-1,-1,-1
118,131,32,66,452,632,1,-1,-1,-1
118,132,964,508,472,541,1,-1,-1,-1
118,133,446,220,571,533,1,-1,-1,-1
118,135,740,524,410,555,1,-1,-1,-1
118,140,2448,348,92,284,1,-1,-1,-1
119,5,1952,356,434,476,1,-1,-1,-1
119,131,30,64,452,632,1,-1,-1,-1
119,132,953,490,496,568,1,-1,-1,-1
119,135,735,513,430,583,1,-1,-1,-1
119,140,2445,348,92,284,1,-1,-1,-1
120,5,1958,351,434,476,1,-1,-1,-1
120,131,37,79,430,602,1,-1,-1,-1
120,132,958,507,472,541,1,-1,-1,-1
120,135,721,512,430,583,1,-1,-1,-1
120,140,2442,349,92,284,1,-1,-1,-1
121,5,1680,340,692,532,1,-1,-1,-1
121,131,48,72,488,636,1,-1,-1,-1
121,132,944,488,492,588,1,-1,-1,-1
121,135,736,480,396,612,1,-1,-1,-1
121,140,2442,349,92,284,1,-1,-1,-1
121,143,668,84,620,432,1,-1,-1,-1
121,144,1736,448,284,612,1,-1,-1,-1
121,145,2428,332,132,416,1,-1,-1,-1
121,146,372,264,660,460,1,-1,-1,-1
121,147,1432,148,712,312,1,-1,-1,-1
121,148,1160,452,488,608,1,-1,-1,-1
121,149,0,56,128,208,1,-1,-1,-1
121,150,1324,416,512,512,1,-1,-1,-1
122,5,1681,336,692,532,1,-1,-1,-1
122,131,41,71,488,636,1,-1,-1,-1
122,132,936,491,492,588,1,-1,-1,-1
122,135,736,472,396,612,1,-1,-1,-1
122,143,662,88,620,432,1,-1,-1,-1
122,145,2426,333,132,416,1,-1,-1,-1
122,146,366,265,660,460,1,-1,-1,-1
122,147,1432,150,712,312,1,-1,-1,-1
122,148,1154,449,488,608,1,-1,-1,-1
122,149,0,56,127,208,1,-1,-1,-1
122,150,1322,412,512,512,1,-1,-1,-1
123,5,1675,341,692,532,1,-1,-1,-1
123,131,35,71,488,636,1,-1,-1,-1
123,132,929,491,492,588,1,-1,-1,-1
123,135,724,480,396,612,1,-1,-1,-1
123,143,653,93,620,432,1,-1,-1,-1
123,145,2423,336,132,416,1,-1,-1,-1
123,146,363,277,660,460,1,-1,-1,-1
123,148,1137,434,512,638,1,-1,-1,-1
123,149,0,55,123,208,1,-1,-1,-1
124,131,37,75,488,636,1,-1,-1,-1
124,132,926,497,492,588,1,-1,-1,-1
124,135,722,474,396,612,1,-1,-1,-1
124,143,648,96,620,432,1,-1,-1,-1
124,145,2421,337,132,416,1,-1,-1,-1
124,146,361,273,660,460,1,-1,-1,-1
124,149,0,54,122,208,1,-1,-1,-1
125,131,37,77,488,636,1,-1,-1,-1
125,132,923,495,492,588,1,-1,-1,-1
125,135,724,499,377,583,1,-1,-1,-1
125,143,636,92,620,432,1,-1,-1,-1
125,145,2417,338,132,416,1,-1,-1,-1
125,146,359,280,660,460,1,-1,-1,-1
125,149,0,59,116,198,1,-1,-1,-1
126,131,29,79,488,636,1,-1,-1,-1
126,132,922,500,492,588,1,-1,-1,-1
126,135,723,508,377,583,1,-1,-1,-1
126,143,647,103,590,411,1,-1,-1,-1
126,145,2413,340,132,416,1,-1,-1,-1
126,146,361,275,660,460,1,-1,-1,-1
126,149,0,59,115,198,1,-1,-1,-1
127,131,38,74,488,636,1,-1,-1,-1
127,132,907,498,492,588,1,-1,-1,-1
127,135,716,507,377,583,1,-1,-1,-1
127,145,2409,343,132,416,1,-1,-1,-1
127,146,346,277,660,460,1,-1,-1,-1
128,131,33,79,488,636,1,-1,-1,-1
128,132,908,496,492,588,1,-1,-1,-1
128,135,711,505,377,583,1,-1,-1,-1
128,145,2406,343,132,416,1,-1,-1,-1
129,131,0,76,524,624,1,-1,-1,-1
129,132,912,500,484,596,1,-1,-1,-1
129,135,692,500,404,612,1,-1,-1,-1
129,145,2384,336,172,428,1,-1,-1,-1
129,151,1720,324,600,536,1,-1,-1,-1
129,152,576,116,708,412,1,-1,-1,-1
129,153,1672,464,308,608,1,-1,-1,-1
129,154,448,288,456,452,1,-1,-1,-1
129,155,1104,372,700,456,1,-1,-1,-1
129,156,1192,464,420,624,1,-1,-1,-1
129,157,1392,156,724,280,1,-1,-1,-1
129,158,0,92,108,136,1,-1,-1,-1
129,159,76,0,312,228,1,-1,-1,-1
130,131,0,75,520,624,1,-1,-1,-1
130,132,913,505,484,596,1,-1,-1,-1
130,145,2382,337,172,428,1,-1,-1,-1
130,151,1731,329,600,536,1,-1,-1,-1
130,152,587,130,674,392,1,-1,-1,-1
130,153,1669,461,308,608,1,-1,-1,-1
130,154,441,285,456,452,1,-1,-1,-1
130,156,1191,460,420,624,1,-1,-1,-1
130,158,0,91,106,136,1,-1,-1,-1
130,159,77,1,312,228,1,-1,-1,-1
131,131,0,77,518,624,1,-1,-1,-1
131,132,919,520,461,568,1,-1,-1,-1
131,145,2380,337,172,428,1,-1,-1,-1
131,151,1738,339,571,510,1,-1,-1,-1
131,153,1668,457,308,608,1,-1,-1,-1
131,154,431,279,456,452,1,-1,-1,-1
131,156,1185,460,420,624,1,-1,-1,-1
131,158,0,89,101,136,1,-1,-1,-1
131,159,76,0,312,228,1,-1,-1,-1
132,131,0,72,524,624,1,-1,-1,-1
132,132,915,515,461,568,1,-1,-1,-1
132,145,2378,336,172,428,1,-1,-1,-1
132,151,1739,345,571,510,1,-1,-1,-1
132,153,1666,465,308,608,1,-1,-1,-1
132,154,429,280,456,452,1,-1,-1,-1
132,156,1181,456,420,624,1,-1,-1,-1
132,158,0,88,101,136,1,-1,-1,-1
132,159,75,0,312,228,1,-1,-1,-1
133,131,0,71,517,624,1,-1,-1,-1
133,132,907,515,461,568,1,-1,-1,-1
133,145,2374,335,172,428,1,-1,-1,-1
133,151,1739,332,571,510,1,-1,-1,-1
133,153,1668,473,308,608,1,-1,-1,-1
133,154,426,277,456,452,1,-1,-1,-1
133,158,0,88,95,136,1,-1,-1,-1
133,159,72,1,312,228,1,-1,-1,-1
134,131,0,72,517,624,1,-1,-1,-1
134,132,903,519,461,568,1,-1,-1,-1
134,145,2371,336,172,428,1,-1,-1,-1
134,153,1660,463,308,608,1,-1,-1,-1
134,154,422,272,456,452,1,-1,-1,-1
134,158,0,90,89,136,1,-1,-1,-1
134,159,67,3,312,228,1,-1,-1,-1
135,132,879,504,484,596,1,-1,-1,-1
135,145,2362,337,172,428,1,-1,-1,-1
135,153,1641,447,323,638,1,-1,-1,-1
135,159,55,5,312,228,1,-1,-1,-1
136,132,876,506,484,596,1,-1,-1,-1
136,145,2357,337,172,428,1,-1,-1,-1
136,153,1639,451,323,638,1,-1,-1,-1
136,159,54,4,312,228,1,-1,-1,-1
137,132,856,508,488,580,1,-1,-1,-1
137,145,2336,332,224,432,1,-1,-1,-1
137,153,1644,456,284,620,1,-1,-1,-1
137,159,20,0,336,240,1,-1,-1,-1
137,160,1664,300,584,532,1,-1,-1,-1
137,161,0,80,492,612,1,-1,-1,-1
137,162,496,96,716,404,1,-1,-1,-1
137,163,1100,480,456,604,1,-1,-1,-1
137,164,1052,336,688,432,1,-1,-1,-1
137,165,628,500,412,608,1,-1,-1,-1
137,166,304,260,168,412,1,-1,-1,-1
137,167,2504,180,52,164,1,-1,-1,-1
137,168,480,276,240,456,1,-1,-1,-1
138,132,850,515,488,580,1,-1,-1,-1
138,145,2328,332,224,432,1,-1,-1,-1
138,153,1644,473,270,590,1,-1,-1,-1
138,159,15,0,336,239,1,-1,-1,-1
138,160,1652,306,584,532,1,-1,-1,-1
138,161,0,77,488,612,1,-1,-1,-1
138,162,477,96,716,404,1,-1,-1,-1
138,163,1092,478,456,604,1,-1,-1,-1
138,165,614,499,412,608,1,-1,-1,-1
138,166,298,259,168,412,1,-1,-1,-1
138,167,2499,179,52,164,1,-1,-1,-1
139,145,2313,332,224,432,1,-1,-1,-1
139,159,0,0,331,240,1,-1,-1,-1
139,160,1645,296,584,532,1,-1,-1,-1
139,161,0,77,468,612,1,-1,-1,-1
139,162,458,99,716,404,1,-1,-1,-1
139,165,600,499,412,608,1,-1,-1,-1
140,145,2309,332,224,432,1,-1,-1,-1
140,159,1,6,320,229,1,-1,-1,-1
140,160,1654,306,556,507,1,-1,-1,-1
140,161,0,75,468,612,1,-1,-1,-1
140,162,460,101,716,404,1,-1,-1,-1
140,165,595,497,412,608,1,-1,-1,-1
141,145,2293,332,224,432,1,-1,-1,-1
141,159,0,10,308,229,1,-1,-1,-1
141,160,1644,309,556,507,1,-1,-1,-1
141,161,0,96,446,583,1,-1,-1,-1
141,162,451,116,682,385,1,-1,-1,-1
141,165,586,502,412,608,1,-1,-1,-1
142,145,2288,331,224,432,1,-1,-1,-1
142,159,0,5,304,229,1,-1,-1,-1
142,160,1649,319,530,483,1,-1,-1,-1
142,161,0,77,444,612,1,-1,-1,-1
142,162,442,112,682,385,1,-1,-1,-1
143,145,2272,328,224,432,1,-1,-1,-1
143,160,1633,313,530,483,1,-1,-1,-1
143,161,0,75,437,612,1,-1,-1,-1
143,162,433,115,682,385,1,-1,-1,-1
144,145,2269,329,224,432,1,-1,-1,-1
144,160,1634,315,530,483,1,-1,-1,-1
144,161,0,83,433,612,1,-1,-1,-1
144,162,420,112,682,385,1,-1,-1,-1
145,145,2260,332,300,432,1,-1,-1,-1
145,160,1612,272,580,560,1,-1,-1,-1
145,161,0,104,428,552,1,-1,-1,-1
145,162,468,124,672,368,1,-1,-1,-1
145,169,780,500,480,592,1,-1,-1,-1
145,170,1564,452,276,616,1,-1,-1,-1
145,171,2424,144,136,208,1,-1,-1,-1
145,172,1032,456,444,628,1,-1,-1,-1
145,173,948,296,752,456,1,-1,-1,-1
145,174,556,504,396,608,1,-1,-1,-1
145,175,376,352,340,516,1,-1,-1,-1
145,176,1256,232,712,160,1,-1,-1,-1
146,145,2256,331,300,432,1,-1,-1,-1
146,160,1605,274,580,560,1,-1,-1,-1
146,161,0,104,420,552,1,-1,-1,-1
146,162,464,126,672,368,1,-1,-1,-1
146,169,776,501,480,592,1,-1,-1,-1
146,170,1562,448,276,616,1,-1,-1,-1
146,171,2422,144,136,208,1,-1,-1,-1
146,172,1038,453,444,628,1,-1,-1,-1
146,174,557,504,396,608,1,-1,-1,-1
146,175,384,368,324,491,1,-1,-1,-1
147,145,2254,331,300,432,1,-1,-1,-1
147,160,1616,283,552,533,1,-1,-1,-1
147,161,0,103,420,552,1,-1,-1,-1
147,162,457,122,672,368,1,-1,-1,-1
147,169,770,501,480,592,1,-1,-1,-1
147,170,1561,459,276,616,1,-1,-1,-1
147,171,2418,143,136,208,1,-1,-1,-1
148,145,2253,330,300,432,1,-1,-1,-1
148,160,1615,275,552,533,1,-1,-1,-1
148,161,0,102,419,552,1,-1,-1,-1
148,162,449,128,672,368,1,-1,-1,-1
148,169,764,497,480,592,1,-1,-1,-1
148,171,2417,142,136,208,1,-1,-1,-1
149,145,2249,330,300,432,1,-1,-1,-1
149,160,1611,282,552,533,1,-1,-1,-1
149,161,0,101,417,552,1,-1,-1,-1
149,162,464,132,640,350,1,-1,-1,-1
149,169,747,479,504,622,1,-1,-1,-1
149,171,2415,141,136,208,1,-1,-1,-1
150,145,2247,330,300,432,1,-1,-1,-1
150,160,1620,291,526,508,1,-1,-1,-1
150,161,0,100,411,552,1,-1,-1,-1
150,162,453,132,640,350,1,-1,-1,-1
150,169,743,484,504,622,1,-1,-1,-1
150,171,2411,143,136,208,1,-1,-1,-1
151,145,2247,330,300,432,1,-1,-1,-1
151,161,0,100,415,552,1,-1,-1,-1
151,169,744,485,504,622,1,-1,-1,-1
151,171,2409,141,136,208,1,-1,-1,-1
152,145,2246,330,300,432,1,-1,-1,-1
152,161,0,103,411,552,1,-1,-1,-1
152,169,746,479,504,622,1,-1,-1,-1
152,171,2409,140,136,208,1,-1,-1,-1
153,145,2284,332,276,432,1,-1,-1,-1
153,161,0,136,412,520,1,-1,-1,-1
153,169,764,500,488,592,1,-1,-1,-1
153,171,2408,136,152,212,1,-1,-1,-1
153,177,1580,216,692,616,1,-1,-1,-1
153,178,528,152,560,384,1,-1,-1,-1
153,179,556,492,388,612,1,-1,-1,-1
153,180,344,344,340,520,1,-1,-1,-1
153,181,1532,464,292,604,1,-1,-1,-1
153,182,988,456,468,632,1,-1,-1,-1
153,183,0,48,184,192,1,-1,-1,-1
153,184,1096,308,516,348,1,-1,-1,-1
153,185,1236,216,716,180,1,-1,-1,-1
154,145,2285,334,275,432,1,-1,-1,-1
154,161,1,138,412,520,1,-1,-1,-1
154,169,762,498,488,592,1,-1,-1,-1
154,171,2408,136,152,212,1,-1,-1,-1
154,177,1580,214,692,616,1,-1,-1,-1
154,178,527,154,560,384,1,-1,-1,-1
154,179,556,488,388,612,1,-1,-1,-1
154,180,347,339,340,520,1,-1,-1,-1
154,181,1530,459,292,604,1,-1,-1,-1
154,182,988,460,468,632,1,-1,-1,-1
154,183,0,49,184,192,1,-1,-1,-1
154,184,1097,311,516,348,1,-1,-1,-1
155,145,2284,334,276,432,1,-1,-1,-1
155,161,4,138,412,520,1,-1,-1,-1
155,169,762,500,488,592,1,-1,-1,-1
155,171,2409,137,151,212,1,-1,-1,-1
155,177,1582,206,692,616,1,-1,-1,-1
155,178,526,151,560,384,1,-1,-1,-1
155,179,556,485,388,612,1,-1,-1,-1
155,180,351,336,340,520,1,-1,-1,-1
155,181,1530,460,292,604,1,-1,-1,-1
155,182,986,454,468,632,1,-1,-1,-1
155,183,0,45,189,202,1,-1,-1,-1
155,184,1103,309,516,348,1,-1,-1,-1
156,145,2284,332,276,432,1,-1,-1,-1
156,161,5,138,412,520,1,-1,-1,-1
156,169,773,509,488,592,1,-1,-1,-1
156,171,2409,137,151,212,1,-1,-1,-1
156,177,1584,205,692,616,1,-1,-1,-1
156,178,523,148,560,384,1,-1,-1,-1
156,179,557,487,388,612,1,-1,-1,-1
156,181,1523,439,307,634,1,-1,-1,-1
156,183,0,46,190,202,1,-1,-1,-1
156,184,1110,311,491,331,1,-1,-1,-1
157,145,2284,333,276,432,1,-1,-1,-1
157,161,0,119,428,546,1,-1,-1,-1
157,169,767,507,488,592,1,-1,-1,-1
157,171,2409,137,151,212,1,-1,-1,-1
157,178,527,149,560,384,1,-1,-1,-1
157,179,557,489,388,612,1,-1,-1,-1
157,183,0,45,191,202,1,-1,-1,-1
157,184,1130,322,468,316,1,-1,-1,-1
158,145,2292,343,263,411,1,-1,-1,-1
158,161,0,115,427,546,1,-1,-1,-1
158,169,765,498,488,592,1,-1,-1,-1
158,171,2409,136,151,212,1,-1,-1,-1
158,178,540,153,533,366,1,-1,-1,-1
158,179,561,485,388,612,1,-1,-1,-1
158,183,0,43,190,202,1,-1,-1,-1
159,145,2291,345,263,411,1,-1,-1,-1
159,161,2,133,412,520,1,-1,-1,-1
159,169,763,494,488,592,1,-1,-1,-1
159,171,2408,135,152,212,1,-1,-1,-1
159,178,529,156,533,366,1,-1,-1,-1
159,179,560,489,388,612,1,-1,-1,-1
159,183,0,43,186,202,1,-1,-1,-1
160,145,2291,347,263,411,1,-1,-1,-1
160,161,4,138,412,520,1,-1,-1,-1
160,169,762,500,488,592,1,-1,-1,-1
160,171,2407,136,152,212,1,-1,-1,-1
160,178,541,163,508,348,1,-1,-1,-1
160,179,562,487,388,612,1,-1,-1,-1
160,183,0,44,184,202,1,-1,-1,-1
161,145,2292,328,268,432,1,-1,-1,-1
161,161,0,132,408,524,1,-1,-1,-1
161,169,764,500,480,588,1,-1,-1,-1
161,171,2412,136,144,212,1,-1,-1,-1
161,178,592,160,456,356,1,-1,-1,-1
161,179,556,496,392,608,1,-1,-1,-1
161,183,0,44,156,200,1,-1,-1,-1
161,186,932,260,628,504,1,-1,-1,-1
161,187,396,296,376,576,1,-1,-1,-1
161,188,1528,328,784,740,1,-1,-1,-1
161,189,984,468,476,600,1,-1,-1,-1
161,190,0,0,168,116,1,-1,-1,-1
161,191,140,0,244,236,1,-1,-1,-1
162,145,2292,330,268,432,1,-1,-1,-1
162,161,0,129,408,524,1,-1,-1,-1
162,169,761,500,480,588,1,-1,-1,-1
162,171,2412,137,144,212,1,-1,-1,-1
162,178,597,159,456,356,1,-1,-1,-1
162,179,555,495,392,608,1,-1,-1,-1
162,183,1,43,156,200,1,-1,-1,-1
162,186,932,255,628,504,1,-1,-1,-1
162,187,402,295,376,576,1,-1,-1,-1
162,188,1528,334,784,740,1,-1,-1,-1
162,189,989,467,476,600,1,-1,-1,-1
162,190,0,0,168,116,1,-1,-1,-1
162,191,144,0,244,234,1,-1,-1,-1
