1,0,148,472,852,624,1,-1,-1,-1
1,1,1704,600,712,576,1,-1,-1,-1
1,2,1148,396,468,460,1,-1,-1,-1
1,3,764,452,512,508,1,-1,-1,-1
1,4,1952,568,456,148,1,-1,-1,-1
1,5,2468,728,92,316,1,-1,-1,-1
2,0,143,470,852,624,1,-1,-1,-1
2,1,1700,600,712,576,1,-1,-1,-1
2,2,1148,399,468,460,1,-1,-1,-1
2,3,759,449,512,508,1,-1,-1,-1
2,4,1952,568,456,148,1,-1,-1,-1
2,5,2468,728,92,316,1,-1,-1,-1
3,0,140,475,852,624,1,-1,-1,-1
3,1,1689,603,712,576,1,-1,-1,-1
3,2,1143,399,468,460,1,-1,-1,-1
3,3,754,459,512,508,1,-1,-1,-1
3,4,1951,568,456,148,1,-1,-1,-1
3,5,2468,727,92,316,1,-1,-1,-1
4,0,145,477,852,624,1,-1,-1,-1
4,1,1677,604,712,576,1,-1,-1,-1
4,2,1139,400,468,460,1,-1,-1,-1
4,3,751,456,512,508,1,-1,-1,-1
4,4,1951,566,456,148,1,-1,-1,-1
4,5,2468,728,92,316,1,-1,-1,-1
5,0,138,473,852,624,1,-1,-1,-1
5,1,1682,604,712,576,1,-1,-1,-1
5,2,1138,400,468,460,1,-1,-1,-1
5,3,742,457,512,508,1,-1,-1,-1
5,4,1950,565,456,148,1,-1,-1,-1
5,5,2468,727,92,316,1,-1,-1,-1
6,0,140,476,852,624,1,-1,-1,-1
6,1,1677,601,712,576,1,-1,-1,-1
6,2,1140,399,468,460,1,-1,-1,-1
6,3,732,445,538,533,1,-1,-1,-1
6,4,1950,564,456,148,1,-1,-1,-1
6,5,2467,728,92,316,1,-1,-1,-1
7,0,163,491,811,594,1,-1,-1,-1
7,1,1661,603,712,576,1,-1,-1,-1
7,2,1134,399,468,460,1,-1,-1,-1
7,3,727,445,538,533,1,-1,-1,-1
7,5,2468,727,92,316,1,-1,-1,-1
8,0,161,489,811,594,1,-1,-1,-1
8,1,1655,598,712,576,1,-1,-1,-1
8,2,1144,410,446,438,1,-1,-1,-1
8,3,721,446,538,533,1,-1,-1,-1
8,5,2469,728,91,316,1,-1,-1,-1
9,0,148,468,808,624,1,-1,-1,-1
9,1,1632,596,776,576,1,-1,-1,-1
9,2,1164,400,444,456,1,-1,-1,-1
9,3,660,476,536,480,1,-1,-1,-1
9,5,2460,728,100,316,1,-1,-1,-1
9,6,1072,488,228,448,1,-1,-1,-1
9,7,1944,568,472,288,1,-1,-1,-1
10,0,149,470,808,624,1,-1,-1,-1
10,1,1632,593,776,576,1,-1,-1,-1
10,2,1162,398,444,456,1,-1,-1,-1
10,3,658,474,536,480,1,-1,-1,-1
10,5,2459,728,100,316,1,-1,-1,-1
10,6,1068,489,228,448,1,-1,-1,-1
10,7,1942,568,472,288,1,-1,-1,-1
11,0,150,470,808,624,1,-1,-1,-1
11,1,1624,594,776,576,1,-1,-1,-1
11,2,1161,402,444,456,1,-1,-1,-1
11,3,656,474,536,480,1,-1,-1,-1
11,5,2459,728,100,316,1,-1,-1,-1
11,6,1068,490,228,448,1,-1,-1,-1
11,7,1937,569,472,288,1,-1,-1,-1
12,0,152,466,808,624,1,-1,-1,-1
12,1,1628,594,776,576,1,-1,-1,-1
12,2,1158,400,444,456,1,-1,-1,-1
12,3,654,475,536,480,1,-1,-1,-1
12,5,2459,730,100,316,1,-1,-1,-1
12,6,1067,489,228,448,1,-1,-1,-1
12,7,1939,568,472,288,1,-1,-1,-1
13,0,150,467,808,624,1,-1,-1,-1
13,1,1622,595,776,576,1,-1,-1,-1
13,2,1156,399,444,456,1,-1,-1,-1
13,3,646,480,536,480,1,-1,-1,-1
13,5,2459,728,100,316,1,-1,-1,-1
13,7,1934,570,472,288,1,-1,-1,-1
14,0,146,471,808,624,1,-1,-1,-1
14,1,1613,602,776,576,1,-1,-1,-1
14,2,1158,397,444,456,1,-1,-1,-1
14,3,657,487,510,457,1,-1,-1,-1
14,5,2459,727,100,316,1,-1,-1,-1
14,7,1928,571,472,288,1,-1,-1,-1
15,0,149,471,808,624,1,-1,-1,-1
15,1,1605,600,776,576,1,-1,-1,-1
15,2,1151,400,444,456,1,-1,-1,-1
15,3,648,476,536,480,1,-1,-1,-1
15,5,2455,720,105,332,1,-1,-1,-1
15,7,1921,568,472,288,1,-1,-1,-1
16,0,126,448,848,655,1,-1,-1,-1
16,1,1596,605,776,576,1,-1,-1,-1
16,2,1152,399,444,456,1,-1,-1,-1
16,3,650,478,536,480,1,-1,-1,-1
16,5,2457,729,100,316,1,-1,-1,-1
16,7,1914,568,472,288,1,-1,-1,-1
17,0,148,468,772,620,1,-1,-1,-1
17,1,1556,592,852,576,1,-1,-1,-1
17,2,1168,408,420,452,1,-1,-1,-1
17,3,650,478,536,480,1,-1,-1,-1
17,5,2460,720,100,324,1,-1,-1,-1
17,7,1932,572,488,256,1,-1,-1,-1
17,8,984,488,308,428,1,-1,-1,-1
17,9,896,584,256,384,1,-1,-1,-1
18,0,143,469,772,620,1,-1,-1,-1
18,1,1552,593,852,576,1,-1,-1,-1
18,2,1172,407,420,452,1,-1,-1,-1
18,5,2461,719,99,324,1,-1,-1,-1
18,7,1930,571,488,256,1,-1,-1,-1
18,8,981,491,308,428,1,-1,-1,-1
18,9,891,582,256,384,1,-1,-1,-1
19,0,144,468,772,620,1,-1,-1,-1
19,1,1549,593,852,576,1,-1,-1,-1
19,2,1166,407,420,452,1,-1,-1,-1
19,5,2461,719,99,324,1,-1,-1,-1
19,7,1921,570,488,256,1,-1,-1,-1
19,8,976,494,308,428,1,-1,-1,-1
19,9,885,585,256,384,1,-1,-1,-1
20,0,146,467,772,620,1,-1,-1,-1
20,1,1541,596,852,576,1,-1,-1,-1
20,2,1167,406,420,452,1,-1,-1,-1
20,5,2461,722,99,324,1,-1,-1,-1
20,7,1918,569,488,256,1,-1,-1,-1
20,8,970,490,308,428,1,-1,-1,-1
20,9,880,587,256,384,1,-1,-1,-1
21,0,149,467,772,620,1,-1,-1,-1
21,1,1529,595,852,576,1,-1,-1,-1
21,2,1165,407,420,452,1,-1,-1,-1
21,5,2462,723,98,324,1,-1,-1,-1
21,7,1913,568,488,256,1,-1,-1,-1
21,8,966,497,308,428,1,-1,-1,-1
21,9,876,587,256,384,1,-1,-1,-1
22,0,143,464,772,620,1,-1,-1,-1
22,1,1520,604,852,576,1,-1,-1,-1
22,2,1167,408,420,452,1,-1,-1,-1
22,5,2462,722,98,324,1,-1,-1,-1
22,7,1904,570,488,256,1,-1,-1,-1
22,9,868,589,256,384,1,-1,-1,-1
23,0,134,467,772,620,1,-1,-1,-1
23,1,1528,595,852,576,1,-1,-1,-1
23,2,1163,408,420,452,1,-1,-1,-1
23,5,2462,721,98,324,1,-1,-1,-1
23,7,1895,560,512,269,1,-1,-1,-1
23,9,872,599,244,366,1,-1,-1,-1
24,0,131,466,772,620,1,-1,-1,-1
24,1,1517,604,852,576,1,-1,-1,-1
24,2,1166,410,420,452,1,-1,-1,-1
24,5,2462,720,98,324,1,-1,-1,-1
24,7,1893,561,512,269,1,-1,-1,-1
24,9,868,602,244,366,1,-1,-1,-1
25,0,152,464,796,624,1,-1,-1,-1
25,1,1460,588,860,580,1,-1,-1,-1
25,2,1176,444,392,396,1,-1,-1,-1
25,5,2464,716,96,324,1,-1,-1,-1
25,7,1928,568,488,260,1,-1,-1,-1
25,9,872,600,188,372,1,-1,-1,-1
25,10,888,532,400,388,1,-1,-1,-1
26,0,152,463,796,624,1,-1,-1,-1
26,1,1454,590,860,580,1,-1,-1,-1
26,2,1175,443,392,396,1,-1,-1,-1
26,5,2464,716,96,324,1,-1,-1,-1
26,7,1928,569,488,260,1,-1,-1,-1
26,9,870,602,188,372,1,-1,-1,-1
26,10,884,533,400,388,1,-1,-1,-1
27,0,154,458,796,624,1,-1,-1,-1
27,1,1435,586,860,580,1,-1,-1,-1
27,2,1170,443,392,396,1,-1,-1,-1
27,5,2464,716,96,324,1,-1,-1,-1
27,7,1926,569,488,260,1,-1,-1,-1
27,9,871,603,188,372,1,-1,-1,-1
27,10,880,531,400,388,1,-1,-1,-1
28,0,158,453,796,624,1,-1,-1,-1
28,1,1430,585,860,580,1,-1,-1,-1
28,2,1169,443,392,396,1,-1,-1,-1
28,5,2464,718,96,324,1,-1,-1,-1
28,7,1918,569,488,260,1,-1,-1,-1
28,9,871,599,188,372,1,-1,-1,-1
28,10,880,533,400,388,1,-1,-1,-1
29,0,137,446,836,655,1,-1,-1,-1
29,1,1430,587,860,580,1,-1,-1,-1
29,2,1168,442,392,396,1,-1,-1,-1
29,5,2467,722,91,309,1,-1,-1,-1
29,7,1918,563,488,260,1,-1,-1,-1
29,9,864,600,188,372,1,-1,-1,-1
29,10,878,536,400,388,1,-1,-1,-1
30,0,131,436,836,655,1,-1,-1,-1
30,1,1426,591,860,580,1,-1,-1,-1
30,2,1164,442,392,396,1,-1,-1,-1
30,5,2464,714,96,324,1,-1,-1,-1
30,7,1911,565,488,260,1,-1,-1,-1
30,9,865,600,188,372,1,-1,-1,-1
30,10,866,529,420,407,1,-1,-1,-1
31,0,140,445,836,655,1,-1,-1,-1
31,2,1161,441,392,396,1,-1,-1,-1
31,5,2463,714,96,324,1,-1,-1,-1
31,9,866,595,188,372,1,-1,-1,-1
31,10,856,530,420,407,1,-1,-1,-1
32,0,136,440,836,655,1,-1,-1,-1
32,5,2463,715,96,324,1,-1,-1,-1
32,9,868,603,179,354,1,-1,-1,-1
32,10,846,531,420,407,1,-1,-1,-1
33,0,156,472,828,616,1,-1,-1,-1
33,5,2460,716,96,328,1,-1,-1,-1
33,9,868,603,179,354,1,-1,-1,-1
33,10,808,480,420,448,1,-1,-1,-1
33,11,1352,592,892,576,1,-1,-1,-1
33,12,1936,568,484,304,1,-1,-1,-1
33,13,1180,404,396,452,1,-1,-1,-1
34,0,159,473,828,616,1,-1,-1,-1
34,5,2460,717,96,328,1,-1,-1,-1
34,10,806,481,420,448,1,-1,-1,-1
34,11,1346,593,892,576,1,-1,-1,-1
34,12,1932,568,484,304,1,-1,-1,-1
34,13,1178,405,396,452,1,-1,-1,-1
35,0,155,472,828,616,1,-1,-1,-1
35,5,2457,709,101,344,1,-1,-1,-1
35,10,801,483,420,448,1,-1,-1,-1
35,11,1371,611,850,549,1,-1,-1,-1
35,12,1933,568,484,304,1,-1,-1,-1
35,13,1174,403,396,452,1,-1,-1,-1
36,0,164,479,828,616,1,-1,-1,-1
36,5,2460,717,96,328,1,-1,-1,-1
36,10,797,480,420,448,1,-1,-1,-1
36,11,1338,591,892,576,1,-1,-1,-1
36,12,1932,571,484,304,1,-1,-1,-1
36,13,1166,404,396,452,1,-1,-1,-1
37,0,166,475,828,616,1,-1,-1,-1
37,5,2461,717,96,328,1,-1,-1,-1
37,10,786,485,420,448,1,-1,-1,-1
37,11,1320,590,892,576,1,-1,-1,-1
37,12,1918,562,508,319,1,-1,-1,-1
37,13,1162,405,396,452,1,-1,-1,-1
38,0,162,476,828,616,1,-1,-1,-1
38,5,2461,718,96,328,1,-1,-1,-1
38,10,791,498,400,427,1,-1,-1,-1
38,11,1312,595,892,576,1,-1,-1,-1
38,12,1933,573,484,304,1,-1,-1,-1
38,13,1150,405,396,452,1,-1,-1,-1
39,0,147,461,869,647,1,-1,-1,-1
39,5,2461,718,96,328,1,-1,-1,-1
39,11,1290,596,892,576,1,-1,-1,-1
40,0,146,453,869,647,1,-1,-1,-1
40,5,2459,708,101,344,1,-1,-1,-1
41,0,156,484,804,604,1,-1,-1,-1
41,5,2464,716,96,328,1,-1,-1,-1
41,14,1272,576,860,588,1,-1,-1,-1
41,15,732,488,448,472,1,-1,-1,-1
41,16,1184,412,404,444,1,-1,-1,-1
41,17,1940,568,484,284,1,-1,-1,-1
42,0,154,486,804,604,1,-1,-1,-1
42,5,2464,716,96,328,1,-1,-1,-1
42,14,1256,576,860,588,1,-1,-1,-1
42,15,730,489,448,472,1,-1,-1,-1
42,16,1179,412,404,444,1,-1,-1,-1
42,17,1937,567,484,284,1,-1,-1,-1
43,0,146,483,804,604,1,-1,-1,-1
43,5,2465,727,91,312,1,-1,-1,-1
43,14,1235,577,860,588,1,-1,-1,-1
43,15,726,494,448,472,1,-1,-1,-1
43,16,1172,415,404,444,1,-1,-1,-1
43,17,1931,568,484,284,1,-1,-1,-1
44,0,142,487,804,604,1,-1,-1,-1
44,5,2463,718,96,328,1,-1,-1,-1
44,14,1221,580,860,588,1,-1,-1,-1
44,15,730,496,448,472,1,-1,-1,-1
44,16,1170,419,404,444,1,-1,-1,-1
44,17,1932,568,484,284,1,-1,-1,-1
45,0,133,490,804,604,1,-1,-1,-1
45,5,2462,717,96,328,1,-1,-1,-1
45,14,1208,575,860,588,1,-1,-1,-1
45,15,729,495,448,472,1,-1,-1,-1
45,17,1930,563,484,284,1,-1,-1,-1
46,0,132,484,804,604,1,-1,-1,-1
46,5,2462,716,96,328,1,-1,-1,-1
46,14,1217,593,819,560,1,-1,-1,-1
46,15,733,510,427,450,1,-1,-1,-1
46,17,1919,555,508,298,1,-1,-1,-1
47,0,127,485,804,604,1,-1,-1,-1
47,5,2462,717,96,328,1,-1,-1,-1
47,14,1231,602,780,533,1,-1,-1,-1
47,15,731,510,427,450,1,-1,-1,-1
47,17,1916,557,508,298,1,-1,-1,-1
48,0,136,483,804,604,1,-1,-1,-1
48,5,2459,710,101,344,1,-1,-1,-1
48,14,1219,600,780,533,1,-1,-1,-1
48,15,719,503,448,472,1,-1,-1,-1
48,17,1911,560,508,298,1,-1,-1,-1
49,0,148,476,768,612,1,-1,-1,-1
49,5,2468,720,92,328,1,-1,-1,-1
49,14,1164,592,876,580,1,-1,-1,-1
49,15,719,503,448,472,1,-1,-1,-1
49,17,1924,568,500,292,1,-1,-1,-1
49,18,1184,400,404,268,1,-1,-1,-1
50,0,146,480,768,612,1,-1,-1,-1
50,5,2468,720,92,328,1,-1,-1,-1
50,14,1162,594,876,580,1,-1,-1,-1
50,15,722,499,448,472,1,-1,-1,-1
50,17,1922,568,500,292,1,-1,-1,-1
50,18,1183,400,404,268,1,-1,-1,-1
51,0,138,476,768,612,1,-1,-1,-1
51,5,2469,721,91,328,1,-1,-1,-1
51,14,1178,612,834,552,1,-1,-1,-1
51,15,722,503,448,472,1,-1,-1,-1
51,17,1922,565,500,292,1,-1,-1,-1
51,18,1184,400,404,268,1,-1,-1,-1
52,0,143,474,768,612,1,-1,-1,-1
52,5,2469,722,91,328,1,-1,-1,-1
52,14,1165,615,834,552,1,-1,-1,-1
52,15,730,508,427,450,1,-1,-1,-1
52,17,1905,557,525,307,1,-1,-1,-1
52,18,1183,401,404,268,1,-1,-1,-1
53,0,140,475,768,612,1,-1,-1,-1
53,5,2469,725,91,328,1,-1,-1,-1
53,14,1164,615,834,552,1,-1,-1,-1
53,15,719,511,427,450,1,-1,-1,-1
53,17,1905,558,525,307,1,-1,-1,-1
53,18,1184,403,404,268,1,-1,-1,-1
54,0,138,475,768,612,1,-1,-1,-1
54,5,2469,722,91,328,1,-1,-1,-1
54,14,1177,628,795,526,1,-1,-1,-1
54,15,717,499,448,472,1,-1,-1,-1
54,17,1904,558,525,307,1,-1,-1,-1
54,18,1187,411,385,255,1,-1,-1,-1
55,0,135,480,768,612,1,-1,-1,-1
55,5,2469,723,91,328,1,-1,-1,-1
55,14,1185,640,757,501,1,-1,-1,-1
55,17,1903,560,525,307,1,-1,-1,-1
56,0,138,479,768,612,1,-1,-1,-1
56,5,2467,710,93,344,1,-1,-1,-1
56,14,1151,629,795,526,1,-1,-1,-1
56,17,1898,561,525,307,1,-1,-1,-1
57,0,140,484,836,604,1,-1,-1,-1
57,5,2472,716,88,324,1,-1,-1,-1
57,14,1060,568,868,584,1,-1,-1,-1
57,17,1912,568,516,308,1,-1,-1,-1
57,19,60,456,660,452,1,-1,-1,-1
57,20,588,500,496,436,1,-1,-1,-1
57,21,1184,400,404,284,1,-1,-1,-1
57,22,844,576,248,344,1,-1,-1,-1
58,0,139,484,836,604,1,-1,-1,-1
58,5,2472,715,88,324,1,-1,-1,-1
58,14,1053,569,868,584,1,-1,-1,-1
58,17,1913,569,516,308,1,-1,-1,-1
58,19,58,458,660,452,1,-1,-1,-1
58,20,587,502,496,436,1,-1,-1,-1
58,21,1182,398,404,284,1,-1,-1,-1
58,22,841,575,248,344,1,-1,-1,-1
59,0,139,483,836,604,1,-1,-1,-1
59,5,2473,713,87,324,1,-1,-1,-1
59,14,1057,565,868,584,1,-1,-1,-1
59,17,1913,570,516,308,1,-1,-1,-1
59,19,58,458,660,452,1,-1,-1,-1
59,20,583,503,496,436,1,-1,-1,-1
59,21,1191,408,385,270,1,-1,-1,-1
59,22,841,574,248,344,1,-1,-1,-1
60,0,133,484,836,604,1,-1,-1,-1
60,5,2471,702,89,340,1,-1,-1,-1
60,14,1047,565,868,584,1,-1,-1,-1
60,17,1912,570,516,308,1,-1,-1,-1
60,19,56,455,660,452,1,-1,-1,-1
60,20,597,513,472,415,1,-1,-1,-1
60,21,1183,402,404,284,1,-1,-1,-1
60,22,845,584,236,328,1,-1,-1,-1
61,5,2469,703,91,340,1,-1,-1,-1
61,14,1044,585,827,556,1,-1,-1,-1
61,17,1913,571,516,308,1,-1,-1,-1
61,19,51,455,660,452,1,-1,-1,-1
61,20,575,499,496,436,1,-1,-1,-1
61,21,1181,400,404,284,1,-1,-1,-1
61,22,840,583,236,328,1,-1,-1,-1
62,5,2469,703,91,340,1,-1,-1,-1
62,17,1923,577,491,293,1,-1,-1,-1
62,20,581,504,496,436,1,-1,-1,-1
62,21,1178,399,404,284,1,-1,-1,-1
62,22,843,582,236,328,1,-1,-1,-1
63,5,2470,704,90,340,1,-1,-1,-1
63,17,1912,568,516,308,1,-1,-1,-1
63,20,572,503,496,436,1,-1,-1,-1
63,21,1178,396,404,284,1,-1,-1,-1
63,22,842,582,236,328,1,-1,-1,-1
64,5,2470,706,90,340,1,-1,-1,-1
64,17,1914,570,516,308,1,-1,-1,-1
64,20,571,503,496,436,1,-1,-1,-1
65,5,2468,716,92,328,1,-1,-1,-1
65,17,1912,568,516,288,1,-1,-1,-1
65,20,571,503,496,436,1,-1,-1,-1
65,23,960,576,860,580,1,-1,-1,-1
65,24,136,488,844,624,1,-1,-1,-1
65,25,0,440,700,472,1,-1,-1,-1
65,26,1180,400,408,280,1,-1,-1,-1
66,5,2468,715,92,328,1,-1,-1,-1
66,17,1912,568,516,288,1,-1,-1,-1
66,23,948,577,860,580,1,-1,-1,-1
66,24,133,484,844,624,1,-1,-1,-1
66,25,1,437,700,472,1,-1,-1,-1
66,26,1179,399,408,280,1,-1,-1,-1
67,5,2468,709,92,328,1,-1,-1,-1
67,17,1910,566,516,288,1,-1,-1,-1
67,23,945,577,860,580,1,-1,-1,-1
67,24,138,495,844,624,1,-1,-1,-1
67,25,0,436,697,472,1,-1,-1,-1
67,26,1176,401,408,280,1,-1,-1,-1
68,17,1908,565,516,288,1,-1,-1,-1
68,23,929,577,860,580,1,-1,-1,-1
68,24,110,468,886,655,1,-1,-1,-1
68,25,0,446,689,472,1,-1,-1,-1
68,26,1174,401,408,280,1,-1,-1,-1
69,17,1907,567,516,288,1,-1,-1,-1
69,23,915,578,860,580,1,-1,-1,-1
69,24,120,488,844,624,1,-1,-1,-1
69,25,6,456,667,450,1,-1,-1,-1
69,26,1165,398,428,294,1,-1,-1,-1
70,17,1910,568,516,288,1,-1,-1,-1
70,23,908,584,860,580,1,-1,-1,-1
70,24,92,472,886,655,1,-1,-1,-1
70,25,6,458,667,450,1,-1,-1,-1
70,26,1166,399,428,294,1,-1,-1,-1
71,17,1909,568,516,288,1,-1,-1,-1
71,23,922,597,819,552,1,-1,-1,-1
71,24,85,461,886,655,1,-1,-1,-1
71,25,6,457,667,450,1,-1,-1,-1
71,26,1165,401,428,294,1,-1,-1,-1
72,17,1909,569,516,288,1,-1,-1,-1
72,23,930,596,819,552,1,-1,-1,-1
72,24,101,465,886,655,1,-1,-1,-1
72,26,1163,399,428,294,1,-1,-1,-1
73,17,1912,568,520,288,1,-1,-1,-1
73,23,848,568,880,580,1,-1,-1,-1
73,24,140,472,752,608,1,-1,-1,-1
73,26,1180,396,416,272,1,-1,-1,-1
73,27,2504,708,52,332,1,-1,-1,-1
73,28,0,432,636,520,1,-1,-1,-1
74,17,1913,570,520,288,1,-1,-1,-1
74,23,832,571,880,580,1,-1,-1,-1
74,24,139,468,752,608,1,-1,-1,-1
74,26,1181,396,416,272,1,-1,-1,-1
74,28,0,430,635,520,1,-1,-1,-1
75,17,1913,571,520,288,1,-1,-1,-1
75,23,820,573,880,580,1,-1,-1,-1
75,24,141,459,752,608,1,-1,-1,-1
75,26,1180,396,416,272,1,-1,-1,-1
75,28,0,431,633,520,1,-1,-1,-1
76,17,1917,569,520,288,1,-1,-1,-1
76,23,808,574,880,580,1,-1,-1,-1
76,26,1181,396,416,272,1,-1,-1,-1
76,28,0,430,624,520,1,-1,-1,-1
77,17,1915,573,520,288,1,-1,-1,-1
77,23,804,570,880,580,1,-1,-1,-1
77,26,1178,396,416,272,1,-1,-1,-1
77,28,0,432,627,520,1,-1,-1,-1
78,17,1919,572,520,288,1,-1,-1,-1
78,26,1179,395,416,272,1,-1,-1,-1
78,28,0,437,630,520,1,-1,-1,-1
79,17,1920,575,520,288,1,-1,-1,-1
79,26,1177,397,416,272,1,-1,-1,-1
79,28,0,435,629,520,1,-1,-1,-1
80,17,1922,576,520,288,1,-1,-1,-1
80,26,1177,398,416,272,1,-1,-1,-1
80,28,0,430,619,520,1,-1,-1,-1
81,17,1912,568,520,288,1,-1,-1,-1
81,26,1180,400,432,400,1,-1,-1,-1
81,28,0,430,619,520,1,-1,-1,-1
81,29,724,588,860,560,1,-1,-1,-1
81,30,152,472,740,612,1,-1,-1,-1
81,31,2480,716,80,328,1,-1,-1,-1
81,32,0,468,240,332,1,-1,-1,-1
81,33,36,592,404,404,1,-1,-1,-1
82,17,1912,569,520,288,1,-1,-1,-1
82,26,1175,400,432,400,1,-1,-1,-1
82,28,0,429,623,520,1,-1,-1,-1
82,29,719,586,860,560,1,-1,-1,-1
82,30,148,471,740,612,1,-1,-1,-1
82,31,2480,718,80,328,1,-1,-1,-1
82,32,0,477,228,316,1,-1,-1,-1
82,33,29,592,404,404,1,-1,-1,-1
83,17,1913,570,520,288,1,-1,-1,-1
83,26,1173,400,432,400,1,-1,-1,-1
83,29,743,603,819,533,1,-1,-1,-1
83,30,146,471,740,612,1,-1,-1,-1
83,31,2481,719,79,328,1,-1,-1,-1
83,32,0,476,226,316,1,-1,-1,-1
83,33,28,594,404,404,1,-1,-1,-1
84,17,1914,571,520,288,1,-1,-1,-1
84,26,1171,402,432,400,1,-1,-1,-1
84,29,708,584,860,560,1,-1,-1,-1
84,30,142,465,740,612,1,-1,-1,-1
84,32,0,480,218,316,1,-1,-1,-1
84,33,23,593,404,404,1,-1,-1,-1
85,17,1916,572,520,288,1,-1,-1,-1
85,26,1164,404,432,400,1,-1,-1,-1
85,30,110,450,777,643,1,-1,-1,-1
85,32,0,482,208,316,1,-1,-1,-1
85,33,7,585,424,424,1,-1,-1,-1
86,17,1912,571,520,288,1,-1,-1,-1
86,26,1158,406,432,400,1,-1,-1,-1
86,32,0,479,203,316,1,-1,-1,-1
86,33,0,580,422,424,1,-1,-1,-1
87,17,1917,570,520,288,1,-1,-1,-1
87,26,1153,403,432,400,1,-1,-1,-1
87,32,0,482,192,316,1,-1,-1,-1
87,33,0,585,424,424,1,-1,-1,-1
88,17,1928,579,495,274,1,-1,-1,-1
88,26,1146,394,454,420,1,-1,-1,-1
89,17,1916,568,512,288,1,-1,-1,-1
89,26,1180,400,432,452,1,-1,-1,-1
89,34,616,584,868,556,1,-1,-1,-1
89,35,160,472,632,612,1,-1,-1,-1
89,36,0,588,424,412,1,-1,-1,-1
89,37,2508,720,52,316,1,-1,-1,-1
90,17,1914,567,512,288,1,-1,-1,-1
90,26,1177,396,432,452,1,-1,-1,-1
90,34,601,593,868,556,1,-1,-1,-1
90,35,161,472,632,612,1,-1,-1,-1
90,36,0,582,417,412,1,-1,-1,-1
91,17,1916,568,512,288,1,-1,-1,-1
91,26,1167,401,432,452,1,-1,-1,-1
91,34,616,603,827,530,1,-1,-1,-1
91,35,146,469,632,612,1,-1,-1,-1
91,36,0,581,416,412,1,-1,-1,-1
92,17,1915,565,512,288,1,-1,-1,-1
92,26,1163,406,432,452,1,-1,-1,-1
92,35,149,472,632,612,1,-1,-1,-1
92,36,0,584,417,412,1,-1,-1,-1
93,17,1917,567,512,288,1,-1,-1,-1
93,35,139,468,632,612,1,-1,-1,-1
93,36,0,583,414,412,1,-1,-1,-1
94,17,1919,566,512,288,1,-1,-1,-1
94,35,156,483,602,583,1,-1,-1,-1
94,36,0,580,411,412,1,-1,-1,-1
95,17,1918,566,512,288,1,-1,-1,-1
95,35,161,480,602,583,1,-1,-1,-1
95,36,0,583,410,412,1,-1,-1,-1
96,17,1916,564,512,288,1,-1,-1,-1
96,35,163,482,602,583,1,-1,-1,-1
96,36,0,579,408,412,1,-1,-1,-1
97,17,1912,568,516,296,1,-1,-1,-1
97,35,160,472,428,616,1,-1,-1,-1
97,36,0,580,424,420,1,-1,-1,-1
97,38,496,572,852,560,1,-1,-1,-1
97,39,1176,400,432,460,1,-1,-1,-1
97,40,2432,720,128,324,1,-1,-1,-1
97,41,0,508,236,108,1,-1,-1,-1
98,17,1910,567,516,296,1,-1,-1,-1
98,35,158,473,428,616,1,-1,-1,-1
98,36,0,583,419,420,1,-1,-1,-1
98,38,501,569,852,560,1,-1,-1,-1
98,39,1172,400,432,460,1,-1,-1,-1
98,40,2434,729,126,324,1,-1,-1,-1
98,41,0,508,232,108,1,-1,-1,-1
99,17,1909,568,516,296,1,-1,-1,-1
99,35,146,460,449,647,1,-1,-1,-1
99,36,0,583,407,420,1,-1,-1,-1
99,38,495,580,852,560,1,-1,-1,-1
99,39,1177,411,411,438,1,-1,-1,-1
99,41,0,509,221,108,1,-1,-1,-1
100,17,1908,566,516,296,1,-1,-1,-1
100,35,156,464,428,616,1,-1,-1,-1
100,36,0,584,402,420,1,-1,-1,-1
100,38,499,582,811,533,1,-1,-1,-1
100,39,1170,407,411,438,1,-1,-1,-1
101,17,1910,569,516,296,1,-1,-1,-1
101,35,148,464,428,616,1,-1,-1,-1
101,36,0,585,404,420,1,-1,-1,-1
101,38,496,585,811,533,1,-1,-1,-1
101,39,1168,410,411,438,1,-1,-1,-1
102,17,1911,571,516,296,1,-1,-1,-1
102,35,144,470,428,616,1,-1,-1,-1
102,36,0,594,391,400,1,-1,-1,-1
102,38,477,585,811,533,1,-1,-1,-1
102,39,1163,410,411,438,1,-1,-1,-1
103,17,1913,574,516,296,1,-1,-1,-1
103,35,143,472,428,616,1,-1,-1,-1
103,36,0,585,400,420,1,-1,-1,-1
103,38,441,581,852,560,1,-1,-1,-1
103,39,1158,395,432,460,1,-1,-1,-1
104,17,1909,571,516,296,1,-1,-1,-1
104,35,141,470,428,616,1,-1,-1,-1
104,39,1159,394,432,460,1,-1,-1,-1
105,17,1916,568,516,300,1,-1,-1,-1
105,35,164,468,736,616,1,-1,-1,-1
105,39,1180,392,432,476,1,-1,-1,-1
105,42,380,516,876,620,1,-1,-1,-1
105,43,2512,720,48,324,1,-1,-1,-1
105,44,0,580,432,492,1,-1,-1,-1
105,45,0,496,188,116,1,-1,-1,-1
106,17,1915,569,516,300,1,-1,-1,-1
106,35,155,465,736,616,1,-1,-1,-1
106,39,1180,391,432,476,1,-1,-1,-1
106,42,374,521,876,620,1,-1,-1,-1
106,44,0,579,425,492,1,-1,-1,-1
106,45,0,497,178,116,1,-1,-1,-1
107,17,1915,567,516,300,1,-1,-1,-1
107,35,160,466,736,616,1,-1,-1,-1
107,39,1180,390,432,476,1,-1,-1,-1
107,42,369,521,876,620,1,-1,-1,-1
107,44,0,577,425,492,1,-1,-1,-1
107,45,0,498,178,116,1,-1,-1,-1
108,17,1914,567,516,300,1,-1,-1,-1
108,35,160,471,736,616,1,-1,-1,-1
108,39,1179,391,432,476,1,-1,-1,-1
108,42,349,515,876,620,1,-1,-1,-1
108,44,0,576,426,492,1,-1,-1,-1
108,45,0,499,165,116,1,-1,-1,-1
109,17,1916,569,516,300,1,-1,-1,-1
109,35,149,473,736,616,1,-1,-1,-1
109,39,1180,393,432,476,1,-1,-1,-1
109,42,345,509,876,620,1,-1,-1,-1
109,44,0,563,435,517,1,-1,-1,-1
109,45,0,501,151,116,1,-1,-1,-1
110,17,1922,567,516,300,1,-1,-1,-1
110,35,147,471,736,616,1,-1,-1,-1
110,39,1182,391,432,476,1,-1,-1,-1
110,44,0,566,437,517,1,-1,-1,-1
111,17,1918,568,516,300,1,-1,-1,-1
111,35,155,483,701,587,1,-1,-1,-1
111,39,1181,390,432,476,1,-1,-1,-1
111,44,0,551,440,542,1,-1,-1,-1
112,17,1922,567,516,300,1,-1,-1,-1
112,39,1182,390,432,476,1,-1,-1,-1
112,44,0,562,428,517,1,-1,-1,-1
113,17,1916,568,520,288,1,-1,-1,-1
113,39,1128,400,488,456,1,-1,-1,-1
113,44,0,596,400,408,1,-1,-1,-1
113,46,264,580,904,552,1,-1,-1,-1
113,47,2512,720,48,332,1,-1,-1,-1
114,17,1917,569,520,288,1,-1,-1,-1
114,39,1128,402,488,456,1,-1,-1,-1
114,44,0,597,395,408,1,-1,-1,-1
114,46,268,576,904,552,1,-1,-1,-1
115,17,1919,570,520,288,1,-1,-1,-1
115,39,1129,402,488,456,1,-1,-1,-1
115,44,0,597,387,408,1,-1,-1,-1
116,17,1921,568,520,288,1,-1,-1,-1
116,39,1130,400,488,456,1,-1,-1,-1
116,44,0,597,385,408,1,-1,-1,-1
117,17,1919,569,520,288,1,-1,-1,-1
117,39,1133,402,488,456,1,-1,-1,-1
117,44,0,599,374,408,1,-1,-1,-1
118,17,1923,567,520,288,1,-1,-1,-1
118,39,1132,403,488,456,1,-1,-1,-1
118,44,0,607,353,389,1,-1,-1,-1
119,17,1923,567,520,288,1,-1,-1,-1
119,39,1133,399,488,456,1,-1,-1,-1
119,44,0,605,353,389,1,-1,-1,-1
120,17,1924,566,520,288,1,-1,-1,-1
120,39,1134,395,488,456,1,-1,-1,-1
120,44,0,618,338,370,1,-1,-1,-1
121,17,1940,564,520,276,1,-1,-1,-1
121,39,1072,416,572,440,1,-1,-1,-1
121,44,0,596,200,396,1,-1,-1,-1
121,48,168,592,904,540,1,-1,-1,-1
121,49,192,468,328,528,1,-1,-1,-1
122,17,1956,565,520,276,1,-1,-1,-1
122,39,1087,416,572,440,1,-1,-1,-1
122,44,9,595,200,396,1,-1,-1,-1
122,48,165,587,904,540,1,-1,-1,-1
122,49,205,471,328,528,1,-1,-1,-1
123,17,1986,566,520,276,1,-1,-1,-1
123,39,1110,418,572,440,1,-1,-1,-1
123,44,23,595,200,396,1,-1,-1,-1
123,49,218,472,328,528,1,-1,-1,-1
124,17,2026,566,520,276,1,-1,-1,-1
124,39,1154,417,572,440,1,-1,-1,-1
124,44,57,607,190,377,1,-1,-1,-1
124,49,235,460,344,554,1,-1,-1,-1
125,17,2025,566,520,276,1,-1,-1,-1
125,39,1151,416,572,440,1,-1,-1,-1
125,44,59,606,190,377,1,-1,-1,-1
126,17,2063,564,497,276,1,-1,-1,-1
126,39,1187,415,572,440,1,-1,-1,-1
127,39,1224,416,572,440,1,-1,-1,-1
128,39,1247,415,572,440,1,-1,-1,-1
129,39,1248,436,604,428,1,-1,-1,-1
129,50,2144,564,416,300,1,-1,-1,-1
129,51,232,580,868,544,1,-1,-1,-1
129,52,0,592,300,416,1,-1,-1,-1
129,53,0,516,128,124,1,-1,-1,-1
130,39,1256,435,604,428,1,-1,-1,-1
130,50,2152,562,408,300,1,-1,-1,-1
130,51,244,586,827,518,1,-1,-1,-1
130,52,0,591,297,416,1,-1,-1,-1
130,53,0,515,126,124,1,-1,-1,-1
131,39,1255,434,604,428,1,-1,-1,-1
131,50,2155,563,405,300,1,-1,-1,-1
131,51,244,586,827,518,1,-1,-1,-1
131,52,0,590,296,416,1,-1,-1,-1
131,53,0,515,126,124,1,-1,-1,-1
132,39,1264,433,604,428,1,-1,-1,-1
132,50,2171,564,389,300,1,-1,-1,-1
132,51,263,582,827,518,1,-1,-1,-1
132,52,0,591,298,416,1,-1,-1,-1
132,53,0,515,128,124,1,-1,-1,-1
133,39,1286,432,604,428,1,-1,-1,-1
133,50,2187,566,373,300,1,-1,-1,-1
133,52,2,591,300,416,1,-1,-1,-1
133,53,1,514,128,124,1,-1,-1,-1
134,39,1317,434,604,428,1,-1,-1,-1
134,50,2219,565,341,300,1,-1,-1,-1
134,53,11,513,128,124,1,-1,-1,-1
135,39,1353,436,604,428,1,-1,-1,-1
135,53,20,508,134,130,1,-1,-1,-1
136,39,1370,436,604,428,1,-1,-1,-1
136,53,23,504,141,137,1,-1,-1,-1
137,39,1384,444,604,412,1,-1,-1,-1
137,53,0,476,164,200,1,-1,-1,-1
137,54,276,592,884,528,1,-1,-1,-1
137,55,2284,560,276,276,1,-1,-1,-1
137,56,0,576,560,468,1,-1,-1,-1
138,39,1402,445,604,412,1,-1,-1,-1
138,53,4,474,164,200,1,-1,-1,-1
138,54,279,590,884,528,1,-1,-1,-1
138,55,2306,560,254,276,1,-1,-1,-1
138,56,6,577,560,468,1,-1,-1,-1
139,39,1427,445,604,412,1,-1,-1,-1
139,53,10,474,164,200,1,-1,-1,-1
139,54,293,596,884,528,1,-1,-1,-1
139,55,2329,560,231,276,1,-1,-1,-1
139,56,20,574,560,468,1,-1,-1,-1
140,39,1452,454,575,392,1,-1,-1,-1
140,53,13,472,164,200,1,-1,-1,-1
140,55,2347,559,213,276,1,-1,-1,-1
140,56,26,575,560,468,1,-1,-1,-1
141,39,1461,455,575,392,1,-1,-1,-1
141,53,11,470,164,200,1,-1,-1,-1
141,55,2362,559,198,276,1,-1,-1,-1
141,56,22,582,560,468,1,-1,-1,-1
142,39,1468,446,604,412,1,-1,-1,-1
142,55,2377,558,183,276,1,-1,-1,-1
142,56,28,577,560,468,1,-1,-1,-1
143,39,1467,446,604,412,1,-1,-1,-1
143,55,2375,560,185,276,1,-1,-1,-1
143,56,31,579,560,468,1,-1,-1,-1
144,39,1496,457,575,392,1,-1,-1,-1
144,55,2399,560,161,276,1,-1,-1,-1
145,39,1500,448,612,404,1,-1,-1,-1
145,55,2420,564,136,296,1,-1,-1,-1
145,57,300,592,884,532,1,-1,-1,-1
145,58,1068,588,388,496,1,-1,-1,-1
145,59,0,576,644,472,1,-1,-1,-1
145,60,0,464,236,132,1,-1,-1,-1
146,39,1513,449,612,404,1,-1,-1,-1
146,55,2433,564,127,296,1,-1,-1,-1
146,57,294,596,884,532,1,-1,-1,-1
146,58,1078,587,388,496,1,-1,-1,-1
146,59,2,574,644,472,1,-1,-1,-1
146,60,9,465,236,132,1,-1,-1,-1
147,39,1523,449,612,404,1,-1,-1,-1
147,55,2455,565,105,296,1,-1,-1,-1
147,57,316,598,884,532,1,-1,-1,-1
147,58,1090,589,388,496,1,-1,-1,-1
147,59,5,577,644,472,1,-1,-1,-1
147,60,20,464,236,132,1,-1,-1,-1
148,39,1552,445,612,404,1,-1,-1,-1
148,58,1106,588,388,496,1,-1,-1,-1
148,59,33,592,613,450,1,-1,-1,-1
148,60,22,458,248,139,1,-1,-1,-1
149,39,1552,449,612,404,1,-1,-1,-1
149,58,1109,589,388,496,1,-1,-1,-1
149,59,31,593,613,450,1,-1,-1,-1
149,60,21,458,260,146,1,-1,-1,-1
150,39,1559,448,612,404,1,-1,-1,-1
150,58,1119,589,388,496,1,-1,-1,-1
150,59,30,601,613,450,1,-1,-1,-1
151,39,1569,451,612,404,1,-1,-1,-1
151,58,1130,587,388,496,1,-1,-1,-1
152,39,1584,452,612,404,1,-1,-1,-1
152,58,1131,584,407,521,1,-1,-1,-1
153,39,1592,444,632,408,1,-1,-1,-1
153,58,1131,584,407,521,1,-1,-1,-1
153,61,288,600,896,524,1,-1,-1,-1
153,62,752,548,804,536,1,-1,-1,-1
153,63,0,484,188,356,1,-1,-1,-1
153,64,36,580,632,280,1,-1,-1,-1
154,39,1599,442,632,408,1,-1,-1,-1
154,58,1153,580,407,521,1,-1,-1,-1
154,61,284,606,896,524,1,-1,-1,-1
154,62,756,553,804,536,1,-1,-1,-1
154,63,2,487,188,356,1,-1,-1,-1
155,39,1598,443,632,408,1,-1,-1,-1
155,58,1161,582,407,521,1,-1,-1,-1
155,62,764,548,804,536,1,-1,-1,-1
155,63,3,485,188,356,1,-1,-1,-1
156,39,1608,444,632,408,1,-1,-1,-1
156,58,1171,582,407,521,1,-1,-1,-1
156,62,764,552,804,536,1,-1,-1,-1
156,63,6,488,188,356,1,-1,-1,-1
157,39,1611,448,632,408,1,-1,-1,-1
157,58,1178,580,407,521,1,-1,-1,-1
157,62,775,553,804,536,1,-1,-1,-1
157,63,8,490,188,356,1,-1,-1,-1
158,39,1623,450,632,408,1,-1,-1,-1
158,58,1180,582,407,521,1,-1,-1,-1
158,62,760,560,804,536,1,-1,-1,-1
158,63,5,489,188,356,1,-1,-1,-1
159,39,1643,462,602,389,1,-1,-1,-1
159,58,1196,597,388,496,1,-1,-1,-1
159,62,736,539,844,563,1,-1,-1,-1
159,63,6,490,188,356,1,-1,-1,-1
160,39,1640,449,632,408,1,-1,-1,-1
160,58,1197,597,388,496,1,-1,-1,-1
160,63,5,486,188,356,1,-1,-1,-1
161,39,1640,448,612,400,1,-1,-1,-1
161,58,1197,597,388,496,1,-1,-1,-1
161,63,0,500,168,220,1,-1,-1,-1
161,65,248,596,908,524,1,-1,-1,-1
161,66,756,532,856,560,1,-1,-1,-1
161,67,0,400,452,204,1,-1,-1,-1
161,68,48,580,700,392,1,-1,-1,-1
161,69,0,404,72,108,1,-1,-1,-1
162,39,1642,448,612,400,1,-1,-1,-1
162,58,1202,600,388,496,1,-1,-1,-1
162,63,0,497,168,220,1,-1,-1,-1
162,66,755,535,856,560,1,-1,-1,-1
162,67,5,399,452,204,1,-1,-1,-1
162,69,9,403,72,108,1,-1,-1,-1
163,39,1634,442,643,420,1,-1,-1,-1
163,63,0,494,166,220,1,-1,-1,-1
163,66,752,533,856,560,1,-1,-1,-1
163,67,2,395,475,214,1,-1,-1,-1
163,69,19,404,72,108,1,-1,-1,-1
164,39,1653,434,643,420,1,-1,-1,-1
164,63,0,491,164,220,1,-1,-1,-1
164,67,23,398,452,204,1,-1,-1,-1
165,39,1666,434,643,420,1,-1,-1,-1
165,63,0,488,165,220,1,-1,-1,-1
165,67,48,400,452,204,1,-1,-1,-1
166,39,1687,435,643,420,1,-1,-1,-1
166,63,3,488,168,220,1,-1,-1,-1
166,67,52,393,475,214,1,-1,-1,-1
167,39,1689,437,643,420,1,-1,-1,-1
167,63,3,486,168,220,1,-1,-1,-1
167,67,54,393,475,214,1,-1,-1,-1
168,63,4,484,168,220,1,-1,-1,-1
168,67,67,393,475,214,1,-1,-1,-1
169,63,0,480,196,324,1,-1,-1,-1
169,67,4,372,568,244,1,-1,-1,-1
169,70,232,596,880,524,1,-1,-1,-1
169,71,1728,428,588,420,1,-1,-1,-1
169,72,672,548,972,544,1,-1,-1,-1
170,63,0,479,195,324,1,-1,-1,-1
170,67,7,374,568,244,1,-1,-1,-1
170,71,1737,429,588,420,1,-1,-1,-1
170,72,675,552,972,544,1,-1,-1,-1
171,63,1,482,196,324,1,-1,-1,-1
171,67,26,374,568,244,1,-1,-1,-1
171,71,1752,428,588,420,1,-1,-1,-1
172,63,1,472,206,340,1,-1,-1,-1
172,67,35,376,568,244,1,-1,-1,-1
172,71,1763,426,588,420,1,-1,-1,-1
173,63,2,475,206,340,1,-1,-1,-1
173,67,25,365,596,256,1,-1,-1,-1
173,71,1767,426,588,420,1,-1,-1,-1
174,63,0,471,215,357,1,-1,-1,-1
174,67,28,365,596,256,1,-1,-1,-1
174,71,1781,423,588,420,1,-1,-1,-1
175,63,2,477,216,357,1,-1,-1,-1
175,71,1799,425,588,420,1,-1,-1,-1
176,63,7,487,206,340,1,-1,-1,-1
176,71,1800,419,588,420,1,-1,-1,-1
177,63,0,492,212,396,1,-1,-1,-1
177,71,1832,420,572,416,1,-1,-1,-1
177,73,208,596,904,524,1,-1,-1,-1
177,74,752,544,904,536,1,-1,-1,-1
177,75,76,372,616,268,1,-1,-1,-1
178,63,3,490,212,396,1,-1,-1,-1
178,71,1838,418,572,416,1,-1,-1,-1
178,74,766,546,904,536,1,-1,-1,-1
178,75,85,369,616,268,1,-1,-1,-1
179,63,2,489,212,396,1,-1,-1,-1
179,71,1853,425,545,396,1,-1,-1,-1
179,74,767,549,904,536,1,-1,-1,-1
179,75,89,372,616,268,1,-1,-1,-1
180,63,0,478,221,416,1,-1,-1,-1
180,71,1850,411,572,416,1,-1,-1,-1
180,75,98,368,616,268,1,-1,-1,-1
181,63,0,480,223,416,1,-1,-1,-1
181,71,1852,417,572,416,1,-1,-1,-1
181,75,120,377,587,255,1,-1,-1,-1
182,71,1878,429,545,396,1,-1,-1,-1
182,75,136,376,587,255,1,-1,-1,-1
183,71,1887,433,545,396,1,-1,-1,-1
183,75,149,378,587,255,1,-1,-1,-1
184,71,1890,430,545,396,1,-1,-1,-1
184,75,166,377,587,255,1,-1,-1,-1
185,71,1896,436,564,408,1,-1,-1,-1
185,75,166,377,587,255,1,-1,-1,-1
185,76,796,532,888,548,1,-1,-1,-1
185,77,184,588,932,528,1,-1,-1,-1
185,78,0,484,216,400,1,-1,-1,-1
186,71,1902,433,564,408,1,-1,-1,-1
186,75,177,377,587,255,1,-1,-1,-1
186,76,795,534,888,548,1,-1,-1,-1
186,78,0,484,212,400,1,-1,-1,-1
187,71,1911,438,564,408,1,-1,-1,-1
187,78,0,485,213,400,1,-1,-1,-1
188,71,1928,437,564,408,1,-1,-1,-1
188,78,2,486,216,400,1,-1,-1,-1
189,71,1934,434,564,408,1,-1,-1,-1
189,78,12,495,206,381,1,-1,-1,-1
190,71,1945,433,564,408,1,-1,-1,-1
191,71,1946,436,564,408,1,-1,-1,-1
192,71,1954,435,564,408,1,-1,-1,-1
193,71,1964,436,560,408,1,-1,-1,-1
193,79,180,580,896,532,1,-1,-1,-1
193,80,864,560,812,524,1,-1,-1,-1
193,81,0,488,232,400,1,-1,-1,-1
193,82,276,392,608,224,1,-1,-1,-1
194,71,1974,438,560,408,1,-1,-1,-1
194,79,179,591,896,532,1,-1,-1,-1
194,80,873,562,812,524,1,-1,-1,-1
194,81,5,486,232,400,1,-1,-1,-1
194,82,282,394,608,224,1,-1,-1,-1
195,71,1987,433,560,408,1,-1,-1,-1
195,80,874,567,812,524,1,-1,-1,-1
195,81,12,486,232,400,1,-1,-1,-1
195,82,296,395,608,224,1,-1,-1,-1
196,71,2003,429,557,408,1,-1,-1,-1
196,81,19,483,232,400,1,-1,-1,-1
196,82,325,398,608,224,1,-1,-1,-1
197,71,2018,443,533,389,1,-1,-1,-1
197,81,20,484,232,400,1,-1,-1,-1
197,82,323,397,608,224,1,-1,-1,-1
198,71,2005,433,555,408,1,-1,-1,-1
198,81,20,485,232,400,1,-1,-1,-1
198,82,332,396,608,224,1,-1,-1,-1
199,71,2010,433,550,408,1,-1,-1,-1
199,81,18,486,232,400,1,-1,-1,-1
199,82,340,397,608,224,1,-1,-1,-1
200,71,2028,440,532,389,1,-1,-1,-1
200,82,350,403,579,213,1,-1,-1,-1
201,71,2004,432,536,408,1,-1,-1,-1
201,82,352,420,596,196,1,-1,-1,-1
201,83,112,588,944,520,1,-1,-1,-1
201,84,804,556,852,524,1,-1,-1,-1
201,85,0,480,236,312,1,-1,-1,-1
202,71,2007,432,536,408,1,-1,-1,-1
202,82,366,427,568,187,1,-1,-1,-1
202,83,103,593,944,520,1,-1,-1,-1
202,84,798,553,852,524,1,-1,-1,-1
202,85,0,479,229,312,1,-1,-1,-1
203,71,2010,435,536,408,1,-1,-1,-1
203,82,364,428,568,187,1,-1,-1,-1
203,83,101,594,944,520,1,-1,-1,-1
203,84,801,556,852,524,1,-1,-1,-1
203,85,0,479,228,312,1,-1,-1,-1
204,71,2017,436,536,408,1,-1,-1,-1
204,82,370,429,568,187,1,-1,-1,-1
204,84,804,559,852,524,1,-1,-1,-1
204,85,0,479,229,312,1,-1,-1,-1
205,71,2039,434,521,408,1,-1,-1,-1
205,84,807,560,852,524,1,-1,-1,-1
205,85,0,478,235,312,1,-1,-1,-1
206,71,2050,436,510,408,1,-1,-1,-1
206,84,815,565,852,524,1,-1,-1,-1
206,85,7,480,236,312,1,-1,-1,-1
207,71,2055,439,505,408,1,-1,-1,-1
207,85,12,481,236,312,1,-1,-1,-1
208,71,2056,439,504,408,1,-1,-1,-1
208,85,1,483,236,312,1,-1,-1,-1
209,71,2072,444,488,400,1,-1,-1,-1
209,85,0,488,252,400,1,-1,-1,-1
209,86,120,592,912,520,1,-1,-1,-1
209,87,428,416,592,196,1,-1,-1,-1
209,88,800,564,872,512,1,-1,-1,-1
210,71,2075,445,485,400,1,-1,-1,-1
210,85,1,487,252,400,1,-1,-1,-1
210,87,442,423,564,187,1,-1,-1,-1
210,88,800,565,872,512,1,-1,-1,-1
211,71,2087,445,473,400,1,-1,-1,-1
211,85,5,488,252,400,1,-1,-1,-1
211,87,449,424,564,187,1,-1,-1,-1
211,88,799,562,872,512,1,-1,-1,-1
212,71,2114,447,446,400,1,-1,-1,-1
212,85,8,477,265,420,1,-1,-1,-1
213,71,2126,445,434,400,1,-1,-1,-1
213,85,10,477,265,420,1,-1,-1,-1
214,71,2130,442,430,400,1,-1,-1,-1
214,85,9,476,265,420,1,-1,-1,-1
215,71,2136,439,424,400,1,-1,-1,-1
215,85,7,476,265,420,1,-1,-1,-1
216,71,2145,449,415,381,1,-1,-1,-1
216,85,3,474,265,420,1,-1,-1,-1
217,71,2148,440,412,408,1,-1,-1,-1
217,85,0,480,284,228,1,-1,-1,-1
217,89,104,588,872,524,1,-1,-1,-1
217,90,780,556,812,528,1,-1,-1,-1
217,91,484,424,596,192,1,-1,-1,-1
217,92,1096,560,624,404,1,-1,-1,-1
218,71,2157,440,403,408,1,-1,-1,-1
218,85,3,480,284,228,1,-1,-1,-1
218,90,779,555,812,528,1,-1,-1,-1
218,91,502,425,568,183,1,-1,-1,-1
218,92,1091,558,624,404,1,-1,-1,-1
219,71,2179,440,381,408,1,-1,-1,-1
219,85,7,479,284,228,1,-1,-1,-1
219,90,778,566,812,528,1,-1,-1,-1
219,91,510,428,568,183,1,-1,-1,-1
219,92,1100,555,624,404,1,-1,-1,-1
220,71,2184,439,376,408,1,-1,-1,-1
220,85,4,479,284,228,1,-1,-1,-1
221,71,2188,437,372,408,1,-1,-1,-1
221,85,3,480,284,228,1,-1,-1,-1
222,71,2189,436,371,408,1,-1,-1,-1
222,85,0,479,281,228,1,-1,-1,-1
223,71,2194,435,366,408,1,-1,-1,-1
223,85,0,480,274,228,1,-1,-1,-1
224,71,2207,444,353,389,1,-1,-1,-1
224,85,0,481,269,228,1,-1,-1,-1
225,71,2200,428,360,416,1,-1,-1,-1
225,85,0,488,272,212,1,-1,-1,-1
225,93,32,588,896,516,1,-1,-1,-1
225,94,748,560,872,528,1,-1,-1,-1
225,95,508,436,632,180,1,-1,-1,-1
225,96,1160,556,524,416,1,-1,-1,-1
226,71,2206,433,354,416,1,-1,-1,-1
226,85,0,488,272,212,1,-1,-1,-1
226,94,740,551,872,528,1,-1,-1,-1
226,96,1159,551,524,416,1,-1,-1,-1
227,71,2217,444,343,396,1,-1,-1,-1
227,85,0,489,272,212,1,-1,-1,-1
227,96,1158,549,524,416,1,-1,-1,-1
228,71,2215,431,345,416,1,-1,-1,-1
228,85,0,487,269,212,1,-1,-1,-1
228,96,1141,539,550,437,1,-1,-1,-1
229,71,2213,431,347,416,1,-1,-1,-1
229,85,0,486,263,212,1,-1,-1,-1
229,96,1137,536,550,437,1,-1,-1,-1
230,71,2210,433,350,416,1,-1,-1,-1
230,85,0,487,256,212,1,-1,-1,-1
230,96,1124,540,550,437,1,-1,-1,-1
231,71,2212,433,348,416,1,-1,-1,-1
231,85,0,486,249,212,1,-1,-1,-1
232,71,2215,432,345,416,1,-1,-1,-1
232,85,0,484,242,212,1,-1,-1,-1
233,71,2224,436,332,408,1,-1,-1,-1
233,85,0,484,242,212,1,-1,-1,-1
233,97,0,592,864,508,1,-1,-1,-1
233,98,588,548,928,528,1,-1,-1,-1
233,99,0,480,260,408,1,-1,-1,-1
233,100,528,420,608,196,1,-1,-1,-1
234,71,2225,439,332,408,1,-1,-1,-1
234,85,0,484,233,212,1,-1,-1,-1
234,97,0,587,864,508,1,-1,-1,-1
234,99,0,479,255,408,1,-1,-1,-1
234,100,530,419,608,196,1,-1,-1,-1
235,71,2230,439,330,408,1,-1,-1,-1
235,85,0,484,232,212,1,-1,-1,-1
235,97,0,588,853,508,1,-1,-1,-1
235,99,0,480,249,408,1,-1,-1,-1
235,100,526,418,608,196,1,-1,-1,-1
236,71,2231,440,329,408,1,-1,-1,-1
236,97,5,595,864,508,1,-1,-1,-1
236,99,0,490,240,389,1,-1,-1,-1
236,100,542,424,579,187,1,-1,-1,-1
237,71,2238,440,322,408,1,-1,-1,-1
237,97,7,610,823,484,1,-1,-1,-1
237,99,0,489,227,389,1,-1,-1,-1
237,100,549,426,551,178,1,-1,-1,-1
238,71,2245,441,315,408,1,-1,-1,-1
239,71,2244,443,316,408,1,-1,-1,-1
240,71,2252,438,308,408,1,-1,-1,-1
241,71,2244,428,316,420,1,-1,-1,-1
241,101,0,588,848,524,1,-1,-1,-1
241,102,552,564,960,512,1,-1,-1,-1
241,103,532,440,636,180,1,-1,-1,-1
241,104,0,488,240,128,1,-1,-1,-1
242,71,2254,429,306,420,1,-1,-1,-1
242,101,3,585,848,524,1,-1,-1,-1
242,104,1,489,240,128,1,-1,-1,-1
243,71,2268,430,292,420,1,-1,-1,-1
243,104,4,490,240,128,1,-1,-1,-1
244,71,2272,430,288,420,1,-1,-1,-1
244,104,2,492,240,128,1,-1,-1,-1
245,71,2274,432,286,420,1,-1,-1,-1
245,104,3,493,240,128,1,-1,-1,-1
246,71,2261,422,299,441,1,-1,-1,-1
246,104,0,492,238,128,1,-1,-1,-1
247,71,2258,420,302,441,1,-1,-1,-1
247,104,0,491,228,128,1,-1,-1,-1
248,71,2256,424,304,441,1,-1,-1,-1
248,104,0,493,216,122,1,-1,-1,-1
249,71,2268,424,288,424,1,-1,-1,-1
249,104,0,493,216,122,1,-1,-1,-1
249,105,0,584,732,528,1,-1,-1,-1
249,106,536,552,840,524,1,-1,-1,-1
249,107,1292,580,452,400,1,-1,-1,-1
249,108,532,444,624,172,1,-1,-1,-1
249,109,0,488,212,416,1,-1,-1,-1
250,71,2272,426,288,424,1,-1,-1,-1
250,104,0,491,201,122,1,-1,-1,-1
250,105,0,584,727,528,1,-1,-1,-1
250,107,1290,579,452,400,1,-1,-1,-1
250,108,534,442,624,172,1,-1,-1,-1
250,109,0,490,211,416,1,-1,-1,-1
251,71,2269,425,288,424,1,-1,-1,-1
251,104,0,491,201,122,1,-1,-1,-1
251,105,0,583,724,528,1,-1,-1,-1
251,107,1291,579,452,400,1,-1,-1,-1
251,108,538,443,624,172,1,-1,-1,-1
251,109,0,490,208,416,1,-1,-1,-1
252,71,2263,414,297,445,1,-1,-1,-1
252,104,0,492,203,122,1,-1,-1,-1
252,105,0,585,730,528,1,-1,-1,-1
252,107,1295,578,452,400,1,-1,-1,-1
252,108,541,443,624,172,1,-1,-1,-1
252,109,0,482,217,437,1,-1,-1,-1
253,104,0,487,216,128,1,-1,-1,-1
253,105,0,586,731,528,1,-1,-1,-1
253,107,1314,579,452,400,1,-1,-1,-1
253,108,558,445,594,164,1,-1,-1,-1
253,109,4,491,212,416,1,-1,-1,-1
254,104,0,488,228,128,1,-1,-1,-1
254,105,17,591,732,528,1,-1,-1,-1
254,107,1335,578,452,400,1,-1,-1,-1
254,109,6,493,212,416,1,-1,-1,-1
255,104,0,489,235,128,1,-1,-1,-1
255,105,21,584,732,528,1,-1,-1,-1
255,107,1354,581,452,400,1,-1,-1,-1
255,109,9,497,212,416,1,-1,-1,-1
256,104,0,492,237,128,1,-1,-1,-1
256,105,5,584,732,528,1,-1,-1,-1
256,107,1364,586,452,400,1,-1,-1,-1
256,109,10,508,202,396,1,-1,-1,-1
257,104,0,492,237,128,1,-1,-1,-1
257,105,4,600,764,516,1,-1,-1,-1
257,107,1276,580,528,412,1,-1,-1,-1
257,109,10,508,202,396,1,-1,-1,-1
257,110,2348,432,212,400,1,-1,-1,-1
257,111,288,544,1128,536,1,-1,-1,-1
257,112,592,452,604,168,1,-1,-1,-1
258,104,0,493,240,128,1,-1,-1,-1
258,105,3,599,764,516,1,-1,-1,-1
258,107,1285,580,528,412,1,-1,-1,-1
258,109,8,507,202,396,1,-1,-1,-1
258,110,2352,437,208,400,1,-1,-1,-1
258,112,595,450,604,168,1,-1,-1,-1
259,104,9,495,240,128,1,-1,-1,-1
259,105,18,600,764,516,1,-1,-1,-1
259,107,1303,581,528,412,1,-1,-1,-1
259,110,2366,434,194,400,1,-1,-1,-1
259,112,617,451,575,160,1,-1,-1,-1
260,104,20,497,240,128,1,-1,-1,-1
260,105,23,601,764,516,1,-1,-1,-1
260,107,1308,582,528,412,1,-1,-1,-1
260,112,624,450,575,160,1,-1,-1,-1
261,104,25,497,240,128,1,-1,-1,-1
261,105,21,602,764,516,1,-1,-1,-1
261,107,1322,577,528,412,1,-1,-1,-1
261,112,622,447,604,168,1,-1,-1,-1
262,104,29,498,240,128,1,-1,-1,-1
262,105,23,606,764,516,1,-1,-1,-1
262,107,1312,568,554,433,1,-1,-1,-1
263,104,30,500,240,128,1,-1,-1,-1
263,105,22,612,764,516,1,-1,-1,-1
263,107,1334,577,528,412,1,-1,-1,-1
264,104,25,497,252,134,1,-1,-1,-1
264,105,15,613,764,516,1,-1,-1,-1
264,107,1336,579,528,412,1,-1,-1,-1
265,104,25,497,252,134,1,-1,-1,-1
265,105,0,604,728,516,1,-1,-1,-1
265,107,1268,576,580,420,1,-1,-1,-1
265,113,348,524,996,560,1,-1,-1,-1
265,114,2416,424,144,212,1,-1,-1,-1
265,115,0,500,288,568,1,-1,-1,-1
266,104,23,494,265,141,1,-1,-1,-1
266,105,0,598,726,516,1,-1,-1,-1
266,107,1277,574,580,420,1,-1,-1,-1
266,113,345,523,996,560,1,-1,-1,-1
266,114,2424,424,136,212,1,-1,-1,-1
266,115,6,502,288,568,1,-1,-1,-1
267,104,28,493,265,141,1,-1,-1,-1
267,105,0,607,728,516,1,-1,-1,-1
267,107,1288,569,580,420,1,-1,-1,-1
267,114,2434,425,126,212,1,-1,-1,-1
267,115,12,503,288,568,1,-1,-1,-1
268,104,32,493,265,141,1,-1,-1,-1
268,105,0,594,747,542,1,-1,-1,-1
268,107,1307,589,552,400,1,-1,-1,-1
268,114,2441,432,119,202,1,-1,-1,-1
268,115,7,500,288,568,1,-1,-1,-1
269,104,32,493,265,141,1,-1,-1,-1
269,105,0,581,759,569,1,-1,-1,-1
269,107,1306,585,552,400,1,-1,-1,-1
269,114,2444,432,116,202,1,-1,-1,-1
269,115,5,502,288,568,1,-1,-1,-1
270,104,28,493,265,141,1,-1,-1,-1
270,107,1294,577,580,420,1,-1,-1,-1
270,114,2441,434,119,202,1,-1,-1,-1
270,115,0,505,281,568,1,-1,-1,-1
271,104,24,493,265,141,1,-1,-1,-1
271,107,1299,573,580,420,1,-1,-1,-1
271,114,2440,436,120,202,1,-1,-1,-1
271,115,0,513,275,568,1,-1,-1,-1
272,104,22,495,265,141,1,-1,-1,-1
272,107,1305,575,580,420,1,-1,-1,-1
272,114,2440,435,120,202,1,-1,-1,-1
273,104,0,496,296,164,1,-1,-1,-1
273,107,1168,556,692,448,1,-1,-1,-1
273,114,2444,432,112,220,1,-1,-1,-1
273,116,0,624,740,500,1,-1,-1,-1
273,117,420,508,976,572,1,-1,-1,-1
273,118,680,444,592,160,1,-1,-1,-1
274,104,0,497,295,164,1,-1,-1,-1
274,107,1167,554,692,448,1,-1,-1,-1
274,114,2443,432,112,220,1,-1,-1,-1
274,116,0,626,730,500,1,-1,-1,-1
274,117,416,510,976,572,1,-1,-1,-1
274,118,671,442,592,160,1,-1,-1,-1
275,104,0,498,295,164,1,-1,-1,-1
275,107,1159,554,692,448,1,-1,-1,-1
275,114,2443,432,112,220,1,-1,-1,-1
275,116,0,631,737,500,1,-1,-1,-1
276,104,0,501,284,164,1,-1,-1,-1
276,107,1154,551,692,448,1,-1,-1,-1
276,114,2436,429,112,220,1,-1,-1,-1
276,116,0,623,719,500,1,-1,-1,-1
277,104,0,502,272,164,1,-1,-1,-1
277,107,1135,550,692,448,1,-1,-1,-1
277,116,0,625,714,500,1,-1,-1,-1
278,104,0,504,262,164,1,-1,-1,-1
278,116,0,626,709,500,1,-1,-1,-1
279,104,0,502,258,164,1,-1,-1,-1
280,104,0,498,256,164,1,-1,-1,-1
281,104,0,500,288,156,1,-1,-1,-1
281,119,0,616,632,512,1,-1,-1,-1
281,120,1088,532,732,484,1,-1,-1,-1
281,121,404,532,872,540,1,-1,-1,-1
281,122,2384,416,172,436,1,-1,-1,-1
281,123,656,464,560,132,1,-1,-1,-1
282,104,0,500,288,156,1,-1,-1,-1
282,119,0,617,619,512,1,-1,-1,-1
282,120,1086,540,732,484,1,-1,-1,-1
282,122,2385,415,172,436,1,-1,-1,-1
283,104,0,499,282,156,1,-1,-1,-1
283,119,0,615,619,512,1,-1,-1,-1
283,120,1103,552,697,461,1,-1,-1,-1
283,122,2384,414,172,436,1,-1,-1,-1
284,104,0,498,279,156,1,-1,-1,-1
284,119,0,599,626,538,1,-1,-1,-1
284,122,2381,412,172,436,1,-1,-1,-1
285,104,0,497,273,156,1,-1,-1,-1
285,119,0,588,641,564,1,-1,-1,-1
285,122,2371,412,172,436,1,-1,-1,-1
286,104,0,496,262,156,1,-1,-1,-1
286,122,2366,411,172,436,1,-1,-1,-1
287,104,0,497,253,149,1,-1,-1,-1
287,122,2361,409,172,436,1,-1,-1,-1
288,104,0,495,239,149,1,-1,-1,-1
289,104,0,496,220,176,1,-1,-1,-1
289,124,0,632,508,496,1,-1,-1,-1
289,125,1044,540,748,472,1,-1,-1,-1
289,126,260,564,952,516,1,-1,-1,-1
289,127,616,440,560,164,1,-1,-1,-1
289,128,2324,412,236,276,1,-1,-1,-1
289,129,112,504,204,136,1,-1,-1,-1
290,104,0,498,213,176,1,-1,-1,-1
290,124,0,632,495,496,1,-1,-1,-1
290,125,1042,538,748,472,1,-1,-1,-1
290,126,250,566,952,516,1,-1,-1,-1
290,127,617,440,560,164,1,-1,-1,-1
290,128,2315,413,236,276,1,-1,-1,-1
290,129,105,505,204,136,1,-1,-1,-1
291,104,0,497,203,176,1,-1,-1,-1
291,124,0,638,474,496,1,-1,-1,-1
291,125,1023,536,748,472,1,-1,-1,-1
291,127,613,439,560,164,1,-1,-1,-1
291,128,2300,409,236,276,1,-1,-1,-1
291,129,99,504,204,136,1,-1,-1,-1
292,104,0,492,192,185,1,-1,-1,-1
292,124,0,641,447,472,1,-1,-1,-1
292,125,1019,533,748,472,1,-1,-1,-1
292,127,597,438,560,164,1,-1,-1,-1
292,128,2286,410,236,276,1,-1,-1,-1
292,129,86,500,204,136,1,-1,-1,-1
293,104,0,494,191,185,1,-1,-1,-1
293,124,0,647,430,450,1,-1,-1,-1
293,127,599,440,560,164,1,-1,-1,-1
293,128,2285,407,236,276,1,-1,-1,-1
293,129,87,502,204,136,1,-1,-1,-1
294,124,0,648,421,450,1,-1,-1,-1
294,128,2272,412,236,276,1,-1,-1,-1
297,130,2224,388,336,456,1,-1,-1,-1
297,131,980,528,784,492,1,-1,-1,-1
297,132,0,628,312,488,1,-1,-1,-1
297,133,64,504,952,568,1,-1,-1,-1
297,134,548,448,644,468,1,-1,-1,-1
297,135,548,456,520,140,1,-1,-1,-1
298,130,2220,386,336,456,1,-1,-1,-1
298,131,973,529,784,492,1,-1,-1,-1
298,132,0,627,299,488,1,-1,-1,-1
298,133,53,506,952,568,1,-1,-1,-1
298,134,545,451,644,468,1,-1,-1,-1
298,135,541,457,520,140,1,-1,-1,-1
299,130,2215,386,336,456,1,-1,-1,-1
299,131,978,526,784,492,1,-1,-1,-1
299,132,0,629,297,488,1,-1,-1,-1
299,133,51,504,952,568,1,-1,-1,-1
299,134,540,447,644,468,1,-1,-1,-1
299,135,541,456,520,140,1,-1,-1,-1
300,130,2209,384,336,456,1,-1,-1,-1
300,131,970,531,784,492,1,-1,-1,-1
300,132,0,632,283,488,1,-1,-1,-1
300,133,41,505,952,568,1,-1,-1,-1
300,135,528,456,520,140,1,-1,-1,-1
301,130,2195,383,336,456,1,-1,-1,-1
301,131,963,532,784,492,1,-1,-1,-1
301,132,0,635,268,488,1,-1,-1,-1
301,135,519,456,520,140,1,-1,-1,-1
302,130,2188,382,336,456,1,-1,-1,-1
302,131,952,529,784,492,1,-1,-1,-1
302,132,0,642,248,465,1,-1,-1,-1
302,135,515,456,520,140,1,-1,-1,-1
303,130,2166,376,353,479,1,-1,-1,-1
303,135,510,454,520,140,1,-1,-1,-1
304,130,2151,373,353,479,1,-1,-1,-1
305,130,2144,392,416,452,1,-1,-1,-1
305,136,32,552,916,520,1,-1,-1,-1
305,137,0,644,248,464,1,-1,-1,-1
305,138,892,520,856,504,1,-1,-1,-1
305,139,0,496,324,152,1,-1,-1,-1
305,140,508,452,524,148,1,-1,-1,-1
305,141,480,460,552,576,1,-1,-1,-1
306,130,2139,393,416,452,1,-1,-1,-1
306,136,28,558,916,520,1,-1,-1,-1
306,137,0,644,239,464,1,-1,-1,-1
306,138,890,523,856,504,1,-1,-1,-1
306,139,0,495,323,152,1,-1,-1,-1
306,140,507,453,524,148,1,-1,-1,-1
306,141,478,458,552,576,1,-1,-1,-1
307,130,2146,392,414,452,1,-1,-1,-1
307,136,33,573,872,495,1,-1,-1,-1
307,137,0,638,235,464,1,-1,-1,-1
307,138,888,520,856,504,1,-1,-1,-1
307,139,0,494,324,152,1,-1,-1,-1
307,140,513,454,524,148,1,-1,-1,-1
307,141,487,462,552,576,1,-1,-1,-1
308,130,2152,393,408,452,1,-1,-1,-1
308,138,872,504,899,529,1,-1,-1,-1
308,139,10,493,324,152,1,-1,-1,-1
308,141,497,460,552,576,1,-1,-1,-1
309,130,2156,395,404,452,1,-1,-1,-1
309,139,12,493,324,152,1,-1,-1,-1
309,141,507,463,552,576,1,-1,-1,-1
310,130,2138,379,422,475,1,-1,-1,-1
310,141,495,453,580,605,1,-1,-1,-1
311,130,2153,393,407,452,1,-1,-1,-1
312,130,2129,378,431,475,1,-1,-1,-1
313,130,2120,388,440,452,1,-1,-1,-1
313,142,0,552,864,524,1,-1,-1,-1
313,143,944,516,764,496,1,-1,-1,-1
313,144,412,464,720,588,1,-1,-1,-1
313,145,516,456,516,144,1,-1,-1,-1
313,146,0,664,96,464,1,-1,-1,-1
313,147,788,572,344,484,1,-1,-1,-1
314,130,2118,392,440,452,1,-1,-1,-1
314,142,5,561,864,524,1,-1,-1,-1
314,143,952,522,764,496,1,-1,-1,-1
314,145,513,458,516,144,1,-1,-1,-1
314,146,2,666,96,464,1,-1,-1,-1
314,147,792,570,344,484,1,-1,-1,-1
315,130,2121,393,439,452,1,-1,-1,-1
315,142,0,565,858,524,1,-1,-1,-1
315,143,979,535,728,472,1,-1,-1,-1
315,147,809,587,328,461,1,-1,-1,-1
316,130,2122,390,438,452,1,-1,-1,-1
316,142,0,564,848,524,1,-1,-1,-1
316,147,818,587,328,461,1,-1,-1,-1
317,130,2122,391,438,452,1,-1,-1,-1
317,142,0,557,843,524,1,-1,-1,-1
317,147,820,581,328,461,1,-1,-1,-1
318,130,2122,392,438,452,1,-1,-1,-1
318,142,0,570,856,524,1,-1,-1,-1
318,147,828,585,328,461,1,-1,-1,-1
319,130,2120,395,440,452,1,-1,-1,-1
319,147,841,586,328,461,1,-1,-1,-1
320,130,2120,390,440,452,1,-1,-1,-1
320,147,861,581,328,461,1,-1,-1,-1
321,130,2120,408,436,436,1,-1,-1,-1
321,147,861,581,328,461,1,-1,-1,-1
321,148,4,572,856,504,1,-1,-1,-1
321,149,468,492,760,572,1,-1,-1,-1
321,150,964,508,780,516,1,-1,-1,-1
321,151,552,476,484,124,1,-1,-1,-1
322,130,2115,409,436,436,1,-1,-1,-1
322,148,0,578,855,504,1,-1,-1,-1
322,149,463,492,760,572,1,-1,-1,-1
322,150,968,510,780,516,1,-1,-1,-1
322,151,555,477,484,124,1,-1,-1,-1
323,130,2113,410,436,436,1,-1,-1,-1
323,148,0,574,843,504,1,-1,-1,-1
323,149,460,491,760,572,1,-1,-1,-1
323,150,968,511,780,516,1,-1,-1,-1
323,151,557,478,484,124,1,-1,-1,-1
324,130,2117,407,436,436,1,-1,-1,-1
324,148,0,572,848,504,1,-1,-1,-1
324,149,466,491,760,572,1,-1,-1,-1
324,150,973,515,780,516,1,-1,-1,-1
324,151,567,478,484,124,1,-1,-1,-1
325,130,2122,408,436,436,1,-1,-1,-1
325,148,0,566,847,504,1,-1,-1,-1
325,149,467,487,760,572,1,-1,-1,-1
325,151,572,477,484,124,1,-1,-1,-1
