1,0,176,1052,60,28,1,-1,-1,-1
1,1,1752,1012,100,56,1,-1,-1,-1
1,2,928,1040,56,36,1,-1,-1,-1
1,3,60,1048,64,32,1,-1,-1,-1
1,4,340,1048,68,32,1,-1,-1,-1
1,5,1352,1028,80,40,1,-1,-1,-1
1,6,432,1044,64,28,1,-1,-1,-1
1,7,1084,1032,64,40,1,-1,-1,-1
1,8,2388,1004,104,48,1,-1,-1,-1
1,9,1868,1016,108,44,1,-1,-1,-1
1,10,996,1032,72,40,1,-1,-1,-1
2,0,181,1052,60,28,1,-1,-1,-1
2,1,1754,1012,100,56,1,-1,-1,-1
2,2,932,1040,56,36,1,-1,-1,-1
2,3,65,1048,64,32,1,-1,-1,-1
2,4,344,1048,68,32,1,-1,-1,-1
2,5,1355,1028,80,40,1,-1,-1,-1
2,6,436,1044,64,28,1,-1,-1,-1
2,7,1088,1032,64,40,1,-1,-1,-1
2,8,2390,1004,104,48,1,-1,-1,-1
2,9,1872,1017,103,42,1,-1,-1,-1
2,10,1001,1032,72,40,1,-1,-1,-1
3,0,183,1052,60,28,1,-1,-1,-1
3,1,1756,1012,100,56,1,-1,-1,-1
3,2,934,1040,56,36,1,-1,-1,-1
3,3,67,1048,64,32,1,-1,-1,-1
3,4,346,1048,68,32,1,-1,-1,-1
3,5,1357,1028,80,40,1,-1,-1,-1
3,6,437,1044,64,28,1,-1,-1,-1
3,7,1090,1031,64,40,1,-1,-1,-1
3,8,2392,1004,104,48,1,-1,-1,-1
3,9,1873,1017,103,42,1,-1,-1,-1
3,10,1003,1032,72,40,1,-1,-1,-1
4,0,185,1052,60,28,1,-1,-1,-1
4,1,1757,1012,100,56,1,-1,-1,-1
4,2,938,1042,53,34,1,-1,-1,-1
4,3,69,1047,64,32,1,-1,-1,-1
4,4,348,1048,68,32,1,-1,-1,-1
4,5,1358,1028,80,40,1,-1,-1,-1
4,6,439,1044,64,28,1,-1,-1,-1
4,7,1093,1031,64,40,1,-1,-1,-1
4,8,2393,1003,104,48,1,-1,-1,-1
4,9,1874,1017,103,42,1,-1,-1,-1
4,10,1004,1032,72,40,1,-1,-1,-1
5,0,187,1052,60,28,1,-1,-1,-1
5,1,1759,1012,100,56,1,-1,-1,-1
5,2,939,1041,53,34,1,-1,-1,-1
5,3,71,1047,64,32,1,-1,-1,-1
5,4,351,1049,65,30,1,-1,-1,-1
5,5,1359,1027,80,40,1,-1,-1,-1
5,6,441,1043,64,28,1,-1,-1,-1
5,7,1095,1031,64,40,1,-1,-1,-1
5,8,2394,1003,104,48,1,-1,-1,-1
5,9,1876,1017,103,42,1,-1,-1,-1
5,10,1006,1032,72,40,1,-1,-1,-1
6,0,193,1052,60,28,1,-1,-1,-1
6,1,1762,1012,100,56,1,-1,-1,-1
6,2,945,1041,53,34,1,-1,-1,-1
6,3,77,1046,64,32,1,-1,-1,-1
6,4,355,1048,65,30,1,-1,-1,-1
6,5,1364,1026,80,40,1,-1,-1,-1
6,6,446,1043,64,28,1,-1,-1,-1
6,7,1099,1031,64,40,1,-1,-1,-1
6,8,2396,1002,104,48,1,-1,-1,-1
6,9,1879,1017,103,42,1,-1,-1,-1
6,10,1012,1031,72,40,1,-1,-1,-1
7,1,1764,1011,100,56,1,-1,-1,-1
7,2,946,1040,53,34,1,-1,-1,-1
7,3,80,1046,64,32,1,-1,-1,-1
7,4,357,1047,65,30,1,-1,-1,-1
7,5,1364,1025,84,42,1,-1,-1,-1
7,6,448,1043,64,28,1,-1,-1,-1
7,7,1101,1030,64,40,1,-1,-1,-1
7,8,2398,1001,104,48,1,-1,-1,-1
7,9,1881,1017,103,42,1,-1,-1,-1
7,10,1015,1032,69,38,1,-1,-1,-1
8,1,1763,1010,105,59,1,-1,-1,-1
8,2,948,1040,53,34,1,-1,-1,-1
8,3,82,1046,64,32,1,-1,-1,-1
8,5,1365,1024,88,44,1,-1,-1,-1
8,6,450,1043,64,28,1,-1,-1,-1
8,7,1103,1030,64,40,1,-1,-1,-1
8,8,2400,1000,104,48,1,-1,-1,-1
8,9,1882,1017,103,42,1,-1,-1,-1
8,10,1017,1032,69,38,1,-1,-1,-1
9,1,1776,1012,92,52,1,-1,-1,-1
9,2,944,1036,60,36,1,-1,-1,-1
9,3,84,1048,68,32,1,-1,-1,-1
9,5,1368,1024,84,40,1,-1,-1,-1
9,6,452,1044,64,28,1,-1,-1,-1
9,7,1103,1030,64,40,1,-1,-1,-1
9,8,2404,1000,112,52,1,-1,-1,-1
9,9,1888,1016,92,44,1,-1,-1,-1
9,10,1017,1032,69,38,1,-1,-1,-1
9,11,200,1048,60,28,1,-1,-1,-1
9,12,2272,1004,96,48,1,-1,-1,-1
9,13,364,1044,64,32,1,-1,-1,-1
9,14,2092,1012,68,44,1,-1,-1,-1
10,1,1779,1012,92,52,1,-1,-1,-1
10,2,948,1036,60,36,1,-1,-1,-1
10,3,90,1048,68,32,1,-1,-1,-1
10,5,1372,1024,84,40,1,-1,-1,-1
10,6,457,1044,64,28,1,-1,-1,-1
10,7,1110,1029,64,40,1,-1,-1,-1
10,8,2407,1000,112,52,1,-1,-1,-1
10,9,1891,1016,92,44,1,-1,-1,-1
10,10,1024,1031,69,38,1,-1,-1,-1
10,11,206,1048,60,28,1,-1,-1,-1
10,12,2275,1003,96,48,1,-1,-1,-1
10,13,369,1044,64,32,1,-1,-1,-1
10,14,2095,1011,68,44,1,-1,-1,-1
11,1,1781,1012,92,52,1,-1,-1,-1
11,2,950,1036,60,36,1,-1,-1,-1
11,3,91,1048,68,32,1,-1,-1,-1
11,5,1374,1024,84,40,1,-1,-1,-1
11,6,458,1044,64,28,1,-1,-1,-1
11,7,1112,1028,64,40,1,-1,-1,-1
11,8,2410,999,112,52,1,-1,-1,-1
11,9,1893,1015,92,44,1,-1,-1,-1
11,10,1027,1031,69,38,1,-1,-1,-1
11,11,208,1047,60,28,1,-1,-1,-1
11,12,2276,1002,96,48,1,-1,-1,-1
11,13,371,1044,64,32,1,-1,-1,-1
11,14,2096,1011,68,44,1,-1,-1,-1
12,1,1782,1012,92,52,1,-1,-1,-1
12,2,952,1036,60,36,1,-1,-1,-1
12,3,92,1047,71,34,1,-1,-1,-1
12,5,1376,1024,84,40,1,-1,-1,-1
12,6,461,1044,64,28,1,-1,-1,-1
12,7,1115,1028,64,40,1,-1,-1,-1
12,8,2412,999,112,52,1,-1,-1,-1
12,9,1894,1014,92,44,1,-1,-1,-1
12,10,1030,1031,69,38,1,-1,-1,-1
12,11,210,1047,60,28,1,-1,-1,-1
12,12,2277,1002,96,48,1,-1,-1,-1
12,13,373,1044,64,32,1,-1,-1,-1
12,14,2099,1012,65,42,1,-1,-1,-1
13,1,1784,1012,92,52,1,-1,-1,-1
13,2,954,1036,60,36,1,-1,-1,-1
13,3,94,1046,71,34,1,-1,-1,-1
13,5,1378,1023,84,40,1,-1,-1,-1
13,6,464,1044,64,28,1,-1,-1,-1
13,7,1117,1028,64,40,1,-1,-1,-1
13,8,2414,999,112,52,1,-1,-1,-1
13,9,1895,1014,92,44,1,-1,-1,-1
13,10,1031,1030,69,38,1,-1,-1,-1
13,11,212,1047,60,28,1,-1,-1,-1
13,12,2279,1001,96,48,1,-1,-1,-1
13,13,376,1044,64,32,1,-1,-1,-1
13,14,2099,1012,65,42,1,-1,-1,-1
14,1,1788,1011,92,52,1,-1,-1,-1
14,2,959,1035,60,36,1,-1,-1,-1
14,3,102,1046,68,32,1,-1,-1,-1
14,5,1382,1022,84,40,1,-1,-1,-1
14,6,469,1044,64,28,1,-1,-1,-1
14,7,1121,1026,67,42,1,-1,-1,-1
14,8,2418,999,112,52,1,-1,-1,-1
14,9,1899,1013,92,44,1,-1,-1,-1
14,10,1036,1029,69,38,1,-1,-1,-1
14,11,217,1046,60,28,1,-1,-1,-1
14,12,2279,999,101,50,1,-1,-1,-1
14,13,380,1043,64,32,1,-1,-1,-1
14,14,2103,1012,65,42,1,-1,-1,-1
15,1,1791,1010,92,52,1,-1,-1,-1
15,2,961,1034,60,36,1,-1,-1,-1
15,3,104,1046,68,32,1,-1,-1,-1
15,5,1384,1021,84,40,1,-1,-1,-1
15,6,470,1043,64,28,1,-1,-1,-1
15,7,1124,1027,64,40,1,-1,-1,-1
15,8,2420,999,112,52,1,-1,-1,-1
15,9,1901,1013,92,44,1,-1,-1,-1
15,10,1038,1028,69,38,1,-1,-1,-1
15,11,219,1045,60,28,1,-1,-1,-1
15,12,2281,998,101,50,1,-1,-1,-1
15,13,382,1043,64,32,1,-1,-1,-1
15,14,2104,1011,65,42,1,-1,-1,-1
16,1,1791,1009,92,52,1,-1,-1,-1
16,2,964,1034,60,36,1,-1,-1,-1
16,3,106,1045,68,32,1,-1,-1,-1
16,5,1386,1021,84,40,1,-1,-1,-1
16,6,472,1042,64,28,1,-1,-1,-1
16,7,1127,1027,64,40,1,-1,-1,-1
16,8,2422,999,112,52,1,-1,-1,-1
16,9,1903,1012,92,44,1,-1,-1,-1
16,10,1040,1028,69,38,1,-1,-1,-1
16,11,223,1045,60,28,1,-1,-1,-1
16,12,2285,999,96,48,1,-1,-1,-1
16,13,384,1043,64,32,1,-1,-1,-1
16,14,2105,1010,65,42,1,-1,-1,-1
17,1,1791,1009,92,52,1,-1,-1,-1
17,2,968,1036,56,32,1,-1,-1,-1
17,3,112,1044,64,32,1,-1,-1,-1
17,5,1384,1016,92,44,1,-1,-1,-1
17,6,472,1040,68,32,1,-1,-1,-1
17,7,1116,1024,72,40,1,-1,-1,-1
17,8,2424,996,112,44,1,-1,-1,-1
17,9,1900,1012,96,44,1,-1,-1,-1
17,10,1040,1028,69,38,1,-1,-1,-1
17,11,224,1044,60,32,1,-1,-1,-1
17,12,2280,1000,104,44,1,-1,-1,-1
17,13,388,1040,64,28,1,-1,-1,-1
17,14,2105,1010,65,42,1,-1,-1,-1
17,15,2060,1004,108,44,1,-1,-1,-1
17,16,1788,1008,56,44,1,-1,-1,-1
18,2,973,1035,56,32,1,-1,-1,-1
18,3,117,1043,64,32,1,-1,-1,-1
18,5,1387,1016,92,44,1,-1,-1,-1
18,6,476,1039,68,32,1,-1,-1,-1
18,7,1121,1023,72,40,1,-1,-1,-1
18,8,2427,995,112,44,1,-1,-1,-1
18,9,1903,1012,96,44,1,-1,-1,-1
18,10,1048,1027,69,38,1,-1,-1,-1
18,11,229,1044,60,32,1,-1,-1,-1
18,12,2282,999,104,44,1,-1,-1,-1
18,13,393,1039,64,28,1,-1,-1,-1
18,14,2109,1009,65,42,1,-1,-1,-1
18,15,2062,1004,108,44,1,-1,-1,-1
18,16,1790,1007,56,44,1,-1,-1,-1
19,2,975,1035,56,32,1,-1,-1,-1
19,3,120,1043,64,32,1,-1,-1,-1
19,5,1390,1015,92,44,1,-1,-1,-1
19,6,476,1038,71,34,1,-1,-1,-1
19,7,1123,1023,72,40,1,-1,-1,-1
19,8,2428,995,112,44,1,-1,-1,-1
19,9,1905,1012,96,44,1,-1,-1,-1
19,10,1051,1027,69,38,1,-1,-1,-1
19,11,232,1044,60,32,1,-1,-1,-1
19,12,2284,999,104,44,1,-1,-1,-1
19,13,396,1038,64,28,1,-1,-1,-1
19,14,2110,1009,65,42,1,-1,-1,-1
19,15,2064,1003,108,44,1,-1,-1,-1
19,16,1792,1007,56,44,1,-1,-1,-1
20,2,977,1034,56,32,1,-1,-1,-1
20,3,123,1043,64,32,1,-1,-1,-1
20,5,1391,1015,92,44,1,-1,-1,-1
20,6,478,1038,71,34,1,-1,-1,-1
20,7,1125,1022,72,40,1,-1,-1,-1
20,8,2430,994,112,44,1,-1,-1,-1
20,9,1907,1011,96,44,1,-1,-1,-1
20,10,1053,1027,69,38,1,-1,-1,-1
20,11,234,1043,60,32,1,-1,-1,-1
20,12,2286,999,104,44,1,-1,-1,-1
20,13,398,1038,64,28,1,-1,-1,-1
20,14,2112,1009,65,42,1,-1,-1,-1
20,15,2065,1003,108,44,1,-1,-1,-1
20,16,1794,1007,56,44,1,-1,-1,-1
21,2,978,1034,56,32,1,-1,-1,-1
21,3,125,1043,64,32,1,-1,-1,-1
21,5,1392,1015,92,44,1,-1,-1,-1
21,6,480,1038,71,34,1,-1,-1,-1
21,7,1127,1022,72,40,1,-1,-1,-1
21,8,2432,993,112,44,1,-1,-1,-1
21,9,1909,1011,96,44,1,-1,-1,-1
21,10,1054,1027,69,38,1,-1,-1,-1
21,11,236,1043,60,32,1,-1,-1,-1
21,12,2287,998,104,44,1,-1,-1,-1
21,13,400,1038,64,28,1,-1,-1,-1
21,14,2112,1008,65,42,1,-1,-1,-1
21,15,2066,1003,108,44,1,-1,-1,-1
21,16,1794,1007,56,44,1,-1,-1,-1
22,2,983,1034,56,32,1,-1,-1,-1
22,3,131,1042,64,32,1,-1,-1,-1
22,5,1397,1014,92,44,1,-1,-1,-1
22,6,485,1038,71,34,1,-1,-1,-1
22,7,1134,1021,72,40,1,-1,-1,-1
22,8,2437,992,112,44,1,-1,-1,-1
22,9,1912,1010,96,44,1,-1,-1,-1
22,10,1061,1026,69,38,1,-1,-1,-1
22,11,242,1043,60,32,1,-1,-1,-1
22,12,2290,997,104,44,1,-1,-1,-1
22,13,406,1037,64,28,1,-1,-1,-1
22,14,2116,1008,65,42,1,-1,-1,-1
22,15,2065,1001,113,46,1,-1,-1,-1
22,16,1797,1006,56,44,1,-1,-1,-1
23,2,987,1033,56,32,1,-1,-1,-1
23,3,134,1042,64,32,1,-1,-1,-1
23,5,1399,1013,92,44,1,-1,-1,-1
23,6,487,1037,71,34,1,-1,-1,-1
23,7,1135,1021,72,40,1,-1,-1,-1
23,8,2439,991,112,44,1,-1,-1,-1
23,9,1914,1009,96,44,1,-1,-1,-1
23,10,1063,1025,69,38,1,-1,-1,-1
23,12,2292,997,104,44,1,-1,-1,-1
23,13,408,1036,64,28,1,-1,-1,-1
23,14,2117,1007,65,42,1,-1,-1,-1
23,15,2067,1000,113,46,1,-1,-1,-1
23,16,1798,1005,56,44,1,-1,-1,-1
24,2,989,1032,56,32,1,-1,-1,-1
24,3,138,1040,64,32,1,-1,-1,-1
24,5,1401,1013,92,44,1,-1,-1,-1
24,6,492,1036,71,34,1,-1,-1,-1
24,7,1139,1020,72,40,1,-1,-1,-1
24,8,2441,991,112,44,1,-1,-1,-1
24,9,1916,1009,96,44,1,-1,-1,-1
24,12,2293,996,104,44,1,-1,-1,-1
24,13,412,1036,64,28,1,-1,-1,-1
24,14,2118,1005,65,42,1,-1,-1,-1
24,15,2068,999,113,46,1,-1,-1,-1
24,16,1801,1004,56,44,1,-1,-1,-1
25,2,988,1028,60,32,1,-1,-1,-1
25,3,140,1040,68,28,1,-1,-1,-1
25,5,1404,1016,84,40,1,-1,-1,-1
25,6,496,1036,68,28,1,-1,-1,-1
25,7,1139,1020,72,40,1,-1,-1,-1
25,8,2444,988,104,48,1,-1,-1,-1
25,9,1920,1004,100,48,1,-1,-1,-1
25,12,2312,996,88,48,1,-1,-1,-1
25,13,416,1036,64,32,1,-1,-1,-1
25,14,2118,1005,65,42,1,-1,-1,-1
25,15,2072,996,116,44,1,-1,-1,-1
25,16,1801,1004,56,44,1,-1,-1,-1
25,17,252,1040,64,32,1,-1,-1,-1
25,18,1804,1004,92,52,1,-1,-1,-1
25,19,2236,1000,64,40,1,-1,-1,-1
26,2,994,1028,60,32,1,-1,-1,-1
26,3,146,1040,68,28,1,-1,-1,-1
26,5,1412,1016,84,40,1,-1,-1,-1
26,6,502,1036,68,28,1,-1,-1,-1
26,7,1148,1019,69,38,1,-1,-1,-1
26,8,2448,988,104,48,1,-1,-1,-1
26,9,1928,1005,100,48,1,-1,-1,-1
26,12,2317,995,88,48,1,-1,-1,-1
26,13,422,1036,64,32,1,-1,-1,-1
26,14,2123,1005,65,42,1,-1,-1,-1
26,15,2075,996,116,44,1,-1,-1,-1
26,16,1808,1002,56,44,1,-1,-1,-1
26,17,258,1040,64,32,1,-1,-1,-1
26,18,1807,1003,92,52,1,-1,-1,-1
26,19,2241,1000,64,40,1,-1,-1,-1
27,2,996,1028,60,32,1,-1,-1,-1
27,3,148,1039,68,28,1,-1,-1,-1
27,5,1412,1016,84,40,1,-1,-1,-1
27,6,504,1036,68,28,1,-1,-1,-1
27,7,1149,1019,69,38,1,-1,-1,-1
27,8,2450,987,104,48,1,-1,-1,-1
27,9,1927,1004,100,48,1,-1,-1,-1
27,12,2318,995,88,48,1,-1,-1,-1
27,13,424,1036,64,32,1,-1,-1,-1
27,14,2124,1004,65,42,1,-1,-1,-1
27,15,2077,996,116,44,1,-1,-1,-1
27,16,1810,1002,56,44,1,-1,-1,-1
27,17,260,1039,64,32,1,-1,-1,-1
27,18,1809,1003,92,52,1,-1,-1,-1
27,19,2243,1000,64,40,1,-1,-1,-1
28,2,998,1027,60,32,1,-1,-1,-1
28,3,152,1039,68,28,1,-1,-1,-1
28,5,1413,1015,84,40,1,-1,-1,-1
28,6,507,1036,65,27,1,-1,-1,-1
28,7,1152,1017,72,40,1,-1,-1,-1
28,8,2455,988,99,46,1,-1,-1,-1
28,9,1928,1004,100,48,1,-1,-1,-1
28,12,2319,995,88,48,1,-1,-1,-1
28,13,427,1035,67,34,1,-1,-1,-1
28,14,2125,1004,65,42,1,-1,-1,-1
28,15,2079,997,116,44,1,-1,-1,-1
28,16,1813,1001,56,44,1,-1,-1,-1
28,17,264,1038,64,32,1,-1,-1,-1
28,18,1811,1003,92,52,1,-1,-1,-1
28,19,2245,1000,64,40,1,-1,-1,-1
29,2,999,1027,60,32,1,-1,-1,-1
29,3,154,1039,68,28,1,-1,-1,-1
29,5,1414,1015,84,40,1,-1,-1,-1
29,6,509,1036,65,27,1,-1,-1,-1
29,7,1153,1017,72,40,1,-1,-1,-1
29,8,2456,988,99,46,1,-1,-1,-1
29,9,1929,1003,100,48,1,-1,-1,-1
29,12,2319,994,88,48,1,-1,-1,-1
29,13,428,1034,67,34,1,-1,-1,-1
29,14,2127,1003,65,42,1,-1,-1,-1
29,15,2080,998,116,44,1,-1,-1,-1
29,16,1815,1001,56,44,1,-1,-1,-1
29,17,265,1038,64,32,1,-1,-1,-1
29,18,1813,1003,92,52,1,-1,-1,-1
29,19,2247,999,64,40,1,-1,-1,-1
30,2,1005,1027,60,32,1,-1,-1,-1
30,3,158,1038,71,29,1,-1,-1,-1
30,5,1419,1014,84,40,1,-1,-1,-1
30,6,513,1034,68,28,1,-1,-1,-1
30,7,1159,1017,72,40,1,-1,-1,-1
30,9,1935,1004,95,46,1,-1,-1,-1
30,12,2322,993,88,48,1,-1,-1,-1
30,13,434,1033,67,34,1,-1,-1,-1
30,14,2130,1002,65,42,1,-1,-1,-1
30,16,1819,1001,56,44,1,-1,-1,-1
30,17,271,1038,64,32,1,-1,-1,-1
30,18,1818,1003,92,52,1,-1,-1,-1
30,19,2251,998,64,40,1,-1,-1,-1
31,2,1006,1026,60,32,1,-1,-1,-1
31,3,160,1037,71,29,1,-1,-1,-1
31,5,1421,1013,84,40,1,-1,-1,-1
31,6,514,1033,68,28,1,-1,-1,-1
31,7,1161,1016,72,40,1,-1,-1,-1
31,9,1938,1004,95,46,1,-1,-1,-1
31,12,2324,993,88,48,1,-1,-1,-1
31,13,436,1033,67,34,1,-1,-1,-1
31,14,2131,1001,65,42,1,-1,-1,-1
31,16,1820,1001,56,44,1,-1,-1,-1
31,17,274,1037,64,32,1,-1,-1,-1
31,18,1819,1002,92,52,1,-1,-1,-1
31,19,2252,998,64,40,1,-1,-1,-1
32,2,1008,1025,60,32,1,-1,-1,-1
32,3,163,1036,71,29,1,-1,-1,-1
32,5,1423,1012,84,40,1,-1,-1,-1
32,6,517,1033,68,28,1,-1,-1,-1
32,7,1163,1016,72,40,1,-1,-1,-1
32,9,1939,1003,95,46,1,-1,-1,-1
32,12,2327,993,88,48,1,-1,-1,-1
32,13,439,1032,64,32,1,-1,-1,-1
32,14,2133,1001,65,42,1,-1,-1,-1
32,16,1822,1000,56,44,1,-1,-1,-1
32,17,277,1038,61,30,1,-1,-1,-1
32,18,1820,1002,92,52,1,-1,-1,-1
32,19,2255,998,61,38,1,-1,-1,-1
33,2,1012,1028,56,32,1,-1,-1,-1
33,3,168,1036,64,32,1,-1,-1,-1
33,5,1424,1012,88,40,1,-1,-1,-1
33,6,520,1032,68,28,1,-1,-1,-1
33,7,1172,1016,72,40,1,-1,-1,-1
33,9,1948,1004,88,44,1,-1,-1,-1
33,12,2327,993,88,48,1,-1,-1,-1
33,13,440,1032,60,28,1,-1,-1,-1
33,14,2133,1001,65,42,1,-1,-1,-1
33,16,1822,1000,56,44,1,-1,-1,-1
33,17,272,1036,68,32,1,-1,-1,-1
33,18,1820,1000,96,48,1,-1,-1,-1
33,19,2256,996,56,40,1,-1,-1,-1
33,20,2088,992,120,48,1,-1,-1,-1
33,21,2464,988,96,44,1,-1,-1,-1
34,2,1017,1028,56,32,1,-1,-1,-1
34,3,174,1036,64,32,1,-1,-1,-1
34,5,1430,1011,88,40,1,-1,-1,-1
34,6,526,1032,68,28,1,-1,-1,-1
34,7,1178,1015,72,40,1,-1,-1,-1
34,9,1953,1003,88,44,1,-1,-1,-1
34,12,2330,992,92,50,1,-1,-1,-1
34,13,446,1031,60,28,1,-1,-1,-1
34,14,2139,1000,65,42,1,-1,-1,-1
34,16,1828,999,56,44,1,-1,-1,-1
34,17,278,1036,68,32,1,-1,-1,-1
34,18,1825,1000,96,48,1,-1,-1,-1
34,19,2261,995,56,40,1,-1,-1,-1
34,20,2091,992,120,48,1,-1,-1,-1
34,21,2470,987,90,44,1,-1,-1,-1
35,2,1020,1028,56,32,1,-1,-1,-1
35,3,179,1036,64,32,1,-1,-1,-1
35,5,1432,1011,88,40,1,-1,-1,-1
35,6,529,1032,65,27,1,-1,-1,-1
35,7,1181,1015,72,40,1,-1,-1,-1
35,9,1956,1003,88,44,1,-1,-1,-1
35,12,2331,990,92,50,1,-1,-1,-1
35,13,450,1031,60,28,1,-1,-1,-1
35,14,2141,999,65,42,1,-1,-1,-1
35,16,1831,998,56,44,1,-1,-1,-1
35,17,280,1036,68,32,1,-1,-1,-1
35,18,1827,999,96,48,1,-1,-1,-1
35,19,2264,995,56,40,1,-1,-1,-1
35,20,2094,991,120,48,1,-1,-1,-1
35,21,2473,988,87,42,1,-1,-1,-1
36,2,1024,1027,56,32,1,-1,-1,-1
36,3,183,1035,64,32,1,-1,-1,-1
36,5,1436,1012,84,38,1,-1,-1,-1
36,6,534,1031,68,28,1,-1,-1,-1
36,7,1183,1015,72,40,1,-1,-1,-1
36,9,1958,1002,88,44,1,-1,-1,-1
36,13,454,1030,60,28,1,-1,-1,-1
36,14,2143,998,65,42,1,-1,-1,-1
36,16,1834,997,56,44,1,-1,-1,-1
36,17,286,1035,68,32,1,-1,-1,-1
36,18,1829,999,96,48,1,-1,-1,-1
36,19,2266,994,56,40,1,-1,-1,-1
36,20,2096,991,120,48,1,-1,-1,-1
36,21,2475,987,85,42,1,-1,-1,-1
37,2,1025,1027,56,32,1,-1,-1,-1
37,3,186,1036,61,30,1,-1,-1,-1
37,5,1439,1012,84,38,1,-1,-1,-1
37,6,536,1032,65,27,1,-1,-1,-1
37,7,1187,1015,72,40,1,-1,-1,-1
37,9,1959,1002,88,44,1,-1,-1,-1
37,13,455,1030,60,28,1,-1,-1,-1
37,14,2145,998,65,42,1,-1,-1,-1
37,16,1836,997,56,44,1,-1,-1,-1
37,17,287,1035,68,32,1,-1,-1,-1
37,18,1832,999,96,48,1,-1,-1,-1
37,19,2270,994,56,40,1,-1,-1,-1
37,20,2099,990,120,48,1,-1,-1,-1
37,21,2477,987,83,42,1,-1,-1,-1
38,2,1031,1026,56,32,1,-1,-1,-1
38,3,192,1035,61,30,1,-1,-1,-1
38,5,1444,1011,84,38,1,-1,-1,-1
38,6,542,1031,65,27,1,-1,-1,-1
38,7,1191,1014,76,42,1,-1,-1,-1
38,9,1963,1000,88,44,1,-1,-1,-1
38,13,462,1030,60,28,1,-1,-1,-1
38,14,2147,997,65,42,1,-1,-1,-1
38,16,1840,996,56,44,1,-1,-1,-1
38,17,294,1034,68,32,1,-1,-1,-1
38,18,1838,998,96,48,1,-1,-1,-1
38,19,2274,993,56,40,1,-1,-1,-1
38,20,2102,990,120,48,1,-1,-1,-1
39,2,1033,1026,56,32,1,-1,-1,-1
39,3,195,1034,61,30,1,-1,-1,-1
39,5,1446,1010,84,38,1,-1,-1,-1
39,6,543,1031,65,27,1,-1,-1,-1
39,7,1193,1013,76,42,1,-1,-1,-1
39,9,1965,999,88,44,1,-1,-1,-1
39,13,465,1029,60,28,1,-1,-1,-1
39,14,2149,996,65,42,1,-1,-1,-1
39,16,1842,996,56,44,1,-1,-1,-1
39,17,297,1034,65,30,1,-1,-1,-1
39,18,1840,997,96,48,1,-1,-1,-1
39,19,2275,992,56,40,1,-1,-1,-1
39,20,2104,990,120,48,1,-1,-1,-1
40,2,1035,1025,56,32,1,-1,-1,-1
40,3,197,1033,61,30,1,-1,-1,-1
40,5,1448,1010,84,38,1,-1,-1,-1
40,9,1967,999,88,44,1,-1,-1,-1
40,13,467,1028,60,28,1,-1,-1,-1
40,14,2150,996,65,42,1,-1,-1,-1
40,16,1844,995,56,44,1,-1,-1,-1
40,18,1841,997,96,48,1,-1,-1,-1
40,20,2106,989,120,48,1,-1,-1,-1
41,2,1036,1024,56,32,1,-1,-1,-1
41,3,196,1036,64,28,1,-1,-1,-1
41,5,1456,1004,84,44,1,-1,-1,-1
41,9,1956,996,104,48,1,-1,-1,-1
41,13,468,1028,60,28,1,-1,-1,-1
41,14,2150,996,65,42,1,-1,-1,-1
41,16,1844,992,96,48,1,-1,-1,-1
41,18,1841,997,96,48,1,-1,-1,-1
41,20,2108,988,116,48,1,-1,-1,-1
41,22,2488,980,72,48,1,-1,-1,-1
41,23,304,1032,68,32,1,-1,-1,-1
41,24,1196,1012,68,40,1,-1,-1,-1
41,25,1748,1000,88,44,1,-1,-1,-1
42,2,1041,1023,56,32,1,-1,-1,-1
42,3,203,1036,61,27,1,-1,-1,-1
42,5,1460,1002,88,46,1,-1,-1,-1
42,9,1959,996,104,48,1,-1,-1,-1
42,13,474,1027,60,28,1,-1,-1,-1
42,14,2155,995,68,44,1,-1,-1,-1
42,16,1848,991,96,48,1,-1,-1,-1
42,18,1848,996,96,48,1,-1,-1,-1
42,20,2111,988,116,48,1,-1,-1,-1
42,22,2493,980,67,48,1,-1,-1,-1
42,23,310,1031,68,32,1,-1,-1,-1
42,24,1202,1011,68,40,1,-1,-1,-1
42,25,1752,999,88,44,1,-1,-1,-1
43,2,1045,1023,56,32,1,-1,-1,-1
43,3,208,1036,61,27,1,-1,-1,-1
43,5,1462,1001,88,46,1,-1,-1,-1
43,9,1962,996,104,48,1,-1,-1,-1
43,13,477,1027,60,28,1,-1,-1,-1
43,14,2157,995,68,44,1,-1,-1,-1
43,16,1851,991,96,48,1,-1,-1,-1
43,18,1850,995,96,48,1,-1,-1,-1
43,20,2115,988,110,46,1,-1,-1,-1
43,22,2495,979,65,48,1,-1,-1,-1
43,23,311,1031,71,34,1,-1,-1,-1
43,24,1205,1011,68,40,1,-1,-1,-1
43,25,1755,999,88,44,1,-1,-1,-1
44,2,1048,1022,56,32,1,-1,-1,-1
44,3,211,1036,58,25,1,-1,-1,-1
44,5,1466,1002,84,44,1,-1,-1,-1
44,9,1964,995,104,48,1,-1,-1,-1
44,13,480,1027,60,28,1,-1,-1,-1
44,14,2159,994,68,44,1,-1,-1,-1
44,16,1853,991,96,48,1,-1,-1,-1
44,18,1852,994,96,48,1,-1,-1,-1
44,20,2117,987,110,46,1,-1,-1,-1
44,22,2497,979,63,48,1,-1,-1,-1
44,23,315,1031,71,34,1,-1,-1,-1
44,24,1209,1011,68,40,1,-1,-1,-1
44,25,1757,999,88,44,1,-1,-1,-1
45,2,1050,1022,56,32,1,-1,-1,-1
45,3,215,1036,58,25,1,-1,-1,-1
45,5,1468,1002,84,44,1,-1,-1,-1
45,9,1967,995,104,48,1,-1,-1,-1
45,13,483,1026,60,28,1,-1,-1,-1
45,14,2159,994,68,44,1,-1,-1,-1
45,16,1855,991,96,48,1,-1,-1,-1
45,18,1854,994,96,48,1,-1,-1,-1
45,20,2121,988,105,44,1,-1,-1,-1
45,22,2499,979,61,48,1,-1,-1,-1
45,23,317,1031,71,34,1,-1,-1,-1
45,24,1212,1011,68,40,1,-1,-1,-1
45,25,1760,999,88,44,1,-1,-1,-1
46,2,1055,1022,56,32,1,-1,-1,-1
46,3,219,1036,58,25,1,-1,-1,-1
46,5,1473,1002,84,44,1,-1,-1,-1
46,9,1970,995,104,48,1,-1,-1,-1
46,13,490,1026,60,28,1,-1,-1,-1
46,14,2164,993,68,44,1,-1,-1,-1
46,16,1862,991,91,46,1,-1,-1,-1
46,18,1858,993,96,48,1,-1,-1,-1
46,20,2123,988,105,44,1,-1,-1,-1
46,22,2503,979,57,48,1,-1,-1,-1
46,23,324,1031,71,34,1,-1,-1,-1
46,24,1217,1010,68,40,1,-1,-1,-1
46,25,1764,999,88,44,1,-1,-1,-1
47,2,1056,1022,56,32,1,-1,-1,-1
47,3,222,1036,58,25,1,-1,-1,-1
47,5,1474,1002,84,44,1,-1,-1,-1
47,9,1972,995,104,48,1,-1,-1,-1
47,13,491,1026,60,28,1,-1,-1,-1
47,14,2165,993,68,44,1,-1,-1,-1
47,16,1863,990,91,46,1,-1,-1,-1
47,18,1859,993,96,48,1,-1,-1,-1
47,20,2125,987,105,44,1,-1,-1,-1
47,22,2504,978,56,48,1,-1,-1,-1
47,23,325,1031,71,34,1,-1,-1,-1
47,24,1219,1010,68,40,1,-1,-1,-1
47,25,1765,998,88,44,1,-1,-1,-1
48,2,1059,1021,59,34,1,-1,-1,-1
48,5,1476,1002,84,44,1,-1,-1,-1
48,9,1973,995,104,48,1,-1,-1,-1
48,13,494,1025,60,28,1,-1,-1,-1
48,14,2166,993,68,44,1,-1,-1,-1
48,16,1864,990,91,46,1,-1,-1,-1
48,18,1860,993,96,48,1,-1,-1,-1
48,20,2126,987,105,44,1,-1,-1,-1
48,22,2507,979,53,46,1,-1,-1,-1
48,23,327,1031,71,34,1,-1,-1,-1
48,24,1221,1010,68,40,1,-1,-1,-1
48,25,1767,997,88,44,1,-1,-1,-1
49,2,1060,1016,64,32,1,-1,-1,-1
49,5,1476,1004,92,44,1,-1,-1,-1
49,9,1980,992,104,44,1,-1,-1,-1
49,13,494,1025,60,28,1,-1,-1,-1
49,14,2166,993,68,44,1,-1,-1,-1
49,16,1864,992,96,44,1,-1,-1,-1
49,18,1860,993,96,48,1,-1,-1,-1
49,20,2120,988,76,48,1,-1,-1,-1
49,22,2504,976,52,52,1,-1,-1,-1
49,23,332,1032,68,28,1,-1,-1,-1
49,24,1224,1008,68,36,1,-1,-1,-1
49,25,1784,1000,68,40,1,-1,-1,-1
49,26,228,1028,64,32,1,-1,-1,-1
49,27,2300,984,64,48,1,-1,-1,-1
50,2,1065,1016,64,32,1,-1,-1,-1
50,5,1482,1004,92,44,1,-1,-1,-1
50,9,1984,992,104,44,1,-1,-1,-1
50,13,502,1025,60,28,1,-1,-1,-1
50,14,2169,992,68,44,1,-1,-1,-1
50,16,1868,991,96,44,1,-1,-1,-1
50,20,2124,988,76,48,1,-1,-1,-1
50,22,2509,976,51,52,1,-1,-1,-1
50,23,338,1032,68,28,1,-1,-1,-1
50,24,1229,1008,68,36,1,-1,-1,-1
50,25,1789,999,68,40,1,-1,-1,-1
50,26,234,1028,64,32,1,-1,-1,-1
50,27,2305,984,64,48,1,-1,-1,-1
51,2,1068,1016,64,32,1,-1,-1,-1
51,5,1485,1005,88,42,1,-1,-1,-1
51,9,1986,991,104,44,1,-1,-1,-1
51,13,505,1025,60,28,1,-1,-1,-1
51,14,2170,992,68,44,1,-1,-1,-1
51,16,1870,992,96,44,1,-1,-1,-1
51,20,2126,988,76,48,1,-1,-1,-1
51,22,2511,976,49,52,1,-1,-1,-1
51,23,341,1032,68,28,1,-1,-1,-1
51,24,1232,1008,68,36,1,-1,-1,-1
51,25,1790,1000,68,40,1,-1,-1,-1
51,26,237,1028,64,32,1,-1,-1,-1
51,27,2307,985,64,48,1,-1,-1,-1
52,2,1069,1016,64,32,1,-1,-1,-1
52,5,1487,1005,88,42,1,-1,-1,-1
52,9,1988,991,104,44,1,-1,-1,-1
52,13,507,1025,60,28,1,-1,-1,-1
52,14,2171,992,68,44,1,-1,-1,-1
52,16,1872,991,96,44,1,-1,-1,-1
52,20,2128,988,76,48,1,-1,-1,-1
52,22,2513,976,47,52,1,-1,-1,-1
52,23,340,1031,71,29,1,-1,-1,-1
52,24,1235,1007,68,36,1,-1,-1,-1
52,25,1794,1000,68,40,1,-1,-1,-1
52,26,239,1028,64,32,1,-1,-1,-1
52,27,2309,984,64,48,1,-1,-1,-1
53,2,1073,1016,64,32,1,-1,-1,-1
53,9,1990,991,104,44,1,-1,-1,-1
53,13,511,1025,60,28,1,-1,-1,-1
53,14,2173,991,68,44,1,-1,-1,-1
53,16,1874,991,96,44,1,-1,-1,-1
53,20,2129,988,76,48,1,-1,-1,-1
53,22,2516,976,44,52,1,-1,-1,-1
53,23,344,1031,71,29,1,-1,-1,-1
53,24,1235,1007,71,38,1,-1,-1,-1
53,25,1796,999,68,40,1,-1,-1,-1
53,26,241,1028,64,32,1,-1,-1,-1
54,2,1074,1015,67,34,1,-1,-1,-1
54,9,1992,990,104,44,1,-1,-1,-1
54,13,516,1025,60,28,1,-1,-1,-1
54,14,2175,991,68,44,1,-1,-1,-1
54,16,1878,992,91,42,1,-1,-1,-1
54,20,2130,987,76,48,1,-1,-1,-1
54,22,2520,977,40,52,1,-1,-1,-1
54,23,349,1031,71,29,1,-1,-1,-1
54,24,1241,1007,71,38,1,-1,-1,-1
54,25,1800,999,68,40,1,-1,-1,-1
54,26,246,1027,64,32,1,-1,-1,-1
55,2,1076,1015,67,34,1,-1,-1,-1
55,9,1993,990,104,44,1,-1,-1,-1
55,13,517,1024,60,28,1,-1,-1,-1
55,14,2176,993,65,42,1,-1,-1,-1
55,16,1879,991,96,44,1,-1,-1,-1
55,20,2131,987,76,48,1,-1,-1,-1
55,23,350,1030,71,29,1,-1,-1,-1
55,24,1242,1007,71,38,1,-1,-1,-1
55,25,1800,999,68,40,1,-1,-1,-1
55,26,248,1028,64,32,1,-1,-1,-1
56,2,1077,1015,67,34,1,-1,-1,-1
56,9,1994,990,104,44,1,-1,-1,-1
56,13,519,1024,60,28,1,-1,-1,-1
56,14,2176,992,65,42,1,-1,-1,-1
56,16,1881,991,96,44,1,-1,-1,-1
56,20,2131,987,76,48,1,-1,-1,-1
56,23,352,1030,71,29,1,-1,-1,-1
56,24,1245,1006,71,38,1,-1,-1,-1
56,25,1802,998,68,40,1,-1,-1,-1
56,26,250,1027,64,32,1,-1,-1,-1
57,2,1084,1020,56,28,1,-1,-1,-1
57,9,1992,992,64,40,1,-1,-1,-1
57,13,519,1024,60,28,1,-1,-1,-1
57,14,2176,992,65,42,1,-1,-1,-1
57,16,1888,992,88,40,1,-1,-1,-1
57,20,2136,984,112,48,1,-1,-1,-1
57,23,360,1028,64,32,1,-1,-1,-1
57,24,1248,1004,72,40,1,-1,-1,-1
57,25,1792,996,72,36,1,-1,-1,-1
57,26,248,1028,68,32,1,-1,-1,-1
57,28,2528,976,28,40,1,-1,-1,-1
57,29,596,1020,64,32,1,-1,-1,-1
57,30,1492,1004,68,40,1,-1,-1,-1
57,31,1632,1004,48,32,1,-1,-1,-1
58,2,1087,1020,56,28,1,-1,-1,-1
58,9,1995,992,64,40,1,-1,-1,-1
58,13,527,1023,60,28,1,-1,-1,-1
58,14,2181,992,65,42,1,-1,-1,-1
58,16,1890,992,88,40,1,-1,-1,-1
58,20,2138,984,112,48,1,-1,-1,-1
58,23,365,1028,64,32,1,-1,-1,-1
58,24,1252,1004,72,40,1,-1,-1,-1
58,25,1795,996,72,36,1,-1,-1,-1
58,26,248,1027,71,34,1,-1,-1,-1
58,28,2530,976,28,40,1,-1,-1,-1
58,29,599,1019,67,34,1,-1,-1,-1
58,30,1495,1004,68,40,1,-1,-1,-1
58,31,1634,1003,48,32,1,-1,-1,-1
59,2,1090,1020,56,28,1,-1,-1,-1
59,9,1997,992,64,40,1,-1,-1,-1
59,13,529,1023,60,28,1,-1,-1,-1
59,14,2181,992,65,42,1,-1,-1,-1
59,16,1892,992,88,40,1,-1,-1,-1
59,20,2139,984,112,48,1,-1,-1,-1
59,23,367,1028,64,32,1,-1,-1,-1
59,24,1255,1004,72,40,1,-1,-1,-1
59,25,1797,996,72,36,1,-1,-1,-1
59,26,250,1027,71,34,1,-1,-1,-1
59,28,2533,976,27,40,1,-1,-1,-1
59,29,603,1020,64,32,1,-1,-1,-1
59,30,1498,1004,68,40,1,-1,-1,-1
59,31,1635,1003,48,32,1,-1,-1,-1
60,2,1091,1020,56,28,1,-1,-1,-1
60,9,1998,992,64,40,1,-1,-1,-1
60,13,532,1023,60,28,1,-1,-1,-1
60,14,2181,991,65,42,1,-1,-1,-1
60,16,1894,992,88,40,1,-1,-1,-1
60,20,2140,984,112,48,1,-1,-1,-1
60,23,369,1028,64,32,1,-1,-1,-1
60,24,1257,1004,72,40,1,-1,-1,-1
60,25,1799,996,72,36,1,-1,-1,-1
60,26,252,1027,71,34,1,-1,-1,-1
60,28,2534,976,26,40,1,-1,-1,-1
60,29,606,1021,61,30,1,-1,-1,-1
60,30,1499,1004,68,40,1,-1,-1,-1
60,31,1637,1003,48,32,1,-1,-1,-1
61,2,1093,1020,56,28,1,-1,-1,-1
61,9,2000,993,64,40,1,-1,-1,-1
61,13,536,1024,57,27,1,-1,-1,-1
61,14,2183,991,65,42,1,-1,-1,-1
61,16,1896,992,88,40,1,-1,-1,-1
61,20,2142,984,112,48,1,-1,-1,-1
61,23,373,1028,64,32,1,-1,-1,-1
61,24,1259,1005,72,40,1,-1,-1,-1
61,25,1800,996,72,36,1,-1,-1,-1
61,26,255,1027,71,34,1,-1,-1,-1
61,28,2536,974,24,40,1,-1,-1,-1
61,29,608,1021,61,30,1,-1,-1,-1
61,30,1501,1004,68,40,1,-1,-1,-1
61,31,1638,1003,48,32,1,-1,-1,-1
62,2,1098,1020,56,28,1,-1,-1,-1
62,9,2004,992,64,40,1,-1,-1,-1
62,13,541,1023,57,27,1,-1,-1,-1
62,14,2185,990,65,42,1,-1,-1,-1
62,16,1899,991,88,40,1,-1,-1,-1
62,20,2144,984,112,48,1,-1,-1,-1
62,23,378,1028,64,32,1,-1,-1,-1
62,24,1265,1004,72,40,1,-1,-1,-1
62,25,1804,996,72,36,1,-1,-1,-1
62,26,262,1028,68,32,1,-1,-1,-1
62,29,614,1021,61,30,1,-1,-1,-1
62,30,1505,1004,68,40,1,-1,-1,-1
62,31,1642,1004,48,32,1,-1,-1,-1
63,2,1100,1020,56,28,1,-1,-1,-1
63,9,2004,992,64,40,1,-1,-1,-1
63,13,543,1024,57,27,1,-1,-1,-1
63,14,2186,990,65,42,1,-1,-1,-1
63,16,1901,990,88,40,1,-1,-1,-1
63,20,2145,984,112,48,1,-1,-1,-1
63,23,380,1028,64,32,1,-1,-1,-1
63,25,1806,995,72,36,1,-1,-1,-1
63,26,264,1028,68,32,1,-1,-1,-1
63,29,615,1021,61,30,1,-1,-1,-1
63,30,1507,1003,68,40,1,-1,-1,-1
63,31,1642,1003,50,34,1,-1,-1,-1
64,2,1102,1020,56,28,1,-1,-1,-1
64,9,2006,991,64,40,1,-1,-1,-1
64,13,545,1024,57,27,1,-1,-1,-1
64,14,2187,989,65,42,1,-1,-1,-1
64,16,1903,990,88,40,1,-1,-1,-1
64,20,2147,984,112,48,1,-1,-1,-1
64,23,382,1028,64,32,1,-1,-1,-1
64,25,1809,996,69,34,1,-1,-1,-1
64,26,265,1028,71,34,1,-1,-1,-1
64,29,619,1021,61,30,1,-1,-1,-1
64,30,1509,1003,68,40,1,-1,-1,-1
64,31,1644,1003,50,34,1,-1,-1,-1
65,2,1104,1016,56,32,1,-1,-1,-1
65,9,2006,991,64,40,1,-1,-1,-1
65,13,552,1020,60,32,1,-1,-1,-1
65,14,2187,989,65,42,1,-1,-1,-1
65,16,1904,988,88,52,1,-1,-1,-1
65,20,2148,984,108,44,1,-1,-1,-1
65,23,384,1028,64,32,1,-1,-1,-1
65,25,1800,996,60,40,1,-1,-1,-1
65,26,272,1028,64,28,1,-1,-1,-1
65,29,620,1020,60,32,1,-1,-1,-1
65,30,1512,1000,88,40,1,-1,-1,-1
65,31,1644,1003,50,34,1,-1,-1,-1
65,32,2012,988,96,48,1,-1,-1,-1
65,33,1272,1004,72,40,1,-1,-1,-1
65,34,1184,1008,68,36,1,-1,-1,-1
66,2,1109,1016,56,32,1,-1,-1,-1
66,9,2013,991,64,40,1,-1,-1,-1
66,13,558,1020,60,32,1,-1,-1,-1
66,14,2194,990,65,42,1,-1,-1,-1
66,16,1907,988,88,52,1,-1,-1,-1
66,20,2151,984,108,44,1,-1,-1,-1
66,23,390,1027,64,32,1,-1,-1,-1
66,25,1805,996,60,40,1,-1,-1,-1
66,26,278,1028,64,28,1,-1,-1,-1
66,29,625,1020,60,32,1,-1,-1,-1
66,30,1516,1000,88,40,1,-1,-1,-1
66,31,1650,1003,50,34,1,-1,-1,-1
66,32,2015,988,96,48,1,-1,-1,-1
66,33,1278,1003,72,40,1,-1,-1,-1
66,34,1190,1008,68,36,1,-1,-1,-1
67,2,1112,1016,56,32,1,-1,-1,-1
67,9,2015,991,64,40,1,-1,-1,-1
67,13,561,1020,60,32,1,-1,-1,-1
67,14,2195,990,65,42,1,-1,-1,-1
67,16,1910,988,88,52,1,-1,-1,-1
67,20,2153,984,108,44,1,-1,-1,-1
67,23,393,1028,64,32,1,-1,-1,-1
67,25,1807,996,60,40,1,-1,-1,-1
67,26,280,1028,64,28,1,-1,-1,-1
67,29,627,1020,60,32,1,-1,-1,-1
67,30,1519,1000,88,40,1,-1,-1,-1
67,31,1652,1004,50,34,1,-1,-1,-1
67,32,2020,989,91,46,1,-1,-1,-1
67,33,1280,1004,72,40,1,-1,-1,-1
67,34,1192,1008,68,36,1,-1,-1,-1
68,2,1114,1016,56,32,1,-1,-1,-1
68,9,2017,991,64,40,1,-1,-1,-1
68,13,564,1020,60,32,1,-1,-1,-1
68,14,2197,990,65,42,1,-1,-1,-1
68,16,1912,988,88,52,1,-1,-1,-1
68,20,2155,984,108,44,1,-1,-1,-1
68,23,396,1028,64,32,1,-1,-1,-1
68,25,1810,996,60,40,1,-1,-1,-1
68,26,282,1028,64,28,1,-1,-1,-1
68,29,630,1020,60,32,1,-1,-1,-1
68,30,1523,1001,84,38,1,-1,-1,-1
68,31,1654,1005,48,32,1,-1,-1,-1
68,32,2022,988,91,46,1,-1,-1,-1
68,33,1283,1004,72,40,1,-1,-1,-1
68,34,1194,1008,68,36,1,-1,-1,-1
69,2,1116,1016,56,32,1,-1,-1,-1
69,9,2019,991,64,40,1,-1,-1,-1
69,13,566,1020,60,32,1,-1,-1,-1
69,14,2199,990,65,42,1,-1,-1,-1
69,16,1913,988,88,52,1,-1,-1,-1
69,20,2156,984,108,44,1,-1,-1,-1
69,23,398,1028,64,32,1,-1,-1,-1
69,25,1812,997,60,40,1,-1,-1,-1
69,26,285,1028,64,28,1,-1,-1,-1
69,29,632,1019,60,32,1,-1,-1,-1
69,30,1525,1001,84,38,1,-1,-1,-1
69,31,1656,1004,48,32,1,-1,-1,-1
69,32,2024,988,91,46,1,-1,-1,-1
69,33,1286,1004,72,40,1,-1,-1,-1
69,34,1197,1009,65,34,1,-1,-1,-1
70,2,1121,1016,56,32,1,-1,-1,-1
70,9,2023,991,64,40,1,-1,-1,-1
70,13,572,1020,60,32,1,-1,-1,-1
70,14,2202,989,65,42,1,-1,-1,-1
70,16,1918,987,88,52,1,-1,-1,-1
70,20,2156,982,113,46,1,-1,-1,-1
70,23,404,1028,64,32,1,-1,-1,-1
70,25,1816,997,60,40,1,-1,-1,-1
70,26,289,1028,64,28,1,-1,-1,-1
70,29,637,1019,60,32,1,-1,-1,-1
70,30,1529,1001,84,38,1,-1,-1,-1
70,31,1658,1003,48,32,1,-1,-1,-1
70,32,2027,988,91,46,1,-1,-1,-1
70,33,1291,1003,72,40,1,-1,-1,-1
70,34,1202,1009,65,34,1,-1,-1,-1
71,2,1122,1016,56,32,1,-1,-1,-1
71,9,2023,991,64,40,1,-1,-1,-1
71,13,573,1019,60,32,1,-1,-1,-1
71,14,2202,990,65,42,1,-1,-1,-1
71,16,1918,987,88,52,1,-1,-1,-1
71,20,2157,982,113,46,1,-1,-1,-1
71,23,405,1028,64,32,1,-1,-1,-1
71,25,1816,996,60,40,1,-1,-1,-1
71,26,291,1028,64,28,1,-1,-1,-1
71,29,638,1019,60,32,1,-1,-1,-1
71,30,1530,1000,84,38,1,-1,-1,-1
71,31,1659,1002,48,32,1,-1,-1,-1
71,32,2027,988,91,46,1,-1,-1,-1
71,33,1292,1003,72,40,1,-1,-1,-1
71,34,1204,1009,65,34,1,-1,-1,-1
72,2,1124,1016,56,32,1,-1,-1,-1
72,9,2024,991,64,40,1,-1,-1,-1
72,13,575,1019,60,32,1,-1,-1,-1
72,14,2202,989,65,42,1,-1,-1,-1
72,16,1919,987,88,52,1,-1,-1,-1
72,20,2161,983,108,44,1,-1,-1,-1
72,23,407,1028,64,32,1,-1,-1,-1
72,25,1817,996,60,40,1,-1,-1,-1
72,26,293,1028,64,28,1,-1,-1,-1
72,29,641,1019,57,30,1,-1,-1,-1
72,30,1531,1000,84,38,1,-1,-1,-1
72,31,1660,1002,48,32,1,-1,-1,-1
72,32,2029,988,91,46,1,-1,-1,-1
72,33,1294,1003,72,40,1,-1,-1,-1
72,34,1205,1008,65,34,1,-1,-1,-1
73,2,1124,1016,56,28,1,-1,-1,-1
73,9,2024,991,64,40,1,-1,-1,-1
73,13,575,1019,60,32,1,-1,-1,-1
73,14,2202,989,65,42,1,-1,-1,-1
73,16,1920,984,88,48,1,-1,-1,-1
73,20,2160,984,112,52,1,-1,-1,-1
73,23,404,1020,68,36,1,-1,-1,-1
73,25,1817,996,60,40,1,-1,-1,-1
73,26,293,1028,64,28,1,-1,-1,-1
73,29,648,1020,60,28,1,-1,-1,-1
73,30,1528,1000,92,36,1,-1,-1,-1
73,31,1664,996,64,36,1,-1,-1,-1
73,32,2028,988,96,40,1,-1,-1,-1
73,33,1292,1004,72,40,1,-1,-1,-1
73,34,1205,1008,65,34,1,-1,-1,-1
73,35,2348,976,92,48,1,-1,-1,-1
73,36,1232,1008,48,32,1,-1,-1,-1
73,37,1740,992,40,44,1,-1,-1,-1
74,2,1129,1016,56,28,1,-1,-1,-1
74,9,2028,990,64,40,1,-1,-1,-1
74,13,583,1019,60,32,1,-1,-1,-1
74,14,2207,989,65,42,1,-1,-1,-1
74,16,1924,984,88,48,1,-1,-1,-1
74,20,2163,984,112,52,1,-1,-1,-1
74,23,409,1020,68,36,1,-1,-1,-1
74,25,1823,995,60,40,1,-1,-1,-1
74,26,300,1028,64,28,1,-1,-1,-1
74,29,654,1020,60,28,1,-1,-1,-1
74,30,1532,999,92,36,1,-1,-1,-1
74,31,1667,995,67,38,1,-1,-1,-1
74,32,2031,988,96,40,1,-1,-1,-1
74,33,1298,1004,72,40,1,-1,-1,-1
74,34,1211,1008,65,34,1,-1,-1,-1
74,35,2350,976,92,48,1,-1,-1,-1
74,36,1236,1008,48,32,1,-1,-1,-1
74,37,1745,992,40,44,1,-1,-1,-1
75,2,1130,1016,56,28,1,-1,-1,-1
75,9,2029,990,64,40,1,-1,-1,-1
75,13,586,1019,60,32,1,-1,-1,-1
75,14,2208,989,65,42,1,-1,-1,-1
75,16,1926,984,88,48,1,-1,-1,-1
75,20,2165,984,112,52,1,-1,-1,-1
75,23,411,1020,68,36,1,-1,-1,-1
75,25,1825,995,60,40,1,-1,-1,-1
75,26,302,1028,64,28,1,-1,-1,-1
75,29,657,1020,60,28,1,-1,-1,-1
75,30,1533,999,92,36,1,-1,-1,-1
75,31,1669,995,67,38,1,-1,-1,-1
75,32,2032,988,96,40,1,-1,-1,-1
75,33,1299,1004,72,40,1,-1,-1,-1
75,34,1213,1008,65,34,1,-1,-1,-1
75,35,2353,976,92,48,1,-1,-1,-1
75,36,1237,1008,48,32,1,-1,-1,-1
75,37,1748,993,40,44,1,-1,-1,-1
76,2,1134,1016,56,28,1,-1,-1,-1
76,9,2030,989,64,40,1,-1,-1,-1
76,13,588,1019,60,32,1,-1,-1,-1
76,16,1928,983,88,48,1,-1,-1,-1
76,20,2168,984,112,52,1,-1,-1,-1
76,23,414,1020,68,36,1,-1,-1,-1
76,25,1826,995,60,40,1,-1,-1,-1
76,26,303,1028,64,28,1,-1,-1,-1
76,29,660,1021,57,27,1,-1,-1,-1
76,30,1535,999,92,36,1,-1,-1,-1
76,31,1671,995,67,38,1,-1,-1,-1
76,32,2034,988,96,40,1,-1,-1,-1
76,33,1302,1004,72,40,1,-1,-1,-1
76,34,1215,1008,65,34,1,-1,-1,-1
76,35,2352,975,97,50,1,-1,-1,-1
76,36,1239,1008,48,32,1,-1,-1,-1
76,37,1748,992,42,46,1,-1,-1,-1
77,2,1135,1016,56,28,1,-1,-1,-1
77,9,2032,989,64,40,1,-1,-1,-1
77,13,592,1019,60,32,1,-1,-1,-1
77,16,1930,983,88,48,1,-1,-1,-1
77,20,2169,984,112,52,1,-1,-1,-1
77,23,417,1020,68,36,1,-1,-1,-1
77,25,1828,994,60,40,1,-1,-1,-1
77,26,306,1028,64,28,1,-1,-1,-1
77,29,664,1021,57,27,1,-1,-1,-1
77,30,1537,999,92,36,1,-1,-1,-1
77,31,1672,995,67,38,1,-1,-1,-1
77,32,2035,987,96,40,1,-1,-1,-1
77,33,1305,1004,72,40,1,-1,-1,-1
77,34,1216,1008,65,34,1,-1,-1,-1
77,36,1241,1008,50,34,1,-1,-1,-1
77,37,1750,992,42,46,1,-1,-1,-1
78,2,1140,1016,56,28,1,-1,-1,-1
78,9,2035,988,64,40,1,-1,-1,-1
78,13,597,1019,60,32,1,-1,-1,-1
78,16,1933,983,88,48,1,-1,-1,-1
78,20,2174,984,107,50,1,-1,-1,-1
78,23,422,1019,68,36,1,-1,-1,-1
78,25,1833,995,60,40,1,-1,-1,-1
78,26,311,1027,64,28,1,-1,-1,-1
78,29,668,1021,57,27,1,-1,-1,-1
78,30,1542,999,92,36,1,-1,-1,-1
78,31,1678,995,67,38,1,-1,-1,-1
78,32,2039,986,96,40,1,-1,-1,-1
78,33,1310,1004,72,40,1,-1,-1,-1
78,34,1222,1008,65,34,1,-1,-1,-1
78,36,1245,1006,50,34,1,-1,-1,-1
79,2,1145,1016,53,27,1,-1,-1,-1
79,9,2038,988,64,40,1,-1,-1,-1
79,13,600,1018,60,32,1,-1,-1,-1
79,16,1935,983,88,48,1,-1,-1,-1
79,20,2177,983,107,50,1,-1,-1,-1
79,23,425,1018,68,36,1,-1,-1,-1
79,25,1835,994,60,40,1,-1,-1,-1
79,26,312,1027,64,28,1,-1,-1,-1
79,29,671,1021,54,25,1,-1,-1,-1
79,30,1543,999,92,36,1,-1,-1,-1
79,31,1679,995,67,38,1,-1,-1,-1
79,32,2040,986,96,40,1,-1,-1,-1
79,33,1312,1003,72,40,1,-1,-1,-1
79,34,1223,1007,65,34,1,-1,-1,-1
79,36,1247,1005,50,34,1,-1,-1,-1
80,2,1144,1015,56,28,1,-1,-1,-1
80,9,2038,988,64,40,1,-1,-1,-1
80,13,602,1018,60,32,1,-1,-1,-1
80,16,1937,983,88,48,1,-1,-1,-1
80,20,2178,982,107,50,1,-1,-1,-1
80,23,427,1018,68,36,1,-1,-1,-1
80,25,1838,994,60,40,1,-1,-1,-1
80,26,315,1026,64,28,1,-1,-1,-1
80,29,674,1021,54,25,1,-1,-1,-1
80,30,1545,999,92,36,1,-1,-1,-1
80,31,1680,995,67,38,1,-1,-1,-1
80,32,2041,986,96,40,1,-1,-1,-1
80,33,1314,1003,72,40,1,-1,-1,-1
80,34,1226,1006,65,34,1,-1,-1,-1
80,36,1251,1006,50,34,1,-1,-1,-1
81,2,1144,1012,56,32,1,-1,-1,-1
81,9,2038,988,64,40,1,-1,-1,-1
81,13,600,1020,56,28,1,-1,-1,-1
81,16,1948,988,76,44,1,-1,-1,-1
81,20,2180,980,104,48,1,-1,-1,-1
81,23,428,1020,72,32,1,-1,-1,-1
81,25,1838,994,60,40,1,-1,-1,-1
81,26,315,1026,64,28,1,-1,-1,-1
81,29,676,1016,56,32,1,-1,-1,-1
81,30,1548,1000,84,36,1,-1,-1,-1
81,31,1680,995,67,38,1,-1,-1,-1
81,32,2044,988,96,40,1,-1,-1,-1
81,33,1316,1000,76,40,1,-1,-1,-1
81,34,1228,1004,72,36,1,-1,-1,-1
81,36,1251,1006,50,34,1,-1,-1,-1
81,38,1860,992,64,36,1,-1,-1,-1
82,2,1148,1012,56,32,1,-1,-1,-1
82,9,2044,987,64,40,1,-1,-1,-1
82,13,605,1019,56,28,1,-1,-1,-1
82,16,1951,987,76,44,1,-1,-1,-1
82,20,2182,980,104,48,1,-1,-1,-1
82,23,433,1020,72,32,1,-1,-1,-1
82,25,1843,993,60,40,1,-1,-1,-1
82,26,322,1026,64,28,1,-1,-1,-1
82,29,681,1016,56,32,1,-1,-1,-1
82,30,1551,1000,84,36,1,-1,-1,-1
82,31,1685,995,67,38,1,-1,-1,-1
82,32,2046,987,96,40,1,-1,-1,-1
82,33,1319,1000,76,40,1,-1,-1,-1
82,34,1231,1004,72,36,1,-1,-1,-1
82,36,1255,1006,50,34,1,-1,-1,-1
82,38,1863,992,64,36,1,-1,-1,-1
83,2,1150,1012,56,32,1,-1,-1,-1
83,9,2046,986,64,40,1,-1,-1,-1
83,13,607,1019,56,28,1,-1,-1,-1
83,16,1953,987,76,44,1,-1,-1,-1
83,20,2184,980,104,48,1,-1,-1,-1
83,23,436,1021,69,30,1,-1,-1,-1
83,25,1845,992,60,40,1,-1,-1,-1
83,26,324,1026,64,28,1,-1,-1,-1
83,29,683,1016,56,32,1,-1,-1,-1
83,30,1553,1000,84,36,1,-1,-1,-1
83,31,1685,994,67,38,1,-1,-1,-1
83,32,2048,988,96,40,1,-1,-1,-1
83,33,1322,1000,76,40,1,-1,-1,-1
83,34,1233,1004,72,36,1,-1,-1,-1
83,36,1258,1007,50,34,1,-1,-1,-1
83,38,1864,992,64,36,1,-1,-1,-1
84,2,1151,1012,56,32,1,-1,-1,-1
84,9,2046,986,64,40,1,-1,-1,-1
84,13,610,1019,56,28,1,-1,-1,-1
84,16,1954,987,76,44,1,-1,-1,-1
84,20,2184,979,104,48,1,-1,-1,-1
84,23,439,1021,69,30,1,-1,-1,-1
84,25,1846,992,60,40,1,-1,-1,-1
84,26,325,1025,64,28,1,-1,-1,-1
84,29,685,1016,56,32,1,-1,-1,-1
84,30,1555,1000,84,36,1,-1,-1,-1
84,31,1687,994,67,38,1,-1,-1,-1
84,32,2048,987,96,40,1,-1,-1,-1
84,33,1324,1000,76,40,1,-1,-1,-1
84,34,1235,1004,72,36,1,-1,-1,-1
84,36,1260,1006,50,34,1,-1,-1,-1
84,38,1866,992,64,36,1,-1,-1,-1
85,2,1154,1012,56,32,1,-1,-1,-1
85,9,2048,986,61,38,1,-1,-1,-1
85,13,616,1019,53,27,1,-1,-1,-1
85,16,1955,987,76,44,1,-1,-1,-1
85,20,2189,980,99,46,1,-1,-1,-1
85,23,441,1021,69,30,1,-1,-1,-1
85,25,1848,992,60,40,1,-1,-1,-1
85,26,327,1025,64,28,1,-1,-1,-1
85,29,687,1015,56,32,1,-1,-1,-1
85,30,1557,1000,84,36,1,-1,-1,-1
85,31,1688,993,67,38,1,-1,-1,-1
85,32,2050,987,96,40,1,-1,-1,-1
85,33,1326,1000,76,40,1,-1,-1,-1
85,34,1236,1004,72,36,1,-1,-1,-1
85,36,1262,1005,50,34,1,-1,-1,-1
85,38,1868,992,64,36,1,-1,-1,-1
86,2,1159,1011,56,32,1,-1,-1,-1
86,9,2052,985,61,38,1,-1,-1,-1
86,13,620,1019,53,27,1,-1,-1,-1
86,16,1959,986,76,44,1,-1,-1,-1
86,20,2191,980,99,46,1,-1,-1,-1
86,23,447,1020,69,30,1,-1,-1,-1
86,25,1853,991,60,40,1,-1,-1,-1
86,26,333,1025,64,28,1,-1,-1,-1
86,29,693,1015,56,32,1,-1,-1,-1
86,30,1561,1000,84,36,1,-1,-1,-1
86,31,1692,992,67,38,1,-1,-1,-1
86,32,2054,986,96,40,1,-1,-1,-1
86,33,1331,999,76,40,1,-1,-1,-1
86,34,1240,1003,76,38,1,-1,-1,-1
86,36,1266,1005,50,34,1,-1,-1,-1
86,38,1873,991,64,36,1,-1,-1,-1
87,2,1162,1010,56,32,1,-1,-1,-1
87,9,2052,985,61,38,1,-1,-1,-1
87,13,623,1018,53,27,1,-1,-1,-1
87,16,1961,986,76,44,1,-1,-1,-1
87,20,2193,980,99,46,1,-1,-1,-1
87,23,449,1020,69,30,1,-1,-1,-1
87,25,1855,990,60,40,1,-1,-1,-1
87,26,335,1025,64,28,1,-1,-1,-1
87,30,1563,999,84,36,1,-1,-1,-1
87,31,1695,993,64,36,1,-1,-1,-1
87,32,2055,986,96,40,1,-1,-1,-1
87,33,1333,1000,76,40,1,-1,-1,-1
87,34,1242,1003,76,38,1,-1,-1,-1
87,36,1268,1004,50,34,1,-1,-1,-1
87,38,1874,991,64,36,1,-1,-1,-1
88,2,1163,1011,56,32,1,-1,-1,-1
88,9,2054,984,61,38,1,-1,-1,-1
88,13,625,1019,53,27,1,-1,-1,-1
88,16,1963,986,76,44,1,-1,-1,-1
88,20,2195,979,99,46,1,-1,-1,-1
88,23,452,1019,72,32,1,-1,-1,-1
88,25,1857,990,60,40,1,-1,-1,-1
88,26,336,1025,64,28,1,-1,-1,-1
88,30,1565,999,84,36,1,-1,-1,-1
88,31,1698,993,64,36,1,-1,-1,-1
88,32,2056,986,96,40,1,-1,-1,-1
88,33,1334,999,76,40,1,-1,-1,-1
88,34,1244,1002,76,38,1,-1,-1,-1
88,36,1270,1004,50,34,1,-1,-1,-1
88,38,1876,991,64,36,1,-1,-1,-1
89,2,1168,1012,60,32,1,-1,-1,-1
89,9,2054,984,61,38,1,-1,-1,-1
89,13,625,1019,53,27,1,-1,-1,-1
89,16,1963,986,76,44,1,-1,-1,-1
89,20,2195,979,99,46,1,-1,-1,-1
89,23,452,1020,64,32,1,-1,-1,-1
89,25,1857,990,60,40,1,-1,-1,-1
89,26,336,1025,64,28,1,-1,-1,-1
89,30,1572,996,80,40,1,-1,-1,-1
89,31,1698,993,64,36,1,-1,-1,-1
89,32,2072,984,80,40,1,-1,-1,-1
89,33,1340,996,72,40,1,-1,-1,-1
89,34,1244,1002,76,38,1,-1,-1,-1
89,36,1260,1004,56,32,1,-1,-1,-1
89,38,1876,991,64,36,1,-1,-1,-1
89,39,2420,984,64,40,1,-1,-1,-1
89,40,1784,988,72,40,1,-1,-1,-1
89,41,2296,972,76,52,1,-1,-1,-1
90,2,1174,1011,60,32,1,-1,-1,-1
90,9,2061,983,61,38,1,-1,-1,-1
90,13,635,1018,53,27,1,-1,-1,-1
90,16,1972,985,76,44,1,-1,-1,-1
90,20,2203,979,99,46,1,-1,-1,-1
90,23,459,1020,64,32,1,-1,-1,-1
90,25,1865,990,60,40,1,-1,-1,-1
90,26,345,1025,64,28,1,-1,-1,-1
90,30,1579,996,80,40,1,-1,-1,-1
90,31,1705,993,64,36,1,-1,-1,-1
90,32,2077,984,80,40,1,-1,-1,-1
90,33,1346,996,72,40,1,-1,-1,-1
90,34,1251,1002,76,38,1,-1,-1,-1
90,36,1266,1003,56,32,1,-1,-1,-1
90,38,1885,990,64,36,1,-1,-1,-1
90,39,2425,984,64,40,1,-1,-1,-1
90,40,1790,988,72,40,1,-1,-1,-1
90,41,2296,973,76,52,1,-1,-1,-1
91,2,1178,1012,60,32,1,-1,-1,-1
91,9,2064,983,61,38,1,-1,-1,-1
91,13,639,1018,53,27,1,-1,-1,-1
91,16,1975,984,76,44,1,-1,-1,-1
91,20,2205,979,99,46,1,-1,-1,-1
91,23,463,1020,64,32,1,-1,-1,-1
91,25,1869,990,60,40,1,-1,-1,-1
91,26,349,1024,64,28,1,-1,-1,-1
91,30,1581,995,80,40,1,-1,-1,-1
91,31,1707,994,64,36,1,-1,-1,-1
91,32,2078,982,84,42,1,-1,-1,-1
91,33,1349,996,72,40,1,-1,-1,-1
91,34,1252,1001,79,40,1,-1,-1,-1
91,36,1271,1004,53,30,1,-1,-1,-1
91,38,1888,990,64,36,1,-1,-1,-1
91,39,2428,983,64,40,1,-1,-1,-1
91,40,1793,989,72,40,1,-1,-1,-1
91,41,2296,973,76,52,1,-1,-1,-1
92,2,1182,1011,60,32,1,-1,-1,-1
92,9,2068,984,58,36,1,-1,-1,-1
92,13,643,1018,53,27,1,-1,-1,-1
92,16,1978,985,76,44,1,-1,-1,-1
92,20,2207,979,99,46,1,-1,-1,-1
92,23,466,1020,64,32,1,-1,-1,-1
92,25,1872,990,60,40,1,-1,-1,-1
92,26,352,1024,64,28,1,-1,-1,-1
92,30,1585,995,80,40,1,-1,-1,-1
92,31,1710,993,64,36,1,-1,-1,-1
92,32,2081,982,84,42,1,-1,-1,-1
92,33,1352,996,72,40,1,-1,-1,-1
92,34,1255,1000,79,40,1,-1,-1,-1
92,36,1274,1004,53,30,1,-1,-1,-1
92,38,1892,992,61,34,1,-1,-1,-1
92,39,2431,983,64,40,1,-1,-1,-1
92,40,1798,989,72,40,1,-1,-1,-1
93,2,1184,1011,60,32,1,-1,-1,-1
93,9,2070,983,58,36,1,-1,-1,-1
93,13,646,1019,51,25,1,-1,-1,-1
93,16,1980,985,76,44,1,-1,-1,-1
93,20,2211,980,94,44,1,-1,-1,-1
93,23,471,1020,64,32,1,-1,-1,-1
93,25,1876,991,57,38,1,-1,-1,-1
93,26,356,1024,64,28,1,-1,-1,-1
93,30,1587,995,80,40,1,-1,-1,-1
93,31,1713,993,61,34,1,-1,-1,-1
93,32,2084,982,84,42,1,-1,-1,-1
93,33,1355,996,72,40,1,-1,-1,-1
93,34,1259,1000,79,40,1,-1,-1,-1
93,36,1276,1003,53,30,1,-1,-1,-1
93,38,1896,991,61,34,1,-1,-1,-1
93,39,2434,984,64,40,1,-1,-1,-1
93,40,1800,989,72,40,1,-1,-1,-1
94,2,1190,1011,60,32,1,-1,-1,-1
94,13,652,1019,51,25,1,-1,-1,-1
94,16,1986,984,76,44,1,-1,-1,-1
94,20,2217,978,99,46,1,-1,-1,-1
94,23,477,1020,64,32,1,-1,-1,-1
94,25,1883,990,57,38,1,-1,-1,-1
94,26,362,1024,64,28,1,-1,-1,-1
94,30,1594,995,80,40,1,-1,-1,-1
94,31,1717,993,61,34,1,-1,-1,-1
94,32,2091,983,80,40,1,-1,-1,-1
94,33,1362,995,72,40,1,-1,-1,-1
94,34,1266,1000,79,40,1,-1,-1,-1
94,36,1281,1002,56,32,1,-1,-1,-1
94,38,1902,991,61,34,1,-1,-1,-1
94,39,2441,982,64,40,1,-1,-1,-1
94,40,1806,988,72,40,1,-1,-1,-1
95,2,1193,1010,60,32,1,-1,-1,-1
95,20,2219,978,99,46,1,-1,-1,-1
95,23,480,1020,64,32,1,-1,-1,-1
95,25,1886,990,57,38,1,-1,-1,-1
95,26,366,1024,64,28,1,-1,-1,-1
95,30,1597,995,80,40,1,-1,-1,-1
95,31,1719,992,61,34,1,-1,-1,-1
95,32,2093,983,80,40,1,-1,-1,-1
95,33,1363,995,72,40,1,-1,-1,-1
95,34,1267,999,79,40,1,-1,-1,-1
95,36,1285,1002,56,32,1,-1,-1,-1
95,38,1904,990,61,34,1,-1,-1,-1
95,39,2443,981,64,40,1,-1,-1,-1
95,40,1808,987,72,40,1,-1,-1,-1
96,2,1197,1010,60,32,1,-1,-1,-1
96,20,2221,978,99,46,1,-1,-1,-1
96,23,484,1020,64,32,1,-1,-1,-1
96,25,1887,990,57,38,1,-1,-1,-1
96,26,370,1023,64,28,1,-1,-1,-1
96,30,1602,994,80,40,1,-1,-1,-1
96,31,1723,991,61,34,1,-1,-1,-1
96,32,2094,983,80,40,1,-1,-1,-1
96,33,1366,995,72,40,1,-1,-1,-1
96,34,1270,999,79,40,1,-1,-1,-1
96,36,1287,1002,56,32,1,-1,-1,-1
96,38,1907,990,61,34,1,-1,-1,-1
96,39,2446,980,64,40,1,-1,-1,-1
96,40,1812,987,72,40,1,-1,-1,-1
97,2,1200,1008,60,32,1,-1,-1,-1
97,20,2216,980,96,48,1,-1,-1,-1
97,23,488,1016,68,28,1,-1,-1,-1
97,25,1887,990,57,38,1,-1,-1,-1
97,26,368,1020,64,32,1,-1,-1,-1
97,30,1604,996,80,36,1,-1,-1,-1
97,31,1720,988,84,40,1,-1,-1,-1
97,32,2096,980,84,40,1,-1,-1,-1
97,33,1368,996,72,40,1,-1,-1,-1
97,34,1276,1000,72,36,1,-1,-1,-1
97,36,1287,1002,56,32,1,-1,-1,-1
97,38,1916,988,68,36,1,-1,-1,-1
97,39,2424,972,96,48,1,-1,-1,-1
97,40,1812,987,72,40,1,-1,-1,-1
97,42,2300,972,100,48,1,-1,-1,-1
97,43,1988,980,88,48,1,-1,-1,-1
97,44,0,1036,52,24,1,-1,-1,-1
98,2,1207,1008,60,32,1,-1,-1,-1
98,20,2224,980,96,48,1,-1,-1,-1
98,23,495,1016,68,28,1,-1,-1,-1
98,26,375,1019,64,32,1,-1,-1,-1
98,30,1611,996,80,36,1,-1,-1,-1
98,31,1727,987,84,40,1,-1,-1,-1
98,32,2101,979,88,42,1,-1,-1,-1
98,33,1375,996,72,40,1,-1,-1,-1
98,34,1283,1000,72,36,1,-1,-1,-1
98,36,1297,1001,56,32,1,-1,-1,-1
98,38,1923,988,68,36,1,-1,-1,-1
98,39,2431,972,96,48,1,-1,-1,-1
98,40,1821,986,72,40,1,-1,-1,-1
98,42,2302,972,100,48,1,-1,-1,-1
98,43,1995,979,88,48,1,-1,-1,-1
98,44,10,1036,50,23,1,-1,-1,-1
99,2,1212,1007,60,32,1,-1,-1,-1
99,20,2225,980,96,48,1,-1,-1,-1
99,23,500,1016,68,28,1,-1,-1,-1
99,26,380,1019,64,32,1,-1,-1,-1
99,30,1615,996,80,36,1,-1,-1,-1
99,31,1729,987,84,40,1,-1,-1,-1
99,32,2104,980,84,40,1,-1,-1,-1
99,33,1379,995,72,40,1,-1,-1,-1
99,34,1288,1000,72,36,1,-1,-1,-1
99,36,1301,1001,56,32,1,-1,-1,-1
99,38,1926,988,68,36,1,-1,-1,-1
99,39,2436,973,91,46,1,-1,-1,-1
99,40,1825,985,76,42,1,-1,-1,-1
99,42,2306,973,95,46,1,-1,-1,-1
99,43,1999,978,88,48,1,-1,-1,-1
99,44,14,1036,50,23,1,-1,-1,-1
100,2,1216,1007,60,32,1,-1,-1,-1
100,20,2230,979,96,48,1,-1,-1,-1
100,23,504,1016,68,28,1,-1,-1,-1
100,26,384,1019,64,32,1,-1,-1,-1
100,30,1619,995,80,36,1,-1,-1,-1
100,31,1733,987,84,40,1,-1,-1,-1
100,32,2109,979,84,40,1,-1,-1,-1
100,33,1382,995,76,42,1,-1,-1,-1
100,34,1290,999,72,36,1,-1,-1,-1
100,36,1303,1000,56,32,1,-1,-1,-1
100,38,1930,988,68,36,1,-1,-1,-1
100,39,2440,972,91,46,1,-1,-1,-1
100,42,2309,974,91,44,1,-1,-1,-1
100,43,2002,978,88,48,1,-1,-1,-1
100,44,19,1036,50,23,1,-1,-1,-1
101,2,1218,1007,60,32,1,-1,-1,-1
101,20,2233,979,96,48,1,-1,-1,-1
101,23,508,1015,68,28,1,-1,-1,-1
101,26,388,1019,64,32,1,-1,-1,-1
101,30,1620,994,80,36,1,-1,-1,-1
101,31,1736,987,84,40,1,-1,-1,-1
101,32,2111,979,84,40,1,-1,-1,-1
101,33,1385,995,76,42,1,-1,-1,-1
101,34,1294,998,76,38,1,-1,-1,-1
101,36,1309,1000,53,30,1,-1,-1,-1
101,38,1934,987,68,36,1,-1,-1,-1
101,39,2443,972,91,46,1,-1,-1,-1
101,43,2006,978,88,48,1,-1,-1,-1
101,44,23,1036,50,23,1,-1,-1,-1
102,2,1225,1006,60,32,1,-1,-1,-1
102,20,2241,978,96,48,1,-1,-1,-1
102,23,515,1014,68,28,1,-1,-1,-1
102,26,395,1018,64,32,1,-1,-1,-1
102,30,1628,993,80,36,1,-1,-1,-1
102,31,1746,988,80,38,1,-1,-1,-1
102,32,2118,978,84,40,1,-1,-1,-1
102,33,1393,995,76,42,1,-1,-1,-1
102,34,1301,998,76,38,1,-1,-1,-1
102,36,1315,999,53,30,1,-1,-1,-1
102,38,1940,986,68,36,1,-1,-1,-1
102,39,2452,971,91,46,1,-1,-1,-1
102,43,2012,977,88,48,1,-1,-1,-1
103,2,1230,1005,60,32,1,-1,-1,-1
103,23,520,1014,68,28,1,-1,-1,-1
103,26,399,1017,64,32,1,-1,-1,-1
103,30,1632,992,80,36,1,-1,-1,-1
103,31,1749,987,80,38,1,-1,-1,-1
103,32,2120,978,84,40,1,-1,-1,-1
103,33,1398,994,76,42,1,-1,-1,-1
103,34,1306,997,76,38,1,-1,-1,-1
103,36,1320,999,53,30,1,-1,-1,-1
103,38,1944,985,68,36,1,-1,-1,-1
103,39,2454,971,91,46,1,-1,-1,-1
103,43,2016,977,88,48,1,-1,-1,-1
104,2,1234,1004,60,32,1,-1,-1,-1
104,23,521,1012,71,29,1,-1,-1,-1
104,26,403,1016,64,32,1,-1,-1,-1
104,30,1634,992,80,36,1,-1,-1,-1
104,31,1753,987,80,38,1,-1,-1,-1
104,32,2125,978,84,40,1,-1,-1,-1
104,33,1400,993,76,42,1,-1,-1,-1
104,34,1308,996,76,38,1,-1,-1,-1
104,36,1322,999,53,30,1,-1,-1,-1
104,38,1948,985,65,34,1,-1,-1,-1
104,39,2459,972,87,44,1,-1,-1,-1
104,43,2019,976,88,48,1,-1,-1,-1
105,2,1236,1004,64,32,1,-1,-1,-1
105,23,524,1016,68,28,1,-1,-1,-1
105,26,412,1020,64,28,1,-1,-1,-1
105,30,1632,988,80,36,1,-1,-1,-1
105,31,1760,984,80,40,1,-1,-1,-1
105,32,2128,976,80,44,1,-1,-1,-1
105,33,1404,992,72,36,1,-1,-1,-1
105,34,1308,996,76,38,1,-1,-1,-1
105,36,1322,999,53,30,1,-1,-1,-1
105,38,1948,985,65,34,1,-1,-1,-1
105,39,2456,968,92,44,1,-1,-1,-1
105,43,2024,976,84,48,1,-1,-1,-1
105,45,708,1012,52,28,1,-1,-1,-1
105,46,2252,972,64,44,1,-1,-1,-1
105,47,772,1008,56,28,1,-1,-1,-1
105,48,2348,972,56,40,1,-1,-1,-1
106,2,1242,1004,64,32,1,-1,-1,-1
106,23,530,1016,68,28,1,-1,-1,-1
106,26,418,1020,64,28,1,-1,-1,-1
106,30,1639,988,80,36,1,-1,-1,-1
106,31,1765,984,80,40,1,-1,-1,-1
106,32,2133,975,80,44,1,-1,-1,-1
106,33,1410,991,72,36,1,-1,-1,-1
106,34,1317,995,76,38,1,-1,-1,-1
106,36,1332,997,53,30,1,-1,-1,-1
106,38,1956,985,65,34,1,-1,-1,-1
106,39,2462,968,92,44,1,-1,-1,-1
106,43,2030,976,84,48,1,-1,-1,-1
106,45,714,1011,52,28,1,-1,-1,-1
106,46,2257,972,64,44,1,-1,-1,-1
106,47,778,1007,56,28,1,-1,-1,-1
106,48,2353,972,53,38,1,-1,-1,-1
107,2,1245,1003,64,32,1,-1,-1,-1
107,23,533,1015,68,28,1,-1,-1,-1
107,26,422,1020,61,27,1,-1,-1,-1
107,30,1642,988,76,34,1,-1,-1,-1
107,31,1767,983,80,40,1,-1,-1,-1
107,32,2135,974,80,44,1,-1,-1,-1
107,33,1412,991,72,36,1,-1,-1,-1
107,34,1319,995,76,38,1,-1,-1,-1
107,36,1334,996,53,30,1,-1,-1,-1
107,38,1959,984,65,34,1,-1,-1,-1
107,39,2462,966,97,46,1,-1,-1,-1
107,43,2032,975,84,48,1,-1,-1,-1
107,45,718,1011,52,28,1,-1,-1,-1
107,46,2259,971,64,44,1,-1,-1,-1
107,47,782,1007,56,28,1,-1,-1,-1
107,48,2354,970,53,38,1,-1,-1,-1
108,2,1246,1003,64,32,1,-1,-1,-1
108,23,536,1015,68,28,1,-1,-1,-1
108,26,424,1020,58,25,1,-1,-1,-1
108,30,1644,987,76,34,1,-1,-1,-1
108,31,1770,982,80,40,1,-1,-1,-1
108,32,2137,974,80,44,1,-1,-1,-1
108,33,1414,991,72,36,1,-1,-1,-1
108,34,1320,994,76,38,1,-1,-1,-1
108,36,1336,996,53,30,1,-1,-1,-1
108,38,1962,983,65,34,1,-1,-1,-1
108,39,2465,966,92,44,1,-1,-1,-1
108,43,2034,975,84,48,1,-1,-1,-1
108,45,722,1010,52,28,1,-1,-1,-1
108,46,2261,970,64,44,1,-1,-1,-1
108,47,785,1006,56,28,1,-1,-1,-1
109,2,1251,1003,64,32,1,-1,-1,-1
109,23,540,1015,68,28,1,-1,-1,-1
109,26,427,1019,61,27,1,-1,-1,-1
109,30,1647,986,76,34,1,-1,-1,-1
109,31,1771,981,80,40,1,-1,-1,-1
109,32,2139,974,80,44,1,-1,-1,-1
109,33,1418,990,72,36,1,-1,-1,-1
109,34,1325,993,76,38,1,-1,-1,-1
109,36,1340,996,53,30,1,-1,-1,-1
109,38,1965,983,65,34,1,-1,-1,-1
109,39,2467,966,92,44,1,-1,-1,-1
109,43,2036,974,84,48,1,-1,-1,-1
109,45,726,1010,52,28,1,-1,-1,-1
109,46,2263,970,64,44,1,-1,-1,-1
109,47,789,1006,56,28,1,-1,-1,-1
110,2,1257,1002,64,32,1,-1,-1,-1
110,23,545,1015,68,28,1,-1,-1,-1
110,26,432,1018,61,27,1,-1,-1,-1
110,30,1654,986,76,34,1,-1,-1,-1
110,31,1776,981,80,40,1,-1,-1,-1
110,32,2144,973,80,44,1,-1,-1,-1
110,33,1424,989,72,36,1,-1,-1,-1
110,34,1328,992,76,38,1,-1,-1,-1
110,36,1344,996,53,30,1,-1,-1,-1
110,38,1970,983,65,34,1,-1,-1,-1
110,39,2473,965,87,44,1,-1,-1,-1
110,43,2043,974,84,48,1,-1,-1,-1
110,45,731,1009,52,28,1,-1,-1,-1
110,46,2267,970,64,44,1,-1,-1,-1
110,47,795,1005,56,28,1,-1,-1,-1
111,2,1259,1002,64,32,1,-1,-1,-1
111,23,548,1015,65,27,1,-1,-1,-1
111,30,1655,986,76,34,1,-1,-1,-1
111,31,1778,981,80,40,1,-1,-1,-1
111,32,2146,973,80,44,1,-1,-1,-1
111,33,1426,989,72,36,1,-1,-1,-1
111,34,1331,993,72,36,1,-1,-1,-1
111,36,1347,995,53,30,1,-1,-1,-1
111,38,1972,983,65,34,1,-1,-1,-1
111,39,2476,966,84,42,1,-1,-1,-1
111,43,2044,973,84,48,1,-1,-1,-1
111,45,735,1009,52,28,1,-1,-1,-1
111,46,2268,969,64,44,1,-1,-1,-1
111,47,799,1005,56,28,1,-1,-1,-1
112,2,1262,1003,61,30,1,-1,-1,-1
112,23,552,1015,65,27,1,-1,-1,-1
112,30,1658,985,76,34,1,-1,-1,-1
112,31,1781,981,80,40,1,-1,-1,-1
112,32,2148,972,80,44,1,-1,-1,-1
112,33,1429,988,72,36,1,-1,-1,-1
112,34,1334,992,72,36,1,-1,-1,-1
112,36,1349,994,53,30,1,-1,-1,-1
112,38,1974,982,65,34,1,-1,-1,-1
112,39,2479,965,81,42,1,-1,-1,-1
112,43,2046,973,84,48,1,-1,-1,-1
112,45,738,1008,52,28,1,-1,-1,-1
112,46,2270,969,64,44,1,-1,-1,-1
112,47,801,1005,56,28,1,-1,-1,-1
113,2,1264,1000,56,28,1,-1,-1,-1
113,23,556,1012,64,28,1,-1,-1,-1
113,30,1664,984,76,40,1,-1,-1,-1
113,31,1776,980,88,44,1,-1,-1,-1
113,32,2148,972,80,44,1,-1,-1,-1
113,33,1428,988,76,36,1,-1,-1,-1
113,34,1336,988,72,36,1,-1,-1,-1
113,36,1349,994,53,30,1,-1,-1,-1
113,38,1974,982,65,34,1,-1,-1,-1
113,39,2480,968,76,44,1,-1,-1,-1
113,43,2046,973,84,48,1,-1,-1,-1
113,45,738,1008,52,28,1,-1,-1,-1
113,46,2270,969,64,44,1,-1,-1,-1
113,47,801,1005,56,28,1,-1,-1,-1
113,49,432,1016,68,32,1,-1,-1,-1
114,2,1270,1000,56,28,1,-1,-1,-1
114,23,562,1012,64,28,1,-1,-1,-1
114,30,1670,984,76,40,1,-1,-1,-1
114,31,1782,980,88,44,1,-1,-1,-1
114,32,2154,971,80,44,1,-1,-1,-1
114,33,1434,988,76,36,1,-1,-1,-1
114,34,1342,988,72,36,1,-1,-1,-1
114,36,1357,993,53,30,1,-1,-1,-1
114,38,1982,981,65,34,1,-1,-1,-1
114,39,2485,968,75,44,1,-1,-1,-1
114,43,2055,972,84,48,1,-1,-1,-1
114,45,748,1006,52,28,1,-1,-1,-1
114,46,2278,968,64,44,1,-1,-1,-1
114,47,811,1004,56,28,1,-1,-1,-1
114,49,438,1015,68,32,1,-1,-1,-1
115,2,1274,1000,56,28,1,-1,-1,-1
115,23,565,1012,64,28,1,-1,-1,-1
115,30,1672,984,76,40,1,-1,-1,-1
115,31,1783,980,88,44,1,-1,-1,-1
115,32,2156,971,80,44,1,-1,-1,-1
115,33,1436,988,76,36,1,-1,-1,-1
115,34,1344,988,72,36,1,-1,-1,-1
115,36,1360,993,53,30,1,-1,-1,-1
115,38,1985,981,65,34,1,-1,-1,-1
115,39,2487,968,73,44,1,-1,-1,-1
115,43,2057,971,84,48,1,-1,-1,-1
115,45,752,1006,52,28,1,-1,-1,-1
115,46,2281,967,64,44,1,-1,-1,-1
115,47,812,1003,56,28,1,-1,-1,-1
115,49,439,1015,71,34,1,-1,-1,-1
116,2,1275,1000,56,28,1,-1,-1,-1
116,23,567,1011,64,28,1,-1,-1,-1
116,30,1675,983,76,40,1,-1,-1,-1
116,31,1785,979,88,44,1,-1,-1,-1
116,32,2159,971,80,44,1,-1,-1,-1
116,33,1439,988,76,36,1,-1,-1,-1
116,34,1346,987,72,36,1,-1,-1,-1
116,36,1363,993,51,29,1,-1,-1,-1
116,38,1987,980,65,34,1,-1,-1,-1
116,39,2490,967,70,44,1,-1,-1,-1
116,43,2058,970,84,48,1,-1,-1,-1
116,45,755,1006,52,28,1,-1,-1,-1
116,46,2285,966,64,44,1,-1,-1,-1
116,47,817,1003,56,28,1,-1,-1,-1
116,49,442,1014,71,34,1,-1,-1,-1
117,2,1278,999,56,28,1,-1,-1,-1
117,23,570,1011,64,28,1,-1,-1,-1
117,30,1678,982,76,40,1,-1,-1,-1
117,31,1787,980,88,44,1,-1,-1,-1
117,32,2161,971,80,44,1,-1,-1,-1
117,33,1442,988,76,36,1,-1,-1,-1
117,34,1350,987,72,36,1,-1,-1,-1
117,36,1367,993,51,29,1,-1,-1,-1
117,39,2491,966,69,44,1,-1,-1,-1
117,43,2062,970,84,48,1,-1,-1,-1
117,45,758,1006,52,28,1,-1,-1,-1
117,46,2288,966,64,44,1,-1,-1,-1
117,47,819,1003,56,28,1,-1,-1,-1
117,49,445,1014,71,34,1,-1,-1,-1
118,2,1284,998,56,28,1,-1,-1,-1
118,23,576,1011,64,28,1,-1,-1,-1
118,30,1684,982,76,40,1,-1,-1,-1
118,31,1790,977,88,44,1,-1,-1,-1
118,32,2166,970,80,44,1,-1,-1,-1
118,33,1448,987,76,36,1,-1,-1,-1
118,34,1356,987,72,36,1,-1,-1,-1
118,36,1371,993,51,29,1,-1,-1,-1
118,39,2497,966,63,44,1,-1,-1,-1
118,45,763,1006,52,28,1,-1,-1,-1
118,46,2294,965,64,44,1,-1,-1,-1
118,47,825,1002,56,28,1,-1,-1,-1
118,49,453,1014,68,32,1,-1,-1,-1
119,2,1286,998,56,28,1,-1,-1,-1
119,23,578,1010,64,28,1,-1,-1,-1
119,30,1686,982,76,40,1,-1,-1,-1
119,31,1792,977,88,44,1,-1,-1,-1
119,32,2167,970,80,44,1,-1,-1,-1
119,33,1449,987,76,36,1,-1,-1,-1
119,34,1358,986,72,36,1,-1,-1,-1
119,36,1374,993,51,29,1,-1,-1,-1
119,45,767,1005,52,28,1,-1,-1,-1
119,46,2296,965,64,44,1,-1,-1,-1
119,49,456,1014,68,32,1,-1,-1,-1
120,2,1289,998,56,28,1,-1,-1,-1
120,30,1688,982,76,40,1,-1,-1,-1
120,31,1795,976,88,44,1,-1,-1,-1
120,32,2169,969,80,44,1,-1,-1,-1
120,33,1451,986,76,36,1,-1,-1,-1
120,34,1360,986,76,38,1,-1,-1,-1
120,36,1378,992,51,29,1,-1,-1,-1
120,46,2299,964,64,44,1,-1,-1,-1
120,49,459,1015,65,30,1,-1,-1,-1
121,2,1292,996,60,28,1,-1,-1,-1
121,30,1692,980,80,40,1,-1,-1,-1
121,31,1796,976,92,44,1,-1,-1,-1
121,32,2168,972,84,40,1,-1,-1,-1
121,33,1460,988,72,36,1,-1,-1,-1
121,34,1360,992,64,36,1,-1,-1,-1
121,36,1378,992,51,29,1,-1,-1,-1
121,46,2299,964,64,44,1,-1,-1,-1
121,49,464,1008,64,28,1,-1,-1,-1
121,50,584,1008,64,28,1,-1,-1,-1
121,51,108,1020,56,28,1,-1,-1,-1
121,52,2500,960,60,48,1,-1,-1,-1
122,2,1298,996,60,28,1,-1,-1,-1
122,30,1697,980,80,40,1,-1,-1,-1
122,31,1801,976,92,44,1,-1,-1,-1
122,32,2174,972,84,40,1,-1,-1,-1
122,33,1465,987,72,36,1,-1,-1,-1
122,34,1366,991,64,36,1,-1,-1,-1
122,36,1386,992,51,29,1,-1,-1,-1
122,49,470,1008,64,28,1,-1,-1,-1
122,50,592,1008,61,27,1,-1,-1,-1
122,51,114,1020,56,28,1,-1,-1,-1
122,52,2506,960,54,48,1,-1,-1,-1
123,2,1301,996,60,28,1,-1,-1,-1
123,30,1702,980,76,38,1,-1,-1,-1
123,31,1801,975,97,46,1,-1,-1,-1
123,32,2175,972,84,40,1,-1,-1,-1
123,33,1468,987,72,36,1,-1,-1,-1
123,34,1369,992,64,36,1,-1,-1,-1
123,36,1389,991,51,29,1,-1,-1,-1
123,49,473,1008,61,27,1,-1,-1,-1
123,50,595,1009,61,27,1,-1,-1,-1
123,51,120,1020,53,27,1,-1,-1,-1
123,52,2509,960,51,48,1,-1,-1,-1
124,2,1303,995,60,28,1,-1,-1,-1
124,30,1704,980,76,38,1,-1,-1,-1
124,31,1805,976,92,44,1,-1,-1,-1
124,32,2177,971,84,40,1,-1,-1,-1
124,33,1471,987,72,36,1,-1,-1,-1
124,34,1371,991,64,36,1,-1,-1,-1
124,36,1391,990,53,30,1,-1,-1,-1
124,49,476,1009,61,27,1,-1,-1,-1
124,50,597,1009,61,27,1,-1,-1,-1
124,51,123,1020,53,27,1,-1,-1,-1
124,52,2512,960,48,48,1,-1,-1,-1
125,2,1306,995,60,28,1,-1,-1,-1
125,30,1707,980,76,38,1,-1,-1,-1
125,31,1807,976,92,44,1,-1,-1,-1
125,32,2179,970,84,40,1,-1,-1,-1
125,33,1474,987,72,36,1,-1,-1,-1
125,34,1373,990,64,36,1,-1,-1,-1
125,36,1395,989,53,30,1,-1,-1,-1
125,49,479,1008,61,27,1,-1,-1,-1
125,50,600,1009,61,27,1,-1,-1,-1
125,51,126,1020,53,27,1,-1,-1,-1
125,52,2514,959,46,48,1,-1,-1,-1
126,2,1311,995,60,28,1,-1,-1,-1
126,30,1713,979,76,38,1,-1,-1,-1
126,31,1814,976,92,44,1,-1,-1,-1
126,32,2186,970,84,40,1,-1,-1,-1
126,33,1481,987,72,36,1,-1,-1,-1
126,34,1380,990,64,36,1,-1,-1,-1
126,36,1400,988,53,30,1,-1,-1,-1
126,49,485,1008,61,27,1,-1,-1,-1
126,50,605,1008,64,28,1,-1,-1,-1
126,51,132,1019,53,27,1,-1,-1,-1
127,2,1315,995,60,28,1,-1,-1,-1
127,30,1716,979,76,38,1,-1,-1,-1
127,31,1813,975,97,46,1,-1,-1,-1
127,32,2188,970,84,40,1,-1,-1,-1
127,33,1485,988,69,34,1,-1,-1,-1
127,34,1384,990,64,36,1,-1,-1,-1
127,36,1404,988,53,30,1,-1,-1,-1
127,49,488,1007,64,28,1,-1,-1,-1
127,50,608,1007,64,28,1,-1,-1,-1
127,51,136,1019,53,27,1,-1,-1,-1
128,2,1318,995,60,28,1,-1,-1,-1
128,30,1716,978,80,40,1,-1,-1,-1
128,31,1819,976,92,44,1,-1,-1,-1
128,32,2191,970,84,40,1,-1,-1,-1
128,33,1487,988,69,34,1,-1,-1,-1
128,34,1387,989,64,36,1,-1,-1,-1
128,36,1407,988,53,30,1,-1,-1,-1
128,49,490,1006,64,28,1,-1,-1,-1
128,50,612,1007,64,28,1,-1,-1,-1
128,51,141,1019,53,27,1,-1,-1,-1
129,2,1318,995,60,28,1,-1,-1,-1
129,30,1716,976,84,40,1,-1,-1,-1
129,31,1832,976,76,36,1,-1,-1,-1
129,32,2200,968,76,44,1,-1,-1,-1
129,33,1484,984,76,36,1,-1,-1,-1
129,34,1392,988,68,36,1,-1,-1,-1
129,36,1407,988,53,30,1,-1,-1,-1
129,49,492,1008,64,28,1,-1,-1,-1
129,50,616,1008,64,28,1,-1,-1,-1
129,51,140,1020,56,28,1,-1,-1,-1
129,53,804,1004,48,24,1,-1,-1,-1
129,54,2020,972,72,36,1,-1,-1,-1
130,2,1326,994,60,28,1,-1,-1,-1
130,30,1722,976,84,40,1,-1,-1,-1
130,31,1836,976,76,36,1,-1,-1,-1
130,32,2205,967,76,44,1,-1,-1,-1
130,33,1491,984,76,36,1,-1,-1,-1
130,34,1398,988,68,36,1,-1,-1,-1
130,36,1414,988,51,29,1,-1,-1,-1
130,49,498,1008,64,28,1,-1,-1,-1
130,50,622,1007,64,28,1,-1,-1,-1
130,51,146,1020,56,28,1,-1,-1,-1
130,53,810,1004,48,24,1,-1,-1,-1
130,54,2026,971,72,36,1,-1,-1,-1
131,2,1326,993,60,28,1,-1,-1,-1
131,30,1722,976,84,40,1,-1,-1,-1
131,31,1836,976,76,36,1,-1,-1,-1
131,32,2205,967,76,44,1,-1,-1,-1
131,33,1490,984,76,36,1,-1,-1,-1
131,34,1398,988,68,36,1,-1,-1,-1
131,36,1415,988,51,29,1,-1,-1,-1
131,49,498,1008,64,28,1,-1,-1,-1
131,50,622,1007,64,28,1,-1,-1,-1
131,51,147,1020,56,28,1,-1,-1,-1
131,53,810,1004,48,24,1,-1,-1,-1
131,54,2026,972,72,36,1,-1,-1,-1
132,2,1332,992,60,28,1,-1,-1,-1
132,30,1728,976,84,40,1,-1,-1,-1
132,31,1841,975,76,36,1,-1,-1,-1
132,32,2211,966,76,44,1,-1,-1,-1
132,33,1495,982,80,38,1,-1,-1,-1
132,34,1404,988,68,36,1,-1,-1,-1
132,36,1421,987,51,29,1,-1,-1,-1
132,49,504,1008,64,28,1,-1,-1,-1
132,50,628,1007,64,28,1,-1,-1,-1
132,51,153,1019,56,28,1,-1,-1,-1
132,53,817,1004,48,24,1,-1,-1,-1
132,54,2032,971,72,36,1,-1,-1,-1
133,2,1335,992,60,28,1,-1,-1,-1
133,30,1729,976,84,40,1,-1,-1,-1
133,31,1842,975,76,36,1,-1,-1,-1
133,32,2211,966,76,44,1,-1,-1,-1
133,33,1497,982,80,38,1,-1,-1,-1
133,34,1406,987,68,36,1,-1,-1,-1
133,36,1424,987,51,29,1,-1,-1,-1
133,49,506,1008,64,28,1,-1,-1,-1
133,50,630,1007,64,28,1,-1,-1,-1
133,51,157,1019,56,28,1,-1,-1,-1
133,53,821,1004,48,24,1,-1,-1,-1
133,54,2034,971,72,36,1,-1,-1,-1
134,2,1340,992,60,28,1,-1,-1,-1
134,30,1737,977,80,38,1,-1,-1,-1
134,31,1847,974,76,36,1,-1,-1,-1
134,32,2216,965,76,44,1,-1,-1,-1
134,33,1502,981,80,38,1,-1,-1,-1
134,34,1412,987,68,36,1,-1,-1,-1
134,36,1429,986,51,29,1,-1,-1,-1
134,49,512,1007,64,28,1,-1,-1,-1
134,50,636,1006,64,28,1,-1,-1,-1
134,51,162,1019,56,28,1,-1,-1,-1
134,53,826,1004,48,24,1,-1,-1,-1
134,54,2038,970,76,38,1,-1,-1,-1
135,2,1340,992,60,28,1,-1,-1,-1
135,30,1737,977,80,38,1,-1,-1,-1
135,31,1847,974,76,36,1,-1,-1,-1
135,32,2216,965,76,44,1,-1,-1,-1
135,33,1502,980,80,38,1,-1,-1,-1
135,34,1413,988,65,34,1,-1,-1,-1
135,36,1428,987,51,29,1,-1,-1,-1
135,49,512,1007,64,28,1,-1,-1,-1
135,50,635,1006,64,28,1,-1,-1,-1
135,51,162,1020,56,28,1,-1,-1,-1
135,53,826,1004,48,24,1,-1,-1,-1
135,54,2038,971,76,38,1,-1,-1,-1
136,2,1345,991,60,28,1,-1,-1,-1
136,30,1744,976,80,38,1,-1,-1,-1
136,31,1851,974,76,36,1,-1,-1,-1
136,32,2219,964,76,44,1,-1,-1,-1
136,33,1506,979,84,40,1,-1,-1,-1
136,34,1419,987,65,34,1,-1,-1,-1
136,36,1434,985,51,29,1,-1,-1,-1
136,49,518,1006,64,28,1,-1,-1,-1
136,50,640,1006,64,28,1,-1,-1,-1
136,51,169,1020,53,27,1,-1,-1,-1
136,53,831,1003,48,24,1,-1,-1,-1
136,54,2043,970,76,38,1,-1,-1,-1
137,2,1348,992,56,32,1,-1,-1,-1
137,30,1744,972,80,36,1,-1,-1,-1
137,31,1872,972,60,36,1,-1,-1,-1
137,32,2216,964,84,44,1,-1,-1,-1
137,33,1506,979,84,40,1,-1,-1,-1
137,34,1416,984,72,36,1,-1,-1,-1
137,36,1434,985,51,29,1,-1,-1,-1
137,49,524,1008,60,28,1,-1,-1,-1
137,50,640,1004,60,28,1,-1,-1,-1
137,51,172,1016,60,28,1,-1,-1,-1
137,53,832,1000,52,24,1,-1,-1,-1
137,54,2044,968,68,40,1,-1,-1,-1
137,55,904,996,44,32,1,-1,-1,-1
138,2,1353,992,56,32,1,-1,-1,-1
138,30,1749,972,80,36,1,-1,-1,-1
138,31,1875,972,60,36,1,-1,-1,-1
138,32,2219,964,84,44,1,-1,-1,-1
138,33,1514,978,84,40,1,-1,-1,-1
138,34,1420,984,72,36,1,-1,-1,-1
138,36,1441,985,51,29,1,-1,-1,-1
138,49,529,1008,60,28,1,-1,-1,-1
138,50,645,1004,60,28,1,-1,-1,-1
138,51,177,1015,60,28,1,-1,-1,-1
138,53,837,1000,52,24,1,-1,-1,-1
138,54,2048,968,68,40,1,-1,-1,-1
138,55,909,996,44,32,1,-1,-1,-1
139,2,1353,992,56,32,1,-1,-1,-1
139,30,1749,972,80,36,1,-1,-1,-1
139,31,1875,972,60,36,1,-1,-1,-1
139,32,2219,964,84,44,1,-1,-1,-1
139,33,1514,978,84,40,1,-1,-1,-1
139,34,1420,984,72,36,1,-1,-1,-1
139,36,1441,985,51,29,1,-1,-1,-1
139,49,529,1008,60,28,1,-1,-1,-1
139,50,645,1004,60,28,1,-1,-1,-1
139,51,177,1015,60,28,1,-1,-1,-1
139,53,837,1000,52,24,1,-1,-1,-1
139,54,2049,968,68,40,1,-1,-1,-1
139,55,909,996,44,32,1,-1,-1,-1
140,2,1358,992,56,32,1,-1,-1,-1
140,30,1754,971,80,36,1,-1,-1,-1
140,31,1879,972,60,36,1,-1,-1,-1
140,32,2222,964,84,44,1,-1,-1,-1
140,33,1519,979,80,38,1,-1,-1,-1
140,34,1426,984,72,36,1,-1,-1,-1
140,36,1446,985,51,29,1,-1,-1,-1
140,49,535,1008,60,28,1,-1,-1,-1
140,50,651,1004,60,28,1,-1,-1,-1
140,51,182,1015,63,29,1,-1,-1,-1
140,53,842,1000,52,24,1,-1,-1,-1
140,54,2053,967,68,40,1,-1,-1,-1
140,55,915,996,44,32,1,-1,-1,-1
141,2,1361,992,56,32,1,-1,-1,-1
141,30,1756,972,80,36,1,-1,-1,-1
141,31,1880,970,63,38,1,-1,-1,-1
141,32,2224,963,84,44,1,-1,-1,-1
141,33,1522,979,76,36,1,-1,-1,-1
141,34,1428,984,72,36,1,-1,-1,-1
141,36,1449,984,51,29,1,-1,-1,-1
141,49,538,1008,60,28,1,-1,-1,-1
141,50,652,1003,60,28,1,-1,-1,-1
141,51,184,1014,63,29,1,-1,-1,-1
141,53,846,1000,52,24,1,-1,-1,-1
141,54,2056,967,68,40,1,-1,-1,-1
141,55,918,996,44,32,1,-1,-1,-1
142,2,1367,991,56,32,1,-1,-1,-1
142,30,1763,972,80,36,1,-1,-1,-1
142,31,1885,970,63,38,1,-1,-1,-1
142,32,2230,963,84,44,1,-1,-1,-1
142,33,1528,979,76,36,1,-1,-1,-1
142,34,1434,983,72,36,1,-1,-1,-1
142,36,1454,984,51,29,1,-1,-1,-1
142,49,544,1008,60,28,1,-1,-1,-1
142,50,658,1003,60,28,1,-1,-1,-1
142,51,191,1014,63,29,1,-1,-1,-1
142,53,852,999,52,24,1,-1,-1,-1
142,54,2061,967,68,40,1,-1,-1,-1
142,55,923,995,44,32,1,-1,-1,-1
143,2,1367,990,56,32,1,-1,-1,-1
143,30,1762,971,80,36,1,-1,-1,-1
143,31,1885,970,63,38,1,-1,-1,-1
143,32,2230,963,84,44,1,-1,-1,-1
143,33,1528,979,76,36,1,-1,-1,-1
143,34,1434,983,72,36,1,-1,-1,-1
143,36,1455,984,51,29,1,-1,-1,-1
143,49,545,1008,57,27,1,-1,-1,-1
143,50,658,1003,60,28,1,-1,-1,-1
143,51,190,1014,63,29,1,-1,-1,-1
143,53,852,999,52,24,1,-1,-1,-1
143,54,2061,967,68,40,1,-1,-1,-1
143,55,923,995,44,32,1,-1,-1,-1
144,2,1372,990,56,32,1,-1,-1,-1
144,30,1766,970,80,36,1,-1,-1,-1
144,31,1887,970,63,38,1,-1,-1,-1
144,32,2233,962,84,44,1,-1,-1,-1
144,33,1531,979,76,36,1,-1,-1,-1
144,34,1438,983,72,36,1,-1,-1,-1
144,36,1459,983,51,29,1,-1,-1,-1
144,49,550,1008,57,27,1,-1,-1,-1
144,50,662,1003,60,28,1,-1,-1,-1
144,51,196,1013,63,29,1,-1,-1,-1
144,53,857,998,52,24,1,-1,-1,-1
144,54,2066,966,68,40,1,-1,-1,-1
144,55,929,994,44,32,1,-1,-1,-1
145,2,1368,988,60,28,1,-1,-1,-1
145,30,1768,968,80,40,1,-1,-1,-1
145,31,1888,968,64,36,1,-1,-1,-1
145,32,2233,962,84,44,1,-1,-1,-1
145,33,1540,976,72,36,1,-1,-1,-1
145,34,1438,983,72,36,1,-1,-1,-1
145,36,1456,984,60,32,1,-1,-1,-1
145,49,548,1004,60,24,1,-1,-1,-1
145,50,664,1000,64,32,1,-1,-1,-1
145,51,196,1012,60,28,1,-1,-1,-1
145,53,860,996,48,28,1,-1,-1,-1
145,54,2064,964,72,40,1,-1,-1,-1
145,55,929,994,44,32,1,-1,-1,-1
145,56,2148,952,52,48,1,-1,-1,-1
146,2,1373,988,60,28,1,-1,-1,-1
146,30,1772,968,80,40,1,-1,-1,-1
146,31,1891,968,64,36,1,-1,-1,-1
146,32,2237,960,84,44,1,-1,-1,-1
146,33,1543,975,76,38,1,-1,-1,-1
146,34,1444,982,72,36,1,-1,-1,-1
146,36,1461,984,60,32,1,-1,-1,-1
146,49,553,1004,60,24,1,-1,-1,-1
146,50,668,1000,64,32,1,-1,-1,-1
146,51,202,1011,60,28,1,-1,-1,-1
146,53,865,995,48,28,1,-1,-1,-1
146,54,2068,964,72,40,1,-1,-1,-1
146,56,2153,952,52,48,1,-1,-1,-1
147,2,1373,988,60,28,1,-1,-1,-1
147,30,1772,968,80,40,1,-1,-1,-1
147,31,1892,968,64,36,1,-1,-1,-1
147,32,2237,959,84,44,1,-1,-1,-1
147,33,1543,975,76,38,1,-1,-1,-1
147,34,1444,981,72,36,1,-1,-1,-1
147,36,1461,984,60,32,1,-1,-1,-1
147,49,553,1004,60,24,1,-1,-1,-1
147,50,668,1000,64,32,1,-1,-1,-1
147,51,202,1012,60,28,1,-1,-1,-1
147,53,865,995,48,28,1,-1,-1,-1
147,54,2069,964,72,40,1,-1,-1,-1
147,56,2153,953,52,48,1,-1,-1,-1
148,2,1378,987,60,28,1,-1,-1,-1
148,30,1778,968,80,40,1,-1,-1,-1
148,31,1896,967,64,36,1,-1,-1,-1
148,32,2240,959,84,44,1,-1,-1,-1
148,33,1548,974,76,38,1,-1,-1,-1
148,34,1450,981,72,36,1,-1,-1,-1
148,36,1467,983,60,32,1,-1,-1,-1
148,49,558,1004,60,24,1,-1,-1,-1
148,50,674,999,64,32,1,-1,-1,-1
148,51,208,1011,60,28,1,-1,-1,-1
148,53,870,995,48,28,1,-1,-1,-1
148,54,2074,964,72,40,1,-1,-1,-1
148,56,2158,952,52,48,1,-1,-1,-1
149,2,1380,987,60,28,1,-1,-1,-1
149,30,1780,967,80,40,1,-1,-1,-1
149,31,1898,967,64,36,1,-1,-1,-1
149,32,2243,959,84,44,1,-1,-1,-1
149,33,1550,974,76,38,1,-1,-1,-1
149,34,1452,980,72,36,1,-1,-1,-1
149,36,1469,983,60,32,1,-1,-1,-1
149,49,560,1003,60,24,1,-1,-1,-1
149,50,678,999,61,30,1,-1,-1,-1
149,51,210,1011,60,28,1,-1,-1,-1
149,53,873,994,48,28,1,-1,-1,-1
149,54,2076,963,72,40,1,-1,-1,-1
149,56,2158,950,55,50,1,-1,-1,-1
150,2,1384,986,63,29,1,-1,-1,-1
150,30,1786,966,80,40,1,-1,-1,-1
150,31,1903,966,64,36,1,-1,-1,-1
150,32,2249,959,84,44,1,-1,-1,-1
150,33,1555,974,76,38,1,-1,-1,-1
150,34,1458,980,72,36,1,-1,-1,-1
150,36,1475,983,60,32,1,-1,-1,-1
150,49,566,1003,60,24,1,-1,-1,-1
150,50,684,1000,61,30,1,-1,-1,-1
150,51,217,1011,60,28,1,-1,-1,-1
150,53,878,993,48,28,1,-1,-1,-1
150,54,2080,962,76,42,1,-1,-1,-1
150,56,2161,950,55,50,1,-1,-1,-1
151,2,1385,986,63,29,1,-1,-1,-1
151,30,1785,966,80,40,1,-1,-1,-1
151,31,1902,966,64,36,1,-1,-1,-1
151,32,2248,959,84,44,1,-1,-1,-1
151,33,1555,973,76,38,1,-1,-1,-1
151,34,1458,979,72,36,1,-1,-1,-1
151,36,1474,982,60,32,1,-1,-1,-1
151,49,566,1003,60,24,1,-1,-1,-1
151,50,684,1000,61,30,1,-1,-1,-1
151,51,217,1010,60,28,1,-1,-1,-1
151,53,878,993,48,28,1,-1,-1,-1
151,54,2080,963,72,40,1,-1,-1,-1
151,56,2162,949,55,50,1,-1,-1,-1
152,2,1389,985,63,29,1,-1,-1,-1
152,30,1789,965,80,40,1,-1,-1,-1
152,31,1907,966,64,36,1,-1,-1,-1
152,32,2251,957,84,44,1,-1,-1,-1
152,33,1561,972,76,38,1,-1,-1,-1
152,34,1463,979,72,36,1,-1,-1,-1
152,36,1479,982,60,32,1,-1,-1,-1
152,49,571,1002,60,24,1,-1,-1,-1
152,50,688,999,61,30,1,-1,-1,-1
152,51,223,1010,60,28,1,-1,-1,-1
152,53,882,992,50,29,1,-1,-1,-1
152,54,2084,961,76,42,1,-1,-1,-1
152,56,2166,949,55,50,1,-1,-1,-1
153,2,1392,984,52,28,1,-1,-1,-1
153,30,1792,968,84,36,1,-1,-1,-1
153,31,1888,964,76,40,1,-1,-1,-1
153,32,2264,952,72,44,1,-1,-1,-1
153,33,1568,972,64,36,1,-1,-1,-1
153,34,1463,979,72,36,1,-1,-1,-1
153,36,1484,976,56,36,1,-1,-1,-1
153,49,584,1000,52,28,1,-1,-1,-1
153,50,692,1000,64,24,1,-1,-1,-1
153,51,223,1010,60,28,1,-1,-1,-1
153,53,882,992,50,29,1,-1,-1,-1
153,54,2084,961,76,42,1,-1,-1,-1
153,56,2166,949,55,50,1,-1,-1,-1
153,57,2440,948,84,44,1,-1,-1,-1
154,2,1397,984,52,28,1,-1,-1,-1
154,30,1798,967,84,36,1,-1,-1,-1
154,31,1891,963,76,40,1,-1,-1,-1
154,32,2269,952,72,44,1,-1,-1,-1
154,33,1574,972,64,36,1,-1,-1,-1
154,34,1469,978,72,36,1,-1,-1,-1
154,36,1489,975,56,36,1,-1,-1,-1
154,49,589,1000,52,28,1,-1,-1,-1
154,50,697,999,64,24,1,-1,-1,-1
154,54,2088,960,72,40,1,-1,-1,-1
154,56,2172,948,55,50,1,-1,-1,-1
154,57,2446,947,84,44,1,-1,-1,-1
155,2,1398,985,52,28,1,-1,-1,-1
155,30,1798,967,84,36,1,-1,-1,-1
155,31,1892,963,76,40,1,-1,-1,-1
155,32,2269,952,72,44,1,-1,-1,-1
155,33,1574,973,64,36,1,-1,-1,-1
155,34,1470,978,72,36,1,-1,-1,-1
155,36,1489,976,56,36,1,-1,-1,-1
155,49,589,1000,52,28,1,-1,-1,-1
155,50,697,999,64,24,1,-1,-1,-1
155,54,2089,959,72,40,1,-1,-1,-1
155,56,2172,947,55,50,1,-1,-1,-1
155,57,2447,948,84,44,1,-1,-1,-1
156,2,1403,985,52,28,1,-1,-1,-1
156,30,1802,967,84,36,1,-1,-1,-1
156,31,1897,963,76,40,1,-1,-1,-1
156,32,2274,952,72,44,1,-1,-1,-1
156,33,1579,972,64,36,1,-1,-1,-1
156,34,1474,977,76,38,1,-1,-1,-1
156,36,1495,976,56,36,1,-1,-1,-1
156,49,594,1000,52,28,1,-1,-1,-1
156,50,702,999,64,24,1,-1,-1,-1
156,54,2094,960,72,40,1,-1,-1,-1
156,56,2177,947,55,50,1,-1,-1,-1
156,57,2453,947,84,44,1,-1,-1,-1
157,2,1406,984,52,28,1,-1,-1,-1
157,30,1804,967,84,36,1,-1,-1,-1
157,31,1898,963,76,40,1,-1,-1,-1
157,32,2277,952,72,44,1,-1,-1,-1
157,33,1582,972,64,36,1,-1,-1,-1
157,34,1475,977,76,38,1,-1,-1,-1
157,36,1498,976,56,36,1,-1,-1,-1
157,49,598,1000,52,28,1,-1,-1,-1
157,50,704,999,64,24,1,-1,-1,-1
157,54,2096,960,72,40,1,-1,-1,-1
157,56,2180,948,55,50,1,-1,-1,-1
157,57,2456,946,84,44,1,-1,-1,-1
158,2,1411,984,52,28,1,-1,-1,-1
158,30,1810,966,84,36,1,-1,-1,-1
158,31,1904,963,76,40,1,-1,-1,-1
158,32,2281,951,72,44,1,-1,-1,-1
158,33,1587,972,64,36,1,-1,-1,-1
158,34,1482,977,76,38,1,-1,-1,-1
158,36,1503,976,56,36,1,-1,-1,-1
158,49,602,1000,52,28,1,-1,-1,-1
158,50,710,999,64,24,1,-1,-1,-1
158,54,2103,960,72,40,1,-1,-1,-1
158,56,2186,948,55,50,1,-1,-1,-1
158,57,2463,946,84,44,1,-1,-1,-1
159,2,1412,984,52,28,1,-1,-1,-1
159,30,1810,966,84,36,1,-1,-1,-1
159,31,1904,963,76,40,1,-1,-1,-1
159,32,2282,951,72,44,1,-1,-1,-1
159,33,1587,972,64,36,1,-1,-1,-1
159,34,1482,976,76,38,1,-1,-1,-1
159,36,1503,976,56,36,1,-1,-1,-1
159,49,602,1000,52,28,1,-1,-1,-1
159,50,710,999,64,24,1,-1,-1,-1
159,54,2103,960,72,40,1,-1,-1,-1
159,56,2186,948,55,50,1,-1,-1,-1
159,57,2463,946,84,44,1,-1,-1,-1
160,2,1417,984,52,28,1,-1,-1,-1
160,30,1816,967,84,36,1,-1,-1,-1
160,31,1909,963,76,40,1,-1,-1,-1
160,32,2288,952,72,44,1,-1,-1,-1
160,33,1593,972,64,36,1,-1,-1,-1
160,34,1488,976,76,38,1,-1,-1,-1
160,36,1508,975,56,36,1,-1,-1,-1
160,49,608,1000,52,28,1,-1,-1,-1
160,50,716,999,64,24,1,-1,-1,-1
160,54,2108,960,72,40,1,-1,-1,-1
160,56,2191,947,55,50,1,-1,-1,-1
160,57,2470,946,84,44,1,-1,-1,-1
161,2,1420,984,52,28,1,-1,-1,-1
161,30,1816,964,72,36,1,-1,-1,-1
161,31,1908,960,52,40,1,-1,-1,-1
161,32,2288,952,72,44,1,-1,-1,-1
161,33,1616,976,44,32,1,-1,-1,-1
161,34,1488,976,76,38,1,-1,-1,-1
161,36,1524,976,44,32,1,-1,-1,-1
161,49,600,996,60,28,1,-1,-1,-1
161,50,712,996,64,24,1,-1,-1,-1
161,54,2108,960,72,40,1,-1,-1,-1
161,56,2191,947,55,50,1,-1,-1,-1
161,57,2470,946,84,44,1,-1,-1,-1
161,58,260,1008,52,28,1,-1,-1,-1
161,59,972,988,56,32,1,-1,-1,-1
161,60,908,992,56,28,1,-1,-1,-1
161,61,1948,960,44,40,1,-1,-1,-1
162,2,1426,984,52,28,1,-1,-1,-1
162,30,1822,964,72,36,1,-1,-1,-1
162,31,1914,960,52,40,1,-1,-1,-1
162,32,2296,952,72,44,1,-1,-1,-1
162,33,1621,976,44,32,1,-1,-1,-1
162,34,1495,976,76,38,1,-1,-1,-1
162,36,1529,975,44,32,1,-1,-1,-1
162,49,605,996,60,28,1,-1,-1,-1
162,50,717,996,64,24,1,-1,-1,-1
162,54,2116,959,72,40,1,-1,-1,-1
162,56,2198,947,55,50,1,-1,-1,-1
162,57,2481,947,79,42,1,-1,-1,-1
162,58,266,1008,52,28,1,-1,-1,-1
162,59,978,988,56,32,1,-1,-1,-1
162,60,914,992,56,28,1,-1,-1,-1
162,61,1953,960,44,40,1,-1,-1,-1
163,2,1427,984,52,28,1,-1,-1,-1
163,30,1823,965,72,36,1,-1,-1,-1
163,31,1915,961,52,40,1,-1,-1,-1
163,32,2296,952,72,44,1,-1,-1,-1
163,33,1622,976,44,32,1,-1,-1,-1
163,34,1495,976,76,38,1,-1,-1,-1
163,36,1530,975,44,32,1,-1,-1,-1
163,49,605,996,60,28,1,-1,-1,-1
163,50,719,996,61,23,1,-1,-1,-1
163,54,2116,958,72,40,1,-1,-1,-1
163,56,2198,946,55,50,1,-1,-1,-1
163,57,2481,947,79,42,1,-1,-1,-1
163,58,267,1008,52,28,1,-1,-1,-1
163,59,978,988,56,32,1,-1,-1,-1
163,60,915,992,56,28,1,-1,-1,-1
163,61,1954,960,44,40,1,-1,-1,-1
164,2,1432,984,52,28,1,-1,-1,-1
164,30,1829,964,72,36,1,-1,-1,-1
164,31,1920,961,52,40,1,-1,-1,-1
164,32,2302,951,72,44,1,-1,-1,-1
164,33,1628,976,44,32,1,-1,-1,-1
164,34,1502,976,76,38,1,-1,-1,-1
164,36,1534,975,44,32,1,-1,-1,-1
164,49,611,996,60,28,1,-1,-1,-1
164,50,725,996,61,23,1,-1,-1,-1
164,54,2121,958,72,40,1,-1,-1,-1
164,56,2204,945,55,50,1,-1,-1,-1
164,57,2488,947,72,42,1,-1,-1,-1
164,58,274,1007,52,28,1,-1,-1,-1
164,59,985,987,56,32,1,-1,-1,-1
164,60,921,992,56,28,1,-1,-1,-1
164,61,1958,960,44,40,1,-1,-1,-1
165,2,1435,983,52,28,1,-1,-1,-1
165,30,1831,963,72,36,1,-1,-1,-1
165,31,1922,961,52,40,1,-1,-1,-1
165,32,2303,951,72,44,1,-1,-1,-1
165,33,1631,976,44,32,1,-1,-1,-1
165,34,1505,976,72,36,1,-1,-1,-1
165,36,1538,975,44,32,1,-1,-1,-1
165,49,613,996,60,28,1,-1,-1,-1
165,50,729,996,61,23,1,-1,-1,-1
165,54,2124,958,72,40,1,-1,-1,-1
165,56,2207,945,55,50,1,-1,-1,-1
165,58,277,1007,52,28,1,-1,-1,-1
165,59,989,986,56,32,1,-1,-1,-1
165,60,925,992,56,28,1,-1,-1,-1
165,61,1961,960,44,40,1,-1,-1,-1
166,2,1440,982,52,28,1,-1,-1,-1
166,30,1837,963,72,36,1,-1,-1,-1
166,31,1927,960,52,40,1,-1,-1,-1
166,32,2309,950,72,44,1,-1,-1,-1
166,33,1636,975,44,32,1,-1,-1,-1
166,34,1511,976,72,36,1,-1,-1,-1
166,36,1543,975,44,32,1,-1,-1,-1
166,49,620,996,60,28,1,-1,-1,-1
166,50,733,996,61,23,1,-1,-1,-1
166,54,2128,957,72,40,1,-1,-1,-1
166,56,2212,944,55,50,1,-1,-1,-1
166,58,282,1007,52,28,1,-1,-1,-1
166,59,994,986,56,32,1,-1,-1,-1
166,60,930,991,56,28,1,-1,-1,-1
166,61,1966,959,44,40,1,-1,-1,-1
167,2,1440,982,52,28,1,-1,-1,-1
167,30,1837,963,72,36,1,-1,-1,-1
167,31,1927,960,52,40,1,-1,-1,-1
167,32,2309,949,72,44,1,-1,-1,-1
167,33,1636,975,44,32,1,-1,-1,-1
167,34,1511,976,72,36,1,-1,-1,-1
167,36,1543,975,44,32,1,-1,-1,-1
167,49,620,995,60,28,1,-1,-1,-1
167,50,733,995,61,23,1,-1,-1,-1
167,54,2128,957,72,40,1,-1,-1,-1
167,56,2211,944,55,50,1,-1,-1,-1
167,58,283,1007,52,28,1,-1,-1,-1
167,59,994,986,56,32,1,-1,-1,-1
167,60,930,991,56,28,1,-1,-1,-1
167,61,1966,958,44,40,1,-1,-1,-1
168,2,1446,982,52,28,1,-1,-1,-1
168,30,1843,963,72,36,1,-1,-1,-1
168,31,1931,959,52,40,1,-1,-1,-1
168,32,2314,948,72,44,1,-1,-1,-1
168,34,1517,975,72,36,1,-1,-1,-1
168,36,1548,975,44,32,1,-1,-1,-1
168,49,625,995,60,28,1,-1,-1,-1
168,50,739,995,61,23,1,-1,-1,-1
168,54,2134,957,72,40,1,-1,-1,-1
168,56,2217,943,55,50,1,-1,-1,-1
168,58,288,1006,55,29,1,-1,-1,-1
168,59,1000,986,56,32,1,-1,-1,-1
168,60,936,991,56,28,1,-1,-1,-1
168,61,1971,958,44,40,1,-1,-1,-1
169,2,1452,980,52,28,1,-1,-1,-1
169,30,1844,960,68,36,1,-1,-1,-1
169,31,1936,960,80,40,1,-1,-1,-1
169,32,2314,948,72,44,1,-1,-1,-1
169,34,1517,975,72,36,1,-1,-1,-1
169,36,1548,975,44,32,1,-1,-1,-1
169,49,628,1000,56,24,1,-1,-1,-1
169,50,740,996,64,28,1,-1,-1,-1
169,54,2134,957,72,40,1,-1,-1,-1
169,56,2217,943,55,50,1,-1,-1,-1
169,58,288,1008,52,24,1,-1,-1,-1
169,59,1004,984,56,32,1,-1,-1,-1
169,60,936,991,56,28,1,-1,-1,-1
169,61,1971,958,44,40,1,-1,-1,-1
169,62,24,1012,56,28,1,-1,-1,-1
169,63,1644,972,48,32,1,-1,-1,-1
169,64,2488,944,68,44,1,-1,-1,-1
170,2,1458,980,52,28,1,-1,-1,-1
170,30,1850,960,68,36,1,-1,-1,-1
170,31,1941,959,80,40,1,-1,-1,-1
170,32,2323,948,72,44,1,-1,-1,-1
170,34,1525,974,72,36,1,-1,-1,-1
170,36,1557,973,44,32,1,-1,-1,-1
170,49,633,1000,56,24,1,-1,-1,-1
170,50,746,996,64,28,1,-1,-1,-1
170,54,2141,956,72,40,1,-1,-1,-1
170,56,2225,943,55,50,1,-1,-1,-1
170,58,294,1008,52,24,1,-1,-1,-1
170,59,1010,984,56,32,1,-1,-1,-1
170,60,943,991,56,28,1,-1,-1,-1
170,62,29,1012,59,29,1,-1,-1,-1
170,63,1650,971,48,32,1,-1,-1,-1
170,64,2493,943,67,44,1,-1,-1,-1
171,2,1458,980,52,28,1,-1,-1,-1
171,30,1850,960,68,36,1,-1,-1,-1
171,31,1941,959,80,40,1,-1,-1,-1
171,32,2323,948,72,44,1,-1,-1,-1
171,34,1524,974,72,36,1,-1,-1,-1
171,36,1557,973,44,32,1,-1,-1,-1
171,49,633,1001,56,24,1,-1,-1,-1
171,50,746,996,64,28,1,-1,-1,-1
171,54,2142,956,72,40,1,-1,-1,-1
171,56,2225,943,55,50,1,-1,-1,-1
171,58,294,1008,52,24,1,-1,-1,-1
171,59,1011,984,56,32,1,-1,-1,-1
171,60,944,991,56,28,1,-1,-1,-1
171,62,29,1012,59,29,1,-1,-1,-1
171,63,1651,972,48,32,1,-1,-1,-1
171,64,2493,943,67,44,1,-1,-1,-1
172,2,1465,980,52,28,1,-1,-1,-1
172,30,1857,959,68,36,1,-1,-1,-1
172,31,1948,959,80,40,1,-1,-1,-1
172,32,2329,948,72,44,1,-1,-1,-1
172,34,1530,974,72,36,1,-1,-1,-1
172,36,1563,973,44,32,1,-1,-1,-1
172,49,639,1000,56,24,1,-1,-1,-1
172,50,753,996,64,28,1,-1,-1,-1
172,54,2147,955,76,42,1,-1,-1,-1
172,56,2231,943,55,50,1,-1,-1,-1
172,58,301,1008,52,24,1,-1,-1,-1
172,59,1017,984,56,32,1,-1,-1,-1
172,60,950,991,56,28,1,-1,-1,-1
172,62,35,1012,59,29,1,-1,-1,-1
172,63,1657,972,48,32,1,-1,-1,-1
172,64,2500,942,60,44,1,-1,-1,-1
173,2,1469,980,52,28,1,-1,-1,-1
173,30,1860,960,65,34,1,-1,-1,-1
173,31,1946,957,84,42,1,-1,-1,-1
173,32,2331,948,72,44,1,-1,-1,-1
173,34,1533,974,72,36,1,-1,-1,-1
173,36,1564,973,44,32,1,-1,-1,-1
173,49,643,1000,56,24,1,-1,-1,-1
173,50,756,996,64,28,1,-1,-1,-1
173,54,2147,955,76,42,1,-1,-1,-1
173,56,2233,942,55,50,1,-1,-1,-1
173,58,306,1008,52,24,1,-1,-1,-1
173,59,1022,985,53,30,1,-1,-1,-1
173,60,956,991,53,27,1,-1,-1,-1
173,62,40,1012,59,29,1,-1,-1,-1
173,63,1660,972,48,32,1,-1,-1,-1
173,64,2502,942,58,44,1,-1,-1,-1
174,2,1473,980,52,28,1,-1,-1,-1
174,30,1865,960,65,34,1,-1,-1,-1
174,31,1954,959,80,40,1,-1,-1,-1
174,32,2336,947,72,44,1,-1,-1,-1
174,34,1538,974,72,36,1,-1,-1,-1
174,36,1570,972,44,32,1,-1,-1,-1
174,49,647,1000,56,24,1,-1,-1,-1
174,50,762,995,64,28,1,-1,-1,-1
174,54,2153,955,76,42,1,-1,-1,-1
174,56,2238,942,55,50,1,-1,-1,-1
174,58,310,1007,52,24,1,-1,-1,-1
174,59,1027,983,56,32,1,-1,-1,-1
174,60,961,990,53,27,1,-1,-1,-1
174,62,47,1011,59,29,1,-1,-1,-1
174,63,1664,971,48,32,1,-1,-1,-1
174,64,2508,941,52,44,1,-1,-1,-1
175,2,1473,979,52,28,1,-1,-1,-1
175,30,1866,959,65,34,1,-1,-1,-1
175,31,1954,959,80,40,1,-1,-1,-1
175,32,2336,947,72,44,1,-1,-1,-1
175,34,1538,973,72,36,1,-1,-1,-1
175,36,1571,973,42,30,1,-1,-1,-1
175,49,647,999,56,24,1,-1,-1,-1
175,50,762,995,64,28,1,-1,-1,-1
175,54,2153,954,76,42,1,-1,-1,-1
175,56,2238,942,55,50,1,-1,-1,-1
175,58,310,1007,52,24,1,-1,-1,-1
175,59,1026,983,59,34,1,-1,-1,-1
175,60,959,990,53,27,1,-1,-1,-1
175,62,46,1011,59,29,1,-1,-1,-1
175,63,1664,971,48,32,1,-1,-1,-1
175,64,2508,941,52,44,1,-1,-1,-1
176,2,1478,979,52,28,1,-1,-1,-1
176,30,1870,959,65,34,1,-1,-1,-1
176,31,1960,959,80,40,1,-1,-1,-1
176,32,2342,947,72,44,1,-1,-1,-1
176,34,1542,973,72,36,1,-1,-1,-1
176,36,1576,973,42,30,1,-1,-1,-1
176,49,652,999,56,24,1,-1,-1,-1
176,50,767,995,64,28,1,-1,-1,-1
176,54,2157,954,76,42,1,-1,-1,-1
176,56,2241,942,55,50,1,-1,-1,-1
176,58,315,1006,52,24,1,-1,-1,-1
176,59,1031,982,59,34,1,-1,-1,-1
176,60,964,989,53,27,1,-1,-1,-1
176,62,53,1012,59,29,1,-1,-1,-1
176,63,1669,971,48,32,1,-1,-1,-1
177,2,1480,980,52,28,1,-1,-1,-1
177,30,1872,960,72,36,1,-1,-1,-1
177,31,1960,959,80,40,1,-1,-1,-1
177,32,2342,947,72,44,1,-1,-1,-1
177,34,1542,973,72,36,1,-1,-1,-1
177,36,1564,972,56,32,1,-1,-1,-1
177,49,652,996,60,28,1,-1,-1,-1
177,50,768,996,64,28,1,-1,-1,-1
177,54,2157,954,76,42,1,-1,-1,-1
177,56,2241,942,55,50,1,-1,-1,-1
177,58,315,1006,52,24,1,-1,-1,-1
177,59,1031,982,59,34,1,-1,-1,-1
177,60,964,989,53,27,1,-1,-1,-1
177,62,64,1008,48,28,1,-1,-1,-1
177,63,1669,971,48,32,1,-1,-1,-1
178,2,1484,980,52,28,1,-1,-1,-1
178,30,1876,960,72,36,1,-1,-1,-1
178,31,1966,959,80,40,1,-1,-1,-1
178,32,2349,946,72,44,1,-1,-1,-1
178,34,1549,972,72,36,1,-1,-1,-1
178,36,1569,972,56,32,1,-1,-1,-1
178,49,656,995,60,28,1,-1,-1,-1
178,50,772,996,64,28,1,-1,-1,-1
178,54,2163,953,76,42,1,-1,-1,-1
178,56,2247,941,55,50,1,-1,-1,-1
178,58,322,1006,52,24,1,-1,-1,-1
178,59,1037,982,59,34,1,-1,-1,-1
178,60,970,989,53,27,1,-1,-1,-1
178,62,70,1008,48,28,1,-1,-1,-1
178,63,1674,970,48,32,1,-1,-1,-1
179,2,1484,981,52,28,1,-1,-1,-1
179,30,1877,960,72,36,1,-1,-1,-1
179,31,1965,959,80,40,1,-1,-1,-1
179,32,2349,945,72,44,1,-1,-1,-1
179,34,1549,972,72,36,1,-1,-1,-1
179,36,1569,972,56,32,1,-1,-1,-1
179,49,656,996,60,28,1,-1,-1,-1
179,50,772,996,64,28,1,-1,-1,-1
179,54,2163,953,76,42,1,-1,-1,-1
179,56,2247,941,55,50,1,-1,-1,-1
179,58,322,1006,52,24,1,-1,-1,-1
179,59,1037,982,59,34,1,-1,-1,-1
179,60,971,989,53,27,1,-1,-1,-1
179,62,71,1008,48,28,1,-1,-1,-1
179,63,1674,969,48,32,1,-1,-1,-1
180,2,1490,980,52,28,1,-1,-1,-1
180,30,1882,960,72,36,1,-1,-1,-1
180,31,1971,958,80,40,1,-1,-1,-1
180,32,2355,945,72,44,1,-1,-1,-1
180,34,1555,972,72,36,1,-1,-1,-1
180,36,1575,971,56,32,1,-1,-1,-1
180,49,662,995,60,28,1,-1,-1,-1
180,50,777,996,64,28,1,-1,-1,-1
180,56,2252,941,55,50,1,-1,-1,-1
180,59,1043,981,59,34,1,-1,-1,-1
180,60,976,988,53,27,1,-1,-1,-1
180,62,78,1009,46,27,1,-1,-1,-1
180,63,1679,969,48,32,1,-1,-1,-1
181,2,1494,980,52,28,1,-1,-1,-1
181,30,1884,959,72,36,1,-1,-1,-1
181,31,1972,958,80,40,1,-1,-1,-1
181,32,2358,945,72,44,1,-1,-1,-1
181,34,1558,972,72,36,1,-1,-1,-1
181,36,1578,971,56,32,1,-1,-1,-1
181,49,665,995,60,28,1,-1,-1,-1
181,56,2256,941,55,50,1,-1,-1,-1
181,59,1046,980,59,34,1,-1,-1,-1
181,60,980,988,53,27,1,-1,-1,-1
181,62,83,1009,46,27,1,-1,-1,-1
181,63,1682,969,48,32,1,-1,-1,-1
182,2,1500,979,52,28,1,-1,-1,-1
182,30,1890,958,72,36,1,-1,-1,-1
182,31,1978,957,80,40,1,-1,-1,-1
182,32,2365,945,72,44,1,-1,-1,-1
182,34,1564,971,72,36,1,-1,-1,-1
182,36,1584,971,56,32,1,-1,-1,-1
182,49,670,995,60,28,1,-1,-1,-1
182,56,2262,941,55,50,1,-1,-1,-1
182,59,1052,981,59,34,1,-1,-1,-1
182,60,986,988,53,27,1,-1,-1,-1
182,62,90,1008,46,27,1,-1,-1,-1
182,63,1687,969,48,32,1,-1,-1,-1
183,2,1500,980,52,28,1,-1,-1,-1
183,30,1890,958,72,36,1,-1,-1,-1
183,31,1980,958,76,38,1,-1,-1,-1
183,32,2363,943,76,46,1,-1,-1,-1
183,34,1564,971,72,36,1,-1,-1,-1
183,36,1584,971,56,32,1,-1,-1,-1
183,49,670,995,60,28,1,-1,-1,-1
183,56,2263,941,55,50,1,-1,-1,-1
183,59,1053,981,59,34,1,-1,-1,-1
183,60,987,988,53,27,1,-1,-1,-1
183,62,90,1008,46,27,1,-1,-1,-1
183,63,1687,969,48,32,1,-1,-1,-1
184,2,1506,980,52,28,1,-1,-1,-1
184,30,1897,958,72,36,1,-1,-1,-1
184,31,1986,958,76,38,1,-1,-1,-1
184,32,2371,943,76,46,1,-1,-1,-1
184,34,1570,970,72,36,1,-1,-1,-1
184,36,1590,971,56,32,1,-1,-1,-1
184,49,676,995,60,28,1,-1,-1,-1
184,56,2269,941,55,50,1,-1,-1,-1
184,59,1059,982,59,34,1,-1,-1,-1
184,60,992,988,53,27,1,-1,-1,-1
184,62,98,1007,46,27,1,-1,-1,-1
184,63,1695,969,46,30,1,-1,-1,-1
185,2,1508,976,60,28,1,-1,-1,-1
185,30,1896,956,72,36,1,-1,-1,-1
185,31,1988,952,72,40,1,-1,-1,-1
185,32,2371,943,76,46,1,-1,-1,-1
185,34,1570,970,72,36,1,-1,-1,-1
185,36,1588,972,60,32,1,-1,-1,-1
185,49,680,992,60,32,1,-1,-1,-1
185,56,2269,941,55,50,1,-1,-1,-1
185,59,1068,980,52,28,1,-1,-1,-1
185,60,992,988,53,27,1,-1,-1,-1
185,62,104,1008,44,24,1,-1,-1,-1
185,63,1672,964,68,36,1,-1,-1,-1
185,65,792,992,60,28,1,-1,-1,-1
186,2,1515,976,60,28,1,-1,-1,-1
186,30,1903,956,72,36,1,-1,-1,-1
186,31,1995,952,72,40,1,-1,-1,-1
186,32,2380,942,76,46,1,-1,-1,-1
186,34,1579,970,72,36,1,-1,-1,-1
186,36,1594,972,60,32,1,-1,-1,-1
186,49,687,992,60,32,1,-1,-1,-1
186,56,2279,941,55,50,1,-1,-1,-1
186,59,1075,980,52,28,1,-1,-1,-1
186,60,1003,988,53,27,1,-1,-1,-1
186,62,113,1008,44,24,1,-1,-1,-1
186,63,1678,964,68,36,1,-1,-1,-1
186,65,799,992,60,28,1,-1,-1,-1
187,2,1515,976,60,28,1,-1,-1,-1
187,30,1903,957,72,36,1,-1,-1,-1
187,31,1995,952,72,40,1,-1,-1,-1
187,32,2380,942,76,46,1,-1,-1,-1
187,34,1580,970,72,36,1,-1,-1,-1
187,36,1595,972,60,32,1,-1,-1,-1
187,49,687,992,60,32,1,-1,-1,-1
187,56,2279,940,55,50,1,-1,-1,-1
187,59,1074,979,55,29,1,-1,-1,-1
187,60,1003,987,53,27,1,-1,-1,-1
187,62,113,1008,44,24,1,-1,-1,-1
187,63,1679,964,68,36,1,-1,-1,-1
187,65,799,992,60,28,1,-1,-1,-1
188,2,1523,976,60,28,1,-1,-1,-1
188,30,1911,956,72,36,1,-1,-1,-1
188,31,2003,952,72,40,1,-1,-1,-1
188,32,2389,942,76,46,1,-1,-1,-1
188,34,1587,970,72,36,1,-1,-1,-1
188,36,1602,972,60,32,1,-1,-1,-1
188,49,695,992,60,32,1,-1,-1,-1
188,56,2285,941,55,50,1,-1,-1,-1
188,59,1081,979,55,29,1,-1,-1,-1
188,60,1010,987,53,27,1,-1,-1,-1
188,62,122,1008,44,24,1,-1,-1,-1
188,63,1686,964,68,36,1,-1,-1,-1
188,65,807,992,60,28,1,-1,-1,-1
189,2,1528,976,60,28,1,-1,-1,-1
189,30,1916,956,72,36,1,-1,-1,-1
189,31,2006,952,72,40,1,-1,-1,-1
189,32,2392,942,76,46,1,-1,-1,-1
189,34,1590,970,72,36,1,-1,-1,-1
189,36,1606,972,60,32,1,-1,-1,-1
189,49,700,992,60,32,1,-1,-1,-1
189,56,2289,940,55,50,1,-1,-1,-1
189,59,1085,980,55,29,1,-1,-1,-1
189,60,1014,988,53,27,1,-1,-1,-1
189,62,127,1009,44,24,1,-1,-1,-1
189,63,1687,963,71,38,1,-1,-1,-1
189,65,811,992,60,28,1,-1,-1,-1
190,2,1533,976,60,28,1,-1,-1,-1
190,30,1922,957,72,36,1,-1,-1,-1
190,31,2012,952,72,40,1,-1,-1,-1
190,32,2399,942,76,46,1,-1,-1,-1
190,34,1597,970,72,36,1,-1,-1,-1
190,36,1612,972,60,32,1,-1,-1,-1
190,49,706,992,60,32,1,-1,-1,-1
190,56,2294,940,55,50,1,-1,-1,-1
190,59,1091,979,55,29,1,-1,-1,-1
190,60,1020,987,53,27,1,-1,-1,-1
190,62,135,1009,44,24,1,-1,-1,-1
190,63,1694,963,71,38,1,-1,-1,-1
190,65,817,992,60,28,1,-1,-1,-1
191,2,1533,975,60,28,1,-1,-1,-1
191,30,1922,957,72,36,1,-1,-1,-1
191,31,2012,952,72,40,1,-1,-1,-1
191,32,2399,942,76,46,1,-1,-1,-1
191,34,1597,970,72,36,1,-1,-1,-1
191,36,1612,972,60,32,1,-1,-1,-1
191,49,706,991,60,32,1,-1,-1,-1
191,56,2295,940,55,50,1,-1,-1,-1
191,59,1091,979,55,29,1,-1,-1,-1
191,60,1020,987,53,27,1,-1,-1,-1
191,62,135,1009,44,24,1,-1,-1,-1
191,63,1694,964,71,38,1,-1,-1,-1
191,65,817,992,60,28,1,-1,-1,-1
