1,0,1628,412,280,232,1,-1,-1,-1
1,1,1000,588,264,224,1,-1,-1,-1
2,0,1628,413,280,232,1,-1,-1,-1
2,1,999,588,264,224,1,-1,-1,-1
3,0,1637,418,267,221,1,-1,-1,-1
3,1,1001,590,264,224,1,-1,-1,-1
4,0,1638,417,267,221,1,-1,-1,-1
4,1,1003,589,264,224,1,-1,-1,-1
5,0,1638,417,267,221,1,-1,-1,-1
5,1,1003,589,264,224,1,-1,-1,-1
6,0,1638,417,267,221,1,-1,-1,-1
6,1,1004,590,264,224,1,-1,-1,-1
7,0,1638,418,267,221,1,-1,-1,-1
7,1,1005,590,264,224,1,-1,-1,-1
8,0,1638,417,267,221,1,-1,-1,-1
8,1,1005,590,264,224,1,-1,-1,-1
9,0,1644,396,260,248,1,-1,-1,-1
9,1,1008,592,260,228,1,-1,-1,-1
9,2,1104,628,248,244,1,-1,-1,-1
9,3,1792,444,188,236,1,-1,-1,-1
9,4,2408,304,152,296,1,-1,-1,-1
10,0,1644,396,260,248,1,-1,-1,-1
10,1,1008,592,260,228,1,-1,-1,-1
10,2,1104,628,248,244,1,-1,-1,-1
10,3,1792,444,188,236,1,-1,-1,-1
10,4,2408,304,152,296,1,-1,-1,-1
11,0,1644,398,260,248,1,-1,-1,-1
11,1,1009,592,260,228,1,-1,-1,-1
11,2,1104,629,248,244,1,-1,-1,-1
11,3,1791,445,188,236,1,-1,-1,-1
11,4,2401,306,152,296,1,-1,-1,-1
12,0,1643,397,260,248,1,-1,-1,-1
12,1,1008,591,260,228,1,-1,-1,-1
12,2,1101,628,248,244,1,-1,-1,-1
12,3,1791,444,188,236,1,-1,-1,-1
12,4,2389,304,152,296,1,-1,-1,-1
13,0,1642,398,260,248,1,-1,-1,-1
13,1,1012,598,248,217,1,-1,-1,-1
13,2,1098,628,248,244,1,-1,-1,-1
13,3,1789,445,188,236,1,-1,-1,-1
13,4,2380,305,152,296,1,-1,-1,-1
14,0,1646,403,248,236,1,-1,-1,-1
14,1,1003,591,260,228,1,-1,-1,-1
14,2,1096,627,248,244,1,-1,-1,-1
14,3,1786,446,188,236,1,-1,-1,-1
14,4,2366,311,152,296,1,-1,-1,-1
15,0,1645,403,248,236,1,-1,-1,-1
15,1,1003,591,260,228,1,-1,-1,-1
15,2,1095,627,248,244,1,-1,-1,-1
15,3,1785,445,188,236,1,-1,-1,-1
15,4,2363,312,152,296,1,-1,-1,-1
16,0,1644,402,248,236,1,-1,-1,-1
16,1,1004,590,260,228,1,-1,-1,-1
16,2,1095,627,248,244,1,-1,-1,-1
16,3,1785,446,188,236,1,-1,-1,-1
16,4,2350,314,152,296,1,-1,-1,-1
17,0,1652,392,228,248,1,-1,-1,-1
17,1,1000,596,260,220,1,-1,-1,-1
17,2,1096,624,244,244,1,-1,-1,-1
17,3,1780,444,188,260,1,-1,-1,-1
17,4,2332,368,228,240,1,-1,-1,-1
17,5,2040,324,212,224,1,-1,-1,-1
18,0,1651,393,228,248,1,-1,-1,-1
18,1,999,596,260,220,1,-1,-1,-1
18,2,1095,624,244,244,1,-1,-1,-1
18,3,1779,444,188,260,1,-1,-1,-1
18,4,2321,368,228,240,1,-1,-1,-1
18,5,2040,321,212,224,1,-1,-1,-1
19,0,1649,393,228,248,1,-1,-1,-1
19,1,998,596,260,220,1,-1,-1,-1
19,2,1092,624,244,244,1,-1,-1,-1
19,3,1779,445,188,260,1,-1,-1,-1
19,4,2307,370,228,240,1,-1,-1,-1
19,5,2043,318,212,224,1,-1,-1,-1
20,0,1649,392,228,248,1,-1,-1,-1
20,1,998,595,260,220,1,-1,-1,-1
20,2,1094,624,244,244,1,-1,-1,-1
20,3,1778,445,188,260,1,-1,-1,-1
20,4,2305,371,228,240,1,-1,-1,-1
20,5,2042,317,212,224,1,-1,-1,-1
21,0,1647,391,228,248,1,-1,-1,-1
21,1,996,595,260,220,1,-1,-1,-1
21,2,1091,624,244,244,1,-1,-1,-1
21,3,1775,445,188,260,1,-1,-1,-1
21,4,2299,369,228,240,1,-1,-1,-1
21,5,2037,310,223,235,1,-1,-1,-1
22,0,1644,392,228,248,1,-1,-1,-1
22,1,995,594,260,220,1,-1,-1,-1
22,2,1089,624,244,244,1,-1,-1,-1
22,3,1778,451,179,248,1,-1,-1,-1
22,4,2292,369,228,240,1,-1,-1,-1
22,5,2038,309,223,235,1,-1,-1,-1
23,0,1642,392,228,248,1,-1,-1,-1
23,1,993,592,260,220,1,-1,-1,-1
23,2,1087,623,244,244,1,-1,-1,-1
23,3,1774,450,179,248,1,-1,-1,-1
23,4,2286,368,228,240,1,-1,-1,-1
23,5,2038,308,223,235,1,-1,-1,-1
24,0,1640,392,228,248,1,-1,-1,-1
24,1,989,593,260,220,1,-1,-1,-1
24,2,1085,623,244,244,1,-1,-1,-1
24,3,1771,450,179,248,1,-1,-1,-1
24,4,2281,373,228,240,1,-1,-1,-1
24,5,2036,308,223,235,1,-1,-1,-1
25,0,1640,392,228,248,1,-1,-1,-1
25,1,989,593,260,220,1,-1,-1,-1
25,2,1085,623,244,244,1,-1,-1,-1
25,3,1771,450,179,248,1,-1,-1,-1
25,4,2281,373,228,240,1,-1,-1,-1
25,5,2036,308,223,235,1,-1,-1,-1
26,0,1637,392,228,248,1,-1,-1,-1
26,1,984,592,260,220,1,-1,-1,-1
26,2,1083,622,244,244,1,-1,-1,-1
26,3,1766,451,179,248,1,-1,-1,-1
26,4,2256,368,239,252,1,-1,-1,-1
26,5,2008,316,223,235,1,-1,-1,-1
27,0,1633,392,228,248,1,-1,-1,-1
27,1,983,592,260,220,1,-1,-1,-1
27,2,1079,622,244,244,1,-1,-1,-1
27,3,1765,449,179,248,1,-1,-1,-1
27,4,2231,372,239,252,1,-1,-1,-1
28,0,1631,392,228,248,1,-1,-1,-1
28,1,981,590,260,220,1,-1,-1,-1
28,2,1077,621,244,244,1,-1,-1,-1
28,3,1762,448,179,248,1,-1,-1,-1
28,4,2200,376,239,252,1,-1,-1,-1
29,0,1627,391,228,248,1,-1,-1,-1
29,1,980,587,260,220,1,-1,-1,-1
29,2,1076,616,244,244,1,-1,-1,-1
29,3,1761,449,179,248,1,-1,-1,-1
29,4,2185,382,228,240,1,-1,-1,-1
30,0,1627,391,228,248,1,-1,-1,-1
30,1,980,586,260,220,1,-1,-1,-1
30,2,1075,617,244,244,1,-1,-1,-1
30,3,1761,448,179,248,1,-1,-1,-1
30,4,2189,386,217,229,1,-1,-1,-1
31,0,1627,389,228,248,1,-1,-1,-1
31,1,978,582,260,220,1,-1,-1,-1
31,2,1076,614,244,244,1,-1,-1,-1
31,3,1763,448,179,248,1,-1,-1,-1
31,4,2172,382,217,229,1,-1,-1,-1
32,0,1629,384,228,248,1,-1,-1,-1
32,1,977,577,260,220,1,-1,-1,-1
32,2,1075,608,244,244,1,-1,-1,-1
32,3,1766,441,179,248,1,-1,-1,-1
32,4,2155,381,217,229,1,-1,-1,-1
33,0,1636,400,224,220,1,-1,-1,-1
33,1,977,577,260,220,1,-1,-1,-1
33,2,1075,608,244,244,1,-1,-1,-1
33,3,1766,441,179,248,1,-1,-1,-1
33,4,2155,381,217,229,1,-1,-1,-1
34,0,1635,396,224,220,1,-1,-1,-1
34,1,978,565,260,220,1,-1,-1,-1
34,2,1078,594,244,244,1,-1,-1,-1
34,3,1776,439,171,236,1,-1,-1,-1
34,4,2161,372,217,229,1,-1,-1,-1
35,0,1635,395,224,220,1,-1,-1,-1
35,1,980,564,260,220,1,-1,-1,-1
35,2,1078,594,244,244,1,-1,-1,-1
35,3,1776,436,171,236,1,-1,-1,-1
35,4,2156,370,217,229,1,-1,-1,-1
36,0,1631,390,224,220,1,-1,-1,-1
36,1,980,561,260,220,1,-1,-1,-1
36,2,1070,585,256,256,1,-1,-1,-1
36,3,1775,434,171,236,1,-1,-1,-1
36,4,2147,366,217,229,1,-1,-1,-1
37,0,1620,382,235,231,1,-1,-1,-1
37,1,979,556,260,220,1,-1,-1,-1
37,2,1077,587,244,244,1,-1,-1,-1
37,3,1775,433,171,236,1,-1,-1,-1
38,0,1610,379,235,231,1,-1,-1,-1
38,1,977,556,260,220,1,-1,-1,-1
38,2,1076,586,244,244,1,-1,-1,-1
38,3,1773,427,171,236,1,-1,-1,-1
39,0,1607,374,235,231,1,-1,-1,-1
39,1,975,554,260,220,1,-1,-1,-1
39,2,1070,583,244,244,1,-1,-1,-1
40,0,1610,379,224,220,1,-1,-1,-1
40,1,976,553,260,220,1,-1,-1,-1
40,2,1071,583,244,244,1,-1,-1,-1
41,0,1610,379,224,220,1,-1,-1,-1
41,1,976,553,260,220,1,-1,-1,-1
41,2,1071,583,244,244,1,-1,-1,-1
42,0,1597,366,224,220,1,-1,-1,-1
42,1,969,551,260,220,1,-1,-1,-1
42,2,1066,581,244,244,1,-1,-1,-1
43,0,1593,366,224,220,1,-1,-1,-1
43,1,968,549,260,220,1,-1,-1,-1
43,2,1064,580,244,244,1,-1,-1,-1
44,0,1586,368,224,220,1,-1,-1,-1
44,1,964,548,260,220,1,-1,-1,-1
44,2,1056,572,256,256,1,-1,-1,-1
45,0,1586,367,224,220,1,-1,-1,-1
45,1,965,549,260,220,1,-1,-1,-1
45,2,1055,572,256,256,1,-1,-1,-1
46,0,1584,370,224,220,1,-1,-1,-1
46,1,964,549,260,220,1,-1,-1,-1
46,2,1054,572,256,256,1,-1,-1,-1
47,0,1585,373,224,220,1,-1,-1,-1
47,1,963,549,260,220,1,-1,-1,-1
47,2,1059,579,244,244,1,-1,-1,-1
48,0,1601,369,235,231,1,-1,-1,-1
48,1,961,545,260,220,1,-1,-1,-1
48,2,1059,577,244,244,1,-1,-1,-1
49,0,1601,369,235,231,1,-1,-1,-1
49,1,961,545,260,220,1,-1,-1,-1
49,2,1059,577,244,244,1,-1,-1,-1
50,0,1583,367,235,231,1,-1,-1,-1
50,1,965,542,260,220,1,-1,-1,-1
50,2,1059,575,244,244,1,-1,-1,-1
51,1,966,536,260,220,1,-1,-1,-1
51,2,1061,571,244,244,1,-1,-1,-1
52,1,961,530,273,231,1,-1,-1,-1
52,2,1060,573,244,244,1,-1,-1,-1
53,1,961,530,273,231,1,-1,-1,-1
53,2,1054,559,256,256,1,-1,-1,-1
54,1,958,527,273,231,1,-1,-1,-1
54,2,1056,561,256,256,1,-1,-1,-1
55,1,962,531,260,220,1,-1,-1,-1
55,2,1049,555,269,269,1,-1,-1,-1
56,1,952,524,273,231,1,-1,-1,-1
56,2,1048,552,269,269,1,-1,-1,-1
57,1,952,524,273,231,1,-1,-1,-1
57,2,1048,552,269,269,1,-1,-1,-1
57,6,2216,176,236,204,1,-1,-1,-1
58,2,1054,559,256,256,1,-1,-1,-1
58,6,2218,176,236,204,1,-1,-1,-1
59,2,1055,557,256,256,1,-1,-1,-1
59,6,2220,175,236,204,1,-1,-1,-1
60,2,1055,556,256,256,1,-1,-1,-1
60,6,2219,175,236,204,1,-1,-1,-1
61,2,1058,555,256,256,1,-1,-1,-1
61,6,2230,178,225,194,1,-1,-1,-1
62,2,1055,554,256,256,1,-1,-1,-1
62,6,2234,177,225,194,1,-1,-1,-1
63,2,1053,554,256,256,1,-1,-1,-1
63,6,2236,176,225,194,1,-1,-1,-1
64,2,1056,552,256,256,1,-1,-1,-1
64,6,2241,175,225,194,1,-1,-1,-1
65,2,1056,552,256,256,1,-1,-1,-1
65,6,2241,175,225,194,1,-1,-1,-1
65,7,1748,432,220,280,1,-1,-1,-1
66,2,1053,552,256,256,1,-1,-1,-1
66,6,2250,175,225,194,1,-1,-1,-1
66,7,1747,431,220,280,1,-1,-1,-1
67,2,1054,550,256,256,1,-1,-1,-1
67,6,2256,173,225,194,1,-1,-1,-1
67,7,1746,429,220,280,1,-1,-1,-1
68,2,1056,548,256,256,1,-1,-1,-1
68,6,2265,179,214,185,1,-1,-1,-1
68,7,1744,430,220,280,1,-1,-1,-1
69,2,1054,551,256,256,1,-1,-1,-1
69,6,2270,180,214,185,1,-1,-1,-1
69,7,1744,431,220,280,1,-1,-1,-1
70,2,1061,556,244,244,1,-1,-1,-1
70,6,2270,180,214,185,1,-1,-1,-1
70,7,1744,431,220,280,1,-1,-1,-1
71,2,1061,557,244,244,1,-1,-1,-1
71,6,2273,179,214,185,1,-1,-1,-1
71,7,1742,432,220,280,1,-1,-1,-1
72,2,1055,549,256,256,1,-1,-1,-1
72,6,2279,180,214,185,1,-1,-1,-1
72,7,1739,431,220,280,1,-1,-1,-1
73,2,1055,549,256,256,1,-1,-1,-1
73,6,2280,168,236,196,1,-1,-1,-1
73,7,1739,431,220,280,1,-1,-1,-1
74,2,1054,546,256,256,1,-1,-1,-1
74,6,2282,168,236,196,1,-1,-1,-1
74,7,1739,429,220,280,1,-1,-1,-1
75,2,1056,547,256,256,1,-1,-1,-1
75,6,2283,168,236,196,1,-1,-1,-1
75,7,1742,428,220,280,1,-1,-1,-1
76,2,1055,545,256,256,1,-1,-1,-1
76,6,2287,169,236,196,1,-1,-1,-1
76,7,1738,416,231,294,1,-1,-1,-1
77,2,1053,545,256,256,1,-1,-1,-1
77,6,2289,169,236,196,1,-1,-1,-1
77,7,1740,414,231,294,1,-1,-1,-1
78,2,1054,545,256,256,1,-1,-1,-1
78,6,2294,170,236,196,1,-1,-1,-1
78,7,1740,417,231,294,1,-1,-1,-1
79,2,1055,545,256,256,1,-1,-1,-1
79,6,2297,170,236,196,1,-1,-1,-1
79,7,1739,415,231,294,1,-1,-1,-1
80,2,1055,545,256,256,1,-1,-1,-1
80,6,2291,165,248,206,1,-1,-1,-1
80,7,1739,413,231,294,1,-1,-1,-1
81,2,1055,545,256,256,1,-1,-1,-1
81,6,2320,152,216,208,1,-1,-1,-1
81,7,1739,413,231,294,1,-1,-1,-1
81,8,1360,208,184,320,1,-1,-1,-1
81,9,1920,152,276,252,1,-1,-1,-1
81,10,1704,376,336,204,1,-1,-1,-1
82,2,1054,542,256,256,1,-1,-1,-1
82,6,2325,153,216,208,1,-1,-1,-1
82,7,1735,414,231,294,1,-1,-1,-1
82,8,1361,205,184,320,1,-1,-1,-1
82,9,1927,150,276,252,1,-1,-1,-1
82,10,1704,376,336,204,1,-1,-1,-1
83,2,1052,544,256,256,1,-1,-1,-1
83,6,2329,152,216,208,1,-1,-1,-1
83,7,1736,414,231,294,1,-1,-1,-1
83,8,1363,201,184,320,1,-1,-1,-1
83,9,1938,148,276,252,1,-1,-1,-1
83,10,1703,377,336,204,1,-1,-1,-1
84,2,1052,542,256,256,1,-1,-1,-1
84,6,2334,152,216,208,1,-1,-1,-1
84,7,1738,415,231,294,1,-1,-1,-1
84,8,1370,199,184,320,1,-1,-1,-1
84,9,1966,151,263,240,1,-1,-1,-1
84,10,1702,376,336,204,1,-1,-1,-1
85,2,1052,542,256,256,1,-1,-1,-1
85,6,2336,153,216,208,1,-1,-1,-1
85,7,1737,414,231,294,1,-1,-1,-1
85,8,1366,187,193,336,1,-1,-1,-1
85,9,1964,150,263,240,1,-1,-1,-1
85,10,1702,376,336,204,1,-1,-1,-1
86,2,1050,542,256,256,1,-1,-1,-1
86,6,2339,151,216,208,1,-1,-1,-1
86,7,1736,415,231,294,1,-1,-1,-1
86,8,1370,185,193,336,1,-1,-1,-1
86,9,1978,143,263,240,1,-1,-1,-1
86,10,1700,377,336,204,1,-1,-1,-1
87,2,1050,544,256,256,1,-1,-1,-1
87,6,2342,152,216,208,1,-1,-1,-1
87,7,1738,423,220,280,1,-1,-1,-1
87,8,1378,180,193,336,1,-1,-1,-1
87,9,1983,137,276,252,1,-1,-1,-1
87,10,1696,379,336,204,1,-1,-1,-1
88,2,1049,543,256,256,1,-1,-1,-1
88,6,2348,151,212,208,1,-1,-1,-1
88,7,1738,425,220,280,1,-1,-1,-1
88,8,1390,182,184,320,1,-1,-1,-1
88,9,2004,123,276,252,1,-1,-1,-1
88,10,1698,377,336,204,1,-1,-1,-1
89,2,1048,556,264,256,1,-1,-1,-1
89,6,2348,151,212,208,1,-1,-1,-1
89,7,1738,425,220,280,1,-1,-1,-1
89,8,1416,216,212,276,1,-1,-1,-1
89,9,2032,128,256,248,1,-1,-1,-1
89,10,1698,377,336,204,1,-1,-1,-1
90,2,1048,556,264,256,1,-1,-1,-1
90,6,2355,151,205,208,1,-1,-1,-1
90,7,1738,420,220,280,1,-1,-1,-1
90,8,1416,216,212,276,1,-1,-1,-1
90,9,2032,128,256,248,1,-1,-1,-1
90,10,1695,376,336,204,1,-1,-1,-1
91,2,1048,556,264,256,1,-1,-1,-1
91,6,2364,151,196,208,1,-1,-1,-1
91,7,1744,427,210,267,1,-1,-1,-1
91,8,1419,215,212,276,1,-1,-1,-1
91,9,2036,127,256,248,1,-1,-1,-1
91,10,1693,378,336,204,1,-1,-1,-1
92,2,1048,555,264,256,1,-1,-1,-1
92,6,2374,148,186,208,1,-1,-1,-1
92,7,1742,427,210,267,1,-1,-1,-1
92,8,1425,213,212,276,1,-1,-1,-1
92,9,2048,125,256,248,1,-1,-1,-1
92,10,1691,376,336,204,1,-1,-1,-1
93,2,1046,555,264,256,1,-1,-1,-1
93,6,2380,145,180,208,1,-1,-1,-1
93,7,1744,428,210,267,1,-1,-1,-1
93,8,1429,213,212,276,1,-1,-1,-1
93,9,2059,123,256,248,1,-1,-1,-1
93,10,1689,377,336,204,1,-1,-1,-1
94,2,1042,550,277,269,1,-1,-1,-1
94,6,2388,152,172,198,1,-1,-1,-1
94,7,1743,427,210,267,1,-1,-1,-1
94,8,1434,212,212,276,1,-1,-1,-1
94,9,2063,115,269,260,1,-1,-1,-1
94,10,1691,376,336,204,1,-1,-1,-1
95,2,1043,550,277,269,1,-1,-1,-1
95,6,2390,151,170,198,1,-1,-1,-1
95,7,1744,427,210,267,1,-1,-1,-1
95,8,1434,211,212,276,1,-1,-1,-1
95,9,2068,112,269,260,1,-1,-1,-1
95,10,1690,374,336,204,1,-1,-1,-1
96,2,1041,549,277,269,1,-1,-1,-1
96,6,2395,150,165,198,1,-1,-1,-1
96,7,1744,426,210,267,1,-1,-1,-1
96,8,1439,207,212,276,1,-1,-1,-1
96,9,2077,109,269,260,1,-1,-1,-1
96,10,1689,374,336,204,1,-1,-1,-1
97,2,1040,560,404,272,1,-1,-1,-1
97,6,2420,176,140,184,1,-1,-1,-1
97,7,1744,426,210,267,1,-1,-1,-1
97,8,1439,207,212,276,1,-1,-1,-1
97,9,2100,108,256,276,1,-1,-1,-1
97,10,1689,374,336,204,1,-1,-1,-1
98,2,1041,559,404,272,1,-1,-1,-1
98,6,2423,177,137,184,1,-1,-1,-1
98,7,1745,426,210,267,1,-1,-1,-1
98,8,1441,205,212,276,1,-1,-1,-1
98,9,2105,107,256,276,1,-1,-1,-1
98,10,1685,373,336,204,1,-1,-1,-1
99,2,1042,559,404,272,1,-1,-1,-1
99,6,2426,177,134,184,1,-1,-1,-1
99,7,1744,423,210,267,1,-1,-1,-1
99,8,1441,203,212,276,1,-1,-1,-1
99,9,2111,105,256,276,1,-1,-1,-1
99,10,1696,376,320,194,1,-1,-1,-1
100,2,1041,558,404,272,1,-1,-1,-1
100,6,2427,177,133,184,1,-1,-1,-1
100,7,1745,422,210,267,1,-1,-1,-1
100,8,1445,203,212,276,1,-1,-1,-1
100,9,2112,104,256,276,1,-1,-1,-1
100,10,1698,375,320,194,1,-1,-1,-1
101,2,1041,559,404,272,1,-1,-1,-1
101,6,2430,177,130,184,1,-1,-1,-1
101,7,1749,423,210,267,1,-1,-1,-1
101,8,1447,202,212,276,1,-1,-1,-1
101,9,2117,103,256,276,1,-1,-1,-1
101,10,1707,381,305,185,1,-1,-1,-1
102,2,1041,559,404,272,1,-1,-1,-1
102,6,2432,178,128,184,1,-1,-1,-1
102,7,1740,419,220,280,1,-1,-1,-1
102,8,1449,203,212,276,1,-1,-1,-1
102,9,2121,102,256,276,1,-1,-1,-1
102,10,1701,381,305,185,1,-1,-1,-1
103,2,1040,559,404,272,1,-1,-1,-1
103,6,2434,179,126,184,1,-1,-1,-1
103,7,1745,427,210,267,1,-1,-1,-1
103,8,1447,201,212,276,1,-1,-1,-1
103,9,2126,103,256,276,1,-1,-1,-1
103,10,1696,383,305,185,1,-1,-1,-1
104,2,1039,562,404,272,1,-1,-1,-1
104,6,2437,179,123,184,1,-1,-1,-1
104,7,1747,429,210,267,1,-1,-1,-1
104,8,1447,193,223,290,1,-1,-1,-1
104,9,2130,104,256,276,1,-1,-1,-1
104,10,1707,386,290,176,1,-1,-1,-1
105,2,1032,556,416,276,1,-1,-1,-1
105,6,2444,184,116,176,1,-1,-1,-1
105,7,1747,429,210,267,1,-1,-1,-1
105,8,1447,193,223,290,1,-1,-1,-1
105,9,2152,92,220,260,1,-1,-1,-1
105,10,1707,386,290,176,1,-1,-1,-1
106,2,1032,556,416,276,1,-1,-1,-1
106,6,2445,184,115,176,1,-1,-1,-1
106,7,1749,427,210,267,1,-1,-1,-1
106,8,1448,198,212,276,1,-1,-1,-1
106,9,2156,91,220,260,1,-1,-1,-1
106,10,1697,382,305,185,1,-1,-1,-1
107,2,1031,556,416,276,1,-1,-1,-1
107,6,2449,184,111,176,1,-1,-1,-1
107,7,1742,420,220,280,1,-1,-1,-1
107,8,1460,205,202,263,1,-1,-1,-1
107,9,2161,91,220,260,1,-1,-1,-1
107,10,1696,380,305,185,1,-1,-1,-1
108,2,1032,556,416,276,1,-1,-1,-1
108,6,2450,179,110,185,1,-1,-1,-1
108,7,1743,419,220,280,1,-1,-1,-1
108,8,1459,197,212,276,1,-1,-1,-1
108,9,2166,90,220,260,1,-1,-1,-1
109,2,1031,555,416,276,1,-1,-1,-1
109,6,2454,183,106,176,1,-1,-1,-1
109,7,1742,417,220,280,1,-1,-1,-1
109,8,1460,194,212,276,1,-1,-1,-1
109,9,2170,90,220,260,1,-1,-1,-1
110,2,1031,552,416,276,1,-1,-1,-1
110,6,2454,183,106,176,1,-1,-1,-1
110,7,1742,418,220,280,1,-1,-1,-1
110,8,1460,194,212,276,1,-1,-1,-1
110,9,2172,89,220,260,1,-1,-1,-1
111,2,1035,555,416,276,1,-1,-1,-1
111,6,2453,184,107,176,1,-1,-1,-1
111,7,1744,417,220,280,1,-1,-1,-1
111,8,1461,193,212,276,1,-1,-1,-1
111,9,2177,87,220,260,1,-1,-1,-1
112,2,1038,554,416,276,1,-1,-1,-1
112,6,2454,182,106,176,1,-1,-1,-1
112,7,1743,415,220,280,1,-1,-1,-1
112,8,1465,192,212,276,1,-1,-1,-1
112,9,2180,86,220,260,1,-1,-1,-1
113,2,1038,554,416,276,1,-1,-1,-1
113,6,2454,182,106,176,1,-1,-1,-1
113,7,1743,415,220,280,1,-1,-1,-1
113,8,1465,192,212,276,1,-1,-1,-1
113,9,2180,86,220,260,1,-1,-1,-1
114,2,1036,553,416,276,1,-1,-1,-1
114,6,2460,182,100,176,1,-1,-1,-1
114,7,1744,415,220,280,1,-1,-1,-1
114,8,1464,191,212,276,1,-1,-1,-1
114,9,2195,84,220,260,1,-1,-1,-1
115,2,1037,551,416,276,1,-1,-1,-1
115,6,2462,182,98,176,1,-1,-1,-1
115,7,1743,413,220,280,1,-1,-1,-1
115,8,1463,191,212,276,1,-1,-1,-1
115,9,2197,84,220,260,1,-1,-1,-1
116,2,1027,546,437,290,1,-1,-1,-1
116,6,2463,179,97,185,1,-1,-1,-1
116,7,1743,413,220,280,1,-1,-1,-1
116,8,1466,189,212,276,1,-1,-1,-1
116,9,2202,82,220,260,1,-1,-1,-1
117,2,1024,546,437,290,1,-1,-1,-1
117,6,2466,179,94,185,1,-1,-1,-1
117,7,1745,413,220,280,1,-1,-1,-1
117,8,1467,190,212,276,1,-1,-1,-1
117,9,2205,81,220,260,1,-1,-1,-1
118,2,1036,552,416,276,1,-1,-1,-1
118,6,2469,177,91,185,1,-1,-1,-1
118,7,1742,413,220,280,1,-1,-1,-1
118,8,1466,188,212,276,1,-1,-1,-1
118,9,2208,80,220,260,1,-1,-1,-1
119,2,1051,559,396,263,1,-1,-1,-1
119,6,2474,178,86,185,1,-1,-1,-1
119,7,1744,414,220,280,1,-1,-1,-1
119,8,1471,190,212,276,1,-1,-1,-1
119,9,2212,80,220,260,1,-1,-1,-1
120,2,1051,557,396,263,1,-1,-1,-1
120,6,2474,178,86,185,1,-1,-1,-1
120,7,1742,412,220,280,1,-1,-1,-1
120,8,1471,188,212,276,1,-1,-1,-1
120,9,2214,79,220,260,1,-1,-1,-1
121,2,1051,557,396,263,1,-1,-1,-1
121,6,2474,178,86,185,1,-1,-1,-1
121,7,1742,412,220,280,1,-1,-1,-1
121,8,1471,188,212,276,1,-1,-1,-1
121,9,2214,79,220,260,1,-1,-1,-1
122,2,1052,560,396,263,1,-1,-1,-1
122,6,2479,177,81,185,1,-1,-1,-1
122,7,1746,410,220,280,1,-1,-1,-1
122,8,1472,189,212,276,1,-1,-1,-1
122,9,2227,78,220,260,1,-1,-1,-1
123,2,1043,553,416,276,1,-1,-1,-1
123,6,2482,177,78,185,1,-1,-1,-1
123,7,1747,411,220,280,1,-1,-1,-1
123,8,1473,188,212,276,1,-1,-1,-1
123,9,2239,83,210,248,1,-1,-1,-1
124,2,1050,560,396,263,1,-1,-1,-1
124,6,2485,175,75,185,1,-1,-1,-1
124,7,1748,411,220,280,1,-1,-1,-1
124,8,1475,188,212,276,1,-1,-1,-1
124,9,2245,82,210,248,1,-1,-1,-1
125,2,1050,562,396,263,1,-1,-1,-1
125,6,2484,174,76,185,1,-1,-1,-1
125,7,1749,411,220,280,1,-1,-1,-1
125,8,1475,187,212,276,1,-1,-1,-1
125,9,2246,83,210,248,1,-1,-1,-1
126,2,1048,567,396,263,1,-1,-1,-1
126,6,2486,173,74,185,1,-1,-1,-1
126,7,1748,410,220,280,1,-1,-1,-1
126,8,1475,187,212,276,1,-1,-1,-1
126,9,2252,83,210,248,1,-1,-1,-1
127,2,1043,554,416,276,1,-1,-1,-1
127,6,2489,173,71,185,1,-1,-1,-1
127,7,1750,408,220,280,1,-1,-1,-1
127,8,1476,187,212,276,1,-1,-1,-1
127,9,2256,85,210,248,1,-1,-1,-1
128,2,1042,547,416,276,1,-1,-1,-1
128,6,2490,171,70,185,1,-1,-1,-1
128,7,1752,409,220,280,1,-1,-1,-1
128,8,1478,185,212,276,1,-1,-1,-1
128,9,2261,86,210,248,1,-1,-1,-1
129,2,1042,547,416,276,1,-1,-1,-1
129,6,2484,164,76,184,1,-1,-1,-1
129,7,1752,409,220,280,1,-1,-1,-1
129,8,1484,140,248,316,1,-1,-1,-1
129,9,2268,92,192,244,1,-1,-1,-1
129,11,1204,544,216,256,1,-1,-1,-1
130,2,1038,539,437,290,1,-1,-1,-1
130,6,2484,164,76,184,1,-1,-1,-1
130,7,1754,410,220,280,1,-1,-1,-1
130,8,1484,140,248,316,1,-1,-1,-1
130,9,2268,92,192,244,1,-1,-1,-1
130,11,1204,544,216,256,1,-1,-1,-1
131,2,1057,545,416,276,1,-1,-1,-1
131,6,2484,164,76,184,1,-1,-1,-1
131,7,1755,409,220,280,1,-1,-1,-1
131,8,1485,140,248,316,1,-1,-1,-1
131,9,2270,92,192,244,1,-1,-1,-1
131,11,1210,539,216,256,1,-1,-1,-1
132,6,2484,164,76,184,1,-1,-1,-1
132,7,1756,410,220,280,1,-1,-1,-1
132,8,1483,139,248,316,1,-1,-1,-1
132,9,2271,93,192,244,1,-1,-1,-1
132,11,1214,538,216,256,1,-1,-1,-1
133,6,2483,164,76,184,1,-1,-1,-1
133,7,1751,401,231,294,1,-1,-1,-1
133,8,1481,139,248,316,1,-1,-1,-1
133,9,2273,93,192,244,1,-1,-1,-1
133,11,1220,537,216,256,1,-1,-1,-1
134,6,2483,164,76,184,1,-1,-1,-1
134,7,1753,398,231,294,1,-1,-1,-1
134,8,1479,140,248,316,1,-1,-1,-1
134,9,2275,94,192,244,1,-1,-1,-1
134,11,1234,536,216,256,1,-1,-1,-1
135,6,2483,164,76,184,1,-1,-1,-1
135,7,1751,397,231,294,1,-1,-1,-1
135,8,1479,139,248,316,1,-1,-1,-1
135,9,2274,93,192,244,1,-1,-1,-1
135,11,1236,537,216,256,1,-1,-1,-1
136,6,2482,164,76,184,1,-1,-1,-1
136,7,1751,398,231,294,1,-1,-1,-1
136,8,1477,139,248,316,1,-1,-1,-1
136,9,2276,92,192,244,1,-1,-1,-1
136,11,1260,532,216,256,1,-1,-1,-1
137,6,2482,164,76,184,1,-1,-1,-1
137,7,1751,398,231,294,1,-1,-1,-1
137,8,1477,139,248,316,1,-1,-1,-1
137,9,2276,92,192,244,1,-1,-1,-1
137,11,1280,540,244,244,1,-1,-1,-1
138,6,2482,164,76,184,1,-1,-1,-1
138,7,1756,398,231,294,1,-1,-1,-1
138,8,1476,138,248,316,1,-1,-1,-1
138,9,2288,94,192,244,1,-1,-1,-1
138,11,1285,540,244,244,1,-1,-1,-1
139,6,2481,163,76,184,1,-1,-1,-1
139,7,1757,398,231,294,1,-1,-1,-1
139,8,1477,137,248,316,1,-1,-1,-1
139,9,2291,92,192,244,1,-1,-1,-1
139,11,1291,542,244,244,1,-1,-1,-1
140,6,2481,163,76,184,1,-1,-1,-1
140,7,1757,395,231,294,1,-1,-1,-1
140,8,1476,136,248,316,1,-1,-1,-1
140,9,2291,93,192,244,1,-1,-1,-1
140,11,1293,544,244,244,1,-1,-1,-1
141,6,2481,163,76,184,1,-1,-1,-1
141,8,1475,137,248,316,1,-1,-1,-1
141,9,2293,94,192,244,1,-1,-1,-1
141,11,1298,544,244,244,1,-1,-1,-1
142,6,2481,163,76,184,1,-1,-1,-1
142,8,1476,137,248,316,1,-1,-1,-1
142,9,2301,95,192,244,1,-1,-1,-1
142,11,1304,552,232,232,1,-1,-1,-1
143,6,2482,162,76,184,1,-1,-1,-1
143,8,1474,138,248,316,1,-1,-1,-1
143,9,2304,93,192,244,1,-1,-1,-1
143,11,1306,560,221,221,1,-1,-1,-1
144,6,2481,162,76,184,1,-1,-1,-1
144,8,1476,137,248,316,1,-1,-1,-1
144,9,2316,91,192,244,1,-1,-1,-1
144,11,1309,568,211,211,1,-1,-1,-1
145,6,2481,162,76,184,1,-1,-1,-1
145,8,1480,140,236,316,1,-1,-1,-1
145,9,2296,80,260,260,1,-1,-1,-1
145,11,1309,568,211,211,1,-1,-1,-1
145,12,1940,372,200,220,1,-1,-1,-1
146,6,2482,162,76,184,1,-1,-1,-1
146,8,1480,140,236,316,1,-1,-1,-1
146,9,2299,79,260,260,1,-1,-1,-1
146,11,1310,559,221,221,1,-1,-1,-1
146,12,1946,372,200,220,1,-1,-1,-1
147,6,2483,162,76,184,1,-1,-1,-1
147,8,1480,140,236,316,1,-1,-1,-1
147,9,2302,78,258,260,1,-1,-1,-1
147,11,1316,546,232,232,1,-1,-1,-1
147,12,1953,373,200,220,1,-1,-1,-1
148,6,2485,166,72,175,1,-1,-1,-1
148,8,1483,140,236,316,1,-1,-1,-1
148,9,2306,78,254,260,1,-1,-1,-1
148,11,1318,554,232,232,1,-1,-1,-1
148,12,1959,373,200,220,1,-1,-1,-1
149,6,2486,167,72,175,1,-1,-1,-1
149,8,1482,139,236,316,1,-1,-1,-1
149,9,2310,80,250,260,1,-1,-1,-1
149,11,1321,550,232,232,1,-1,-1,-1
149,12,1969,378,190,210,1,-1,-1,-1
150,6,2486,166,72,175,1,-1,-1,-1
150,8,1483,138,236,316,1,-1,-1,-1
150,9,2311,80,249,260,1,-1,-1,-1
150,12,1971,378,190,210,1,-1,-1,-1
151,6,2485,163,75,184,1,-1,-1,-1
151,8,1489,148,225,301,1,-1,-1,-1
151,9,2314,81,246,260,1,-1,-1,-1
151,12,1974,378,190,210,1,-1,-1,-1
152,6,2486,164,74,184,1,-1,-1,-1
152,8,1484,140,236,316,1,-1,-1,-1
152,9,2318,81,242,260,1,-1,-1,-1
152,12,1975,378,190,210,1,-1,-1,-1
153,6,2486,164,74,184,1,-1,-1,-1
153,8,1484,140,236,316,1,-1,-1,-1
153,9,2318,81,242,260,1,-1,-1,-1
153,12,1980,356,236,232,1,-1,-1,-1
153,13,1652,388,244,232,1,-1,-1,-1
153,14,1480,520,236,216,1,-1,-1,-1
154,6,2485,165,75,184,1,-1,-1,-1
154,8,1483,141,236,316,1,-1,-1,-1
154,9,2326,77,234,260,1,-1,-1,-1
154,12,1986,356,236,232,1,-1,-1,-1
154,13,1657,388,244,232,1,-1,-1,-1
154,14,1485,519,236,216,1,-1,-1,-1
155,6,2485,165,75,184,1,-1,-1,-1
155,8,1480,143,236,316,1,-1,-1,-1
155,9,2323,78,237,260,1,-1,-1,-1
155,12,1987,356,236,232,1,-1,-1,-1
155,13,1658,389,244,232,1,-1,-1,-1
155,14,1486,520,236,216,1,-1,-1,-1
156,6,2485,165,75,184,1,-1,-1,-1
156,8,1481,144,236,316,1,-1,-1,-1
156,9,2333,75,227,260,1,-1,-1,-1
156,12,1993,356,236,232,1,-1,-1,-1
156,13,1666,386,244,232,1,-1,-1,-1
156,14,1494,518,236,216,1,-1,-1,-1
157,6,2485,165,75,184,1,-1,-1,-1
157,8,1480,144,236,316,1,-1,-1,-1
157,9,2319,69,241,273,1,-1,-1,-1
157,12,2000,355,236,232,1,-1,-1,-1
157,13,1672,384,244,232,1,-1,-1,-1
157,14,1509,518,236,216,1,-1,-1,-1
158,6,2485,165,75,184,1,-1,-1,-1
158,8,1484,151,225,301,1,-1,-1,-1
158,9,2320,71,240,273,1,-1,-1,-1
158,12,2013,351,236,232,1,-1,-1,-1
158,13,1671,385,244,232,1,-1,-1,-1
158,14,1510,520,236,216,1,-1,-1,-1
159,6,2484,164,76,184,1,-1,-1,-1
159,8,1483,151,225,301,1,-1,-1,-1
159,9,2324,73,236,273,1,-1,-1,-1
159,12,2022,351,236,232,1,-1,-1,-1
159,13,1674,385,244,232,1,-1,-1,-1
159,14,1533,525,225,206,1,-1,-1,-1
160,6,2483,163,76,184,1,-1,-1,-1
160,8,1487,159,214,287,1,-1,-1,-1
160,9,2320,80,240,260,1,-1,-1,-1
160,12,2024,351,236,232,1,-1,-1,-1
160,13,1673,385,244,232,1,-1,-1,-1
160,14,1532,527,225,206,1,-1,-1,-1
161,6,2483,163,76,184,1,-1,-1,-1
161,8,1476,172,196,280,1,-1,-1,-1
161,9,2320,80,240,260,1,-1,-1,-1
161,12,2028,340,244,236,1,-1,-1,-1
161,13,1692,384,204,232,1,-1,-1,-1
161,14,1556,492,228,224,1,-1,-1,-1
161,15,2452,348,108,252,1,-1,-1,-1
161,16,1472,552,148,200,1,-1,-1,-1
161,17,1828,416,272,244,1,-1,-1,-1
162,6,2482,163,76,184,1,-1,-1,-1
162,8,1475,172,196,280,1,-1,-1,-1
162,9,2323,81,237,260,1,-1,-1,-1
162,12,2033,340,244,236,1,-1,-1,-1
162,13,1694,383,204,232,1,-1,-1,-1
162,14,1563,493,228,224,1,-1,-1,-1
162,15,2451,347,108,252,1,-1,-1,-1
162,16,1473,552,148,200,1,-1,-1,-1
162,17,1830,416,272,244,1,-1,-1,-1
163,6,2481,163,76,184,1,-1,-1,-1
163,8,1474,171,196,280,1,-1,-1,-1
163,12,2037,340,244,236,1,-1,-1,-1
163,13,1698,382,204,232,1,-1,-1,-1
163,14,1569,493,228,224,1,-1,-1,-1
163,15,2448,347,108,252,1,-1,-1,-1
163,16,1474,552,148,200,1,-1,-1,-1
163,17,1835,415,272,244,1,-1,-1,-1
164,6,2480,163,76,184,1,-1,-1,-1
164,8,1473,171,196,280,1,-1,-1,-1
164,12,2044,340,244,236,1,-1,-1,-1
164,13,1700,382,204,232,1,-1,-1,-1
164,14,1574,493,228,224,1,-1,-1,-1
164,15,2444,349,108,252,1,-1,-1,-1
164,16,1477,554,148,200,1,-1,-1,-1
164,17,1837,414,272,244,1,-1,-1,-1
165,6,2480,163,76,184,1,-1,-1,-1
165,8,1472,172,196,280,1,-1,-1,-1
165,12,2044,338,244,236,1,-1,-1,-1
165,13,1702,383,204,232,1,-1,-1,-1
165,14,1575,493,228,224,1,-1,-1,-1
165,15,2441,349,108,252,1,-1,-1,-1
165,16,1478,553,148,200,1,-1,-1,-1
165,17,1839,414,272,244,1,-1,-1,-1
166,6,2479,163,76,184,1,-1,-1,-1
166,8,1471,171,196,280,1,-1,-1,-1
166,12,2049,337,244,236,1,-1,-1,-1
166,13,1705,383,204,232,1,-1,-1,-1
166,14,1578,494,228,224,1,-1,-1,-1
166,15,2438,349,108,252,1,-1,-1,-1
166,16,1473,547,155,210,1,-1,-1,-1
166,17,1840,412,272,244,1,-1,-1,-1
167,6,2477,164,76,184,1,-1,-1,-1
167,8,1470,171,196,280,1,-1,-1,-1
167,12,2053,336,244,236,1,-1,-1,-1
167,13,1705,381,204,232,1,-1,-1,-1
167,14,1584,494,228,224,1,-1,-1,-1
167,15,2433,353,108,252,1,-1,-1,-1
167,16,1475,551,148,200,1,-1,-1,-1
167,17,1845,420,259,232,1,-1,-1,-1
168,6,2474,164,76,184,1,-1,-1,-1
168,8,1468,171,196,280,1,-1,-1,-1
168,12,2060,335,244,236,1,-1,-1,-1
168,13,1703,381,204,232,1,-1,-1,-1
168,14,1590,494,228,224,1,-1,-1,-1
168,15,2424,353,108,252,1,-1,-1,-1
168,16,1474,552,148,200,1,-1,-1,-1
168,17,1848,420,259,232,1,-1,-1,-1
169,6,2474,164,76,184,1,-1,-1,-1
169,8,1468,171,196,280,1,-1,-1,-1
169,12,2064,328,244,240,1,-1,-1,-1
169,13,1703,381,204,232,1,-1,-1,-1
169,14,1590,494,228,224,1,-1,-1,-1
169,15,2424,353,108,252,1,-1,-1,-1
169,16,1474,552,148,200,1,-1,-1,-1
169,17,1848,420,259,232,1,-1,-1,-1
170,6,2469,165,76,184,1,-1,-1,-1
170,8,1465,171,196,280,1,-1,-1,-1
170,12,2064,328,244,240,1,-1,-1,-1
170,13,1700,379,204,232,1,-1,-1,-1
170,14,1590,496,228,224,1,-1,-1,-1
170,15,2415,353,108,252,1,-1,-1,-1
170,16,1470,552,148,200,1,-1,-1,-1
170,17,1849,420,259,232,1,-1,-1,-1
171,6,2467,165,76,184,1,-1,-1,-1
171,8,1462,172,196,280,1,-1,-1,-1
171,12,2070,330,244,240,1,-1,-1,-1
171,13,1699,381,204,232,1,-1,-1,-1
171,14,1602,499,228,224,1,-1,-1,-1
171,15,2402,355,108,252,1,-1,-1,-1
171,16,1466,553,148,200,1,-1,-1,-1
171,17,1849,426,259,232,1,-1,-1,-1
172,6,2464,166,76,184,1,-1,-1,-1
172,8,1464,180,187,267,1,-1,-1,-1
172,12,2075,333,244,240,1,-1,-1,-1
172,13,1686,384,204,232,1,-1,-1,-1
172,15,2393,357,108,252,1,-1,-1,-1
172,16,1462,557,148,200,1,-1,-1,-1
172,17,1847,427,259,232,1,-1,-1,-1
173,6,2460,166,76,184,1,-1,-1,-1
173,8,1461,181,187,267,1,-1,-1,-1
173,12,2075,328,256,252,1,-1,-1,-1
173,13,1689,391,194,221,1,-1,-1,-1
173,15,2388,364,103,240,1,-1,-1,-1
173,16,1458,558,148,200,1,-1,-1,-1
173,17,1844,429,259,232,1,-1,-1,-1
174,6,2456,167,76,184,1,-1,-1,-1
174,8,1457,183,187,267,1,-1,-1,-1
174,12,2087,328,256,252,1,-1,-1,-1
174,13,1675,394,194,221,1,-1,-1,-1
174,15,2377,369,98,229,1,-1,-1,-1
174,16,1454,559,148,200,1,-1,-1,-1
174,17,1844,430,259,232,1,-1,-1,-1
175,6,2453,167,76,184,1,-1,-1,-1
175,8,1457,184,187,267,1,-1,-1,-1
175,12,2085,328,256,252,1,-1,-1,-1
175,15,2376,368,98,229,1,-1,-1,-1
175,16,1453,557,148,200,1,-1,-1,-1
175,17,1841,431,259,232,1,-1,-1,-1
176,6,2451,168,76,184,1,-1,-1,-1
176,8,1454,184,187,267,1,-1,-1,-1
176,12,2108,328,244,240,1,-1,-1,-1
176,15,2370,367,98,229,1,-1,-1,-1
176,16,1451,558,148,200,1,-1,-1,-1
176,17,1838,431,259,232,1,-1,-1,-1
177,6,2451,168,76,184,1,-1,-1,-1
177,8,1454,184,187,267,1,-1,-1,-1
177,12,2104,340,256,236,1,-1,-1,-1
177,15,2370,367,98,229,1,-1,-1,-1
177,16,1451,558,148,200,1,-1,-1,-1
177,17,1838,431,259,232,1,-1,-1,-1
178,6,2447,170,76,184,1,-1,-1,-1
178,8,1449,184,187,267,1,-1,-1,-1
178,12,2108,341,256,236,1,-1,-1,-1
178,15,2351,357,103,240,1,-1,-1,-1
178,16,1449,564,141,190,1,-1,-1,-1
178,17,1826,433,259,232,1,-1,-1,-1
179,6,2445,169,76,184,1,-1,-1,-1
179,8,1446,185,187,267,1,-1,-1,-1
179,12,2120,343,256,236,1,-1,-1,-1
179,15,2345,357,103,240,1,-1,-1,-1
179,16,1444,568,141,190,1,-1,-1,-1
179,17,1825,442,247,221,1,-1,-1,-1
180,6,2444,168,76,184,1,-1,-1,-1
180,8,1444,186,187,267,1,-1,-1,-1
180,12,2120,342,256,236,1,-1,-1,-1
180,15,2343,357,103,240,1,-1,-1,-1
180,16,1444,568,141,190,1,-1,-1,-1
180,17,1824,445,247,221,1,-1,-1,-1
181,6,2442,170,76,184,1,-1,-1,-1
181,8,1444,186,187,267,1,-1,-1,-1
181,12,2133,342,256,236,1,-1,-1,-1
181,15,2338,357,103,240,1,-1,-1,-1
181,16,1441,569,141,190,1,-1,-1,-1
181,17,1804,439,259,232,1,-1,-1,-1
182,6,2441,172,76,184,1,-1,-1,-1
182,8,1438,180,196,280,1,-1,-1,-1
182,12,2148,337,256,236,1,-1,-1,-1
182,15,2330,360,103,240,1,-1,-1,-1
182,16,1437,571,141,190,1,-1,-1,-1
182,17,1802,445,259,232,1,-1,-1,-1
183,6,2439,174,76,184,1,-1,-1,-1
183,8,1436,180,196,280,1,-1,-1,-1
183,12,2162,342,244,225,1,-1,-1,-1
183,15,2322,360,103,240,1,-1,-1,-1
183,16,1436,571,141,190,1,-1,-1,-1
183,17,1801,454,247,221,1,-1,-1,-1
184,6,2439,175,76,184,1,-1,-1,-1
184,8,1432,182,196,280,1,-1,-1,-1
184,12,2175,330,244,225,1,-1,-1,-1
184,15,2322,366,103,240,1,-1,-1,-1
184,16,1432,573,141,190,1,-1,-1,-1
184,17,1794,453,247,221,1,-1,-1,-1
185,6,2439,175,76,184,1,-1,-1,-1
185,8,1428,164,236,300,1,-1,-1,-1
185,12,2175,330,244,225,1,-1,-1,-1
185,15,2322,366,103,240,1,-1,-1,-1
185,16,1432,573,141,190,1,-1,-1,-1
185,17,1794,453,247,221,1,-1,-1,-1
186,6,2436,173,80,193,1,-1,-1,-1
186,8,1427,166,236,300,1,-1,-1,-1
186,12,2188,326,244,225,1,-1,-1,-1
186,15,2320,370,103,240,1,-1,-1,-1
186,16,1428,575,141,190,1,-1,-1,-1
187,6,2436,174,80,193,1,-1,-1,-1
187,8,1424,166,236,300,1,-1,-1,-1
187,12,2193,324,244,225,1,-1,-1,-1
187,15,2317,376,103,240,1,-1,-1,-1
187,16,1424,575,141,190,1,-1,-1,-1
188,6,2437,176,80,193,1,-1,-1,-1
188,8,1422,166,236,300,1,-1,-1,-1
188,12,2207,321,244,225,1,-1,-1,-1
188,16,1423,575,141,190,1,-1,-1,-1
189,6,2438,180,80,193,1,-1,-1,-1
189,8,1421,167,236,300,1,-1,-1,-1
189,12,2211,319,244,225,1,-1,-1,-1
189,16,1419,577,141,190,1,-1,-1,-1
190,6,2438,179,80,193,1,-1,-1,-1
190,8,1419,170,236,300,1,-1,-1,-1
190,12,2214,319,244,225,1,-1,-1,-1
190,16,1417,577,141,190,1,-1,-1,-1
191,6,2440,179,80,193,1,-1,-1,-1
191,8,1423,176,225,286,1,-1,-1,-1
191,16,1420,584,134,181,1,-1,-1,-1
192,6,2443,177,80,193,1,-1,-1,-1
192,8,1420,178,225,286,1,-1,-1,-1
192,16,1418,586,134,181,1,-1,-1,-1
193,6,2443,177,80,193,1,-1,-1,-1
193,8,1420,178,225,286,1,-1,-1,-1
193,16,1418,586,134,181,1,-1,-1,-1
194,6,2454,191,80,193,1,-1,-1,-1
194,8,1419,178,225,286,1,-1,-1,-1
194,16,1413,581,141,190,1,-1,-1,-1
195,6,2456,181,84,203,1,-1,-1,-1
195,8,1420,180,225,286,1,-1,-1,-1
195,16,1412,581,141,190,1,-1,-1,-1
196,6,2459,181,84,203,1,-1,-1,-1
196,8,1417,180,225,286,1,-1,-1,-1
196,16,1408,576,148,200,1,-1,-1,-1
197,8,1416,181,225,286,1,-1,-1,-1
197,16,1408,576,148,200,1,-1,-1,-1
198,8,1413,183,225,286,1,-1,-1,-1
198,16,1404,571,155,210,1,-1,-1,-1
199,8,1410,184,225,286,1,-1,-1,-1
199,16,1402,572,155,210,1,-1,-1,-1
200,8,1411,184,225,286,1,-1,-1,-1
200,16,1401,572,155,210,1,-1,-1,-1
201,8,1400,164,236,328,1,-1,-1,-1
201,16,1404,556,148,220,1,-1,-1,-1
201,18,1792,496,232,284,1,-1,-1,-1
201,19,1700,292,284,320,1,-1,-1,-1
201,20,2248,324,304,308,1,-1,-1,-1
202,8,1397,164,236,328,1,-1,-1,-1
202,16,1406,557,148,220,1,-1,-1,-1
202,18,1795,498,232,284,1,-1,-1,-1
202,19,1707,292,284,320,1,-1,-1,-1
202,20,2247,324,304,308,1,-1,-1,-1
203,8,1396,166,236,328,1,-1,-1,-1
203,16,1406,558,148,220,1,-1,-1,-1
203,18,1798,502,232,284,1,-1,-1,-1
203,19,1717,292,284,320,1,-1,-1,-1
203,20,2247,324,304,308,1,-1,-1,-1
204,8,1393,166,236,328,1,-1,-1,-1
204,16,1407,559,148,220,1,-1,-1,-1
204,18,1809,506,232,284,1,-1,-1,-1
204,19,1725,293,284,320,1,-1,-1,-1
204,20,2246,324,304,308,1,-1,-1,-1
205,8,1392,167,236,328,1,-1,-1,-1
205,16,1406,559,148,220,1,-1,-1,-1
205,18,1811,505,232,284,1,-1,-1,-1
205,19,1720,282,298,336,1,-1,-1,-1
205,20,2246,325,304,308,1,-1,-1,-1
206,8,1392,167,236,328,1,-1,-1,-1
206,16,1403,552,155,231,1,-1,-1,-1
206,18,1811,506,232,284,1,-1,-1,-1
206,19,1735,281,298,336,1,-1,-1,-1
206,20,2244,325,304,308,1,-1,-1,-1
207,8,1391,166,236,328,1,-1,-1,-1
207,16,1410,558,148,220,1,-1,-1,-1
207,18,1822,513,221,270,1,-1,-1,-1
207,19,1737,279,298,336,1,-1,-1,-1
207,20,2240,326,304,308,1,-1,-1,-1
208,8,1388,166,236,328,1,-1,-1,-1
208,16,1412,558,148,220,1,-1,-1,-1
208,18,1828,513,221,270,1,-1,-1,-1
208,19,1760,264,298,336,1,-1,-1,-1
208,20,2239,325,304,308,1,-1,-1,-1
209,8,1384,172,228,316,1,-1,-1,-1
209,16,1388,540,200,240,1,-1,-1,-1
209,18,1836,556,236,236,1,-1,-1,-1
209,19,1804,312,336,260,1,-1,-1,-1
209,20,2240,292,304,340,1,-1,-1,-1
210,8,1384,172,228,316,1,-1,-1,-1
210,16,1388,540,200,240,1,-1,-1,-1
210,18,1836,556,236,236,1,-1,-1,-1
210,19,1804,312,336,260,1,-1,-1,-1
210,20,2240,292,304,340,1,-1,-1,-1
211,8,1383,172,228,316,1,-1,-1,-1
211,16,1388,541,200,240,1,-1,-1,-1
211,18,1840,557,236,236,1,-1,-1,-1
211,19,1817,312,336,260,1,-1,-1,-1
211,20,2239,292,304,340,1,-1,-1,-1
212,8,1378,173,228,316,1,-1,-1,-1
212,16,1385,541,200,240,1,-1,-1,-1
212,18,1839,558,236,236,1,-1,-1,-1
212,19,1839,312,320,248,1,-1,-1,-1
212,20,2234,293,304,340,1,-1,-1,-1
213,8,1372,174,228,316,1,-1,-1,-1
213,16,1382,541,200,240,1,-1,-1,-1
213,18,1836,559,236,236,1,-1,-1,-1
213,19,1843,302,336,260,1,-1,-1,-1
213,20,2228,293,304,340,1,-1,-1,-1
214,8,1362,174,228,316,1,-1,-1,-1
214,16,1376,540,200,240,1,-1,-1,-1
214,18,1831,561,236,236,1,-1,-1,-1
214,19,1845,291,336,260,1,-1,-1,-1
214,20,2220,294,304,340,1,-1,-1,-1
215,8,1359,174,228,316,1,-1,-1,-1
215,16,1375,540,200,240,1,-1,-1,-1
215,18,1832,559,236,236,1,-1,-1,-1
215,19,1856,289,336,260,1,-1,-1,-1
215,20,2219,292,304,340,1,-1,-1,-1
216,8,1356,175,228,316,1,-1,-1,-1
216,16,1371,541,200,240,1,-1,-1,-1
216,18,1828,559,236,236,1,-1,-1,-1
216,19,1902,285,320,248,1,-1,-1,-1
216,20,2213,294,304,340,1,-1,-1,-1
217,8,1344,172,232,316,1,-1,-1,-1
217,16,1352,532,224,252,1,-1,-1,-1
217,18,1812,532,272,260,1,-1,-1,-1
217,19,1940,252,264,292,1,-1,-1,-1
217,20,2200,328,300,312,1,-1,-1,-1
218,8,1338,172,232,316,1,-1,-1,-1
218,16,1348,532,224,252,1,-1,-1,-1
218,18,1811,532,272,260,1,-1,-1,-1
218,19,1947,249,264,292,1,-1,-1,-1
218,20,2195,328,300,312,1,-1,-1,-1
219,8,1332,172,232,316,1,-1,-1,-1
219,16,1341,532,224,252,1,-1,-1,-1
219,18,1808,535,272,260,1,-1,-1,-1
219,19,1948,242,264,292,1,-1,-1,-1
219,20,2189,329,300,312,1,-1,-1,-1
220,8,1331,173,232,316,1,-1,-1,-1
220,16,1339,532,224,252,1,-1,-1,-1
220,18,1808,536,272,260,1,-1,-1,-1
220,19,1944,235,277,307,1,-1,-1,-1
220,20,2190,329,300,312,1,-1,-1,-1
221,8,1321,171,232,316,1,-1,-1,-1
221,16,1333,532,224,252,1,-1,-1,-1
221,18,1805,537,272,260,1,-1,-1,-1
221,19,1938,219,291,322,1,-1,-1,-1
221,20,2179,329,300,312,1,-1,-1,-1
222,8,1303,172,232,316,1,-1,-1,-1
222,16,1320,532,224,252,1,-1,-1,-1
222,18,1801,544,259,248,1,-1,-1,-1
222,19,1936,212,291,322,1,-1,-1,-1
222,20,2166,331,300,312,1,-1,-1,-1
223,8,1286,172,232,316,1,-1,-1,-1
223,16,1308,532,224,252,1,-1,-1,-1
223,18,1799,542,259,248,1,-1,-1,-1
223,19,1965,188,291,322,1,-1,-1,-1
223,20,2151,330,300,312,1,-1,-1,-1
224,8,1276,171,232,316,1,-1,-1,-1
224,16,1298,532,224,252,1,-1,-1,-1
224,18,1790,540,259,248,1,-1,-1,-1
224,19,1957,172,306,338,1,-1,-1,-1
224,20,2146,340,286,297,1,-1,-1,-1
225,8,1276,172,228,316,1,-1,-1,-1
225,16,1280,532,244,252,1,-1,-1,-1
225,18,1852,584,212,220,1,-1,-1,-1
225,19,1992,220,316,296,1,-1,-1,-1
225,20,2140,332,348,308,1,-1,-1,-1
225,21,2420,348,140,196,1,-1,-1,-1
225,22,1744,528,212,268,1,-1,-1,-1
226,8,1268,172,228,316,1,-1,-1,-1
226,16,1273,532,244,252,1,-1,-1,-1
226,18,1850,586,212,220,1,-1,-1,-1
226,19,1990,216,316,296,1,-1,-1,-1
226,20,2136,332,348,308,1,-1,-1,-1
226,21,2417,347,140,196,1,-1,-1,-1
226,22,1742,528,212,268,1,-1,-1,-1
227,8,1260,169,228,316,1,-1,-1,-1
227,16,1268,530,244,252,1,-1,-1,-1
227,18,1849,588,212,220,1,-1,-1,-1
227,19,1999,224,301,282,1,-1,-1,-1
227,20,2131,334,348,308,1,-1,-1,-1
227,21,2415,349,140,196,1,-1,-1,-1
227,22,1739,527,212,268,1,-1,-1,-1
228,8,1253,170,228,316,1,-1,-1,-1
228,16,1263,530,244,252,1,-1,-1,-1
228,18,1854,590,202,210,1,-1,-1,-1
228,19,1984,222,301,282,1,-1,-1,-1
228,20,2118,332,348,308,1,-1,-1,-1
228,21,2416,349,140,196,1,-1,-1,-1
228,22,1737,528,212,268,1,-1,-1,-1
229,8,1245,171,228,316,1,-1,-1,-1
229,16,1255,531,244,252,1,-1,-1,-1
229,18,1853,589,202,210,1,-1,-1,-1
229,19,1971,225,301,282,1,-1,-1,-1
229,20,2114,336,348,308,1,-1,-1,-1
229,21,2422,346,138,196,1,-1,-1,-1
229,22,1734,528,212,268,1,-1,-1,-1
230,8,1242,170,228,316,1,-1,-1,-1
230,16,1253,531,244,252,1,-1,-1,-1
230,18,1853,589,202,210,1,-1,-1,-1
230,19,1952,219,316,296,1,-1,-1,-1
230,20,2112,333,348,308,1,-1,-1,-1
230,21,2426,349,133,187,1,-1,-1,-1
230,22,1733,528,212,268,1,-1,-1,-1
231,8,1233,169,228,316,1,-1,-1,-1
231,16,1249,529,244,252,1,-1,-1,-1
231,18,1850,589,202,210,1,-1,-1,-1
231,20,2107,333,348,308,1,-1,-1,-1
231,21,2431,348,129,187,1,-1,-1,-1
231,22,1728,529,212,268,1,-1,-1,-1
232,8,1225,170,228,316,1,-1,-1,-1
232,16,1241,529,244,252,1,-1,-1,-1
232,18,1851,589,202,210,1,-1,-1,-1
232,20,2097,332,348,308,1,-1,-1,-1
232,21,2432,345,128,187,1,-1,-1,-1
232,22,1730,529,212,268,1,-1,-1,-1
233,8,1208,188,220,300,1,-1,-1,-1
233,16,1220,512,232,260,1,-1,-1,-1
233,18,1851,589,202,210,1,-1,-1,-1
233,20,2084,344,284,288,1,-1,-1,-1
233,21,2432,345,128,187,1,-1,-1,-1
233,22,1730,529,212,268,1,-1,-1,-1
233,23,2112,204,288,220,1,-1,-1,-1
233,24,1768,516,304,288,1,-1,-1,-1
234,8,1199,189,220,300,1,-1,-1,-1
234,16,1213,511,232,260,1,-1,-1,-1
234,18,1853,588,202,210,1,-1,-1,-1
234,20,2080,344,284,288,1,-1,-1,-1
234,21,2434,342,126,187,1,-1,-1,-1
234,22,1729,528,212,268,1,-1,-1,-1
234,23,2117,203,288,220,1,-1,-1,-1
234,24,1766,518,304,288,1,-1,-1,-1
235,8,1199,188,220,300,1,-1,-1,-1
235,16,1213,512,232,260,1,-1,-1,-1
235,18,1849,584,212,220,1,-1,-1,-1
235,20,2080,343,284,288,1,-1,-1,-1
235,21,2435,341,125,187,1,-1,-1,-1
235,22,1728,527,212,268,1,-1,-1,-1
235,23,2119,201,288,220,1,-1,-1,-1
235,24,1765,516,304,288,1,-1,-1,-1
236,8,1181,181,231,315,1,-1,-1,-1
236,16,1203,510,232,260,1,-1,-1,-1
236,18,1849,583,212,220,1,-1,-1,-1
236,20,2081,349,270,274,1,-1,-1,-1
236,21,2432,340,128,187,1,-1,-1,-1
236,22,1727,526,212,268,1,-1,-1,-1
236,23,2125,198,288,220,1,-1,-1,-1
236,24,1762,515,304,288,1,-1,-1,-1
237,8,1170,180,231,315,1,-1,-1,-1
237,16,1197,508,232,260,1,-1,-1,-1
237,18,1847,583,212,220,1,-1,-1,-1
237,20,2069,344,270,274,1,-1,-1,-1
237,21,2428,337,132,187,1,-1,-1,-1
237,22,1727,526,212,268,1,-1,-1,-1
237,23,2128,191,288,220,1,-1,-1,-1
237,24,1760,517,304,288,1,-1,-1,-1
238,8,1167,187,220,300,1,-1,-1,-1
238,16,1191,506,232,260,1,-1,-1,-1
238,18,1851,587,202,210,1,-1,-1,-1
238,20,2061,344,270,274,1,-1,-1,-1
238,21,2427,335,133,187,1,-1,-1,-1
238,22,1718,522,223,281,1,-1,-1,-1
238,23,2145,176,288,220,1,-1,-1,-1
238,24,1758,515,304,288,1,-1,-1,-1
239,8,1159,185,220,300,1,-1,-1,-1
239,16,1177,497,244,273,1,-1,-1,-1
239,18,1849,588,202,210,1,-1,-1,-1
239,20,2050,342,270,274,1,-1,-1,-1
239,21,2424,329,136,196,1,-1,-1,-1
239,22,1719,520,223,281,1,-1,-1,-1
239,23,2155,172,288,220,1,-1,-1,-1
239,24,1756,514,304,288,1,-1,-1,-1
240,8,1158,185,220,300,1,-1,-1,-1
240,16,1175,496,244,273,1,-1,-1,-1
240,18,1849,587,202,210,1,-1,-1,-1
240,20,2044,336,284,288,1,-1,-1,-1
240,21,2425,327,135,196,1,-1,-1,-1
240,22,1725,524,212,268,1,-1,-1,-1
240,23,2163,173,274,210,1,-1,-1,-1
240,24,1755,513,304,288,1,-1,-1,-1
241,8,1152,204,224,272,1,-1,-1,-1
241,16,1172,492,224,264,1,-1,-1,-1
241,18,1832,580,224,208,1,-1,-1,-1
241,20,2028,264,288,352,1,-1,-1,-1
241,21,2420,324,140,196,1,-1,-1,-1
241,22,1725,524,212,268,1,-1,-1,-1
241,23,2160,136,292,264,1,-1,-1,-1
241,24,1755,513,304,288,1,-1,-1,-1
241,25,1720,488,144,236,1,-1,-1,-1
242,8,1145,203,224,272,1,-1,-1,-1
242,16,1164,490,224,264,1,-1,-1,-1
242,18,1832,579,224,208,1,-1,-1,-1
242,20,2022,262,288,352,1,-1,-1,-1
242,21,2420,321,140,196,1,-1,-1,-1
242,22,1723,532,202,255,1,-1,-1,-1
242,23,2162,136,292,264,1,-1,-1,-1
242,24,1747,512,304,288,1,-1,-1,-1
242,25,1717,486,144,236,1,-1,-1,-1
243,8,1139,200,224,272,1,-1,-1,-1
243,16,1159,490,224,264,1,-1,-1,-1
243,18,1833,578,224,208,1,-1,-1,-1
243,20,2026,270,274,335,1,-1,-1,-1
243,21,2422,319,138,196,1,-1,-1,-1
243,22,1712,523,212,268,1,-1,-1,-1
243,23,2167,137,292,264,1,-1,-1,-1
243,24,1745,516,304,288,1,-1,-1,-1
243,25,1711,486,144,236,1,-1,-1,-1
244,8,1130,200,224,272,1,-1,-1,-1
244,16,1153,489,224,264,1,-1,-1,-1
244,18,1832,578,224,208,1,-1,-1,-1
244,20,2028,279,261,319,1,-1,-1,-1
244,21,2426,315,134,196,1,-1,-1,-1
244,22,1706,524,212,268,1,-1,-1,-1
244,23,2164,127,307,277,1,-1,-1,-1
244,24,1752,520,290,274,1,-1,-1,-1
244,25,1707,484,144,236,1,-1,-1,-1
245,8,1129,200,224,272,1,-1,-1,-1
245,16,1151,489,224,264,1,-1,-1,-1
245,18,1829,574,235,218,1,-1,-1,-1
245,20,2023,269,274,335,1,-1,-1,-1
245,21,2426,315,134,196,1,-1,-1,-1
245,23,2166,126,307,277,1,-1,-1,-1
245,24,1753,519,290,274,1,-1,-1,-1
245,25,1705,485,144,236,1,-1,-1,-1
246,8,1128,207,213,259,1,-1,-1,-1
246,16,1145,488,224,264,1,-1,-1,-1
246,18,1831,572,235,218,1,-1,-1,-1
246,20,2017,268,274,335,1,-1,-1,-1
246,21,2424,310,136,206,1,-1,-1,-1
246,23,2169,122,307,277,1,-1,-1,-1
246,24,1750,512,304,288,1,-1,-1,-1
246,25,1702,485,144,236,1,-1,-1,-1
247,8,1121,206,213,259,1,-1,-1,-1
247,16,1140,488,224,264,1,-1,-1,-1
247,18,1836,571,235,218,1,-1,-1,-1
247,20,2013,265,274,335,1,-1,-1,-1
247,21,2430,309,130,206,1,-1,-1,-1
247,23,2179,117,307,277,1,-1,-1,-1
247,24,1763,511,304,288,1,-1,-1,-1
247,25,1699,484,144,236,1,-1,-1,-1
248,8,1119,205,213,259,1,-1,-1,-1
248,16,1136,486,224,264,1,-1,-1,-1
248,18,1837,571,235,218,1,-1,-1,-1
248,20,2005,262,274,335,1,-1,-1,-1
248,21,2429,308,131,206,1,-1,-1,-1
248,23,2183,112,307,277,1,-1,-1,-1
248,24,1763,502,319,302,1,-1,-1,-1
248,25,1695,484,144,236,1,-1,-1,-1
249,8,1116,208,192,260,1,-1,-1,-1
249,16,1128,480,212,272,1,-1,-1,-1
249,18,1816,572,272,220,1,-1,-1,-1
249,20,1992,268,284,340,1,-1,-1,-1
249,21,2428,296,128,204,1,-1,-1,-1
249,23,2204,148,292,232,1,-1,-1,-1
249,24,1763,502,319,302,1,-1,-1,-1
249,25,1688,476,144,260,1,-1,-1,-1
250,8,1116,208,192,260,1,-1,-1,-1
250,16,1128,480,212,272,1,-1,-1,-1
250,18,1816,572,272,220,1,-1,-1,-1
250,20,1992,268,284,340,1,-1,-1,-1
250,21,2428,296,128,204,1,-1,-1,-1
250,23,2204,148,292,232,1,-1,-1,-1
250,24,1760,499,319,302,1,-1,-1,-1
250,25,1688,476,144,260,1,-1,-1,-1
251,8,1118,215,183,248,1,-1,-1,-1
251,16,1124,480,212,272,1,-1,-1,-1
251,18,1819,572,272,220,1,-1,-1,-1
251,20,1990,266,284,340,1,-1,-1,-1
251,21,2428,295,128,204,1,-1,-1,-1
251,23,2210,147,292,232,1,-1,-1,-1
251,24,1767,501,319,302,1,-1,-1,-1
251,25,1687,476,144,260,1,-1,-1,-1
252,8,1112,216,183,248,1,-1,-1,-1
252,16,1127,484,202,259,1,-1,-1,-1
252,18,1820,573,272,220,1,-1,-1,-1
252,20,1986,265,284,340,1,-1,-1,-1
252,21,2428,294,128,204,1,-1,-1,-1
252,23,2222,151,278,221,1,-1,-1,-1
252,24,1765,487,335,318,1,-1,-1,-1
252,25,1685,476,144,260,1,-1,-1,-1
253,8,1108,218,183,248,1,-1,-1,-1
253,16,1121,486,202,259,1,-1,-1,-1
253,18,1821,575,272,220,1,-1,-1,-1
253,20,1986,266,284,340,1,-1,-1,-1
253,21,2428,294,128,204,1,-1,-1,-1
253,23,2226,152,278,221,1,-1,-1,-1
253,24,1765,480,352,333,1,-1,-1,-1
253,25,1683,477,144,260,1,-1,-1,-1
254,8,1104,219,183,248,1,-1,-1,-1
254,16,1118,486,202,259,1,-1,-1,-1
254,18,1826,575,272,220,1,-1,-1,-1
254,20,1984,266,284,340,1,-1,-1,-1
254,21,2429,295,128,204,1,-1,-1,-1
254,23,2232,151,278,221,1,-1,-1,-1
254,24,1767,477,352,333,1,-1,-1,-1
254,25,1681,478,144,260,1,-1,-1,-1
255,8,1103,218,183,248,1,-1,-1,-1
255,16,1117,487,202,259,1,-1,-1,-1
255,18,1824,575,272,220,1,-1,-1,-1
255,20,1982,267,284,340,1,-1,-1,-1
255,21,2429,295,128,204,1,-1,-1,-1
255,23,2234,150,278,221,1,-1,-1,-1
255,24,1770,475,352,333,1,-1,-1,-1
255,25,1681,479,144,260,1,-1,-1,-1
256,8,1101,221,183,248,1,-1,-1,-1
256,16,1113,487,202,259,1,-1,-1,-1
256,18,1830,572,272,220,1,-1,-1,-1
256,20,1979,266,284,340,1,-1,-1,-1
256,21,2431,293,128,204,1,-1,-1,-1
256,23,2245,149,278,221,1,-1,-1,-1
256,25,1679,479,144,260,1,-1,-1,-1
257,8,1116,192,152,276,1,-1,-1,-1
257,16,1108,484,208,260,1,-1,-1,-1
257,18,1896,572,204,220,1,-1,-1,-1
257,20,1968,260,284,364,1,-1,-1,-1
257,21,2431,293,128,204,1,-1,-1,-1
257,23,2208,144,328,228,1,-1,-1,-1
257,25,1676,496,136,248,1,-1,-1,-1
258,8,1115,192,152,276,1,-1,-1,-1
258,16,1106,484,208,260,1,-1,-1,-1
258,18,1899,572,204,220,1,-1,-1,-1
258,20,1966,260,284,364,1,-1,-1,-1
258,21,2436,292,124,204,1,-1,-1,-1
258,23,2212,143,328,228,1,-1,-1,-1
258,25,1676,496,136,248,1,-1,-1,-1
259,8,1113,192,152,276,1,-1,-1,-1
259,16,1102,484,208,260,1,-1,-1,-1
259,18,1904,571,204,220,1,-1,-1,-1
259,20,1965,260,284,364,1,-1,-1,-1
259,21,2435,292,125,204,1,-1,-1,-1
259,23,2218,141,328,228,1,-1,-1,-1
259,25,1674,496,136,248,1,-1,-1,-1
260,8,1112,191,152,276,1,-1,-1,-1
260,16,1102,485,208,260,1,-1,-1,-1
260,18,1904,570,204,220,1,-1,-1,-1
260,20,1964,260,284,364,1,-1,-1,-1
260,21,2434,292,126,204,1,-1,-1,-1
260,23,2219,141,328,228,1,-1,-1,-1
260,25,1674,496,136,248,1,-1,-1,-1
261,8,1114,196,145,263,1,-1,-1,-1
261,16,1102,485,208,260,1,-1,-1,-1
261,18,1908,571,204,220,1,-1,-1,-1
261,20,1964,261,284,364,1,-1,-1,-1
261,21,2431,291,128,204,1,-1,-1,-1
261,23,2222,142,328,228,1,-1,-1,-1
261,25,1674,497,136,248,1,-1,-1,-1
262,8,1111,189,152,276,1,-1,-1,-1
262,16,1099,485,208,260,1,-1,-1,-1
262,18,1910,572,204,220,1,-1,-1,-1
262,20,1963,261,284,364,1,-1,-1,-1
262,21,2437,293,123,204,1,-1,-1,-1
262,23,2226,141,328,228,1,-1,-1,-1
262,25,1674,499,136,248,1,-1,-1,-1
263,8,1110,190,152,276,1,-1,-1,-1
263,16,1096,484,208,260,1,-1,-1,-1
263,18,1918,573,204,220,1,-1,-1,-1
263,20,1966,272,270,347,1,-1,-1,-1
263,21,2440,294,120,204,1,-1,-1,-1
263,23,2228,144,328,228,1,-1,-1,-1
263,25,1674,500,136,248,1,-1,-1,-1
264,8,1112,198,145,263,1,-1,-1,-1
264,16,1096,483,208,260,1,-1,-1,-1
264,18,1928,580,194,210,1,-1,-1,-1
264,20,1965,271,270,347,1,-1,-1,-1
264,21,2447,296,113,204,1,-1,-1,-1
264,23,2233,144,327,228,1,-1,-1,-1
264,25,1673,502,136,248,1,-1,-1,-1
265,8,1116,208,136,264,1,-1,-1,-1
265,16,1096,488,216,256,1,-1,-1,-1
265,18,1904,580,236,228,1,-1,-1,-1
265,20,1965,271,270,347,1,-1,-1,-1
265,21,2447,296,113,204,1,-1,-1,-1
265,23,2288,156,252,220,1,-1,-1,-1
265,25,1676,480,132,264,1,-1,-1,-1
266,8,1115,208,136,264,1,-1,-1,-1
266,16,1093,488,216,256,1,-1,-1,-1
266,18,1906,581,236,228,1,-1,-1,-1
266,20,1964,271,270,347,1,-1,-1,-1
266,21,2453,299,107,194,1,-1,-1,-1
266,23,2293,157,252,220,1,-1,-1,-1
266,25,1676,480,132,264,1,-1,-1,-1
267,8,1113,209,136,264,1,-1,-1,-1
267,16,1091,491,216,256,1,-1,-1,-1
267,18,1909,584,236,228,1,-1,-1,-1
267,20,1962,271,270,347,1,-1,-1,-1
267,21,2455,299,105,194,1,-1,-1,-1
267,23,2300,158,252,220,1,-1,-1,-1
267,25,1678,482,132,264,1,-1,-1,-1
268,8,1107,211,136,264,1,-1,-1,-1
268,16,1088,493,216,256,1,-1,-1,-1
268,18,1913,584,236,228,1,-1,-1,-1
268,20,1960,273,270,347,1,-1,-1,-1
268,21,2469,304,91,185,1,-1,-1,-1
268,23,2306,155,252,220,1,-1,-1,-1
268,25,1679,481,132,264,1,-1,-1,-1
269,8,1109,218,136,264,1,-1,-1,-1
269,16,1089,492,216,256,1,-1,-1,-1
269,18,1916,585,236,228,1,-1,-1,-1
269,20,1960,273,270,347,1,-1,-1,-1
269,21,2479,302,81,185,1,-1,-1,-1
269,23,2315,158,245,220,1,-1,-1,-1
269,25,1681,481,132,264,1,-1,-1,-1
270,8,1110,217,136,264,1,-1,-1,-1
270,16,1089,492,216,256,1,-1,-1,-1
270,18,1910,578,248,239,1,-1,-1,-1
270,20,1961,273,270,347,1,-1,-1,-1
270,23,2314,157,246,220,1,-1,-1,-1
270,25,1682,481,132,264,1,-1,-1,-1
271,8,1104,207,143,277,1,-1,-1,-1
271,16,1089,493,216,256,1,-1,-1,-1
271,18,1917,578,248,239,1,-1,-1,-1
271,20,1960,270,270,347,1,-1,-1,-1
271,23,2318,159,242,220,1,-1,-1,-1
271,25,1683,482,132,264,1,-1,-1,-1
272,8,1106,209,136,264,1,-1,-1,-1
272,16,1089,494,216,256,1,-1,-1,-1
272,18,1927,577,248,239,1,-1,-1,-1
272,20,1960,271,270,347,1,-1,-1,-1
272,23,2318,159,242,220,1,-1,-1,-1
272,25,1683,482,132,264,1,-1,-1,-1
273,8,1106,209,136,264,1,-1,-1,-1
273,16,1088,496,244,252,1,-1,-1,-1
273,18,1927,577,248,239,1,-1,-1,-1
273,20,1960,271,270,347,1,-1,-1,-1
273,23,2318,159,242,220,1,-1,-1,-1
273,25,1684,500,180,248,1,-1,-1,-1
274,8,1104,212,136,264,1,-1,-1,-1
274,16,1089,497,244,252,1,-1,-1,-1
274,18,1933,579,248,239,1,-1,-1,-1
274,20,1961,271,270,347,1,-1,-1,-1
274,23,2341,160,219,220,1,-1,-1,-1
274,25,1686,501,180,248,1,-1,-1,-1
275,8,1103,213,136,264,1,-1,-1,-1
275,16,1090,498,244,252,1,-1,-1,-1
275,18,1941,586,236,228,1,-1,-1,-1
275,20,1962,271,270,347,1,-1,-1,-1
275,23,2361,162,199,210,1,-1,-1,-1
275,25,1687,502,180,248,1,-1,-1,-1
276,8,1099,215,136,264,1,-1,-1,-1
276,16,1093,499,244,252,1,-1,-1,-1
276,18,1963,586,225,217,1,-1,-1,-1
276,20,1963,271,270,347,1,-1,-1,-1
276,23,2367,163,193,210,1,-1,-1,-1
276,25,1690,502,180,248,1,-1,-1,-1
277,16,1094,501,244,252,1,-1,-1,-1
277,18,1979,586,225,217,1,-1,-1,-1
277,20,1963,271,270,347,1,-1,-1,-1
277,23,2385,169,175,200,1,-1,-1,-1
277,25,1693,502,180,248,1,-1,-1,-1
278,16,1096,502,244,252,1,-1,-1,-1
278,18,1999,587,214,207,1,-1,-1,-1
278,20,1964,270,270,347,1,-1,-1,-1
278,23,2390,169,170,200,1,-1,-1,-1
278,25,1696,503,180,248,1,-1,-1,-1
279,16,1097,503,244,252,1,-1,-1,-1
279,18,2006,589,214,207,1,-1,-1,-1
279,20,1964,271,270,347,1,-1,-1,-1
279,23,2395,170,165,200,1,-1,-1,-1
279,25,1700,510,171,236,1,-1,-1,-1
280,16,1097,503,244,252,1,-1,-1,-1
280,18,2006,588,214,207,1,-1,-1,-1
280,20,1964,271,270,347,1,-1,-1,-1
280,23,2396,170,164,200,1,-1,-1,-1
280,25,1697,504,180,248,1,-1,-1,-1
281,16,1104,516,264,236,1,-1,-1,-1
281,18,1992,580,196,224,1,-1,-1,-1
281,20,1960,260,280,328,1,-1,-1,-1
281,23,2412,160,148,212,1,-1,-1,-1
281,25,1724,504,184,264,1,-1,-1,-1
281,26,1044,276,156,232,1,-1,-1,-1
282,16,1105,516,264,236,1,-1,-1,-1
282,18,1997,580,196,224,1,-1,-1,-1
282,20,1961,259,280,328,1,-1,-1,-1
282,23,2421,159,139,212,1,-1,-1,-1
282,25,1728,504,184,264,1,-1,-1,-1
282,26,1043,277,156,232,1,-1,-1,-1
283,16,1110,515,264,236,1,-1,-1,-1
283,18,2003,581,196,224,1,-1,-1,-1
283,20,1962,258,280,328,1,-1,-1,-1
283,23,2435,158,125,212,1,-1,-1,-1
283,25,1736,504,184,264,1,-1,-1,-1
283,26,1043,279,156,232,1,-1,-1,-1
284,16,1112,516,264,236,1,-1,-1,-1
284,18,2009,580,196,224,1,-1,-1,-1
284,20,1963,259,280,328,1,-1,-1,-1
284,23,2441,160,119,212,1,-1,-1,-1
284,25,1744,505,184,264,1,-1,-1,-1
284,26,1042,280,156,232,1,-1,-1,-1
285,16,1114,516,264,236,1,-1,-1,-1
285,18,2011,581,196,224,1,-1,-1,-1
285,20,1965,260,280,328,1,-1,-1,-1
285,23,2442,160,118,212,1,-1,-1,-1
285,25,1746,507,184,264,1,-1,-1,-1
285,26,1043,282,156,232,1,-1,-1,-1
286,16,1116,517,264,236,1,-1,-1,-1
286,18,2016,582,196,224,1,-1,-1,-1
286,20,1965,259,280,328,1,-1,-1,-1
286,23,2449,162,111,212,1,-1,-1,-1
286,25,1744,502,193,277,1,-1,-1,-1
286,26,1041,283,156,232,1,-1,-1,-1
287,16,1117,519,264,236,1,-1,-1,-1
287,18,2015,577,206,235,1,-1,-1,-1
287,20,1967,260,280,328,1,-1,-1,-1
287,23,2456,164,104,212,1,-1,-1,-1
287,25,1745,504,193,277,1,-1,-1,-1
287,26,1040,285,156,232,1,-1,-1,-1
288,16,1127,525,251,225,1,-1,-1,-1
288,18,2020,577,206,235,1,-1,-1,-1
288,20,1968,260,280,328,1,-1,-1,-1
288,23,2461,164,99,212,1,-1,-1,-1
288,25,1748,503,193,277,1,-1,-1,-1
288,26,1039,288,156,232,1,-1,-1,-1
289,16,1160,528,224,216,1,-1,-1,-1
289,18,2088,576,184,232,1,-1,-1,-1
289,20,1968,264,276,340,1,-1,-1,-1
289,23,2452,176,108,208,1,-1,-1,-1
289,25,1748,503,193,277,1,-1,-1,-1
289,26,1032,284,196,272,1,-1,-1,-1
290,16,1160,528,224,216,1,-1,-1,-1
290,18,2088,576,184,232,1,-1,-1,-1
290,20,1968,263,276,340,1,-1,-1,-1
290,23,2452,176,108,208,1,-1,-1,-1
290,25,1749,496,203,291,1,-1,-1,-1
290,26,1032,284,196,272,1,-1,-1,-1
291,16,1167,534,213,206,1,-1,-1,-1
291,18,2092,576,184,232,1,-1,-1,-1
291,20,1968,263,276,340,1,-1,-1,-1
291,23,2454,176,106,208,1,-1,-1,-1
291,25,1753,492,203,291,1,-1,-1,-1
291,26,1030,285,196,272,1,-1,-1,-1
292,16,1168,534,213,206,1,-1,-1,-1
292,18,2091,572,193,244,1,-1,-1,-1
292,20,1968,263,276,340,1,-1,-1,-1
292,23,2460,178,100,208,1,-1,-1,-1
292,25,1760,493,203,291,1,-1,-1,-1
292,26,1027,289,196,272,1,-1,-1,-1
293,16,1168,534,213,206,1,-1,-1,-1
293,18,2094,570,193,244,1,-1,-1,-1
293,20,1967,262,276,340,1,-1,-1,-1
293,23,2465,178,95,208,1,-1,-1,-1
293,25,1765,495,203,291,1,-1,-1,-1
293,26,1030,297,187,259,1,-1,-1,-1
294,16,1170,535,213,206,1,-1,-1,-1
294,18,2099,571,193,244,1,-1,-1,-1
294,20,1965,264,276,340,1,-1,-1,-1
294,23,2467,180,93,208,1,-1,-1,-1
294,25,1772,497,203,291,1,-1,-1,-1
294,26,1024,294,196,272,1,-1,-1,-1
295,16,1168,534,213,206,1,-1,-1,-1
295,18,2100,573,193,244,1,-1,-1,-1
295,20,1966,264,276,340,1,-1,-1,-1
295,23,2467,181,93,208,1,-1,-1,-1
295,25,1768,493,213,306,1,-1,-1,-1
295,26,1024,293,196,272,1,-1,-1,-1
296,16,1170,534,213,206,1,-1,-1,-1
296,18,2100,572,193,244,1,-1,-1,-1
296,20,1966,264,276,340,1,-1,-1,-1
296,23,2469,180,91,208,1,-1,-1,-1
296,25,1776,494,213,306,1,-1,-1,-1
296,26,1023,296,196,272,1,-1,-1,-1
297,16,1180,536,176,216,1,-1,-1,-1
297,18,2116,584,216,236,1,-1,-1,-1
297,20,1968,264,276,344,1,-1,-1,-1
297,23,2469,180,91,208,1,-1,-1,-1
297,25,1776,494,213,306,1,-1,-1,-1
297,26,1023,296,196,272,1,-1,-1,-1
298,16,1180,537,176,216,1,-1,-1,-1
298,18,2119,583,216,236,1,-1,-1,-1
298,20,1969,264,276,344,1,-1,-1,-1
298,23,2472,186,88,208,1,-1,-1,-1
298,25,1784,494,213,306,1,-1,-1,-1
298,26,1023,296,196,272,1,-1,-1,-1
299,16,1181,538,176,216,1,-1,-1,-1
299,18,2122,583,216,236,1,-1,-1,-1
299,20,1971,264,276,344,1,-1,-1,-1
299,23,2478,198,82,198,1,-1,-1,-1
299,25,1797,494,213,306,1,-1,-1,-1
299,26,1015,291,206,286,1,-1,-1,-1
300,16,1180,538,176,216,1,-1,-1,-1
300,18,2122,584,216,236,1,-1,-1,-1
300,20,1971,263,276,344,1,-1,-1,-1
300,23,2478,208,82,198,1,-1,-1,-1
300,25,1806,503,203,291,1,-1,-1,-1
300,26,1014,291,206,286,1,-1,-1,-1
301,16,1181,536,176,216,1,-1,-1,-1
301,18,2127,584,216,236,1,-1,-1,-1
301,20,1972,263,276,344,1,-1,-1,-1
301,25,1811,505,203,291,1,-1,-1,-1
301,26,1012,291,206,286,1,-1,-1,-1
302,16,1183,535,176,216,1,-1,-1,-1
302,18,2131,585,216,236,1,-1,-1,-1
302,20,1974,263,276,344,1,-1,-1,-1
302,25,1818,504,203,291,1,-1,-1,-1
302,26,1013,292,206,286,1,-1,-1,-1
303,16,1183,536,176,216,1,-1,-1,-1
303,18,2142,592,206,225,1,-1,-1,-1
303,20,1976,264,276,344,1,-1,-1,-1
303,25,1821,505,203,291,1,-1,-1,-1
303,26,1012,297,206,286,1,-1,-1,-1
304,16,1186,535,176,216,1,-1,-1,-1
304,18,2140,586,216,236,1,-1,-1,-1
304,20,1977,262,276,344,1,-1,-1,-1
304,25,1832,514,193,277,1,-1,-1,-1
304,26,1009,295,206,286,1,-1,-1,-1
305,16,1188,544,160,204,1,-1,-1,-1
305,18,2140,586,216,236,1,-1,-1,-1
305,20,1977,262,276,344,1,-1,-1,-1
305,25,1832,514,193,277,1,-1,-1,-1
305,26,1012,312,192,276,1,-1,-1,-1
306,16,1190,543,160,204,1,-1,-1,-1
306,18,2142,587,216,236,1,-1,-1,-1
306,20,1978,262,276,344,1,-1,-1,-1
306,25,1851,512,193,277,1,-1,-1,-1
306,26,1011,314,192,276,1,-1,-1,-1
307,16,1192,542,160,204,1,-1,-1,-1
307,18,2146,589,216,236,1,-1,-1,-1
307,20,1979,262,276,344,1,-1,-1,-1
307,25,1865,512,193,277,1,-1,-1,-1
307,26,1013,315,192,276,1,-1,-1,-1
308,16,1200,548,152,194,1,-1,-1,-1
308,18,2161,594,206,225,1,-1,-1,-1
308,20,1980,262,276,344,1,-1,-1,-1
308,25,1874,511,193,277,1,-1,-1,-1
308,26,1007,310,202,290,1,-1,-1,-1
309,16,1205,547,152,194,1,-1,-1,-1
309,18,2169,595,206,225,1,-1,-1,-1
309,20,1990,270,263,328,1,-1,-1,-1
309,25,1884,511,193,277,1,-1,-1,-1
309,26,1008,310,202,290,1,-1,-1,-1
310,16,1204,548,152,194,1,-1,-1,-1
310,18,2168,594,206,225,1,-1,-1,-1
310,20,1994,270,263,328,1,-1,-1,-1
310,25,1885,511,193,277,1,-1,-1,-1
310,26,1009,310,202,290,1,-1,-1,-1
311,16,1209,547,152,194,1,-1,-1,-1
311,18,2182,596,206,225,1,-1,-1,-1
311,20,1996,270,263,328,1,-1,-1,-1
311,25,1906,519,184,264,1,-1,-1,-1
311,26,1010,313,202,290,1,-1,-1,-1
312,16,1216,546,152,194,1,-1,-1,-1
312,18,2187,596,206,225,1,-1,-1,-1
312,20,2000,269,263,328,1,-1,-1,-1
312,25,1909,513,193,277,1,-1,-1,-1
312,26,1016,323,192,276,1,-1,-1,-1
313,16,1216,546,152,194,1,-1,-1,-1
313,18,2187,596,206,225,1,-1,-1,-1
313,20,2000,269,263,328,1,-1,-1,-1
313,25,1909,513,193,277,1,-1,-1,-1
313,26,988,336,216,264,1,-1,-1,-1
313,27,1296,548,424,360,1,-1,-1,-1
314,16,1231,546,152,194,1,-1,-1,-1
314,18,2214,603,196,214,1,-1,-1,-1
314,20,2008,269,263,328,1,-1,-1,-1
314,25,1934,523,184,264,1,-1,-1,-1
314,26,986,338,216,264,1,-1,-1,-1
314,27,1299,547,424,360,1,-1,-1,-1
315,16,1231,545,152,194,1,-1,-1,-1
315,18,2220,600,196,214,1,-1,-1,-1
315,20,2011,269,263,328,1,-1,-1,-1
315,25,1934,523,184,264,1,-1,-1,-1
315,26,993,345,206,251,1,-1,-1,-1
315,27,1299,546,424,360,1,-1,-1,-1
316,16,1236,546,152,194,1,-1,-1,-1
316,20,2013,270,263,328,1,-1,-1,-1
316,25,1942,523,184,264,1,-1,-1,-1
316,26,994,345,206,251,1,-1,-1,-1
316,27,1301,544,424,360,1,-1,-1,-1
317,16,1246,547,152,194,1,-1,-1,-1
317,20,2014,270,263,328,1,-1,-1,-1
317,25,1953,521,184,264,1,-1,-1,-1
317,26,993,345,206,251,1,-1,-1,-1
317,27,1302,544,424,360,1,-1,-1,-1
318,16,1253,545,152,194,1,-1,-1,-1
318,20,2016,268,263,328,1,-1,-1,-1
318,25,1960,521,184,264,1,-1,-1,-1
318,26,992,348,206,251,1,-1,-1,-1
318,27,1304,544,424,360,1,-1,-1,-1
319,16,1268,546,152,194,1,-1,-1,-1
319,20,2020,266,263,328,1,-1,-1,-1
319,25,1968,520,184,264,1,-1,-1,-1
319,26,994,346,206,251,1,-1,-1,-1
319,27,1305,544,424,360,1,-1,-1,-1
320,20,2025,265,263,328,1,-1,-1,-1
320,25,1966,513,193,277,1,-1,-1,-1
320,26,996,345,206,251,1,-1,-1,-1
320,27,1305,544,424,360,1,-1,-1,-1
321,20,2025,265,263,328,1,-1,-1,-1
321,25,1966,513,193,277,1,-1,-1,-1
321,26,996,345,206,251,1,-1,-1,-1
321,27,1296,548,428,360,1,-1,-1,-1
