1,0,1004,644,280,400,1,-1,-1,-1
1,1,1940,568,228,392,1,-1,-1,-1
1,2,1520,612,196,336,1,-1,-1,-1
1,3,1656,596,212,356,1,-1,-1,-1
1,4,1392,624,200,324,1,-1,-1,-1
1,5,1820,592,124,308,1,-1,-1,-1
2,0,1004,640,280,400,1,-1,-1,-1
2,1,1946,568,228,392,1,-1,-1,-1
2,2,1523,615,196,336,1,-1,-1,-1
2,3,1662,599,212,356,1,-1,-1,-1
2,4,1394,625,200,324,1,-1,-1,-1
2,5,1828,594,124,308,1,-1,-1,-1
3,0,1005,640,280,400,1,-1,-1,-1
3,1,1961,566,228,392,1,-1,-1,-1
3,2,1526,621,196,336,1,-1,-1,-1
3,3,1677,611,212,356,1,-1,-1,-1
3,4,1394,628,200,324,1,-1,-1,-1
3,5,1847,605,124,308,1,-1,-1,-1
4,0,994,640,280,400,1,-1,-1,-1
4,1,1974,564,228,392,1,-1,-1,-1
4,2,1528,628,196,336,1,-1,-1,-1
4,3,1687,618,212,356,1,-1,-1,-1
4,4,1391,633,200,324,1,-1,-1,-1
4,5,1862,623,124,308,1,-1,-1,-1
5,0,989,640,280,400,1,-1,-1,-1
5,1,1987,569,217,373,1,-1,-1,-1
5,2,1529,639,196,336,1,-1,-1,-1
5,3,1692,620,212,356,1,-1,-1,-1
5,4,1396,636,200,324,1,-1,-1,-1
5,5,1875,626,124,308,1,-1,-1,-1
6,0,985,649,280,400,1,-1,-1,-1
6,1,1997,577,207,356,1,-1,-1,-1
6,2,1520,634,206,353,1,-1,-1,-1
6,3,1692,616,212,356,1,-1,-1,-1
6,4,1391,635,200,324,1,-1,-1,-1
6,5,1888,645,118,293,1,-1,-1,-1
7,0,983,659,280,400,1,-1,-1,-1
7,1,2003,567,217,373,1,-1,-1,-1
7,2,1523,631,206,353,1,-1,-1,-1
7,3,1683,605,223,374,1,-1,-1,-1
7,4,1391,633,200,324,1,-1,-1,-1
7,5,1904,648,118,293,1,-1,-1,-1
8,0,981,665,280,400,1,-1,-1,-1
8,1,2011,569,217,373,1,-1,-1,-1
8,2,1519,631,206,353,1,-1,-1,-1
8,3,1678,597,234,392,1,-1,-1,-1
8,4,1397,632,200,324,1,-1,-1,-1
8,5,1909,652,118,293,1,-1,-1,-1
9,0,960,688,280,364,1,-1,-1,-1
9,1,2040,636,172,328,1,-1,-1,-1
9,2,1528,672,248,320,1,-1,-1,-1
9,3,1652,604,228,304,1,-1,-1,-1
9,4,1388,616,172,300,1,-1,-1,-1
9,5,1912,664,156,300,1,-1,-1,-1
9,6,1212,644,320,356,1,-1,-1,-1
10,0,956,687,280,364,1,-1,-1,-1
10,1,2044,644,172,328,1,-1,-1,-1
10,2,1525,667,248,320,1,-1,-1,-1
10,3,1646,594,239,319,1,-1,-1,-1
10,4,1387,615,172,300,1,-1,-1,-1
10,5,1916,661,156,300,1,-1,-1,-1
10,6,1202,639,336,374,1,-1,-1,-1
11,0,948,685,280,364,1,-1,-1,-1
11,1,2050,652,172,328,1,-1,-1,-1
11,2,1525,666,248,320,1,-1,-1,-1
11,3,1648,596,239,319,1,-1,-1,-1
11,4,1386,615,172,300,1,-1,-1,-1
11,5,1924,666,149,286,1,-1,-1,-1
11,6,1198,637,336,374,1,-1,-1,-1
12,0,937,671,294,382,1,-1,-1,-1
12,1,2053,660,172,328,1,-1,-1,-1
12,2,1517,671,248,320,1,-1,-1,-1
12,3,1647,597,239,319,1,-1,-1,-1
12,4,1380,617,172,300,1,-1,-1,-1
12,5,1924,668,149,286,1,-1,-1,-1
12,6,1200,647,320,356,1,-1,-1,-1
13,0,933,663,294,382,1,-1,-1,-1
13,1,2050,677,172,328,1,-1,-1,-1
13,2,1517,681,236,305,1,-1,-1,-1
13,3,1638,607,239,319,1,-1,-1,-1
13,4,1373,622,172,300,1,-1,-1,-1
13,5,1920,677,149,286,1,-1,-1,-1
13,6,1195,648,320,356,1,-1,-1,-1
14,0,941,672,280,364,1,-1,-1,-1
14,1,2044,685,172,328,1,-1,-1,-1
14,2,1517,686,236,305,1,-1,-1,-1
14,3,1631,612,239,319,1,-1,-1,-1
14,4,1370,626,172,300,1,-1,-1,-1
14,5,1913,679,149,286,1,-1,-1,-1
14,6,1195,653,320,356,1,-1,-1,-1
15,0,940,670,280,364,1,-1,-1,-1
15,1,2038,696,164,312,1,-1,-1,-1
15,2,1504,693,236,305,1,-1,-1,-1
15,3,1620,622,239,319,1,-1,-1,-1
15,4,1366,643,172,300,1,-1,-1,-1
15,5,1904,680,156,300,1,-1,-1,-1
15,6,1192,656,320,356,1,-1,-1,-1
16,0,939,677,280,364,1,-1,-1,-1
16,1,2027,694,164,312,1,-1,-1,-1
16,2,1489,701,236,305,1,-1,-1,-1
16,3,1612,633,239,319,1,-1,-1,-1
16,4,1366,649,172,300,1,-1,-1,-1
16,5,1897,688,156,300,1,-1,-1,-1
16,6,1189,650,320,356,1,-1,-1,-1
17,0,944,680,320,364,1,-1,-1,-1
17,1,2012,708,228,292,1,-1,-1,-1
17,2,1484,672,172,328,1,-1,-1,-1
17,3,1596,664,332,324,1,-1,-1,-1
17,4,1368,668,164,300,1,-1,-1,-1
17,5,1876,680,168,288,1,-1,-1,-1
17,6,1192,676,256,308,1,-1,-1,-1
18,0,950,682,320,364,1,-1,-1,-1
18,1,2005,705,228,292,1,-1,-1,-1
18,2,1479,676,172,328,1,-1,-1,-1
18,3,1593,665,332,324,1,-1,-1,-1
18,4,1366,667,164,300,1,-1,-1,-1
18,5,1871,682,168,288,1,-1,-1,-1
18,6,1190,675,256,308,1,-1,-1,-1
19,0,947,682,320,364,1,-1,-1,-1
19,1,1994,697,228,292,1,-1,-1,-1
19,2,1468,680,172,328,1,-1,-1,-1
19,3,1578,665,332,324,1,-1,-1,-1
19,4,1362,669,164,300,1,-1,-1,-1
19,5,1851,679,176,302,1,-1,-1,-1
19,6,1182,679,256,308,1,-1,-1,-1
20,0,953,687,305,347,1,-1,-1,-1
20,1,1989,696,228,292,1,-1,-1,-1
20,2,1464,688,164,312,1,-1,-1,-1
20,3,1569,665,332,324,1,-1,-1,-1
20,4,1358,670,164,300,1,-1,-1,-1
20,5,1847,680,176,302,1,-1,-1,-1
20,6,1182,682,256,308,1,-1,-1,-1
21,0,951,683,305,347,1,-1,-1,-1
21,1,1975,687,239,307,1,-1,-1,-1
21,2,1456,687,164,312,1,-1,-1,-1
21,3,1559,663,332,324,1,-1,-1,-1
21,4,1356,673,164,300,1,-1,-1,-1
21,5,1844,688,168,288,1,-1,-1,-1
21,6,1181,686,256,308,1,-1,-1,-1
22,0,952,677,305,347,1,-1,-1,-1
22,1,1964,690,239,307,1,-1,-1,-1
22,2,1448,687,164,312,1,-1,-1,-1
22,3,1534,649,349,340,1,-1,-1,-1
22,4,1349,669,164,300,1,-1,-1,-1
22,5,1833,687,168,288,1,-1,-1,-1
22,6,1185,689,256,308,1,-1,-1,-1
23,0,958,676,305,347,1,-1,-1,-1
23,1,1960,692,239,307,1,-1,-1,-1
23,2,1447,684,164,312,1,-1,-1,-1
23,3,1532,657,332,324,1,-1,-1,-1
23,4,1346,673,164,300,1,-1,-1,-1
23,5,1829,684,168,288,1,-1,-1,-1
23,6,1186,692,256,308,1,-1,-1,-1
24,0,960,675,305,347,1,-1,-1,-1
24,1,1949,695,239,307,1,-1,-1,-1
24,2,1446,675,164,312,1,-1,-1,-1
24,3,1523,649,332,324,1,-1,-1,-1
24,4,1347,676,164,300,1,-1,-1,-1
24,5,1822,685,160,274,1,-1,-1,-1
24,6,1188,699,256,308,1,-1,-1,-1
25,0,960,664,256,340,1,-1,-1,-1
25,1,1932,700,232,316,1,-1,-1,-1
25,2,1446,675,164,312,1,-1,-1,-1
25,3,1504,644,244,300,1,-1,-1,-1
25,4,1360,664,232,288,1,-1,-1,-1
25,5,1812,704,160,216,1,-1,-1,-1
25,6,1192,660,292,328,1,-1,-1,-1
26,0,970,675,244,324,1,-1,-1,-1
26,1,1930,702,232,316,1,-1,-1,-1
26,2,1438,660,164,312,1,-1,-1,-1
26,3,1501,645,244,300,1,-1,-1,-1
26,4,1359,663,232,288,1,-1,-1,-1
26,5,1808,703,160,216,1,-1,-1,-1
26,6,1192,660,292,328,1,-1,-1,-1
27,0,979,679,244,324,1,-1,-1,-1
27,1,1930,712,221,301,1,-1,-1,-1
27,2,1438,656,164,312,1,-1,-1,-1
27,3,1501,650,232,286,1,-1,-1,-1
27,4,1359,661,232,288,1,-1,-1,-1
27,5,1792,702,168,227,1,-1,-1,-1
27,6,1194,656,292,328,1,-1,-1,-1
28,0,984,681,244,324,1,-1,-1,-1
28,1,1912,711,221,301,1,-1,-1,-1
28,2,1440,661,156,298,1,-1,-1,-1
28,3,1498,650,232,286,1,-1,-1,-1
28,4,1359,662,221,274,1,-1,-1,-1
28,5,1784,705,168,227,1,-1,-1,-1
28,6,1194,656,292,328,1,-1,-1,-1
29,0,983,678,244,324,1,-1,-1,-1
29,1,1905,714,221,301,1,-1,-1,-1
29,2,1437,659,156,298,1,-1,-1,-1
29,3,1485,645,244,300,1,-1,-1,-1
29,4,1357,660,221,274,1,-1,-1,-1
29,5,1780,707,168,227,1,-1,-1,-1
29,6,1197,654,292,328,1,-1,-1,-1
30,0,982,674,244,324,1,-1,-1,-1
30,1,1902,716,210,287,1,-1,-1,-1
30,2,1432,668,149,283,1,-1,-1,-1
30,3,1481,645,244,300,1,-1,-1,-1
30,4,1355,660,221,274,1,-1,-1,-1
30,5,1772,710,168,227,1,-1,-1,-1
30,6,1203,647,292,328,1,-1,-1,-1
31,0,986,677,232,308,1,-1,-1,-1
31,1,1885,709,210,287,1,-1,-1,-1
31,2,1431,667,149,283,1,-1,-1,-1
31,3,1473,650,244,300,1,-1,-1,-1
31,4,1355,668,210,261,1,-1,-1,-1
31,5,1761,714,168,227,1,-1,-1,-1
31,6,1208,647,278,312,1,-1,-1,-1
32,0,986,674,232,308,1,-1,-1,-1
32,1,1880,706,210,287,1,-1,-1,-1
32,2,1430,678,142,270,1,-1,-1,-1
32,3,1476,652,244,300,1,-1,-1,-1
32,4,1352,664,210,261,1,-1,-1,-1
32,5,1758,715,168,227,1,-1,-1,-1
32,6,1211,646,278,312,1,-1,-1,-1
33,0,992,696,304,276,1,-1,-1,-1
33,1,1852,692,200,260,1,-1,-1,-1
33,2,1430,678,142,270,1,-1,-1,-1
33,3,1476,652,244,300,1,-1,-1,-1
33,4,1352,664,210,261,1,-1,-1,-1
33,5,1752,736,152,204,1,-1,-1,-1
33,6,1240,708,212,220,1,-1,-1,-1
34,0,1006,694,304,276,1,-1,-1,-1
34,1,1840,682,210,273,1,-1,-1,-1
34,2,1422,690,135,257,1,-1,-1,-1
34,3,1477,643,244,300,1,-1,-1,-1
34,5,1746,735,152,204,1,-1,-1,-1
34,6,1243,708,212,220,1,-1,-1,-1
35,0,1009,696,304,276,1,-1,-1,-1
35,1,1835,680,210,273,1,-1,-1,-1
35,2,1418,690,135,257,1,-1,-1,-1
35,3,1475,640,244,300,1,-1,-1,-1
35,5,1740,733,152,204,1,-1,-1,-1
35,6,1244,708,212,220,1,-1,-1,-1
36,0,1013,700,290,263,1,-1,-1,-1
36,1,1827,679,210,273,1,-1,-1,-1
36,2,1421,691,135,257,1,-1,-1,-1
36,3,1468,637,244,300,1,-1,-1,-1
36,5,1731,729,152,204,1,-1,-1,-1
36,6,1246,710,212,220,1,-1,-1,-1
37,0,1013,706,290,263,1,-1,-1,-1
37,1,1815,678,210,273,1,-1,-1,-1
37,2,1417,691,135,257,1,-1,-1,-1
37,3,1453,635,244,300,1,-1,-1,-1
37,5,1723,719,160,214,1,-1,-1,-1
37,6,1251,715,212,220,1,-1,-1,-1
38,0,1010,710,290,263,1,-1,-1,-1
38,1,1810,682,210,273,1,-1,-1,-1
38,2,1417,687,135,257,1,-1,-1,-1
38,3,1460,641,232,286,1,-1,-1,-1
38,5,1714,713,160,214,1,-1,-1,-1
38,6,1255,719,212,220,1,-1,-1,-1
39,0,1010,707,290,263,1,-1,-1,-1
39,1,1813,680,210,273,1,-1,-1,-1
39,2,1413,688,135,257,1,-1,-1,-1
39,3,1455,636,232,286,1,-1,-1,-1
39,5,1712,713,152,204,1,-1,-1,-1
39,6,1266,731,202,210,1,-1,-1,-1
40,0,1016,711,290,263,1,-1,-1,-1
40,1,1808,684,210,273,1,-1,-1,-1
40,3,1450,630,232,286,1,-1,-1,-1
40,5,1699,713,152,204,1,-1,-1,-1
40,6,1271,735,202,210,1,-1,-1,-1
41,0,1020,732,268,240,1,-1,-1,-1
41,1,1800,712,236,240,1,-1,-1,-1
41,3,1460,684,208,224,1,-1,-1,-1
41,5,1700,712,136,200,1,-1,-1,-1
41,6,1280,728,216,216,1,-1,-1,-1
42,0,1025,731,268,240,1,-1,-1,-1
42,1,1801,717,225,229,1,-1,-1,-1
42,3,1459,686,208,224,1,-1,-1,-1
42,5,1689,712,136,200,1,-1,-1,-1
42,6,1287,728,216,216,1,-1,-1,-1
43,0,1020,734,268,240,1,-1,-1,-1
43,1,1785,715,225,229,1,-1,-1,-1
43,3,1455,688,208,224,1,-1,-1,-1
43,5,1680,720,130,190,1,-1,-1,-1
43,6,1276,729,216,216,1,-1,-1,-1
44,0,1019,736,268,240,1,-1,-1,-1
44,1,1779,713,225,229,1,-1,-1,-1
44,3,1455,691,208,224,1,-1,-1,-1
44,5,1677,721,130,190,1,-1,-1,-1
44,6,1273,728,216,216,1,-1,-1,-1
45,0,1024,741,268,240,1,-1,-1,-1
45,1,1769,713,225,229,1,-1,-1,-1
45,3,1457,698,198,213,1,-1,-1,-1
45,5,1675,729,123,181,1,-1,-1,-1
45,6,1277,724,216,216,1,-1,-1,-1
46,0,1020,747,268,240,1,-1,-1,-1
46,1,1764,719,214,218,1,-1,-1,-1
46,3,1457,704,198,213,1,-1,-1,-1
46,5,1663,735,123,181,1,-1,-1,-1
46,6,1277,722,216,216,1,-1,-1,-1
47,0,1025,757,255,229,1,-1,-1,-1
47,1,1757,716,214,218,1,-1,-1,-1
47,3,1461,712,189,203,1,-1,-1,-1
47,5,1657,735,123,181,1,-1,-1,-1
47,6,1274,725,216,216,1,-1,-1,-1
48,0,1033,760,243,218,1,-1,-1,-1
48,1,1747,711,214,218,1,-1,-1,-1
48,3,1462,716,189,203,1,-1,-1,-1
48,5,1653,739,123,181,1,-1,-1,-1
49,0,1024,744,272,228,1,-1,-1,-1
49,1,1732,724,184,196,1,-1,-1,-1
49,3,1462,716,189,203,1,-1,-1,-1
49,5,1653,739,123,181,1,-1,-1,-1
49,7,1276,740,168,184,1,-1,-1,-1
50,0,1029,743,272,228,1,-1,-1,-1
50,1,1735,724,184,196,1,-1,-1,-1
50,3,1465,716,189,203,1,-1,-1,-1
50,5,1651,736,123,181,1,-1,-1,-1
50,7,1278,741,168,184,1,-1,-1,-1
51,0,1031,740,272,228,1,-1,-1,-1
51,1,1731,722,193,206,1,-1,-1,-1
51,3,1469,717,189,203,1,-1,-1,-1
51,5,1654,736,123,181,1,-1,-1,-1
51,7,1282,746,168,184,1,-1,-1,-1
52,0,1018,735,286,239,1,-1,-1,-1
52,1,1730,724,193,206,1,-1,-1,-1
52,3,1473,716,189,203,1,-1,-1,-1
52,5,1677,735,117,173,1,-1,-1,-1
52,7,1286,751,160,175,1,-1,-1,-1
53,0,1010,742,286,239,1,-1,-1,-1
53,1,1729,727,193,206,1,-1,-1,-1
53,5,1679,733,117,173,1,-1,-1,-1
53,7,1287,753,160,175,1,-1,-1,-1
54,0,1005,750,286,239,1,-1,-1,-1
54,1,1732,734,184,196,1,-1,-1,-1
54,5,1678,736,117,173,1,-1,-1,-1
54,7,1277,756,160,175,1,-1,-1,-1
55,0,1005,754,286,239,1,-1,-1,-1
55,1,1733,739,184,196,1,-1,-1,-1
55,5,1678,738,117,173,1,-1,-1,-1
55,7,1278,764,160,175,1,-1,-1,-1
56,0,1004,754,286,239,1,-1,-1,-1
56,1,1735,740,184,196,1,-1,-1,-1
56,5,1676,739,117,173,1,-1,-1,-1
56,7,1285,770,152,167,1,-1,-1,-1
57,0,1004,754,286,239,1,-1,-1,-1
57,1,1735,740,184,196,1,-1,-1,-1
57,5,1676,739,117,173,1,-1,-1,-1
57,7,1285,770,152,167,1,-1,-1,-1
57,8,1456,720,224,184,1,-1,-1,-1
58,0,993,762,286,239,1,-1,-1,-1
58,1,1729,751,175,187,1,-1,-1,-1
58,5,1679,755,112,165,1,-1,-1,-1
58,7,1286,770,152,167,1,-1,-1,-1
58,8,1458,724,224,184,1,-1,-1,-1
59,0,986,757,300,251,1,-1,-1,-1
59,5,1674,754,117,173,1,-1,-1,-1
59,7,1288,770,152,167,1,-1,-1,-1
59,8,1457,726,224,184,1,-1,-1,-1
60,0,987,765,286,239,1,-1,-1,-1
60,7,1280,770,152,167,1,-1,-1,-1
60,8,1457,729,224,184,1,-1,-1,-1
61,7,1280,768,160,175,1,-1,-1,-1
61,8,1455,732,224,184,1,-1,-1,-1
62,7,1275,767,160,175,1,-1,-1,-1
62,8,1455,735,224,184,1,-1,-1,-1
63,7,1280,773,152,167,1,-1,-1,-1
63,8,1449,737,224,184,1,-1,-1,-1
64,7,1266,777,152,167,1,-1,-1,-1
64,8,1437,736,224,184,1,-1,-1,-1
65,7,1266,777,152,167,1,-1,-1,-1
65,8,1437,736,224,184,1,-1,-1,-1
65,9,1648,748,256,204,1,-1,-1,-1
65,10,948,772,236,244,1,-1,-1,-1
66,7,1258,786,152,167,1,-1,-1,-1
66,8,1432,736,224,184,1,-1,-1,-1
66,9,1647,749,256,204,1,-1,-1,-1
66,10,951,771,236,244,1,-1,-1,-1
67,7,1253,789,152,167,1,-1,-1,-1
67,8,1427,739,224,184,1,-1,-1,-1
67,9,1640,743,269,214,1,-1,-1,-1
67,10,939,778,225,232,1,-1,-1,-1
68,7,1243,795,152,167,1,-1,-1,-1
68,8,1424,741,224,184,1,-1,-1,-1
68,9,1635,746,269,214,1,-1,-1,-1
68,10,946,785,214,221,1,-1,-1,-1
69,8,1419,745,224,184,1,-1,-1,-1
69,9,1638,759,269,214,1,-1,-1,-1
69,10,943,787,214,221,1,-1,-1,-1
70,8,1417,744,235,193,1,-1,-1,-1
70,9,1648,763,256,204,1,-1,-1,-1
70,10,944,791,214,221,1,-1,-1,-1
71,8,1414,749,235,193,1,-1,-1,-1
71,9,1655,770,244,194,1,-1,-1,-1
71,10,943,792,214,221,1,-1,-1,-1
72,8,1415,750,235,193,1,-1,-1,-1
72,10,938,805,204,211,1,-1,-1,-1
73,8,1415,750,235,193,1,-1,-1,-1
73,10,938,805,204,211,1,-1,-1,-1
73,11,1256,808,352,180,1,-1,-1,-1
74,8,1423,751,235,193,1,-1,-1,-1
74,11,1262,809,352,180,1,-1,-1,-1
75,8,1428,749,235,193,1,-1,-1,-1
75,11,1269,808,352,180,1,-1,-1,-1
76,8,1423,751,235,193,1,-1,-1,-1
76,11,1260,809,352,180,1,-1,-1,-1
77,8,1415,752,235,193,1,-1,-1,-1
77,11,1248,809,370,189,1,-1,-1,-1
78,8,1396,753,235,193,1,-1,-1,-1
78,11,1236,806,370,189,1,-1,-1,-1
81,12,1612,796,260,164,1,-1,-1,-1
81,13,936,868,212,120,1,-1,-1,-1
81,14,1284,824,256,116,1,-1,-1,-1
81,15,1512,804,116,136,1,-1,-1,-1
82,12,1609,795,273,172,1,-1,-1,-1
82,13,946,867,212,120,1,-1,-1,-1
82,14,1281,827,256,116,1,-1,-1,-1
82,15,1509,806,116,136,1,-1,-1,-1
83,12,1601,796,273,172,1,-1,-1,-1
83,13,936,866,212,120,1,-1,-1,-1
83,14,1280,829,256,116,1,-1,-1,-1
83,15,1506,807,116,136,1,-1,-1,-1
84,12,1605,802,260,164,1,-1,-1,-1
84,13,921,870,212,120,1,-1,-1,-1
84,14,1262,830,269,122,1,-1,-1,-1
84,15,1497,809,116,136,1,-1,-1,-1
85,12,1599,803,260,164,1,-1,-1,-1
85,13,925,874,212,120,1,-1,-1,-1
85,14,1253,831,269,122,1,-1,-1,-1
85,15,1495,796,122,143,1,-1,-1,-1
86,12,1592,798,260,164,1,-1,-1,-1
86,14,1251,836,269,122,1,-1,-1,-1
86,15,1499,799,116,136,1,-1,-1,-1
87,12,1582,777,273,172,1,-1,-1,-1
87,14,1246,840,269,122,1,-1,-1,-1
88,14,1240,845,269,122,1,-1,-1,-1
89,14,1240,845,269,122,1,-1,-1,-1
90,14,1249,847,256,116,1,-1,-1,-1
97,16,984,952,264,132,1,-1,-1,-1
97,17,1672,764,260,156,1,-1,-1,-1
97,18,1284,812,312,160,1,-1,-1,-1
98,16,1000,948,264,132,1,-1,-1,-1
98,17,1688,762,260,156,1,-1,-1,-1
98,18,1298,813,312,160,1,-1,-1,-1
99,16,1023,941,264,132,1,-1,-1,-1
99,17,1691,755,273,164,1,-1,-1,-1
99,18,1309,809,312,160,1,-1,-1,-1
100,16,1052,930,264,132,1,-1,-1,-1
100,17,1699,751,273,164,1,-1,-1,-1
100,18,1330,802,312,160,1,-1,-1,-1
101,16,1067,919,277,139,1,-1,-1,-1
101,17,1711,752,260,156,1,-1,-1,-1
101,18,1339,796,312,160,1,-1,-1,-1
102,16,1086,911,277,139,1,-1,-1,-1
102,17,1715,743,260,156,1,-1,-1,-1
102,18,1366,785,312,160,1,-1,-1,-1
103,16,1092,906,291,146,1,-1,-1,-1
103,18,1364,772,312,160,1,-1,-1,-1
104,16,1099,907,291,146,1,-1,-1,-1
104,18,1371,766,297,152,1,-1,-1,-1
105,16,1099,907,291,146,1,-1,-1,-1
105,18,1371,766,297,152,1,-1,-1,-1
121,19,1080,660,248,152,1,-1,-1,-1
122,19,1067,663,248,152,1,-1,-1,-1
123,19,1040,671,248,152,1,-1,-1,-1
124,19,1007,680,248,152,1,-1,-1,-1
125,19,977,683,260,160,1,-1,-1,-1
126,19,950,692,260,160,1,-1,-1,-1
127,19,919,707,260,160,1,-1,-1,-1
128,19,895,712,260,160,1,-1,-1,-1
129,19,895,712,260,160,1,-1,-1,-1
129,20,852,752,304,200,1,-1,-1,-1
129,21,2060,548,184,156,1,-1,-1,-1
129,22,1216,732,312,236,1,-1,-1,-1
129,23,1540,612,284,256,1,-1,-1,-1
129,24,1644,568,180,136,1,-1,-1,-1
129,25,16,44,2492,1200,1,-1,-1,-1
130,19,837,716,273,168,1,-1,-1,-1
130,20,831,762,304,200,1,-1,-1,-1
130,21,2093,542,184,156,1,-1,-1,-1
130,22,1203,735,312,236,1,-1,-1,-1
130,23,1554,613,284,256,1,-1,-1,-1
130,24,1646,574,180,136,1,-1,-1,-1
130,25,42,27,2492,1200,1,-1,-1,-1
131,19,817,724,273,168,1,-1,-1,-1
131,20,810,768,304,200,1,-1,-1,-1
131,21,2108,538,184,156,1,-1,-1,-1
131,22,1196,735,312,236,1,-1,-1,-1
131,23,1549,607,298,269,1,-1,-1,-1
131,24,1644,580,180,136,1,-1,-1,-1
131,25,50,21,2492,1200,1,-1,-1,-1
132,19,791,740,273,168,1,-1,-1,-1
132,20,783,782,304,200,1,-1,-1,-1
132,21,2139,531,184,156,1,-1,-1,-1
132,22,1173,744,312,236,1,-1,-1,-1
132,23,1548,613,298,269,1,-1,-1,-1
132,24,1644,586,180,136,1,-1,-1,-1
132,25,63,20,2492,1200,1,-1,-1,-1
133,19,766,749,273,168,1,-1,-1,-1
133,20,760,797,304,200,1,-1,-1,-1
133,21,2170,524,184,156,1,-1,-1,-1
133,22,1107,751,328,248,1,-1,-1,-1
133,23,1543,616,313,282,1,-1,-1,-1
133,24,1642,601,180,136,1,-1,-1,-1
133,25,136,11,2424,1200,1,-1,-1,-1
134,19,756,756,273,168,1,-1,-1,-1
134,20,744,798,319,210,1,-1,-1,-1
134,21,2197,523,175,149,1,-1,-1,-1
134,22,1088,761,328,248,1,-1,-1,-1
134,23,1540,631,298,269,1,-1,-1,-1
134,24,1640,608,180,136,1,-1,-1,-1
134,25,127,13,2433,1200,1,-1,-1,-1
135,19,714,756,273,168,1,-1,-1,-1
135,21,2232,521,175,149,1,-1,-1,-1
135,24,1639,617,180,136,1,-1,-1,-1
135,25,216,36,2344,1143,1,-1,-1,-1
136,19,678,753,287,176,1,-1,-1,-1
136,21,2269,514,175,149,1,-1,-1,-1
136,25,285,51,2275,1143,1,-1,-1,-1
137,19,664,760,296,244,1,-1,-1,-1
137,21,2268,504,180,136,1,-1,-1,-1
137,25,285,51,2275,1143,1,-1,-1,-1
137,26,972,812,360,196,1,-1,-1,-1
137,27,320,880,68,64,1,-1,-1,-1
138,19,657,769,296,244,1,-1,-1,-1
138,21,2311,502,180,136,1,-1,-1,-1
138,25,390,25,2170,1143,1,-1,-1,-1
138,26,959,823,343,187,1,-1,-1,-1
138,27,304,882,68,64,1,-1,-1,-1
139,19,623,783,296,244,1,-1,-1,-1
139,21,2355,500,180,136,1,-1,-1,-1
139,25,409,30,2151,1143,1,-1,-1,-1
139,26,924,846,343,187,1,-1,-1,-1
139,27,296,905,71,67,1,-1,-1,-1
140,19,612,790,296,244,1,-1,-1,-1
140,21,2377,499,180,136,1,-1,-1,-1
140,25,450,27,2110,1143,1,-1,-1,-1
140,26,916,847,343,187,1,-1,-1,-1
140,27,318,897,71,67,1,-1,-1,-1
141,19,598,799,296,244,1,-1,-1,-1
141,21,2411,505,149,136,1,-1,-1,-1
141,25,531,53,2029,1088,1,-1,-1,-1
141,26,886,862,327,178,1,-1,-1,-1
142,19,569,806,296,244,1,-1,-1,-1
142,21,2449,514,111,130,1,-1,-1,-1
142,25,504,11,2056,1143,1,-1,-1,-1
142,26,849,874,327,178,1,-1,-1,-1
143,19,544,809,296,244,1,-1,-1,-1
143,21,2474,526,86,130,1,-1,-1,-1
143,25,657,27,1903,1143,1,-1,-1,-1
143,26,830,871,343,187,1,-1,-1,-1
144,19,517,811,296,244,1,-1,-1,-1
144,25,668,38,1892,1088,1,-1,-1,-1
145,19,517,811,296,244,1,-1,-1,-1
145,25,668,38,1892,1088,1,-1,-1,-1
146,19,499,817,296,244,1,-1,-1,-1
146,25,834,25,1726,1088,1,-1,-1,-1
147,19,516,820,296,244,1,-1,-1,-1
148,19,519,815,296,244,1,-1,-1,-1
149,19,546,813,296,244,1,-1,-1,-1
150,19,585,809,282,232,1,-1,-1,-1
151,19,593,801,282,232,1,-1,-1,-1
152,19,612,799,282,232,1,-1,-1,-1
153,19,612,799,282,232,1,-1,-1,-1
169,28,2356,388,136,88,1,-1,-1,-1
169,29,920,1036,128,124,1,-1,-1,-1
169,30,1924,376,48,36,1,-1,-1,-1
170,28,2358,393,136,88,1,-1,-1,-1
170,29,971,1047,128,124,1,-1,-1,-1
170,30,1925,364,46,34,1,-1,-1,-1
171,28,2359,403,136,88,1,-1,-1,-1
171,29,1020,1059,128,124,1,-1,-1,-1
171,30,1911,367,46,34,1,-1,-1,-1
172,28,2355,407,143,92,1,-1,-1,-1
172,29,1045,1067,128,124,1,-1,-1,-1
172,30,1898,371,46,34,1,-1,-1,-1
173,28,2360,416,143,92,1,-1,-1,-1
173,29,1098,1080,128,124,1,-1,-1,-1
174,28,2344,431,150,97,1,-1,-1,-1
174,29,1147,1098,128,124,1,-1,-1,-1
175,28,2342,444,150,97,1,-1,-1,-1
175,29,1170,1109,128,124,1,-1,-1,-1
176,28,2328,458,157,102,1,-1,-1,-1
176,29,1214,1126,128,124,1,-1,-1,-1
177,28,2328,458,157,102,1,-1,-1,-1
177,29,1214,1126,128,124,1,-1,-1,-1
178,28,2309,489,165,107,1,-1,-1,-1
178,29,1282,1153,128,124,1,-1,-1,-1
179,28,2293,514,165,107,1,-1,-1,-1
179,29,1330,1174,122,118,1,-1,-1,-1
180,28,2278,536,165,107,1,-1,-1,-1
180,29,1372,1188,122,118,1,-1,-1,-1
181,28,2278,554,157,102,1,-1,-1,-1
182,28,2262,572,157,102,1,-1,-1,-1
183,28,2252,592,157,102,1,-1,-1,-1
184,28,2245,607,150,97,1,-1,-1,-1
185,28,2245,607,150,97,1,-1,-1,-1
185,31,264,292,72,44,1,-1,-1,-1
186,28,2218,650,150,97,1,-1,-1,-1
186,31,301,301,76,46,1,-1,-1,-1
187,28,2210,663,150,97,1,-1,-1,-1
187,31,323,308,76,46,1,-1,-1,-1
188,28,2197,685,150,97,1,-1,-1,-1
188,31,363,321,76,46,1,-1,-1,-1
189,28,2181,707,150,97,1,-1,-1,-1
189,31,402,335,76,46,1,-1,-1,-1
190,28,2172,720,150,97,1,-1,-1,-1
190,31,424,342,76,46,1,-1,-1,-1
191,28,2159,734,150,97,1,-1,-1,-1
191,31,462,350,76,46,1,-1,-1,-1
192,28,2150,752,143,92,1,-1,-1,-1
192,31,500,360,76,46,1,-1,-1,-1
193,28,2150,752,143,92,1,-1,-1,-1
193,31,500,360,76,46,1,-1,-1,-1
193,32,1164,736,140,140,1,-1,-1,-1
193,33,868,788,232,144,1,-1,-1,-1
193,34,2188,776,104,84,1,-1,-1,-1
193,35,1484,652,192,112,1,-1,-1,-1
193,36,1332,776,164,108,1,-1,-1,-1
193,37,788,680,128,112,1,-1,-1,-1
194,28,2139,768,143,92,1,-1,-1,-1
194,31,556,370,79,49,1,-1,-1,-1
194,32,1166,736,140,140,1,-1,-1,-1
194,33,869,791,232,144,1,-1,-1,-1
194,34,2174,781,109,88,1,-1,-1,-1
194,35,1485,659,192,112,1,-1,-1,-1
194,36,1330,783,164,108,1,-1,-1,-1
194,37,792,680,128,112,1,-1,-1,-1
195,28,2127,773,143,92,1,-1,-1,-1
195,31,599,378,79,49,1,-1,-1,-1
195,32,1168,743,140,140,1,-1,-1,-1
195,33,865,799,232,144,1,-1,-1,-1
195,34,2158,794,109,88,1,-1,-1,-1
195,35,1478,675,192,112,1,-1,-1,-1
195,36,1329,794,164,108,1,-1,-1,-1
195,37,793,676,128,112,1,-1,-1,-1
196,28,2123,783,143,92,1,-1,-1,-1
196,31,622,382,76,46,1,-1,-1,-1
196,32,1170,748,140,140,1,-1,-1,-1
196,33,867,800,232,144,1,-1,-1,-1
196,34,2167,796,115,93,1,-1,-1,-1
196,35,1478,680,192,112,1,-1,-1,-1
196,36,1327,797,164,108,1,-1,-1,-1
196,37,793,674,128,112,1,-1,-1,-1
197,31,662,386,76,46,1,-1,-1,-1
197,32,1172,751,140,140,1,-1,-1,-1
197,33,862,805,232,144,1,-1,-1,-1
197,35,1474,683,192,112,1,-1,-1,-1
197,36,1327,806,164,108,1,-1,-1,-1
197,37,799,659,134,118,1,-1,-1,-1
198,31,700,390,76,46,1,-1,-1,-1
198,32,1176,756,140,140,1,-1,-1,-1
198,33,865,812,232,144,1,-1,-1,-1
198,35,1469,683,192,112,1,-1,-1,-1
198,36,1324,813,164,108,1,-1,-1,-1
198,37,809,646,141,123,1,-1,-1,-1
199,31,721,391,76,46,1,-1,-1,-1
199,32,1177,758,140,140,1,-1,-1,-1
199,33,863,810,244,151,1,-1,-1,-1
199,35,1470,683,192,112,1,-1,-1,-1
199,36,1323,815,164,108,1,-1,-1,-1
199,37,809,643,141,123,1,-1,-1,-1
200,31,760,395,76,46,1,-1,-1,-1
200,32,1177,764,140,140,1,-1,-1,-1
200,33,841,811,244,151,1,-1,-1,-1
200,35,1469,678,192,112,1,-1,-1,-1
200,36,1319,819,164,108,1,-1,-1,-1
201,31,760,395,76,46,1,-1,-1,-1
201,32,1172,780,160,128,1,-1,-1,-1
201,33,852,816,172,148,1,-1,-1,-1
201,35,1472,680,168,160,1,-1,-1,-1
201,36,1319,819,164,108,1,-1,-1,-1
201,38,796,632,164,148,1,-1,-1,-1
201,39,2092,804,140,120,1,-1,-1,-1
201,40,1384,772,184,164,1,-1,-1,-1
201,41,560,328,160,88,1,-1,-1,-1
202,31,815,397,79,49,1,-1,-1,-1
202,32,1177,781,160,128,1,-1,-1,-1
202,33,854,816,172,148,1,-1,-1,-1
202,35,1472,679,168,160,1,-1,-1,-1
202,36,1317,824,156,103,1,-1,-1,-1
202,38,800,629,164,148,1,-1,-1,-1
202,39,2091,805,140,120,1,-1,-1,-1
202,40,1384,774,184,164,1,-1,-1,-1
202,41,578,329,160,88,1,-1,-1,-1
203,31,857,400,79,49,1,-1,-1,-1
203,32,1177,783,160,128,1,-1,-1,-1
203,33,854,819,172,148,1,-1,-1,-1
203,35,1473,678,168,160,1,-1,-1,-1
203,36,1316,824,156,103,1,-1,-1,-1
203,38,813,624,164,148,1,-1,-1,-1
203,39,2086,810,140,120,1,-1,-1,-1
203,40,1385,777,184,164,1,-1,-1,-1
203,41,619,331,160,88,1,-1,-1,-1
204,31,898,402,79,49,1,-1,-1,-1
204,32,1183,784,160,128,1,-1,-1,-1
204,33,859,823,172,148,1,-1,-1,-1
204,35,1475,679,168,160,1,-1,-1,-1
204,36,1316,825,156,103,1,-1,-1,-1
204,38,817,611,164,148,1,-1,-1,-1
204,39,2077,817,140,120,1,-1,-1,-1
204,40,1387,781,184,164,1,-1,-1,-1
204,41,662,333,160,88,1,-1,-1,-1
205,31,919,403,79,49,1,-1,-1,-1
205,32,1188,785,160,128,1,-1,-1,-1
205,33,862,819,172,148,1,-1,-1,-1
205,35,1479,679,168,160,1,-1,-1,-1
205,36,1320,828,149,98,1,-1,-1,-1
205,38,826,611,164,148,1,-1,-1,-1
205,39,2075,821,140,120,1,-1,-1,-1
205,40,1388,783,184,164,1,-1,-1,-1
205,41,682,334,160,88,1,-1,-1,-1
206,31,960,404,79,49,1,-1,-1,-1
206,32,1194,786,152,122,1,-1,-1,-1
206,33,861,807,181,155,1,-1,-1,-1
206,35,1484,682,168,160,1,-1,-1,-1
206,36,1320,829,149,98,1,-1,-1,-1
206,38,834,600,164,148,1,-1,-1,-1
206,39,2078,831,140,120,1,-1,-1,-1
206,40,1391,783,184,164,1,-1,-1,-1
206,41,726,336,160,88,1,-1,-1,-1
207,31,1002,406,79,49,1,-1,-1,-1
207,32,1197,783,152,122,1,-1,-1,-1
207,33,865,800,181,155,1,-1,-1,-1
207,35,1484,681,168,160,1,-1,-1,-1
207,36,1322,832,149,98,1,-1,-1,-1
207,38,848,599,164,148,1,-1,-1,-1
207,39,2082,834,133,114,1,-1,-1,-1
207,40,1389,782,184,164,1,-1,-1,-1
207,41,772,339,152,84,1,-1,-1,-1
208,31,1027,408,76,46,1,-1,-1,-1
208,32,1196,782,152,122,1,-1,-1,-1
208,33,866,798,181,155,1,-1,-1,-1
208,35,1480,666,176,168,1,-1,-1,-1
208,36,1323,836,149,98,1,-1,-1,-1
208,38,847,592,156,141,1,-1,-1,-1
208,39,2079,834,133,114,1,-1,-1,-1
208,40,1393,785,175,156,1,-1,-1,-1
208,41,787,339,160,88,1,-1,-1,-1
209,31,1027,408,76,46,1,-1,-1,-1
209,32,1220,756,144,136,1,-1,-1,-1
209,33,876,776,196,156,1,-1,-1,-1
209,35,1480,666,176,168,1,-1,-1,-1
209,36,1323,836,149,98,1,-1,-1,-1
209,38,888,564,116,148,1,-1,-1,-1
209,39,2079,834,133,114,1,-1,-1,-1
209,40,1393,785,175,156,1,-1,-1,-1
209,41,787,339,160,88,1,-1,-1,-1
209,42,1500,660,128,120,1,-1,-1,-1
209,43,836,344,160,88,1,-1,-1,-1
210,31,1007,415,79,49,1,-1,-1,-1
210,32,1228,754,144,136,1,-1,-1,-1
210,33,887,779,187,149,1,-1,-1,-1
210,35,1481,635,176,168,1,-1,-1,-1
210,36,1328,841,149,98,1,-1,-1,-1
210,38,902,555,116,148,1,-1,-1,-1
210,40,1398,786,175,156,1,-1,-1,-1
210,41,872,341,160,88,1,-1,-1,-1
210,42,1502,652,128,120,1,-1,-1,-1
210,43,879,345,160,88,1,-1,-1,-1
211,31,1030,417,76,46,1,-1,-1,-1
211,32,1230,754,144,136,1,-1,-1,-1
211,33,890,778,187,149,1,-1,-1,-1
211,35,1487,630,176,168,1,-1,-1,-1
211,36,1332,844,149,98,1,-1,-1,-1
211,38,908,550,116,148,1,-1,-1,-1
211,40,1400,787,175,156,1,-1,-1,-1
211,41,896,343,160,88,1,-1,-1,-1
211,42,1504,650,128,120,1,-1,-1,-1
211,43,900,346,160,88,1,-1,-1,-1
212,31,1071,423,72,44,1,-1,-1,-1
212,32,1242,755,144,136,1,-1,-1,-1
212,33,896,776,187,149,1,-1,-1,-1
212,35,1494,626,176,168,1,-1,-1,-1
212,36,1338,857,142,93,1,-1,-1,-1
212,38,924,549,110,141,1,-1,-1,-1
212,40,1406,795,175,156,1,-1,-1,-1
212,41,938,346,160,88,1,-1,-1,-1
212,42,1504,638,128,120,1,-1,-1,-1
212,43,942,349,160,88,1,-1,-1,-1
213,32,1251,758,144,136,1,-1,-1,-1
213,33,901,771,187,149,1,-1,-1,-1
213,35,1492,615,176,168,1,-1,-1,-1
213,36,1339,857,142,93,1,-1,-1,-1
213,38,937,547,110,141,1,-1,-1,-1
213,40,1410,802,175,156,1,-1,-1,-1
213,41,979,349,160,88,1,-1,-1,-1
213,42,1512,635,128,120,1,-1,-1,-1
213,43,984,353,160,88,1,-1,-1,-1
214,32,1254,760,144,136,1,-1,-1,-1
214,33,906,765,187,149,1,-1,-1,-1
214,35,1493,613,176,168,1,-1,-1,-1
214,36,1339,853,142,93,1,-1,-1,-1
214,38,947,544,110,141,1,-1,-1,-1
214,40,1413,802,175,156,1,-1,-1,-1
214,41,999,350,160,88,1,-1,-1,-1
214,42,1507,623,134,126,1,-1,-1,-1
214,43,1003,355,160,88,1,-1,-1,-1
215,32,1254,752,144,136,1,-1,-1,-1
215,33,918,762,187,149,1,-1,-1,-1
215,35,1503,612,176,168,1,-1,-1,-1
215,36,1342,851,142,93,1,-1,-1,-1
215,38,958,538,116,148,1,-1,-1,-1
215,40,1406,803,184,164,1,-1,-1,-1
215,41,1046,355,152,84,1,-1,-1,-1
215,43,1045,358,160,88,1,-1,-1,-1
216,32,1256,741,144,136,1,-1,-1,-1
216,33,916,745,187,149,1,-1,-1,-1
216,35,1499,593,176,168,1,-1,-1,-1
216,36,1346,846,142,93,1,-1,-1,-1
216,38,971,532,122,155,1,-1,-1,-1
216,40,1411,805,184,164,1,-1,-1,-1
216,41,1081,356,160,88,1,-1,-1,-1
216,43,1084,361,160,88,1,-1,-1,-1
217,32,1256,740,124,124,1,-1,-1,-1
217,33,920,740,160,156,1,-1,-1,-1
217,35,1496,604,184,132,1,-1,-1,-1
217,36,1340,844,136,128,1,-1,-1,-1
217,38,960,520,144,156,1,-1,-1,-1
217,40,1444,820,160,152,1,-1,-1,-1
217,41,1081,356,160,88,1,-1,-1,-1
217,43,1084,361,160,88,1,-1,-1,-1
217,44,2044,844,136,108,1,-1,-1,-1
218,32,1256,731,124,124,1,-1,-1,-1
218,33,921,730,160,156,1,-1,-1,-1
218,35,1508,603,175,126,1,-1,-1,-1
218,36,1347,842,136,128,1,-1,-1,-1
218,38,979,525,137,149,1,-1,-1,-1
218,40,1451,820,160,152,1,-1,-1,-1
218,41,1140,364,160,88,1,-1,-1,-1
218,43,1145,368,160,88,1,-1,-1,-1
218,44,2041,850,136,108,1,-1,-1,-1
219,32,1261,723,124,124,1,-1,-1,-1
219,33,932,726,160,156,1,-1,-1,-1
219,35,1507,599,175,126,1,-1,-1,-1
219,36,1351,836,136,128,1,-1,-1,-1
219,38,992,522,137,149,1,-1,-1,-1
219,40,1457,814,160,152,1,-1,-1,-1
219,41,1177,366,168,92,1,-1,-1,-1
219,43,1185,371,160,88,1,-1,-1,-1
219,44,2038,859,136,108,1,-1,-1,-1
220,32,1264,721,124,124,1,-1,-1,-1
220,33,936,724,160,156,1,-1,-1,-1
220,35,1511,596,175,126,1,-1,-1,-1
220,36,1349,832,143,134,1,-1,-1,-1
220,38,1001,523,137,149,1,-1,-1,-1
220,40,1458,812,160,152,1,-1,-1,-1
220,41,1196,369,168,92,1,-1,-1,-1
220,43,1203,375,160,88,1,-1,-1,-1
220,44,2037,862,136,108,1,-1,-1,-1
221,32,1269,716,130,130,1,-1,-1,-1
221,33,949,723,160,156,1,-1,-1,-1
221,35,1515,592,175,126,1,-1,-1,-1
221,36,1353,834,143,134,1,-1,-1,-1
221,38,1015,519,137,149,1,-1,-1,-1
221,40,1467,807,152,145,1,-1,-1,-1
221,41,1231,372,176,97,1,-1,-1,-1
221,43,1246,380,160,88,1,-1,-1,-1
221,44,2031,864,143,113,1,-1,-1,-1
222,32,1277,712,130,130,1,-1,-1,-1
222,33,959,720,160,156,1,-1,-1,-1
222,35,1527,588,175,126,1,-1,-1,-1
222,36,1359,838,143,134,1,-1,-1,-1
222,38,1026,518,137,149,1,-1,-1,-1
222,40,1473,804,152,145,1,-1,-1,-1
222,41,1273,376,176,97,1,-1,-1,-1
222,43,1285,386,160,88,1,-1,-1,-1
222,44,2030,870,143,113,1,-1,-1,-1
223,32,1278,705,137,137,1,-1,-1,-1
223,33,963,718,160,156,1,-1,-1,-1
223,35,1529,585,175,126,1,-1,-1,-1
223,36,1357,835,150,141,1,-1,-1,-1
223,38,1033,513,137,149,1,-1,-1,-1
223,40,1474,803,152,145,1,-1,-1,-1
223,41,1297,382,168,92,1,-1,-1,-1
223,43,1304,389,160,88,1,-1,-1,-1
223,44,2029,872,143,113,1,-1,-1,-1
224,32,1286,702,137,137,1,-1,-1,-1
224,33,974,719,160,156,1,-1,-1,-1
224,35,1534,585,167,120,1,-1,-1,-1
224,38,1047,505,144,156,1,-1,-1,-1
224,40,1475,799,152,145,1,-1,-1,-1
224,41,1332,383,176,97,1,-1,-1,-1
224,43,1345,392,160,88,1,-1,-1,-1
224,44,2031,876,136,108,1,-1,-1,-1
225,32,1300,704,132,124,1,-1,-1,-1
225,33,980,684,156,172,1,-1,-1,-1
225,35,1544,556,140,156,1,-1,-1,-1
225,38,1080,508,116,136,1,-1,-1,-1
225,40,1492,784,168,204,1,-1,-1,-1
225,41,1332,383,176,97,1,-1,-1,-1
225,43,1384,396,160,88,1,-1,-1,-1
225,44,2032,872,136,136,1,-1,-1,-1
226,32,1303,703,132,124,1,-1,-1,-1
226,33,986,681,156,172,1,-1,-1,-1
226,35,1550,557,140,156,1,-1,-1,-1
226,38,1088,508,116,136,1,-1,-1,-1
226,40,1498,785,168,204,1,-1,-1,-1
226,41,1395,390,176,97,1,-1,-1,-1
226,43,1403,398,160,88,1,-1,-1,-1
226,44,2033,874,136,136,1,-1,-1,-1
227,32,1310,697,132,124,1,-1,-1,-1
227,33,995,674,156,172,1,-1,-1,-1
227,35,1552,554,140,156,1,-1,-1,-1
227,38,1102,509,116,136,1,-1,-1,-1
227,40,1509,785,168,204,1,-1,-1,-1
227,41,1435,396,176,97,1,-1,-1,-1
227,43,1442,404,160,88,1,-1,-1,-1
227,44,2029,879,136,136,1,-1,-1,-1
228,32,1315,696,132,124,1,-1,-1,-1
228,33,1000,669,156,172,1,-1,-1,-1
228,35,1556,559,133,149,1,-1,-1,-1
228,38,1116,511,116,136,1,-1,-1,-1
228,40,1522,781,168,204,1,-1,-1,-1
228,41,1473,400,176,97,1,-1,-1,-1
228,43,1479,409,160,88,1,-1,-1,-1
228,44,2029,885,136,136,1,-1,-1,-1
229,32,1318,693,132,124,1,-1,-1,-1
229,33,1005,667,156,172,1,-1,-1,-1
229,35,1560,561,133,149,1,-1,-1,-1
229,38,1125,513,116,136,1,-1,-1,-1
229,40,1526,776,168,204,1,-1,-1,-1
229,41,1492,404,176,97,1,-1,-1,-1
229,43,1499,412,160,88,1,-1,-1,-1
229,44,2028,888,136,136,1,-1,-1,-1
230,32,1324,689,132,124,1,-1,-1,-1
230,33,1013,661,156,172,1,-1,-1,-1
230,35,1561,556,133,149,1,-1,-1,-1
230,38,1135,513,116,136,1,-1,-1,-1
230,40,1526,759,168,204,1,-1,-1,-1
230,41,1528,408,176,97,1,-1,-1,-1
230,43,1535,416,160,88,1,-1,-1,-1
230,44,2024,893,136,136,1,-1,-1,-1
231,32,1333,687,132,124,1,-1,-1,-1
231,33,1023,659,156,172,1,-1,-1,-1
231,35,1570,556,133,149,1,-1,-1,-1
231,38,1151,508,116,136,1,-1,-1,-1
231,40,1542,753,168,204,1,-1,-1,-1
231,41,1567,411,176,97,1,-1,-1,-1
231,43,1574,420,160,88,1,-1,-1,-1
231,44,2024,897,136,136,1,-1,-1,-1
232,32,1338,688,126,118,1,-1,-1,-1
232,33,1027,658,156,172,1,-1,-1,-1
232,35,1568,554,133,149,1,-1,-1,-1
232,38,1156,506,116,136,1,-1,-1,-1
232,40,1543,747,168,204,1,-1,-1,-1
232,41,1585,416,176,97,1,-1,-1,-1
232,43,1592,424,160,88,1,-1,-1,-1
232,44,2023,903,136,136,1,-1,-1,-1
233,32,1344,680,148,120,1,-1,-1,-1
233,33,1036,676,188,172,1,-1,-1,-1
233,35,1580,564,132,128,1,-1,-1,-1
233,38,1164,508,148,148,1,-1,-1,-1
233,40,1552,748,128,144,1,-1,-1,-1
233,41,1585,416,176,97,1,-1,-1,-1
233,43,1592,424,160,88,1,-1,-1,-1
233,44,2024,924,136,128,1,-1,-1,-1
233,45,1636,432,160,96,1,-1,-1,-1
233,46,1404,796,160,116,1,-1,-1,-1
234,32,1353,679,148,120,1,-1,-1,-1
234,33,1047,678,188,172,1,-1,-1,-1
234,35,1583,560,132,128,1,-1,-1,-1
234,38,1179,508,148,148,1,-1,-1,-1
234,40,1559,744,128,144,1,-1,-1,-1
234,41,1658,429,176,97,1,-1,-1,-1
234,43,1664,436,160,88,1,-1,-1,-1
234,44,2021,926,136,128,1,-1,-1,-1
234,45,1667,433,168,101,1,-1,-1,-1
234,46,1412,796,160,116,1,-1,-1,-1
235,32,1352,676,148,120,1,-1,-1,-1
235,33,1050,674,188,172,1,-1,-1,-1
235,35,1585,558,132,128,1,-1,-1,-1
235,38,1186,507,148,148,1,-1,-1,-1
235,40,1563,743,128,144,1,-1,-1,-1
235,41,1676,431,176,97,1,-1,-1,-1
235,43,1683,439,160,88,1,-1,-1,-1
235,44,2022,927,136,128,1,-1,-1,-1
235,45,1685,437,168,101,1,-1,-1,-1
235,46,1406,787,168,122,1,-1,-1,-1
236,32,1360,673,148,120,1,-1,-1,-1
236,33,1059,671,188,172,1,-1,-1,-1
236,35,1592,557,132,128,1,-1,-1,-1
236,38,1199,504,148,148,1,-1,-1,-1
236,40,1571,740,128,144,1,-1,-1,-1
236,41,1712,435,176,97,1,-1,-1,-1
236,43,1718,443,160,88,1,-1,-1,-1
236,44,2020,930,136,128,1,-1,-1,-1
236,45,1722,443,168,101,1,-1,-1,-1
236,46,1403,778,168,122,1,-1,-1,-1
237,32,1369,664,141,114,1,-1,-1,-1
237,33,1080,675,179,164,1,-1,-1,-1
237,35,1595,553,132,128,1,-1,-1,-1
237,38,1213,502,148,148,1,-1,-1,-1
237,40,1581,735,128,144,1,-1,-1,-1
237,41,1750,440,176,97,1,-1,-1,-1
237,43,1757,448,160,88,1,-1,-1,-1
237,44,2022,925,136,128,1,-1,-1,-1
237,45,1759,446,168,101,1,-1,-1,-1
237,46,1412,771,168,122,1,-1,-1,-1
238,32,1374,662,141,114,1,-1,-1,-1
238,33,1079,668,188,172,1,-1,-1,-1
238,35,1597,551,132,128,1,-1,-1,-1
238,38,1218,501,148,148,1,-1,-1,-1
238,40,1583,733,128,144,1,-1,-1,-1
238,41,1772,445,168,92,1,-1,-1,-1
238,43,1776,451,160,88,1,-1,-1,-1
238,44,2026,924,136,128,1,-1,-1,-1
238,45,1777,450,168,101,1,-1,-1,-1
238,46,1420,769,168,122,1,-1,-1,-1
239,32,1389,662,134,109,1,-1,-1,-1
239,33,1084,660,188,172,1,-1,-1,-1
239,35,1604,550,132,128,1,-1,-1,-1
239,38,1231,505,148,148,1,-1,-1,-1
239,40,1591,732,128,144,1,-1,-1,-1
239,41,1804,448,176,97,1,-1,-1,-1
239,43,1810,456,160,88,1,-1,-1,-1
239,45,1809,452,176,106,1,-1,-1,-1
240,32,1397,659,134,109,1,-1,-1,-1
240,33,1096,660,179,164,1,-1,-1,-1
240,35,1610,550,132,128,1,-1,-1,-1
240,38,1244,509,141,141,1,-1,-1,-1
240,40,1598,729,128,144,1,-1,-1,-1
240,41,1840,453,176,97,1,-1,-1,-1
240,43,1845,463,160,88,1,-1,-1,-1
240,45,1845,460,176,106,1,-1,-1,-1
241,32,1408,652,104,104,1,-1,-1,-1
241,33,1100,652,144,152,1,-1,-1,-1
241,35,1608,552,156,136,1,-1,-1,-1
241,38,1252,512,116,144,1,-1,-1,-1
241,40,1596,732,140,164,1,-1,-1,-1
241,41,1840,453,176,97,1,-1,-1,-1
241,43,1845,463,160,88,1,-1,-1,-1
241,45,1868,468,160,104,1,-1,-1,-1
241,47,1424,740,164,144,1,-1,-1,-1
241,48,2004,892,148,176,1,-1,-1,-1
242,32,1411,650,104,104,1,-1,-1,-1
242,33,1103,650,144,152,1,-1,-1,-1
242,35,1609,552,156,136,1,-1,-1,-1
242,38,1260,517,116,144,1,-1,-1,-1
242,40,1607,733,140,164,1,-1,-1,-1
242,41,1892,467,168,92,1,-1,-1,-1
242,43,1893,473,160,88,1,-1,-1,-1
242,45,1898,473,160,104,1,-1,-1,-1
242,47,1430,737,164,144,1,-1,-1,-1
242,48,2010,895,148,176,1,-1,-1,-1
243,32,1413,647,104,104,1,-1,-1,-1
243,33,1108,653,137,145,1,-1,-1,-1
243,35,1607,552,156,136,1,-1,-1,-1
243,38,1266,518,116,144,1,-1,-1,-1
243,40,1606,727,133,156,1,-1,-1,-1
243,41,1921,471,168,92,1,-1,-1,-1
243,43,1924,477,160,88,1,-1,-1,-1
243,45,1925,475,168,109,1,-1,-1,-1
243,47,1433,734,164,144,1,-1,-1,-1
243,48,1998,891,148,176,1,-1,-1,-1
244,32,1412,647,104,104,1,-1,-1,-1
244,33,1109,654,137,145,1,-1,-1,-1
244,35,1608,552,156,136,1,-1,-1,-1
244,38,1270,522,110,137,1,-1,-1,-1
244,40,1609,726,133,156,1,-1,-1,-1
244,41,1935,474,168,92,1,-1,-1,-1
244,43,1938,480,160,88,1,-1,-1,-1
244,45,1939,477,168,109,1,-1,-1,-1
244,47,1432,733,164,144,1,-1,-1,-1
244,48,1994,884,155,185,1,-1,-1,-1
245,32,1409,645,104,104,1,-1,-1,-1
245,33,1109,653,137,145,1,-1,-1,-1
245,35,1605,553,156,136,1,-1,-1,-1
245,38,1273,521,110,137,1,-1,-1,-1
245,40,1616,723,127,149,1,-1,-1,-1
245,41,1952,475,176,97,1,-1,-1,-1
245,43,1961,484,160,88,1,-1,-1,-1
245,45,1961,482,168,109,1,-1,-1,-1
245,47,1436,734,156,137,1,-1,-1,-1
245,48,1997,880,155,185,1,-1,-1,-1
246,32,1408,644,104,104,1,-1,-1,-1
246,33,1107,655,137,145,1,-1,-1,-1
246,35,1595,548,164,143,1,-1,-1,-1
246,38,1274,521,110,137,1,-1,-1,-1
246,40,1614,717,127,149,1,-1,-1,-1
246,41,1978,480,176,97,1,-1,-1,-1
246,43,1984,489,160,88,1,-1,-1,-1
246,45,1984,487,168,109,1,-1,-1,-1
246,47,1434,732,156,137,1,-1,-1,-1
246,48,1982,866,148,176,1,-1,-1,-1
247,32,1407,645,104,104,1,-1,-1,-1
247,33,1106,656,137,145,1,-1,-1,-1
247,35,1591,547,164,143,1,-1,-1,-1
247,38,1274,520,110,137,1,-1,-1,-1
247,40,1615,712,127,149,1,-1,-1,-1
247,41,1995,485,168,92,1,-1,-1,-1
247,43,1998,491,160,88,1,-1,-1,-1
247,45,2001,491,160,104,1,-1,-1,-1
247,47,1430,729,156,137,1,-1,-1,-1
247,48,1981,856,155,185,1,-1,-1,-1
248,32,1403,641,104,104,1,-1,-1,-1
248,33,1106,657,137,145,1,-1,-1,-1
248,35,1583,541,164,143,1,-1,-1,-1
248,38,1277,517,110,137,1,-1,-1,-1
248,40,1614,708,127,149,1,-1,-1,-1
248,41,2015,490,168,92,1,-1,-1,-1
248,43,2018,495,160,88,1,-1,-1,-1
248,45,2021,497,160,104,1,-1,-1,-1
248,47,1414,714,156,137,1,-1,-1,-1
249,32,1403,641,104,104,1,-1,-1,-1
249,33,1108,664,164,148,1,-1,-1,-1
249,35,1584,548,128,120,1,-1,-1,-1
249,38,1276,508,116,136,1,-1,-1,-1
249,40,1620,692,108,140,1,-1,-1,-1
249,41,2015,490,168,92,1,-1,-1,-1
249,43,2018,495,160,88,1,-1,-1,-1
249,45,2040,500,164,104,1,-1,-1,-1
249,47,1414,714,156,137,1,-1,-1,-1
249,49,1968,848,112,144,1,-1,-1,-1
249,50,1404,648,136,180,1,-1,-1,-1
250,32,1396,635,104,104,1,-1,-1,-1
250,33,1109,665,164,148,1,-1,-1,-1
250,35,1579,547,128,120,1,-1,-1,-1
250,38,1275,508,116,136,1,-1,-1,-1
250,40,1620,691,108,140,1,-1,-1,-1
250,41,2046,494,168,92,1,-1,-1,-1
250,43,2049,500,160,88,1,-1,-1,-1
250,45,2049,501,164,104,1,-1,-1,-1
250,47,1397,700,156,137,1,-1,-1,-1
250,49,1966,847,112,144,1,-1,-1,-1
250,50,1405,651,130,171,1,-1,-1,-1
251,32,1395,634,104,104,1,-1,-1,-1
251,33,1103,665,164,148,1,-1,-1,-1
251,35,1571,550,122,114,1,-1,-1,-1
251,38,1270,505,116,136,1,-1,-1,-1
251,40,1611,686,113,147,1,-1,-1,-1
251,41,2063,499,168,92,1,-1,-1,-1
251,43,2061,502,168,92,1,-1,-1,-1
251,45,2065,504,164,104,1,-1,-1,-1
251,47,1386,696,156,137,1,-1,-1,-1
251,49,1952,836,112,144,1,-1,-1,-1
251,50,1400,653,123,163,1,-1,-1,-1
252,32,1386,628,104,104,1,-1,-1,-1
252,33,1097,663,164,148,1,-1,-1,-1
252,35,1562,552,122,114,1,-1,-1,-1
252,38,1268,503,116,136,1,-1,-1,-1
252,40,1606,683,113,147,1,-1,-1,-1
252,41,2081,503,168,92,1,-1,-1,-1
252,43,2081,505,168,92,1,-1,-1,-1
252,45,2085,508,164,104,1,-1,-1,-1
252,47,1380,698,149,131,1,-1,-1,-1
252,49,1945,831,107,137,1,-1,-1,-1
252,50,1394,650,123,163,1,-1,-1,-1
253,32,1386,627,104,104,1,-1,-1,-1
253,33,1093,660,164,148,1,-1,-1,-1
253,35,1559,553,122,114,1,-1,-1,-1
253,38,1266,503,116,136,1,-1,-1,-1
253,40,1605,680,113,147,1,-1,-1,-1
253,41,2094,504,168,92,1,-1,-1,-1
253,43,2093,507,168,92,1,-1,-1,-1
253,45,2098,509,164,104,1,-1,-1,-1
253,47,1382,701,142,124,1,-1,-1,-1
253,49,1939,826,107,137,1,-1,-1,-1
253,50,1392,649,123,163,1,-1,-1,-1
254,32,1383,625,104,104,1,-1,-1,-1
254,33,1088,657,172,155,1,-1,-1,-1
254,35,1550,554,122,114,1,-1,-1,-1
254,38,1264,504,116,136,1,-1,-1,-1
254,40,1601,677,113,147,1,-1,-1,-1
254,41,2112,507,168,92,1,-1,-1,-1
254,43,2111,511,168,92,1,-1,-1,-1
254,45,2115,512,164,104,1,-1,-1,-1
254,47,1372,699,142,124,1,-1,-1,-1
254,49,1930,819,102,131,1,-1,-1,-1
254,50,1387,648,123,163,1,-1,-1,-1
255,32,1379,624,104,104,1,-1,-1,-1
255,33,1086,653,172,155,1,-1,-1,-1
255,35,1542,556,122,114,1,-1,-1,-1
255,38,1263,507,116,136,1,-1,-1,-1
255,40,1598,676,113,147,1,-1,-1,-1
255,41,2130,510,168,92,1,-1,-1,-1
255,43,2133,516,160,88,1,-1,-1,-1
255,45,2133,515,164,104,1,-1,-1,-1
255,47,1370,698,142,124,1,-1,-1,-1
255,49,1926,809,102,131,1,-1,-1,-1
255,50,1383,647,123,163,1,-1,-1,-1
256,32,1377,624,104,104,1,-1,-1,-1
256,33,1084,651,172,155,1,-1,-1,-1
256,35,1537,557,122,114,1,-1,-1,-1
256,38,1263,508,116,136,1,-1,-1,-1
256,40,1595,675,113,147,1,-1,-1,-1
256,41,2141,512,168,92,1,-1,-1,-1
256,43,2148,521,152,84,1,-1,-1,-1
256,45,2143,518,164,104,1,-1,-1,-1
256,47,1366,696,142,124,1,-1,-1,-1
256,49,1920,808,102,131,1,-1,-1,-1
256,50,1380,645,123,163,1,-1,-1,-1
257,32,1377,624,104,104,1,-1,-1,-1
257,33,1076,648,128,140,1,-1,-1,-1
257,35,1528,548,144,136,1,-1,-1,-1
257,38,1252,508,120,136,1,-1,-1,-1
257,40,1592,680,132,140,1,-1,-1,-1
257,41,2141,512,168,92,1,-1,-1,-1
257,43,2148,521,152,84,1,-1,-1,-1
257,45,2143,518,164,104,1,-1,-1,-1
257,47,1366,696,142,124,1,-1,-1,-1
257,49,1916,812,108,120,1,-1,-1,-1
257,50,1368,628,128,188,1,-1,-1,-1
258,32,1369,623,104,104,1,-1,-1,-1
258,33,1074,650,128,140,1,-1,-1,-1
258,35,1526,548,144,136,1,-1,-1,-1
258,38,1255,508,120,136,1,-1,-1,-1
258,40,1592,678,132,140,1,-1,-1,-1
258,41,2178,523,168,92,1,-1,-1,-1
258,43,2181,525,160,88,1,-1,-1,-1
258,45,2180,528,164,104,1,-1,-1,-1
258,47,1364,692,149,131,1,-1,-1,-1
258,49,1915,809,108,120,1,-1,-1,-1
258,50,1366,627,128,188,1,-1,-1,-1
259,32,1368,624,104,104,1,-1,-1,-1
259,33,1072,652,128,140,1,-1,-1,-1
259,35,1525,548,144,136,1,-1,-1,-1
259,38,1256,509,120,136,1,-1,-1,-1
259,40,1591,676,132,140,1,-1,-1,-1
259,41,2192,524,168,92,1,-1,-1,-1
259,43,2195,528,160,88,1,-1,-1,-1
259,45,2194,530,164,104,1,-1,-1,-1
259,47,1356,688,149,131,1,-1,-1,-1
259,49,1908,805,108,120,1,-1,-1,-1
259,50,1364,626,128,188,1,-1,-1,-1
260,32,1369,623,104,104,1,-1,-1,-1
260,33,1067,653,128,140,1,-1,-1,-1
260,35,1521,542,144,136,1,-1,-1,-1
260,38,1258,507,120,136,1,-1,-1,-1
260,40,1591,670,132,140,1,-1,-1,-1
260,41,2212,528,168,92,1,-1,-1,-1
260,43,2215,533,160,88,1,-1,-1,-1
260,45,2214,534,164,104,1,-1,-1,-1
260,47,1353,689,149,131,1,-1,-1,-1
260,49,1902,799,103,114,1,-1,-1,-1
260,50,1365,626,128,188,1,-1,-1,-1
261,32,1369,621,104,104,1,-1,-1,-1
261,33,1066,659,128,140,1,-1,-1,-1
261,35,1518,538,144,136,1,-1,-1,-1
261,38,1261,502,120,136,1,-1,-1,-1
261,40,1592,663,132,140,1,-1,-1,-1
261,41,2234,532,168,92,1,-1,-1,-1
261,43,2233,536,168,92,1,-1,-1,-1
261,45,2237,537,164,104,1,-1,-1,-1
261,47,1350,686,149,131,1,-1,-1,-1
261,49,1902,797,103,114,1,-1,-1,-1
261,50,1365,627,128,188,1,-1,-1,-1
262,32,1371,621,104,104,1,-1,-1,-1
262,33,1068,661,128,140,1,-1,-1,-1
262,35,1514,536,144,136,1,-1,-1,-1
262,38,1262,499,120,136,1,-1,-1,-1
262,40,1593,664,132,140,1,-1,-1,-1
262,41,2247,534,168,92,1,-1,-1,-1
262,43,2247,537,168,92,1,-1,-1,-1
262,45,2250,540,164,104,1,-1,-1,-1
262,49,1899,797,103,114,1,-1,-1,-1
262,50,1367,628,122,179,1,-1,-1,-1
263,32,1373,620,99,99,1,-1,-1,-1
263,33,1064,664,128,140,1,-1,-1,-1
263,35,1510,534,144,136,1,-1,-1,-1
263,38,1264,498,120,136,1,-1,-1,-1
263,40,1592,663,132,140,1,-1,-1,-1
263,41,2266,538,168,92,1,-1,-1,-1
263,43,2266,542,168,92,1,-1,-1,-1
263,45,2269,544,164,104,1,-1,-1,-1
263,49,1893,794,103,114,1,-1,-1,-1
263,50,1365,630,116,171,1,-1,-1,-1
264,32,1372,620,99,99,1,-1,-1,-1
264,33,1062,667,128,140,1,-1,-1,-1
264,35,1503,537,144,136,1,-1,-1,-1
264,38,1265,499,120,136,1,-1,-1,-1
264,40,1588,666,132,140,1,-1,-1,-1
264,41,2287,544,168,92,1,-1,-1,-1
264,43,2280,545,176,97,1,-1,-1,-1
264,45,2289,551,164,104,1,-1,-1,-1
264,49,1891,792,103,114,1,-1,-1,-1
264,50,1363,628,116,171,1,-1,-1,-1
265,32,1372,620,99,99,1,-1,-1,-1
265,33,1060,636,164,172,1,-1,-1,-1
265,35,1504,544,112,120,1,-1,-1,-1
265,38,1280,500,92,132,1,-1,-1,-1
265,40,1596,668,104,144,1,-1,-1,-1
265,41,2287,544,168,92,1,-1,-1,-1
265,43,2280,545,176,97,1,-1,-1,-1
265,45,2300,556,168,92,1,-1,-1,-1
265,49,1876,764,108,144,1,-1,-1,-1
265,50,1363,628,116,171,1,-1,-1,-1
266,32,1365,618,99,99,1,-1,-1,-1
266,33,1062,637,164,172,1,-1,-1,-1
266,35,1500,545,112,120,1,-1,-1,-1
266,38,1280,502,92,132,1,-1,-1,-1
266,40,1595,669,104,144,1,-1,-1,-1
266,41,2314,550,168,92,1,-1,-1,-1
266,43,2315,554,168,92,1,-1,-1,-1
266,45,2318,559,168,92,1,-1,-1,-1
266,49,1875,763,108,144,1,-1,-1,-1
266,50,1354,623,122,179,1,-1,-1,-1
267,32,1362,620,99,99,1,-1,-1,-1
267,33,1053,634,164,172,1,-1,-1,-1
267,35,1493,548,112,120,1,-1,-1,-1
267,38,1280,505,92,132,1,-1,-1,-1
267,40,1593,671,104,144,1,-1,-1,-1
267,41,2327,553,176,97,1,-1,-1,-1
267,43,2332,560,168,92,1,-1,-1,-1
267,45,2336,566,168,92,1,-1,-1,-1
267,49,1860,750,113,151,1,-1,-1,-1
267,50,1348,623,122,179,1,-1,-1,-1
268,32,1360,619,99,99,1,-1,-1,-1
268,33,1051,634,164,172,1,-1,-1,-1
268,35,1491,550,112,120,1,-1,-1,-1
268,38,1277,503,97,139,1,-1,-1,-1
268,40,1592,670,104,144,1,-1,-1,-1
268,41,2336,555,176,97,1,-1,-1,-1
268,43,2340,563,168,92,1,-1,-1,-1
268,45,2346,567,168,92,1,-1,-1,-1
268,49,1856,746,119,159,1,-1,-1,-1
268,50,1346,624,122,179,1,-1,-1,-1
269,32,1359,620,99,99,1,-1,-1,-1
269,33,1049,635,164,172,1,-1,-1,-1
269,35,1487,556,112,120,1,-1,-1,-1
269,38,1277,506,97,139,1,-1,-1,-1
269,40,1592,672,99,137,1,-1,-1,-1
269,41,2355,560,176,97,1,-1,-1,-1
269,43,2359,567,168,92,1,-1,-1,-1
269,45,2361,570,176,97,1,-1,-1,-1
269,49,1852,744,119,159,1,-1,-1,-1
269,50,1350,630,116,171,1,-1,-1,-1
270,32,1357,624,99,99,1,-1,-1,-1
270,33,1047,637,164,172,1,-1,-1,-1
270,35,1484,558,112,120,1,-1,-1,-1
270,38,1277,508,97,139,1,-1,-1,-1
270,40,1591,672,99,137,1,-1,-1,-1
270,41,2377,564,176,97,1,-1,-1,-1
270,43,2379,571,168,92,1,-1,-1,-1
270,45,2380,574,176,97,1,-1,-1,-1
270,49,1851,742,119,159,1,-1,-1,-1
270,50,1351,632,116,171,1,-1,-1,-1
271,32,1358,624,99,99,1,-1,-1,-1
271,33,1047,639,164,172,1,-1,-1,-1
271,35,1485,559,112,120,1,-1,-1,-1
271,38,1281,508,97,139,1,-1,-1,-1
271,40,1591,669,99,137,1,-1,-1,-1
271,41,2389,567,171,97,1,-1,-1,-1
271,43,2393,574,167,92,1,-1,-1,-1
271,45,2398,580,162,92,1,-1,-1,-1
271,49,1850,745,119,159,1,-1,-1,-1
271,50,1352,633,116,171,1,-1,-1,-1
272,32,1358,624,99,99,1,-1,-1,-1
272,33,1042,639,164,172,1,-1,-1,-1
272,35,1482,562,112,120,1,-1,-1,-1
272,38,1283,507,97,139,1,-1,-1,-1
272,40,1589,667,99,137,1,-1,-1,-1
272,41,2409,572,151,97,1,-1,-1,-1
272,43,2414,578,146,92,1,-1,-1,-1
272,45,2417,583,143,92,1,-1,-1,-1
272,49,1848,739,119,159,1,-1,-1,-1
272,50,1356,635,116,171,1,-1,-1,-1
273,32,1358,624,99,99,1,-1,-1,-1
273,33,1040,668,124,144,1,-1,-1,-1
273,35,1480,540,112,132,1,-1,-1,-1
273,38,1284,508,104,124,1,-1,-1,-1
273,40,1572,652,124,136,1,-1,-1,-1
273,41,2409,572,151,97,1,-1,-1,-1
273,43,2414,578,146,92,1,-1,-1,-1
273,45,2417,583,143,92,1,-1,-1,-1
273,49,1848,748,100,124,1,-1,-1,-1
273,50,1348,652,128,144,1,-1,-1,-1
274,32,1352,622,99,99,1,-1,-1,-1
274,33,1038,670,124,144,1,-1,-1,-1
274,35,1478,539,112,132,1,-1,-1,-1
274,38,1284,507,104,124,1,-1,-1,-1
274,40,1570,651,124,136,1,-1,-1,-1
274,41,2444,575,116,97,1,-1,-1,-1
274,43,2446,581,114,92,1,-1,-1,-1
274,45,2450,586,110,92,1,-1,-1,-1
274,49,1845,747,100,124,1,-1,-1,-1
274,50,1346,651,128,144,1,-1,-1,-1
275,32,1349,618,99,99,1,-1,-1,-1
275,33,1030,674,124,144,1,-1,-1,-1
275,35,1477,536,112,132,1,-1,-1,-1
275,38,1285,503,104,124,1,-1,-1,-1
275,40,1569,648,124,136,1,-1,-1,-1
275,41,2464,578,96,97,1,-1,-1,-1
275,43,2469,584,91,88,1,-1,-1,-1
275,45,2473,590,87,88,1,-1,-1,-1
275,49,1840,747,95,118,1,-1,-1,-1
275,50,1344,649,128,144,1,-1,-1,-1
276,32,1344,617,99,99,1,-1,-1,-1
276,33,1018,678,124,144,1,-1,-1,-1
276,35,1468,532,112,132,1,-1,-1,-1
276,38,1282,498,104,124,1,-1,-1,-1
276,40,1565,646,124,136,1,-1,-1,-1
276,41,2499,580,61,97,1,-1,-1,-1
276,43,2501,588,59,88,1,-1,-1,-1
276,45,2504,593,56,88,1,-1,-1,-1
276,49,1840,746,95,118,1,-1,-1,-1
276,50,1339,645,128,144,1,-1,-1,-1
277,32,1342,615,99,99,1,-1,-1,-1
277,33,1013,682,124,144,1,-1,-1,-1
277,35,1465,530,112,132,1,-1,-1,-1
277,38,1280,497,104,124,1,-1,-1,-1
277,40,1563,646,124,136,1,-1,-1,-1
277,41,2513,581,47,97,1,-1,-1,-1
277,43,2512,588,48,88,1,-1,-1,-1
277,49,1840,746,95,118,1,-1,-1,-1
277,50,1337,643,128,144,1,-1,-1,-1
278,32,1337,612,99,99,1,-1,-1,-1
278,33,1001,684,124,144,1,-1,-1,-1
278,35,1461,530,112,132,1,-1,-1,-1
278,38,1278,496,104,124,1,-1,-1,-1
278,40,1560,647,124,136,1,-1,-1,-1
278,49,1842,746,95,118,1,-1,-1,-1
278,50,1335,641,128,144,1,-1,-1,-1
279,32,1334,612,99,99,1,-1,-1,-1
279,33,991,684,130,151,1,-1,-1,-1
279,35,1456,531,112,132,1,-1,-1,-1
279,38,1277,495,104,124,1,-1,-1,-1
279,40,1560,647,124,136,1,-1,-1,-1
279,49,1840,744,100,124,1,-1,-1,-1
279,50,1335,642,122,137,1,-1,-1,-1
280,32,1332,612,99,99,1,-1,-1,-1
280,33,985,682,130,151,1,-1,-1,-1
280,35,1450,527,118,139,1,-1,-1,-1
280,38,1276,495,104,124,1,-1,-1,-1
280,40,1559,648,124,136,1,-1,-1,-1
280,49,1839,746,100,124,1,-1,-1,-1
280,50,1333,644,122,137,1,-1,-1,-1
281,32,1332,612,99,99,1,-1,-1,-1
281,33,972,688,140,148,1,-1,-1,-1
281,35,1444,540,112,120,1,-1,-1,-1
281,38,1272,496,96,128,1,-1,-1,-1
281,40,1560,648,140,160,1,-1,-1,-1
281,49,1836,744,136,140,1,-1,-1,-1
281,50,1333,644,122,137,1,-1,-1,-1
282,32,1321,614,99,99,1,-1,-1,-1
282,33,960,689,140,148,1,-1,-1,-1
282,35,1439,543,112,120,1,-1,-1,-1
282,38,1268,497,96,128,1,-1,-1,-1
282,40,1559,650,140,160,1,-1,-1,-1
282,49,1834,745,136,140,1,-1,-1,-1
282,50,1325,645,122,137,1,-1,-1,-1
283,32,1319,614,99,99,1,-1,-1,-1
283,33,951,687,140,148,1,-1,-1,-1
283,35,1437,543,112,120,1,-1,-1,-1
283,38,1267,498,96,128,1,-1,-1,-1
283,40,1559,649,140,160,1,-1,-1,-1
283,49,1834,745,136,140,1,-1,-1,-1
283,50,1324,645,122,137,1,-1,-1,-1
284,32,1312,616,99,99,1,-1,-1,-1
284,33,939,690,140,148,1,-1,-1,-1
284,35,1432,540,112,120,1,-1,-1,-1
284,38,1265,497,96,128,1,-1,-1,-1
284,40,1554,644,147,168,1,-1,-1,-1
284,49,1836,743,136,140,1,-1,-1,-1
284,50,1321,645,128,144,1,-1,-1,-1
285,33,931,692,140,148,1,-1,-1,-1
285,35,1433,537,112,120,1,-1,-1,-1
285,38,1266,493,96,128,1,-1,-1,-1
285,40,1560,645,147,168,1,-1,-1,-1
285,49,1840,742,136,140,1,-1,-1,-1
285,50,1325,645,128,144,1,-1,-1,-1
286,33,928,694,140,148,1,-1,-1,-1
286,35,1434,535,112,120,1,-1,-1,-1
286,38,1267,491,96,128,1,-1,-1,-1
286,40,1558,638,154,176,1,-1,-1,-1
286,49,1843,741,136,140,1,-1,-1,-1
286,50,1333,648,122,137,1,-1,-1,-1
287,33,922,694,147,155,1,-1,-1,-1
287,35,1438,531,112,120,1,-1,-1,-1
287,38,1271,487,96,128,1,-1,-1,-1
287,40,1564,637,147,168,1,-1,-1,-1
287,49,1852,741,136,140,1,-1,-1,-1
287,50,1341,651,122,137,1,-1,-1,-1
288,33,914,697,147,155,1,-1,-1,-1
288,35,1440,522,112,120,1,-1,-1,-1
288,38,1275,478,101,134,1,-1,-1,-1
288,40,1568,631,147,168,1,-1,-1,-1
288,49,1860,738,136,140,1,-1,-1,-1
288,50,1343,642,122,137,1,-1,-1,-1
289,33,914,697,147,155,1,-1,-1,-1
289,35,1436,508,136,156,1,-1,-1,-1
289,38,1275,478,101,134,1,-1,-1,-1
289,40,1568,631,147,168,1,-1,-1,-1
289,49,1864,724,112,136,1,-1,-1,-1
289,50,1343,642,122,137,1,-1,-1,-1
290,33,909,706,147,155,1,-1,-1,-1
290,35,1439,505,136,156,1,-1,-1,-1
290,38,1281,471,101,134,1,-1,-1,-1
290,40,1574,626,147,168,1,-1,-1,-1
290,49,1869,725,112,136,1,-1,-1,-1
290,50,1355,635,122,137,1,-1,-1,-1
291,33,906,710,140,148,1,-1,-1,-1
291,35,1443,502,136,156,1,-1,-1,-1
291,38,1284,469,101,134,1,-1,-1,-1
291,40,1576,624,147,168,1,-1,-1,-1
291,49,1875,726,112,136,1,-1,-1,-1
291,50,1356,632,122,137,1,-1,-1,-1
292,33,907,712,140,148,1,-1,-1,-1
292,35,1446,499,136,156,1,-1,-1,-1
292,38,1289,468,101,134,1,-1,-1,-1
292,40,1581,627,140,160,1,-1,-1,-1
292,49,1877,725,112,136,1,-1,-1,-1
293,33,914,715,133,141,1,-1,-1,-1
293,35,1450,498,136,156,1,-1,-1,-1
293,38,1292,464,106,141,1,-1,-1,-1
293,40,1587,626,140,160,1,-1,-1,-1
293,49,1882,724,112,136,1,-1,-1,-1
294,33,915,715,133,141,1,-1,-1,-1
294,35,1450,496,143,164,1,-1,-1,-1
294,38,1294,465,106,141,1,-1,-1,-1
294,40,1590,627,140,160,1,-1,-1,-1
294,49,1888,726,112,136,1,-1,-1,-1
295,33,916,714,127,134,1,-1,-1,-1
295,35,1452,498,143,164,1,-1,-1,-1
295,38,1297,465,106,141,1,-1,-1,-1
295,40,1592,629,140,160,1,-1,-1,-1
295,49,1888,724,118,143,1,-1,-1,-1
296,33,897,706,133,141,1,-1,-1,-1
296,35,1454,499,143,164,1,-1,-1,-1
296,38,1298,465,106,141,1,-1,-1,-1
296,40,1599,631,140,160,1,-1,-1,-1
296,49,1894,726,112,136,1,-1,-1,-1
297,33,897,706,133,141,1,-1,-1,-1
297,35,1464,496,136,168,1,-1,-1,-1
297,38,1284,472,156,156,1,-1,-1,-1
297,40,1588,620,176,188,1,-1,-1,-1
297,49,1896,728,152,164,1,-1,-1,-1
297,51,1396,644,128,152,1,-1,-1,-1
298,35,1467,496,136,168,1,-1,-1,-1
298,38,1285,472,156,156,1,-1,-1,-1
298,40,1593,621,176,188,1,-1,-1,-1
298,49,1905,731,145,156,1,-1,-1,-1
298,51,1400,646,128,152,1,-1,-1,-1
299,35,1471,494,136,168,1,-1,-1,-1
299,38,1288,469,156,156,1,-1,-1,-1
299,40,1599,620,176,188,1,-1,-1,-1
299,49,1909,729,145,156,1,-1,-1,-1
299,51,1407,646,128,152,1,-1,-1,-1
300,35,1473,491,136,168,1,-1,-1,-1
300,38,1289,466,156,156,1,-1,-1,-1
300,40,1607,624,168,179,1,-1,-1,-1
300,49,1914,725,145,156,1,-1,-1,-1
300,51,1413,639,128,152,1,-1,-1,-1
301,35,1475,489,136,168,1,-1,-1,-1
301,38,1285,461,164,164,1,-1,-1,-1
301,40,1608,621,168,179,1,-1,-1,-1
301,49,1917,723,145,156,1,-1,-1,-1
301,51,1414,638,128,152,1,-1,-1,-1
302,35,1479,482,136,168,1,-1,-1,-1
302,38,1284,456,164,164,1,-1,-1,-1
302,40,1611,617,168,179,1,-1,-1,-1
302,49,1923,723,145,156,1,-1,-1,-1
302,51,1417,635,128,152,1,-1,-1,-1
303,35,1481,474,136,168,1,-1,-1,-1
303,38,1285,449,164,164,1,-1,-1,-1
303,40,1614,611,168,179,1,-1,-1,-1
303,49,1927,720,145,156,1,-1,-1,-1
303,51,1419,630,128,152,1,-1,-1,-1
304,35,1481,473,136,168,1,-1,-1,-1
304,38,1282,447,164,164,1,-1,-1,-1
304,40,1615,611,168,179,1,-1,-1,-1
304,49,1930,723,145,156,1,-1,-1,-1
304,51,1420,630,128,152,1,-1,-1,-1
305,35,1481,473,136,168,1,-1,-1,-1
305,38,1282,447,164,164,1,-1,-1,-1
305,40,1615,611,168,179,1,-1,-1,-1
305,49,1930,723,145,156,1,-1,-1,-1
305,51,1420,630,128,152,1,-1,-1,-1
306,35,1480,469,143,176,1,-1,-1,-1
306,38,1277,440,172,172,1,-1,-1,-1
306,40,1621,613,168,179,1,-1,-1,-1
306,49,1930,719,145,156,1,-1,-1,-1
306,51,1421,631,128,152,1,-1,-1,-1
307,35,1478,470,143,176,1,-1,-1,-1
307,38,1274,440,172,172,1,-1,-1,-1
307,40,1620,615,168,179,1,-1,-1,-1
307,49,1928,718,152,164,1,-1,-1,-1
307,51,1416,630,134,160,1,-1,-1,-1
308,35,1470,470,150,185,1,-1,-1,-1
308,38,1264,443,172,172,1,-1,-1,-1
308,40,1616,619,168,179,1,-1,-1,-1
308,49,1928,722,152,164,1,-1,-1,-1
308,51,1413,633,134,160,1,-1,-1,-1
309,35,1461,473,150,185,1,-1,-1,-1
309,38,1255,447,172,172,1,-1,-1,-1
309,40,1610,618,176,188,1,-1,-1,-1
309,49,1918,721,152,164,1,-1,-1,-1
309,51,1413,638,134,160,1,-1,-1,-1
310,35,1455,475,150,185,1,-1,-1,-1
310,38,1248,449,172,172,1,-1,-1,-1
310,40,1600,617,185,197,1,-1,-1,-1
310,49,1913,721,152,164,1,-1,-1,-1
310,51,1410,641,134,160,1,-1,-1,-1
311,35,1448,480,150,185,1,-1,-1,-1
311,38,1234,452,172,172,1,-1,-1,-1
311,40,1591,621,185,197,1,-1,-1,-1
311,49,1897,722,152,164,1,-1,-1,-1
311,51,1402,646,134,160,1,-1,-1,-1
312,35,1436,482,150,185,1,-1,-1,-1
312,38,1224,456,172,172,1,-1,-1,-1
312,40,1578,619,194,207,1,-1,-1,-1
312,49,1886,722,152,164,1,-1,-1,-1
312,51,1398,650,134,160,1,-1,-1,-1
313,35,1436,482,150,185,1,-1,-1,-1
313,38,1212,444,168,192,1,-1,-1,-1
313,40,1568,604,196,220,1,-1,-1,-1
313,49,1876,724,148,164,1,-1,-1,-1
313,51,1398,650,134,160,1,-1,-1,-1
313,52,800,660,140,212,1,-1,-1,-1
314,35,1418,483,150,185,1,-1,-1,-1
314,38,1206,448,168,192,1,-1,-1,-1
314,40,1562,607,196,220,1,-1,-1,-1
314,49,1864,722,148,164,1,-1,-1,-1
314,51,1390,650,134,160,1,-1,-1,-1
314,52,798,665,140,212,1,-1,-1,-1
315,35,1408,485,150,185,1,-1,-1,-1
315,38,1194,449,168,192,1,-1,-1,-1
315,40,1555,607,196,220,1,-1,-1,-1
315,49,1851,720,148,164,1,-1,-1,-1
315,51,1385,648,134,160,1,-1,-1,-1
315,52,800,674,133,202,1,-1,-1,-1
316,35,1403,487,150,185,1,-1,-1,-1
316,38,1189,449,168,192,1,-1,-1,-1
316,40,1546,607,187,210,1,-1,-1,-1
316,49,1844,723,141,156,1,-1,-1,-1
316,51,1376,643,141,168,1,-1,-1,-1
316,52,797,676,133,202,1,-1,-1,-1
317,35,1388,484,150,185,1,-1,-1,-1
317,38,1173,446,168,192,1,-1,-1,-1
317,40,1529,601,187,210,1,-1,-1,-1
317,49,1823,722,141,156,1,-1,-1,-1
317,51,1362,640,141,168,1,-1,-1,-1
317,52,790,674,133,202,1,-1,-1,-1
318,35,1374,483,150,185,1,-1,-1,-1
318,38,1161,443,168,192,1,-1,-1,-1
318,40,1515,596,187,210,1,-1,-1,-1
318,49,1814,732,134,149,1,-1,-1,-1
318,51,1350,633,141,168,1,-1,-1,-1
318,52,786,668,133,202,1,-1,-1,-1
319,35,1366,482,150,185,1,-1,-1,-1
319,38,1156,443,168,192,1,-1,-1,-1
319,40,1513,600,178,200,1,-1,-1,-1
319,49,1809,732,134,149,1,-1,-1,-1
319,51,1345,631,141,168,1,-1,-1,-1
319,52,783,666,133,202,1,-1,-1,-1
320,35,1351,487,150,185,1,-1,-1,-1
320,38,1145,446,168,192,1,-1,-1,-1
320,40,1500,606,178,200,1,-1,-1,-1
320,49,1799,743,134,149,1,-1,-1,-1
320,51,1333,634,141,168,1,-1,-1,-1
320,52,781,662,133,202,1,-1,-1,-1
321,35,1351,487,150,185,1,-1,-1,-1
321,38,1145,446,168,192,1,-1,-1,-1
321,40,1496,620,156,216,1,-1,-1,-1
321,49,1780,712,144,204,1,-1,-1,-1
321,51,1333,634,141,168,1,-1,-1,-1
321,52,788,664,128,224,1,-1,-1,-1
322,35,1333,499,150,185,1,-1,-1,-1
322,38,1126,455,168,192,1,-1,-1,-1
322,40,1492,622,156,216,1,-1,-1,-1
322,49,1776,712,144,204,1,-1,-1,-1
322,51,1323,642,141,168,1,-1,-1,-1
322,52,788,664,128,224,1,-1,-1,-1
323,35,1318,501,150,185,1,-1,-1,-1
323,38,1111,460,168,192,1,-1,-1,-1
323,40,1481,626,156,216,1,-1,-1,-1
323,49,1760,709,144,204,1,-1,-1,-1
323,51,1310,644,141,168,1,-1,-1,-1
323,52,784,658,134,235,1,-1,-1,-1
324,35,1301,508,150,185,1,-1,-1,-1
324,38,1096,467,168,192,1,-1,-1,-1
324,40,1466,627,156,216,1,-1,-1,-1
324,49,1747,713,137,194,1,-1,-1,-1
324,51,1302,649,141,168,1,-1,-1,-1
324,52,782,659,134,235,1,-1,-1,-1
325,35,1296,508,150,185,1,-1,-1,-1
325,38,1089,468,168,192,1,-1,-1,-1
325,40,1459,628,156,216,1,-1,-1,-1
325,49,1746,719,131,185,1,-1,-1,-1
325,51,1299,650,141,168,1,-1,-1,-1
325,52,781,659,134,235,1,-1,-1,-1
326,35,1282,511,150,185,1,-1,-1,-1
326,38,1073,467,168,192,1,-1,-1,-1
326,40,1446,625,156,216,1,-1,-1,-1
326,49,1727,716,131,185,1,-1,-1,-1
326,51,1289,645,141,168,1,-1,-1,-1
326,52,773,650,141,247,1,-1,-1,-1
327,35,1265,512,150,185,1,-1,-1,-1
327,38,1064,474,160,183,1,-1,-1,-1
327,40,1438,631,156,216,1,-1,-1,-1
327,49,1708,714,131,185,1,-1,-1,-1
327,51,1277,643,141,168,1,-1,-1,-1
327,52,768,650,141,247,1,-1,-1,-1
328,35,1258,513,150,185,1,-1,-1,-1
328,38,1063,476,160,183,1,-1,-1,-1
328,40,1430,629,156,216,1,-1,-1,-1
328,49,1699,715,131,185,1,-1,-1,-1
328,51,1272,644,141,168,1,-1,-1,-1
328,52,765,650,141,247,1,-1,-1,-1
329,35,1258,513,150,185,1,-1,-1,-1
329,38,1063,476,160,183,1,-1,-1,-1
329,40,1430,629,156,216,1,-1,-1,-1
329,49,1699,715,131,185,1,-1,-1,-1
329,51,1272,644,141,168,1,-1,-1,-1
329,52,765,650,141,247,1,-1,-1,-1
