1,0,396,135,600,153,1,-1,-1,-1
1,1,1263,438,327,270,1,-1,-1,-1
1,2,879,459,204,135,1,-1,-1,-1
1,3,174,921,459,126,1,-1,-1,-1
1,4,1749,324,168,72,1,-1,-1,-1
1,5,1098,3,768,282,1,-1,-1,-1
2,0,387,135,600,153,1,-1,-1,-1
2,1,1245,449,327,270,1,-1,-1,-1
2,2,873,463,204,135,1,-1,-1,-1
2,3,175,919,459,126,1,-1,-1,-1
2,4,1719,327,168,72,1,-1,-1,-1
2,5,1082,1,768,282,1,-1,-1,-1
3,0,361,140,571,146,1,-1,-1,-1
3,1,1227,460,327,270,1,-1,-1,-1
3,2,865,469,204,135,1,-1,-1,-1
3,3,172,916,459,126,1,-1,-1,-1
3,4,1693,329,168,72,1,-1,-1,-1
3,5,1061,2,768,282,1,-1,-1,-1
4,0,331,138,600,153,1,-1,-1,-1
4,1,1211,472,327,270,1,-1,-1,-1
4,2,856,476,204,135,1,-1,-1,-1
4,3,170,912,459,126,1,-1,-1,-1
4,4,1671,335,160,69,1,-1,-1,-1
4,5,1042,4,768,282,1,-1,-1,-1
5,0,289,135,630,161,1,-1,-1,-1
5,1,1191,484,327,270,1,-1,-1,-1
5,2,850,479,204,135,1,-1,-1,-1
5,3,170,907,459,126,1,-1,-1,-1
5,4,1642,339,160,69,1,-1,-1,-1
5,5,1028,5,768,282,1,-1,-1,-1
6,0,261,135,630,161,1,-1,-1,-1
6,1,1179,494,327,270,1,-1,-1,-1
6,2,843,483,204,135,1,-1,-1,-1
6,3,174,905,459,126,1,-1,-1,-1
6,4,1620,342,160,69,1,-1,-1,-1
6,5,1020,1,768,282,1,-1,-1,-1
7,0,234,134,662,169,1,-1,-1,-1
7,1,1159,507,327,270,1,-1,-1,-1
7,2,837,487,204,135,1,-1,-1,-1
7,3,174,901,459,126,1,-1,-1,-1
7,4,1603,347,152,65,1,-1,-1,-1
7,5,1023,3,731,269,1,-1,-1,-1
8,0,203,136,630,161,1,-1,-1,-1
8,1,1145,515,327,270,1,-1,-1,-1
8,2,830,491,204,135,1,-1,-1,-1
8,3,173,898,459,126,1,-1,-1,-1
8,4,1576,351,152,65,1,-1,-1,-1
8,5,1008,3,731,269,1,-1,-1,-1
9,0,177,138,633,156,1,-1,-1,-1
9,1,1095,531,360,270,1,-1,-1,-1
9,2,825,495,189,135,1,-1,-1,-1
9,3,114,891,534,132,1,-1,-1,-1
9,4,1576,351,152,65,1,-1,-1,-1
9,5,1008,3,731,269,1,-1,-1,-1
9,6,951,162,573,171,1,-1,-1,-1
9,7,1572,177,348,264,1,-1,-1,-1
9,8,1515,66,405,216,1,-1,-1,-1
10,0,164,139,633,156,1,-1,-1,-1
10,1,1084,538,360,270,1,-1,-1,-1
10,2,820,498,189,135,1,-1,-1,-1
10,3,117,890,534,132,1,-1,-1,-1
10,4,1533,359,152,65,1,-1,-1,-1
10,5,982,3,731,269,1,-1,-1,-1
10,6,930,163,573,171,1,-1,-1,-1
10,7,1553,176,348,264,1,-1,-1,-1
10,8,1497,64,405,216,1,-1,-1,-1
11,0,137,141,633,156,1,-1,-1,-1
11,1,1066,549,360,270,1,-1,-1,-1
11,2,814,501,189,135,1,-1,-1,-1
11,3,133,891,509,126,1,-1,-1,-1
11,4,1519,364,145,62,1,-1,-1,-1
11,6,909,167,573,171,1,-1,-1,-1
11,7,1532,175,348,264,1,-1,-1,-1
11,8,1474,57,405,216,1,-1,-1,-1
12,0,100,139,665,164,1,-1,-1,-1
12,1,1048,561,360,270,1,-1,-1,-1
12,2,804,500,198,142,1,-1,-1,-1
12,3,134,886,509,126,1,-1,-1,-1
12,4,1497,369,145,62,1,-1,-1,-1
12,6,890,172,573,171,1,-1,-1,-1
12,7,1510,175,348,264,1,-1,-1,-1
12,8,1448,50,405,216,1,-1,-1,-1
13,0,73,141,665,164,1,-1,-1,-1
13,1,1032,573,360,270,1,-1,-1,-1
13,2,796,504,198,142,1,-1,-1,-1
13,3,122,878,534,132,1,-1,-1,-1
13,4,1476,373,145,62,1,-1,-1,-1
13,6,826,163,602,180,1,-1,-1,-1
13,7,1487,175,348,264,1,-1,-1,-1
13,8,1424,42,405,216,1,-1,-1,-1
14,0,48,143,665,164,1,-1,-1,-1
14,1,1016,583,360,270,1,-1,-1,-1
14,2,790,507,198,142,1,-1,-1,-1
14,3,123,874,534,132,1,-1,-1,-1
14,4,1459,379,145,62,1,-1,-1,-1
14,6,815,163,602,180,1,-1,-1,-1
14,7,1461,167,348,264,1,-1,-1,-1
14,8,1398,35,405,216,1,-1,-1,-1
15,0,30,145,665,164,1,-1,-1,-1
15,1,998,593,360,270,1,-1,-1,-1
15,2,780,511,198,142,1,-1,-1,-1
15,3,129,868,534,132,1,-1,-1,-1
15,4,1435,381,145,62,1,-1,-1,-1
15,6,794,166,602,180,1,-1,-1,-1
15,7,1446,174,348,264,1,-1,-1,-1
15,8,1385,34,386,206,1,-1,-1,-1
16,0,5,145,665,164,1,-1,-1,-1
16,1,981,604,360,270,1,-1,-1,-1
16,2,775,515,198,142,1,-1,-1,-1
16,3,115,861,561,139,1,-1,-1,-1
16,4,1422,385,138,59,1,-1,-1,-1
16,6,781,176,573,171,1,-1,-1,-1
16,7,1426,164,348,264,1,-1,-1,-1
16,8,1359,26,386,206,1,-1,-1,-1
17,0,0,150,627,159,1,-1,-1,-1
17,1,924,609,417,291,1,-1,-1,-1
17,2,792,522,168,135,1,-1,-1,-1
17,3,115,861,561,139,1,-1,-1,-1
17,4,1422,385,138,59,1,-1,-1,-1
17,6,828,141,462,228,1,-1,-1,-1
17,7,1426,164,348,264,1,-1,-1,-1
17,8,1359,26,386,206,1,-1,-1,-1
17,9,1338,15,558,300,1,-1,-1,-1
18,0,0,149,611,159,1,-1,-1,-1
18,1,911,614,417,291,1,-1,-1,-1
18,2,788,523,168,135,1,-1,-1,-1
18,3,111,860,561,139,1,-1,-1,-1
18,4,1382,389,138,59,1,-1,-1,-1
18,6,813,142,462,228,1,-1,-1,-1
18,7,1389,183,348,264,1,-1,-1,-1
18,8,1322,12,386,206,1,-1,-1,-1
18,9,1325,16,558,300,1,-1,-1,-1
19,0,0,155,604,159,1,-1,-1,-1
19,1,891,621,417,291,1,-1,-1,-1
19,2,778,521,176,142,1,-1,-1,-1
19,4,1365,390,138,59,1,-1,-1,-1
19,6,794,138,462,228,1,-1,-1,-1
19,7,1364,194,348,264,1,-1,-1,-1
19,8,1291,5,386,206,1,-1,-1,-1
19,9,1308,13,558,300,1,-1,-1,-1
20,0,0,157,555,159,1,-1,-1,-1
20,1,875,629,417,291,1,-1,-1,-1
20,2,766,519,185,149,1,-1,-1,-1
20,4,1343,389,145,62,1,-1,-1,-1
20,6,769,129,462,228,1,-1,-1,-1
20,7,1341,199,348,264,1,-1,-1,-1
20,8,1268,0,386,205,1,-1,-1,-1
20,9,1284,9,558,300,1,-1,-1,-1
21,0,0,155,565,167,1,-1,-1,-1
21,1,856,639,417,291,1,-1,-1,-1
21,2,765,527,176,142,1,-1,-1,-1
21,4,1325,389,145,62,1,-1,-1,-1
21,6,740,126,462,228,1,-1,-1,-1
21,7,1325,199,348,264,1,-1,-1,-1
21,8,1246,0,386,199,1,-1,-1,-1
21,9,1259,7,558,300,1,-1,-1,-1
22,0,0,154,525,175,1,-1,-1,-1
22,1,836,648,417,291,1,-1,-1,-1
22,2,758,530,176,142,1,-1,-1,-1
22,4,1314,389,138,59,1,-1,-1,-1
22,6,727,126,462,228,1,-1,-1,-1
22,7,1304,197,348,264,1,-1,-1,-1
22,8,1237,0,367,192,1,-1,-1,-1
22,9,1242,4,558,300,1,-1,-1,-1
23,0,0,157,496,175,1,-1,-1,-1
23,1,808,648,438,306,1,-1,-1,-1
23,2,752,533,176,142,1,-1,-1,-1
23,4,1295,388,138,59,1,-1,-1,-1
23,6,718,128,440,217,1,-1,-1,-1
23,7,1300,190,348,264,1,-1,-1,-1
23,8,1220,0,350,180,1,-1,-1,-1
23,9,1227,6,558,300,1,-1,-1,-1
24,0,0,157,480,175,1,-1,-1,-1
24,1,787,655,438,306,1,-1,-1,-1
24,2,747,535,176,142,1,-1,-1,-1
24,4,1277,387,138,59,1,-1,-1,-1
24,6,696,124,440,217,1,-1,-1,-1
24,7,1291,205,331,251,1,-1,-1,-1
24,8,1204,0,350,182,1,-1,-1,-1
24,9,1213,4,558,300,1,-1,-1,-1
25,0,0,177,447,171,1,-1,-1,-1
25,1,780,657,447,336,1,-1,-1,-1
25,2,726,540,192,147,1,-1,-1,-1
25,4,1277,387,138,59,1,-1,-1,-1
25,6,669,99,423,204,1,-1,-1,-1
25,7,1291,205,331,251,1,-1,-1,-1
25,8,1204,0,350,182,1,-1,-1,-1
25,9,1158,3,540,222,1,-1,-1,-1
25,10,1293,369,372,126,1,-1,-1,-1
25,11,345,756,339,186,1,-1,-1,-1
26,0,0,178,430,171,1,-1,-1,-1
26,1,773,656,447,336,1,-1,-1,-1
26,2,720,541,192,147,1,-1,-1,-1
26,4,1239,383,138,59,1,-1,-1,-1
26,6,656,97,423,204,1,-1,-1,-1
26,7,1278,181,331,251,1,-1,-1,-1
26,8,1162,0,367,182,1,-1,-1,-1
26,9,1164,11,514,211,1,-1,-1,-1
26,10,1283,369,372,126,1,-1,-1,-1
26,11,351,753,339,186,1,-1,-1,-1
27,0,0,183,391,163,1,-1,-1,-1
27,1,765,656,447,336,1,-1,-1,-1
27,2,716,543,192,147,1,-1,-1,-1
27,4,1219,378,138,59,1,-1,-1,-1
27,6,633,90,423,204,1,-1,-1,-1
27,7,1263,175,331,251,1,-1,-1,-1
27,8,1140,0,367,178,1,-1,-1,-1
27,9,1142,9,514,211,1,-1,-1,-1
27,10,1262,371,354,120,1,-1,-1,-1
27,11,369,751,339,186,1,-1,-1,-1
28,0,0,185,394,163,1,-1,-1,-1
28,1,758,656,447,336,1,-1,-1,-1
28,2,709,543,192,147,1,-1,-1,-1
28,4,1203,374,138,59,1,-1,-1,-1
28,6,625,89,423,204,1,-1,-1,-1
28,8,1122,0,367,186,1,-1,-1,-1
28,9,1128,8,514,211,1,-1,-1,-1
28,10,1242,367,372,126,1,-1,-1,-1
28,11,379,747,339,186,1,-1,-1,-1
29,0,0,188,354,163,1,-1,-1,-1
29,1,761,656,447,336,1,-1,-1,-1
29,2,708,549,183,140,1,-1,-1,-1
29,6,595,82,423,204,1,-1,-1,-1
29,8,1079,0,350,172,1,-1,-1,-1
29,9,1113,8,514,211,1,-1,-1,-1
29,10,1217,363,372,126,1,-1,-1,-1
29,11,381,740,356,195,1,-1,-1,-1
30,0,0,193,321,163,1,-1,-1,-1
30,1,770,670,426,320,1,-1,-1,-1
30,2,704,552,174,133,1,-1,-1,-1
30,6,566,67,423,204,1,-1,-1,-1
30,9,1102,5,514,211,1,-1,-1,-1
30,10,1213,362,372,126,1,-1,-1,-1
30,11,397,737,356,195,1,-1,-1,-1
31,0,0,200,294,163,1,-1,-1,-1
31,1,763,674,426,320,1,-1,-1,-1
31,2,698,559,174,133,1,-1,-1,-1
31,6,541,62,423,204,1,-1,-1,-1
31,9,1083,2,514,211,1,-1,-1,-1
31,10,1192,361,354,120,1,-1,-1,-1
31,11,408,737,356,195,1,-1,-1,-1
32,0,0,206,290,163,1,-1,-1,-1
32,1,778,686,405,305,1,-1,-1,-1
32,2,692,562,174,133,1,-1,-1,-1
32,6,517,57,423,204,1,-1,-1,-1
32,9,1047,0,514,199,1,-1,-1,-1
32,10,1165,356,354,120,1,-1,-1,-1
32,11,411,734,374,205,1,-1,-1,-1
33,0,0,210,240,141,1,-1,-1,-1
33,1,768,594,330,360,1,-1,-1,-1
33,2,692,562,174,133,1,-1,-1,-1
33,6,471,66,444,156,1,-1,-1,-1
33,9,993,9,537,135,1,-1,-1,-1
33,10,1146,348,342,141,1,-1,-1,-1
33,11,411,734,374,205,1,-1,-1,-1
33,12,330,705,480,366,1,-1,-1,-1
33,13,1755,567,165,159,1,-1,-1,-1
34,0,0,214,221,141,1,-1,-1,-1
34,1,766,587,330,360,1,-1,-1,-1
34,2,678,559,174,133,1,-1,-1,-1
34,6,442,63,444,156,1,-1,-1,-1
34,9,976,9,537,135,1,-1,-1,-1
34,10,1137,348,342,141,1,-1,-1,-1
34,11,433,729,392,215,1,-1,-1,-1
34,12,336,705,480,366,1,-1,-1,-1
34,13,1734,563,165,159,1,-1,-1,-1
35,0,0,218,201,141,1,-1,-1,-1
35,1,763,570,330,360,1,-1,-1,-1
35,2,673,560,174,133,1,-1,-1,-1
35,6,434,63,444,156,1,-1,-1,-1
35,9,969,7,537,135,1,-1,-1,-1
35,10,1109,343,342,141,1,-1,-1,-1
35,11,436,734,392,215,1,-1,-1,-1
35,12,333,697,504,383,1,-1,-1,-1
35,13,1704,558,165,159,1,-1,-1,-1
36,0,0,234,158,141,1,-1,-1,-1
36,1,758,561,330,360,1,-1,-1,-1
36,2,663,561,174,133,1,-1,-1,-1
36,6,412,67,423,149,1,-1,-1,-1
36,9,928,9,537,135,1,-1,-1,-1
36,10,1091,337,342,141,1,-1,-1,-1
36,11,445,731,392,215,1,-1,-1,-1
36,12,340,696,504,384,1,-1,-1,-1
36,13,1679,552,165,159,1,-1,-1,-1
37,0,0,238,130,141,1,-1,-1,-1
37,1,755,554,346,378,1,-1,-1,-1
37,6,386,61,423,149,1,-1,-1,-1
37,9,917,11,537,135,1,-1,-1,-1
37,10,1072,332,342,141,1,-1,-1,-1
37,11,461,740,374,205,1,-1,-1,-1
37,12,347,696,504,384,1,-1,-1,-1
37,13,1657,552,157,151,1,-1,-1,-1
38,0,0,243,111,141,1,-1,-1,-1
38,1,758,552,346,378,1,-1,-1,-1
38,6,366,56,423,149,1,-1,-1,-1
38,9,895,7,564,142,1,-1,-1,-1
38,10,1061,330,342,141,1,-1,-1,-1
38,12,350,695,504,384,1,-1,-1,-1
38,13,1635,543,157,151,1,-1,-1,-1
39,0,0,252,99,134,1,-1,-1,-1
39,1,772,565,346,378,1,-1,-1,-1
39,6,339,52,423,149,1,-1,-1,-1
39,9,846,10,564,142,1,-1,-1,-1
39,10,1043,325,326,134,1,-1,-1,-1
39,12,353,692,504,384,1,-1,-1,-1
39,13,1612,532,157,151,1,-1,-1,-1
40,0,0,251,119,134,1,-1,-1,-1
40,10,1039,323,326,134,1,-1,-1,-1
40,12,366,690,504,384,1,-1,-1,-1
40,13,1589,527,157,151,1,-1,-1,-1
41,0,0,251,119,134,1,-1,-1,-1
41,10,1014,300,309,144,1,-1,-1,-1
41,12,351,705,516,351,1,-1,-1,-1
41,13,1589,527,157,151,1,-1,-1,-1
41,14,831,3,498,165,1,-1,-1,-1
41,15,1572,564,345,138,1,-1,-1,-1
41,16,747,372,219,537,1,-1,-1,-1
41,17,1572,93,348,138,1,-1,-1,-1
41,18,1497,0,345,84,1,-1,-1,-1
42,10,999,298,309,144,1,-1,-1,-1
42,12,356,702,516,351,1,-1,-1,-1
42,13,1550,508,157,151,1,-1,-1,-1
42,14,816,3,498,165,1,-1,-1,-1
42,15,1547,559,362,145,1,-1,-1,-1
42,16,746,358,219,537,1,-1,-1,-1
42,17,1537,91,348,138,1,-1,-1,-1
42,18,1477,0,345,84,1,-1,-1,-1
43,10,986,295,309,144,1,-1,-1,-1
43,12,367,700,516,351,1,-1,-1,-1
43,13,1531,495,157,151,1,-1,-1,-1
43,14,795,3,498,165,1,-1,-1,-1
43,15,1535,553,362,145,1,-1,-1,-1
43,16,744,327,219,537,1,-1,-1,-1
43,17,1505,86,348,138,1,-1,-1,-1
43,18,1465,0,345,81,1,-1,-1,-1
44,10,968,288,309,144,1,-1,-1,-1
44,12,384,698,516,351,1,-1,-1,-1
44,13,1499,479,165,159,1,-1,-1,-1
44,14,782,3,498,165,1,-1,-1,-1
44,15,1504,540,362,145,1,-1,-1,-1
44,16,736,302,230,564,1,-1,-1,-1
44,17,1478,84,331,131,1,-1,-1,-1
44,18,1438,0,345,79,1,-1,-1,-1
45,10,950,280,309,144,1,-1,-1,-1
45,12,399,700,516,351,1,-1,-1,-1
45,14,757,8,498,165,1,-1,-1,-1
45,15,1480,534,362,145,1,-1,-1,-1
45,16,730,271,241,592,1,-1,-1,-1
45,17,1455,84,316,125,1,-1,-1,-1
45,18,1404,0,362,81,1,-1,-1,-1
46,10,936,279,309,144,1,-1,-1,-1
46,12,404,692,542,369,1,-1,-1,-1
46,14,751,12,498,165,1,-1,-1,-1
46,15,1468,532,362,145,1,-1,-1,-1
46,16,741,240,230,564,1,-1,-1,-1
46,17,1420,81,316,125,1,-1,-1,-1
46,18,1396,0,362,77,1,-1,-1,-1
47,10,918,273,309,144,1,-1,-1,-1
47,12,414,700,542,369,1,-1,-1,-1
47,14,723,13,523,173,1,-1,-1,-1
47,15,1443,521,362,145,1,-1,-1,-1
47,16,743,230,230,564,1,-1,-1,-1
47,17,1389,78,316,125,1,-1,-1,-1
48,10,907,271,309,144,1,-1,-1,-1
48,12,441,717,516,351,1,-1,-1,-1
48,14,709,29,498,165,1,-1,-1,-1
48,15,1425,517,345,138,1,-1,-1,-1
48,17,1361,74,316,125,1,-1,-1,-1
49,10,907,271,309,144,1,-1,-1,-1
49,12,489,639,591,429,1,-1,-1,-1
49,14,709,29,498,165,1,-1,-1,-1
49,15,1404,534,375,159,1,-1,-1,-1
49,17,1361,74,316,125,1,-1,-1,-1
49,19,1332,60,588,282,1,-1,-1,-1
49,20,42,48,561,168,1,-1,-1,-1
50,10,874,266,309,144,1,-1,-1,-1
50,12,500,640,591,429,1,-1,-1,-1
50,14,663,37,474,157,1,-1,-1,-1
50,15,1397,533,375,159,1,-1,-1,-1
50,17,1301,71,316,125,1,-1,-1,-1
50,19,1311,59,588,282,1,-1,-1,-1
50,20,32,48,561,168,1,-1,-1,-1
51,10,873,267,294,137,1,-1,-1,-1
51,12,511,645,591,429,1,-1,-1,-1
51,15,1374,526,375,159,1,-1,-1,-1
51,17,1280,73,301,119,1,-1,-1,-1
51,19,1277,58,588,282,1,-1,-1,-1
51,20,21,54,561,168,1,-1,-1,-1
52,10,869,267,280,131,1,-1,-1,-1
52,12,526,648,591,429,1,-1,-1,-1
52,15,1352,520,375,159,1,-1,-1,-1
52,17,1252,71,301,119,1,-1,-1,-1
52,19,1253,57,588,282,1,-1,-1,-1
52,20,0,58,539,168,1,-1,-1,-1
53,10,853,263,280,131,1,-1,-1,-1
53,12,537,651,591,429,1,-1,-1,-1
53,15,1347,521,357,151,1,-1,-1,-1
53,17,1230,73,286,114,1,-1,-1,-1
53,19,1221,57,588,282,1,-1,-1,-1
53,20,0,63,540,168,1,-1,-1,-1
54,10,851,258,280,131,1,-1,-1,-1
54,12,551,652,591,428,1,-1,-1,-1
54,15,1335,517,357,151,1,-1,-1,-1
54,17,1201,72,286,114,1,-1,-1,-1
54,19,1186,56,588,282,1,-1,-1,-1
54,20,0,65,508,168,1,-1,-1,-1
55,10,853,251,280,131,1,-1,-1,-1
55,12,567,655,591,425,1,-1,-1,-1
55,15,1312,507,357,151,1,-1,-1,-1
55,17,1175,73,286,114,1,-1,-1,-1
55,19,1162,52,588,282,1,-1,-1,-1
55,20,0,74,500,160,1,-1,-1,-1
56,10,848,244,280,131,1,-1,-1,-1
56,12,581,658,591,422,1,-1,-1,-1
56,15,1299,505,357,151,1,-1,-1,-1
56,17,1148,73,286,114,1,-1,-1,-1
56,19,1134,46,617,296,1,-1,-1,-1
56,20,0,74,496,160,1,-1,-1,-1
57,10,848,244,280,131,1,-1,-1,-1
57,12,597,621,642,423,1,-1,-1,-1
57,15,1281,486,342,150,1,-1,-1,-1
57,17,1148,73,286,114,1,-1,-1,-1
57,19,1119,54,678,189,1,-1,-1,-1
57,20,0,74,496,160,1,-1,-1,-1
57,21,531,108,537,501,1,-1,-1,-1
58,10,864,239,280,131,1,-1,-1,-1
58,12,609,621,642,423,1,-1,-1,-1
58,15,1272,484,342,150,1,-1,-1,-1
58,17,1101,73,286,114,1,-1,-1,-1
58,19,1106,51,678,189,1,-1,-1,-1
58,21,533,102,537,501,1,-1,-1,-1
59,12,625,624,642,423,1,-1,-1,-1
59,15,1259,481,342,150,1,-1,-1,-1
59,17,1075,75,286,114,1,-1,-1,-1
59,19,1083,50,678,189,1,-1,-1,-1
59,21,535,92,537,501,1,-1,-1,-1
60,12,643,624,642,423,1,-1,-1,-1
60,15,1243,477,342,150,1,-1,-1,-1
60,17,1058,77,273,108,1,-1,-1,-1
60,19,1051,45,712,198,1,-1,-1,-1
60,21,541,81,537,501,1,-1,-1,-1
61,12,660,625,642,423,1,-1,-1,-1
61,15,1220,469,359,158,1,-1,-1,-1
61,17,1035,78,273,108,1,-1,-1,-1
61,19,1024,47,678,189,1,-1,-1,-1
61,21,542,70,537,501,1,-1,-1,-1
62,12,683,629,642,423,1,-1,-1,-1
62,15,1213,464,359,158,1,-1,-1,-1
62,17,1015,80,273,108,1,-1,-1,-1
62,19,1015,45,678,189,1,-1,-1,-1
62,21,537,72,537,501,1,-1,-1,-1
63,12,706,629,642,423,1,-1,-1,-1
63,15,1191,449,359,158,1,-1,-1,-1
63,17,992,80,273,108,1,-1,-1,-1
63,19,995,46,678,189,1,-1,-1,-1
63,21,531,90,537,501,1,-1,-1,-1
64,12,739,632,642,423,1,-1,-1,-1
64,15,1178,449,359,158,1,-1,-1,-1
64,17,970,80,273,108,1,-1,-1,-1
64,19,979,47,678,189,1,-1,-1,-1
64,21,549,88,537,501,1,-1,-1,-1
65,12,720,642,732,426,1,-1,-1,-1
65,15,1167,444,345,144,1,-1,-1,-1
65,17,970,80,273,108,1,-1,-1,-1
65,19,963,48,648,180,1,-1,-1,-1
65,21,549,88,537,501,1,-1,-1,-1
65,22,384,33,669,306,1,-1,-1,-1
65,23,1785,252,135,123,1,-1,-1,-1
66,12,734,639,732,426,1,-1,-1,-1
66,15,1162,441,345,144,1,-1,-1,-1
66,17,916,80,286,114,1,-1,-1,-1
66,19,954,48,648,180,1,-1,-1,-1
66,22,376,29,669,306,1,-1,-1,-1
66,23,1786,255,134,123,1,-1,-1,-1
67,12,751,638,732,426,1,-1,-1,-1
67,15,1153,440,345,144,1,-1,-1,-1
67,17,913,89,273,108,1,-1,-1,-1
67,19,935,47,648,180,1,-1,-1,-1
67,22,383,33,637,291,1,-1,-1,-1
67,23,1790,256,130,123,1,-1,-1,-1
68,12,788,651,697,406,1,-1,-1,-1
68,15,1142,438,345,144,1,-1,-1,-1
68,17,892,90,273,108,1,-1,-1,-1
68,19,907,47,648,180,1,-1,-1,-1
68,22,382,36,607,278,1,-1,-1,-1
68,23,1793,260,127,123,1,-1,-1,-1
69,12,804,649,697,406,1,-1,-1,-1
69,15,1124,432,362,151,1,-1,-1,-1
69,19,908,52,617,171,1,-1,-1,-1
69,22,361,34,637,291,1,-1,-1,-1
69,23,1793,258,127,129,1,-1,-1,-1
70,12,823,653,697,406,1,-1,-1,-1
70,15,1105,427,362,151,1,-1,-1,-1
70,19,899,52,617,171,1,-1,-1,-1
70,22,363,38,637,291,1,-1,-1,-1
70,23,1792,264,128,129,1,-1,-1,-1
71,12,839,644,732,426,1,-1,-1,-1
71,15,1100,423,362,151,1,-1,-1,-1
71,19,861,52,617,171,1,-1,-1,-1
71,23,1794,265,126,129,1,-1,-1,-1
72,12,841,634,769,446,1,-1,-1,-1
72,15,1098,418,362,151,1,-1,-1,-1
72,19,852,55,617,171,1,-1,-1,-1
72,23,1796,271,124,123,1,-1,-1,-1
73,12,879,678,753,396,1,-1,-1,-1
73,15,1101,417,321,129,1,-1,-1,-1
73,19,825,51,615,186,1,-1,-1,-1
73,23,1796,271,124,123,1,-1,-1,-1
73,24,6,21,906,345,1,-1,-1,-1
73,25,1584,21,336,186,1,-1,-1,-1
74,12,900,678,753,396,1,-1,-1,-1
74,15,1097,416,321,129,1,-1,-1,-1
74,19,819,50,615,186,1,-1,-1,-1
74,24,0,20,904,345,1,-1,-1,-1
74,25,1575,21,336,186,1,-1,-1,-1
75,12,925,681,753,396,1,-1,-1,-1
75,15,1086,415,321,129,1,-1,-1,-1
75,19,798,49,615,186,1,-1,-1,-1
75,24,11,27,863,329,1,-1,-1,-1
75,25,1571,19,336,186,1,-1,-1,-1
76,12,954,684,753,396,1,-1,-1,-1
76,15,1085,415,306,123,1,-1,-1,-1
76,19,783,50,615,186,1,-1,-1,-1
76,24,10,36,822,313,1,-1,-1,-1
76,25,1559,22,336,186,1,-1,-1,-1
77,12,977,690,753,390,1,-1,-1,-1
77,15,1071,413,306,123,1,-1,-1,-1
77,19,773,54,615,186,1,-1,-1,-1
77,24,0,36,815,313,1,-1,-1,-1
77,25,1545,23,336,186,1,-1,-1,-1
78,12,984,687,791,393,1,-1,-1,-1
78,15,1056,407,321,129,1,-1,-1,-1
78,19,756,56,615,186,1,-1,-1,-1
78,24,0,29,834,329,1,-1,-1,-1
78,25,1540,25,336,186,1,-1,-1,-1
79,12,1013,690,791,390,1,-1,-1,-1
79,15,1046,403,321,129,1,-1,-1,-1
79,19,728,61,615,186,1,-1,-1,-1
79,24,0,29,831,329,1,-1,-1,-1
79,25,1517,22,353,195,1,-1,-1,-1
80,12,1039,698,791,382,1,-1,-1,-1
80,15,1046,404,306,123,1,-1,-1,-1
80,19,722,64,615,186,1,-1,-1,-1
80,24,0,36,813,329,1,-1,-1,-1
80,25,1507,22,353,195,1,-1,-1,-1
81,12,1089,651,708,423,1,-1,-1,-1
81,15,1020,393,330,135,1,-1,-1,-1
81,19,717,63,558,261,1,-1,-1,-1
81,24,24,0,747,366,1,-1,-1,-1
81,25,1509,9,411,213,1,-1,-1,-1
82,12,1100,653,708,423,1,-1,-1,-1
82,15,1014,392,330,135,1,-1,-1,-1
82,19,711,66,558,261,1,-1,-1,-1
82,24,11,1,747,366,1,-1,-1,-1
82,25,1502,10,411,213,1,-1,-1,-1
83,12,1118,654,708,423,1,-1,-1,-1
83,15,1005,392,330,135,1,-1,-1,-1
83,19,701,70,558,261,1,-1,-1,-1
83,24,2,7,747,366,1,-1,-1,-1
83,25,1497,10,411,213,1,-1,-1,-1
84,12,1132,656,708,423,1,-1,-1,-1
84,15,998,391,330,135,1,-1,-1,-1
84,19,683,75,558,261,1,-1,-1,-1
84,24,13,21,711,349,1,-1,-1,-1
84,25,1490,12,411,213,1,-1,-1,-1
85,12,1145,661,708,419,1,-1,-1,-1
85,15,993,391,330,135,1,-1,-1,-1
85,19,671,80,558,261,1,-1,-1,-1
85,24,6,30,711,349,1,-1,-1,-1
85,25,1477,17,411,213,1,-1,-1,-1
86,12,1173,679,674,401,1,-1,-1,-1
86,15,967,386,330,135,1,-1,-1,-1
86,19,653,82,586,274,1,-1,-1,-1
86,24,0,22,701,366,1,-1,-1,-1
86,25,1465,14,432,224,1,-1,-1,-1
87,12,1197,682,674,398,1,-1,-1,-1
87,15,965,386,330,135,1,-1,-1,-1
87,19,631,80,615,288,1,-1,-1,-1
87,24,0,32,709,366,1,-1,-1,-1
87,25,1463,21,432,224,1,-1,-1,-1
88,12,1214,685,674,395,1,-1,-1,-1
88,15,954,384,330,135,1,-1,-1,-1
88,19,614,78,615,288,1,-1,-1,-1
88,24,0,32,717,366,1,-1,-1,-1
88,25,1439,23,432,224,1,-1,-1,-1
89,12,1214,685,674,395,1,-1,-1,-1
89,15,957,384,303,123,1,-1,-1,-1
89,19,612,102,507,297,1,-1,-1,-1
89,24,6,15,714,474,1,-1,-1,-1
89,25,1439,23,432,224,1,-1,-1,-1
89,26,1434,66,432,93,1,-1,-1,-1
89,27,1512,345,276,96,1,-1,-1,-1
90,12,1279,689,641,391,1,-1,-1,-1
90,15,951,384,303,123,1,-1,-1,-1
90,19,603,106,507,297,1,-1,-1,-1
90,24,0,18,709,474,1,-1,-1,-1
90,25,1434,24,432,224,1,-1,-1,-1
90,26,1429,66,432,93,1,-1,-1,-1
90,27,1510,346,276,96,1,-1,-1,-1
91,12,1339,700,581,380,1,-1,-1,-1
91,15,942,384,303,123,1,-1,-1,-1
91,19,593,106,507,297,1,-1,-1,-1
91,24,0,19,699,474,1,-1,-1,-1
91,25,1410,27,432,224,1,-1,-1,-1
91,26,1411,65,454,98,1,-1,-1,-1
91,27,1495,342,276,96,1,-1,-1,-1
92,12,1365,703,555,377,1,-1,-1,-1
92,15,932,380,303,123,1,-1,-1,-1
92,19,574,109,507,297,1,-1,-1,-1
92,24,0,24,690,474,1,-1,-1,-1
92,25,1408,27,432,224,1,-1,-1,-1
92,26,1405,65,454,98,1,-1,-1,-1
92,27,1482,339,276,96,1,-1,-1,-1
93,12,1395,708,525,372,1,-1,-1,-1
93,15,923,378,303,123,1,-1,-1,-1
93,19,564,113,507,297,1,-1,-1,-1
93,24,0,30,680,474,1,-1,-1,-1
93,25,1393,23,453,235,1,-1,-1,-1
93,26,1390,64,454,98,1,-1,-1,-1
93,27,1478,337,276,96,1,-1,-1,-1
94,12,1412,703,508,377,1,-1,-1,-1
94,15,909,375,303,123,1,-1,-1,-1
94,19,539,109,532,312,1,-1,-1,-1
94,24,0,42,655,451,1,-1,-1,-1
94,25,1382,19,453,235,1,-1,-1,-1
94,26,1376,64,454,98,1,-1,-1,-1
94,27,1460,334,276,96,1,-1,-1,-1
95,15,910,375,303,123,1,-1,-1,-1
95,19,527,110,532,312,1,-1,-1,-1
95,24,0,46,641,451,1,-1,-1,-1
95,26,1376,67,432,93,1,-1,-1,-1
95,27,1455,332,276,96,1,-1,-1,-1
96,15,892,373,289,117,1,-1,-1,-1
96,19,513,113,532,312,1,-1,-1,-1
96,24,0,33,648,474,1,-1,-1,-1
96,26,1377,69,432,93,1,-1,-1,-1
96,27,1443,331,276,96,1,-1,-1,-1
97,15,897,372,279,102,1,-1,-1,-1
97,19,438,114,567,318,1,-1,-1,-1
97,24,0,33,648,474,1,-1,-1,-1
97,26,1347,57,414,105,1,-1,-1,-1
97,27,1446,336,252,84,1,-1,-1,-1
97,28,1713,171,207,108,1,-1,-1,-1
97,29,0,123,408,405,1,-1,-1,-1
98,15,893,371,279,102,1,-1,-1,-1
98,19,435,117,567,318,1,-1,-1,-1
98,24,0,30,630,474,1,-1,-1,-1
98,26,1344,57,414,105,1,-1,-1,-1
98,27,1440,336,252,84,1,-1,-1,-1
98,28,1694,168,207,108,1,-1,-1,-1
98,29,0,126,401,405,1,-1,-1,-1
99,15,878,370,279,102,1,-1,-1,-1
99,19,416,117,567,318,1,-1,-1,-1
99,24,0,31,623,474,1,-1,-1,-1
99,26,1334,58,414,105,1,-1,-1,-1
99,27,1428,336,252,84,1,-1,-1,-1
99,28,1664,165,207,108,1,-1,-1,-1
99,29,0,132,392,405,1,-1,-1,-1
100,15,871,370,279,102,1,-1,-1,-1
100,19,408,117,567,318,1,-1,-1,-1
100,24,0,34,614,474,1,-1,-1,-1
100,26,1326,56,414,105,1,-1,-1,-1
100,27,1417,337,252,84,1,-1,-1,-1
100,28,1640,162,207,108,1,-1,-1,-1
100,29,0,137,379,405,1,-1,-1,-1
101,15,856,368,293,107,1,-1,-1,-1
101,19,384,108,595,334,1,-1,-1,-1
101,24,0,32,618,474,1,-1,-1,-1
101,26,1307,55,414,105,1,-1,-1,-1
101,27,1409,337,252,84,1,-1,-1,-1
101,28,1613,159,207,108,1,-1,-1,-1
101,29,0,142,366,405,1,-1,-1,-1
102,15,848,370,293,107,1,-1,-1,-1
102,19,371,107,595,334,1,-1,-1,-1
102,24,0,21,613,474,1,-1,-1,-1
102,26,1312,56,394,100,1,-1,-1,-1
102,27,1402,340,252,84,1,-1,-1,-1
102,28,1588,158,207,108,1,-1,-1,-1
102,29,0,139,365,405,1,-1,-1,-1
103,15,835,368,293,107,1,-1,-1,-1
103,19,349,109,595,334,1,-1,-1,-1
103,26,1302,58,394,100,1,-1,-1,-1
103,27,1391,341,252,84,1,-1,-1,-1
103,28,1563,156,207,108,1,-1,-1,-1
103,29,0,164,305,405,1,-1,-1,-1
104,15,830,368,293,107,1,-1,-1,-1
104,19,341,114,595,334,1,-1,-1,-1
104,26,1297,60,394,100,1,-1,-1,-1
104,27,1375,342,265,88,1,-1,-1,-1
104,28,1545,156,197,103,1,-1,-1,-1
104,29,0,207,265,386,1,-1,-1,-1
105,15,813,378,285,69,1,-1,-1,-1
105,19,315,240,534,201,1,-1,-1,-1
105,26,1284,60,363,165,1,-1,-1,-1
105,27,1375,342,265,88,1,-1,-1,-1
105,28,1545,156,197,103,1,-1,-1,-1
105,29,0,207,265,386,1,-1,-1,-1
105,30,1518,141,402,171,1,-1,-1,-1
105,31,573,3,429,72,1,-1,-1,-1
105,32,321,63,294,114,1,-1,-1,-1
106,15,799,376,299,72,1,-1,-1,-1
106,19,302,239,534,201,1,-1,-1,-1
106,26,1275,59,363,165,1,-1,-1,-1
106,27,1359,345,252,84,1,-1,-1,-1
106,28,1500,151,197,103,1,-1,-1,-1
106,29,0,252,217,367,1,-1,-1,-1
106,30,1502,140,402,171,1,-1,-1,-1
106,31,565,3,429,72,1,-1,-1,-1
106,32,315,61,294,114,1,-1,-1,-1
107,15,787,375,299,72,1,-1,-1,-1
107,19,280,247,509,191,1,-1,-1,-1
107,26,1255,56,363,165,1,-1,-1,-1
107,27,1348,347,252,84,1,-1,-1,-1
107,28,1470,147,197,103,1,-1,-1,-1
107,30,1465,131,422,180,1,-1,-1,-1
107,31,566,4,429,72,1,-1,-1,-1
107,32,303,58,294,114,1,-1,-1,-1
108,15,777,375,299,72,1,-1,-1,-1
108,19,258,245,534,201,1,-1,-1,-1
108,26,1262,62,346,157,1,-1,-1,-1
108,27,1344,349,252,84,1,-1,-1,-1
108,28,1445,142,197,103,1,-1,-1,-1
108,30,1442,127,422,180,1,-1,-1,-1
108,31,526,0,450,76,1,-1,-1,-1
108,32,297,53,294,114,1,-1,-1,-1
109,15,767,377,285,69,1,-1,-1,-1
109,19,233,247,534,201,1,-1,-1,-1
109,26,1247,64,346,157,1,-1,-1,-1
109,27,1332,351,240,80,1,-1,-1,-1
109,28,1424,138,197,103,1,-1,-1,-1
109,30,1412,119,422,180,1,-1,-1,-1
109,31,510,0,450,75,1,-1,-1,-1
109,32,272,42,309,120,1,-1,-1,-1
110,15,753,377,299,72,1,-1,-1,-1
110,19,212,248,534,201,1,-1,-1,-1
110,26,1248,63,346,157,1,-1,-1,-1
110,27,1320,348,252,84,1,-1,-1,-1
110,28,1400,135,197,103,1,-1,-1,-1
110,30,1388,117,422,180,1,-1,-1,-1
110,31,498,0,450,76,1,-1,-1,-1
110,32,263,39,309,120,1,-1,-1,-1
111,15,748,377,285,69,1,-1,-1,-1
111,19,175,244,561,211,1,-1,-1,-1
111,26,1238,64,346,157,1,-1,-1,-1
111,27,1319,349,240,80,1,-1,-1,-1
111,28,1372,131,197,103,1,-1,-1,-1
111,30,1363,111,422,180,1,-1,-1,-1
111,31,496,0,450,75,1,-1,-1,-1
111,32,246,30,294,114,1,-1,-1,-1
112,15,728,378,285,69,1,-1,-1,-1
112,19,152,248,561,211,1,-1,-1,-1
112,27,1304,346,252,84,1,-1,-1,-1
112,28,1350,129,197,103,1,-1,-1,-1
112,30,1344,112,402,171,1,-1,-1,-1
113,15,726,378,288,75,1,-1,-1,-1
113,19,135,273,549,219,1,-1,-1,-1
113,27,1304,346,252,84,1,-1,-1,-1
113,28,1350,129,197,103,1,-1,-1,-1
113,30,1344,112,402,171,1,-1,-1,-1
113,33,1191,33,726,240,1,-1,-1,-1
113,34,507,3,363,63,1,-1,-1,-1
114,15,711,376,302,79,1,-1,-1,-1
114,19,120,273,549,219,1,-1,-1,-1
114,27,1279,349,252,84,1,-1,-1,-1
114,28,1308,126,197,103,1,-1,-1,-1
114,30,1297,108,402,171,1,-1,-1,-1
114,33,1188,32,726,240,1,-1,-1,-1
114,34,494,5,363,63,1,-1,-1,-1
115,15,702,376,302,79,1,-1,-1,-1
115,19,94,274,549,219,1,-1,-1,-1
115,27,1265,352,240,80,1,-1,-1,-1
115,28,1291,126,188,98,1,-1,-1,-1
115,30,1274,103,402,171,1,-1,-1,-1
115,33,1175,32,726,240,1,-1,-1,-1
115,34,479,5,363,63,1,-1,-1,-1
116,15,687,380,288,75,1,-1,-1,-1
116,19,82,275,549,219,1,-1,-1,-1
116,27,1268,357,229,76,1,-1,-1,-1
116,28,1275,126,179,93,1,-1,-1,-1
116,30,1256,105,383,163,1,-1,-1,-1
116,33,1152,28,726,240,1,-1,-1,-1
116,34,470,7,363,63,1,-1,-1,-1
117,15,690,383,274,71,1,-1,-1,-1
117,19,47,277,549,219,1,-1,-1,-1
117,27,1258,359,218,73,1,-1,-1,-1
117,28,1256,128,170,89,1,-1,-1,-1
117,30,1235,105,402,171,1,-1,-1,-1
117,33,1152,28,726,240,1,-1,-1,-1
117,34,447,7,363,63,1,-1,-1,-1
118,15,682,385,274,71,1,-1,-1,-1
118,19,24,277,576,230,1,-1,-1,-1
118,27,1241,363,218,73,1,-1,-1,-1
118,28,1236,128,170,89,1,-1,-1,-1
118,30,1212,107,383,163,1,-1,-1,-1
118,33,1097,28,726,240,1,-1,-1,-1
118,34,439,8,363,63,1,-1,-1,-1
119,15,664,388,274,71,1,-1,-1,-1
119,19,0,277,564,230,1,-1,-1,-1
119,27,1238,365,218,73,1,-1,-1,-1
119,28,1214,127,170,89,1,-1,-1,-1
119,30,1194,110,383,163,1,-1,-1,-1
119,33,1094,22,762,252,1,-1,-1,-1
120,15,656,391,274,71,1,-1,-1,-1
120,19,0,279,553,230,1,-1,-1,-1
120,27,1235,366,218,73,1,-1,-1,-1
120,28,1192,127,170,89,1,-1,-1,-1
120,30,1168,103,383,163,1,-1,-1,-1
120,33,1089,27,762,252,1,-1,-1,-1
121,15,651,384,267,81,1,-1,-1,-1
121,19,3,294,519,201,1,-1,-1,-1
121,27,1215,366,246,63,1,-1,-1,-1
121,28,1192,127,170,89,1,-1,-1,-1
121,30,1168,103,383,163,1,-1,-1,-1
121,33,1134,24,783,237,1,-1,-1,-1
122,15,651,384,267,81,1,-1,-1,-1
122,19,0,295,507,201,1,-1,-1,-1
122,27,1209,366,246,63,1,-1,-1,-1
122,28,1150,127,170,89,1,-1,-1,-1
122,30,1140,108,365,155,1,-1,-1,-1
122,33,1127,23,783,237,1,-1,-1,-1
123,15,638,386,254,77,1,-1,-1,-1
123,19,0,302,479,191,1,-1,-1,-1
123,27,1198,370,246,63,1,-1,-1,-1
123,28,1130,129,170,89,1,-1,-1,-1
123,30,1121,113,347,148,1,-1,-1,-1
123,33,1110,23,783,237,1,-1,-1,-1
124,15,641,391,242,73,1,-1,-1,-1
124,19,0,303,452,191,1,-1,-1,-1
124,27,1187,373,246,63,1,-1,-1,-1
124,28,1109,130,170,89,1,-1,-1,-1
124,30,1107,117,347,148,1,-1,-1,-1
124,33,1083,17,822,249,1,-1,-1,-1
125,15,625,390,242,73,1,-1,-1,-1
125,19,0,309,437,191,1,-1,-1,-1
125,27,1182,375,246,63,1,-1,-1,-1
125,28,1089,131,170,89,1,-1,-1,-1
125,30,1079,119,347,148,1,-1,-1,-1
125,33,1079,20,822,249,1,-1,-1,-1
126,15,614,390,254,77,1,-1,-1,-1
126,19,0,310,424,191,1,-1,-1,-1
126,27,1180,381,246,63,1,-1,-1,-1
126,28,1069,135,170,89,1,-1,-1,-1
126,30,1065,124,347,148,1,-1,-1,-1
126,33,1050,30,783,237,1,-1,-1,-1
127,15,599,391,254,77,1,-1,-1,-1
127,19,0,319,396,182,1,-1,-1,-1
127,27,1164,387,234,60,1,-1,-1,-1
127,28,1050,138,170,89,1,-1,-1,-1
127,30,1051,129,347,148,1,-1,-1,-1
127,33,1036,35,783,237,1,-1,-1,-1
128,19,0,324,380,182,1,-1,-1,-1
128,27,1157,389,246,63,1,-1,-1,-1
128,28,1038,143,162,85,1,-1,-1,-1
128,30,1030,132,347,148,1,-1,-1,-1
128,33,991,42,783,237,1,-1,-1,-1
129,19,0,318,378,201,1,-1,-1,-1
129,27,1157,389,246,63,1,-1,-1,-1
129,28,1038,143,162,85,1,-1,-1,-1
129,30,1030,132,347,148,1,-1,-1,-1
129,33,1020,51,618,210,1,-1,-1,-1
129,35,522,903,438,174,1,-1,-1,-1
129,36,576,399,255,84,1,-1,-1,-1
129,37,1629,171,291,129,1,-1,-1,-1
130,19,0,321,368,201,1,-1,-1,-1
130,27,1140,405,234,60,1,-1,-1,-1
130,28,1003,151,162,85,1,-1,-1,-1
130,30,995,138,347,148,1,-1,-1,-1
130,33,1007,49,618,210,1,-1,-1,-1
130,35,522,901,438,174,1,-1,-1,-1
130,36,567,399,255,84,1,-1,-1,-1
130,37,1617,171,291,129,1,-1,-1,-1
131,19,0,323,353,201,1,-1,-1,-1
131,28,985,155,162,85,1,-1,-1,-1
131,30,973,141,347,148,1,-1,-1,-1
131,33,995,50,618,210,1,-1,-1,-1
131,35,527,897,438,174,1,-1,-1,-1
131,36,552,397,268,88,1,-1,-1,-1
131,37,1604,172,291,129,1,-1,-1,-1
132,19,0,327,330,191,1,-1,-1,-1
132,28,968,159,162,85,1,-1,-1,-1
132,30,961,149,347,148,1,-1,-1,-1
132,33,973,56,618,210,1,-1,-1,-1
132,35,520,890,460,183,1,-1,-1,-1
132,36,546,399,255,84,1,-1,-1,-1
132,37,1593,172,291,129,1,-1,-1,-1
133,19,0,329,313,191,1,-1,-1,-1
133,28,955,163,162,85,1,-1,-1,-1
133,30,948,153,347,148,1,-1,-1,-1
133,33,970,64,618,210,1,-1,-1,-1
133,35,526,885,460,183,1,-1,-1,-1
133,36,544,399,255,84,1,-1,-1,-1
133,37,1578,169,306,135,1,-1,-1,-1
134,19,0,333,306,191,1,-1,-1,-1
134,28,939,165,162,85,1,-1,-1,-1
134,30,938,157,331,141,1,-1,-1,-1
134,33,935,64,618,210,1,-1,-1,-1
134,35,536,882,460,183,1,-1,-1,-1
134,36,531,396,268,88,1,-1,-1,-1
134,37,1570,169,306,135,1,-1,-1,-1
135,19,0,334,295,191,1,-1,-1,-1
135,28,926,167,162,85,1,-1,-1,-1
135,30,927,160,331,141,1,-1,-1,-1
135,33,929,65,618,210,1,-1,-1,-1
135,35,558,881,460,183,1,-1,-1,-1
135,36,515,393,281,93,1,-1,-1,-1
135,37,1553,169,306,135,1,-1,-1,-1
136,19,0,338,281,182,1,-1,-1,-1
136,28,917,170,154,81,1,-1,-1,-1
136,30,911,163,331,141,1,-1,-1,-1
136,33,925,68,618,210,1,-1,-1,-1
136,35,563,872,460,183,1,-1,-1,-1
136,36,511,392,281,93,1,-1,-1,-1
136,37,1548,167,306,135,1,-1,-1,-1
137,19,0,312,273,141,1,-1,-1,-1
137,28,917,170,154,81,1,-1,-1,-1
137,30,911,163,331,141,1,-1,-1,-1
137,33,912,36,570,246,1,-1,-1,-1
137,35,563,872,460,183,1,-1,-1,-1
137,36,507,387,255,96,1,-1,-1,-1
137,37,1515,171,405,96,1,-1,-1,-1
138,19,0,312,271,141,1,-1,-1,-1
138,28,897,175,154,81,1,-1,-1,-1
138,30,890,166,331,141,1,-1,-1,-1
138,33,910,38,570,246,1,-1,-1,-1
138,35,594,871,460,183,1,-1,-1,-1
138,36,507,387,255,96,1,-1,-1,-1
138,37,1514,172,405,96,1,-1,-1,-1
139,19,2,314,260,134,1,-1,-1,-1
139,28,887,176,154,81,1,-1,-1,-1
139,30,886,168,331,141,1,-1,-1,-1
139,33,900,42,570,246,1,-1,-1,-1
139,36,507,388,255,96,1,-1,-1,-1
139,37,1503,172,417,101,1,-1,-1,-1
140,19,0,314,254,134,1,-1,-1,-1
140,28,880,179,154,81,1,-1,-1,-1
140,30,868,167,347,148,1,-1,-1,-1
140,33,892,46,570,246,1,-1,-1,-1
140,36,498,385,268,101,1,-1,-1,-1
140,37,1499,173,421,101,1,-1,-1,-1
141,19,0,313,247,134,1,-1,-1,-1
141,28,868,177,154,81,1,-1,-1,-1
141,30,853,164,347,148,1,-1,-1,-1
141,33,892,51,570,246,1,-1,-1,-1
141,36,489,380,281,106,1,-1,-1,-1
141,37,1485,175,425,101,1,-1,-1,-1
142,19,0,316,238,128,1,-1,-1,-1
142,28,859,175,154,81,1,-1,-1,-1
142,30,839,164,347,148,1,-1,-1,-1
142,33,878,54,570,246,1,-1,-1,-1
142,36,482,377,281,106,1,-1,-1,-1
142,37,1480,179,425,101,1,-1,-1,-1
143,19,0,319,227,122,1,-1,-1,-1
143,28,858,175,147,77,1,-1,-1,-1
143,30,832,161,347,148,1,-1,-1,-1
143,33,862,47,598,258,1,-1,-1,-1
143,36,481,377,281,106,1,-1,-1,-1
143,37,1474,181,425,101,1,-1,-1,-1
144,19,0,318,222,122,1,-1,-1,-1
144,28,843,168,154,81,1,-1,-1,-1
144,30,835,161,331,141,1,-1,-1,-1
144,33,873,56,570,246,1,-1,-1,-1
144,36,478,375,281,106,1,-1,-1,-1
144,37,1482,187,405,96,1,-1,-1,-1
145,19,0,324,222,96,1,-1,-1,-1
145,28,843,168,154,81,1,-1,-1,-1
145,30,835,161,331,141,1,-1,-1,-1
145,33,873,56,570,246,1,-1,-1,-1
145,36,510,378,228,117,1,-1,-1,-1
145,37,1479,198,399,147,1,-1,-1,-1
145,38,792,888,357,189,1,-1,-1,-1
145,39,852,156,534,165,1,-1,-1,-1
145,40,924,51,345,99,1,-1,-1,-1
146,19,1,324,222,96,1,-1,-1,-1
146,28,826,159,154,81,1,-1,-1,-1
146,30,805,152,347,148,1,-1,-1,-1
146,33,871,66,543,234,1,-1,-1,-1
146,36,511,378,228,117,1,-1,-1,-1
146,37,1474,201,399,147,1,-1,-1,-1
146,38,802,888,357,189,1,-1,-1,-1
146,39,847,157,534,165,1,-1,-1,-1
146,40,924,52,345,99,1,-1,-1,-1
147,19,7,326,222,96,1,-1,-1,-1
147,28,820,155,154,81,1,-1,-1,-1
147,30,809,151,347,148,1,-1,-1,-1
147,33,850,66,543,234,1,-1,-1,-1
147,36,509,376,228,117,1,-1,-1,-1
147,37,1470,203,399,147,1,-1,-1,-1
147,38,814,888,357,189,1,-1,-1,-1
147,39,849,159,534,165,1,-1,-1,-1
147,40,923,52,345,99,1,-1,-1,-1
148,19,0,327,210,96,1,-1,-1,-1
148,28,807,145,154,81,1,-1,-1,-1
148,30,801,141,347,148,1,-1,-1,-1
148,36,507,374,228,117,1,-1,-1,-1
148,37,1465,206,399,147,1,-1,-1,-1
148,38,814,885,375,195,1,-1,-1,-1
148,39,833,157,534,165,1,-1,-1,-1
148,40,929,54,329,94,1,-1,-1,-1
149,19,0,329,206,91,1,-1,-1,-1
149,36,511,373,217,111,1,-1,-1,-1
149,37,1469,212,380,140,1,-1,-1,-1
149,38,815,880,394,200,1,-1,-1,-1
149,39,843,159,509,157,1,-1,-1,-1
149,40,928,54,329,94,1,-1,-1,-1
150,19,0,326,192,91,1,-1,-1,-1
150,36,510,371,217,111,1,-1,-1,-1
150,37,1466,215,380,140,1,-1,-1,-1
150,38,812,876,413,204,1,-1,-1,-1
150,39,842,156,509,157,1,-1,-1,-1
150,40,928,54,329,94,1,-1,-1,-1
151,19,0,322,192,96,1,-1,-1,-1
151,36,509,368,217,111,1,-1,-1,-1
151,37,1463,217,380,140,1,-1,-1,-1
151,38,822,873,413,207,1,-1,-1,-1
151,39,825,152,509,157,1,-1,-1,-1
151,40,926,54,329,94,1,-1,-1,-1
152,36,508,364,217,111,1,-1,-1,-1
152,37,1460,221,380,140,1,-1,-1,-1
152,38,834,882,413,198,1,-1,-1,-1
152,39,825,147,509,157,1,-1,-1,-1
152,40,923,55,329,94,1,-1,-1,-1
153,36,516,357,204,120,1,-1,-1,-1
153,37,1449,216,378,117,1,-1,-1,-1
153,38,891,870,372,204,1,-1,-1,-1
153,39,798,72,498,234,1,-1,-1,-1
153,40,923,55,329,94,1,-1,-1,-1
154,36,517,354,204,120,1,-1,-1,-1
154,37,1449,217,378,117,1,-1,-1,-1
154,38,899,871,372,204,1,-1,-1,-1
154,39,798,70,498,234,1,-1,-1,-1
154,40,905,52,345,99,1,-1,-1,-1
155,36,518,352,204,120,1,-1,-1,-1
155,37,1452,219,378,117,1,-1,-1,-1
155,38,908,872,372,204,1,-1,-1,-1
155,39,797,66,498,234,1,-1,-1,-1
155,40,900,51,345,99,1,-1,-1,-1
156,36,519,350,204,120,1,-1,-1,-1
156,37,1450,222,378,117,1,-1,-1,-1
156,38,905,870,391,210,1,-1,-1,-1
156,39,803,62,498,234,1,-1,-1,-1
156,40,894,51,345,99,1,-1,-1,-1
157,36,520,346,204,120,1,-1,-1,-1
157,37,1459,228,360,111,1,-1,-1,-1
157,38,907,868,410,212,1,-1,-1,-1
157,39,793,51,523,246,1,-1,-1,-1
158,36,521,342,204,120,1,-1,-1,-1
158,37,1464,233,360,111,1,-1,-1,-1
158,38,905,871,431,209,1,-1,-1,-1
158,39,793,44,523,246,1,-1,-1,-1
159,36,522,340,204,120,1,-1,-1,-1
159,37,1465,237,360,111,1,-1,-1,-1
159,38,914,876,431,204,1,-1,-1,-1
159,39,803,40,498,234,1,-1,-1,-1
160,36,523,337,204,120,1,-1,-1,-1
160,37,1462,242,378,117,1,-1,-1,-1
160,38,926,877,431,203,1,-1,-1,-1
160,39,793,38,498,234,1,-1,-1,-1
161,36,528,333,192,102,1,-1,-1,-1
161,37,1452,237,378,138,1,-1,-1,-1
161,38,926,877,431,203,1,-1,-1,-1
161,39,793,38,498,234,1,-1,-1,-1
161,41,1008,459,402,126,1,-1,-1,-1
161,42,990,738,408,336,1,-1,-1,-1
162,36,532,332,192,102,1,-1,-1,-1
162,37,1451,240,378,138,1,-1,-1,-1
162,38,943,864,452,216,1,-1,-1,-1
162,41,1007,458,402,126,1,-1,-1,-1
162,42,997,739,408,336,1,-1,-1,-1
163,36,540,332,183,97,1,-1,-1,-1
163,37,1456,247,378,138,1,-1,-1,-1
163,38,941,862,475,218,1,-1,-1,-1
163,41,1013,460,383,120,1,-1,-1,-1
163,42,1006,741,408,336,1,-1,-1,-1
164,36,542,329,183,97,1,-1,-1,-1
164,37,1467,256,360,131,1,-1,-1,-1
164,41,1019,461,383,120,1,-1,-1,-1
164,42,1017,744,408,336,1,-1,-1,-1
165,36,545,325,183,97,1,-1,-1,-1
165,37,1467,263,360,131,1,-1,-1,-1
165,41,1016,456,402,126,1,-1,-1,-1
165,42,1029,744,408,336,1,-1,-1,-1
166,36,549,321,183,97,1,-1,-1,-1
166,37,1466,270,360,131,1,-1,-1,-1
166,41,1010,456,402,126,1,-1,-1,-1
166,42,1040,747,408,333,1,-1,-1,-1
167,36,552,317,183,97,1,-1,-1,-1
167,37,1466,276,360,131,1,-1,-1,-1
167,41,1009,457,402,126,1,-1,-1,-1
167,42,1050,750,408,330,1,-1,-1,-1
168,36,556,313,183,97,1,-1,-1,-1
168,37,1468,282,360,131,1,-1,-1,-1
168,41,998,453,422,132,1,-1,-1,-1
168,42,1072,760,389,320,1,-1,-1,-1
169,36,556,313,183,97,1,-1,-1,-1
169,37,1468,282,360,131,1,-1,-1,-1
169,41,998,453,422,132,1,-1,-1,-1
169,42,1072,760,389,320,1,-1,-1,-1
169,43,960,642,561,432,1,-1,-1,-1
169,44,993,414,288,120,1,-1,-1,-1
169,45,294,27,315,96,1,-1,-1,-1
170,36,573,302,174,93,1,-1,-1,-1
170,37,1490,282,360,131,1,-1,-1,-1
170,41,1004,456,422,132,1,-1,-1,-1
170,42,1087,752,408,328,1,-1,-1,-1
170,43,966,645,561,432,1,-1,-1,-1
170,44,995,414,288,120,1,-1,-1,-1
170,45,310,29,300,91,1,-1,-1,-1
171,36,577,298,174,93,1,-1,-1,-1
171,37,1488,282,378,138,1,-1,-1,-1
171,41,998,455,422,132,1,-1,-1,-1
171,42,1089,763,408,317,1,-1,-1,-1
171,43,972,648,561,432,1,-1,-1,-1
171,44,996,414,288,120,1,-1,-1,-1
171,45,317,26,300,91,1,-1,-1,-1
172,36,578,294,183,97,1,-1,-1,-1
172,37,1505,293,378,138,1,-1,-1,-1
172,41,1006,456,402,126,1,-1,-1,-1
172,42,1087,751,428,329,1,-1,-1,-1
172,43,977,651,561,429,1,-1,-1,-1
172,44,997,413,288,120,1,-1,-1,-1
172,45,318,24,315,96,1,-1,-1,-1
173,41,1001,454,402,126,1,-1,-1,-1
173,43,966,638,589,442,1,-1,-1,-1
173,44,995,412,288,120,1,-1,-1,-1
173,45,329,20,331,101,1,-1,-1,-1
174,41,994,451,422,132,1,-1,-1,-1
174,43,968,642,589,438,1,-1,-1,-1
174,44,997,412,288,120,1,-1,-1,-1
174,45,320,24,347,106,1,-1,-1,-1
175,41,994,449,422,132,1,-1,-1,-1
175,43,970,646,589,434,1,-1,-1,-1
175,44,997,409,288,120,1,-1,-1,-1
176,43,951,634,619,446,1,-1,-1,-1
176,44,1000,408,288,120,1,-1,-1,-1
177,43,951,634,619,446,1,-1,-1,-1
177,44,1000,408,288,120,1,-1,-1,-1
177,46,1509,288,390,243,1,-1,-1,-1
177,47,612,582,693,489,1,-1,-1,-1
178,43,934,657,589,423,1,-1,-1,-1
178,44,1004,405,274,114,1,-1,-1,-1
178,46,1513,291,390,243,1,-1,-1,-1
178,47,612,576,693,489,1,-1,-1,-1
179,43,923,652,589,428,1,-1,-1,-1
179,44,998,403,274,114,1,-1,-1,-1
179,46,1514,300,390,243,1,-1,-1,-1
179,47,617,576,693,489,1,-1,-1,-1
180,43,920,654,589,426,1,-1,-1,-1
180,44,988,397,288,120,1,-1,-1,-1
180,46,1519,307,390,243,1,-1,-1,-1
180,47,609,572,693,489,1,-1,-1,-1
181,43,909,643,589,437,1,-1,-1,-1
181,44,987,394,288,120,1,-1,-1,-1
181,46,1523,316,390,243,1,-1,-1,-1
181,47,596,571,693,489,1,-1,-1,-1
182,43,909,657,561,423,1,-1,-1,-1
182,44,983,391,288,120,1,-1,-1,-1
182,46,1525,322,390,243,1,-1,-1,-1
182,47,576,564,693,489,1,-1,-1,-1
183,43,890,658,561,422,1,-1,-1,-1
183,44,983,388,288,120,1,-1,-1,-1
183,46,1525,330,390,243,1,-1,-1,-1
183,47,573,562,693,489,1,-1,-1,-1
184,43,881,662,561,418,1,-1,-1,-1
184,44,978,386,288,120,1,-1,-1,-1
184,46,1523,339,390,243,1,-1,-1,-1
184,47,561,563,693,489,1,-1,-1,-1
185,43,881,662,561,418,1,-1,-1,-1
185,44,978,386,288,120,1,-1,-1,-1
185,46,1494,342,411,246,1,-1,-1,-1
185,47,453,645,795,429,1,-1,-1,-1
185,48,798,3,411,60,1,-1,-1,-1
186,43,842,668,561,412,1,-1,-1,-1
186,44,971,379,288,120,1,-1,-1,-1
186,46,1495,344,411,246,1,-1,-1,-1
186,47,448,639,795,429,1,-1,-1,-1
186,48,284,0,411,20,1,-1,-1,-1
187,43,841,669,561,411,1,-1,-1,-1
187,44,966,377,288,120,1,-1,-1,-1
187,46,1495,346,411,246,1,-1,-1,-1
187,47,434,634,795,429,1,-1,-1,-1
187,48,0,0,182,2,1,-1,-1,-1
188,44,961,376,288,120,1,-1,-1,-1
188,46,1497,346,411,246,1,-1,-1,-1
188,47,429,624,795,429,1,-1,-1,-1
188,48,0,0,2,2,1,-1,-1,-1
189,44,961,375,288,120,1,-1,-1,-1
189,46,1491,340,429,258,1,-1,-1,-1
189,47,420,611,795,429,1,-1,-1,-1
190,44,959,375,288,120,1,-1,-1,-1
190,46,1489,338,431,258,1,-1,-1,-1
190,47,410,597,795,429,1,-1,-1,-1
191,44,953,374,288,120,1,-1,-1,-1
191,46,1496,343,424,258,1,-1,-1,-1
191,47,398,585,795,429,1,-1,-1,-1
192,44,952,373,288,120,1,-1,-1,-1
192,46,1455,375,432,258,1,-1,-1,-1
192,47,383,571,795,429,1,-1,-1,-1
193,44,952,373,288,120,1,-1,-1,-1
193,46,1440,420,441,219,1,-1,-1,-1
193,47,383,571,795,429,1,-1,-1,-1
193,49,300,732,933,339,1,-1,-1,-1
194,44,927,375,288,120,1,-1,-1,-1
194,46,1438,421,441,219,1,-1,-1,-1
194,47,313,492,795,429,1,-1,-1,-1
194,49,293,724,933,339,1,-1,-1,-1
195,44,926,372,288,120,1,-1,-1,-1
195,46,1435,424,441,219,1,-1,-1,-1
195,47,266,422,835,450,1,-1,-1,-1
195,49,277,714,933,339,1,-1,-1,-1
196,44,926,370,288,120,1,-1,-1,-1
196,46,1429,427,441,219,1,-1,-1,-1
196,49,260,690,933,339,1,-1,-1,-1
197,44,923,371,288,120,1,-1,-1,-1
197,46,1413,425,463,230,1,-1,-1,-1
197,49,247,657,933,339,1,-1,-1,-1
198,44,921,372,274,114,1,-1,-1,-1
198,46,1404,427,463,230,1,-1,-1,-1
198,49,241,630,933,339,1,-1,-1,-1
199,44,924,377,261,109,1,-1,-1,-1
199,46,1399,431,463,230,1,-1,-1,-1
199,49,213,595,980,356,1,-1,-1,-1
200,44,917,373,261,109,1,-1,-1,-1
200,46,1379,427,486,241,1,-1,-1,-1
200,49,192,565,1029,374,1,-1,-1,-1
201,44,917,373,261,109,1,-1,-1,-1
201,46,1383,462,471,222,1,-1,-1,-1
201,49,114,471,1098,597,1,-1,-1,-1
202,44,912,370,261,109,1,-1,-1,-1
202,46,1383,463,471,222,1,-1,-1,-1
202,49,110,451,1098,597,1,-1,-1,-1
203,44,911,371,261,109,1,-1,-1,-1
203,46,1376,467,471,222,1,-1,-1,-1
203,49,74,419,1153,627,1,-1,-1,-1
204,44,901,365,274,114,1,-1,-1,-1
204,46,1369,471,471,222,1,-1,-1,-1
204,49,60,396,1153,627,1,-1,-1,-1
205,44,898,365,274,114,1,-1,-1,-1
205,46,1364,475,471,222,1,-1,-1,-1
205,49,56,366,1153,627,1,-1,-1,-1
206,44,900,365,261,109,1,-1,-1,-1
206,46,1358,479,471,222,1,-1,-1,-1
206,49,43,345,1153,627,1,-1,-1,-1
207,44,903,367,249,104,1,-1,-1,-1
207,46,1353,482,471,222,1,-1,-1,-1
207,49,27,312,1153,627,1,-1,-1,-1
208,44,904,366,249,104,1,-1,-1,-1
208,46,1341,487,471,222,1,-1,-1,-1
208,49,9,279,1153,627,1,-1,-1,-1
209,44,904,366,249,104,1,-1,-1,-1
209,46,1335,492,471,204,1,-1,-1,-1
209,49,3,144,1203,921,1,-1,-1,-1
210,44,891,362,249,104,1,-1,-1,-1
210,46,1333,495,471,204,1,-1,-1,-1
210,49,0,122,1189,921,1,-1,-1,-1
211,44,880,356,261,109,1,-1,-1,-1
211,46,1308,498,495,214,1,-1,-1,-1
211,49,0,100,1175,921,1,-1,-1,-1
212,44,884,357,249,104,1,-1,-1,-1
212,46,1302,502,495,214,1,-1,-1,-1
212,49,0,74,1155,921,1,-1,-1,-1
213,46,1296,505,495,214,1,-1,-1,-1
213,49,0,39,1140,921,1,-1,-1,-1
214,46,1281,510,495,214,1,-1,-1,-1
214,49,0,14,1127,921,1,-1,-1,-1
215,46,1263,513,519,225,1,-1,-1,-1
215,49,0,0,1122,909,1,-1,-1,-1
216,46,1248,519,519,225,1,-1,-1,-1
216,49,0,0,1117,898,1,-1,-1,-1
217,46,1248,519,519,225,1,-1,-1,-1
217,49,51,6,1014,894,1,-1,-1,-1
218,46,1227,527,519,225,1,-1,-1,-1
218,49,48,0,1014,884,1,-1,-1,-1
219,46,1209,525,545,236,1,-1,-1,-1
219,49,39,0,1014,861,1,-1,-1,-1
220,46,1201,534,545,236,1,-1,-1,-1
220,49,33,0,1014,833,1,-1,-1,-1
221,46,1198,545,519,225,1,-1,-1,-1
221,49,29,0,1014,811,1,-1,-1,-1
222,46,1183,553,519,225,1,-1,-1,-1
222,49,24,0,1014,779,1,-1,-1,-1
223,46,1154,559,519,225,1,-1,-1,-1
223,49,17,0,1014,763,1,-1,-1,-1
224,46,1122,565,519,225,1,-1,-1,-1
224,49,19,0,966,683,1,-1,-1,-1
225,46,1122,565,519,225,1,-1,-1,-1
225,49,0,3,969,576,1,-1,-1,-1
225,50,1155,612,474,123,1,-1,-1,-1
226,46,1113,575,495,214,1,-1,-1,-1
226,49,0,0,966,559,1,-1,-1,-1
226,50,1146,613,474,123,1,-1,-1,-1
227,46,1090,576,519,225,1,-1,-1,-1
227,49,0,0,968,534,1,-1,-1,-1
227,50,1128,614,474,123,1,-1,-1,-1
228,46,1080,575,519,225,1,-1,-1,-1
228,49,0,0,965,510,1,-1,-1,-1
228,50,1125,614,474,123,1,-1,-1,-1
229,46,1053,575,519,225,1,-1,-1,-1
229,49,0,0,969,487,1,-1,-1,-1
229,50,1110,614,474,123,1,-1,-1,-1
230,49,3,0,969,456,1,-1,-1,-1
230,50,1090,614,498,129,1,-1,-1,-1
231,49,0,0,960,419,1,-1,-1,-1
231,50,1066,610,523,136,1,-1,-1,-1
232,49,7,0,923,408,1,-1,-1,-1
232,50,1056,608,549,142,1,-1,-1,-1
233,49,7,0,923,408,1,-1,-1,-1
233,50,1047,642,459,102,1,-1,-1,-1
234,49,4,0,923,333,1,-1,-1,-1
234,50,1042,642,459,102,1,-1,-1,-1
235,49,87,0,923,441,1,-1,-1,-1
235,50,1033,642,459,102,1,-1,-1,-1
236,49,103,0,923,519,1,-1,-1,-1
236,50,1039,646,437,97,1,-1,-1,-1
237,50,1030,645,437,97,1,-1,-1,-1
238,50,1014,646,459,102,1,-1,-1,-1
239,50,993,648,482,107,1,-1,-1,-1
240,50,991,652,482,107,1,-1,-1,-1
241,50,991,652,482,107,1,-1,-1,-1
241,51,1005,684,444,222,1,-1,-1,-1
242,50,987,667,482,107,1,-1,-1,-1
242,51,1002,691,444,222,1,-1,-1,-1
243,50,978,672,506,112,1,-1,-1,-1
243,51,1001,698,444,222,1,-1,-1,-1
244,50,958,676,531,118,1,-1,-1,-1
244,51,994,706,444,222,1,-1,-1,-1
245,51,994,714,444,222,1,-1,-1,-1
246,51,988,722,444,222,1,-1,-1,-1
247,51,987,732,444,222,1,-1,-1,-1
248,51,982,740,444,222,1,-1,-1,-1
249,51,993,738,441,234,1,-1,-1,-1
249,52,0,3,900,243,1,-1,-1,-1
249,53,831,0,312,69,1,-1,-1,-1
250,51,992,741,441,234,1,-1,-1,-1
250,52,0,0,922,253,1,-1,-1,-1
250,53,840,0,312,69,1,-1,-1,-1
251,51,988,747,441,234,1,-1,-1,-1
251,52,0,5,922,255,1,-1,-1,-1
251,53,845,1,312,69,1,-1,-1,-1
252,51,983,756,441,234,1,-1,-1,-1
252,52,10,16,900,243,1,-1,-1,-1
252,53,866,1,312,69,1,-1,-1,-1
253,51,979,766,441,234,1,-1,-1,-1
253,52,44,31,857,231,1,-1,-1,-1
253,53,865,4,297,66,1,-1,-1,-1
254,51,976,773,441,234,1,-1,-1,-1
254,52,61,41,857,231,1,-1,-1,-1
254,53,858,2,297,66,1,-1,-1,-1
255,51,972,780,441,234,1,-1,-1,-1
255,52,66,42,900,243,1,-1,-1,-1
255,53,794,6,297,66,1,-1,-1,-1
256,51,969,787,441,234,1,-1,-1,-1
256,52,65,44,900,243,1,-1,-1,-1
257,51,966,774,444,270,1,-1,-1,-1
257,52,6,3,1035,312,1,-1,-1,-1
257,54,516,111,414,207,1,-1,-1,-1
258,51,963,778,444,270,1,-1,-1,-1
258,52,15,5,1035,312,1,-1,-1,-1
258,54,518,114,414,207,1,-1,-1,-1
259,51,968,787,423,257,1,-1,-1,-1
259,52,28,7,1035,312,1,-1,-1,-1
259,54,533,124,394,197,1,-1,-1,-1
260,51,964,792,423,257,1,-1,-1,-1
260,52,38,7,1035,312,1,-1,-1,-1
260,54,536,126,394,197,1,-1,-1,-1
261,51,961,798,423,257,1,-1,-1,-1
261,52,39,9,1035,312,1,-1,-1,-1
261,54,542,128,394,197,1,-1,-1,-1
262,51,958,803,423,257,1,-1,-1,-1
262,52,37,12,1035,312,1,-1,-1,-1
262,54,543,130,394,197,1,-1,-1,-1
263,51,952,807,423,257,1,-1,-1,-1
263,52,29,12,1035,312,1,-1,-1,-1
263,54,551,135,394,197,1,-1,-1,-1
264,51,948,807,423,257,1,-1,-1,-1
264,52,0,2,1080,328,1,-1,-1,-1
264,54,545,144,394,197,1,-1,-1,-1
265,51,933,741,426,300,1,-1,-1,-1
265,52,0,0,1215,303,1,-1,-1,-1
265,54,545,144,394,197,1,-1,-1,-1
266,51,932,740,426,300,1,-1,-1,-1
266,52,12,0,1215,303,1,-1,-1,-1
267,51,919,734,447,315,1,-1,-1,-1
267,52,30,5,1215,303,1,-1,-1,-1
268,51,911,737,447,315,1,-1,-1,-1
268,52,46,5,1215,303,1,-1,-1,-1
269,51,910,733,447,315,1,-1,-1,-1
269,52,71,9,1215,303,1,-1,-1,-1
270,51,907,735,447,315,1,-1,-1,-1
270,52,88,14,1215,303,1,-1,-1,-1
271,51,904,732,447,315,1,-1,-1,-1
271,52,77,12,1276,318,1,-1,-1,-1
272,51,898,728,447,315,1,-1,-1,-1
272,52,67,9,1340,334,1,-1,-1,-1
273,51,903,792,411,261,1,-1,-1,-1
273,52,67,9,1340,334,1,-1,-1,-1
273,55,720,396,324,81,1,-1,-1,-1
274,51,901,789,411,261,1,-1,-1,-1
274,52,84,6,1340,334,1,-1,-1,-1
274,55,724,396,324,81,1,-1,-1,-1
275,51,898,784,411,261,1,-1,-1,-1
275,52,92,1,1340,334,1,-1,-1,-1
275,55,730,397,309,77,1,-1,-1,-1
276,51,882,772,432,274,1,-1,-1,-1
276,55,722,395,324,81,1,-1,-1,-1
277,51,877,766,432,274,1,-1,-1,-1
277,55,732,396,309,77,1,-1,-1,-1
278,51,872,756,432,274,1,-1,-1,-1
278,55,731,396,309,77,1,-1,-1,-1
279,51,868,751,432,274,1,-1,-1,-1
279,55,714,393,324,81,1,-1,-1,-1
280,51,865,744,432,274,1,-1,-1,-1
280,55,711,393,324,81,1,-1,-1,-1
281,51,870,732,396,243,1,-1,-1,-1
281,55,711,393,324,81,1,-1,-1,-1
282,51,869,730,396,243,1,-1,-1,-1
283,51,866,722,396,243,1,-1,-1,-1
284,51,865,719,396,243,1,-1,-1,-1
285,51,862,713,396,243,1,-1,-1,-1
286,51,858,706,396,243,1,-1,-1,-1
287,51,850,699,396,243,1,-1,-1,-1
288,51,846,693,396,243,1,-1,-1,-1
289,51,846,693,396,243,1,-1,-1,-1
289,56,708,6,825,1032,1,-1,-1,-1
290,51,833,677,396,243,1,-1,-1,-1
290,56,721,13,825,1032,1,-1,-1,-1
291,51,823,666,396,243,1,-1,-1,-1
291,56,731,29,825,1032,1,-1,-1,-1
292,51,835,670,377,231,1,-1,-1,-1
292,56,743,41,825,1032,1,-1,-1,-1
293,51,852,676,359,220,1,-1,-1,-1
293,56,763,69,825,1011,1,-1,-1,-1
294,51,776,686,359,220,1,-1,-1,-1
294,56,770,117,825,963,1,-1,-1,-1
295,51,770,724,359,220,1,-1,-1,-1
295,56,787,136,825,944,1,-1,-1,-1
296,56,788,132,825,948,1,-1,-1,-1
297,56,788,132,825,948,1,-1,-1,-1
297,57,78,18,654,153,1,-1,-1,-1
297,58,426,0,1440,1062,1,-1,-1,-1
298,56,767,106,866,974,1,-1,-1,-1
298,57,68,19,654,153,1,-1,-1,-1
298,58,440,18,1440,1062,1,-1,-1,-1
299,56,748,67,910,1013,1,-1,-1,-1
299,57,74,23,623,146,1,-1,-1,-1
299,58,448,64,1440,1016,1,-1,-1,-1
300,56,771,55,910,1025,1,-1,-1,-1
300,57,39,24,623,146,1,-1,-1,-1
300,58,425,57,1495,1023,1,-1,-1,-1
301,57,12,20,654,153,1,-1,-1,-1
301,58,428,84,1492,996,1,-1,-1,-1
302,57,0,22,649,153,1,-1,-1,-1
302,58,436,94,1484,986,1,-1,-1,-1
303,57,0,25,611,153,1,-1,-1,-1
303,58,408,66,1512,1014,1,-1,-1,-1
304,57,0,23,613,161,1,-1,-1,-1
304,58,434,99,1486,981,1,-1,-1,-1
305,57,3,27,600,183,1,-1,-1,-1
305,58,579,57,1128,1011,1,-1,-1,-1
306,57,0,26,588,183,1,-1,-1,-1
306,58,585,64,1128,1011,1,-1,-1,-1
307,57,0,29,575,183,1,-1,-1,-1
307,58,583,69,1128,1011,1,-1,-1,-1
308,57,0,27,540,183,1,-1,-1,-1
308,58,583,73,1128,1007,1,-1,-1,-1
309,57,0,30,512,183,1,-1,-1,-1
309,58,583,75,1128,1005,1,-1,-1,-1
310,57,0,29,500,183,1,-1,-1,-1
310,58,570,84,1128,996,1,-1,-1,-1
311,57,0,30,467,183,1,-1,-1,-1
311,58,580,100,1074,963,1,-1,-1,-1
312,58,585,111,1074,963,1,-1,-1,-1
313,58,585,111,1074,963,1,-1,-1,-1
313,59,0,66,423,183,1,-1,-1,-1
314,58,581,114,1074,963,1,-1,-1,-1
314,59,0,66,404,183,1,-1,-1,-1
315,58,575,124,1074,956,1,-1,-1,-1
315,59,0,70,372,183,1,-1,-1,-1
316,58,579,104,1074,963,1,-1,-1,-1
316,59,0,69,354,192,1,-1,-1,-1
317,58,580,113,1074,963,1,-1,-1,-1
317,59,0,71,333,192,1,-1,-1,-1
318,58,594,112,1074,963,1,-1,-1,-1
318,59,0,70,300,192,1,-1,-1,-1
319,58,585,84,1128,996,1,-1,-1,-1
319,59,0,67,267,202,1,-1,-1,-1
320,58,621,100,1074,963,1,-1,-1,-1
320,59,0,67,235,192,1,-1,-1,-1
321,58,621,100,1074,963,1,-1,-1,-1
321,59,0,67,235,192,1,-1,-1,-1
321,60,1569,633,348,282,1,-1,-1,-1
321,61,1008,612,483,459,1,-1,-1,-1
321,62,351,462,480,369,1,-1,-1,-1
322,58,593,77,1128,1003,1,-1,-1,-1
322,59,0,62,182,192,1,-1,-1,-1
322,60,1555,632,348,282,1,-1,-1,-1
322,61,1016,618,483,459,1,-1,-1,-1
322,62,346,463,480,369,1,-1,-1,-1
