1,0,1100,732,180,116,1,-1,-1,-1
1,1,256,764,276,96,1,-1,-1,-1
1,2,1452,724,192,100,1,-1,-1,-1
1,3,356,708,292,124,1,-1,-1,-1
1,4,736,720,120,108,1,-1,-1,-1
2,0,1101,729,180,116,1,-1,-1,-1
2,1,230,765,276,96,1,-1,-1,-1
2,2,1431,724,192,100,1,-1,-1,-1
2,3,334,709,292,124,1,-1,-1,-1
2,4,723,719,120,108,1,-1,-1,-1
3,0,1103,727,180,116,1,-1,-1,-1
3,1,202,767,276,96,1,-1,-1,-1
3,2,1408,725,192,100,1,-1,-1,-1
3,3,309,709,292,124,1,-1,-1,-1
3,4,709,717,120,108,1,-1,-1,-1
4,0,1104,718,189,122,1,-1,-1,-1
4,1,168,766,290,101,1,-1,-1,-1
4,2,1375,722,202,105,1,-1,-1,-1
4,3,288,710,292,124,1,-1,-1,-1
4,4,695,716,120,108,1,-1,-1,-1
5,0,1113,715,189,122,1,-1,-1,-1
5,1,138,765,290,101,1,-1,-1,-1
5,2,1341,719,202,105,1,-1,-1,-1
5,3,268,711,292,124,1,-1,-1,-1
5,4,682,715,120,108,1,-1,-1,-1
6,0,1126,713,189,122,1,-1,-1,-1
6,1,101,765,290,101,1,-1,-1,-1
6,2,1305,717,202,105,1,-1,-1,-1
6,3,248,713,292,124,1,-1,-1,-1
6,4,669,716,120,108,1,-1,-1,-1
7,1,62,762,304,106,1,-1,-1,-1
7,2,1270,717,202,105,1,-1,-1,-1
7,3,215,713,307,130,1,-1,-1,-1
7,4,656,715,120,108,1,-1,-1,-1
8,1,30,762,304,106,1,-1,-1,-1
8,2,1235,718,202,105,1,-1,-1,-1
8,3,199,717,292,124,1,-1,-1,-1
8,4,647,714,120,108,1,-1,-1,-1
9,1,68,768,244,128,1,-1,-1,-1
9,2,1232,708,176,120,1,-1,-1,-1
9,3,199,717,292,124,1,-1,-1,-1
9,4,647,714,120,108,1,-1,-1,-1
9,5,432,704,208,124,1,-1,-1,-1
9,6,1956,760,144,156,1,-1,-1,-1
10,1,45,772,244,128,1,-1,-1,-1
10,2,1213,707,176,120,1,-1,-1,-1
10,3,184,707,307,130,1,-1,-1,-1
10,4,627,705,126,113,1,-1,-1,-1
10,5,419,704,208,124,1,-1,-1,-1
10,6,1942,758,144,156,1,-1,-1,-1
11,1,23,771,256,134,1,-1,-1,-1
11,2,1199,703,176,120,1,-1,-1,-1
11,4,620,704,126,113,1,-1,-1,-1
11,5,406,705,208,124,1,-1,-1,-1
11,6,1928,757,144,156,1,-1,-1,-1
12,1,0,772,251,134,1,-1,-1,-1
12,2,1185,703,168,114,1,-1,-1,-1
12,4,610,704,126,113,1,-1,-1,-1
12,5,388,703,218,130,1,-1,-1,-1
12,6,1916,755,144,156,1,-1,-1,-1
13,1,0,773,254,134,1,-1,-1,-1
13,2,1172,701,168,114,1,-1,-1,-1
13,5,380,703,218,130,1,-1,-1,-1
13,6,1904,752,144,156,1,-1,-1,-1
14,1,0,775,251,134,1,-1,-1,-1
14,2,1115,701,168,114,1,-1,-1,-1
14,5,369,702,218,130,1,-1,-1,-1
14,6,1893,750,144,156,1,-1,-1,-1
15,5,362,702,218,130,1,-1,-1,-1
15,6,1881,749,144,156,1,-1,-1,-1
16,5,352,701,218,130,1,-1,-1,-1
16,6,1871,747,144,156,1,-1,-1,-1
17,5,312,700,244,140,1,-1,-1,-1
17,6,1800,720,212,180,1,-1,-1,-1
17,7,2060,768,296,188,1,-1,-1,-1
17,8,44,728,304,144,1,-1,-1,-1
17,9,576,708,104,120,1,-1,-1,-1
17,10,1696,732,128,104,1,-1,-1,-1
18,5,306,701,244,140,1,-1,-1,-1
18,6,1786,719,212,180,1,-1,-1,-1
18,7,2041,765,296,188,1,-1,-1,-1
18,8,34,729,304,144,1,-1,-1,-1
18,9,567,708,104,120,1,-1,-1,-1
18,10,1682,732,128,104,1,-1,-1,-1
19,5,299,700,244,140,1,-1,-1,-1
19,6,1776,718,212,180,1,-1,-1,-1
19,7,2027,769,296,188,1,-1,-1,-1
19,8,26,731,304,144,1,-1,-1,-1
19,9,558,708,104,120,1,-1,-1,-1
19,10,1669,731,128,104,1,-1,-1,-1
20,5,292,700,244,140,1,-1,-1,-1
20,6,1768,717,212,180,1,-1,-1,-1
20,7,2009,764,296,188,1,-1,-1,-1
20,8,21,732,304,144,1,-1,-1,-1
20,9,554,706,104,120,1,-1,-1,-1
20,10,1657,728,128,104,1,-1,-1,-1
21,5,286,700,244,140,1,-1,-1,-1
21,6,1755,714,212,180,1,-1,-1,-1
21,7,1987,762,296,188,1,-1,-1,-1
21,8,15,733,304,144,1,-1,-1,-1
21,9,549,704,104,120,1,-1,-1,-1
21,10,1642,724,128,104,1,-1,-1,-1
22,5,279,700,244,140,1,-1,-1,-1
22,6,1742,714,212,180,1,-1,-1,-1
22,7,1950,755,311,197,1,-1,-1,-1
22,8,29,737,290,137,1,-1,-1,-1
22,9,541,705,104,120,1,-1,-1,-1
22,10,1630,722,128,104,1,-1,-1,-1
23,5,272,700,244,140,1,-1,-1,-1
23,6,1722,713,212,180,1,-1,-1,-1
23,7,1921,751,311,197,1,-1,-1,-1
23,8,25,736,290,137,1,-1,-1,-1
23,9,531,707,104,120,1,-1,-1,-1
23,10,1615,722,128,104,1,-1,-1,-1
24,5,273,702,232,133,1,-1,-1,-1
24,6,1706,708,223,189,1,-1,-1,-1
24,7,1891,742,311,197,1,-1,-1,-1
24,8,26,735,290,137,1,-1,-1,-1
24,9,524,708,104,120,1,-1,-1,-1
24,10,1600,723,128,104,1,-1,-1,-1
25,5,292,700,212,132,1,-1,-1,-1
25,6,1684,728,212,120,1,-1,-1,-1
25,7,1844,768,328,156,1,-1,-1,-1
25,8,60,728,276,136,1,-1,-1,-1
25,9,464,712,152,116,1,-1,-1,-1
25,10,1600,723,128,104,1,-1,-1,-1
25,11,952,648,148,104,1,-1,-1,-1
26,5,288,700,212,132,1,-1,-1,-1
26,6,1671,726,212,120,1,-1,-1,-1
26,7,1821,768,328,156,1,-1,-1,-1
26,8,57,728,276,136,1,-1,-1,-1
26,9,454,713,152,116,1,-1,-1,-1
26,10,1576,725,122,99,1,-1,-1,-1
26,11,950,649,148,104,1,-1,-1,-1
27,5,283,699,212,132,1,-1,-1,-1
27,6,1661,723,212,120,1,-1,-1,-1
27,7,1808,768,328,156,1,-1,-1,-1
27,8,55,728,276,136,1,-1,-1,-1
27,9,445,714,152,116,1,-1,-1,-1
27,10,1568,723,122,99,1,-1,-1,-1
27,11,948,651,148,104,1,-1,-1,-1
28,5,281,698,212,132,1,-1,-1,-1
28,6,1651,721,212,120,1,-1,-1,-1
28,7,1776,764,328,156,1,-1,-1,-1
28,8,55,729,276,136,1,-1,-1,-1
28,9,434,709,160,122,1,-1,-1,-1
28,10,1571,717,122,99,1,-1,-1,-1
28,11,944,652,148,104,1,-1,-1,-1
29,5,284,700,202,126,1,-1,-1,-1
29,6,1610,717,212,120,1,-1,-1,-1
29,7,1735,761,328,156,1,-1,-1,-1
29,8,57,729,276,136,1,-1,-1,-1
29,9,441,708,160,122,1,-1,-1,-1
29,10,1574,719,122,99,1,-1,-1,-1
29,11,943,653,148,104,1,-1,-1,-1
30,5,284,698,202,126,1,-1,-1,-1
30,7,1702,752,328,156,1,-1,-1,-1
30,8,61,728,276,136,1,-1,-1,-1
30,9,441,707,160,122,1,-1,-1,-1
30,11,938,651,155,109,1,-1,-1,-1
31,5,290,697,202,126,1,-1,-1,-1
31,7,1663,749,328,156,1,-1,-1,-1
31,8,65,726,276,136,1,-1,-1,-1
31,9,446,712,152,116,1,-1,-1,-1
31,11,939,653,155,109,1,-1,-1,-1
32,5,291,696,202,126,1,-1,-1,-1
32,7,1627,741,328,156,1,-1,-1,-1
32,8,76,730,263,130,1,-1,-1,-1
32,9,443,711,152,116,1,-1,-1,-1
32,11,938,650,163,115,1,-1,-1,-1
33,5,291,696,202,126,1,-1,-1,-1
33,7,1608,748,268,144,1,-1,-1,-1
33,8,84,720,296,140,1,-1,-1,-1
33,9,356,716,240,116,1,-1,-1,-1
33,11,932,644,176,128,1,-1,-1,-1
33,12,1508,688,216,108,1,-1,-1,-1
34,5,343,709,202,126,1,-1,-1,-1
34,7,1595,751,268,144,1,-1,-1,-1
34,8,87,720,296,140,1,-1,-1,-1
34,9,354,715,240,116,1,-1,-1,-1
34,11,933,645,176,128,1,-1,-1,-1
34,12,1489,687,216,108,1,-1,-1,-1
35,5,356,723,192,120,1,-1,-1,-1
35,7,1605,748,268,144,1,-1,-1,-1
35,8,91,719,296,140,1,-1,-1,-1
35,9,355,719,229,110,1,-1,-1,-1
35,11,935,646,176,128,1,-1,-1,-1
35,12,1470,685,216,108,1,-1,-1,-1
36,7,1603,743,268,144,1,-1,-1,-1
36,8,96,719,296,140,1,-1,-1,-1
36,9,349,719,229,110,1,-1,-1,-1
36,11,937,648,176,128,1,-1,-1,-1
36,12,1447,683,216,108,1,-1,-1,-1
37,7,1598,738,268,144,1,-1,-1,-1
37,8,109,717,296,140,1,-1,-1,-1
37,9,345,718,229,110,1,-1,-1,-1
37,11,938,651,176,128,1,-1,-1,-1
37,12,1427,681,216,108,1,-1,-1,-1
38,8,111,716,296,140,1,-1,-1,-1
38,9,344,722,218,105,1,-1,-1,-1
38,11,939,651,176,128,1,-1,-1,-1
38,12,1413,676,216,108,1,-1,-1,-1
39,8,129,714,296,140,1,-1,-1,-1
39,9,350,723,218,105,1,-1,-1,-1
39,11,941,652,176,128,1,-1,-1,-1
39,12,1394,675,216,108,1,-1,-1,-1
40,8,130,714,296,140,1,-1,-1,-1
40,9,332,729,218,105,1,-1,-1,-1
40,11,944,653,176,128,1,-1,-1,-1
41,8,164,712,220,140,1,-1,-1,-1
41,9,380,728,160,104,1,-1,-1,-1
41,11,944,653,176,128,1,-1,-1,-1
41,13,24,708,132,148,1,-1,-1,-1
41,14,1376,720,220,112,1,-1,-1,-1
41,15,1740,728,204,108,1,-1,-1,-1
41,16,1368,672,184,72,1,-1,-1,-1
42,8,167,712,220,140,1,-1,-1,-1
42,9,378,729,160,104,1,-1,-1,-1
42,11,956,657,176,128,1,-1,-1,-1
42,13,29,708,132,148,1,-1,-1,-1
42,14,1357,725,210,107,1,-1,-1,-1
42,15,1753,731,204,108,1,-1,-1,-1
42,16,1346,673,184,72,1,-1,-1,-1
43,8,169,711,220,140,1,-1,-1,-1
43,9,375,730,160,104,1,-1,-1,-1
43,11,962,658,176,128,1,-1,-1,-1
43,13,33,709,132,148,1,-1,-1,-1
43,14,1336,727,210,107,1,-1,-1,-1
43,15,1767,731,214,113,1,-1,-1,-1
43,16,1332,675,175,69,1,-1,-1,-1
44,8,171,711,220,140,1,-1,-1,-1
44,9,373,731,160,104,1,-1,-1,-1
44,11,967,663,168,122,1,-1,-1,-1
44,13,38,709,132,148,1,-1,-1,-1
44,14,1319,727,200,102,1,-1,-1,-1
44,15,1812,749,214,113,1,-1,-1,-1
44,16,1321,675,167,65,1,-1,-1,-1
45,8,172,711,220,140,1,-1,-1,-1
45,9,359,731,160,104,1,-1,-1,-1
45,11,967,665,168,122,1,-1,-1,-1
45,13,41,709,132,148,1,-1,-1,-1
45,14,1300,728,200,102,1,-1,-1,-1
45,15,1849,753,214,113,1,-1,-1,-1
45,16,1310,670,167,65,1,-1,-1,-1
46,8,174,711,220,140,1,-1,-1,-1
46,9,367,732,152,99,1,-1,-1,-1
46,11,968,666,168,122,1,-1,-1,-1
46,13,43,710,132,148,1,-1,-1,-1
46,14,1235,720,200,102,1,-1,-1,-1
46,15,1868,757,214,113,1,-1,-1,-1
46,16,1307,665,167,65,1,-1,-1,-1
47,8,180,714,210,133,1,-1,-1,-1
47,9,352,734,145,94,1,-1,-1,-1
47,11,970,667,168,122,1,-1,-1,-1
47,13,44,711,132,148,1,-1,-1,-1
47,15,1880,756,225,119,1,-1,-1,-1
47,16,1289,667,167,65,1,-1,-1,-1
48,8,180,713,210,133,1,-1,-1,-1
48,9,344,732,145,94,1,-1,-1,-1
48,11,970,665,168,122,1,-1,-1,-1
48,13,44,713,132,148,1,-1,-1,-1
48,15,1923,763,225,119,1,-1,-1,-1
49,8,180,713,210,133,1,-1,-1,-1
49,9,344,732,145,94,1,-1,-1,-1
49,11,1000,688,144,100,1,-1,-1,-1
49,13,44,713,132,148,1,-1,-1,-1
49,15,1923,763,225,119,1,-1,-1,-1
49,17,1300,612,92,128,1,-1,-1,-1
49,18,1260,684,140,116,1,-1,-1,-1
50,8,176,714,210,133,1,-1,-1,-1
50,9,360,728,152,99,1,-1,-1,-1
50,11,997,688,144,100,1,-1,-1,-1
50,13,35,716,132,148,1,-1,-1,-1
50,15,1988,772,225,119,1,-1,-1,-1
50,17,1288,605,92,128,1,-1,-1,-1
50,18,1241,681,147,122,1,-1,-1,-1
51,8,170,713,210,133,1,-1,-1,-1
51,11,992,688,144,100,1,-1,-1,-1
51,13,25,717,132,148,1,-1,-1,-1
51,15,2028,768,236,125,1,-1,-1,-1
51,17,1274,585,97,134,1,-1,-1,-1
51,18,1218,676,147,122,1,-1,-1,-1
52,8,159,710,220,140,1,-1,-1,-1
52,11,987,690,144,100,1,-1,-1,-1
52,13,16,719,132,148,1,-1,-1,-1
52,17,1265,576,92,128,1,-1,-1,-1
52,18,1194,682,147,122,1,-1,-1,-1
53,8,147,713,220,140,1,-1,-1,-1
53,11,981,691,144,100,1,-1,-1,-1
53,13,5,724,132,148,1,-1,-1,-1
53,17,1269,555,88,122,1,-1,-1,-1
53,18,1176,679,147,122,1,-1,-1,-1
54,8,135,710,231,147,1,-1,-1,-1
54,11,975,691,144,100,1,-1,-1,-1
54,13,0,724,124,148,1,-1,-1,-1
55,8,119,712,231,147,1,-1,-1,-1
55,11,960,689,144,100,1,-1,-1,-1
55,13,0,723,110,148,1,-1,-1,-1
56,8,106,712,231,147,1,-1,-1,-1
56,11,950,689,144,100,1,-1,-1,-1
56,13,0,725,93,148,1,-1,-1,-1
57,8,106,712,231,147,1,-1,-1,-1
57,11,950,689,144,100,1,-1,-1,-1
57,13,0,725,93,148,1,-1,-1,-1
57,19,1216,1188,192,152,1,-1,-1,-1
58,8,64,715,231,147,1,-1,-1,-1
58,11,920,687,144,100,1,-1,-1,-1
58,13,1,742,139,155,1,-1,-1,-1
58,19,1192,1154,192,152,1,-1,-1,-1
59,8,39,719,231,147,1,-1,-1,-1
59,11,904,690,144,100,1,-1,-1,-1
59,13,3,740,146,163,1,-1,-1,-1
59,19,1165,1135,192,152,1,-1,-1,-1
60,8,13,721,231,147,1,-1,-1,-1
60,19,1132,1150,202,160,1,-1,-1,-1
61,8,0,722,221,147,1,-1,-1,-1
61,19,1108,1190,202,160,1,-1,-1,-1
62,8,0,726,196,147,1,-1,-1,-1
62,19,1097,1212,202,160,1,-1,-1,-1
63,19,1075,1231,202,160,1,-1,-1,-1
64,19,1049,1264,202,160,1,-1,-1,-1
65,19,1049,1264,202,160,1,-1,-1,-1
65,20,132,716,140,128,1,-1,-1,-1
66,19,1015,1286,202,154,1,-1,-1,-1
66,20,120,720,140,128,1,-1,-1,-1
67,19,1011,1289,192,151,1,-1,-1,-1
67,20,111,722,140,128,1,-1,-1,-1
68,19,1001,1277,192,152,1,-1,-1,-1
68,20,103,722,140,128,1,-1,-1,-1
69,19,993,1263,192,152,1,-1,-1,-1
69,20,100,723,140,128,1,-1,-1,-1
70,19,994,1262,192,152,1,-1,-1,-1
70,20,95,726,140,128,1,-1,-1,-1
71,19,1004,1266,192,152,1,-1,-1,-1
71,20,93,731,140,128,1,-1,-1,-1
72,19,1018,1280,192,152,1,-1,-1,-1
72,20,97,726,140,128,1,-1,-1,-1
73,19,1018,1280,192,152,1,-1,-1,-1
73,20,97,726,140,128,1,-1,-1,-1
73,21,0,748,140,132,1,-1,-1,-1
73,22,1736,804,288,140,1,-1,-1,-1
74,19,1045,1316,192,124,1,-1,-1,-1
74,20,106,722,147,134,1,-1,-1,-1
74,21,9,749,140,132,1,-1,-1,-1
74,22,1728,803,288,140,1,-1,-1,-1
75,19,1065,1335,192,105,1,-1,-1,-1
75,20,108,728,147,134,1,-1,-1,-1
75,21,17,750,140,132,1,-1,-1,-1
75,22,1722,805,274,133,1,-1,-1,-1
76,19,1084,1349,192,91,1,-1,-1,-1
76,21,27,751,140,132,1,-1,-1,-1
76,22,1709,807,274,133,1,-1,-1,-1
77,19,1098,1337,192,103,1,-1,-1,-1
77,21,41,751,140,132,1,-1,-1,-1
77,22,1701,806,274,133,1,-1,-1,-1
78,19,1121,1317,192,123,1,-1,-1,-1
78,21,55,753,140,132,1,-1,-1,-1
79,19,1147,1300,192,140,1,-1,-1,-1
79,21,48,751,140,132,1,-1,-1,-1
80,19,1176,1294,192,146,1,-1,-1,-1
80,21,0,764,141,139,1,-1,-1,-1
81,19,1176,1294,192,146,1,-1,-1,-1
81,21,0,764,141,139,1,-1,-1,-1
81,23,1656,772,260,148,1,-1,-1,-1
81,24,136,776,232,140,1,-1,-1,-1
81,25,4,732,252,156,1,-1,-1,-1
81,26,1164,704,228,92,1,-1,-1,-1
82,19,1226,1302,192,138,1,-1,-1,-1
82,23,1650,772,260,148,1,-1,-1,-1
82,24,145,779,232,140,1,-1,-1,-1
82,25,22,731,252,156,1,-1,-1,-1
82,26,1193,706,228,92,1,-1,-1,-1
83,19,1252,1317,192,123,1,-1,-1,-1
83,23,1629,764,260,148,1,-1,-1,-1
83,24,150,779,232,140,1,-1,-1,-1
83,25,42,731,252,156,1,-1,-1,-1
83,26,1234,709,228,92,1,-1,-1,-1
84,19,1281,1318,192,122,1,-1,-1,-1
84,23,1617,762,260,148,1,-1,-1,-1
84,24,168,778,232,140,1,-1,-1,-1
84,25,69,730,252,156,1,-1,-1,-1
84,26,1266,708,228,92,1,-1,-1,-1
85,19,1310,1317,192,123,1,-1,-1,-1
85,23,1626,752,260,148,1,-1,-1,-1
85,24,147,795,232,140,1,-1,-1,-1
85,25,89,732,252,156,1,-1,-1,-1
85,26,1324,712,217,88,1,-1,-1,-1
86,19,1335,1313,192,127,1,-1,-1,-1
86,23,1610,750,248,141,1,-1,-1,-1
86,24,128,803,232,140,1,-1,-1,-1
86,25,118,736,252,156,1,-1,-1,-1
86,26,1370,719,217,88,1,-1,-1,-1
87,19,1357,1312,192,128,1,-1,-1,-1
87,25,141,749,265,164,1,-1,-1,-1
88,19,1378,1311,192,129,1,-1,-1,-1
89,19,1378,1311,192,129,1,-1,-1,-1
89,27,0,824,360,136,1,-1,-1,-1
89,28,0,760,140,124,1,-1,-1,-1
89,29,1236,756,192,80,1,-1,-1,-1
89,30,236,736,244,120,1,-1,-1,-1
89,31,1064,700,224,108,1,-1,-1,-1
89,32,1448,720,180,112,1,-1,-1,-1
89,33,1648,764,152,124,1,-1,-1,-1
90,19,1425,1306,192,134,1,-1,-1,-1
90,27,0,825,338,136,1,-1,-1,-1
90,28,15,759,140,124,1,-1,-1,-1
90,29,1265,755,192,80,1,-1,-1,-1
90,30,258,737,244,120,1,-1,-1,-1
90,31,1091,700,224,108,1,-1,-1,-1
90,32,1468,721,180,112,1,-1,-1,-1
90,33,1649,761,152,124,1,-1,-1,-1
91,19,1446,1303,192,137,1,-1,-1,-1
91,27,0,832,299,130,1,-1,-1,-1
91,28,32,757,140,124,1,-1,-1,-1
91,29,1300,757,192,80,1,-1,-1,-1
91,30,280,737,244,120,1,-1,-1,-1
91,31,1114,700,224,108,1,-1,-1,-1
91,32,1488,719,180,112,1,-1,-1,-1
91,33,1651,754,152,124,1,-1,-1,-1
92,19,1460,1299,192,141,1,-1,-1,-1
92,27,0,835,262,123,1,-1,-1,-1
92,28,48,755,140,124,1,-1,-1,-1
92,29,1328,757,192,80,1,-1,-1,-1
92,30,300,738,244,120,1,-1,-1,-1
92,31,1131,701,224,108,1,-1,-1,-1
92,32,1503,718,180,112,1,-1,-1,-1
92,33,1668,760,145,118,1,-1,-1,-1
93,19,1471,1300,192,140,1,-1,-1,-1
93,27,0,836,254,123,1,-1,-1,-1
93,28,60,757,140,124,1,-1,-1,-1
93,29,1364,762,192,80,1,-1,-1,-1
93,30,303,732,256,126,1,-1,-1,-1
93,31,1150,699,224,108,1,-1,-1,-1
93,32,1523,719,171,107,1,-1,-1,-1
93,33,1654,758,145,118,1,-1,-1,-1
94,19,1487,1307,192,133,1,-1,-1,-1
94,28,73,759,140,124,1,-1,-1,-1
94,29,1371,763,183,76,1,-1,-1,-1
94,30,320,730,269,132,1,-1,-1,-1
94,31,1166,698,224,108,1,-1,-1,-1
94,32,1533,716,171,107,1,-1,-1,-1
95,19,1497,1314,192,126,1,-1,-1,-1
95,28,83,759,140,124,1,-1,-1,-1
95,30,333,731,269,132,1,-1,-1,-1
95,31,1175,695,235,113,1,-1,-1,-1
95,32,1546,715,171,107,1,-1,-1,-1
96,19,1503,1315,192,125,1,-1,-1,-1
96,28,94,761,140,124,1,-1,-1,-1
96,30,347,733,269,132,1,-1,-1,-1
96,31,1184,693,247,119,1,-1,-1,-1
96,32,1555,712,171,107,1,-1,-1,-1
97,19,1503,1315,192,125,1,-1,-1,-1
97,28,94,761,140,124,1,-1,-1,-1
97,30,444,740,168,128,1,-1,-1,-1
97,31,1240,704,184,104,1,-1,-1,-1
97,32,1555,712,171,107,1,-1,-1,-1
97,34,20,768,236,156,1,-1,-1,-1
97,35,268,740,172,152,1,-1,-1,-1
97,36,1340,724,216,100,1,-1,-1,-1
97,37,1496,728,272,140,1,-1,-1,-1
98,19,1520,1298,192,142,1,-1,-1,-1
98,28,107,766,140,124,1,-1,-1,-1
98,30,455,739,168,128,1,-1,-1,-1
98,31,1258,706,184,104,1,-1,-1,-1
98,34,23,769,236,156,1,-1,-1,-1
98,35,279,740,172,152,1,-1,-1,-1
98,36,1360,724,216,100,1,-1,-1,-1
98,37,1508,726,272,140,1,-1,-1,-1
99,19,1532,1291,192,149,1,-1,-1,-1
99,28,110,771,140,124,1,-1,-1,-1
99,30,460,741,168,128,1,-1,-1,-1
99,31,1271,707,193,109,1,-1,-1,-1
99,34,21,766,248,164,1,-1,-1,-1
99,35,285,740,172,152,1,-1,-1,-1
99,36,1391,726,206,95,1,-1,-1,-1
99,37,1519,725,272,140,1,-1,-1,-1
100,19,1544,1265,192,152,1,-1,-1,-1
100,28,112,774,140,124,1,-1,-1,-1
100,30,473,744,176,134,1,-1,-1,-1
100,31,1271,710,193,109,1,-1,-1,-1
100,34,23,768,248,164,1,-1,-1,-1
100,35,292,740,172,152,1,-1,-1,-1
100,36,1418,728,206,95,1,-1,-1,-1
100,37,1542,726,272,140,1,-1,-1,-1
101,19,1540,1230,192,152,1,-1,-1,-1
101,30,486,744,176,134,1,-1,-1,-1
101,31,1286,709,193,109,1,-1,-1,-1
101,34,25,769,248,164,1,-1,-1,-1
101,35,298,739,172,152,1,-1,-1,-1
101,36,1443,727,216,100,1,-1,-1,-1
101,37,1621,724,286,147,1,-1,-1,-1
102,19,1516,1204,202,160,1,-1,-1,-1
102,30,500,745,176,134,1,-1,-1,-1
102,31,1302,707,193,109,1,-1,-1,-1
102,34,24,768,248,164,1,-1,-1,-1
102,35,302,738,172,152,1,-1,-1,-1
102,36,1455,723,227,105,1,-1,-1,-1
103,19,1495,1189,202,160,1,-1,-1,-1
103,30,507,750,168,128,1,-1,-1,-1
103,34,24,767,248,164,1,-1,-1,-1
103,35,305,738,172,152,1,-1,-1,-1
104,19,1484,1183,202,160,1,-1,-1,-1
104,30,525,752,168,128,1,-1,-1,-1
104,34,21,767,248,164,1,-1,-1,-1
104,35,311,738,172,152,1,-1,-1,-1
105,19,1484,1183,202,160,1,-1,-1,-1
105,30,525,752,168,128,1,-1,-1,-1
105,34,4,768,264,160,1,-1,-1,-1
105,35,320,740,168,148,1,-1,-1,-1
105,38,1840,752,272,148,1,-1,-1,-1
105,39,536,760,284,112,1,-1,-1,-1
105,40,1348,712,188,100,1,-1,-1,-1
105,41,1552,720,160,116,1,-1,-1,-1
106,19,1521,1197,202,160,1,-1,-1,-1
106,34,4,768,264,160,1,-1,-1,-1
106,35,323,740,168,148,1,-1,-1,-1
106,38,1846,750,272,148,1,-1,-1,-1
106,39,558,760,284,112,1,-1,-1,-1
106,40,1361,712,188,100,1,-1,-1,-1
106,41,1556,720,160,116,1,-1,-1,-1
107,19,1515,1213,202,160,1,-1,-1,-1
107,34,4,768,264,160,1,-1,-1,-1
107,35,328,740,168,148,1,-1,-1,-1
107,38,1853,749,272,148,1,-1,-1,-1
107,39,580,754,298,118,1,-1,-1,-1
107,40,1369,713,188,100,1,-1,-1,-1
107,41,1559,719,160,116,1,-1,-1,-1
108,19,1487,1199,202,160,1,-1,-1,-1
108,34,5,768,264,160,1,-1,-1,-1
108,35,332,740,168,148,1,-1,-1,-1
108,38,1845,747,286,155,1,-1,-1,-1
108,39,638,755,284,112,1,-1,-1,-1
108,40,1375,713,188,100,1,-1,-1,-1
108,41,1563,720,160,116,1,-1,-1,-1
109,19,1466,1160,202,160,1,-1,-1,-1
109,34,4,769,264,160,1,-1,-1,-1
109,35,336,740,168,148,1,-1,-1,-1
109,38,1858,747,272,148,1,-1,-1,-1
109,39,680,752,284,112,1,-1,-1,-1
109,40,1380,712,188,100,1,-1,-1,-1
109,41,1567,721,160,116,1,-1,-1,-1
110,19,1479,1135,202,160,1,-1,-1,-1
110,34,1,768,264,160,1,-1,-1,-1
110,35,341,740,168,148,1,-1,-1,-1
110,38,1854,740,272,148,1,-1,-1,-1
110,39,740,751,270,107,1,-1,-1,-1
110,40,1387,711,188,100,1,-1,-1,-1
110,41,1572,719,160,116,1,-1,-1,-1
111,19,1509,1146,202,160,1,-1,-1,-1
111,34,0,763,270,168,1,-1,-1,-1
111,35,346,740,168,148,1,-1,-1,-1
111,40,1389,709,188,100,1,-1,-1,-1
111,41,1574,718,160,116,1,-1,-1,-1
112,19,1549,1153,202,160,1,-1,-1,-1
112,34,0,761,270,168,1,-1,-1,-1
112,35,353,739,168,148,1,-1,-1,-1
112,40,1390,709,188,100,1,-1,-1,-1
112,41,1576,718,160,116,1,-1,-1,-1
113,19,1549,1153,202,160,1,-1,-1,-1
113,34,0,768,248,156,1,-1,-1,-1
113,35,348,732,228,144,1,-1,-1,-1
113,40,1408,720,140,96,1,-1,-1,-1
113,41,1576,718,160,116,1,-1,-1,-1
113,42,2196,744,152,148,1,-1,-1,-1
113,43,828,732,292,136,1,-1,-1,-1
114,19,1590,1168,202,160,1,-1,-1,-1
114,34,0,768,244,156,1,-1,-1,-1
114,35,354,732,228,144,1,-1,-1,-1
114,40,1407,719,140,96,1,-1,-1,-1
114,41,1577,713,160,116,1,-1,-1,-1
114,42,2207,743,152,148,1,-1,-1,-1
114,43,857,734,292,136,1,-1,-1,-1
115,19,1591,1200,202,160,1,-1,-1,-1
115,34,0,766,240,156,1,-1,-1,-1
115,35,362,733,228,144,1,-1,-1,-1
115,40,1405,718,140,96,1,-1,-1,-1
115,41,1575,707,168,122,1,-1,-1,-1
115,42,2210,742,152,148,1,-1,-1,-1
115,43,893,738,292,136,1,-1,-1,-1
116,19,1584,1230,202,160,1,-1,-1,-1
116,34,0,764,238,156,1,-1,-1,-1
116,35,374,731,228,144,1,-1,-1,-1
116,40,1402,717,140,96,1,-1,-1,-1
116,41,1578,704,168,122,1,-1,-1,-1
116,42,2203,732,160,155,1,-1,-1,-1
116,43,893,739,292,136,1,-1,-1,-1
117,19,1569,1238,202,160,1,-1,-1,-1
117,34,0,762,236,156,1,-1,-1,-1
117,35,392,725,228,144,1,-1,-1,-1
117,40,1400,717,140,96,1,-1,-1,-1
117,42,2205,725,160,155,1,-1,-1,-1
117,43,871,741,292,136,1,-1,-1,-1
118,19,1565,1239,202,160,1,-1,-1,-1
118,34,0,759,236,156,1,-1,-1,-1
118,35,412,718,228,144,1,-1,-1,-1
118,40,1394,714,147,101,1,-1,-1,-1
118,42,2201,686,160,155,1,-1,-1,-1
119,19,1571,1240,192,152,1,-1,-1,-1
119,34,0,759,233,156,1,-1,-1,-1
119,35,432,711,228,144,1,-1,-1,-1
119,40,1391,714,147,101,1,-1,-1,-1
119,42,2196,691,160,155,1,-1,-1,-1
120,19,1573,1230,192,152,1,-1,-1,-1
120,34,0,759,232,156,1,-1,-1,-1
120,35,447,707,228,144,1,-1,-1,-1
120,40,1382,711,154,106,1,-1,-1,-1
121,19,1573,1230,192,152,1,-1,-1,-1
121,34,0,752,228,164,1,-1,-1,-1
121,35,460,720,232,132,1,-1,-1,-1
121,40,1392,712,144,100,1,-1,-1,-1
121,44,2220,732,192,164,1,-1,-1,-1
121,45,1212,712,172,92,1,-1,-1,-1
122,19,1575,1233,192,152,1,-1,-1,-1
122,34,0,751,225,164,1,-1,-1,-1
122,35,466,720,232,132,1,-1,-1,-1
122,40,1390,712,144,100,1,-1,-1,-1
122,44,2212,728,202,172,1,-1,-1,-1
122,45,1232,708,172,92,1,-1,-1,-1
123,19,1570,1234,192,152,1,-1,-1,-1
123,34,0,751,221,164,1,-1,-1,-1
123,35,481,721,232,132,1,-1,-1,-1
123,40,1386,712,144,100,1,-1,-1,-1
123,44,2195,722,212,181,1,-1,-1,-1
123,45,1264,705,172,92,1,-1,-1,-1
124,19,1556,1233,192,152,1,-1,-1,-1
124,34,0,750,217,164,1,-1,-1,-1
124,35,498,715,232,132,1,-1,-1,-1
124,40,1379,711,144,100,1,-1,-1,-1
124,44,2184,723,212,181,1,-1,-1,-1
124,45,1319,699,181,97,1,-1,-1,-1
125,19,1544,1234,192,152,1,-1,-1,-1
125,34,0,753,205,156,1,-1,-1,-1
125,35,517,711,232,132,1,-1,-1,-1
125,40,1371,708,151,105,1,-1,-1,-1
125,44,2179,723,212,181,1,-1,-1,-1
125,45,1339,698,190,101,1,-1,-1,-1
126,19,1529,1236,192,152,1,-1,-1,-1
126,34,0,753,200,156,1,-1,-1,-1
126,35,529,707,232,132,1,-1,-1,-1
126,40,1364,708,151,105,1,-1,-1,-1
126,44,2175,730,212,181,1,-1,-1,-1
126,45,1340,699,190,101,1,-1,-1,-1
127,19,1518,1242,192,152,1,-1,-1,-1
127,34,0,753,190,156,1,-1,-1,-1
127,35,552,710,221,126,1,-1,-1,-1
127,40,1358,709,151,105,1,-1,-1,-1
127,44,2162,737,212,181,1,-1,-1,-1
127,45,1339,701,190,101,1,-1,-1,-1
128,19,1500,1250,192,152,1,-1,-1,-1
128,34,0,754,180,156,1,-1,-1,-1
128,35,554,704,232,132,1,-1,-1,-1
128,40,1350,709,151,105,1,-1,-1,-1
128,44,2148,745,212,181,1,-1,-1,-1
128,45,1333,700,190,101,1,-1,-1,-1
129,19,1500,1250,192,152,1,-1,-1,-1
129,34,0,752,192,156,1,-1,-1,-1
129,35,572,700,228,124,1,-1,-1,-1
129,40,1350,709,151,105,1,-1,-1,-1
129,44,2092,780,232,152,1,-1,-1,-1
129,45,1333,700,190,101,1,-1,-1,-1
130,19,1482,1251,192,152,1,-1,-1,-1
130,34,0,752,183,156,1,-1,-1,-1
130,35,584,699,228,124,1,-1,-1,-1
130,40,1340,707,151,105,1,-1,-1,-1
130,44,2082,782,232,152,1,-1,-1,-1
130,45,1328,697,190,101,1,-1,-1,-1
131,19,1482,1238,192,152,1,-1,-1,-1
131,34,0,752,175,156,1,-1,-1,-1
131,35,602,699,228,124,1,-1,-1,-1
131,40,1337,704,159,110,1,-1,-1,-1
131,44,2060,780,244,160,1,-1,-1,-1
132,19,1472,1213,192,152,1,-1,-1,-1
132,34,0,755,161,149,1,-1,-1,-1
132,35,621,700,217,118,1,-1,-1,-1
132,40,1339,704,159,110,1,-1,-1,-1
132,44,2043,781,244,160,1,-1,-1,-1
133,19,1449,1185,192,152,1,-1,-1,-1
133,34,0,753,153,149,1,-1,-1,-1
133,35,642,697,217,118,1,-1,-1,-1
133,40,1343,703,159,110,1,-1,-1,-1
133,44,2022,785,244,160,1,-1,-1,-1
134,19,1434,1175,183,145,1,-1,-1,-1
134,34,0,755,144,141,1,-1,-1,-1
134,35,658,694,217,118,1,-1,-1,-1
134,44,1997,785,244,160,1,-1,-1,-1
135,19,1432,1191,183,145,1,-1,-1,-1
135,34,0,755,133,141,1,-1,-1,-1
135,35,670,694,217,118,1,-1,-1,-1
135,44,1968,787,244,160,1,-1,-1,-1
136,19,1437,1222,183,145,1,-1,-1,-1
136,34,0,755,126,141,1,-1,-1,-1
136,35,690,685,217,118,1,-1,-1,-1
136,44,1946,790,232,152,1,-1,-1,-1
137,19,1437,1222,183,145,1,-1,-1,-1
137,34,0,755,126,141,1,-1,-1,-1
137,35,724,684,164,128,1,-1,-1,-1
137,44,1920,796,236,124,1,-1,-1,-1
138,19,1418,1288,183,145,1,-1,-1,-1
138,34,0,726,105,135,1,-1,-1,-1
138,35,730,683,164,128,1,-1,-1,-1
138,44,1904,796,236,124,1,-1,-1,-1
139,19,1405,1292,183,145,1,-1,-1,-1
139,34,0,728,110,135,1,-1,-1,-1
139,35,742,678,172,134,1,-1,-1,-1
139,44,1883,795,248,130,1,-1,-1,-1
140,19,1400,1278,183,145,1,-1,-1,-1
140,34,0,729,117,135,1,-1,-1,-1
140,35,756,677,172,134,1,-1,-1,-1
140,44,1866,799,248,130,1,-1,-1,-1
141,19,1401,1255,183,145,1,-1,-1,-1
141,35,769,681,164,128,1,-1,-1,-1
141,44,1842,801,248,130,1,-1,-1,-1
142,19,1403,1237,183,145,1,-1,-1,-1
142,35,775,680,164,128,1,-1,-1,-1
142,44,1821,802,248,130,1,-1,-1,-1
143,19,1403,1234,183,145,1,-1,-1,-1
143,35,781,678,164,128,1,-1,-1,-1
143,44,1805,802,248,130,1,-1,-1,-1
144,19,1403,1235,183,145,1,-1,-1,-1
144,35,790,680,156,122,1,-1,-1,-1
144,44,1775,798,260,137,1,-1,-1,-1
145,19,1403,1235,183,145,1,-1,-1,-1
145,35,816,680,128,116,1,-1,-1,-1
145,44,1744,804,240,124,1,-1,-1,-1
145,46,0,780,240,156,1,-1,-1,-1
145,47,1420,704,200,128,1,-1,-1,-1
145,48,1544,672,92,60,1,-1,-1,-1
146,19,1404,1235,183,145,1,-1,-1,-1
146,35,818,680,128,116,1,-1,-1,-1
146,44,1725,810,229,118,1,-1,-1,-1
146,46,18,779,240,156,1,-1,-1,-1
146,47,1420,704,200,128,1,-1,-1,-1
146,48,1547,671,92,60,1,-1,-1,-1
147,19,1407,1238,183,145,1,-1,-1,-1
147,35,824,683,122,110,1,-1,-1,-1
147,44,1705,821,229,118,1,-1,-1,-1
147,46,30,775,252,164,1,-1,-1,-1
147,47,1420,704,200,128,1,-1,-1,-1
147,48,1546,669,97,63,1,-1,-1,-1
148,19,1410,1245,192,152,1,-1,-1,-1
148,35,826,683,122,110,1,-1,-1,-1
148,44,1632,821,240,124,1,-1,-1,-1
148,46,52,764,265,172,1,-1,-1,-1
148,47,1421,704,200,128,1,-1,-1,-1
148,48,1546,671,97,63,1,-1,-1,-1
149,19,1414,1256,192,152,1,-1,-1,-1
149,35,828,682,122,110,1,-1,-1,-1
149,44,1594,821,252,130,1,-1,-1,-1
149,46,57,764,265,172,1,-1,-1,-1
149,47,1422,704,200,128,1,-1,-1,-1
149,48,1547,669,97,63,1,-1,-1,-1
150,19,1415,1264,192,152,1,-1,-1,-1
150,35,830,682,122,110,1,-1,-1,-1
150,47,1425,704,200,128,1,-1,-1,-1
150,48,1548,668,97,63,1,-1,-1,-1
151,19,1416,1265,192,152,1,-1,-1,-1
151,35,832,682,122,110,1,-1,-1,-1
151,47,1426,703,200,128,1,-1,-1,-1
152,19,1418,1261,192,152,1,-1,-1,-1
152,35,833,681,122,110,1,-1,-1,-1
152,47,1427,701,200,128,1,-1,-1,-1
153,19,1418,1261,192,152,1,-1,-1,-1
153,35,844,676,108,120,1,-1,-1,-1
153,47,1428,704,124,116,1,-1,-1,-1
153,49,20,724,220,156,1,-1,-1,-1
153,50,1416,804,256,132,1,-1,-1,-1
153,51,1544,700,88,104,1,-1,-1,-1
153,52,224,732,184,128,1,-1,-1,-1
153,53,1416,652,112,64,1,-1,-1,-1
154,19,1434,1248,192,152,1,-1,-1,-1
154,35,847,677,108,120,1,-1,-1,-1
154,47,1431,703,124,116,1,-1,-1,-1
154,49,35,724,220,156,1,-1,-1,-1
154,50,1379,803,256,132,1,-1,-1,-1
154,51,1544,699,88,104,1,-1,-1,-1
154,52,243,732,184,128,1,-1,-1,-1
154,53,1419,650,112,64,1,-1,-1,-1
155,19,1441,1246,192,152,1,-1,-1,-1
155,35,851,678,108,120,1,-1,-1,-1
155,47,1436,703,124,116,1,-1,-1,-1
155,49,44,721,231,164,1,-1,-1,-1
155,50,1319,802,256,132,1,-1,-1,-1
155,51,1547,698,88,104,1,-1,-1,-1
155,52,251,729,184,128,1,-1,-1,-1
155,53,1425,649,112,64,1,-1,-1,-1
156,19,1449,1244,192,152,1,-1,-1,-1
156,35,853,682,108,120,1,-1,-1,-1
156,47,1440,702,124,116,1,-1,-1,-1
156,49,63,720,243,172,1,-1,-1,-1
156,50,1262,795,269,139,1,-1,-1,-1
156,51,1549,699,88,104,1,-1,-1,-1
156,52,270,729,175,122,1,-1,-1,-1
156,53,1427,648,112,64,1,-1,-1,-1
157,19,1456,1247,192,152,1,-1,-1,-1
157,35,854,683,108,120,1,-1,-1,-1
157,47,1447,701,124,116,1,-1,-1,-1
157,49,99,721,231,164,1,-1,-1,-1
157,50,1232,792,269,139,1,-1,-1,-1
157,51,1555,702,84,99,1,-1,-1,-1
157,52,302,729,175,122,1,-1,-1,-1
157,53,1446,645,107,61,1,-1,-1,-1
158,19,1459,1251,192,152,1,-1,-1,-1
158,35,858,687,108,120,1,-1,-1,-1
158,47,1451,700,124,116,1,-1,-1,-1
158,49,110,724,231,164,1,-1,-1,-1
158,51,1558,705,84,99,1,-1,-1,-1
158,53,1451,645,107,61,1,-1,-1,-1
159,19,1466,1251,192,152,1,-1,-1,-1
159,35,861,688,108,120,1,-1,-1,-1
159,47,1456,699,124,116,1,-1,-1,-1
159,51,1560,706,84,99,1,-1,-1,-1
160,19,1479,1253,192,152,1,-1,-1,-1
160,35,866,690,108,120,1,-1,-1,-1
160,47,1460,700,124,116,1,-1,-1,-1
160,51,1567,707,84,99,1,-1,-1,-1
161,19,1479,1253,192,152,1,-1,-1,-1
161,35,868,684,120,128,1,-1,-1,-1
161,47,1464,700,112,128,1,-1,-1,-1
161,51,1567,707,84,99,1,-1,-1,-1
161,54,1032,768,228,144,1,-1,-1,-1
161,55,1576,672,192,116,1,-1,-1,-1
161,56,1688,696,240,108,1,-1,-1,-1
161,57,1456,640,112,72,1,-1,-1,-1
161,58,184,712,324,124,1,-1,-1,-1
162,19,1494,1247,192,152,1,-1,-1,-1
162,35,875,684,120,128,1,-1,-1,-1
162,47,1467,700,112,128,1,-1,-1,-1
162,51,1577,709,84,99,1,-1,-1,-1
162,54,990,768,228,144,1,-1,-1,-1
162,55,1580,672,192,116,1,-1,-1,-1
162,56,1700,696,240,108,1,-1,-1,-1
162,57,1459,642,112,72,1,-1,-1,-1
162,58,217,711,324,124,1,-1,-1,-1
163,19,1493,1221,192,152,1,-1,-1,-1
163,35,882,683,120,128,1,-1,-1,-1
163,47,1473,702,112,128,1,-1,-1,-1
163,51,1582,709,84,99,1,-1,-1,-1
163,54,961,771,228,144,1,-1,-1,-1
163,55,1584,672,192,116,1,-1,-1,-1
163,56,1701,695,252,113,1,-1,-1,-1
163,57,1462,648,112,72,1,-1,-1,-1
163,58,277,714,309,118,1,-1,-1,-1
164,19,1478,1178,202,160,1,-1,-1,-1
164,35,891,682,120,128,1,-1,-1,-1
164,47,1478,703,112,128,1,-1,-1,-1
164,51,1589,710,84,99,1,-1,-1,-1
164,54,917,763,228,144,1,-1,-1,-1
164,55,1593,675,183,110,1,-1,-1,-1
164,56,1710,698,240,108,1,-1,-1,-1
164,57,1469,650,112,72,1,-1,-1,-1
164,58,307,712,309,118,1,-1,-1,-1
165,19,1474,1125,202,160,1,-1,-1,-1
165,35,900,682,120,128,1,-1,-1,-1
165,47,1485,705,112,128,1,-1,-1,-1
165,51,1595,710,84,99,1,-1,-1,-1
165,54,862,761,239,151,1,-1,-1,-1
165,55,1600,675,183,110,1,-1,-1,-1
165,56,1707,696,252,113,1,-1,-1,-1
165,57,1472,654,112,72,1,-1,-1,-1
165,58,375,715,294,112,1,-1,-1,-1
166,19,1499,1096,202,160,1,-1,-1,-1
166,35,913,681,120,128,1,-1,-1,-1
166,47,1491,705,112,128,1,-1,-1,-1
166,51,1602,711,84,99,1,-1,-1,-1
166,55,1609,677,183,110,1,-1,-1,-1
166,56,1715,698,252,113,1,-1,-1,-1
166,57,1475,655,112,72,1,-1,-1,-1
167,19,1540,1105,202,160,1,-1,-1,-1
167,35,922,682,120,128,1,-1,-1,-1
167,47,1495,706,112,128,1,-1,-1,-1
167,51,1611,711,84,99,1,-1,-1,-1
167,55,1619,681,183,110,1,-1,-1,-1
167,56,1733,702,252,113,1,-1,-1,-1
167,57,1476,657,112,72,1,-1,-1,-1
168,19,1569,1140,202,160,1,-1,-1,-1
168,35,930,683,120,128,1,-1,-1,-1
168,47,1500,708,112,128,1,-1,-1,-1
168,51,1618,711,84,99,1,-1,-1,-1
168,55,1630,682,183,110,1,-1,-1,-1
168,56,1739,707,252,113,1,-1,-1,-1
168,57,1480,661,107,69,1,-1,-1,-1
169,19,1569,1140,202,160,1,-1,-1,-1
169,35,940,680,172,132,1,-1,-1,-1
169,47,1476,712,152,128,1,-1,-1,-1
169,51,1616,712,96,120,1,-1,-1,-1
169,55,1640,688,196,104,1,-1,-1,-1
169,56,1739,707,252,113,1,-1,-1,-1
169,57,1476,660,180,76,1,-1,-1,-1
169,59,1872,724,172,112,1,-1,-1,-1
169,60,64,752,128,144,1,-1,-1,-1
169,61,756,740,132,128,1,-1,-1,-1
169,62,0,784,44,140,1,-1,-1,-1
169,63,452,640,144,156,1,-1,-1,-1
170,19,1561,1199,202,160,1,-1,-1,-1
170,35,953,679,172,132,1,-1,-1,-1
170,47,1482,712,152,128,1,-1,-1,-1
170,51,1626,711,96,120,1,-1,-1,-1
170,55,1655,688,196,104,1,-1,-1,-1
170,57,1479,661,180,76,1,-1,-1,-1
170,59,1881,725,172,112,1,-1,-1,-1
170,60,78,752,128,144,1,-1,-1,-1
170,61,732,741,132,128,1,-1,-1,-1
170,62,12,782,44,140,1,-1,-1,-1
170,63,467,640,144,156,1,-1,-1,-1
171,19,1561,1219,202,160,1,-1,-1,-1
171,35,963,675,181,139,1,-1,-1,-1
171,47,1489,712,152,128,1,-1,-1,-1
171,51,1634,711,96,120,1,-1,-1,-1
171,55,1669,689,196,104,1,-1,-1,-1
171,57,1486,663,180,76,1,-1,-1,-1
171,59,1892,725,172,112,1,-1,-1,-1
171,60,93,752,128,144,1,-1,-1,-1
171,61,705,727,132,128,1,-1,-1,-1
171,62,25,780,44,140,1,-1,-1,-1
171,63,483,640,144,156,1,-1,-1,-1
172,19,1579,1240,202,160,1,-1,-1,-1
172,35,975,675,181,139,1,-1,-1,-1
172,47,1494,713,152,128,1,-1,-1,-1
172,51,1642,712,96,120,1,-1,-1,-1
172,55,1681,691,196,104,1,-1,-1,-1
172,57,1487,664,189,80,1,-1,-1,-1
172,59,1898,725,172,112,1,-1,-1,-1
172,60,110,753,128,144,1,-1,-1,-1
172,61,689,732,126,122,1,-1,-1,-1
172,62,38,780,44,140,1,-1,-1,-1
172,63,493,643,144,156,1,-1,-1,-1
173,19,1605,1261,202,160,1,-1,-1,-1
173,35,988,676,181,139,1,-1,-1,-1
173,47,1498,713,152,128,1,-1,-1,-1
173,51,1648,711,96,120,1,-1,-1,-1
173,55,1688,691,206,109,1,-1,-1,-1
173,57,1495,664,189,80,1,-1,-1,-1
173,59,1905,723,172,112,1,-1,-1,-1
173,60,128,753,128,144,1,-1,-1,-1
173,61,707,728,132,128,1,-1,-1,-1
173,62,47,776,46,147,1,-1,-1,-1
173,63,506,639,151,164,1,-1,-1,-1
174,19,1625,1274,202,160,1,-1,-1,-1
174,35,998,676,181,139,1,-1,-1,-1
174,47,1501,713,152,128,1,-1,-1,-1
174,51,1660,712,96,120,1,-1,-1,-1
174,55,1705,695,206,109,1,-1,-1,-1
174,57,1495,662,198,84,1,-1,-1,-1
174,59,1913,721,172,112,1,-1,-1,-1
174,60,149,752,128,144,1,-1,-1,-1
174,63,513,642,151,164,1,-1,-1,-1
175,19,1641,1274,202,160,1,-1,-1,-1
175,35,1015,676,181,139,1,-1,-1,-1
175,47,1512,714,152,128,1,-1,-1,-1
175,51,1671,714,96,120,1,-1,-1,-1
175,55,1710,694,206,109,1,-1,-1,-1
175,57,1505,659,208,88,1,-1,-1,-1
175,59,1921,721,172,112,1,-1,-1,-1
175,60,165,753,128,144,1,-1,-1,-1
175,63,521,646,144,156,1,-1,-1,-1
176,19,1657,1259,202,160,1,-1,-1,-1
176,35,1030,678,181,139,1,-1,-1,-1
176,47,1524,715,152,128,1,-1,-1,-1
176,51,1688,714,96,120,1,-1,-1,-1
176,57,1518,658,208,88,1,-1,-1,-1
176,59,1929,724,172,112,1,-1,-1,-1
176,60,177,750,134,151,1,-1,-1,-1
176,63,544,643,144,156,1,-1,-1,-1
177,19,1657,1259,202,160,1,-1,-1,-1
177,35,984,680,240,132,1,-1,-1,-1
177,47,1540,716,228,128,1,-1,-1,-1
177,51,1688,714,96,120,1,-1,-1,-1
177,57,1518,658,208,88,1,-1,-1,-1
177,59,1940,736,164,104,1,-1,-1,-1
177,60,172,736,156,148,1,-1,-1,-1
177,63,544,643,144,156,1,-1,-1,-1
177,64,72,732,112,168,1,-1,-1,-1
177,65,492,680,180,132,1,-1,-1,-1
177,66,1780,696,188,128,1,-1,-1,-1
178,19,1696,1210,192,152,1,-1,-1,-1
178,35,1009,683,229,126,1,-1,-1,-1
178,47,1554,717,228,128,1,-1,-1,-1
178,57,1529,658,219,92,1,-1,-1,-1
178,59,1950,740,164,104,1,-1,-1,-1
178,60,189,738,156,148,1,-1,-1,-1
178,63,570,656,144,156,1,-1,-1,-1
178,64,88,732,112,168,1,-1,-1,-1
178,65,496,682,180,132,1,-1,-1,-1
178,66,1796,697,188,128,1,-1,-1,-1
179,19,1707,1189,192,152,1,-1,-1,-1
179,35,1029,684,229,126,1,-1,-1,-1
179,47,1570,720,228,128,1,-1,-1,-1
179,57,1515,661,208,88,1,-1,-1,-1
179,59,1956,743,164,104,1,-1,-1,-1
179,60,201,736,164,155,1,-1,-1,-1
179,64,103,732,112,168,1,-1,-1,-1
179,65,495,687,180,132,1,-1,-1,-1
179,66,1813,701,188,128,1,-1,-1,-1
180,19,1713,1172,192,152,1,-1,-1,-1
180,35,1046,685,229,126,1,-1,-1,-1
180,47,1584,722,228,128,1,-1,-1,-1
180,59,1966,748,156,99,1,-1,-1,-1
180,60,216,739,164,155,1,-1,-1,-1
180,64,119,734,112,168,1,-1,-1,-1
180,65,503,692,180,132,1,-1,-1,-1
180,66,1831,702,188,128,1,-1,-1,-1
181,19,1725,1169,192,152,1,-1,-1,-1
181,35,1066,686,229,126,1,-1,-1,-1
181,47,1598,722,239,134,1,-1,-1,-1
181,59,1983,752,149,94,1,-1,-1,-1
181,60,229,739,164,155,1,-1,-1,-1
181,64,132,732,112,168,1,-1,-1,-1
181,65,516,696,180,132,1,-1,-1,-1
181,66,1845,705,188,128,1,-1,-1,-1
182,19,1741,1178,192,152,1,-1,-1,-1
182,35,1091,687,229,126,1,-1,-1,-1
182,47,1608,725,239,134,1,-1,-1,-1
182,59,1993,753,149,94,1,-1,-1,-1
182,60,245,740,164,155,1,-1,-1,-1
182,64,144,733,112,168,1,-1,-1,-1
182,65,528,691,189,139,1,-1,-1,-1
182,66,1858,705,188,128,1,-1,-1,-1
183,19,1759,1197,192,152,1,-1,-1,-1
183,35,1113,681,240,132,1,-1,-1,-1
183,47,1638,726,239,134,1,-1,-1,-1
183,59,2000,755,149,94,1,-1,-1,-1
183,60,259,740,164,155,1,-1,-1,-1
183,64,156,734,112,168,1,-1,-1,-1
183,66,1864,704,188,128,1,-1,-1,-1
184,19,1780,1211,192,152,1,-1,-1,-1
184,35,1139,678,240,132,1,-1,-1,-1
184,47,1682,725,228,128,1,-1,-1,-1
184,59,2003,754,156,99,1,-1,-1,-1
184,60,273,740,164,155,1,-1,-1,-1
184,64,165,735,112,168,1,-1,-1,-1
184,66,1870,704,188,128,1,-1,-1,-1
185,19,1780,1211,192,152,1,-1,-1,-1
185,35,1139,678,240,132,1,-1,-1,-1
185,47,1682,725,228,128,1,-1,-1,-1
185,59,2003,754,156,99,1,-1,-1,-1
185,60,273,740,164,155,1,-1,-1,-1
185,64,165,735,112,168,1,-1,-1,-1
185,66,1870,704,188,128,1,-1,-1,-1
185,67,1784,724,200,140,1,-1,-1,-1
185,68,500,648,136,180,1,-1,-1,-1
185,69,676,684,212,132,1,-1,-1,-1
186,19,1814,1237,192,152,1,-1,-1,-1
186,35,1190,676,240,132,1,-1,-1,-1
186,60,299,742,164,155,1,-1,-1,-1
186,64,179,735,112,168,1,-1,-1,-1
186,67,1802,723,200,140,1,-1,-1,-1
186,68,509,653,136,180,1,-1,-1,-1
186,69,680,685,212,132,1,-1,-1,-1
187,19,1819,1254,192,152,1,-1,-1,-1
187,35,1212,679,240,132,1,-1,-1,-1
187,60,310,744,164,155,1,-1,-1,-1
187,64,184,736,112,168,1,-1,-1,-1
187,67,1829,723,200,140,1,-1,-1,-1
187,68,516,659,136,180,1,-1,-1,-1
187,69,687,687,212,132,1,-1,-1,-1
188,19,1820,1259,192,152,1,-1,-1,-1
188,35,1239,683,229,126,1,-1,-1,-1
188,60,319,746,164,155,1,-1,-1,-1
188,64,193,738,112,168,1,-1,-1,-1
188,67,1865,726,200,140,1,-1,-1,-1
188,68,516,660,136,180,1,-1,-1,-1
188,69,694,687,212,132,1,-1,-1,-1
189,19,1831,1258,192,152,1,-1,-1,-1
189,35,1265,687,218,120,1,-1,-1,-1
189,60,322,747,164,155,1,-1,-1,-1
189,64,200,742,112,168,1,-1,-1,-1
189,67,1899,727,190,133,1,-1,-1,-1
189,68,513,651,143,189,1,-1,-1,-1
189,69,704,683,212,132,1,-1,-1,-1
190,19,1852,1261,192,152,1,-1,-1,-1
190,35,1288,684,218,120,1,-1,-1,-1
190,60,331,753,164,155,1,-1,-1,-1
190,64,209,742,112,168,1,-1,-1,-1
190,68,523,652,143,189,1,-1,-1,-1
190,69,707,681,212,132,1,-1,-1,-1
191,19,1871,1271,192,152,1,-1,-1,-1
191,35,1305,679,229,126,1,-1,-1,-1
191,60,330,757,164,155,1,-1,-1,-1
191,64,218,744,112,168,1,-1,-1,-1
191,69,713,681,212,132,1,-1,-1,-1
192,19,1877,1274,192,152,1,-1,-1,-1
192,35,1321,685,229,126,1,-1,-1,-1
192,60,333,758,164,155,1,-1,-1,-1
192,64,223,743,118,176,1,-1,-1,-1
193,19,1877,1274,192,152,1,-1,-1,-1
193,35,1321,685,229,126,1,-1,-1,-1
193,60,333,758,164,155,1,-1,-1,-1
193,64,223,743,118,176,1,-1,-1,-1
193,70,548,752,212,88,1,-1,-1,-1
193,71,700,720,224,100,1,-1,-1,-1
193,72,1688,740,212,96,1,-1,-1,-1
194,19,1878,1265,192,152,1,-1,-1,-1
194,35,1353,690,229,126,1,-1,-1,-1
194,60,337,766,156,148,1,-1,-1,-1
194,64,239,744,118,176,1,-1,-1,-1
194,70,563,752,212,88,1,-1,-1,-1
194,71,702,718,224,100,1,-1,-1,-1
194,72,1689,740,212,96,1,-1,-1,-1
195,19,1882,1264,192,152,1,-1,-1,-1
195,60,340,762,156,148,1,-1,-1,-1
195,64,244,746,118,176,1,-1,-1,-1
195,70,574,750,223,92,1,-1,-1,-1
195,71,703,718,224,100,1,-1,-1,-1
195,72,1688,741,212,96,1,-1,-1,-1
196,19,1886,1263,192,152,1,-1,-1,-1
196,60,343,761,149,141,1,-1,-1,-1
196,64,251,747,118,176,1,-1,-1,-1
196,70,589,747,234,97,1,-1,-1,-1
196,71,695,712,235,105,1,-1,-1,-1
196,72,1688,741,212,96,1,-1,-1,-1
197,19,1893,1265,192,152,1,-1,-1,-1
197,64,256,748,118,176,1,-1,-1,-1
197,70,604,742,245,102,1,-1,-1,-1
197,71,701,712,224,100,1,-1,-1,-1
197,72,1687,740,212,96,1,-1,-1,-1
198,19,1895,1270,192,152,1,-1,-1,-1
198,64,262,748,118,176,1,-1,-1,-1
198,70,615,739,258,107,1,-1,-1,-1
198,71,690,710,235,105,1,-1,-1,-1
198,72,1687,740,212,96,1,-1,-1,-1
199,19,1893,1270,192,152,1,-1,-1,-1
199,64,266,744,118,176,1,-1,-1,-1
199,70,631,737,245,102,1,-1,-1,-1
199,71,670,709,247,110,1,-1,-1,-1
199,72,1686,741,212,96,1,-1,-1,-1
200,19,1884,1254,192,152,1,-1,-1,-1
200,64,274,744,118,176,1,-1,-1,-1
200,70,651,730,245,102,1,-1,-1,-1
200,71,659,715,247,110,1,-1,-1,-1
200,72,1683,740,212,96,1,-1,-1,-1
201,19,1884,1254,192,152,1,-1,-1,-1
201,64,274,744,118,176,1,-1,-1,-1
201,70,651,730,245,102,1,-1,-1,-1
201,71,652,712,248,116,1,-1,-1,-1
201,72,1724,748,160,88,1,-1,-1,-1
201,73,1956,732,172,108,1,-1,-1,-1
201,74,1384,660,156,132,1,-1,-1,-1
201,75,2068,736,256,152,1,-1,-1,-1
201,76,1656,688,120,56,1,-1,-1,-1
201,77,1532,716,172,100,1,-1,-1,-1
202,19,1864,1182,192,152,1,-1,-1,-1
202,64,276,747,118,176,1,-1,-1,-1
202,70,670,734,245,102,1,-1,-1,-1
202,71,657,711,248,116,1,-1,-1,-1
202,72,1721,749,160,88,1,-1,-1,-1
202,73,1957,732,172,108,1,-1,-1,-1
202,74,1384,659,156,132,1,-1,-1,-1
202,75,2070,737,256,152,1,-1,-1,-1
202,76,1658,688,120,56,1,-1,-1,-1
202,77,1545,716,172,100,1,-1,-1,-1
203,19,1876,1141,192,152,1,-1,-1,-1
203,70,692,734,245,102,1,-1,-1,-1
203,71,657,705,260,122,1,-1,-1,-1
203,72,1716,748,160,88,1,-1,-1,-1
203,73,1959,732,172,108,1,-1,-1,-1
203,74,1384,659,156,132,1,-1,-1,-1
203,75,2073,739,256,152,1,-1,-1,-1
203,76,1662,687,120,56,1,-1,-1,-1
203,77,1562,718,172,100,1,-1,-1,-1
204,19,1894,1126,192,152,1,-1,-1,-1
204,70,721,734,234,97,1,-1,-1,-1
204,71,653,701,260,122,1,-1,-1,-1
204,72,1703,744,160,88,1,-1,-1,-1
204,73,1961,732,172,108,1,-1,-1,-1
204,74,1385,660,156,132,1,-1,-1,-1
204,75,2075,740,256,152,1,-1,-1,-1
204,76,1662,687,120,56,1,-1,-1,-1
204,77,1577,718,181,105,1,-1,-1,-1
205,19,1900,1143,192,152,1,-1,-1,-1
205,71,651,696,273,128,1,-1,-1,-1
205,72,1705,742,160,88,1,-1,-1,-1
205,73,1963,732,172,108,1,-1,-1,-1
205,74,1385,660,156,132,1,-1,-1,-1
205,75,2075,741,256,152,1,-1,-1,-1
205,76,1663,688,126,59,1,-1,-1,-1
205,77,1588,722,181,105,1,-1,-1,-1
206,19,1898,1178,192,152,1,-1,-1,-1
206,71,651,695,273,128,1,-1,-1,-1
206,72,1656,743,160,88,1,-1,-1,-1
206,73,1964,733,172,108,1,-1,-1,-1
206,74,1382,661,156,132,1,-1,-1,-1
206,75,2075,741,256,152,1,-1,-1,-1
206,76,1666,689,126,59,1,-1,-1,-1
206,77,1596,723,181,105,1,-1,-1,-1
207,19,1898,1218,192,152,1,-1,-1,-1
207,73,1965,733,172,108,1,-1,-1,-1
207,74,1382,661,156,132,1,-1,-1,-1
207,75,2078,741,256,152,1,-1,-1,-1
207,76,1670,689,126,59,1,-1,-1,-1
207,77,1609,726,190,110,1,-1,-1,-1
208,19,1901,1253,192,152,1,-1,-1,-1
208,73,1965,732,172,108,1,-1,-1,-1
208,74,1381,663,156,132,1,-1,-1,-1
208,75,2074,740,256,152,1,-1,-1,-1
208,76,1668,689,132,62,1,-1,-1,-1
208,77,1620,728,190,110,1,-1,-1,-1
209,19,1901,1253,192,152,1,-1,-1,-1
209,73,1964,724,156,112,1,-1,-1,-1
209,74,1372,668,164,128,1,-1,-1,-1
209,75,2064,764,236,124,1,-1,-1,-1
209,76,1668,689,132,62,1,-1,-1,-1
209,77,1600,724,252,120,1,-1,-1,-1
209,78,760,728,264,108,1,-1,-1,-1
209,79,192,796,208,124,1,-1,-1,-1
209,80,584,708,216,116,1,-1,-1,-1
209,81,192,732,232,100,1,-1,-1,-1
210,19,1901,1292,192,148,1,-1,-1,-1
210,73,1963,724,156,112,1,-1,-1,-1
210,74,1371,668,164,128,1,-1,-1,-1
210,75,2065,763,236,124,1,-1,-1,-1
210,77,1606,724,252,120,1,-1,-1,-1
210,78,768,728,264,108,1,-1,-1,-1
210,79,191,796,208,124,1,-1,-1,-1
210,80,579,708,216,116,1,-1,-1,-1
210,81,193,731,232,100,1,-1,-1,-1
211,19,1896,1295,192,145,1,-1,-1,-1
211,73,1963,725,156,112,1,-1,-1,-1
211,74,1370,669,164,128,1,-1,-1,-1
211,75,2067,764,236,124,1,-1,-1,-1
211,77,1626,725,252,120,1,-1,-1,-1
211,78,788,725,264,108,1,-1,-1,-1
211,79,192,797,208,124,1,-1,-1,-1
211,80,575,709,216,116,1,-1,-1,-1
211,81,193,732,232,100,1,-1,-1,-1
212,19,1892,1285,192,152,1,-1,-1,-1
212,73,1963,726,156,112,1,-1,-1,-1
212,74,1368,671,164,128,1,-1,-1,-1
212,75,2069,765,236,124,1,-1,-1,-1
212,77,1655,728,240,114,1,-1,-1,-1
212,78,817,721,264,108,1,-1,-1,-1
212,79,192,798,208,124,1,-1,-1,-1
212,80,569,707,216,116,1,-1,-1,-1
212,81,195,733,232,100,1,-1,-1,-1
213,19,1896,1270,192,152,1,-1,-1,-1
213,73,1962,726,156,112,1,-1,-1,-1
213,74,1365,674,164,128,1,-1,-1,-1
213,75,2069,766,236,124,1,-1,-1,-1
213,77,1676,734,229,109,1,-1,-1,-1
213,78,818,718,277,113,1,-1,-1,-1
213,79,192,798,208,124,1,-1,-1,-1
213,80,565,706,216,116,1,-1,-1,-1
213,81,191,731,244,105,1,-1,-1,-1
214,19,1905,1264,192,152,1,-1,-1,-1
214,73,1960,725,156,112,1,-1,-1,-1
214,74,1363,678,164,128,1,-1,-1,-1
214,75,2070,763,248,130,1,-1,-1,-1
214,77,1669,732,229,109,1,-1,-1,-1
214,78,842,717,264,108,1,-1,-1,-1
214,79,194,796,208,124,1,-1,-1,-1
214,80,555,706,216,116,1,-1,-1,-1
214,81,192,731,244,105,1,-1,-1,-1
215,19,1907,1260,202,160,1,-1,-1,-1
215,73,1960,725,156,112,1,-1,-1,-1
215,74,1366,682,164,128,1,-1,-1,-1
215,75,2085,769,236,124,1,-1,-1,-1
215,77,1682,734,229,109,1,-1,-1,-1
215,78,846,714,277,113,1,-1,-1,-1
215,79,195,795,208,124,1,-1,-1,-1
215,80,550,706,216,116,1,-1,-1,-1
215,81,196,733,244,105,1,-1,-1,-1
216,19,1910,1262,202,160,1,-1,-1,-1
216,73,1959,724,156,112,1,-1,-1,-1
216,74,1368,683,164,128,1,-1,-1,-1
216,75,2108,772,236,124,1,-1,-1,-1
216,78,869,713,277,113,1,-1,-1,-1
216,79,189,792,218,130,1,-1,-1,-1
216,80,546,707,216,116,1,-1,-1,-1
216,81,194,733,244,105,1,-1,-1,-1
217,19,1910,1262,202,160,1,-1,-1,-1
217,73,1964,728,136,100,1,-1,-1,-1
217,74,1380,696,160,112,1,-1,-1,-1
217,75,2140,764,280,128,1,-1,-1,-1
217,78,944,724,192,108,1,-1,-1,-1
217,79,164,784,248,160,1,-1,-1,-1
217,80,556,704,216,124,1,-1,-1,-1
217,81,194,733,244,105,1,-1,-1,-1
217,82,1732,720,180,120,1,-1,-1,-1
217,83,1652,688,168,112,1,-1,-1,-1
217,84,2068,724,184,152,1,-1,-1,-1
217,85,260,756,224,148,1,-1,-1,-1
217,86,1524,704,104,96,1,-1,-1,-1
218,19,1911,1278,202,160,1,-1,-1,-1
218,73,1965,727,136,100,1,-1,-1,-1
218,74,1383,696,160,112,1,-1,-1,-1
218,75,2147,766,280,128,1,-1,-1,-1
218,78,950,725,192,108,1,-1,-1,-1
218,79,166,784,248,160,1,-1,-1,-1
218,80,555,705,216,124,1,-1,-1,-1
218,81,201,736,232,100,1,-1,-1,-1
218,82,1737,719,180,120,1,-1,-1,-1
218,83,1654,687,168,112,1,-1,-1,-1
218,84,2069,725,184,152,1,-1,-1,-1
218,85,263,757,224,148,1,-1,-1,-1
218,86,1520,702,104,96,1,-1,-1,-1
219,19,1910,1275,202,160,1,-1,-1,-1
219,73,1966,726,136,100,1,-1,-1,-1
219,74,1390,698,160,112,1,-1,-1,-1
219,75,2152,766,280,128,1,-1,-1,-1
219,78,954,724,192,108,1,-1,-1,-1
219,79,167,784,248,160,1,-1,-1,-1
219,80,553,705,216,124,1,-1,-1,-1
219,81,206,736,232,100,1,-1,-1,-1
219,82,1735,716,189,126,1,-1,-1,-1
219,83,1655,687,168,112,1,-1,-1,-1
219,84,2071,725,184,152,1,-1,-1,-1
219,85,268,758,224,148,1,-1,-1,-1
219,86,1515,700,104,96,1,-1,-1,-1
220,19,1909,1272,202,160,1,-1,-1,-1
220,73,1969,725,136,100,1,-1,-1,-1
220,74,1395,700,160,112,1,-1,-1,-1
220,75,2169,766,280,128,1,-1,-1,-1
220,78,962,724,192,108,1,-1,-1,-1
220,79,169,785,248,160,1,-1,-1,-1
220,80,552,705,216,124,1,-1,-1,-1
220,81,210,737,232,100,1,-1,-1,-1
220,82,1740,715,189,126,1,-1,-1,-1
220,83,1650,684,176,118,1,-1,-1,-1
220,84,2067,730,184,152,1,-1,-1,-1
220,85,271,759,224,148,1,-1,-1,-1
220,86,1507,696,104,96,1,-1,-1,-1
221,19,1912,1276,202,160,1,-1,-1,-1
221,73,1969,725,136,100,1,-1,-1,-1
221,74,1412,700,152,107,1,-1,-1,-1
221,75,2191,769,280,128,1,-1,-1,-1
221,78,969,725,183,103,1,-1,-1,-1
221,79,170,786,248,160,1,-1,-1,-1
221,80,551,705,216,124,1,-1,-1,-1
221,81,204,735,244,105,1,-1,-1,-1
221,82,1741,714,189,126,1,-1,-1,-1
221,83,1645,685,176,118,1,-1,-1,-1
221,84,2060,729,184,152,1,-1,-1,-1
221,85,274,759,224,148,1,-1,-1,-1
221,86,1504,690,109,101,1,-1,-1,-1
222,19,1916,1292,202,148,1,-1,-1,-1
222,73,1973,726,136,100,1,-1,-1,-1
222,74,1430,702,145,102,1,-1,-1,-1
222,75,2216,771,280,128,1,-1,-1,-1
222,78,976,723,174,98,1,-1,-1,-1
222,79,170,788,248,160,1,-1,-1,-1
222,80,548,705,216,124,1,-1,-1,-1
222,82,1744,714,189,126,1,-1,-1,-1
222,83,1644,687,176,118,1,-1,-1,-1
222,84,2060,736,184,152,1,-1,-1,-1
222,85,277,759,224,148,1,-1,-1,-1
222,86,1500,687,109,101,1,-1,-1,-1
223,19,1916,1298,202,142,1,-1,-1,-1
223,73,1976,724,136,100,1,-1,-1,-1
223,78,957,716,183,103,1,-1,-1,-1
223,79,170,790,248,160,1,-1,-1,-1
223,80,544,705,216,124,1,-1,-1,-1
223,82,1745,712,189,126,1,-1,-1,-1
223,83,1642,688,176,118,1,-1,-1,-1
223,85,277,760,224,148,1,-1,-1,-1
223,86,1493,684,109,101,1,-1,-1,-1
224,19,1912,1298,202,142,1,-1,-1,-1
224,73,1976,721,143,105,1,-1,-1,-1
224,78,943,712,192,108,1,-1,-1,-1
224,79,168,790,248,160,1,-1,-1,-1
224,80,539,704,216,124,1,-1,-1,-1
224,82,1747,710,189,126,1,-1,-1,-1
224,83,1640,688,176,118,1,-1,-1,-1
224,85,278,760,224,148,1,-1,-1,-1
224,86,1494,683,109,101,1,-1,-1,-1
225,19,1912,1298,202,142,1,-1,-1,-1
225,73,1976,721,143,105,1,-1,-1,-1
225,78,943,712,192,108,1,-1,-1,-1
225,79,136,788,292,140,1,-1,-1,-1
225,80,516,700,240,128,1,-1,-1,-1
225,82,1784,740,128,100,1,-1,-1,-1
225,83,1636,688,200,120,1,-1,-1,-1
225,85,278,760,224,148,1,-1,-1,-1
225,86,1494,683,109,101,1,-1,-1,-1
225,87,2252,776,236,116,1,-1,-1,-1
225,88,1992,740,264,140,1,-1,-1,-1
225,89,1036,700,80,128,1,-1,-1,-1
225,90,1440,712,144,112,1,-1,-1,-1
226,19,1911,1283,202,157,1,-1,-1,-1
226,79,135,789,292,140,1,-1,-1,-1
226,80,515,700,240,128,1,-1,-1,-1
226,82,1786,740,128,100,1,-1,-1,-1
226,83,1636,688,200,120,1,-1,-1,-1
226,85,279,760,224,148,1,-1,-1,-1
226,86,1487,699,109,101,1,-1,-1,-1
226,87,2251,776,236,116,1,-1,-1,-1
226,88,1992,740,264,140,1,-1,-1,-1
226,89,1040,701,80,128,1,-1,-1,-1
226,90,1448,714,144,112,1,-1,-1,-1
227,19,1916,1280,202,160,1,-1,-1,-1
227,79,133,789,292,140,1,-1,-1,-1
227,80,512,700,240,128,1,-1,-1,-1
227,82,1789,741,128,100,1,-1,-1,-1
227,83,1638,688,200,120,1,-1,-1,-1
227,85,281,760,224,148,1,-1,-1,-1
227,86,1469,719,115,106,1,-1,-1,-1
227,87,2249,775,236,116,1,-1,-1,-1
227,88,1992,741,264,140,1,-1,-1,-1
227,89,1039,695,84,134,1,-1,-1,-1
227,90,1451,715,144,112,1,-1,-1,-1
228,19,1919,1283,202,157,1,-1,-1,-1
228,79,131,790,292,140,1,-1,-1,-1
228,80,507,702,240,128,1,-1,-1,-1
228,82,1791,741,128,100,1,-1,-1,-1
228,83,1641,688,200,120,1,-1,-1,-1
228,85,281,760,224,148,1,-1,-1,-1
228,87,2245,773,236,116,1,-1,-1,-1
228,88,1996,742,264,140,1,-1,-1,-1
228,89,1034,694,88,141,1,-1,-1,-1
228,90,1449,714,144,112,1,-1,-1,-1
229,19,1925,1295,202,145,1,-1,-1,-1
229,79,131,792,292,140,1,-1,-1,-1
229,80,502,702,240,128,1,-1,-1,-1
229,82,1795,742,128,100,1,-1,-1,-1
229,83,1643,688,200,120,1,-1,-1,-1
229,85,282,760,224,148,1,-1,-1,-1
229,87,2246,774,225,110,1,-1,-1,-1
229,88,1998,742,264,140,1,-1,-1,-1
229,89,1032,696,88,141,1,-1,-1,-1
229,90,1474,713,144,112,1,-1,-1,-1
230,19,1931,1300,202,140,1,-1,-1,-1
230,79,122,791,307,147,1,-1,-1,-1
230,80,493,702,240,128,1,-1,-1,-1
230,82,1798,742,128,100,1,-1,-1,-1
230,83,1644,687,200,120,1,-1,-1,-1
230,85,283,762,224,148,1,-1,-1,-1
230,87,2241,774,225,110,1,-1,-1,-1
230,88,2001,741,264,140,1,-1,-1,-1
230,89,1036,702,84,134,1,-1,-1,-1
231,19,1936,1298,202,142,1,-1,-1,-1
231,79,137,793,292,140,1,-1,-1,-1
231,80,484,703,240,128,1,-1,-1,-1
231,82,1796,739,134,105,1,-1,-1,-1
231,83,1647,686,200,120,1,-1,-1,-1
231,85,287,763,224,148,1,-1,-1,-1
231,87,2234,774,225,110,1,-1,-1,-1
231,88,2002,740,264,140,1,-1,-1,-1
231,89,1033,699,88,141,1,-1,-1,-1
232,19,1940,1294,202,146,1,-1,-1,-1
232,79,136,792,292,140,1,-1,-1,-1
232,80,484,709,229,122,1,-1,-1,-1
232,82,1797,739,134,105,1,-1,-1,-1
232,83,1654,686,200,120,1,-1,-1,-1
232,85,281,761,235,155,1,-1,-1,-1
232,87,2229,773,225,110,1,-1,-1,-1
232,88,2002,740,264,140,1,-1,-1,-1
232,89,1033,702,88,141,1,-1,-1,-1
233,19,1940,1294,202,146,1,-1,-1,-1
233,79,116,792,296,124,1,-1,-1,-1
233,80,484,724,232,108,1,-1,-1,-1
233,82,1836,732,88,108,1,-1,-1,-1
233,83,1680,692,172,100,1,-1,-1,-1
233,85,308,776,228,144,1,-1,-1,-1
233,87,2220,760,216,132,1,-1,-1,-1
233,88,2016,740,232,144,1,-1,-1,-1
233,89,1033,702,88,141,1,-1,-1,-1
233,91,940,716,212,120,1,-1,-1,-1
233,92,1560,724,280,116,1,-1,-1,-1
233,93,1512,716,80,92,1,-1,-1,-1
234,19,1942,1294,202,146,1,-1,-1,-1
234,79,114,793,296,124,1,-1,-1,-1
234,80,485,724,232,108,1,-1,-1,-1
234,82,1838,731,88,108,1,-1,-1,-1
234,83,1688,693,172,100,1,-1,-1,-1
234,85,308,777,228,144,1,-1,-1,-1
234,87,2218,760,216,132,1,-1,-1,-1
234,88,2016,741,232,144,1,-1,-1,-1
234,89,1033,703,88,141,1,-1,-1,-1
234,91,937,715,212,120,1,-1,-1,-1
234,92,1572,726,280,116,1,-1,-1,-1
234,93,1513,717,80,92,1,-1,-1,-1
235,19,1943,1293,202,147,1,-1,-1,-1
235,79,112,794,296,124,1,-1,-1,-1
235,80,485,724,232,108,1,-1,-1,-1
235,82,1841,731,88,108,1,-1,-1,-1
235,83,1690,693,172,100,1,-1,-1,-1
235,85,308,777,228,144,1,-1,-1,-1
235,87,2215,760,216,132,1,-1,-1,-1
235,88,2015,742,232,144,1,-1,-1,-1
235,89,1033,705,88,141,1,-1,-1,-1
235,91,928,716,212,120,1,-1,-1,-1
235,92,1582,729,280,116,1,-1,-1,-1
235,93,1515,717,80,92,1,-1,-1,-1
236,19,1944,1287,202,153,1,-1,-1,-1
236,79,112,793,296,124,1,-1,-1,-1
236,80,486,724,232,108,1,-1,-1,-1
236,82,1840,728,88,108,1,-1,-1,-1
236,83,1701,695,164,95,1,-1,-1,-1
236,85,309,776,228,144,1,-1,-1,-1
236,87,2213,759,216,132,1,-1,-1,-1
236,88,2016,742,232,144,1,-1,-1,-1
236,91,917,714,212,120,1,-1,-1,-1
236,92,1634,726,294,122,1,-1,-1,-1
236,93,1517,717,80,92,1,-1,-1,-1
237,19,1944,1276,202,160,1,-1,-1,-1
237,79,111,789,296,124,1,-1,-1,-1
237,80,486,724,232,108,1,-1,-1,-1
237,82,1836,725,92,113,1,-1,-1,-1
237,83,1701,694,164,95,1,-1,-1,-1
237,85,308,775,228,144,1,-1,-1,-1
237,87,2211,759,216,132,1,-1,-1,-1
237,88,2015,742,232,144,1,-1,-1,-1
237,91,900,714,212,120,1,-1,-1,-1
237,92,1682,727,309,128,1,-1,-1,-1
237,93,1519,717,80,92,1,-1,-1,-1
238,19,1946,1273,202,160,1,-1,-1,-1
238,79,115,791,282,118,1,-1,-1,-1
238,80,488,724,232,108,1,-1,-1,-1
238,82,1832,735,97,119,1,-1,-1,-1
238,83,1715,711,164,95,1,-1,-1,-1
238,85,306,774,228,144,1,-1,-1,-1
238,87,2206,760,216,132,1,-1,-1,-1
238,88,2018,745,221,137,1,-1,-1,-1
238,91,862,713,212,120,1,-1,-1,-1
238,92,1721,729,294,122,1,-1,-1,-1
238,93,1520,719,80,92,1,-1,-1,-1
239,19,1947,1274,202,160,1,-1,-1,-1
239,79,105,790,296,124,1,-1,-1,-1
239,80,490,723,232,108,1,-1,-1,-1
239,82,1825,731,97,119,1,-1,-1,-1
239,85,306,775,228,144,1,-1,-1,-1
239,87,2193,756,227,139,1,-1,-1,-1
239,88,2016,744,221,137,1,-1,-1,-1
239,91,835,710,223,126,1,-1,-1,-1
239,92,1752,731,294,122,1,-1,-1,-1
239,93,1519,720,80,92,1,-1,-1,-1
240,19,1946,1277,202,160,1,-1,-1,-1
240,79,100,794,296,124,1,-1,-1,-1
240,80,492,723,232,108,1,-1,-1,-1
240,85,304,776,228,144,1,-1,-1,-1
240,87,2190,755,227,139,1,-1,-1,-1
240,88,2015,745,221,137,1,-1,-1,-1
240,91,821,713,212,120,1,-1,-1,-1
240,92,1786,731,294,122,1,-1,-1,-1
240,93,1519,720,80,92,1,-1,-1,-1
241,19,1946,1277,202,160,1,-1,-1,-1
241,79,88,804,296,136,1,-1,-1,-1
241,80,512,724,208,116,1,-1,-1,-1
241,85,316,776,216,144,1,-1,-1,-1
241,87,2164,760,220,132,1,-1,-1,-1
241,88,2000,732,200,144,1,-1,-1,-1
241,91,784,720,220,104,1,-1,-1,-1
241,92,1844,748,196,120,1,-1,-1,-1
241,93,1508,708,76,104,1,-1,-1,-1
241,94,1720,708,144,112,1,-1,-1,-1
242,19,1947,1286,202,154,1,-1,-1,-1
242,79,88,802,296,136,1,-1,-1,-1
242,80,513,724,208,116,1,-1,-1,-1
242,85,316,776,216,144,1,-1,-1,-1
242,87,2160,759,220,132,1,-1,-1,-1
242,88,1997,731,200,144,1,-1,-1,-1
242,91,770,719,220,104,1,-1,-1,-1
242,92,1851,748,196,120,1,-1,-1,-1
242,93,1507,708,76,104,1,-1,-1,-1
242,94,1720,708,144,112,1,-1,-1,-1
243,19,1949,1287,202,153,1,-1,-1,-1
243,79,87,799,296,136,1,-1,-1,-1
243,80,515,725,208,116,1,-1,-1,-1
243,85,315,776,216,144,1,-1,-1,-1
243,87,2157,757,220,132,1,-1,-1,-1
243,88,1993,730,200,144,1,-1,-1,-1
243,91,749,716,231,109,1,-1,-1,-1
243,92,1852,748,196,120,1,-1,-1,-1
243,93,1507,709,76,104,1,-1,-1,-1
243,94,1719,708,144,112,1,-1,-1,-1
244,19,1950,1288,202,152,1,-1,-1,-1
244,79,87,800,296,136,1,-1,-1,-1
244,80,516,725,208,116,1,-1,-1,-1
244,85,315,777,216,144,1,-1,-1,-1
244,87,2155,757,220,132,1,-1,-1,-1
244,88,1991,730,200,144,1,-1,-1,-1
244,91,734,718,220,104,1,-1,-1,-1
244,92,1835,746,196,120,1,-1,-1,-1
244,93,1506,710,76,104,1,-1,-1,-1
244,94,1719,709,144,112,1,-1,-1,-1
245,19,1952,1292,202,148,1,-1,-1,-1
245,79,86,804,296,136,1,-1,-1,-1
245,80,516,725,208,116,1,-1,-1,-1
245,85,313,778,216,144,1,-1,-1,-1
245,87,2154,756,220,132,1,-1,-1,-1
245,88,1984,726,210,151,1,-1,-1,-1
245,91,706,713,231,109,1,-1,-1,-1
245,92,1833,744,196,120,1,-1,-1,-1
245,93,1505,710,76,104,1,-1,-1,-1
245,94,1718,709,144,112,1,-1,-1,-1
246,19,1955,1297,202,143,1,-1,-1,-1
246,79,83,808,296,136,1,-1,-1,-1
246,80,521,729,198,110,1,-1,-1,-1
246,85,311,780,216,144,1,-1,-1,-1
246,87,2154,757,220,132,1,-1,-1,-1
246,88,1987,727,210,151,1,-1,-1,-1
246,91,687,714,231,109,1,-1,-1,-1
246,93,1503,710,76,104,1,-1,-1,-1
246,94,1718,710,144,112,1,-1,-1,-1
247,19,1957,1298,202,142,1,-1,-1,-1
247,79,83,809,296,136,1,-1,-1,-1
247,80,520,729,198,110,1,-1,-1,-1
247,85,310,781,216,144,1,-1,-1,-1
247,87,2155,758,220,132,1,-1,-1,-1
247,88,1986,727,210,151,1,-1,-1,-1
247,91,662,718,231,109,1,-1,-1,-1
247,93,1501,710,76,104,1,-1,-1,-1
247,94,1716,711,144,112,1,-1,-1,-1
248,19,1958,1297,202,143,1,-1,-1,-1
248,79,82,805,296,136,1,-1,-1,-1
248,80,520,730,198,110,1,-1,-1,-1
248,85,308,782,216,144,1,-1,-1,-1
248,87,2158,759,220,132,1,-1,-1,-1
248,88,1989,729,210,151,1,-1,-1,-1
248,91,635,719,231,109,1,-1,-1,-1
248,93,1502,712,76,104,1,-1,-1,-1
248,94,1715,712,144,112,1,-1,-1,-1
249,19,1958,1297,202,143,1,-1,-1,-1
249,79,92,812,284,188,1,-1,-1,-1
249,80,520,730,198,110,1,-1,-1,-1
249,85,260,784,256,136,1,-1,-1,-1
249,87,2144,764,232,128,1,-1,-1,-1
249,88,1989,729,210,151,1,-1,-1,-1
249,91,635,719,231,109,1,-1,-1,-1
249,93,1502,712,76,104,1,-1,-1,-1
249,94,1720,716,124,120,1,-1,-1,-1
250,19,1956,1293,202,147,1,-1,-1,-1
250,79,91,815,284,188,1,-1,-1,-1
250,80,519,730,198,110,1,-1,-1,-1
250,85,259,785,256,136,1,-1,-1,-1
250,87,2150,765,232,128,1,-1,-1,-1
250,88,1993,731,210,151,1,-1,-1,-1
250,91,580,714,243,115,1,-1,-1,-1
250,93,1503,714,76,104,1,-1,-1,-1
250,94,1719,715,124,120,1,-1,-1,-1
251,19,1954,1288,202,152,1,-1,-1,-1
251,79,91,824,284,188,1,-1,-1,-1
251,80,520,732,198,110,1,-1,-1,-1
251,85,258,785,256,136,1,-1,-1,-1
251,87,2162,765,244,134,1,-1,-1,-1
251,88,1992,722,220,159,1,-1,-1,-1
251,93,1503,714,76,104,1,-1,-1,-1
251,94,1719,716,124,120,1,-1,-1,-1
252,19,1954,1284,202,156,1,-1,-1,-1
252,79,95,827,284,188,1,-1,-1,-1
252,80,518,734,198,110,1,-1,-1,-1
252,85,257,786,256,136,1,-1,-1,-1
252,87,2193,767,244,134,1,-1,-1,-1
252,88,2006,716,220,159,1,-1,-1,-1
252,93,1506,712,76,104,1,-1,-1,-1
252,94,1719,715,124,120,1,-1,-1,-1
253,19,1954,1270,202,160,1,-1,-1,-1
253,79,105,823,270,179,1,-1,-1,-1
253,80,516,734,198,110,1,-1,-1,-1
253,85,254,785,256,136,1,-1,-1,-1
253,87,2211,770,244,134,1,-1,-1,-1
253,88,2038,720,210,151,1,-1,-1,-1
253,93,1511,715,72,99,1,-1,-1,-1
253,94,1720,714,124,120,1,-1,-1,-1
254,19,1956,1256,202,160,1,-1,-1,-1
254,79,113,816,270,179,1,-1,-1,-1
254,80,511,730,208,116,1,-1,-1,-1
254,85,252,784,256,136,1,-1,-1,-1
254,87,2221,768,256,141,1,-1,-1,-1
254,93,1514,710,72,99,1,-1,-1,-1
254,94,1720,713,124,120,1,-1,-1,-1
255,19,1959,1250,202,160,1,-1,-1,-1
255,79,112,817,270,179,1,-1,-1,-1
255,80,511,731,208,116,1,-1,-1,-1
255,85,250,785,256,136,1,-1,-1,-1
255,93,1519,710,72,99,1,-1,-1,-1
255,94,1721,712,124,120,1,-1,-1,-1
256,19,1966,1244,202,160,1,-1,-1,-1
256,79,129,831,258,171,1,-1,-1,-1
256,80,503,730,218,122,1,-1,-1,-1
256,85,245,787,256,136,1,-1,-1,-1
256,93,1528,709,72,99,1,-1,-1,-1
256,94,1721,712,124,120,1,-1,-1,-1
257,19,1966,1244,202,160,1,-1,-1,-1
257,79,129,831,258,171,1,-1,-1,-1
257,80,468,720,232,124,1,-1,-1,-1
257,85,245,787,256,136,1,-1,-1,-1
257,93,1528,709,72,99,1,-1,-1,-1
257,94,1721,712,124,120,1,-1,-1,-1
257,95,1552,692,156,116,1,-1,-1,-1
257,96,2344,776,216,148,1,-1,-1,-1
257,97,2120,732,268,140,1,-1,-1,-1
257,98,2004,728,200,92,1,-1,-1,-1
257,99,1804,708,104,116,1,-1,-1,-1
258,19,1972,1238,202,160,1,-1,-1,-1
258,79,163,830,245,162,1,-1,-1,-1
258,80,466,721,232,124,1,-1,-1,-1
258,85,248,790,244,130,1,-1,-1,-1
258,94,1721,714,124,120,1,-1,-1,-1
258,95,1562,692,156,116,1,-1,-1,-1
258,96,2351,776,209,148,1,-1,-1,-1
258,97,2127,731,268,140,1,-1,-1,-1
258,98,2005,728,200,92,1,-1,-1,-1
258,99,1803,708,104,116,1,-1,-1,-1
259,19,1963,1236,202,160,1,-1,-1,-1
259,79,167,827,245,162,1,-1,-1,-1
259,80,463,724,232,124,1,-1,-1,-1
259,85,251,792,232,123,1,-1,-1,-1
259,94,1722,713,124,120,1,-1,-1,-1
259,95,1565,692,156,116,1,-1,-1,-1
259,96,2346,779,214,148,1,-1,-1,-1
259,97,2134,731,281,147,1,-1,-1,-1
259,98,2006,728,200,92,1,-1,-1,-1
259,99,1802,708,104,116,1,-1,-1,-1
260,19,1952,1239,202,160,1,-1,-1,-1
260,79,184,847,245,162,1,-1,-1,-1
260,80,455,726,232,124,1,-1,-1,-1
260,85,244,800,232,123,1,-1,-1,-1
260,94,1719,715,124,120,1,-1,-1,-1
260,95,1568,692,156,116,1,-1,-1,-1
260,96,2349,783,206,141,1,-1,-1,-1
260,97,2136,729,281,147,1,-1,-1,-1
260,98,2004,728,200,92,1,-1,-1,-1
260,99,1800,708,104,116,1,-1,-1,-1
261,19,1949,1255,202,160,1,-1,-1,-1
261,79,182,866,245,162,1,-1,-1,-1
261,80,442,723,244,130,1,-1,-1,-1
261,85,219,804,244,130,1,-1,-1,-1
261,94,1719,714,124,120,1,-1,-1,-1
261,95,1585,688,156,116,1,-1,-1,-1
261,96,2343,779,216,148,1,-1,-1,-1
261,97,2129,722,295,154,1,-1,-1,-1
261,98,2003,728,200,92,1,-1,-1,-1
261,99,1798,707,104,116,1,-1,-1,-1
262,19,1948,1274,202,160,1,-1,-1,-1
262,79,147,873,245,162,1,-1,-1,-1
262,80,439,723,244,130,1,-1,-1,-1
262,85,220,808,244,130,1,-1,-1,-1
262,94,1716,715,124,120,1,-1,-1,-1
262,95,1596,686,156,116,1,-1,-1,-1
262,96,2345,781,215,148,1,-1,-1,-1
262,97,2132,720,295,154,1,-1,-1,-1
262,98,2003,729,200,92,1,-1,-1,-1
262,99,1795,706,104,116,1,-1,-1,-1
263,19,1949,1289,202,151,1,-1,-1,-1
263,80,431,722,244,130,1,-1,-1,-1
263,94,1716,716,124,120,1,-1,-1,-1
263,95,1605,681,164,122,1,-1,-1,-1
263,96,2336,785,224,155,1,-1,-1,-1
263,97,2110,717,295,154,1,-1,-1,-1
263,98,2002,729,200,92,1,-1,-1,-1
263,99,1794,706,104,116,1,-1,-1,-1
264,19,1951,1289,202,151,1,-1,-1,-1
264,80,420,726,232,124,1,-1,-1,-1
264,94,1716,716,124,120,1,-1,-1,-1
264,95,1613,682,164,122,1,-1,-1,-1
264,98,2001,729,200,92,1,-1,-1,-1
264,99,1794,706,104,116,1,-1,-1,-1
265,19,1951,1289,202,151,1,-1,-1,-1
265,80,396,736,248,132,1,-1,-1,-1
265,94,1716,716,124,120,1,-1,-1,-1
265,95,1613,682,164,122,1,-1,-1,-1
265,98,2012,732,184,124,1,-1,-1,-1
265,99,1794,706,104,116,1,-1,-1,-1
265,100,700,720,92,124,1,-1,-1,-1
265,101,148,792,332,136,1,-1,-1,-1
265,102,2332,696,228,100,1,-1,-1,-1
265,103,2172,732,168,136,1,-1,-1,-1
266,19,1951,1260,202,160,1,-1,-1,-1
266,80,393,737,248,132,1,-1,-1,-1
266,94,1714,718,124,120,1,-1,-1,-1
266,95,1631,684,164,122,1,-1,-1,-1
266,98,2010,733,184,124,1,-1,-1,-1
266,99,1792,707,104,116,1,-1,-1,-1
266,100,702,719,92,124,1,-1,-1,-1
266,101,144,794,332,136,1,-1,-1,-1
266,102,2343,697,217,100,1,-1,-1,-1
266,103,2167,731,168,136,1,-1,-1,-1
267,19,1946,1241,202,160,1,-1,-1,-1
267,80,389,738,248,132,1,-1,-1,-1
267,94,1711,718,124,120,1,-1,-1,-1
267,98,2006,732,184,124,1,-1,-1,-1
267,99,1791,706,104,116,1,-1,-1,-1
267,100,705,720,92,124,1,-1,-1,-1
267,101,133,796,332,136,1,-1,-1,-1
267,102,2353,702,207,95,1,-1,-1,-1
267,103,2161,730,168,136,1,-1,-1,-1
268,19,1930,1220,202,160,1,-1,-1,-1
268,80,387,741,248,132,1,-1,-1,-1
268,94,1711,721,118,114,1,-1,-1,-1
268,98,2002,732,184,124,1,-1,-1,-1
268,99,1788,706,104,116,1,-1,-1,-1
268,100,707,720,92,124,1,-1,-1,-1
268,101,121,796,332,136,1,-1,-1,-1
268,102,2350,713,210,95,1,-1,-1,-1
268,103,2149,730,168,136,1,-1,-1,-1
269,19,1914,1204,202,160,1,-1,-1,-1
269,80,384,743,248,132,1,-1,-1,-1
269,94,1706,722,118,114,1,-1,-1,-1
269,98,1994,732,184,124,1,-1,-1,-1
269,99,1783,706,104,116,1,-1,-1,-1
269,100,706,721,92,124,1,-1,-1,-1
269,101,120,800,316,130,1,-1,-1,-1
269,102,2344,716,216,95,1,-1,-1,-1
269,103,2140,723,176,143,1,-1,-1,-1
270,19,1908,1201,202,160,1,-1,-1,-1
270,80,382,743,248,132,1,-1,-1,-1
270,94,1701,723,118,114,1,-1,-1,-1
270,98,1988,732,184,124,1,-1,-1,-1
270,99,1777,705,104,116,1,-1,-1,-1
270,100,703,722,92,124,1,-1,-1,-1
270,101,90,802,316,130,1,-1,-1,-1
270,102,2335,718,217,95,1,-1,-1,-1
270,103,2131,720,176,143,1,-1,-1,-1
271,19,1905,1211,202,160,1,-1,-1,-1
271,80,380,744,248,132,1,-1,-1,-1
271,94,1698,725,112,109,1,-1,-1,-1
271,98,1980,734,175,118,1,-1,-1,-1
271,99,1765,706,104,116,1,-1,-1,-1
271,100,696,724,92,124,1,-1,-1,-1
271,101,50,804,332,136,1,-1,-1,-1
271,102,2313,723,217,95,1,-1,-1,-1
271,103,2115,726,176,143,1,-1,-1,-1
272,19,1883,1235,212,168,1,-1,-1,-1
272,80,376,745,248,132,1,-1,-1,-1
272,94,1688,723,112,109,1,-1,-1,-1
272,98,1968,730,184,124,1,-1,-1,-1
272,99,1758,706,104,116,1,-1,-1,-1
272,100,693,726,92,124,1,-1,-1,-1
272,101,9,802,349,143,1,-1,-1,-1
272,102,2278,726,217,95,1,-1,-1,-1
272,103,2106,724,176,143,1,-1,-1,-1
273,19,1883,1235,212,168,1,-1,-1,-1
273,80,380,740,236,144,1,-1,-1,-1
273,94,1688,723,112,109,1,-1,-1,-1
273,98,1968,730,184,124,1,-1,-1,-1
273,99,1758,706,104,116,1,-1,-1,-1
273,100,672,724,108,132,1,-1,-1,-1
273,101,8,832,340,124,1,-1,-1,-1
273,102,2278,726,217,95,1,-1,-1,-1
273,103,2106,724,176,143,1,-1,-1,-1
273,104,2224,704,252,160,1,-1,-1,-1
273,105,1592,708,92,96,1,-1,-1,-1
274,19,1831,1284,212,156,1,-1,-1,-1
274,80,368,742,236,144,1,-1,-1,-1
274,94,1662,724,112,109,1,-1,-1,-1
274,98,1936,729,184,124,1,-1,-1,-1
274,100,661,725,108,132,1,-1,-1,-1
274,101,0,834,314,124,1,-1,-1,-1
274,102,2237,723,217,95,1,-1,-1,-1
274,103,2067,724,176,143,1,-1,-1,-1
274,104,2199,704,252,160,1,-1,-1,-1
274,105,1580,708,92,96,1,-1,-1,-1
275,19,1800,1291,212,149,1,-1,-1,-1
275,80,354,744,236,144,1,-1,-1,-1
275,94,1646,724,112,109,1,-1,-1,-1
275,98,1919,729,184,124,1,-1,-1,-1
275,100,646,723,113,139,1,-1,-1,-1
275,101,0,847,274,124,1,-1,-1,-1
275,103,2043,727,176,143,1,-1,-1,-1
275,104,2173,705,252,160,1,-1,-1,-1
275,105,1565,709,92,96,1,-1,-1,-1
276,19,1782,1289,212,151,1,-1,-1,-1
276,80,341,748,236,144,1,-1,-1,-1
276,94,1633,723,112,109,1,-1,-1,-1
276,98,1902,729,184,124,1,-1,-1,-1
276,100,634,725,113,139,1,-1,-1,-1
276,101,0,854,218,124,1,-1,-1,-1
276,103,2022,728,176,143,1,-1,-1,-1
276,104,2151,706,252,160,1,-1,-1,-1
276,105,1552,710,92,96,1,-1,-1,-1
277,19,1772,1276,212,164,1,-1,-1,-1
277,80,325,751,236,144,1,-1,-1,-1
277,98,1884,729,184,124,1,-1,-1,-1
277,100,627,727,113,139,1,-1,-1,-1
277,101,0,857,186,124,1,-1,-1,-1
277,104,2124,709,252,160,1,-1,-1,-1
277,105,1538,711,92,96,1,-1,-1,-1
278,19,1757,1264,212,168,1,-1,-1,-1
278,80,300,749,248,151,1,-1,-1,-1
278,98,1873,730,184,124,1,-1,-1,-1
278,100,617,728,113,139,1,-1,-1,-1
278,104,2098,712,252,160,1,-1,-1,-1
278,105,1526,712,92,96,1,-1,-1,-1
279,19,1740,1260,212,168,1,-1,-1,-1
279,80,283,753,248,151,1,-1,-1,-1
279,98,1864,729,175,118,1,-1,-1,-1
279,100,605,729,113,139,1,-1,-1,-1
279,104,2069,712,252,160,1,-1,-1,-1
279,105,1514,712,92,96,1,-1,-1,-1
280,19,1719,1262,212,168,1,-1,-1,-1
280,80,271,752,248,151,1,-1,-1,-1
280,98,1857,729,175,118,1,-1,-1,-1
280,100,593,726,119,146,1,-1,-1,-1
280,104,2045,714,252,160,1,-1,-1,-1
280,105,1499,713,92,96,1,-1,-1,-1
281,19,1719,1262,212,168,1,-1,-1,-1
281,80,256,764,244,124,1,-1,-1,-1
281,98,1848,752,196,108,1,-1,-1,-1
281,100,540,732,160,144,1,-1,-1,-1
281,104,2044,724,240,120,1,-1,-1,-1
281,105,1499,713,92,96,1,-1,-1,-1
281,106,2368,812,192,120,1,-1,-1,-1
282,19,1683,1279,212,161,1,-1,-1,-1
282,80,239,765,244,124,1,-1,-1,-1
282,98,1826,752,196,108,1,-1,-1,-1
282,100,529,733,160,144,1,-1,-1,-1
282,104,2023,725,240,120,1,-1,-1,-1
282,105,1477,715,92,96,1,-1,-1,-1
282,106,2342,811,192,120,1,-1,-1,-1
283,19,1663,1282,212,158,1,-1,-1,-1
283,80,224,767,244,124,1,-1,-1,-1
283,98,1807,753,196,108,1,-1,-1,-1
283,100,519,734,160,144,1,-1,-1,-1
283,104,2005,725,240,120,1,-1,-1,-1
283,105,1463,715,97,101,1,-1,-1,-1
283,106,2328,807,202,126,1,-1,-1,-1
284,19,1638,1284,212,156,1,-1,-1,-1
284,80,199,766,256,130,1,-1,-1,-1
284,98,1795,752,196,108,1,-1,-1,-1
284,100,506,735,160,144,1,-1,-1,-1
284,104,1995,730,240,120,1,-1,-1,-1
284,105,1451,716,97,101,1,-1,-1,-1
284,106,2308,805,202,126,1,-1,-1,-1
285,19,1613,1280,212,160,1,-1,-1,-1
285,80,181,769,256,130,1,-1,-1,-1
285,98,1782,751,196,108,1,-1,-1,-1
285,100,492,737,160,144,1,-1,-1,-1
285,104,1981,729,240,120,1,-1,-1,-1
285,105,1442,716,97,101,1,-1,-1,-1
285,106,2302,804,202,126,1,-1,-1,-1
286,19,1592,1271,212,168,1,-1,-1,-1
286,80,157,767,269,137,1,-1,-1,-1
286,98,1770,750,196,108,1,-1,-1,-1
286,100,479,738,160,144,1,-1,-1,-1
286,104,1972,733,240,120,1,-1,-1,-1
286,105,1428,715,97,101,1,-1,-1,-1
287,19,1571,1261,212,168,1,-1,-1,-1
287,80,139,771,269,137,1,-1,-1,-1
287,98,1756,749,196,108,1,-1,-1,-1
287,100,467,741,160,144,1,-1,-1,-1
287,104,1957,733,252,126,1,-1,-1,-1
287,105,1410,715,92,96,1,-1,-1,-1
288,19,1544,1243,212,168,1,-1,-1,-1
288,80,112,770,282,144,1,-1,-1,-1
288,98,1745,748,196,108,1,-1,-1,-1
288,100,456,743,160,144,1,-1,-1,-1
288,104,1945,735,252,126,1,-1,-1,-1
288,105,1394,715,92,96,1,-1,-1,-1
289,19,1532,1224,180,168,1,-1,-1,-1
289,80,84,784,272,120,1,-1,-1,-1
289,98,1732,716,220,144,1,-1,-1,-1
289,100,444,744,180,140,1,-1,-1,-1
289,104,1936,748,236,140,1,-1,-1,-1
289,105,1380,708,104,104,1,-1,-1,-1
289,107,2120,768,208,140,1,-1,-1,-1
289,108,1504,688,100,120,1,-1,-1,-1
290,19,1508,1196,180,168,1,-1,-1,-1
290,80,63,783,272,120,1,-1,-1,-1
290,98,1719,716,220,144,1,-1,-1,-1
290,100,432,745,180,140,1,-1,-1,-1
290,104,1920,747,236,140,1,-1,-1,-1
290,105,1368,709,104,104,1,-1,-1,-1
290,107,2101,766,208,140,1,-1,-1,-1
290,108,1493,688,100,120,1,-1,-1,-1
291,19,1494,1166,180,168,1,-1,-1,-1
291,80,50,784,272,120,1,-1,-1,-1
291,98,1709,715,220,144,1,-1,-1,-1
291,100,419,747,180,140,1,-1,-1,-1
291,104,1904,744,236,140,1,-1,-1,-1
291,105,1356,709,104,104,1,-1,-1,-1
291,107,2083,764,208,140,1,-1,-1,-1
291,108,1482,688,100,120,1,-1,-1,-1
292,19,1493,1161,180,168,1,-1,-1,-1
292,80,30,783,272,120,1,-1,-1,-1
292,98,1697,714,220,144,1,-1,-1,-1
292,100,407,748,180,140,1,-1,-1,-1
292,104,1889,743,236,140,1,-1,-1,-1
292,105,1343,710,104,104,1,-1,-1,-1
292,107,2062,765,208,140,1,-1,-1,-1
292,108,1471,687,100,120,1,-1,-1,-1
293,19,1493,1176,180,168,1,-1,-1,-1
293,80,4,778,286,126,1,-1,-1,-1
293,98,1687,714,220,144,1,-1,-1,-1
293,100,393,749,180,140,1,-1,-1,-1
293,104,1879,746,225,133,1,-1,-1,-1
293,105,1332,710,104,104,1,-1,-1,-1
293,107,2058,766,208,140,1,-1,-1,-1
293,108,1461,687,100,120,1,-1,-1,-1
294,19,1493,1207,180,168,1,-1,-1,-1
294,80,0,778,272,126,1,-1,-1,-1
294,98,1679,712,220,144,1,-1,-1,-1
294,100,379,749,180,140,1,-1,-1,-1
294,104,1865,745,225,133,1,-1,-1,-1
294,105,1320,710,104,104,1,-1,-1,-1
294,107,2044,770,218,147,1,-1,-1,-1
294,108,1452,686,100,120,1,-1,-1,-1
295,19,1494,1227,180,168,1,-1,-1,-1
295,80,0,778,256,126,1,-1,-1,-1
295,98,1670,711,220,144,1,-1,-1,-1
295,100,363,745,189,147,1,-1,-1,-1
295,104,1846,746,225,133,1,-1,-1,-1
295,105,1309,710,104,104,1,-1,-1,-1
295,108,1444,685,100,120,1,-1,-1,-1
296,19,1492,1225,180,168,1,-1,-1,-1
296,80,0,777,238,132,1,-1,-1,-1
296,98,1659,705,231,151,1,-1,-1,-1
296,100,352,745,189,147,1,-1,-1,-1
296,104,1827,746,225,133,1,-1,-1,-1
296,105,1297,709,104,104,1,-1,-1,-1
296,108,1435,685,100,120,1,-1,-1,-1
297,19,1492,1225,180,168,1,-1,-1,-1
297,80,0,792,244,140,1,-1,-1,-1
297,98,1648,716,224,136,1,-1,-1,-1
297,100,300,756,228,124,1,-1,-1,-1
297,104,1796,760,240,116,1,-1,-1,-1
297,105,1297,709,104,104,1,-1,-1,-1
297,108,1436,680,88,112,1,-1,-1,-1
297,109,1232,700,152,108,1,-1,-1,-1
297,110,1396,704,96,128,1,-1,-1,-1
297,111,1996,752,124,120,1,-1,-1,-1
298,19,1471,1209,180,168,1,-1,-1,-1
298,80,0,789,228,147,1,-1,-1,-1
298,98,1643,716,224,136,1,-1,-1,-1
298,100,286,756,228,124,1,-1,-1,-1
298,104,1793,764,229,110,1,-1,-1,-1
298,105,1280,704,104,104,1,-1,-1,-1
298,108,1430,679,88,112,1,-1,-1,-1
298,109,1223,699,152,108,1,-1,-1,-1
298,110,1390,704,96,128,1,-1,-1,-1
298,111,1989,751,124,120,1,-1,-1,-1
299,19,1456,1217,180,168,1,-1,-1,-1
299,80,0,792,217,147,1,-1,-1,-1
299,98,1637,716,224,136,1,-1,-1,-1
299,100,272,756,228,124,1,-1,-1,-1
299,104,1782,765,229,110,1,-1,-1,-1
299,105,1265,703,104,104,1,-1,-1,-1
299,108,1425,678,88,112,1,-1,-1,-1
299,109,1215,699,152,108,1,-1,-1,-1
299,110,1385,704,96,128,1,-1,-1,-1
299,111,1982,746,130,126,1,-1,-1,-1
300,19,1444,1233,180,168,1,-1,-1,-1
300,80,0,791,199,147,1,-1,-1,-1
300,98,1631,715,224,136,1,-1,-1,-1
300,100,250,753,239,130,1,-1,-1,-1
300,104,1771,763,240,116,1,-1,-1,-1
300,105,1263,703,104,104,1,-1,-1,-1
300,108,1420,678,88,112,1,-1,-1,-1
300,109,1203,694,160,113,1,-1,-1,-1
300,110,1380,702,96,128,1,-1,-1,-1
300,111,1979,743,130,126,1,-1,-1,-1
301,19,1441,1249,180,168,1,-1,-1,-1
301,80,0,789,184,147,1,-1,-1,-1
301,98,1626,714,224,136,1,-1,-1,-1
301,100,233,755,239,130,1,-1,-1,-1
301,104,1760,762,240,116,1,-1,-1,-1
301,108,1415,678,88,112,1,-1,-1,-1
301,109,1198,694,160,113,1,-1,-1,-1
301,110,1376,702,96,128,1,-1,-1,-1
301,111,1977,742,130,126,1,-1,-1,-1
302,19,1444,1264,180,168,1,-1,-1,-1
302,80,0,796,158,140,1,-1,-1,-1
302,98,1621,712,224,136,1,-1,-1,-1
302,100,210,755,239,130,1,-1,-1,-1
302,104,1756,760,240,116,1,-1,-1,-1
302,108,1411,677,88,112,1,-1,-1,-1
302,109,1194,693,160,113,1,-1,-1,-1
302,110,1372,701,96,128,1,-1,-1,-1
302,111,1972,742,130,126,1,-1,-1,-1
303,19,1451,1274,180,166,1,-1,-1,-1
303,80,0,797,141,140,1,-1,-1,-1
303,98,1617,711,224,136,1,-1,-1,-1
303,100,192,757,239,130,1,-1,-1,-1
303,104,1752,758,240,116,1,-1,-1,-1
303,108,1407,676,88,112,1,-1,-1,-1
303,109,1188,692,160,113,1,-1,-1,-1
303,110,1368,700,96,128,1,-1,-1,-1
303,111,1966,740,137,132,1,-1,-1,-1
304,19,1453,1281,180,159,1,-1,-1,-1
304,80,0,794,132,140,1,-1,-1,-1
304,98,1616,710,224,136,1,-1,-1,-1
304,100,175,757,239,130,1,-1,-1,-1
304,104,1751,757,240,116,1,-1,-1,-1
304,108,1406,675,88,112,1,-1,-1,-1
304,109,1186,693,160,113,1,-1,-1,-1
304,110,1366,699,96,128,1,-1,-1,-1
304,111,1964,738,137,132,1,-1,-1,-1
305,19,1453,1281,180,159,1,-1,-1,-1
305,80,0,794,132,140,1,-1,-1,-1
305,98,1608,708,204,136,1,-1,-1,-1
305,100,148,760,268,124,1,-1,-1,-1
305,104,1748,740,192,128,1,-1,-1,-1
305,108,1406,675,88,112,1,-1,-1,-1
305,109,1186,693,160,113,1,-1,-1,-1
305,110,1364,688,96,136,1,-1,-1,-1
305,111,1964,728,136,144,1,-1,-1,-1
305,112,1104,700,204,96,1,-1,-1,-1
305,113,0,808,76,108,1,-1,-1,-1
306,19,1441,1267,180,168,1,-1,-1,-1
306,80,0,793,117,140,1,-1,-1,-1
306,98,1607,707,204,136,1,-1,-1,-1
306,100,135,756,281,130,1,-1,-1,-1
306,104,1747,739,192,128,1,-1,-1,-1
306,108,1402,674,88,112,1,-1,-1,-1
306,109,1185,691,160,113,1,-1,-1,-1
306,110,1363,688,96,136,1,-1,-1,-1
306,111,1965,728,136,144,1,-1,-1,-1
306,112,1086,696,214,101,1,-1,-1,-1
306,113,0,805,65,108,1,-1,-1,-1
307,19,1437,1253,180,168,1,-1,-1,-1
307,98,1607,707,204,136,1,-1,-1,-1
307,100,116,757,281,130,1,-1,-1,-1
307,104,1746,738,192,128,1,-1,-1,-1
307,108,1402,673,88,112,1,-1,-1,-1
307,109,1177,691,168,119,1,-1,-1,-1
307,110,1364,688,96,136,1,-1,-1,-1
307,111,1967,730,136,144,1,-1,-1,-1
307,112,1065,691,225,106,1,-1,-1,-1
307,113,0,811,52,108,1,-1,-1,-1
308,19,1437,1234,180,168,1,-1,-1,-1
308,98,1607,706,204,136,1,-1,-1,-1
308,100,91,757,295,137,1,-1,-1,-1
308,104,1747,736,192,128,1,-1,-1,-1
308,108,1401,673,88,112,1,-1,-1,-1
308,110,1363,687,96,136,1,-1,-1,-1
308,111,1968,732,136,144,1,-1,-1,-1
308,112,1054,691,225,106,1,-1,-1,-1
308,113,0,812,42,113,1,-1,-1,-1
309,19,1437,1221,180,168,1,-1,-1,-1
309,98,1607,705,204,136,1,-1,-1,-1
309,100,74,762,281,130,1,-1,-1,-1
309,104,1748,734,192,128,1,-1,-1,-1
309,108,1401,672,88,112,1,-1,-1,-1
309,110,1362,687,96,136,1,-1,-1,-1
309,111,1970,734,136,144,1,-1,-1,-1
309,112,1036,687,225,106,1,-1,-1,-1
309,113,0,811,42,119,1,-1,-1,-1
310,19,1438,1220,180,168,1,-1,-1,-1
310,98,1607,704,204,136,1,-1,-1,-1
310,100,57,764,281,130,1,-1,-1,-1
310,104,1750,732,192,128,1,-1,-1,-1
310,108,1401,672,88,112,1,-1,-1,-1
310,110,1363,687,96,136,1,-1,-1,-1
310,111,1971,735,136,144,1,-1,-1,-1
310,112,1021,687,225,106,1,-1,-1,-1
311,19,1436,1223,180,168,1,-1,-1,-1
311,98,1608,703,204,136,1,-1,-1,-1
311,100,53,768,268,124,1,-1,-1,-1
311,104,1752,728,192,128,1,-1,-1,-1
311,108,1401,671,88,112,1,-1,-1,-1
311,110,1363,686,96,136,1,-1,-1,-1
311,111,1971,734,136,144,1,-1,-1,-1
311,112,1003,686,225,106,1,-1,-1,-1
312,19,1435,1233,180,168,1,-1,-1,-1
312,98,1609,702,204,136,1,-1,-1,-1
312,100,41,768,268,124,1,-1,-1,-1
312,104,1753,726,192,128,1,-1,-1,-1
312,108,1401,671,88,112,1,-1,-1,-1
312,110,1364,686,96,136,1,-1,-1,-1
312,111,1969,730,143,151,1,-1,-1,-1
312,112,986,690,214,101,1,-1,-1,-1
313,19,1435,1233,180,168,1,-1,-1,-1
313,98,1608,700,208,140,1,-1,-1,-1
313,100,32,764,268,132,1,-1,-1,-1
313,104,1772,716,172,144,1,-1,-1,-1
313,108,1401,671,88,112,1,-1,-1,-1
313,110,1364,686,96,136,1,-1,-1,-1
313,111,1956,736,156,144,1,-1,-1,-1
313,112,1000,684,172,96,1,-1,-1,-1
314,19,1443,1243,180,168,1,-1,-1,-1
314,98,1608,700,208,140,1,-1,-1,-1
314,100,27,765,268,132,1,-1,-1,-1
314,104,1773,715,172,144,1,-1,-1,-1
314,108,1401,669,88,112,1,-1,-1,-1
314,110,1364,685,96,136,1,-1,-1,-1
314,111,1956,736,156,144,1,-1,-1,-1
314,112,993,683,172,96,1,-1,-1,-1
315,19,1445,1235,180,168,1,-1,-1,-1
315,98,1610,699,208,140,1,-1,-1,-1
315,100,20,765,268,132,1,-1,-1,-1
315,104,1774,713,172,144,1,-1,-1,-1
315,108,1401,666,88,112,1,-1,-1,-1
315,110,1365,684,96,136,1,-1,-1,-1
315,111,1957,735,156,144,1,-1,-1,-1
315,112,979,680,181,101,1,-1,-1,-1
