1,0,148,472,852,624,1,-1,-1,-1
1,1,1704,600,712,576,1,-1,-1,-1
1,2,1148,396,468,460,1,-1,-1,-1
1,3,764,452,512,508,1,-1,-1,-1
1,4,1952,568,456,148,1,-1,-1,-1
1,5,2468,728,92,316,1,-1,-1,-1
2,0,142,469,852,624,1,-1,-1,-1
2,1,1695,602,712,576,1,-1,-1,-1
2,2,1144,398,468,460,1,-1,-1,-1
2,3,754,452,512,508,1,-1,-1,-1
2,4,1952,567,456,148,1,-1,-1,-1
2,5,2468,727,92,316,1,-1,-1,-1
3,0,141,472,852,624,1,-1,-1,-1
3,1,1683,603,712,576,1,-1,-1,-1
3,2,1142,400,468,460,1,-1,-1,-1
3,3,749,455,512,508,1,-1,-1,-1
3,4,1952,566,456,148,1,-1,-1,-1
3,5,2468,727,92,316,1,-1,-1,-1
4,0,137,475,852,624,1,-1,-1,-1
4,1,1677,608,712,576,1,-1,-1,-1
4,2,1127,387,491,483,1,-1,-1,-1
4,3,742,455,512,508,1,-1,-1,-1
4,4,1954,567,456,148,1,-1,-1,-1
4,5,2467,727,92,316,1,-1,-1,-1
5,0,140,472,852,624,1,-1,-1,-1
5,1,1648,589,748,605,1,-1,-1,-1
5,2,1125,389,491,483,1,-1,-1,-1
5,3,738,460,512,508,1,-1,-1,-1
5,4,1955,568,456,148,1,-1,-1,-1
5,5,2467,725,92,316,1,-1,-1,-1
6,0,137,479,852,624,1,-1,-1,-1
6,1,1634,582,748,605,1,-1,-1,-1
6,2,1124,385,491,483,1,-1,-1,-1
6,3,736,455,512,508,1,-1,-1,-1
6,4,1959,569,456,148,1,-1,-1,-1
6,5,2467,724,92,316,1,-1,-1,-1
7,0,153,491,811,594,1,-1,-1,-1
7,1,1629,578,748,605,1,-1,-1,-1
7,2,1125,386,491,483,1,-1,-1,-1
7,3,719,438,538,533,1,-1,-1,-1
7,4,1967,571,434,141,1,-1,-1,-1
7,5,2465,717,97,332,1,-1,-1,-1
8,0,175,500,773,566,1,-1,-1,-1
8,1,1625,578,748,605,1,-1,-1,-1
8,2,1122,389,491,483,1,-1,-1,-1
8,3,715,442,538,533,1,-1,-1,-1
8,4,1964,572,434,141,1,-1,-1,-1
8,5,2467,725,92,316,1,-1,-1,-1
9,0,144,468,780,624,1,-1,-1,-1
9,1,1596,596,816,576,1,-1,-1,-1
9,2,1168,408,436,448,1,-1,-1,-1
9,3,620,472,540,512,1,-1,-1,-1
9,4,1964,572,434,141,1,-1,-1,-1
9,5,2464,728,96,316,1,-1,-1,-1
9,6,1024,492,272,408,1,-1,-1,-1
9,7,1932,576,488,260,1,-1,-1,-1
10,0,144,467,780,624,1,-1,-1,-1
10,1,1581,599,816,576,1,-1,-1,-1
10,2,1168,407,436,448,1,-1,-1,-1
10,3,618,473,540,512,1,-1,-1,-1
10,4,1967,568,434,141,1,-1,-1,-1
10,5,2464,729,96,316,1,-1,-1,-1
10,6,1017,492,272,408,1,-1,-1,-1
10,7,1928,577,488,260,1,-1,-1,-1
11,0,140,466,780,624,1,-1,-1,-1
11,1,1580,600,816,576,1,-1,-1,-1
11,2,1167,406,436,448,1,-1,-1,-1
11,3,609,479,540,512,1,-1,-1,-1
11,4,1970,568,434,141,1,-1,-1,-1
11,5,2463,729,96,316,1,-1,-1,-1
11,6,1011,491,272,408,1,-1,-1,-1
11,7,1920,577,488,260,1,-1,-1,-1
12,0,139,467,780,624,1,-1,-1,-1
12,1,1569,598,816,576,1,-1,-1,-1
12,2,1166,405,436,448,1,-1,-1,-1
12,3,605,477,540,512,1,-1,-1,-1
12,4,1970,566,434,141,1,-1,-1,-1
12,5,2464,727,96,316,1,-1,-1,-1
12,6,1013,506,259,389,1,-1,-1,-1
12,7,1912,579,488,260,1,-1,-1,-1
13,0,138,466,780,624,1,-1,-1,-1
13,1,1552,603,816,576,1,-1,-1,-1
13,2,1166,402,436,448,1,-1,-1,-1
13,3,615,488,514,488,1,-1,-1,-1
13,4,1982,566,414,134,1,-1,-1,-1
13,5,2463,727,96,316,1,-1,-1,-1
13,6,1000,493,272,408,1,-1,-1,-1
13,7,1907,579,488,260,1,-1,-1,-1
14,0,136,464,780,624,1,-1,-1,-1
14,1,1521,586,857,605,1,-1,-1,-1
14,2,1167,402,436,448,1,-1,-1,-1
14,3,625,504,490,464,1,-1,-1,-1
14,4,1978,566,414,134,1,-1,-1,-1
14,5,2463,727,96,316,1,-1,-1,-1
14,6,989,495,272,408,1,-1,-1,-1
14,7,1895,577,488,260,1,-1,-1,-1
15,0,134,466,780,624,1,-1,-1,-1
15,1,1519,593,857,605,1,-1,-1,-1
15,2,1163,403,436,448,1,-1,-1,-1
15,3,613,494,514,488,1,-1,-1,-1
15,4,1976,566,414,134,1,-1,-1,-1
15,5,2462,728,96,316,1,-1,-1,-1
15,6,980,484,286,428,1,-1,-1,-1
15,7,1897,576,488,260,1,-1,-1,-1
16,0,131,462,780,624,1,-1,-1,-1
16,1,1520,597,857,605,1,-1,-1,-1
16,2,1166,404,436,448,1,-1,-1,-1
16,3,606,500,514,488,1,-1,-1,-1
16,4,1965,562,434,141,1,-1,-1,-1
16,5,2463,729,96,316,1,-1,-1,-1
16,6,987,500,272,408,1,-1,-1,-1
16,7,1878,573,488,260,1,-1,-1,-1
17,0,152,464,796,624,1,-1,-1,-1
17,1,1460,588,860,580,1,-1,-1,-1
17,2,1176,444,392,396,1,-1,-1,-1
17,3,606,500,514,488,1,-1,-1,-1
17,4,1965,562,434,141,1,-1,-1,-1
17,5,2464,716,96,324,1,-1,-1,-1
17,6,888,532,400,388,1,-1,-1,-1
17,7,1928,568,488,260,1,-1,-1,-1
17,8,872,600,188,372,1,-1,-1,-1
18,0,156,462,796,624,1,-1,-1,-1
18,1,1447,594,860,580,1,-1,-1,-1
18,2,1173,443,392,396,1,-1,-1,-1
18,3,617,477,540,512,1,-1,-1,-1
18,4,1966,562,434,141,1,-1,-1,-1
18,5,2464,716,96,324,1,-1,-1,-1
18,6,884,533,400,388,1,-1,-1,-1
18,7,1924,568,488,260,1,-1,-1,-1
18,8,868,601,188,372,1,-1,-1,-1
19,0,150,466,796,624,1,-1,-1,-1
19,1,1457,606,819,552,1,-1,-1,-1
19,2,1169,442,392,396,1,-1,-1,-1
19,3,619,471,540,512,1,-1,-1,-1
19,4,1958,559,456,148,1,-1,-1,-1
19,5,2464,717,96,324,1,-1,-1,-1
19,6,887,543,381,370,1,-1,-1,-1
19,7,1919,568,488,260,1,-1,-1,-1
19,8,865,604,188,372,1,-1,-1,-1
20,0,150,464,796,624,1,-1,-1,-1
20,1,1458,602,819,552,1,-1,-1,-1
20,2,1163,444,392,396,1,-1,-1,-1
20,3,619,451,567,538,1,-1,-1,-1
20,4,1956,560,456,148,1,-1,-1,-1
20,5,2465,717,96,324,1,-1,-1,-1
20,6,886,543,381,370,1,-1,-1,-1
20,7,1903,563,512,273,1,-1,-1,-1
20,8,866,601,188,372,1,-1,-1,-1
21,0,142,458,796,624,1,-1,-1,-1
21,1,1425,595,860,580,1,-1,-1,-1
21,2,1160,443,392,396,1,-1,-1,-1
21,3,626,459,567,538,1,-1,-1,-1
21,4,1966,562,434,141,1,-1,-1,-1
21,5,2467,723,91,309,1,-1,-1,-1
21,6,879,544,381,370,1,-1,-1,-1
21,7,1895,560,512,273,1,-1,-1,-1
21,8,868,595,188,372,1,-1,-1,-1
22,0,157,472,758,594,1,-1,-1,-1
22,1,1418,591,860,580,1,-1,-1,-1
22,2,1154,442,392,396,1,-1,-1,-1
22,3,622,457,567,538,1,-1,-1,-1
22,4,1968,561,434,141,1,-1,-1,-1
22,5,2464,715,96,324,1,-1,-1,-1
22,6,853,534,400,388,1,-1,-1,-1
22,7,1905,563,488,260,1,-1,-1,-1
22,8,868,592,188,372,1,-1,-1,-1
23,0,161,467,758,594,1,-1,-1,-1
23,1,1427,610,819,552,1,-1,-1,-1
23,2,1160,441,392,396,1,-1,-1,-1
23,3,621,455,567,538,1,-1,-1,-1
23,4,1969,561,434,141,1,-1,-1,-1
23,5,2463,716,96,324,1,-1,-1,-1
23,6,849,526,400,388,1,-1,-1,-1
23,7,1890,557,512,273,1,-1,-1,-1
23,8,868,589,188,372,1,-1,-1,-1
24,0,160,472,758,594,1,-1,-1,-1
24,1,1415,609,819,552,1,-1,-1,-1
24,2,1154,437,392,396,1,-1,-1,-1
24,3,620,468,540,512,1,-1,-1,-1
24,4,1967,560,434,141,1,-1,-1,-1
24,5,2466,722,91,309,1,-1,-1,-1
24,6,852,542,381,370,1,-1,-1,-1
24,7,1891,557,512,273,1,-1,-1,-1
24,8,862,582,197,391,1,-1,-1,-1
25,0,152,476,836,612,1,-1,-1,-1
25,1,1316,584,892,588,1,-1,-1,-1
25,2,1184,404,396,444,1,-1,-1,-1
25,3,768,480,428,456,1,-1,-1,-1
25,4,1967,560,434,141,1,-1,-1,-1
25,5,2464,716,96,332,1,-1,-1,-1
25,6,852,542,381,370,1,-1,-1,-1
25,7,1940,568,484,296,1,-1,-1,-1
25,8,862,582,197,391,1,-1,-1,-1
26,0,151,474,836,612,1,-1,-1,-1
26,1,1297,584,892,588,1,-1,-1,-1
26,2,1174,403,396,444,1,-1,-1,-1
26,3,758,481,428,456,1,-1,-1,-1
26,4,1963,561,434,141,1,-1,-1,-1
26,5,2464,716,96,332,1,-1,-1,-1
26,6,766,540,400,388,1,-1,-1,-1
26,7,1939,568,484,296,1,-1,-1,-1
26,8,867,593,188,372,1,-1,-1,-1
27,0,152,470,836,612,1,-1,-1,-1
27,1,1281,581,892,588,1,-1,-1,-1
27,2,1171,406,396,444,1,-1,-1,-1
27,3,752,480,428,456,1,-1,-1,-1
27,4,1964,562,434,141,1,-1,-1,-1
27,5,2464,716,96,332,1,-1,-1,-1
27,6,739,528,420,407,1,-1,-1,-1
27,7,1937,567,484,296,1,-1,-1,-1
27,8,870,596,188,372,1,-1,-1,-1
28,0,146,471,836,612,1,-1,-1,-1
28,1,1251,578,892,588,1,-1,-1,-1
28,2,1160,404,396,444,1,-1,-1,-1
28,3,747,483,428,456,1,-1,-1,-1
28,4,1978,563,414,134,1,-1,-1,-1
28,5,2464,715,96,332,1,-1,-1,-1
28,6,712,536,420,407,1,-1,-1,-1
28,7,1934,568,484,296,1,-1,-1,-1
28,8,872,596,188,372,1,-1,-1,-1
29,0,130,475,836,612,1,-1,-1,-1
29,1,1261,603,850,560,1,-1,-1,-1
29,2,1151,412,396,444,1,-1,-1,-1
29,3,740,490,428,456,1,-1,-1,-1
29,4,1967,562,434,141,1,-1,-1,-1
29,5,2466,723,91,316,1,-1,-1,-1
29,6,707,539,420,407,1,-1,-1,-1
29,7,1925,559,508,311,1,-1,-1,-1
29,8,878,601,188,372,1,-1,-1,-1
30,0,135,471,836,612,1,-1,-1,-1
30,1,1241,594,850,560,1,-1,-1,-1
30,2,1154,418,377,423,1,-1,-1,-1
30,3,747,504,408,434,1,-1,-1,-1
30,4,1977,566,414,134,1,-1,-1,-1
30,5,2464,719,96,332,1,-1,-1,-1
30,6,686,530,441,428,1,-1,-1,-1
30,7,1929,570,484,296,1,-1,-1,-1
30,8,880,597,188,372,1,-1,-1,-1
31,0,149,494,796,583,1,-1,-1,-1
31,1,1195,585,892,588,1,-1,-1,-1
31,2,1144,419,396,444,1,-1,-1,-1
31,3,751,508,408,434,1,-1,-1,-1
31,4,1968,564,434,141,1,-1,-1,-1
31,5,2460,708,101,349,1,-1,-1,-1
31,6,665,537,420,407,1,-1,-1,-1
31,7,1937,569,484,296,1,-1,-1,-1
31,8,879,600,188,372,1,-1,-1,-1
32,0,135,483,836,612,1,-1,-1,-1
32,1,1153,563,937,617,1,-1,-1,-1
32,2,1151,421,396,444,1,-1,-1,-1
32,3,741,510,408,434,1,-1,-1,-1
32,4,1967,565,434,141,1,-1,-1,-1
32,5,2458,696,106,366,1,-1,-1,-1
32,6,642,534,420,407,1,-1,-1,-1
32,7,1937,570,484,296,1,-1,-1,-1
32,8,877,601,188,372,1,-1,-1,-1
33,0,148,476,768,612,1,-1,-1,-1
33,1,1164,592,876,580,1,-1,-1,-1
33,2,1151,421,396,444,1,-1,-1,-1
33,3,741,510,408,434,1,-1,-1,-1
33,4,1967,565,434,141,1,-1,-1,-1
33,5,2468,720,92,328,1,-1,-1,-1
33,6,642,534,420,407,1,-1,-1,-1
33,7,1924,568,500,292,1,-1,-1,-1
33,8,877,601,188,372,1,-1,-1,-1
33,9,1184,400,404,268,1,-1,-1,-1
34,0,145,479,768,612,1,-1,-1,-1
34,1,1159,591,876,580,1,-1,-1,-1
34,2,1156,433,396,444,1,-1,-1,-1
34,3,740,496,428,456,1,-1,-1,-1
34,4,1964,564,434,141,1,-1,-1,-1
34,5,2468,721,92,328,1,-1,-1,-1
34,6,630,541,420,407,1,-1,-1,-1
34,7,1922,566,500,292,1,-1,-1,-1
34,8,878,596,188,372,1,-1,-1,-1
34,9,1183,399,404,268,1,-1,-1,-1
35,0,147,481,768,612,1,-1,-1,-1
35,1,1139,594,876,580,1,-1,-1,-1
35,2,1149,417,416,466,1,-1,-1,-1
35,3,729,492,428,456,1,-1,-1,-1
35,4,1953,562,456,148,1,-1,-1,-1
35,5,2468,722,92,328,1,-1,-1,-1
35,6,625,545,420,407,1,-1,-1,-1
35,7,1920,564,500,292,1,-1,-1,-1
35,8,876,596,188,372,1,-1,-1,-1
35,9,1182,401,404,268,1,-1,-1,-1
36,0,138,477,768,612,1,-1,-1,-1
36,1,1167,613,834,552,1,-1,-1,-1
36,2,1149,416,416,466,1,-1,-1,-1
36,3,741,493,428,456,1,-1,-1,-1
36,4,1951,563,456,148,1,-1,-1,-1
36,5,2468,724,92,328,1,-1,-1,-1
36,6,620,544,420,407,1,-1,-1,-1
36,7,1909,560,525,307,1,-1,-1,-1
36,8,875,594,188,372,1,-1,-1,-1
36,9,1179,403,404,268,1,-1,-1,-1
37,0,148,484,768,612,1,-1,-1,-1
37,1,1152,614,834,552,1,-1,-1,-1
37,2,1153,419,416,466,1,-1,-1,-1
37,3,747,484,428,456,1,-1,-1,-1
37,4,1950,564,456,148,1,-1,-1,-1
37,5,2471,733,88,312,1,-1,-1,-1
37,6,612,551,420,407,1,-1,-1,-1
37,7,1906,560,525,307,1,-1,-1,-1
37,8,874,594,188,372,1,-1,-1,-1
37,9,1189,414,385,255,1,-1,-1,-1
38,0,137,477,768,612,1,-1,-1,-1
38,1,1117,617,834,552,1,-1,-1,-1
38,2,1190,373,416,466,1,-1,-1,-1
38,3,755,472,428,456,1,-1,-1,-1
38,4,1965,566,434,141,1,-1,-1,-1
38,5,2468,723,92,328,1,-1,-1,-1
38,6,619,557,400,388,1,-1,-1,-1
38,7,1906,559,525,307,1,-1,-1,-1
38,8,871,591,188,372,1,-1,-1,-1
38,9,1183,406,404,268,1,-1,-1,-1
39,0,133,482,768,612,1,-1,-1,-1
39,1,1110,620,834,552,1,-1,-1,-1
39,2,1192,383,416,466,1,-1,-1,-1
39,3,748,488,428,456,1,-1,-1,-1
39,4,1951,563,456,148,1,-1,-1,-1
39,5,2470,733,88,312,1,-1,-1,-1
39,6,620,560,400,388,1,-1,-1,-1
39,7,1900,555,525,307,1,-1,-1,-1
39,8,875,598,179,354,1,-1,-1,-1
39,9,1182,408,404,268,1,-1,-1,-1
40,0,127,482,768,612,1,-1,-1,-1
40,1,1039,598,876,580,1,-1,-1,-1
40,2,1182,370,437,490,1,-1,-1,-1
40,3,757,480,428,456,1,-1,-1,-1
40,4,1951,563,456,148,1,-1,-1,-1
40,5,2471,732,88,312,1,-1,-1,-1
40,6,624,556,400,388,1,-1,-1,-1
40,7,1904,556,525,307,1,-1,-1,-1
40,8,875,602,179,354,1,-1,-1,-1
40,9,1183,407,404,268,1,-1,-1,-1
41,0,140,484,856,604,1,-1,-1,-1
41,1,1024,568,852,592,1,-1,-1,-1
41,2,1182,370,437,490,1,-1,-1,-1
41,3,757,480,428,456,1,-1,-1,-1
41,4,1951,563,456,148,1,-1,-1,-1
41,5,2468,720,92,328,1,-1,-1,-1
41,6,624,556,400,388,1,-1,-1,-1
41,7,1912,568,516,288,1,-1,-1,-1
41,8,875,602,179,354,1,-1,-1,-1
41,9,1180,400,404,268,1,-1,-1,-1
41,10,8,456,732,456,1,-1,-1,-1
42,0,142,491,856,604,1,-1,-1,-1
42,1,1012,573,852,592,1,-1,-1,-1
42,2,1154,381,437,490,1,-1,-1,-1
42,3,771,476,428,456,1,-1,-1,-1
42,4,1967,566,434,141,1,-1,-1,-1
42,5,2468,721,92,328,1,-1,-1,-1
42,6,612,561,400,388,1,-1,-1,-1
42,7,1911,568,516,288,1,-1,-1,-1
42,8,871,598,179,354,1,-1,-1,-1
42,9,1178,402,404,268,1,-1,-1,-1
42,10,4,456,732,456,1,-1,-1,-1
43,0,142,494,856,604,1,-1,-1,-1
43,1,1020,590,811,564,1,-1,-1,-1
43,2,1160,379,458,514,1,-1,-1,-1
43,3,761,466,428,456,1,-1,-1,-1
43,4,1965,564,434,141,1,-1,-1,-1
43,5,2467,720,92,328,1,-1,-1,-1
43,6,609,565,400,388,1,-1,-1,-1
43,7,1911,567,516,288,1,-1,-1,-1
43,8,867,588,188,372,1,-1,-1,-1
43,9,1173,401,404,268,1,-1,-1,-1
43,10,3,456,732,456,1,-1,-1,-1
44,0,142,488,856,604,1,-1,-1,-1
44,1,984,575,852,592,1,-1,-1,-1
44,2,1160,369,458,514,1,-1,-1,-1
44,3,760,473,428,456,1,-1,-1,-1
44,4,1953,561,456,148,1,-1,-1,-1
44,5,2468,719,92,328,1,-1,-1,-1
44,6,611,565,400,388,1,-1,-1,-1
44,7,1912,568,516,288,1,-1,-1,-1
44,8,860,584,197,391,1,-1,-1,-1
44,9,1183,408,385,255,1,-1,-1,-1
44,10,6,463,732,456,1,-1,-1,-1
45,0,165,515,815,575,1,-1,-1,-1
45,1,962,580,852,592,1,-1,-1,-1
45,2,1173,373,458,514,1,-1,-1,-1
45,3,763,478,428,456,1,-1,-1,-1
45,4,1951,561,456,148,1,-1,-1,-1
45,5,2466,713,92,328,1,-1,-1,-1
45,6,604,566,400,388,1,-1,-1,-1
45,7,1910,566,516,288,1,-1,-1,-1
45,8,870,588,188,372,1,-1,-1,-1
45,9,1183,409,385,255,1,-1,-1,-1
45,10,-10,460,732,456,1,-1,-1,-1
46,0,161,522,815,575,1,-1,-1,-1
46,1,927,565,895,622,1,-1,-1,-1
46,2,1176,369,437,490,1,-1,-1,-1
46,3,770,473,428,456,1,-1,-1,-1
46,4,1967,564,434,141,1,-1,-1,-1
46,5,2468,711,92,328,1,-1,-1,-1
46,6,615,567,400,388,1,-1,-1,-1
46,7,1909,566,516,288,1,-1,-1,-1
46,8,865,581,197,391,1,-1,-1,-1
46,9,1182,410,385,255,1,-1,-1,-1
46,10,-9,464,732,456,1,-1,-1,-1
47,0,134,502,856,604,1,-1,-1,-1
47,1,931,586,852,592,1,-1,-1,-1
47,2,1174,359,458,514,1,-1,-1,-1
47,3,774,471,428,456,1,-1,-1,-1
47,4,1964,563,434,141,1,-1,-1,-1
47,5,2465,700,97,344,1,-1,-1,-1
47,6,624,579,381,370,1,-1,-1,-1
47,7,1911,570,516,288,1,-1,-1,-1
47,8,868,575,197,391,1,-1,-1,-1
47,9,1182,411,385,255,1,-1,-1,-1
47,10,-8,468,732,456,1,-1,-1,-1
48,0,138,496,856,604,1,-1,-1,-1
48,1,930,599,811,564,1,-1,-1,-1
48,2,1187,379,437,490,1,-1,-1,-1
48,3,775,475,428,456,1,-1,-1,-1
48,4,1976,565,414,134,1,-1,-1,-1
48,5,2463,690,101,362,1,-1,-1,-1
48,6,618,571,381,370,1,-1,-1,-1
48,7,1913,567,516,288,1,-1,-1,-1
48,8,867,589,197,391,1,-1,-1,-1
48,9,1180,413,385,255,1,-1,-1,-1
48,10,-17,466,732,456,1,-1,-1,-1
49,0,140,472,752,608,1,-1,-1,-1
49,1,848,568,880,580,1,-1,-1,-1
49,2,1187,379,437,490,1,-1,-1,-1
49,3,775,475,428,456,1,-1,-1,-1
49,4,1976,565,414,134,1,-1,-1,-1
49,5,2463,690,101,362,1,-1,-1,-1
49,6,618,571,381,370,1,-1,-1,-1
49,7,1912,568,520,288,1,-1,-1,-1
49,8,867,589,197,391,1,-1,-1,-1
49,9,1180,396,416,272,1,-1,-1,-1
49,10,0,432,636,520,1,-1,-1,-1
49,11,2504,708,52,332,1,-1,-1,-1
50,0,144,471,752,608,1,-1,-1,-1
50,1,828,570,880,580,1,-1,-1,-1
50,2,1169,384,437,490,1,-1,-1,-1
50,3,758,476,449,479,1,-1,-1,-1
50,4,1977,563,414,134,1,-1,-1,-1
50,5,2462,699,101,362,1,-1,-1,-1
50,6,631,582,363,352,1,-1,-1,-1
50,7,1914,571,520,288,1,-1,-1,-1
50,8,865,583,197,391,1,-1,-1,-1
50,9,1180,397,416,272,1,-1,-1,-1
50,10,-1,431,636,520,1,-1,-1,-1
50,11,2435,-122,52,332,1,-1,-1,-1
51,0,134,474,752,608,1,-1,-1,-1
51,1,819,572,880,580,1,-1,-1,-1
51,2,1175,389,416,466,1,-1,-1,-1
51,3,757,478,449,479,1,-1,-1,-1
51,4,1977,563,414,134,1,-1,-1,-1
51,5,2462,698,101,362,1,-1,-1,-1
51,6,623,580,363,352,1,-1,-1,-1
51,7,1918,569,520,288,1,-1,-1,-1
51,8,859,585,197,391,1,-1,-1,-1
51,9,1178,397,416,272,1,-1,-1,-1
51,10,-8,433,636,520,1,-1,-1,-1
51,11,2400,-330,52,332,1,-1,-1,-1
52,0,131,468,752,608,1,-1,-1,-1
52,1,795,582,880,580,1,-1,-1,-1
52,2,1177,391,416,466,1,-1,-1,-1
52,3,753,484,449,479,1,-1,-1,-1
52,4,1977,562,414,134,1,-1,-1,-1
52,5,2462,693,101,362,1,-1,-1,-1
52,6,614,569,363,352,1,-1,-1,-1
52,7,1914,570,520,288,1,-1,-1,-1
52,8,866,597,188,372,1,-1,-1,-1
52,9,1175,398,416,272,1,-1,-1,-1
52,10,-7,432,636,520,1,-1,-1,-1
52,11,2366,-330,52,332,1,-1,-1,-1
53,0,136,470,752,608,1,-1,-1,-1
53,1,781,581,880,580,1,-1,-1,-1
53,2,1178,400,396,444,1,-1,-1,-1
53,3,749,489,449,479,1,-1,-1,-1
53,4,1976,563,414,134,1,-1,-1,-1
53,5,2461,688,101,362,1,-1,-1,-1
53,6,624,567,363,352,1,-1,-1,-1
53,7,1917,569,520,288,1,-1,-1,-1
53,8,865,608,188,372,1,-1,-1,-1
53,9,1179,399,416,272,1,-1,-1,-1
53,10,-9,432,636,520,1,-1,-1,-1
53,11,2331,-330,52,332,1,-1,-1,-1
54,0,121,474,752,608,1,-1,-1,-1
54,1,789,590,838,552,1,-1,-1,-1
54,2,1172,399,396,444,1,-1,-1,-1
54,3,746,488,449,479,1,-1,-1,-1
54,4,1977,562,414,134,1,-1,-1,-1
54,5,2461,690,101,362,1,-1,-1,-1
54,6,608,562,363,352,1,-1,-1,-1
54,7,1915,569,520,288,1,-1,-1,-1
54,8,860,622,188,372,1,-1,-1,-1
54,9,1168,391,437,286,1,-1,-1,-1
54,10,-9,426,636,520,1,-1,-1,-1
54,11,2297,-330,52,332,1,-1,-1,-1
55,0,122,470,752,608,1,-1,-1,-1
55,1,795,593,838,552,1,-1,-1,-1
55,2,1164,400,396,444,1,-1,-1,-1
55,3,746,491,449,479,1,-1,-1,-1
55,4,1977,562,414,134,1,-1,-1,-1
55,5,2460,693,101,362,1,-1,-1,-1
55,6,598,563,363,352,1,-1,-1,-1
55,7,1916,571,520,288,1,-1,-1,-1
55,8,856,613,188,372,1,-1,-1,-1
55,9,1165,392,437,286,1,-1,-1,-1
55,10,-13,430,636,520,1,-1,-1,-1
56,0,127,476,752,608,1,-1,-1,-1
56,1,711,565,880,580,1,-1,-1,-1
56,2,1173,410,396,444,1,-1,-1,-1
56,3,728,485,449,479,1,-1,-1,-1
56,4,1978,562,414,134,1,-1,-1,-1
56,5,2457,690,101,362,1,-1,-1,-1
56,6,591,581,346,335,1,-1,-1,-1
56,7,1917,572,520,288,1,-1,-1,-1
56,8,851,602,188,372,1,-1,-1,-1
56,9,1177,400,416,272,1,-1,-1,-1
56,10,-13,430,636,520,1,-1,-1,-1
57,0,156,472,724,612,1,-1,-1,-1
57,1,652,588,896,560,1,-1,-1,-1
57,2,1180,400,428,460,1,-1,-1,-1
57,3,728,485,449,479,1,-1,-1,-1
57,4,1978,562,414,134,1,-1,-1,-1
57,5,2424,716,136,328,1,-1,-1,-1
57,6,591,581,346,335,1,-1,-1,-1
57,7,1912,568,520,276,1,-1,-1,-1
57,8,851,602,188,372,1,-1,-1,-1
57,9,1177,400,416,272,1,-1,-1,-1
57,10,-13,430,636,520,1,-1,-1,-1
57,12,0,584,412,404,1,-1,-1,-1
57,13,0,468,240,376,1,-1,-1,-1
58,0,147,468,724,612,1,-1,-1,-1
58,1,644,587,896,560,1,-1,-1,-1
58,2,1173,398,428,460,1,-1,-1,-1
58,3,718,502,449,479,1,-1,-1,-1
58,4,1979,564,414,134,1,-1,-1,-1
58,5,2422,702,136,328,1,-1,-1,-1
58,6,509,508,346,335,1,-1,-1,-1
58,7,1911,569,520,276,1,-1,-1,-1
58,8,836,595,197,391,1,-1,-1,-1
58,9,1179,396,416,272,1,-1,-1,-1
58,10,-4,445,636,520,1,-1,-1,-1
58,12,-10,586,412,404,1,-1,-1,-1
58,13,-10,470,240,376,1,-1,-1,-1
59,0,158,490,690,583,1,-1,-1,-1
59,1,618,591,896,560,1,-1,-1,-1
59,2,1156,401,428,460,1,-1,-1,-1
59,3,714,515,449,479,1,-1,-1,-1
59,4,1979,564,414,134,1,-1,-1,-1
59,5,2418,703,136,328,1,-1,-1,-1
59,6,483,479,346,335,1,-1,-1,-1
59,7,1909,569,520,276,1,-1,-1,-1
59,8,807,452,188,372,1,-1,-1,-1
59,9,1180,395,416,272,1,-1,-1,-1
59,10,-12,450,636,520,1,-1,-1,-1
59,12,-14,586,412,404,1,-1,-1,-1
59,13,-21,470,240,376,1,-1,-1,-1
60,0,170,496,657,555,1,-1,-1,-1
60,1,621,609,853,533,1,-1,-1,-1
60,2,1154,397,428,460,1,-1,-1,-1
60,3,712,524,449,479,1,-1,-1,-1
60,4,1967,560,434,141,1,-1,-1,-1
60,5,2420,703,136,328,1,-1,-1,-1
60,6,494,483,329,319,1,-1,-1,-1
60,7,1920,572,495,263,1,-1,-1,-1
60,8,799,453,188,372,1,-1,-1,-1
60,9,1181,395,416,272,1,-1,-1,-1
60,10,-25,426,668,546,1,-1,-1,-1
60,12,-13,581,412,404,1,-1,-1,-1
60,13,-31,470,240,376,1,-1,-1,-1
61,0,171,498,657,555,1,-1,-1,-1
61,1,635,620,813,508,1,-1,-1,-1
61,2,1152,397,428,460,1,-1,-1,-1
61,3,718,533,428,456,1,-1,-1,-1
61,4,1964,560,434,141,1,-1,-1,-1
61,5,2425,712,130,312,1,-1,-1,-1
61,6,476,467,329,319,1,-1,-1,-1
61,7,1921,571,495,263,1,-1,-1,-1
61,8,777,443,197,391,1,-1,-1,-1
61,9,1182,394,416,272,1,-1,-1,-1
61,10,-31,423,668,546,1,-1,-1,-1
61,12,-18,576,412,404,1,-1,-1,-1
61,13,-36,468,240,376,1,-1,-1,-1
62,0,135,481,690,583,1,-1,-1,-1
62,1,583,616,853,533,1,-1,-1,-1
62,2,1186,410,408,438,1,-1,-1,-1
62,3,666,539,428,456,1,-1,-1,-1
62,4,1967,560,434,141,1,-1,-1,-1
62,5,2426,712,136,328,1,-1,-1,-1
62,6,474,463,313,304,1,-1,-1,-1
62,7,1922,568,495,263,1,-1,-1,-1
62,9,1185,396,416,272,1,-1,-1,-1
62,10,-15,435,636,520,1,-1,-1,-1
62,12,-33,566,433,424,1,-1,-1,-1
62,13,-48,466,240,376,1,-1,-1,-1
63,0,140,471,690,583,1,-1,-1,-1
63,1,596,618,853,533,1,-1,-1,-1
63,2,1175,395,428,460,1,-1,-1,-1
63,3,645,548,428,456,1,-1,-1,-1
63,4,1967,561,434,141,1,-1,-1,-1
63,5,2423,703,143,344,1,-1,-1,-1
63,7,1916,570,495,263,1,-1,-1,-1
63,9,1181,395,416,272,1,-1,-1,-1
63,10,-13,434,636,520,1,-1,-1,-1
63,12,-31,565,433,424,1,-1,-1,-1
63,13,-54,464,240,376,1,-1,-1,-1
64,0,141,477,690,583,1,-1,-1,-1
64,1,572,616,853,533,1,-1,-1,-1
64,2,1169,388,449,483,1,-1,-1,-1
64,3,644,542,428,456,1,-1,-1,-1
64,4,1970,562,434,141,1,-1,-1,-1
64,5,2427,717,136,328,1,-1,-1,-1
64,7,1919,570,495,263,1,-1,-1,-1
64,9,1184,397,416,272,1,-1,-1,-1
64,10,-9,435,636,520,1,-1,-1,-1
64,12,-40,560,433,424,1,-1,-1,-1
64,13,-61,463,240,376,1,-1,-1,-1
65,0,160,472,428,616,1,-1,-1,-1
65,1,496,572,852,560,1,-1,-1,-1
65,2,1176,400,432,460,1,-1,-1,-1
65,3,644,542,428,456,1,-1,-1,-1
65,4,1970,562,434,141,1,-1,-1,-1
65,5,2432,720,128,324,1,-1,-1,-1
65,7,1912,568,516,296,1,-1,-1,-1
65,9,1184,397,416,272,1,-1,-1,-1
65,10,-9,435,636,520,1,-1,-1,-1
65,12,0,580,424,420,1,-1,-1,-1
65,13,-61,463,240,376,1,-1,-1,-1
65,14,0,508,236,108,1,-1,-1,-1
66,0,154,470,428,616,1,-1,-1,-1
66,1,487,569,852,560,1,-1,-1,-1
66,2,1168,400,432,460,1,-1,-1,-1
66,3,598,551,428,456,1,-1,-1,-1
66,4,1979,564,414,134,1,-1,-1,-1
66,5,2434,727,128,324,1,-1,-1,-1
66,7,1912,568,516,296,1,-1,-1,-1
66,9,1182,400,416,272,1,-1,-1,-1
66,10,-2,448,636,520,1,-1,-1,-1
66,12,-12,581,424,420,1,-1,-1,-1
66,13,-88,457,252,395,1,-1,-1,-1
66,14,-24,505,248,113,1,-1,-1,-1
67,0,154,469,428,616,1,-1,-1,-1
67,1,471,572,852,560,1,-1,-1,-1
67,2,1164,397,432,460,1,-1,-1,-1
67,3,619,560,428,456,1,-1,-1,-1
67,4,1968,561,434,141,1,-1,-1,-1
67,5,2429,731,128,324,1,-1,-1,-1
67,7,1913,568,516,296,1,-1,-1,-1
67,9,1178,400,416,272,1,-1,-1,-1
67,10,-12,439,636,520,1,-1,-1,-1
67,12,-20,585,424,420,1,-1,-1,-1
67,13,-95,455,252,395,1,-1,-1,-1
67,14,-39,503,260,119,1,-1,-1,-1
68,0,145,468,428,616,1,-1,-1,-1
68,1,457,574,852,560,1,-1,-1,-1
68,2,1149,386,454,483,1,-1,-1,-1
68,3,691,550,428,456,1,-1,-1,-1
68,4,1969,562,434,141,1,-1,-1,-1
68,5,2430,735,122,309,1,-1,-1,-1
68,7,1910,569,516,296,1,-1,-1,-1
68,9,1189,403,396,259,1,-1,-1,-1
68,10,-15,440,636,520,1,-1,-1,-1
68,12,-32,575,445,441,1,-1,-1,-1
68,13,-140,448,265,415,1,-1,-1,-1
68,14,-58,500,273,125,1,-1,-1,-1
69,0,134,469,428,616,1,-1,-1,-1
69,1,435,578,852,560,1,-1,-1,-1
69,2,1146,385,454,483,1,-1,-1,-1
69,3,722,530,449,479,1,-1,-1,-1
69,4,1968,561,434,141,1,-1,-1,-1
69,5,2426,726,128,324,1,-1,-1,-1
69,7,1909,572,516,296,1,-1,-1,-1
69,9,1187,405,396,259,1,-1,-1,-1
69,10,-8,443,636,520,1,-1,-1,-1
69,12,-40,576,445,441,1,-1,-1,-1
69,13,-137,447,265,415,1,-1,-1,-1
69,14,-71,500,287,131,1,-1,-1,-1
70,0,124,466,428,616,1,-1,-1,-1
70,1,401,565,895,588,1,-1,-1,-1
70,2,1146,384,454,483,1,-1,-1,-1
70,3,724,510,472,503,1,-1,-1,-1
70,4,1971,562,434,141,1,-1,-1,-1
70,5,2422,711,134,340,1,-1,-1,-1
70,7,1925,579,491,282,1,-1,-1,-1
70,9,1191,403,396,259,1,-1,-1,-1
70,10,-21,436,668,546,1,-1,-1,-1
70,12,-62,571,445,441,1,-1,-1,-1
70,13,-167,435,278,435,1,-1,-1,-1
70,14,-44,498,287,131,1,-1,-1,-1
71,0,117,471,428,616,1,-1,-1,-1
71,1,413,574,852,560,1,-1,-1,-1
71,2,1147,386,454,483,1,-1,-1,-1
71,3,705,505,472,503,1,-1,-1,-1
71,4,1970,560,434,141,1,-1,-1,-1
71,5,2421,710,134,340,1,-1,-1,-1
71,7,1923,578,491,282,1,-1,-1,-1
71,9,1185,405,396,259,1,-1,-1,-1
71,10,-9,438,636,520,1,-1,-1,-1
71,12,-57,577,445,441,1,-1,-1,-1
71,13,-174,442,278,435,1,-1,-1,-1
71,14,-55,497,287,131,1,-1,-1,-1
72,0,130,468,428,616,1,-1,-1,-1
72,1,375,574,852,560,1,-1,-1,-1
72,2,1148,383,454,483,1,-1,-1,-1
72,3,727,500,472,503,1,-1,-1,-1
72,4,1969,560,434,141,1,-1,-1,-1
72,5,2417,701,141,357,1,-1,-1,-1
72,7,1927,574,491,282,1,-1,-1,-1
72,9,1189,404,396,259,1,-1,-1,-1
72,10,-7,436,668,546,1,-1,-1,-1
72,12,-44,593,424,420,1,-1,-1,-1
72,13,-43,566,265,415,1,-1,-1,-1
72,14,-48,496,287,131,1,-1,-1,-1
73,0,164,472,400,596,1,-1,-1,-1
73,1,328,572,884,564,1,-1,-1,-1
73,2,1160,392,456,476,1,-1,-1,-1
73,3,727,500,472,503,1,-1,-1,-1
73,4,1969,560,434,141,1,-1,-1,-1
73,5,2417,701,141,357,1,-1,-1,-1
73,7,1916,568,520,304,1,-1,-1,-1
73,9,1189,404,396,259,1,-1,-1,-1
73,10,-7,436,668,546,1,-1,-1,-1
73,12,0,548,392,460,1,-1,-1,-1
73,13,-43,566,265,415,1,-1,-1,-1
73,14,-48,496,287,131,1,-1,-1,-1
73,15,2512,712,48,332,1,-1,-1,-1
74,0,159,470,400,596,1,-1,-1,-1
74,1,309,581,884,564,1,-1,-1,-1
74,2,1154,393,456,476,1,-1,-1,-1
74,3,712,493,495,528,1,-1,-1,-1
74,4,1972,560,434,141,1,-1,-1,-1
74,5,2419,699,141,357,1,-1,-1,-1
74,7,1915,565,520,304,1,-1,-1,-1
74,9,1177,399,416,272,1,-1,-1,-1
74,10,6,458,668,546,1,-1,-1,-1
74,12,-5,547,392,460,1,-1,-1,-1
74,13,-40,553,265,415,1,-1,-1,-1
74,14,-44,495,287,131,1,-1,-1,-1
74,15,2443,-118,48,332,1,-1,-1,-1
75,0,169,481,381,568,1,-1,-1,-1
75,1,286,561,928,592,1,-1,-1,-1
75,2,1160,396,456,476,1,-1,-1,-1
75,3,713,491,495,528,1,-1,-1,-1
75,4,1974,561,434,141,1,-1,-1,-1
75,5,2422,701,141,357,1,-1,-1,-1
75,7,1900,560,546,319,1,-1,-1,-1
75,9,1180,397,416,272,1,-1,-1,-1
75,10,4,458,668,546,1,-1,-1,-1
75,12,-12,548,392,460,1,-1,-1,-1
75,13,-10,542,265,415,1,-1,-1,-1
75,14,-41,497,287,131,1,-1,-1,-1
75,15,2408,-330,48,332,1,-1,-1,-1
76,0,167,485,381,568,1,-1,-1,-1
76,1,266,564,928,592,1,-1,-1,-1
76,2,1162,397,456,476,1,-1,-1,-1
76,3,734,493,472,503,1,-1,-1,-1
76,4,1973,562,434,141,1,-1,-1,-1
76,5,2420,704,141,357,1,-1,-1,-1
76,7,1914,569,520,304,1,-1,-1,-1
76,9,1182,397,416,272,1,-1,-1,-1
76,10,3,453,668,546,1,-1,-1,-1
76,12,-16,547,392,460,1,-1,-1,-1
76,13,-15,504,278,435,1,-1,-1,-1
76,14,-43,498,287,131,1,-1,-1,-1
76,15,2374,-330,48,332,1,-1,-1,-1
77,0,152,471,400,596,1,-1,-1,-1
77,1,255,565,928,592,1,-1,-1,-1
77,2,1175,404,434,453,1,-1,-1,-1
77,3,756,496,472,503,1,-1,-1,-1
77,4,1976,562,434,141,1,-1,-1,-1
77,5,2417,712,141,357,1,-1,-1,-1
77,7,1914,568,520,304,1,-1,-1,-1
77,9,1184,399,416,272,1,-1,-1,-1
77,10,0,437,668,546,1,-1,-1,-1
77,12,-18,542,392,460,1,-1,-1,-1
77,13,-17,468,278,435,1,-1,-1,-1
77,14,-36,501,273,125,1,-1,-1,-1
77,15,2339,-330,48,332,1,-1,-1,-1
78,0,149,466,400,596,1,-1,-1,-1
78,1,270,570,884,564,1,-1,-1,-1
78,2,1173,405,434,453,1,-1,-1,-1
78,3,765,484,472,503,1,-1,-1,-1
78,4,1972,563,434,141,1,-1,-1,-1
78,5,2423,718,141,357,1,-1,-1,-1
78,7,1931,574,495,290,1,-1,-1,-1
78,9,1189,396,416,272,1,-1,-1,-1
78,10,-29,430,701,573,1,-1,-1,-1
78,12,-25,540,392,460,1,-1,-1,-1
78,13,-33,477,292,457,1,-1,-1,-1
78,14,-37,499,273,125,1,-1,-1,-1
78,15,2305,-330,48,332,1,-1,-1,-1
79,0,137,466,400,596,1,-1,-1,-1
79,1,271,569,884,564,1,-1,-1,-1
79,2,1176,406,434,453,1,-1,-1,-1
79,3,767,488,472,503,1,-1,-1,-1
79,4,1985,564,414,134,1,-1,-1,-1
79,5,2427,719,141,357,1,-1,-1,-1
79,7,1917,567,520,304,1,-1,-1,-1
79,9,1188,393,416,272,1,-1,-1,-1
79,10,-38,411,736,602,1,-1,-1,-1
79,12,-28,538,392,460,1,-1,-1,-1
79,13,-33,492,292,457,1,-1,-1,-1
79,14,-40,500,273,125,1,-1,-1,-1
80,0,166,482,381,568,1,-1,-1,-1
80,1,203,568,884,564,1,-1,-1,-1
80,2,1187,407,434,453,1,-1,-1,-1
80,3,760,472,472,503,1,-1,-1,-1
80,4,1981,560,434,141,1,-1,-1,-1
80,5,2430,716,148,375,1,-1,-1,-1
80,7,1924,565,520,304,1,-1,-1,-1
80,9,1194,391,416,272,1,-1,-1,-1
80,10,-45,414,736,602,1,-1,-1,-1
80,12,-28,526,392,460,1,-1,-1,-1
80,13,-26,496,292,457,1,-1,-1,-1
80,14,-41,496,273,125,1,-1,-1,-1
81,0,192,468,328,528,1,-1,-1,-1
81,1,168,592,904,540,1,-1,-1,-1
81,2,1072,416,572,440,1,-1,-1,-1
81,3,760,472,472,503,1,-1,-1,-1
81,4,1981,560,434,141,1,-1,-1,-1
81,5,2430,716,148,375,1,-1,-1,-1
81,7,1940,564,520,276,1,-1,-1,-1
81,9,1194,391,416,272,1,-1,-1,-1
81,10,-45,414,736,602,1,-1,-1,-1
81,12,-28,526,392,460,1,-1,-1,-1
81,13,0,596,200,396,1,-1,-1,-1
81,14,-41,496,273,125,1,-1,-1,-1
82,0,223,473,328,528,1,-1,-1,-1
82,1,191,593,904,540,1,-1,-1,-1
82,2,1112,417,572,440,1,-1,-1,-1
82,3,801,468,472,503,1,-1,-1,-1
82,4,2045,561,434,141,1,-1,-1,-1
82,5,2445,789,148,375,1,-1,-1,-1
82,7,1983,565,520,276,1,-1,-1,-1
82,9,1244,390,416,272,1,-1,-1,-1
82,10,-47,413,736,602,1,-1,-1,-1
82,12,-18,533,392,460,1,-1,-1,-1
82,13,28,597,200,396,1,-1,-1,-1
82,14,-30,490,273,125,1,-1,-1,-1
83,0,243,471,328,528,1,-1,-1,-1
83,1,177,584,949,567,1,-1,-1,-1
83,2,1150,418,572,440,1,-1,-1,-1
83,3,834,461,472,503,1,-1,-1,-1
83,4,2080,560,434,141,1,-1,-1,-1
83,5,2446,644,148,375,1,-1,-1,-1
83,7,2024,566,520,276,1,-1,-1,-1
83,9,1284,392,416,272,1,-1,-1,-1
83,10,-22,421,736,602,1,-1,-1,-1
83,12,-9,542,392,460,1,-1,-1,-1
83,13,51,597,200,396,1,-1,-1,-1
83,14,-4,485,273,125,1,-1,-1,-1
84,0,287,475,328,528,1,-1,-1,-1
84,1,223,586,949,567,1,-1,-1,-1
84,2,1185,419,572,440,1,-1,-1,-1
84,3,862,454,472,503,1,-1,-1,-1
84,4,2119,560,434,141,1,-1,-1,-1
84,5,2443,720,141,357,1,-1,-1,-1
84,7,2061,565,520,276,1,-1,-1,-1
84,9,1324,387,416,272,1,-1,-1,-1
84,10,-31,398,773,632,1,-1,-1,-1
84,12,4,548,392,460,1,-1,-1,-1
84,13,76,598,200,396,1,-1,-1,-1
84,14,23,484,273,125,1,-1,-1,-1
85,0,315,477,328,528,1,-1,-1,-1
85,1,218,579,949,567,1,-1,-1,-1
85,2,1221,414,572,440,1,-1,-1,-1
85,3,891,448,472,503,1,-1,-1,-1
85,4,2167,563,414,134,1,-1,-1,-1
85,5,2442,697,141,357,1,-1,-1,-1
85,7,2102,567,520,276,1,-1,-1,-1
85,9,1365,384,416,272,1,-1,-1,-1
85,10,-5,412,773,632,1,-1,-1,-1
85,12,30,547,392,460,1,-1,-1,-1
85,13,105,599,200,396,1,-1,-1,-1
85,14,51,489,273,125,1,-1,-1,-1
86,0,326,478,328,528,1,-1,-1,-1
86,1,310,599,904,540,1,-1,-1,-1
86,2,1269,415,572,440,1,-1,-1,-1
86,3,911,448,472,503,1,-1,-1,-1
86,4,2199,560,434,141,1,-1,-1,-1
86,5,2416,639,134,340,1,-1,-1,-1
86,7,2142,561,520,276,1,-1,-1,-1
86,9,1402,382,437,286,1,-1,-1,-1
86,10,0,402,773,632,1,-1,-1,-1
86,12,50,562,392,460,1,-1,-1,-1
86,13,115,615,190,377,1,-1,-1,-1
86,14,-10,516,287,131,1,-1,-1,-1
87,0,312,464,344,554,1,-1,-1,-1
87,1,280,579,949,567,1,-1,-1,-1
87,2,1274,413,572,440,1,-1,-1,-1
87,3,914,449,472,503,1,-1,-1,-1
87,4,2223,562,414,134,1,-1,-1,-1
87,7,2146,562,520,276,1,-1,-1,-1
87,9,1415,388,437,286,1,-1,-1,-1
87,10,8,416,736,602,1,-1,-1,-1
87,12,50,554,392,460,1,-1,-1,-1
87,13,113,611,190,377,1,-1,-1,-1
88,0,317,468,344,554,1,-1,-1,-1
88,1,287,581,949,567,1,-1,-1,-1
88,2,1286,415,572,440,1,-1,-1,-1
88,3,924,458,472,503,1,-1,-1,-1
88,4,2238,563,414,134,1,-1,-1,-1
88,7,2164,566,520,276,1,-1,-1,-1
88,9,1424,382,437,286,1,-1,-1,-1
88,10,6,426,736,602,1,-1,-1,-1
88,12,52,555,392,460,1,-1,-1,-1
88,13,118,610,190,377,1,-1,-1,-1
89,0,317,468,344,554,1,-1,-1,-1
89,1,232,588,876,536,1,-1,-1,-1
89,2,1288,440,612,420,1,-1,-1,-1
89,3,924,458,472,503,1,-1,-1,-1
89,4,2238,563,414,134,1,-1,-1,-1
89,7,2196,564,364,300,1,-1,-1,-1
89,9,1424,382,437,286,1,-1,-1,-1
89,10,6,426,736,602,1,-1,-1,-1
89,12,0,588,324,416,1,-1,-1,-1
89,13,118,610,190,377,1,-1,-1,-1
89,16,0,508,128,144,1,-1,-1,-1
90,0,284,443,362,582,1,-1,-1,-1
90,1,260,594,876,536,1,-1,-1,-1
90,2,1342,437,612,420,1,-1,-1,-1
90,3,902,452,495,528,1,-1,-1,-1
90,4,2328,567,394,128,1,-1,-1,-1
90,7,2262,572,347,286,1,-1,-1,-1
90,9,1497,380,437,286,1,-1,-1,-1
90,10,8,447,736,602,1,-1,-1,-1
90,12,27,587,324,416,1,-1,-1,-1
90,13,145,607,190,377,1,-1,-1,-1
90,16,15,502,134,151,1,-1,-1,-1
91,0,293,459,344,554,1,-1,-1,-1
91,1,252,592,920,563,1,-1,-1,-1
91,2,1365,439,612,420,1,-1,-1,-1
91,3,904,454,495,528,1,-1,-1,-1
91,4,2356,566,414,134,1,-1,-1,-1
91,7,2292,571,347,286,1,-1,-1,-1
91,9,1535,383,437,286,1,-1,-1,-1
91,10,-3,430,773,632,1,-1,-1,-1
91,12,31,584,340,437,1,-1,-1,-1
91,13,163,595,200,396,1,-1,-1,-1
91,16,26,503,134,151,1,-1,-1,-1
92,0,296,461,344,554,1,-1,-1,-1
92,1,263,585,920,563,1,-1,-1,-1
92,2,1387,440,612,420,1,-1,-1,-1
92,3,914,465,495,528,1,-1,-1,-1
92,4,2375,569,414,134,1,-1,-1,-1
92,7,2313,571,347,286,1,-1,-1,-1
92,9,1549,383,437,286,1,-1,-1,-1
92,10,-10,450,773,632,1,-1,-1,-1
92,12,39,593,324,416,1,-1,-1,-1
92,13,179,596,200,396,1,-1,-1,-1
92,16,31,501,134,151,1,-1,-1,-1
93,0,285,456,344,554,1,-1,-1,-1
93,1,281,585,920,563,1,-1,-1,-1
93,2,1414,439,612,420,1,-1,-1,-1
93,3,926,463,495,528,1,-1,-1,-1
93,4,2391,565,434,141,1,-1,-1,-1
93,7,2341,571,347,286,1,-1,-1,-1
93,9,1575,382,437,286,1,-1,-1,-1
93,10,-23,420,812,664,1,-1,-1,-1
93,12,57,599,324,416,1,-1,-1,-1
93,13,203,590,200,396,1,-1,-1,-1
93,16,37,502,134,151,1,-1,-1,-1
94,0,300,480,328,528,1,-1,-1,-1
94,1,294,603,876,536,1,-1,-1,-1
94,2,1437,441,612,420,1,-1,-1,-1
94,3,922,467,495,528,1,-1,-1,-1
94,4,2403,566,434,141,1,-1,-1,-1
94,7,2367,573,347,286,1,-1,-1,-1
94,9,1613,387,437,286,1,-1,-1,-1
94,10,-34,424,812,664,1,-1,-1,-1
94,12,56,593,324,416,1,-1,-1,-1
94,13,220,596,200,396,1,-1,-1,-1
94,16,32,500,141,159,1,-1,-1,-1
95,0,298,487,328,528,1,-1,-1,-1
95,1,278,589,920,563,1,-1,-1,-1
95,2,1446,441,612,420,1,-1,-1,-1
95,3,930,464,495,528,1,-1,-1,-1
95,4,2413,566,434,141,1,-1,-1,-1
95,7,2386,571,347,286,1,-1,-1,-1
95,9,1611,382,459,300,1,-1,-1,-1
95,10,-42,416,812,664,1,-1,-1,-1
95,12,62,602,309,396,1,-1,-1,-1
95,13,233,609,190,377,1,-1,-1,-1
95,16,32,509,134,151,1,-1,-1,-1
96,0,296,491,328,528,1,-1,-1,-1
96,1,259,574,966,591,1,-1,-1,-1
96,2,1467,442,612,420,1,-1,-1,-1
96,3,938,467,495,528,1,-1,-1,-1
96,4,2205,565,414,134,1,-1,-1,-1
96,7,2405,570,347,286,1,-1,-1,-1
96,9,1635,380,459,300,1,-1,-1,-1
96,10,-10,421,812,664,1,-1,-1,-1
96,12,52,595,324,416,1,-1,-1,-1
96,13,238,597,200,396,1,-1,-1,-1
96,16,32,509,134,151,1,-1,-1,-1
97,0,296,491,328,528,1,-1,-1,-1
97,1,300,592,884,532,1,-1,-1,-1
97,2,1500,448,612,404,1,-1,-1,-1
97,3,938,467,495,528,1,-1,-1,-1
97,7,2405,570,347,286,1,-1,-1,-1
97,9,1635,380,459,300,1,-1,-1,-1
97,10,0,576,644,472,1,-1,-1,-1
97,12,52,595,324,416,1,-1,-1,-1
97,13,238,597,200,396,1,-1,-1,-1
97,16,32,509,134,151,1,-1,-1,-1
97,17,2420,564,136,296,1,-1,-1,-1
97,18,1068,588,388,496,1,-1,-1,-1
97,19,0,464,236,132,1,-1,-1,-1
98,0,294,471,344,554,1,-1,-1,-1
98,1,305,593,884,532,1,-1,-1,-1
98,2,1530,447,612,404,1,-1,-1,-1
98,3,955,458,495,528,1,-1,-1,-1
98,7,2443,571,347,286,1,-1,-1,-1
98,9,1677,379,459,300,1,-1,-1,-1
98,10,5,578,644,472,1,-1,-1,-1
98,12,60,590,324,416,1,-1,-1,-1
98,13,244,581,210,416,1,-1,-1,-1
98,16,42,503,134,151,1,-1,-1,-1
98,17,2450,564,136,296,1,-1,-1,-1
98,18,1092,587,388,496,1,-1,-1,-1
98,19,19,466,236,132,1,-1,-1,-1
99,0,305,481,328,528,1,-1,-1,-1
99,1,308,597,884,532,1,-1,-1,-1
99,2,1551,446,612,404,1,-1,-1,-1
99,3,954,447,520,554,1,-1,-1,-1
99,7,2470,580,330,272,1,-1,-1,-1
99,9,1693,376,459,300,1,-1,-1,-1
99,10,33,593,613,450,1,-1,-1,-1
99,12,75,580,324,416,1,-1,-1,-1
99,13,253,597,200,396,1,-1,-1,-1
99,16,58,503,128,144,1,-1,-1,-1
99,17,2475,565,136,296,1,-1,-1,-1
99,18,1106,588,388,496,1,-1,-1,-1
99,19,28,464,248,139,1,-1,-1,-1
100,0,307,481,328,528,1,-1,-1,-1
100,1,292,588,928,559,1,-1,-1,-1
100,2,1565,450,612,404,1,-1,-1,-1
100,3,945,437,546,582,1,-1,-1,-1
100,7,2489,575,330,272,1,-1,-1,-1
100,9,1717,381,437,286,1,-1,-1,-1
100,10,33,593,613,450,1,-1,-1,-1
100,12,67,578,324,416,1,-1,-1,-1
100,13,234,604,200,396,1,-1,-1,-1
100,16,59,500,128,144,1,-1,-1,-1
100,17,2491,561,136,296,1,-1,-1,-1
100,18,1119,589,388,496,1,-1,-1,-1
100,19,42,468,248,139,1,-1,-1,-1
101,0,298,467,344,554,1,-1,-1,-1
101,1,291,589,928,559,1,-1,-1,-1
101,2,1572,448,612,404,1,-1,-1,-1
101,3,950,447,546,582,1,-1,-1,-1
101,7,2497,578,314,259,1,-1,-1,-1
101,9,1729,383,437,286,1,-1,-1,-1
101,10,41,600,613,450,1,-1,-1,-1
101,12,72,574,324,416,1,-1,-1,-1
101,13,234,610,190,377,1,-1,-1,-1
101,16,54,502,128,144,1,-1,-1,-1
101,17,2500,569,130,282,1,-1,-1,-1
101,18,1131,588,388,496,1,-1,-1,-1
101,19,45,464,260,146,1,-1,-1,-1
102,0,317,480,328,528,1,-1,-1,-1
102,1,311,588,928,559,1,-1,-1,-1
102,2,1601,447,612,404,1,-1,-1,-1
102,3,943,448,546,582,1,-1,-1,-1
102,7,2426,547,314,259,1,-1,-1,-1
102,9,1754,386,437,286,1,-1,-1,-1
102,10,58,612,584,428,1,-1,-1,-1
102,12,84,577,324,416,1,-1,-1,-1
102,13,226,600,200,396,1,-1,-1,-1
102,16,54,496,134,151,1,-1,-1,-1
102,17,2463,484,123,268,1,-1,-1,-1
102,18,1159,589,388,496,1,-1,-1,-1
102,19,20,455,260,146,1,-1,-1,-1
103,0,316,475,328,528,1,-1,-1,-1
103,1,331,608,884,532,1,-1,-1,-1
103,2,1615,457,583,385,1,-1,-1,-1
103,3,949,450,546,582,1,-1,-1,-1
103,7,2387,500,330,272,1,-1,-1,-1
103,9,1759,385,437,286,1,-1,-1,-1
103,10,67,614,584,428,1,-1,-1,-1
103,12,121,570,324,416,1,-1,-1,-1
103,13,204,602,200,396,1,-1,-1,-1
103,16,56,496,134,151,1,-1,-1,-1
103,17,2439,484,123,268,1,-1,-1,-1
103,18,1175,591,388,496,1,-1,-1,-1
103,19,10,452,273,153,1,-1,-1,-1
104,0,311,477,328,528,1,-1,-1,-1
104,1,339,596,928,559,1,-1,-1,-1
104,2,1628,457,583,385,1,-1,-1,-1
104,3,931,445,546,582,1,-1,-1,-1
104,9,1770,382,437,286,1,-1,-1,-1
104,10,66,616,584,428,1,-1,-1,-1
104,12,93,577,324,416,1,-1,-1,-1
104,13,171,601,200,396,1,-1,-1,-1
104,16,57,498,134,151,1,-1,-1,-1
104,17,2434,466,123,268,1,-1,-1,-1
104,18,1187,595,388,496,1,-1,-1,-1
104,19,10,450,273,153,1,-1,-1,-1
105,0,311,477,328,528,1,-1,-1,-1
105,1,284,600,900,524,1,-1,-1,-1
105,2,1624,444,624,400,1,-1,-1,-1
105,3,772,540,820,536,1,-1,-1,-1
105,9,1770,382,437,286,1,-1,-1,-1
105,10,66,616,584,428,1,-1,-1,-1
105,12,93,577,324,416,1,-1,-1,-1
105,13,171,601,200,396,1,-1,-1,-1
105,16,0,492,188,204,1,-1,-1,-1
105,17,2434,466,123,268,1,-1,-1,-1
105,18,1187,595,388,496,1,-1,-1,-1
105,19,4,460,416,144,1,-1,-1,-1
105,20,0,432,32,68,1,-1,-1,-1
106,0,306,489,312,503,1,-1,-1,-1
106,1,294,602,900,524,1,-1,-1,-1
106,2,1638,439,624,400,1,-1,-1,-1
106,3,769,549,820,536,1,-1,-1,-1
106,9,1792,379,437,286,1,-1,-1,-1
106,10,44,617,584,428,1,-1,-1,-1
106,12,54,611,309,396,1,-1,-1,-1
106,13,177,601,200,396,1,-1,-1,-1
106,16,1,493,188,204,1,-1,-1,-1
106,17,2428,419,123,268,1,-1,-1,-1
106,18,1194,597,388,496,1,-1,-1,-1
106,19,14,462,416,144,1,-1,-1,-1
106,20,1,429,34,71,1,-1,-1,-1
107,0,302,494,312,503,1,-1,-1,-1
107,1,313,608,857,499,1,-1,-1,-1
107,2,1652,449,594,381,1,-1,-1,-1
107,3,769,547,820,536,1,-1,-1,-1
107,9,1795,374,437,286,1,-1,-1,-1
107,10,32,619,584,428,1,-1,-1,-1
107,12,45,610,309,396,1,-1,-1,-1
107,13,164,606,190,377,1,-1,-1,-1
107,16,-1,491,188,204,1,-1,-1,-1
107,17,2433,456,117,256,1,-1,-1,-1
107,18,1198,597,388,496,1,-1,-1,-1
107,19,26,463,416,144,1,-1,-1,-1
107,20,3,413,34,71,1,-1,-1,-1
108,0,305,506,298,479,1,-1,-1,-1
108,1,302,620,857,499,1,-1,-1,-1
108,2,1647,437,624,400,1,-1,-1,-1
108,3,775,548,820,536,1,-1,-1,-1
108,9,1800,375,437,286,1,-1,-1,-1
108,10,28,612,584,428,1,-1,-1,-1
108,12,39,605,309,396,1,-1,-1,-1
108,13,130,620,181,359,1,-1,-1,-1
108,16,-4,487,188,204,1,-1,-1,-1
108,18,1203,601,388,496,1,-1,-1,-1
108,19,26,460,437,151,1,-1,-1,-1
108,20,5,403,35,75,1,-1,-1,-1
109,0,288,496,312,503,1,-1,-1,-1
109,1,278,609,900,524,1,-1,-1,-1
109,2,1654,440,624,400,1,-1,-1,-1
109,3,771,551,820,536,1,-1,-1,-1
109,9,1794,366,459,300,1,-1,-1,-1
109,10,23,615,584,428,1,-1,-1,-1
109,12,32,590,324,416,1,-1,-1,-1
109,13,107,628,181,359,1,-1,-1,-1
109,16,-7,486,188,204,1,-1,-1,-1
109,18,1222,604,388,496,1,-1,-1,-1
109,19,35,460,437,151,1,-1,-1,-1
109,20,11,398,35,75,1,-1,-1,-1
110,0,282,492,312,503,1,-1,-1,-1
110,1,290,609,900,524,1,-1,-1,-1
110,2,1676,449,624,400,1,-1,-1,-1
110,3,815,562,781,510,1,-1,-1,-1
110,9,1823,363,459,300,1,-1,-1,-1
110,10,11,588,613,450,1,-1,-1,-1
110,12,8,587,324,416,1,-1,-1,-1
110,13,106,636,181,359,1,-1,-1,-1
110,16,-8,478,188,204,1,-1,-1,-1
110,18,1246,610,388,496,1,-1,-1,-1
110,19,87,464,416,144,1,-1,-1,-1
110,20,22,390,37,79,1,-1,-1,-1
111,0,288,493,312,503,1,-1,-1,-1
111,1,293,611,900,524,1,-1,-1,-1
111,2,1702,447,624,400,1,-1,-1,-1
111,3,847,576,744,486,1,-1,-1,-1
111,9,1832,367,459,300,1,-1,-1,-1
111,10,44,576,613,450,1,-1,-1,-1
111,12,6,590,324,416,1,-1,-1,-1
111,13,121,641,173,342,1,-1,-1,-1
111,16,-4,477,188,204,1,-1,-1,-1
111,18,1263,613,388,496,1,-1,-1,-1
111,19,119,463,416,144,1,-1,-1,-1
112,0,303,504,298,479,1,-1,-1,-1
112,1,239,607,945,550,1,-1,-1,-1
112,2,1730,454,594,381,1,-1,-1,-1
112,3,830,566,781,510,1,-1,-1,-1
112,9,1862,360,459,300,1,-1,-1,-1
112,10,17,575,613,450,1,-1,-1,-1
112,12,14,598,309,396,1,-1,-1,-1
112,13,115,639,173,342,1,-1,-1,-1
112,16,-2,476,188,204,1,-1,-1,-1
112,18,1274,618,388,496,1,-1,-1,-1
112,19,126,460,437,151,1,-1,-1,-1
113,0,303,504,298,479,1,-1,-1,-1
113,1,232,596,880,524,1,-1,-1,-1
113,2,1728,428,588,420,1,-1,-1,-1
113,3,672,548,972,544,1,-1,-1,-1
113,9,1862,360,459,300,1,-1,-1,-1
113,10,17,575,613,450,1,-1,-1,-1
113,12,14,598,309,396,1,-1,-1,-1
113,13,115,639,173,342,1,-1,-1,-1
113,16,0,480,196,324,1,-1,-1,-1
113,18,1274,618,388,496,1,-1,-1,-1
113,19,126,460,437,151,1,-1,-1,-1
113,21,4,372,568,244,1,-1,-1,-1
114,0,292,498,298,479,1,-1,-1,-1
114,1,213,599,880,524,1,-1,-1,-1
114,2,1753,430,588,420,1,-1,-1,-1
114,3,673,551,972,544,1,-1,-1,-1
114,9,1881,359,459,300,1,-1,-1,-1
114,10,5,589,613,450,1,-1,-1,-1
114,12,22,597,309,396,1,-1,-1,-1
114,13,125,654,165,326,1,-1,-1,-1
114,16,1,481,196,324,1,-1,-1,-1
114,18,1267,612,388,496,1,-1,-1,-1
114,19,180,465,416,144,1,-1,-1,-1
114,21,18,377,568,244,1,-1,-1,-1
115,0,287,500,298,479,1,-1,-1,-1
115,1,200,599,880,524,1,-1,-1,-1
115,2,1765,429,588,420,1,-1,-1,-1
115,3,646,545,1021,571,1,-1,-1,-1
115,9,1898,354,459,300,1,-1,-1,-1
115,10,-10,583,613,450,1,-1,-1,-1
115,12,30,602,309,396,1,-1,-1,-1
115,13,131,662,165,326,1,-1,-1,-1
115,16,1,472,206,340,1,-1,-1,-1
115,18,1248,598,407,521,1,-1,-1,-1
115,19,189,466,437,151,1,-1,-1,-1
115,21,21,369,596,256,1,-1,-1,-1
116,0,281,494,312,503,1,-1,-1,-1
116,1,223,593,880,524,1,-1,-1,-1
116,2,1781,429,588,420,1,-1,-1,-1
116,3,689,555,972,544,1,-1,-1,-1
116,9,1927,351,459,300,1,-1,-1,-1
116,10,-1,587,613,450,1,-1,-1,-1
116,12,32,604,309,396,1,-1,-1,-1
116,13,139,668,157,310,1,-1,-1,-1
116,16,2,480,206,340,1,-1,-1,-1
116,18,1243,592,407,521,1,-1,-1,-1
116,19,201,468,437,151,1,-1,-1,-1
116,21,39,367,596,256,1,-1,-1,-1
117,0,259,498,312,503,1,-1,-1,-1
117,1,285,596,880,524,1,-1,-1,-1
117,2,1793,427,588,420,1,-1,-1,-1
117,3,688,558,972,544,1,-1,-1,-1
117,9,1936,349,459,300,1,-1,-1,-1
117,10,-1,597,584,428,1,-1,-1,-1
117,12,35,615,294,377,1,-1,-1,-1
117,13,138,669,157,310,1,-1,-1,-1
117,16,6,485,206,340,1,-1,-1,-1
117,18,1241,586,407,521,1,-1,-1,-1
117,19,241,472,416,144,1,-1,-1,-1
117,21,53,368,596,256,1,-1,-1,-1
118,0,244,512,312,503,1,-1,-1,-1
118,1,199,578,924,550,1,-1,-1,-1
118,2,1819,427,588,420,1,-1,-1,-1
118,3,739,580,926,518,1,-1,-1,-1
118,9,1936,344,482,315,1,-1,-1,-1
118,10,-18,596,613,450,1,-1,-1,-1
118,12,34,623,294,377,1,-1,-1,-1
118,13,148,672,157,310,1,-1,-1,-1
118,16,10,486,206,340,1,-1,-1,-1
118,18,1255,592,388,496,1,-1,-1,-1
118,19,267,470,416,144,1,-1,-1,-1
118,21,106,376,568,244,1,-1,-1,-1
119,0,239,524,312,503,1,-1,-1,-1
119,1,157,581,924,550,1,-1,-1,-1
119,2,1828,422,588,420,1,-1,-1,-1
119,3,753,583,882,493,1,-1,-1,-1
119,9,1948,336,506,331,1,-1,-1,-1
119,10,-7,603,613,450,1,-1,-1,-1
119,12,25,621,294,377,1,-1,-1,-1
119,13,144,674,157,310,1,-1,-1,-1
119,16,11,489,206,340,1,-1,-1,-1
119,18,1263,589,388,496,1,-1,-1,-1
119,19,266,468,437,151,1,-1,-1,-1
119,21,95,366,596,256,1,-1,-1,-1
120,0,245,526,298,479,1,-1,-1,-1
120,1,151,575,924,550,1,-1,-1,-1
120,2,1824,410,617,441,1,-1,-1,-1
120,3,739,578,882,493,1,-1,-1,-1
120,9,1949,332,506,331,1,-1,-1,-1
120,10,-22,606,613,450,1,-1,-1,-1
120,12,26,621,294,377,1,-1,-1,-1
120,13,136,672,157,310,1,-1,-1,-1
120,16,16,488,196,324,1,-1,-1,-1
120,18,1257,587,388,496,1,-1,-1,-1
120,19,266,466,459,159,1,-1,-1,-1
120,21,102,364,596,256,1,-1,-1,-1
121,0,245,526,298,479,1,-1,-1,-1
121,1,176,588,892,532,1,-1,-1,-1
121,2,1868,432,564,408,1,-1,-1,-1
121,3,756,536,920,548,1,-1,-1,-1
121,9,1949,332,506,331,1,-1,-1,-1
121,10,-22,606,613,450,1,-1,-1,-1
121,12,26,621,294,377,1,-1,-1,-1
121,13,136,672,157,310,1,-1,-1,-1
121,16,0,488,216,396,1,-1,-1,-1
121,18,1257,587,388,496,1,-1,-1,-1
121,19,266,466,459,159,1,-1,-1,-1
121,21,102,364,596,256,1,-1,-1,-1
122,0,253,523,298,479,1,-1,-1,-1
122,1,180,580,892,532,1,-1,-1,-1
122,2,1884,432,564,408,1,-1,-1,-1
122,3,768,532,920,548,1,-1,-1,-1
122,9,1971,324,531,347,1,-1,-1,-1
122,10,-36,590,644,472,1,-1,-1,-1
122,12,6,618,294,377,1,-1,-1,-1
122,13,131,673,157,310,1,-1,-1,-1
122,16,5,487,216,396,1,-1,-1,-1
122,18,1270,586,388,496,1,-1,-1,-1
122,19,320,466,459,159,1,-1,-1,-1
122,21,155,372,596,256,1,-1,-1,-1
123,0,261,521,298,479,1,-1,-1,-1
123,1,174,586,892,532,1,-1,-1,-1
123,2,1894,427,564,408,1,-1,-1,-1
123,3,778,553,876,522,1,-1,-1,-1
123,9,1987,342,506,331,1,-1,-1,-1
123,10,-20,605,613,450,1,-1,-1,-1
123,12,9,611,294,377,1,-1,-1,-1
123,13,111,664,165,326,1,-1,-1,-1
123,16,3,475,227,416,1,-1,-1,-1
123,18,1274,594,388,496,1,-1,-1,-1
123,19,342,463,459,159,1,-1,-1,-1
123,21,184,376,568,244,1,-1,-1,-1
124,0,258,530,283,456,1,-1,-1,-1
124,1,209,580,892,532,1,-1,-1,-1
124,2,1901,427,564,408,1,-1,-1,-1
124,3,762,545,920,548,1,-1,-1,-1
124,9,1992,337,506,331,1,-1,-1,-1
124,10,-33,601,613,450,1,-1,-1,-1
124,12,11,627,280,359,1,-1,-1,-1
124,13,99,666,165,326,1,-1,-1,-1
124,16,5,487,216,396,1,-1,-1,-1
124,18,1291,611,370,472,1,-1,-1,-1
124,19,346,466,459,159,1,-1,-1,-1
124,21,215,379,568,244,1,-1,-1,-1
125,0,256,524,283,456,1,-1,-1,-1
125,1,199,598,892,532,1,-1,-1,-1
125,2,1912,429,564,408,1,-1,-1,-1
125,3,758,543,920,548,1,-1,-1,-1
125,9,1993,341,506,331,1,-1,-1,-1
125,10,-25,598,613,450,1,-1,-1,-1
125,12,6,625,280,359,1,-1,-1,-1
125,13,90,659,165,326,1,-1,-1,-1
125,16,7,488,216,396,1,-1,-1,-1
125,18,1288,611,370,472,1,-1,-1,-1
125,19,348,463,482,167,1,-1,-1,-1
125,21,204,370,596,256,1,-1,-1,-1
126,0,227,507,298,479,1,-1,-1,-1
126,1,195,608,892,532,1,-1,-1,-1
126,2,1926,426,564,408,1,-1,-1,-1
126,3,753,546,920,548,1,-1,-1,-1
126,9,2004,337,531,347,1,-1,-1,-1
126,10,-42,594,613,450,1,-1,-1,-1
126,12,1,629,280,359,1,-1,-1,-1
126,13,72,696,157,310,1,-1,-1,-1
126,16,14,499,206,377,1,-1,-1,-1
126,18,1282,608,370,472,1,-1,-1,-1
126,19,398,471,459,159,1,-1,-1,-1
126,21,260,379,568,244,1,-1,-1,-1
127,0,209,492,312,503,1,-1,-1,-1
127,1,197,600,892,532,1,-1,-1,-1
127,2,1945,430,564,408,1,-1,-1,-1
127,3,754,545,920,548,1,-1,-1,-1
127,9,2013,333,531,347,1,-1,-1,-1
127,10,-46,588,613,450,1,-1,-1,-1
127,12,1,625,280,359,1,-1,-1,-1
127,13,63,704,149,296,1,-1,-1,-1
127,16,7,504,206,377,1,-1,-1,-1
127,18,1282,606,370,472,1,-1,-1,-1
127,19,407,472,459,159,1,-1,-1,-1
127,21,268,379,568,244,1,-1,-1,-1
128,0,202,495,312,503,1,-1,-1,-1
128,1,209,609,892,532,1,-1,-1,-1
128,2,1964,440,537,389,1,-1,-1,-1
128,3,773,545,920,548,1,-1,-1,-1
128,9,2036,336,531,347,1,-1,-1,-1
128,10,-63,598,613,450,1,-1,-1,-1
128,12,6,625,280,359,1,-1,-1,-1
128,13,70,696,149,296,1,-1,-1,-1
128,16,12,505,206,377,1,-1,-1,-1
128,18,1295,611,352,450,1,-1,-1,-1
128,19,435,472,459,159,1,-1,-1,-1
128,21,272,368,596,256,1,-1,-1,-1
129,0,202,495,312,503,1,-1,-1,-1
129,1,180,580,896,532,1,-1,-1,-1
129,2,1964,436,560,408,1,-1,-1,-1
129,3,864,560,812,524,1,-1,-1,-1
129,9,2036,336,531,347,1,-1,-1,-1
129,10,-63,598,613,450,1,-1,-1,-1
129,12,6,625,280,359,1,-1,-1,-1
129,13,70,696,149,296,1,-1,-1,-1
129,16,0,488,232,400,1,-1,-1,-1
129,18,1295,611,352,450,1,-1,-1,-1
129,19,435,472,459,159,1,-1,-1,-1
129,21,276,392,608,224,1,-1,-1,-1
130,0,230,506,298,479,1,-1,-1,-1
130,1,185,574,896,532,1,-1,-1,-1
130,2,1988,432,560,408,1,-1,-1,-1
130,3,875,560,812,524,1,-1,-1,-1
130,9,2081,341,506,331,1,-1,-1,-1
130,10,-50,601,613,450,1,-1,-1,-1
130,12,1,620,280,359,1,-1,-1,-1
130,13,88,692,149,296,1,-1,-1,-1
130,16,11,486,232,400,1,-1,-1,-1
130,18,1309,609,352,450,1,-1,-1,-1
130,19,485,469,459,159,1,-1,-1,-1
130,21,317,399,579,213,1,-1,-1,-1
131,0,228,493,312,503,1,-1,-1,-1
131,1,204,586,853,507,1,-1,-1,-1
131,2,2002,431,560,408,1,-1,-1,-1
131,3,876,563,812,524,1,-1,-1,-1
131,9,2091,335,506,331,1,-1,-1,-1
131,10,-22,604,584,428,1,-1,-1,-1
131,12,1,618,280,359,1,-1,-1,-1
131,13,69,678,157,310,1,-1,-1,-1
131,16,20,485,232,400,1,-1,-1,-1
131,18,1312,609,352,450,1,-1,-1,-1
131,19,505,469,459,159,1,-1,-1,-1
131,21,330,402,579,213,1,-1,-1,-1
132,0,242,492,312,503,1,-1,-1,-1
132,1,187,579,896,532,1,-1,-1,-1
132,2,2006,430,560,408,1,-1,-1,-1
132,3,884,563,812,524,1,-1,-1,-1
132,9,2098,329,506,331,1,-1,-1,-1
132,10,-31,606,584,428,1,-1,-1,-1
132,12,7,620,280,359,1,-1,-1,-1
132,13,55,677,157,310,1,-1,-1,-1
132,16,20,486,232,400,1,-1,-1,-1
132,18,1307,611,352,450,1,-1,-1,-1
132,19,526,468,459,159,1,-1,-1,-1
132,21,339,404,579,213,1,-1,-1,-1
133,0,221,497,312,503,1,-1,-1,-1
133,1,190,581,896,532,1,-1,-1,-1
133,2,2011,430,560,408,1,-1,-1,-1
133,3,881,567,812,524,1,-1,-1,-1
133,9,2104,335,506,331,1,-1,-1,-1
133,10,-29,602,584,428,1,-1,-1,-1
133,12,9,627,280,359,1,-1,-1,-1
133,13,46,669,165,326,1,-1,-1,-1
133,16,10,473,244,420,1,-1,-1,-1
133,18,1300,609,352,450,1,-1,-1,-1
133,19,527,468,459,159,1,-1,-1,-1
133,21,338,399,608,224,1,-1,-1,-1
134,0,193,492,312,503,1,-1,-1,-1
134,1,179,577,896,532,1,-1,-1,-1
134,2,2028,438,533,389,1,-1,-1,-1
134,3,887,595,773,499,1,-1,-1,-1
134,9,2106,333,506,331,1,-1,-1,-1
134,10,-44,602,584,428,1,-1,-1,-1
134,12,-15,617,280,359,1,-1,-1,-1
134,13,46,681,157,310,1,-1,-1,-1
134,16,7,471,244,420,1,-1,-1,-1
134,18,1298,614,352,450,1,-1,-1,-1
134,19,539,469,459,159,1,-1,-1,-1
134,21,346,401,608,224,1,-1,-1,-1
135,0,178,492,312,503,1,-1,-1,-1
135,1,161,592,896,532,1,-1,-1,-1
135,2,2027,445,533,389,1,-1,-1,-1
135,3,878,595,773,499,1,-1,-1,-1
135,9,2118,334,506,331,1,-1,-1,-1
135,10,-35,605,556,408,1,-1,-1,-1
135,12,-7,623,267,342,1,-1,-1,-1
135,13,41,682,157,310,1,-1,-1,-1
135,16,4,469,244,420,1,-1,-1,-1
135,18,1293,621,352,450,1,-1,-1,-1
135,19,548,472,437,151,1,-1,-1,-1
135,21,351,408,579,213,1,-1,-1,-1
136,0,177,494,312,503,1,-1,-1,-1
136,1,164,608,853,507,1,-1,-1,-1
136,2,2045,456,508,370,1,-1,-1,-1
136,3,896,607,737,475,1,-1,-1,-1
136,9,2132,332,506,331,1,-1,-1,-1
136,10,-31,609,556,408,1,-1,-1,-1
136,12,-4,625,267,342,1,-1,-1,-1
136,13,47,686,157,310,1,-1,-1,-1
136,16,5,467,244,420,1,-1,-1,-1
136,18,1296,625,352,450,1,-1,-1,-1
136,19,563,470,437,151,1,-1,-1,-1
136,21,371,408,579,213,1,-1,-1,-1
137,0,177,494,312,503,1,-1,-1,-1
137,1,132,588,912,528,1,-1,-1,-1
137,2,2044,436,516,408,1,-1,-1,-1
137,3,652,564,1012,504,1,-1,-1,-1
137,9,2132,332,506,331,1,-1,-1,-1
137,10,-31,609,556,408,1,-1,-1,-1
137,12,-4,625,267,342,1,-1,-1,-1
137,13,47,686,157,310,1,-1,-1,-1
137,16,0,480,248,392,1,-1,-1,-1
137,18,1296,625,352,450,1,-1,-1,-1
137,19,563,470,437,151,1,-1,-1,-1
137,21,396,420,592,200,1,-1,-1,-1
138,0,170,496,312,503,1,-1,-1,-1
138,1,138,586,912,528,1,-1,-1,-1
138,2,2065,434,516,408,1,-1,-1,-1
138,3,632,553,1063,529,1,-1,-1,-1
138,9,2171,335,506,331,1,-1,-1,-1
138,10,-30,609,556,408,1,-1,-1,-1
138,12,-31,626,267,342,1,-1,-1,-1
138,13,39,670,165,326,1,-1,-1,-1
138,16,5,482,248,392,1,-1,-1,-1
138,18,1298,618,352,450,1,-1,-1,-1
138,19,620,473,416,144,1,-1,-1,-1
138,21,425,425,564,190,1,-1,-1,-1
139,0,152,495,312,503,1,-1,-1,-1
139,1,143,577,912,528,1,-1,-1,-1
139,2,2067,435,516,408,1,-1,-1,-1
139,3,637,548,1063,529,1,-1,-1,-1
139,9,2179,340,482,315,1,-1,-1,-1
139,10,-34,616,556,408,1,-1,-1,-1
139,12,-31,635,267,342,1,-1,-1,-1
139,13,20,673,165,326,1,-1,-1,-1
139,16,2,484,248,392,1,-1,-1,-1
139,18,1276,618,352,450,1,-1,-1,-1
139,19,625,469,416,144,1,-1,-1,-1
139,21,428,426,564,190,1,-1,-1,-1
140,0,148,517,298,479,1,-1,-1,-1
140,1,108,574,958,554,1,-1,-1,-1
140,2,2070,434,516,408,1,-1,-1,-1
140,3,630,556,1063,529,1,-1,-1,-1
140,9,2175,342,482,315,1,-1,-1,-1
140,10,-13,620,530,388,1,-1,-1,-1
140,12,-32,617,280,359,1,-1,-1,-1
140,13,18,674,165,326,1,-1,-1,-1
140,16,2,485,248,392,1,-1,-1,-1
140,18,1259,606,370,472,1,-1,-1,-1
140,19,632,468,416,144,1,-1,-1,-1
140,21,439,428,564,190,1,-1,-1,-1
141,0,142,517,298,479,1,-1,-1,-1
141,1,112,582,958,554,1,-1,-1,-1
141,2,2077,436,516,408,1,-1,-1,-1
141,3,627,558,1063,529,1,-1,-1,-1
141,9,2193,347,482,315,1,-1,-1,-1
141,10,-18,625,556,408,1,-1,-1,-1
141,12,-39,612,280,359,1,-1,-1,-1
141,13,20,673,165,326,1,-1,-1,-1
141,16,10,496,236,373,1,-1,-1,-1
141,18,1264,601,370,472,1,-1,-1,-1
141,19,633,461,437,151,1,-1,-1,-1
141,21,462,432,537,181,1,-1,-1,-1
142,0,153,510,312,503,1,-1,-1,-1
142,1,157,596,912,528,1,-1,-1,-1
142,2,2123,435,516,408,1,-1,-1,-1
142,3,647,560,1063,529,1,-1,-1,-1
142,9,2224,342,506,331,1,-1,-1,-1
142,10,-13,642,530,388,1,-1,-1,-1
142,12,-24,614,280,359,1,-1,-1,-1
142,13,34,662,173,342,1,-1,-1,-1
142,16,19,494,236,373,1,-1,-1,-1
142,18,1275,597,370,472,1,-1,-1,-1
142,19,675,460,437,151,1,-1,-1,-1
142,21,495,432,537,181,1,-1,-1,-1
143,0,151,515,312,503,1,-1,-1,-1
143,1,173,611,869,503,1,-1,-1,-1
143,2,2121,432,516,408,1,-1,-1,-1
143,3,658,543,1063,529,1,-1,-1,-1
143,9,2199,339,506,331,1,-1,-1,-1
143,10,-4,644,530,388,1,-1,-1,-1
143,12,-31,615,280,359,1,-1,-1,-1
143,13,30,670,173,342,1,-1,-1,-1
143,16,15,485,248,392,1,-1,-1,-1
143,18,1271,595,370,472,1,-1,-1,-1
143,19,670,462,437,151,1,-1,-1,-1
143,21,493,432,537,181,1,-1,-1,-1
144,0,151,502,312,503,1,-1,-1,-1
144,1,175,604,869,503,1,-1,-1,-1
144,2,2118,431,516,408,1,-1,-1,-1
144,3,648,538,1063,529,1,-1,-1,-1
144,9,2192,337,506,331,1,-1,-1,-1
144,10,0,643,530,388,1,-1,-1,-1
144,12,-25,617,280,359,1,-1,-1,-1
144,13,29,684,165,326,1,-1,-1,-1
144,16,16,486,248,392,1,-1,-1,-1
144,18,1258,595,370,472,1,-1,-1,-1
144,19,683,466,416,144,1,-1,-1,-1
144,21,494,431,537,181,1,-1,-1,-1
145,0,151,502,312,503,1,-1,-1,-1
145,1,104,588,872,524,1,-1,-1,-1
145,2,2148,440,412,408,1,-1,-1,-1
145,3,780,556,812,528,1,-1,-1,-1
145,10,0,643,530,388,1,-1,-1,-1
145,12,-25,617,280,359,1,-1,-1,-1
145,13,29,684,165,326,1,-1,-1,-1
145,16,0,480,284,228,1,-1,-1,-1
145,18,1258,595,370,472,1,-1,-1,-1
145,19,683,466,416,144,1,-1,-1,-1
145,21,484,424,596,192,1,-1,-1,-1
145,22,1096,560,624,404,1,-1,-1,-1
146,0,154,502,312,503,1,-1,-1,-1
146,1,109,581,872,524,1,-1,-1,-1
146,2,2178,439,412,408,1,-1,-1,-1
146,3,775,560,812,528,1,-1,-1,-1
146,10,-11,653,530,388,1,-1,-1,-1
146,12,8,641,280,359,1,-1,-1,-1
146,13,23,673,173,342,1,-1,-1,-1
146,16,7,479,284,228,1,-1,-1,-1
146,18,1260,603,370,472,1,-1,-1,-1
146,19,718,469,416,144,1,-1,-1,-1
146,21,507,429,568,183,1,-1,-1,-1
146,22,1097,558,624,404,1,-1,-1,-1
147,0,147,511,312,503,1,-1,-1,-1
147,1,128,601,830,499,1,-1,-1,-1
147,2,2188,437,412,408,1,-1,-1,-1
147,3,796,574,773,503,1,-1,-1,-1
147,10,-12,659,530,388,1,-1,-1,-1
147,12,23,634,280,359,1,-1,-1,-1
147,13,16,670,181,359,1,-1,-1,-1
147,16,5,480,284,228,1,-1,-1,-1
147,18,1259,604,370,472,1,-1,-1,-1
147,19,722,469,416,144,1,-1,-1,-1
147,21,524,435,541,174,1,-1,-1,-1
147,22,1086,558,624,404,1,-1,-1,-1
148,0,132,509,312,503,1,-1,-1,-1
148,1,102,581,872,524,1,-1,-1,-1
148,2,2186,435,412,408,1,-1,-1,-1
148,3,787,575,773,503,1,-1,-1,-1
148,10,-20,654,530,388,1,-1,-1,-1
148,12,27,641,280,359,1,-1,-1,-1
148,13,2,651,190,377,1,-1,-1,-1
148,16,-1,479,284,228,1,-1,-1,-1
148,18,1229,606,370,472,1,-1,-1,-1
148,19,708,467,437,151,1,-1,-1,-1
148,21,509,431,568,183,1,-1,-1,-1
148,22,1079,556,624,404,1,-1,-1,-1
149,0,130,518,298,479,1,-1,-1,-1
149,1,117,582,872,524,1,-1,-1,-1
149,2,2190,434,412,408,1,-1,-1,-1
149,3,775,570,773,503,1,-1,-1,-1
149,10,-1,649,530,388,1,-1,-1,-1
149,12,26,627,294,377,1,-1,-1,-1
149,13,-8,644,190,377,1,-1,-1,-1
149,16,-9,480,284,228,1,-1,-1,-1
149,18,1219,609,370,472,1,-1,-1,-1
149,19,709,463,437,151,1,-1,-1,-1
149,21,517,429,568,183,1,-1,-1,-1
149,22,1059,550,655,424,1,-1,-1,-1
150,0,110,517,298,479,1,-1,-1,-1
150,1,100,592,872,524,1,-1,-1,-1
150,2,2200,435,412,408,1,-1,-1,-1
150,3,752,586,737,479,1,-1,-1,-1
150,10,-37,654,530,388,1,-1,-1,-1
150,12,14,619,309,396,1,-1,-1,-1
150,13,-14,634,200,396,1,-1,-1,-1
150,16,-16,481,284,228,1,-1,-1,-1
150,18,1214,615,352,450,1,-1,-1,-1
150,19,709,463,437,151,1,-1,-1,-1
150,21,515,425,596,192,1,-1,-1,-1
150,22,1045,543,655,424,1,-1,-1,-1
151,0,96,525,298,479,1,-1,-1,-1
151,1,100,601,830,499,1,-1,-1,-1
151,2,2203,436,412,408,1,-1,-1,-1
151,3,766,591,737,479,1,-1,-1,-1
151,10,-6,644,530,388,1,-1,-1,-1
151,12,25,601,324,416,1,-1,-1,-1
151,13,-11,638,200,396,1,-1,-1,-1
151,16,-20,479,284,228,1,-1,-1,-1
151,18,1213,607,352,450,1,-1,-1,-1
151,19,717,461,437,151,1,-1,-1,-1
151,21,510,424,596,192,1,-1,-1,-1
151,22,1030,541,655,424,1,-1,-1,-1
152,0,102,536,283,456,1,-1,-1,-1
152,1,88,595,830,499,1,-1,-1,-1
152,2,2209,434,412,408,1,-1,-1,-1
152,3,718,580,737,479,1,-1,-1,-1
152,10,3,637,530,388,1,-1,-1,-1
152,12,40,602,324,416,1,-1,-1,-1
152,13,-2,635,200,396,1,-1,-1,-1
152,16,-17,479,284,228,1,-1,-1,-1
152,18,1210,608,352,450,1,-1,-1,-1
152,19,735,461,416,144,1,-1,-1,-1
152,21,528,429,568,183,1,-1,-1,-1
152,22,1016,535,655,424,1,-1,-1,-1
153,0,102,536,283,456,1,-1,-1,-1
153,1,20,592,876,512,1,-1,-1,-1
153,2,2224,432,336,412,1,-1,-1,-1
153,3,716,556,840,528,1,-1,-1,-1
153,10,3,637,530,388,1,-1,-1,-1
153,12,40,602,324,416,1,-1,-1,-1
153,13,-2,635,200,396,1,-1,-1,-1
153,16,0,492,276,208,1,-1,-1,-1
153,18,1210,608,352,450,1,-1,-1,-1
153,19,735,461,416,144,1,-1,-1,-1
153,21,532,428,620,180,1,-1,-1,-1
153,22,1016,535,655,424,1,-1,-1,-1
153,23,1160,580,520,244,1,-1,-1,-1
154,0,92,535,283,456,1,-1,-1,-1
154,1,22,590,876,512,1,-1,-1,-1
154,2,2223,433,336,412,1,-1,-1,-1
154,3,697,552,840,528,1,-1,-1,-1
154,10,36,633,556,408,1,-1,-1,-1
154,12,50,587,340,437,1,-1,-1,-1
154,13,4,638,200,396,1,-1,-1,-1
154,16,-16,491,276,208,1,-1,-1,-1
154,18,1168,597,352,450,1,-1,-1,-1
154,19,738,462,416,144,1,-1,-1,-1
154,21,529,429,620,180,1,-1,-1,-1
154,22,994,534,655,424,1,-1,-1,-1
154,23,1142,583,520,244,1,-1,-1,-1
155,0,81,535,283,456,1,-1,-1,-1
155,1,11,588,876,512,1,-1,-1,-1
155,2,2221,434,336,412,1,-1,-1,-1
155,3,668,544,882,554,1,-1,-1,-1
155,10,44,622,584,428,1,-1,-1,-1
155,12,45,578,357,459,1,-1,-1,-1
155,13,16,643,200,396,1,-1,-1,-1
155,16,-22,492,276,208,1,-1,-1,-1
155,18,1152,596,352,450,1,-1,-1,-1
155,19,739,461,416,144,1,-1,-1,-1
155,21,526,431,620,180,1,-1,-1,-1
155,22,967,538,655,424,1,-1,-1,-1
155,23,1138,584,520,244,1,-1,-1,-1
156,0,53,530,283,456,1,-1,-1,-1
156,1,21,592,876,512,1,-1,-1,-1
156,2,2217,429,353,433,1,-1,-1,-1
156,3,680,559,840,528,1,-1,-1,-1
156,10,35,627,584,428,1,-1,-1,-1
156,12,42,583,357,459,1,-1,-1,-1
156,13,27,646,200,396,1,-1,-1,-1
156,16,-30,492,276,208,1,-1,-1,-1
156,18,1145,603,352,450,1,-1,-1,-1
156,19,736,461,416,144,1,-1,-1,-1
156,21,524,432,620,180,1,-1,-1,-1
156,22,963,538,655,424,1,-1,-1,-1
156,23,1129,590,520,244,1,-1,-1,-1
157,0,45,529,283,456,1,-1,-1,-1
157,1,1,587,876,512,1,-1,-1,-1
157,2,2226,428,353,433,1,-1,-1,-1
157,3,687,559,840,528,1,-1,-1,-1
157,10,23,618,613,450,1,-1,-1,-1
157,12,35,570,375,482,1,-1,-1,-1
157,13,33,650,200,396,1,-1,-1,-1
157,16,-40,492,276,208,1,-1,-1,-1
157,18,1147,607,352,450,1,-1,-1,-1
157,19,737,463,416,144,1,-1,-1,-1
157,21,539,439,590,171,1,-1,-1,-1
157,22,947,543,655,424,1,-1,-1,-1
157,23,1127,594,520,244,1,-1,-1,-1
158,0,16,528,283,456,1,-1,-1,-1
158,1,23,589,876,512,1,-1,-1,-1
158,2,2243,437,336,412,1,-1,-1,-1
158,3,688,566,840,528,1,-1,-1,-1
158,10,-12,608,644,472,1,-1,-1,-1
158,12,27,572,375,482,1,-1,-1,-1
158,13,29,651,200,396,1,-1,-1,-1
158,16,-49,490,276,208,1,-1,-1,-1
158,18,1152,624,352,450,1,-1,-1,-1
158,19,739,463,416,144,1,-1,-1,-1
158,21,550,442,590,171,1,-1,-1,-1
158,22,935,550,655,424,1,-1,-1,-1
158,23,1109,592,546,256,1,-1,-1,-1
159,0,6,527,283,456,1,-1,-1,-1
159,1,-11,594,876,512,1,-1,-1,-1
159,2,2242,440,336,412,1,-1,-1,-1
159,3,664,540,882,554,1,-1,-1,-1
159,10,-31,593,676,496,1,-1,-1,-1
159,12,10,573,375,482,1,-1,-1,-1
159,13,27,661,190,377,1,-1,-1,-1
159,16,-50,491,276,208,1,-1,-1,-1
159,18,1136,617,352,450,1,-1,-1,-1
159,19,741,464,416,144,1,-1,-1,-1
159,21,535,440,620,180,1,-1,-1,-1
159,22,924,555,655,424,1,-1,-1,-1
159,23,1098,599,546,256,1,-1,-1,-1
160,0,-8,523,283,456,1,-1,-1,-1
160,1,5,605,834,488,1,-1,-1,-1
160,2,2247,440,336,412,1,-1,-1,-1
160,3,680,551,882,554,1,-1,-1,-1
160,10,0,598,676,496,1,-1,-1,-1
160,12,4,572,375,482,1,-1,-1,-1
160,13,28,662,190,377,1,-1,-1,-1
160,16,-49,491,276,208,1,-1,-1,-1
160,18,1120,623,335,428,1,-1,-1,-1
160,19,742,467,416,144,1,-1,-1,-1
160,21,545,447,590,171,1,-1,-1,-1
160,22,913,556,655,424,1,-1,-1,-1
160,23,1089,603,546,256,1,-1,-1,-1
161,0,-8,523,283,456,1,-1,-1,-1
161,1,0,588,848,524,1,-1,-1,-1
161,2,2244,428,316,420,1,-1,-1,-1
161,3,552,564,960,512,1,-1,-1,-1
161,10,0,598,676,496,1,-1,-1,-1
161,12,4,572,375,482,1,-1,-1,-1
161,13,28,662,190,377,1,-1,-1,-1
161,16,-49,491,276,208,1,-1,-1,-1
161,18,1120,623,335,428,1,-1,-1,-1
161,19,742,467,416,144,1,-1,-1,-1
161,21,532,440,636,180,1,-1,-1,-1
161,22,913,556,655,424,1,-1,-1,-1
161,23,1089,603,546,256,1,-1,-1,-1
161,24,0,488,240,128,1,-1,-1,-1
162,0,-13,542,270,434,1,-1,-1,-1
162,1,1,581,848,524,1,-1,-1,-1
162,2,2261,429,316,420,1,-1,-1,-1
162,3,571,556,1008,538,1,-1,-1,-1
162,10,-23,599,676,496,1,-1,-1,-1
162,12,-2,573,375,482,1,-1,-1,-1
162,13,28,648,200,396,1,-1,-1,-1
162,16,-41,497,276,208,1,-1,-1,-1
162,18,1080,606,352,450,1,-1,-1,-1
162,19,767,469,416,144,1,-1,-1,-1
162,21,533,441,636,180,1,-1,-1,-1
162,22,906,561,624,404,1,-1,-1,-1
162,23,1044,598,546,256,1,-1,-1,-1
162,24,3,489,240,128,1,-1,-1,-1
163,0,-21,537,283,456,1,-1,-1,-1
163,1,-8,587,848,524,1,-1,-1,-1
163,2,2271,431,316,420,1,-1,-1,-1
163,3,596,559,960,512,1,-1,-1,-1
163,10,-30,603,676,496,1,-1,-1,-1
163,12,-7,574,375,482,1,-1,-1,-1
163,13,27,628,210,416,1,-1,-1,-1
163,16,-36,501,276,208,1,-1,-1,-1
163,18,1073,608,352,450,1,-1,-1,-1
163,19,762,472,416,144,1,-1,-1,-1
163,21,525,441,636,180,1,-1,-1,-1
163,22,911,573,594,385,1,-1,-1,-1
163,23,1054,595,546,256,1,-1,-1,-1
163,24,1,492,240,128,1,-1,-1,-1
164,0,-32,535,283,456,1,-1,-1,-1
164,1,-13,581,848,524,1,-1,-1,-1
164,2,2268,428,316,420,1,-1,-1,-1
164,3,589,558,960,512,1,-1,-1,-1
164,10,-33,587,710,520,1,-1,-1,-1
164,12,-8,575,375,482,1,-1,-1,-1
164,13,20,611,220,437,1,-1,-1,-1
164,16,-40,503,276,208,1,-1,-1,-1
164,18,1062,601,352,450,1,-1,-1,-1
164,19,762,471,416,144,1,-1,-1,-1
164,21,537,446,606,171,1,-1,-1,-1
164,22,884,563,624,404,1,-1,-1,-1
164,23,1035,596,546,256,1,-1,-1,-1
164,24,-2,491,240,128,1,-1,-1,-1
165,0,-34,531,283,456,1,-1,-1,-1
165,1,-29,587,848,524,1,-1,-1,-1
165,2,2268,432,316,420,1,-1,-1,-1
165,3,604,569,914,488,1,-1,-1,-1
165,10,-29,586,710,520,1,-1,-1,-1
165,12,-10,571,375,482,1,-1,-1,-1
165,16,-48,501,276,208,1,-1,-1,-1
165,18,1044,607,352,450,1,-1,-1,-1
165,19,758,472,416,144,1,-1,-1,-1
165,21,542,448,606,171,1,-1,-1,-1
165,22,882,568,594,385,1,-1,-1,-1
165,23,1016,596,546,256,1,-1,-1,-1
165,24,-12,491,240,128,1,-1,-1,-1
166,0,-39,535,283,456,1,-1,-1,-1
166,1,-25,607,808,499,1,-1,-1,-1
166,2,2255,419,332,441,1,-1,-1,-1
166,3,528,561,960,512,1,-1,-1,-1
166,10,-22,581,746,546,1,-1,-1,-1
166,12,-18,573,375,482,1,-1,-1,-1
166,16,-62,502,263,198,1,-1,-1,-1
166,18,1022,605,352,450,1,-1,-1,-1
166,19,743,470,437,151,1,-1,-1,-1
166,21,540,449,606,171,1,-1,-1,-1
166,22,855,568,594,385,1,-1,-1,-1
166,23,997,598,520,244,1,-1,-1,-1
166,24,-30,488,240,128,1,-1,-1,-1
167,0,-51,537,283,456,1,-1,-1,-1
167,1,-11,619,769,475,1,-1,-1,-1
167,2,2255,424,332,441,1,-1,-1,-1
167,3,555,573,960,512,1,-1,-1,-1
167,10,-42,586,710,520,1,-1,-1,-1
167,12,-25,576,375,482,1,-1,-1,-1
167,16,-64,501,263,198,1,-1,-1,-1
167,18,1007,602,352,450,1,-1,-1,-1
167,19,738,470,437,151,1,-1,-1,-1
167,21,539,450,606,171,1,-1,-1,-1
167,22,832,562,624,404,1,-1,-1,-1
167,23,996,602,520,244,1,-1,-1,-1
167,24,-34,489,240,128,1,-1,-1,-1
168,0,-57,531,283,456,1,-1,-1,-1
168,1,-26,627,769,475,1,-1,-1,-1
168,2,2258,418,332,441,1,-1,-1,-1
168,3,571,579,960,512,1,-1,-1,-1
168,10,-34,609,676,496,1,-1,-1,-1
168,12,-28,571,375,482,1,-1,-1,-1
168,16,-64,502,263,198,1,-1,-1,-1
168,18,1006,604,352,450,1,-1,-1,-1
168,19,739,471,437,151,1,-1,-1,-1
168,21,525,444,636,180,1,-1,-1,-1
168,22,825,553,655,424,1,-1,-1,-1
168,23,996,608,495,232,1,-1,-1,-1
168,24,-33,489,240,128,1,-1,-1,-1
169,0,-57,531,283,456,1,-1,-1,-1
169,1,0,596,740,520,1,-1,-1,-1
169,2,2304,432,256,408,1,-1,-1,-1
169,3,256,548,1128,528,1,-1,-1,-1
169,10,-34,609,676,496,1,-1,-1,-1
169,12,-28,571,375,482,1,-1,-1,-1
169,16,-64,502,263,198,1,-1,-1,-1
169,18,1006,604,352,450,1,-1,-1,-1
169,19,739,471,437,151,1,-1,-1,-1
169,21,552,444,632,172,1,-1,-1,-1
169,22,825,553,655,424,1,-1,-1,-1
169,23,996,608,495,232,1,-1,-1,-1
169,24,-33,489,240,128,1,-1,-1,-1
169,25,1276,580,512,408,1,-1,-1,-1
170,0,-50,529,283,456,1,-1,-1,-1
170,1,5,596,740,520,1,-1,-1,-1
170,2,2330,434,256,408,1,-1,-1,-1
170,3,219,527,1184,554,1,-1,-1,-1
170,10,-35,605,710,520,1,-1,-1,-1
170,12,-17,577,375,482,1,-1,-1,-1
170,16,-36,504,263,198,1,-1,-1,-1
170,18,1023,606,352,450,1,-1,-1,-1
170,19,786,471,437,151,1,-1,-1,-1
170,21,579,442,632,172,1,-1,-1,-1
170,22,853,563,624,404,1,-1,-1,-1
170,23,987,599,520,244,1,-1,-1,-1
170,24,-7,489,240,128,1,-1,-1,-1
170,25,1303,587,512,408,1,-1,-1,-1
171,0,-55,541,283,456,1,-1,-1,-1
171,1,12,599,740,520,1,-1,-1,-1
171,2,2343,436,256,408,1,-1,-1,-1
171,3,266,539,1128,528,1,-1,-1,-1
171,10,-32,599,710,520,1,-1,-1,-1
171,12,-22,571,394,506,1,-1,-1,-1
171,16,-36,506,263,198,1,-1,-1,-1
171,18,1022,607,352,450,1,-1,-1,-1
171,19,788,472,437,151,1,-1,-1,-1
171,21,585,441,632,172,1,-1,-1,-1
171,22,872,575,594,385,1,-1,-1,-1
171,23,986,602,520,244,1,-1,-1,-1
171,24,-3,491,240,128,1,-1,-1,-1
171,25,1313,585,512,408,1,-1,-1,-1
172,0,-44,537,283,456,1,-1,-1,-1
172,1,-1,599,740,520,1,-1,-1,-1
172,2,2349,439,244,389,1,-1,-1,-1
172,3,261,539,1128,528,1,-1,-1,-1
172,10,-34,593,710,520,1,-1,-1,-1
172,12,-23,572,394,506,1,-1,-1,-1
172,16,-34,508,263,198,1,-1,-1,-1
172,18,1012,596,370,472,1,-1,-1,-1
172,19,796,475,437,151,1,-1,-1,-1
172,21,576,438,664,181,1,-1,-1,-1
172,22,880,582,566,366,1,-1,-1,-1
172,23,973,595,520,244,1,-1,-1,-1
172,24,0,492,240,128,1,-1,-1,-1
172,25,1323,586,512,408,1,-1,-1,-1
173,0,-43,544,283,456,1,-1,-1,-1
173,1,-20,589,777,546,1,-1,-1,-1
173,2,2356,443,244,389,1,-1,-1,-1
173,3,255,531,1128,528,1,-1,-1,-1
173,10,-26,597,710,520,1,-1,-1,-1
173,12,-23,575,394,506,1,-1,-1,-1
173,16,-26,511,263,198,1,-1,-1,-1
173,18,1015,592,370,472,1,-1,-1,-1
173,19,806,477,437,151,1,-1,-1,-1
173,21,578,438,664,181,1,-1,-1,-1
173,22,882,587,566,366,1,-1,-1,-1
173,23,988,595,495,232,1,-1,-1,-1
173,24,9,495,240,128,1,-1,-1,-1
173,25,1337,585,512,408,1,-1,-1,-1
174,0,-27,547,283,456,1,-1,-1,-1
174,1,-14,585,777,546,1,-1,-1,-1
174,2,2381,442,244,389,1,-1,-1,-1
174,3,272,523,1128,528,1,-1,-1,-1
174,10,-32,607,710,520,1,-1,-1,-1
174,12,-19,579,394,506,1,-1,-1,-1
174,16,-14,514,263,198,1,-1,-1,-1
174,18,1020,585,370,472,1,-1,-1,-1
174,19,827,477,437,151,1,-1,-1,-1
174,21,595,444,664,181,1,-1,-1,-1
174,22,862,562,594,385,1,-1,-1,-1
174,23,985,590,495,232,1,-1,-1,-1
174,24,29,501,240,128,1,-1,-1,-1
174,25,1344,577,538,428,1,-1,-1,-1
175,0,-29,547,283,456,1,-1,-1,-1
175,1,9,588,777,546,1,-1,-1,-1
175,2,2370,426,256,408,1,-1,-1,-1
175,3,251,508,1184,554,1,-1,-1,-1
175,10,-31,609,710,520,1,-1,-1,-1
175,12,-29,565,414,531,1,-1,-1,-1
175,16,-11,516,263,198,1,-1,-1,-1
175,18,1019,583,370,472,1,-1,-1,-1
175,19,843,483,416,144,1,-1,-1,-1
175,21,616,446,632,172,1,-1,-1,-1
175,22,876,568,566,366,1,-1,-1,-1
175,23,988,589,495,232,1,-1,-1,-1
175,24,29,500,240,128,1,-1,-1,-1
175,25,1351,583,538,428,1,-1,-1,-1
176,0,-32,548,283,456,1,-1,-1,-1
176,1,-3,592,777,546,1,-1,-1,-1
176,2,2351,432,256,408,1,-1,-1,-1
176,3,259,531,1184,554,1,-1,-1,-1
176,10,-50,599,746,546,1,-1,-1,-1
176,12,-28,572,414,531,1,-1,-1,-1
176,16,-12,515,263,198,1,-1,-1,-1
176,18,1025,598,352,450,1,-1,-1,-1
176,19,845,483,416,144,1,-1,-1,-1
176,21,618,442,632,172,1,-1,-1,-1
176,22,851,548,594,385,1,-1,-1,-1
176,23,991,590,495,232,1,-1,-1,-1
176,24,24,497,252,134,1,-1,-1,-1
176,25,1355,579,538,428,1,-1,-1,-1
177,0,0,500,288,568,1,-1,-1,-1
177,1,0,604,728,516,1,-1,-1,-1
177,2,2351,432,256,408,1,-1,-1,-1
177,3,348,524,996,560,1,-1,-1,-1
177,10,-50,599,746,546,1,-1,-1,-1
177,12,-28,572,414,531,1,-1,-1,-1
177,16,-12,515,263,198,1,-1,-1,-1
177,18,1025,598,352,450,1,-1,-1,-1
177,19,845,483,416,144,1,-1,-1,-1
177,21,618,442,632,172,1,-1,-1,-1
177,22,851,548,594,385,1,-1,-1,-1
177,23,991,590,495,232,1,-1,-1,-1
177,24,24,497,252,134,1,-1,-1,-1
177,25,1268,576,580,420,1,-1,-1,-1
177,26,2416,424,144,212,1,-1,-1,-1
178,0,9,500,288,568,1,-1,-1,-1
178,1,0,609,728,516,1,-1,-1,-1
178,2,2324,425,256,408,1,-1,-1,-1
178,3,323,517,1046,588,1,-1,-1,-1
178,10,-7,603,783,574,1,-1,-1,-1
178,12,-19,575,394,506,1,-1,-1,-1
178,16,-1,511,263,198,1,-1,-1,-1
178,18,1017,602,352,450,1,-1,-1,-1
178,19,878,480,416,144,1,-1,-1,-1
178,21,663,437,632,172,1,-1,-1,-1
178,22,835,546,624,404,1,-1,-1,-1
178,23,995,595,495,232,1,-1,-1,-1
178,24,35,496,252,134,1,-1,-1,-1
178,25,1283,579,580,420,1,-1,-1,-1
178,26,2435,426,144,212,1,-1,-1,-1
179,0,8,501,288,568,1,-1,-1,-1
179,1,-8,610,728,516,1,-1,-1,-1
179,2,2330,428,244,389,1,-1,-1,-1
179,3,356,526,996,560,1,-1,-1,-1
179,10,-25,584,822,602,1,-1,-1,-1
179,12,-24,578,394,506,1,-1,-1,-1
179,16,-1,512,263,198,1,-1,-1,-1
179,18,1012,604,352,450,1,-1,-1,-1
179,19,877,480,416,144,1,-1,-1,-1
179,21,678,437,602,164,1,-1,-1,-1
179,22,834,556,624,404,1,-1,-1,-1
179,23,995,598,495,232,1,-1,-1,-1
179,24,39,495,252,134,1,-1,-1,-1
179,25,1295,575,580,420,1,-1,-1,-1
179,26,2439,428,144,212,1,-1,-1,-1
180,0,-3,504,288,568,1,-1,-1,-1
180,1,-24,595,764,542,1,-1,-1,-1
180,2,2336,441,232,370,1,-1,-1,-1
180,3,360,528,996,560,1,-1,-1,-1
180,10,-56,582,863,633,1,-1,-1,-1
180,12,-26,574,394,506,1,-1,-1,-1
180,16,-1,513,263,198,1,-1,-1,-1
180,18,1009,606,352,450,1,-1,-1,-1
180,19,869,479,437,151,1,-1,-1,-1
180,21,677,436,602,164,1,-1,-1,-1
180,22,830,566,624,404,1,-1,-1,-1
180,23,1004,608,472,221,1,-1,-1,-1
180,24,36,496,252,134,1,-1,-1,-1
180,25,1299,572,580,420,1,-1,-1,-1
180,26,2437,429,144,212,1,-1,-1,-1
181,0,-21,507,288,568,1,-1,-1,-1
181,1,-42,596,764,542,1,-1,-1,-1
181,2,2338,426,244,389,1,-1,-1,-1
181,3,351,534,996,560,1,-1,-1,-1
181,10,-62,590,863,633,1,-1,-1,-1
181,12,-38,562,394,506,1,-1,-1,-1
181,16,-5,515,263,198,1,-1,-1,-1
181,18,1010,613,352,450,1,-1,-1,-1
181,19,867,477,437,151,1,-1,-1,-1
181,21,661,431,632,172,1,-1,-1,-1
181,22,815,564,624,404,1,-1,-1,-1
181,23,986,602,495,232,1,-1,-1,-1
181,24,31,496,252,134,1,-1,-1,-1
181,25,1303,576,580,420,1,-1,-1,-1
181,26,2436,432,144,212,1,-1,-1,-1
182,0,-37,512,288,568,1,-1,-1,-1
182,1,-18,613,728,516,1,-1,-1,-1
182,2,2331,430,256,408,1,-1,-1,-1
182,3,323,538,996,560,1,-1,-1,-1
182,10,-31,598,863,633,1,-1,-1,-1
182,12,-34,577,375,482,1,-1,-1,-1
182,16,-5,518,263,198,1,-1,-1,-1
182,18,996,603,352,450,1,-1,-1,-1
182,19,884,480,416,144,1,-1,-1,-1
182,21,679,433,632,172,1,-1,-1,-1
182,22,792,553,624,404,1,-1,-1,-1
182,23,970,606,495,232,1,-1,-1,-1
182,24,22,496,265,141,1,-1,-1,-1
182,25,1313,585,552,400,1,-1,-1,-1
182,26,2437,432,144,212,1,-1,-1,-1
183,0,-36,528,274,541,1,-1,-1,-1
183,1,-38,619,728,516,1,-1,-1,-1
183,2,2337,443,244,389,1,-1,-1,-1
183,3,333,522,996,560,1,-1,-1,-1
183,10,-65,606,906,664,1,-1,-1,-1
183,12,-31,583,375,482,1,-1,-1,-1
183,16,-7,524,263,198,1,-1,-1,-1
183,18,987,606,352,450,1,-1,-1,-1
183,19,888,479,416,144,1,-1,-1,-1
183,21,682,438,632,172,1,-1,-1,-1
183,22,793,554,624,404,1,-1,-1,-1
183,23,958,603,520,244,1,-1,-1,-1
183,24,21,500,265,141,1,-1,-1,-1
183,25,1310,585,552,400,1,-1,-1,-1
183,26,2437,431,144,212,1,-1,-1,-1
184,0,-47,529,288,568,1,-1,-1,-1
184,1,-43,620,728,516,1,-1,-1,-1
184,2,2335,427,244,389,1,-1,-1,-1
184,3,317,547,996,560,1,-1,-1,-1
184,10,-46,621,906,664,1,-1,-1,-1
184,12,-28,596,357,459,1,-1,-1,-1
184,16,-14,524,263,198,1,-1,-1,-1
184,18,974,607,352,450,1,-1,-1,-1
184,19,884,478,416,144,1,-1,-1,-1
184,21,680,433,632,172,1,-1,-1,-1
184,22,778,563,624,404,1,-1,-1,-1
184,23,936,597,546,256,1,-1,-1,-1
184,24,10,502,265,141,1,-1,-1,-1
184,25,1319,590,526,381,1,-1,-1,-1
184,26,2426,425,151,223,1,-1,-1,-1
185,0,-47,529,288,568,1,-1,-1,-1
185,1,0,616,664,508,1,-1,-1,-1
185,2,2416,424,144,416,1,-1,-1,-1
185,3,412,516,912,556,1,-1,-1,-1
185,10,-46,621,906,664,1,-1,-1,-1
185,16,-14,524,263,198,1,-1,-1,-1
185,18,974,607,352,450,1,-1,-1,-1
185,19,884,478,416,144,1,-1,-1,-1
185,21,668,456,572,144,1,-1,-1,-1
185,22,778,563,624,404,1,-1,-1,-1
185,23,936,597,546,256,1,-1,-1,-1
185,24,0,500,272,172,1,-1,-1,-1
185,25,1136,540,704,464,1,-1,-1,-1
185,26,2426,425,151,223,1,-1,-1,-1
186,0,-75,529,288,568,1,-1,-1,-1
186,1,-10,613,664,508,1,-1,-1,-1
186,2,2416,432,137,396,1,-1,-1,-1
186,3,388,514,912,556,1,-1,-1,-1
186,10,-72,640,906,664,1,-1,-1,-1
186,16,-38,521,263,198,1,-1,-1,-1
186,18,924,601,352,450,1,-1,-1,-1
186,19,849,482,416,144,1,-1,-1,-1
186,21,664,455,572,144,1,-1,-1,-1
186,22,747,562,594,385,1,-1,-1,-1
186,23,878,587,546,256,1,-1,-1,-1
186,24,-11,497,272,172,1,-1,-1,-1
186,25,1125,542,704,464,1,-1,-1,-1
186,26,2408,414,151,223,1,-1,-1,-1
187,0,-80,527,288,568,1,-1,-1,-1
187,1,-21,615,664,508,1,-1,-1,-1
187,2,2417,422,144,416,1,-1,-1,-1
187,3,390,511,912,556,1,-1,-1,-1
187,10,-24,662,906,664,1,-1,-1,-1
187,16,-42,520,263,198,1,-1,-1,-1
187,18,897,600,352,450,1,-1,-1,-1
187,19,843,481,416,144,1,-1,-1,-1
187,21,655,457,572,144,1,-1,-1,-1
187,22,722,545,624,404,1,-1,-1,-1
187,23,875,592,520,244,1,-1,-1,-1
187,24,-14,496,272,172,1,-1,-1,-1
187,25,1123,539,704,464,1,-1,-1,-1
187,26,2408,418,144,212,1,-1,-1,-1
188,0,-94,531,288,568,1,-1,-1,-1
188,1,-12,623,664,508,1,-1,-1,-1
188,2,2416,418,144,416,1,-1,-1,-1
188,3,383,505,912,556,1,-1,-1,-1
188,10,-42,684,906,664,1,-1,-1,-1
188,16,-50,519,263,198,1,-1,-1,-1
188,18,880,603,352,450,1,-1,-1,-1
188,19,853,485,396,137,1,-1,-1,-1
188,21,637,454,601,151,1,-1,-1,-1
188,22,716,561,594,385,1,-1,-1,-1
188,23,870,602,495,232,1,-1,-1,-1
188,24,-20,494,272,172,1,-1,-1,-1
188,25,1120,543,704,464,1,-1,-1,-1
188,26,2401,410,151,223,1,-1,-1,-1
189,0,-128,520,288,568,1,-1,-1,-1
189,1,-39,606,697,533,1,-1,-1,-1
189,2,2407,406,151,437,1,-1,-1,-1
189,3,403,516,869,530,1,-1,-1,-1
189,10,-26,702,863,633,1,-1,-1,-1
189,16,-55,517,263,198,1,-1,-1,-1
189,18,869,605,352,450,1,-1,-1,-1
189,19,855,484,396,137,1,-1,-1,-1
189,21,645,455,572,144,1,-1,-1,-1
189,22,703,567,594,385,1,-1,-1,-1
189,23,855,604,495,232,1,-1,-1,-1
189,24,-27,493,272,172,1,-1,-1,-1
189,25,1097,529,739,487,1,-1,-1,-1
189,26,2395,408,151,223,1,-1,-1,-1
190,0,-121,498,302,596,1,-1,-1,-1
190,1,-59,617,697,533,1,-1,-1,-1
190,2,2391,409,151,437,1,-1,-1,-1
190,3,383,534,869,530,1,-1,-1,-1
190,10,-37,702,863,633,1,-1,-1,-1
190,16,-64,517,263,198,1,-1,-1,-1
190,18,854,612,352,450,1,-1,-1,-1
190,19,849,483,396,137,1,-1,-1,-1
190,21,633,451,601,151,1,-1,-1,-1
190,22,694,575,594,385,1,-1,-1,-1
190,23,811,607,495,232,1,-1,-1,-1
190,24,-35,490,272,172,1,-1,-1,-1
190,25,1073,525,776,512,1,-1,-1,-1
190,26,2382,403,151,223,1,-1,-1,-1
191,0,-129,488,302,596,1,-1,-1,-1
191,1,-75,611,697,533,1,-1,-1,-1
191,2,2384,418,144,416,1,-1,-1,-1
191,3,375,551,869,530,1,-1,-1,-1
191,10,-44,685,906,664,1,-1,-1,-1
191,16,-78,517,263,198,1,-1,-1,-1
191,18,830,608,352,450,1,-1,-1,-1
191,19,842,483,396,137,1,-1,-1,-1
191,21,632,455,601,151,1,-1,-1,-1
191,22,666,584,594,385,1,-1,-1,-1
191,23,793,612,495,232,1,-1,-1,-1
191,24,-37,492,272,172,1,-1,-1,-1
191,25,1080,528,776,512,1,-1,-1,-1
191,26,2371,404,151,223,1,-1,-1,-1
192,0,-118,485,302,596,1,-1,-1,-1
192,1,-68,603,697,533,1,-1,-1,-1
192,2,2363,421,144,416,1,-1,-1,-1
192,3,376,564,827,504,1,-1,-1,-1
192,10,-55,663,951,697,1,-1,-1,-1
192,16,-90,519,263,198,1,-1,-1,-1
192,18,807,612,352,450,1,-1,-1,-1
192,19,831,481,396,137,1,-1,-1,-1
192,21,628,457,601,151,1,-1,-1,-1
192,22,647,580,594,385,1,-1,-1,-1
192,23,777,614,495,232,1,-1,-1,-1
192,24,-59,489,272,172,1,-1,-1,-1
192,25,1067,524,776,512,1,-1,-1,-1
192,26,2355,402,151,223,1,-1,-1,-1
193,0,-118,485,302,596,1,-1,-1,-1
193,1,0,632,508,496,1,-1,-1,-1
193,2,2363,421,144,416,1,-1,-1,-1
193,3,260,564,952,516,1,-1,-1,-1
193,16,-90,519,263,198,1,-1,-1,-1
193,19,831,481,396,137,1,-1,-1,-1
193,21,616,440,560,164,1,-1,-1,-1
193,22,647,580,594,385,1,-1,-1,-1
193,23,777,614,495,232,1,-1,-1,-1
193,24,0,496,220,176,1,-1,-1,-1
193,25,1044,540,748,472,1,-1,-1,-1
193,26,2355,402,151,223,1,-1,-1,-1
193,27,2324,412,236,276,1,-1,-1,-1
193,28,112,504,204,136,1,-1,-1,-1
194,0,-79,488,302,596,1,-1,-1,-1
194,1,-34,636,508,496,1,-1,-1,-1
194,2,2341,423,144,416,1,-1,-1,-1
194,3,272,577,907,491,1,-1,-1,-1
194,16,-132,521,263,198,1,-1,-1,-1
194,19,793,482,396,137,1,-1,-1,-1
194,21,604,439,560,164,1,-1,-1,-1
194,22,582,557,624,404,1,-1,-1,-1
194,23,729,610,495,232,1,-1,-1,-1
194,24,-18,496,220,176,1,-1,-1,-1
194,25,1032,541,748,472,1,-1,-1,-1
194,26,2319,401,151,223,1,-1,-1,-1
194,27,2300,411,236,276,1,-1,-1,-1
194,28,99,503,204,136,1,-1,-1,-1
195,0,-30,632,288,568,1,-1,-1,-1
195,1,-53,630,508,496,1,-1,-1,-1
195,2,2336,412,151,437,1,-1,-1,-1
195,3,233,555,952,516,1,-1,-1,-1
195,16,-147,525,263,198,1,-1,-1,-1
195,19,784,482,396,137,1,-1,-1,-1
195,21,589,439,560,164,1,-1,-1,-1
195,22,560,555,624,404,1,-1,-1,-1
195,23,693,604,520,244,1,-1,-1,-1
195,24,-33,496,220,176,1,-1,-1,-1
195,25,1019,539,748,472,1,-1,-1,-1
195,26,2299,399,151,223,1,-1,-1,-1
195,27,2286,413,236,276,1,-1,-1,-1
195,28,80,495,214,143,1,-1,-1,-1
196,0,-12,644,274,541,1,-1,-1,-1
196,1,-56,630,508,496,1,-1,-1,-1
196,2,2325,407,151,437,1,-1,-1,-1
196,3,230,568,952,516,1,-1,-1,-1
196,16,-153,518,263,198,1,-1,-1,-1
196,19,774,484,396,137,1,-1,-1,-1
196,21,585,440,560,164,1,-1,-1,-1
196,22,546,540,655,424,1,-1,-1,-1
196,23,675,599,520,244,1,-1,-1,-1
196,24,-43,497,220,176,1,-1,-1,-1
196,25,1011,536,748,472,1,-1,-1,-1
196,26,2285,397,151,223,1,-1,-1,-1
196,27,2270,406,236,276,1,-1,-1,-1
196,28,58,489,225,150,1,-1,-1,-1
197,0,-11,635,274,541,1,-1,-1,-1
197,1,-72,626,508,496,1,-1,-1,-1
197,2,2323,415,144,416,1,-1,-1,-1
197,3,181,573,907,491,1,-1,-1,-1
197,16,-158,514,263,198,1,-1,-1,-1
197,19,761,486,396,137,1,-1,-1,-1
197,21,574,442,560,164,1,-1,-1,-1
197,22,536,549,624,404,1,-1,-1,-1
197,23,659,592,520,244,1,-1,-1,-1
197,24,-57,495,220,176,1,-1,-1,-1
197,25,1003,529,748,472,1,-1,-1,-1
197,26,2272,392,151,223,1,-1,-1,-1
197,27,2260,406,225,263,1,-1,-1,-1
197,28,48,490,236,157,1,-1,-1,-1
198,0,-17,619,274,541,1,-1,-1,-1
198,1,-115,641,508,496,1,-1,-1,-1
198,2,2325,420,144,416,1,-1,-1,-1
198,3,168,576,907,491,1,-1,-1,-1
198,16,-172,509,263,198,1,-1,-1,-1
198,19,740,488,396,137,1,-1,-1,-1
198,21,537,437,588,172,1,-1,-1,-1
198,22,482,558,624,404,1,-1,-1,-1
198,23,611,590,520,244,1,-1,-1,-1
198,24,-72,497,210,168,1,-1,-1,-1
198,25,1013,545,712,450,1,-1,-1,-1
198,26,2250,389,151,223,1,-1,-1,-1
198,27,2232,402,225,263,1,-1,-1,-1
198,28,33,490,236,157,1,-1,-1,-1
199,0,-64,493,261,515,1,-1,-1,-1
199,1,-143,649,508,496,1,-1,-1,-1
199,2,2317,419,144,416,1,-1,-1,-1
199,3,169,588,863,468,1,-1,-1,-1
199,19,723,492,377,131,1,-1,-1,-1
199,21,524,433,617,181,1,-1,-1,-1
199,22,479,553,624,404,1,-1,-1,-1
199,23,601,597,520,244,1,-1,-1,-1
199,24,-83,496,210,168,1,-1,-1,-1
199,25,997,546,712,450,1,-1,-1,-1
199,26,2236,385,151,223,1,-1,-1,-1
199,27,2221,401,214,250,1,-1,-1,-1
199,28,17,488,236,157,1,-1,-1,-1
200,0,-79,481,261,515,1,-1,-1,-1
200,1,-178,653,508,496,1,-1,-1,-1
200,2,2322,428,137,396,1,-1,-1,-1
200,3,166,605,822,446,1,-1,-1,-1
200,19,711,491,396,137,1,-1,-1,-1
200,21,525,438,588,172,1,-1,-1,-1
200,22,430,547,624,404,1,-1,-1,-1
200,23,584,594,546,256,1,-1,-1,-1
200,24,-88,493,210,168,1,-1,-1,-1
200,25,1002,553,678,428,1,-1,-1,-1
200,26,2225,387,151,223,1,-1,-1,-1
200,27,2210,402,214,250,1,-1,-1,-1
200,28,14,492,236,157,1,-1,-1,-1
201,0,-79,481,261,515,1,-1,-1,-1
201,1,0,648,288,464,1,-1,-1,-1
201,2,2322,428,137,396,1,-1,-1,-1
201,3,96,544,872,536,1,-1,-1,-1
201,21,525,438,588,172,1,-1,-1,-1
201,22,376,460,756,544,1,-1,-1,-1
201,23,584,594,546,256,1,-1,-1,-1
201,24,-88,493,210,168,1,-1,-1,-1
201,25,936,528,832,492,1,-1,-1,-1
201,26,2225,387,151,223,1,-1,-1,-1
201,27,2210,402,214,250,1,-1,-1,-1
201,28,0,496,304,168,1,-1,-1,-1
201,29,2184,384,376,460,1,-1,-1,-1
202,0,-66,485,261,515,1,-1,-1,-1
202,1,-28,644,288,464,1,-1,-1,-1
202,2,2322,435,137,396,1,-1,-1,-1
202,3,73,536,872,536,1,-1,-1,-1
202,21,469,438,588,172,1,-1,-1,-1
202,22,366,461,756,544,1,-1,-1,-1
202,23,536,611,520,244,1,-1,-1,-1
202,24,-118,484,220,176,1,-1,-1,-1
202,25,929,525,832,492,1,-1,-1,-1
202,26,2188,392,144,212,1,-1,-1,-1
202,27,2175,404,214,250,1,-1,-1,-1
202,28,-19,500,304,168,1,-1,-1,-1
202,29,2165,386,376,460,1,-1,-1,-1
203,0,-55,465,261,515,1,-1,-1,-1
203,1,-48,646,288,464,1,-1,-1,-1
203,2,2321,448,131,377,1,-1,-1,-1
203,3,72,546,830,510,1,-1,-1,-1
203,21,488,443,560,164,1,-1,-1,-1
203,22,360,459,756,544,1,-1,-1,-1
203,23,520,610,520,244,1,-1,-1,-1
203,24,-116,489,220,176,1,-1,-1,-1
203,25,904,537,832,492,1,-1,-1,-1
203,26,2170,393,144,212,1,-1,-1,-1
203,27,2152,398,225,263,1,-1,-1,-1
203,28,-35,498,304,168,1,-1,-1,-1
203,29,2151,384,376,460,1,-1,-1,-1
204,0,-46,468,261,515,1,-1,-1,-1
204,1,-58,643,288,464,1,-1,-1,-1
204,2,2321,442,137,396,1,-1,-1,-1
204,3,87,548,830,510,1,-1,-1,-1
204,21,488,444,560,164,1,-1,-1,-1
204,22,352,462,756,544,1,-1,-1,-1
204,23,507,615,520,244,1,-1,-1,-1
204,24,-121,489,231,185,1,-1,-1,-1
204,25,924,547,792,469,1,-1,-1,-1
204,26,2165,394,144,212,1,-1,-1,-1
204,27,2149,401,225,263,1,-1,-1,-1
204,28,-47,491,319,176,1,-1,-1,-1
204,29,2144,383,376,460,1,-1,-1,-1
205,0,-43,468,261,515,1,-1,-1,-1
205,1,-65,637,288,464,1,-1,-1,-1
205,2,2317,434,144,416,1,-1,-1,-1
205,3,78,540,830,510,1,-1,-1,-1
205,21,508,447,533,156,1,-1,-1,-1
205,22,354,460,756,544,1,-1,-1,-1
205,23,508,609,520,244,1,-1,-1,-1
205,24,-112,488,231,185,1,-1,-1,-1
205,25,920,543,792,469,1,-1,-1,-1
205,26,2165,395,144,212,1,-1,-1,-1
205,27,2151,403,225,263,1,-1,-1,-1
205,28,-35,496,304,168,1,-1,-1,-1
205,29,2142,381,376,460,1,-1,-1,-1
206,0,-36,441,261,515,1,-1,-1,-1
206,1,-41,633,288,464,1,-1,-1,-1
206,2,2327,416,151,437,1,-1,-1,-1
206,3,80,540,830,510,1,-1,-1,-1
206,21,539,442,560,164,1,-1,-1,-1
206,22,355,477,720,518,1,-1,-1,-1
206,23,500,604,520,244,1,-1,-1,-1
206,24,-120,487,243,194,1,-1,-1,-1
206,25,955,533,792,469,1,-1,-1,-1
206,26,2165,394,151,223,1,-1,-1,-1
206,27,2154,404,225,263,1,-1,-1,-1
206,28,-38,492,304,168,1,-1,-1,-1
206,29,2130,368,395,483,1,-1,-1,-1
207,0,-39,446,261,515,1,-1,-1,-1
207,1,-42,670,274,442,1,-1,-1,-1
207,2,2336,416,151,437,1,-1,-1,-1
207,3,46,526,872,536,1,-1,-1,-1
207,21,529,441,560,164,1,-1,-1,-1
207,22,376,488,686,493,1,-1,-1,-1
207,23,494,609,495,232,1,-1,-1,-1
207,24,-113,489,231,185,1,-1,-1,-1
207,25,938,525,832,492,1,-1,-1,-1
207,26,2162,394,151,223,1,-1,-1,-1
207,27,2149,407,225,263,1,-1,-1,-1
207,28,-60,491,304,168,1,-1,-1,-1
207,29,2130,371,395,483,1,-1,-1,-1
208,0,-36,469,261,515,1,-1,-1,-1
208,1,-74,665,274,442,1,-1,-1,-1
208,2,2351,427,151,437,1,-1,-1,-1
208,3,43,523,872,536,1,-1,-1,-1
208,21,514,440,560,164,1,-1,-1,-1
208,22,324,478,686,493,1,-1,-1,-1
208,23,466,601,520,244,1,-1,-1,-1
208,24,-118,492,231,185,1,-1,-1,-1
208,25,940,519,832,492,1,-1,-1,-1
208,26,2148,388,159,234,1,-1,-1,-1
208,27,2135,405,225,263,1,-1,-1,-1
208,28,-71,494,290,160,1,-1,-1,-1
208,29,2117,367,395,483,1,-1,-1,-1
209,0,-36,469,261,515,1,-1,-1,-1
209,1,-74,665,274,442,1,-1,-1,-1
209,2,2351,427,151,437,1,-1,-1,-1
209,3,0,552,864,524,1,-1,-1,-1
209,21,516,456,516,144,1,-1,-1,-1
209,22,412,464,720,588,1,-1,-1,-1
209,23,466,601,520,244,1,-1,-1,-1
209,24,-118,492,231,185,1,-1,-1,-1
209,25,944,516,764,496,1,-1,-1,-1
209,26,2148,388,159,234,1,-1,-1,-1
209,27,2135,405,225,263,1,-1,-1,-1
209,28,-71,494,290,160,1,-1,-1,-1
209,29,2120,388,440,452,1,-1,-1,-1
209,30,0,664,96,464,1,-1,-1,-1
209,31,788,572,344,484,1,-1,-1,-1
210,0,-61,453,249,491,1,-1,-1,-1
210,1,-128,666,288,464,1,-1,-1,-1
210,2,2355,422,159,459,1,-1,-1,-1
210,3,-7,550,864,524,1,-1,-1,-1
210,21,517,456,516,144,1,-1,-1,-1
210,22,418,468,720,588,1,-1,-1,-1
210,23,448,606,495,232,1,-1,-1,-1
210,24,-134,496,231,185,1,-1,-1,-1
210,25,958,523,764,496,1,-1,-1,-1
210,26,2140,392,159,234,1,-1,-1,-1
210,27,2128,416,214,250,1,-1,-1,-1
210,28,-95,494,290,160,1,-1,-1,-1
210,29,2119,388,440,452,1,-1,-1,-1
210,30,3,682,91,442,1,-1,-1,-1
210,31,799,574,344,484,1,-1,-1,-1
211,0,-60,457,237,467,1,-1,-1,-1
211,1,-119,678,274,442,1,-1,-1,-1
211,2,2367,435,151,437,1,-1,-1,-1
211,3,-10,558,864,524,1,-1,-1,-1
211,21,542,461,491,137,1,-1,-1,-1
211,22,442,483,686,560,1,-1,-1,-1
211,23,436,594,520,244,1,-1,-1,-1
211,24,-135,503,231,185,1,-1,-1,-1
211,25,980,531,728,472,1,-1,-1,-1
211,26,2137,391,159,234,1,-1,-1,-1
211,27,2127,411,214,250,1,-1,-1,-1
211,28,-118,491,304,168,1,-1,-1,-1
211,29,2122,388,440,452,1,-1,-1,-1
211,30,-3,682,91,442,1,-1,-1,-1
211,31,810,577,344,484,1,-1,-1,-1
212,0,-72,462,237,467,1,-1,-1,-1
212,1,-121,673,274,442,1,-1,-1,-1
212,2,2367,423,151,437,1,-1,-1,-1
212,3,9,569,823,499,1,-1,-1,-1
212,21,557,463,468,131,1,-1,-1,-1
212,22,429,470,720,588,1,-1,-1,-1
212,23,429,594,520,244,1,-1,-1,-1
212,24,-136,510,231,185,1,-1,-1,-1
212,25,990,532,728,472,1,-1,-1,-1
212,26,2136,391,159,234,1,-1,-1,-1
212,27,2128,412,214,250,1,-1,-1,-1
212,28,-123,497,304,168,1,-1,-1,-1
212,29,2123,391,440,452,1,-1,-1,-1
212,30,-3,696,91,442,1,-1,-1,-1
212,31,818,577,344,484,1,-1,-1,-1
213,0,-72,474,237,467,1,-1,-1,-1
213,1,-115,684,261,421,1,-1,-1,-1
213,2,2375,438,144,416,1,-1,-1,-1
213,3,7,574,823,499,1,-1,-1,-1
213,21,553,461,491,137,1,-1,-1,-1
213,22,425,465,756,617,1,-1,-1,-1
213,23,419,605,520,244,1,-1,-1,-1
213,24,-127,523,231,185,1,-1,-1,-1
213,25,1000,533,728,472,1,-1,-1,-1
213,26,2137,394,159,234,1,-1,-1,-1
213,27,2133,412,214,250,1,-1,-1,-1
213,28,-139,498,319,176,1,-1,-1,-1
213,29,2120,394,440,452,1,-1,-1,-1
213,30,-6,700,87,421,1,-1,-1,-1
213,31,820,563,361,508,1,-1,-1,-1
214,0,-75,500,249,491,1,-1,-1,-1
214,1,-140,674,261,421,1,-1,-1,-1
214,2,2386,433,144,416,1,-1,-1,-1
214,3,13,572,823,499,1,-1,-1,-1
214,21,561,461,491,137,1,-1,-1,-1
214,22,417,466,756,617,1,-1,-1,-1
214,23,410,609,520,244,1,-1,-1,-1
214,24,-113,546,220,176,1,-1,-1,-1
214,25,1038,537,693,450,1,-1,-1,-1
214,26,2140,402,151,223,1,-1,-1,-1
214,27,2134,413,214,250,1,-1,-1,-1
214,28,-147,506,304,168,1,-1,-1,-1
214,29,2120,389,440,452,1,-1,-1,-1
214,30,-12,699,87,421,1,-1,-1,-1
214,31,855,575,344,484,1,-1,-1,-1
215,0,-61,624,237,467,1,-1,-1,-1
215,1,-142,689,261,421,1,-1,-1,-1
215,2,2396,439,137,396,1,-1,-1,-1
215,3,7,574,823,499,1,-1,-1,-1
215,21,581,462,468,131,1,-1,-1,-1
215,22,423,463,756,617,1,-1,-1,-1
215,23,406,609,495,232,1,-1,-1,-1
215,24,-115,557,220,176,1,-1,-1,-1
215,25,1041,551,660,428,1,-1,-1,-1
215,26,2140,402,151,223,1,-1,-1,-1
215,27,2133,417,214,250,1,-1,-1,-1
215,28,-24,506,304,168,1,-1,-1,-1
215,29,2109,375,462,475,1,-1,-1,-1
215,30,-15,700,87,421,1,-1,-1,-1
215,31,865,571,344,484,1,-1,-1,-1
216,0,-50,589,237,467,1,-1,-1,-1
216,1,-146,662,261,421,1,-1,-1,-1
216,2,2401,446,137,396,1,-1,-1,-1
216,3,-37,566,823,499,1,-1,-1,-1
216,21,594,466,446,124,1,-1,-1,-1
216,22,417,461,756,617,1,-1,-1,-1
216,23,398,601,495,232,1,-1,-1,-1
216,24,-121,560,231,185,1,-1,-1,-1
216,25,1065,544,660,428,1,-1,-1,-1
216,26,2137,401,151,223,1,-1,-1,-1
216,27,2130,413,214,250,1,-1,-1,-1
216,28,-4,510,304,168,1,-1,-1,-1
216,29,2108,374,462,475,1,-1,-1,-1
216,30,-17,738,91,442,1,-1,-1,-1
216,31,865,567,344,484,1,-1,-1,-1
217,0,-50,589,237,467,1,-1,-1,-1
217,1,-146,662,261,421,1,-1,-1,-1
217,2,2401,446,137,396,1,-1,-1,-1
217,3,0,556,852,520,1,-1,-1,-1
217,21,572,468,472,128,1,-1,-1,-1
217,22,516,492,756,572,1,-1,-1,-1
217,23,398,601,495,232,1,-1,-1,-1
217,24,-121,560,231,185,1,-1,-1,-1
217,25,968,508,792,512,1,-1,-1,-1
217,26,2137,401,151,223,1,-1,-1,-1
217,27,2130,413,214,250,1,-1,-1,-1
217,28,-4,510,304,168,1,-1,-1,-1
217,29,2116,416,440,432,1,-1,-1,-1
217,30,-17,738,91,442,1,-1,-1,-1
217,31,865,567,344,484,1,-1,-1,-1
