1,0,1004,644,280,400,1,-1,-1,-1
1,1,1940,568,228,392,1,-1,-1,-1
1,2,1520,612,196,336,1,-1,-1,-1
1,3,1656,596,212,356,1,-1,-1,-1
1,4,1392,624,200,324,1,-1,-1,-1
1,5,1820,592,124,308,1,-1,-1,-1
2,0,1004,640,280,400,1,-1,-1,-1
2,1,1946,568,228,392,1,-1,-1,-1
2,2,1523,615,196,336,1,-1,-1,-1
2,3,1662,601,212,356,1,-1,-1,-1
2,4,1394,625,200,324,1,-1,-1,-1
2,5,1828,594,124,308,1,-1,-1,-1
3,0,1005,640,280,400,1,-1,-1,-1
3,1,1961,566,228,392,1,-1,-1,-1
3,2,1526,621,196,336,1,-1,-1,-1
3,3,1689,615,202,339,1,-1,-1,-1
3,4,1394,628,200,324,1,-1,-1,-1
3,5,1847,605,124,308,1,-1,-1,-1
4,0,994,640,280,400,1,-1,-1,-1
4,1,1974,564,228,392,1,-1,-1,-1
4,2,1528,628,196,336,1,-1,-1,-1
4,3,1696,623,202,339,1,-1,-1,-1
4,4,1391,633,200,324,1,-1,-1,-1
4,5,1862,623,124,308,1,-1,-1,-1
5,0,989,640,280,400,1,-1,-1,-1
5,1,1987,569,217,373,1,-1,-1,-1
5,2,1529,639,196,336,1,-1,-1,-1
5,3,1694,617,212,356,1,-1,-1,-1
5,4,1396,636,200,324,1,-1,-1,-1
5,5,1875,626,124,308,1,-1,-1,-1
6,0,985,649,280,400,1,-1,-1,-1
6,1,1997,577,207,356,1,-1,-1,-1
6,2,1520,634,206,353,1,-1,-1,-1
6,3,1689,616,212,356,1,-1,-1,-1
6,4,1391,635,200,324,1,-1,-1,-1
6,5,1888,645,118,293,1,-1,-1,-1
7,0,983,659,280,400,1,-1,-1,-1
7,1,2003,567,217,373,1,-1,-1,-1
7,2,1523,631,206,353,1,-1,-1,-1
7,3,1685,616,212,356,1,-1,-1,-1
7,4,1391,633,200,324,1,-1,-1,-1
7,5,1904,648,118,293,1,-1,-1,-1
8,0,981,665,280,400,1,-1,-1,-1
8,1,2011,569,217,373,1,-1,-1,-1
8,2,1519,631,206,353,1,-1,-1,-1
8,3,1684,616,212,356,1,-1,-1,-1
8,4,1397,632,200,324,1,-1,-1,-1
8,5,1909,652,118,293,1,-1,-1,-1
9,0,960,688,280,364,1,-1,-1,-1
9,1,2040,636,172,328,1,-1,-1,-1
9,2,1528,672,248,320,1,-1,-1,-1
9,3,1652,604,228,304,1,-1,-1,-1
9,4,1388,616,172,300,1,-1,-1,-1
9,5,1912,664,156,300,1,-1,-1,-1
9,6,1212,644,320,356,1,-1,-1,-1
10,0,956,687,280,364,1,-1,-1,-1
10,1,2044,644,172,328,1,-1,-1,-1
10,2,1525,667,248,320,1,-1,-1,-1
10,3,1646,594,239,319,1,-1,-1,-1
10,4,1387,615,172,300,1,-1,-1,-1
10,5,1916,661,156,300,1,-1,-1,-1
10,6,1208,649,320,356,1,-1,-1,-1
11,0,948,685,280,364,1,-1,-1,-1
11,1,2050,652,172,328,1,-1,-1,-1
11,2,1525,666,248,320,1,-1,-1,-1
11,3,1648,596,239,319,1,-1,-1,-1
11,4,1386,615,172,300,1,-1,-1,-1
11,5,1924,666,149,286,1,-1,-1,-1
11,6,1206,647,320,356,1,-1,-1,-1
12,0,937,671,294,382,1,-1,-1,-1
12,1,2053,660,172,328,1,-1,-1,-1
12,2,1517,671,248,320,1,-1,-1,-1
12,3,1647,597,239,319,1,-1,-1,-1
12,4,1380,617,172,300,1,-1,-1,-1
12,5,1924,668,149,286,1,-1,-1,-1
12,6,1200,649,320,356,1,-1,-1,-1
13,0,933,663,294,382,1,-1,-1,-1
13,1,2050,677,172,328,1,-1,-1,-1
13,2,1517,681,236,305,1,-1,-1,-1
13,3,1638,607,239,319,1,-1,-1,-1
13,4,1373,622,172,300,1,-1,-1,-1
13,5,1920,677,149,286,1,-1,-1,-1
13,6,1191,653,320,356,1,-1,-1,-1
14,0,941,672,280,364,1,-1,-1,-1
14,1,2044,685,172,328,1,-1,-1,-1
14,2,1517,686,236,305,1,-1,-1,-1
14,3,1631,612,239,319,1,-1,-1,-1
14,4,1370,626,172,300,1,-1,-1,-1
14,5,1913,679,149,286,1,-1,-1,-1
14,6,1191,653,320,356,1,-1,-1,-1
15,0,940,670,280,364,1,-1,-1,-1
15,1,2038,696,164,312,1,-1,-1,-1
15,2,1504,693,236,305,1,-1,-1,-1
15,3,1620,622,239,319,1,-1,-1,-1
15,4,1366,643,172,300,1,-1,-1,-1
15,5,1904,680,156,300,1,-1,-1,-1
15,6,1191,655,320,356,1,-1,-1,-1
16,0,939,677,280,364,1,-1,-1,-1
16,1,2027,694,164,312,1,-1,-1,-1
16,2,1489,701,236,305,1,-1,-1,-1
16,3,1612,633,239,319,1,-1,-1,-1
16,4,1366,649,172,300,1,-1,-1,-1
16,5,1897,688,156,300,1,-1,-1,-1
16,6,1188,650,320,356,1,-1,-1,-1
17,0,944,680,320,364,1,-1,-1,-1
17,1,2012,708,228,292,1,-1,-1,-1
17,2,1484,672,172,328,1,-1,-1,-1
17,3,1596,664,332,324,1,-1,-1,-1
17,4,1368,668,164,300,1,-1,-1,-1
17,5,1876,680,168,288,1,-1,-1,-1
17,6,1192,676,256,308,1,-1,-1,-1
18,0,950,682,320,364,1,-1,-1,-1
18,1,2005,705,228,292,1,-1,-1,-1
18,2,1479,676,172,328,1,-1,-1,-1
18,3,1593,665,332,324,1,-1,-1,-1
18,4,1366,667,164,300,1,-1,-1,-1
18,5,1871,682,168,288,1,-1,-1,-1
18,6,1190,675,256,308,1,-1,-1,-1
19,0,947,682,320,364,1,-1,-1,-1
19,1,1994,697,228,292,1,-1,-1,-1
19,2,1468,680,172,328,1,-1,-1,-1
19,3,1578,665,332,324,1,-1,-1,-1
19,4,1362,669,164,300,1,-1,-1,-1
19,5,1851,679,176,302,1,-1,-1,-1
19,6,1182,679,256,308,1,-1,-1,-1
20,0,953,687,305,347,1,-1,-1,-1
20,1,1989,696,228,292,1,-1,-1,-1
20,2,1464,688,164,312,1,-1,-1,-1
20,3,1569,665,332,324,1,-1,-1,-1
20,4,1358,670,164,300,1,-1,-1,-1
20,5,1847,680,176,302,1,-1,-1,-1
20,6,1182,682,256,308,1,-1,-1,-1
21,0,951,683,305,347,1,-1,-1,-1
21,1,1975,687,239,307,1,-1,-1,-1
21,2,1456,687,164,312,1,-1,-1,-1
21,3,1559,663,332,324,1,-1,-1,-1
21,4,1356,673,164,300,1,-1,-1,-1
21,5,1844,688,168,288,1,-1,-1,-1
21,6,1181,686,256,308,1,-1,-1,-1
22,0,952,677,305,347,1,-1,-1,-1
22,1,1964,690,239,307,1,-1,-1,-1
22,2,1448,687,164,312,1,-1,-1,-1
22,3,1534,649,349,340,1,-1,-1,-1
22,4,1349,669,164,300,1,-1,-1,-1
22,5,1833,687,168,288,1,-1,-1,-1
22,6,1185,689,256,308,1,-1,-1,-1
23,0,958,676,305,347,1,-1,-1,-1
23,1,1960,692,239,307,1,-1,-1,-1
23,2,1447,684,164,312,1,-1,-1,-1
23,3,1532,657,332,324,1,-1,-1,-1
23,4,1346,673,164,300,1,-1,-1,-1
23,5,1829,684,168,288,1,-1,-1,-1
23,6,1186,692,256,308,1,-1,-1,-1
24,0,960,675,305,347,1,-1,-1,-1
24,1,1949,695,239,307,1,-1,-1,-1
24,2,1446,675,164,312,1,-1,-1,-1
24,3,1523,649,332,324,1,-1,-1,-1
24,4,1347,676,164,300,1,-1,-1,-1
24,5,1822,685,160,274,1,-1,-1,-1
24,6,1188,699,256,308,1,-1,-1,-1
25,0,960,664,256,340,1,-1,-1,-1
25,1,1932,700,232,316,1,-1,-1,-1
25,2,1446,675,164,312,1,-1,-1,-1
25,3,1504,644,244,300,1,-1,-1,-1
25,4,1360,664,232,288,1,-1,-1,-1
25,5,1812,704,160,216,1,-1,-1,-1
25,6,1192,660,292,328,1,-1,-1,-1
26,0,970,675,244,324,1,-1,-1,-1
26,1,1930,702,232,316,1,-1,-1,-1
26,2,1438,660,164,312,1,-1,-1,-1
26,3,1501,645,244,300,1,-1,-1,-1
26,4,1359,663,232,288,1,-1,-1,-1
26,5,1808,703,160,216,1,-1,-1,-1
26,6,1192,660,292,328,1,-1,-1,-1
27,0,979,679,244,324,1,-1,-1,-1
27,1,1930,712,221,301,1,-1,-1,-1
27,2,1438,656,164,312,1,-1,-1,-1
27,3,1501,650,232,286,1,-1,-1,-1
27,4,1359,661,232,288,1,-1,-1,-1
27,5,1792,702,168,227,1,-1,-1,-1
27,6,1194,656,292,328,1,-1,-1,-1
28,0,984,681,244,324,1,-1,-1,-1
28,1,1912,711,221,301,1,-1,-1,-1
28,2,1440,661,156,298,1,-1,-1,-1
28,3,1498,650,232,286,1,-1,-1,-1
28,4,1359,662,221,274,1,-1,-1,-1
28,5,1784,705,168,227,1,-1,-1,-1
28,6,1194,656,292,328,1,-1,-1,-1
29,0,983,678,244,324,1,-1,-1,-1
29,1,1905,714,221,301,1,-1,-1,-1
29,2,1437,659,156,298,1,-1,-1,-1
29,3,1485,645,244,300,1,-1,-1,-1
29,4,1357,660,221,274,1,-1,-1,-1
29,5,1780,707,168,227,1,-1,-1,-1
29,6,1197,654,292,328,1,-1,-1,-1
30,0,982,674,244,324,1,-1,-1,-1
30,1,1902,716,210,287,1,-1,-1,-1
30,2,1432,668,149,283,1,-1,-1,-1
30,3,1481,645,244,300,1,-1,-1,-1
30,4,1355,660,221,274,1,-1,-1,-1
30,5,1772,710,168,227,1,-1,-1,-1
30,6,1203,647,292,328,1,-1,-1,-1
31,0,986,677,232,308,1,-1,-1,-1
31,1,1885,709,210,287,1,-1,-1,-1
31,2,1431,667,149,283,1,-1,-1,-1
31,3,1473,650,244,300,1,-1,-1,-1
31,4,1355,668,210,261,1,-1,-1,-1
31,5,1761,714,168,227,1,-1,-1,-1
31,6,1208,647,278,312,1,-1,-1,-1
32,0,986,674,232,308,1,-1,-1,-1
32,1,1880,706,210,287,1,-1,-1,-1
32,2,1430,678,142,270,1,-1,-1,-1
32,3,1476,652,244,300,1,-1,-1,-1
32,4,1352,664,210,261,1,-1,-1,-1
32,5,1758,715,168,227,1,-1,-1,-1
32,6,1211,646,278,312,1,-1,-1,-1
33,0,992,696,304,276,1,-1,-1,-1
33,1,1852,692,200,260,1,-1,-1,-1
33,2,1430,678,142,270,1,-1,-1,-1
33,3,1476,652,244,300,1,-1,-1,-1
33,4,1352,664,210,261,1,-1,-1,-1
33,5,1752,736,152,204,1,-1,-1,-1
33,6,1240,708,212,220,1,-1,-1,-1
34,0,1006,694,304,276,1,-1,-1,-1
34,1,1840,682,210,273,1,-1,-1,-1
34,2,1422,690,135,257,1,-1,-1,-1
34,3,1477,643,244,300,1,-1,-1,-1
34,4,1337,654,221,274,1,-1,-1,-1
34,5,1746,735,152,204,1,-1,-1,-1
34,6,1243,708,212,220,1,-1,-1,-1
35,0,1009,696,304,276,1,-1,-1,-1
35,1,1835,680,210,273,1,-1,-1,-1
35,2,1418,690,135,257,1,-1,-1,-1
35,3,1475,640,244,300,1,-1,-1,-1
35,4,1350,663,210,261,1,-1,-1,-1
35,5,1740,733,152,204,1,-1,-1,-1
35,6,1244,708,212,220,1,-1,-1,-1
36,0,1013,700,290,263,1,-1,-1,-1
36,1,1827,679,210,273,1,-1,-1,-1
36,2,1421,691,135,257,1,-1,-1,-1
36,3,1468,637,244,300,1,-1,-1,-1
36,4,1359,664,210,261,1,-1,-1,-1
36,5,1731,729,152,204,1,-1,-1,-1
36,6,1246,710,212,220,1,-1,-1,-1
37,0,1013,706,290,263,1,-1,-1,-1
37,1,1815,678,210,273,1,-1,-1,-1
37,2,1417,691,135,257,1,-1,-1,-1
37,3,1453,635,244,300,1,-1,-1,-1
37,4,1368,665,210,261,1,-1,-1,-1
37,5,1723,719,160,214,1,-1,-1,-1
37,6,1251,715,212,220,1,-1,-1,-1
38,0,1010,710,290,263,1,-1,-1,-1
38,1,1810,682,210,273,1,-1,-1,-1
38,2,1417,687,135,257,1,-1,-1,-1
38,3,1460,641,232,286,1,-1,-1,-1
38,4,1371,672,200,249,1,-1,-1,-1
38,5,1714,713,160,214,1,-1,-1,-1
38,6,1255,719,212,220,1,-1,-1,-1
39,0,1010,707,290,263,1,-1,-1,-1
39,1,1813,680,210,273,1,-1,-1,-1
39,2,1413,688,135,257,1,-1,-1,-1
39,3,1455,636,232,286,1,-1,-1,-1
39,4,1375,672,200,249,1,-1,-1,-1
39,5,1712,713,152,204,1,-1,-1,-1
39,6,1266,731,202,210,1,-1,-1,-1
40,0,1016,711,290,263,1,-1,-1,-1
40,1,1808,684,210,273,1,-1,-1,-1
40,2,1403,683,135,257,1,-1,-1,-1
40,3,1450,630,232,286,1,-1,-1,-1
40,4,1383,678,191,237,1,-1,-1,-1
40,5,1699,713,152,204,1,-1,-1,-1
40,6,1271,735,202,210,1,-1,-1,-1
41,0,1020,732,268,240,1,-1,-1,-1
41,1,1800,712,236,240,1,-1,-1,-1
41,2,1403,683,135,257,1,-1,-1,-1
41,3,1460,684,208,224,1,-1,-1,-1
41,4,1383,678,191,237,1,-1,-1,-1
41,5,1700,712,136,200,1,-1,-1,-1
41,6,1280,728,216,216,1,-1,-1,-1
42,0,1025,731,268,240,1,-1,-1,-1
42,1,1801,717,225,229,1,-1,-1,-1
42,2,1395,674,142,270,1,-1,-1,-1
42,3,1459,686,208,224,1,-1,-1,-1
42,4,1367,685,182,226,1,-1,-1,-1
42,5,1689,712,136,200,1,-1,-1,-1
42,6,1287,728,216,216,1,-1,-1,-1
43,0,1020,734,268,240,1,-1,-1,-1
43,1,1785,715,225,229,1,-1,-1,-1
43,2,1407,678,135,257,1,-1,-1,-1
43,3,1455,688,208,224,1,-1,-1,-1
43,4,1364,686,182,226,1,-1,-1,-1
43,5,1680,720,130,190,1,-1,-1,-1
43,6,1276,729,216,216,1,-1,-1,-1
44,0,1019,736,268,240,1,-1,-1,-1
44,1,1779,713,225,229,1,-1,-1,-1
44,2,1407,680,135,257,1,-1,-1,-1
44,3,1455,691,208,224,1,-1,-1,-1
44,4,1355,686,182,226,1,-1,-1,-1
44,5,1677,721,130,190,1,-1,-1,-1
44,6,1273,728,216,216,1,-1,-1,-1
45,0,1024,741,268,240,1,-1,-1,-1
45,1,1769,713,225,229,1,-1,-1,-1
45,2,1402,679,135,257,1,-1,-1,-1
45,3,1457,698,198,213,1,-1,-1,-1
45,4,1355,687,182,226,1,-1,-1,-1
45,5,1675,729,123,181,1,-1,-1,-1
45,6,1277,724,216,216,1,-1,-1,-1
46,0,1020,747,268,240,1,-1,-1,-1
46,1,1764,719,214,218,1,-1,-1,-1
46,2,1405,680,135,257,1,-1,-1,-1
46,3,1457,704,198,213,1,-1,-1,-1
46,4,1345,689,182,226,1,-1,-1,-1
46,5,1663,735,123,181,1,-1,-1,-1
46,6,1277,722,216,216,1,-1,-1,-1
47,0,1025,757,255,229,1,-1,-1,-1
47,1,1757,716,214,218,1,-1,-1,-1
47,2,1407,686,135,257,1,-1,-1,-1
47,3,1461,712,189,203,1,-1,-1,-1
47,4,1341,695,182,226,1,-1,-1,-1
47,5,1657,735,123,181,1,-1,-1,-1
47,6,1274,725,216,216,1,-1,-1,-1
48,0,1033,760,243,218,1,-1,-1,-1
48,1,1747,711,214,218,1,-1,-1,-1
48,2,1404,691,135,257,1,-1,-1,-1
48,3,1462,716,189,203,1,-1,-1,-1
48,4,1340,696,182,226,1,-1,-1,-1
48,5,1653,739,123,181,1,-1,-1,-1
48,6,1276,732,206,206,1,-1,-1,-1
49,0,1024,744,272,228,1,-1,-1,-1
49,1,1732,724,184,196,1,-1,-1,-1
49,2,1404,691,135,257,1,-1,-1,-1
49,3,1462,716,189,203,1,-1,-1,-1
49,4,1340,696,182,226,1,-1,-1,-1
49,5,1653,739,123,181,1,-1,-1,-1
49,6,1276,740,168,184,1,-1,-1,-1
50,0,1029,743,272,228,1,-1,-1,-1
50,1,1735,724,184,196,1,-1,-1,-1
50,2,1410,702,128,245,1,-1,-1,-1
50,3,1465,716,189,203,1,-1,-1,-1
50,4,1363,701,173,215,1,-1,-1,-1
50,5,1651,736,123,181,1,-1,-1,-1
50,6,1278,741,168,184,1,-1,-1,-1
51,0,1031,740,272,228,1,-1,-1,-1
51,1,1731,722,193,206,1,-1,-1,-1
51,2,1421,706,128,245,1,-1,-1,-1
51,3,1469,717,189,203,1,-1,-1,-1
51,4,1383,709,165,205,1,-1,-1,-1
51,5,1654,736,123,181,1,-1,-1,-1
51,6,1282,746,168,184,1,-1,-1,-1
52,0,1018,735,286,239,1,-1,-1,-1
52,1,1730,724,193,206,1,-1,-1,-1
52,2,1425,707,128,245,1,-1,-1,-1
52,3,1473,716,189,203,1,-1,-1,-1
52,4,1392,712,165,205,1,-1,-1,-1
52,5,1677,735,117,173,1,-1,-1,-1
52,6,1286,751,160,175,1,-1,-1,-1
53,0,1010,742,286,239,1,-1,-1,-1
53,1,1729,727,193,206,1,-1,-1,-1
53,2,1430,714,122,233,1,-1,-1,-1
53,3,1475,717,189,203,1,-1,-1,-1
53,4,1400,715,165,205,1,-1,-1,-1
53,5,1679,733,117,173,1,-1,-1,-1
53,6,1287,753,160,175,1,-1,-1,-1
54,0,1005,750,286,239,1,-1,-1,-1
54,1,1732,734,184,196,1,-1,-1,-1
54,2,1428,711,122,233,1,-1,-1,-1
54,3,1474,714,189,203,1,-1,-1,-1
54,4,1396,715,165,205,1,-1,-1,-1
54,5,1678,736,117,173,1,-1,-1,-1
54,6,1277,756,160,175,1,-1,-1,-1
55,0,1005,754,286,239,1,-1,-1,-1
55,1,1733,739,184,196,1,-1,-1,-1
55,2,1421,718,116,222,1,-1,-1,-1
55,3,1470,709,198,213,1,-1,-1,-1
55,4,1385,719,165,205,1,-1,-1,-1
55,5,1678,738,117,173,1,-1,-1,-1
55,6,1278,764,160,175,1,-1,-1,-1
56,0,1004,754,286,239,1,-1,-1,-1
56,1,1735,740,184,196,1,-1,-1,-1
56,2,1427,717,116,222,1,-1,-1,-1
56,3,1472,710,198,213,1,-1,-1,-1
56,4,1376,721,165,205,1,-1,-1,-1
56,5,1676,739,117,173,1,-1,-1,-1
56,6,1285,770,152,167,1,-1,-1,-1
57,0,1004,754,286,239,1,-1,-1,-1
57,1,1735,740,184,196,1,-1,-1,-1
57,2,1427,717,116,222,1,-1,-1,-1
57,3,1472,710,198,213,1,-1,-1,-1
57,4,1376,721,165,205,1,-1,-1,-1
57,5,1676,739,117,173,1,-1,-1,-1
57,6,1285,770,152,167,1,-1,-1,-1
58,0,993,762,286,239,1,-1,-1,-1
58,1,1729,751,175,187,1,-1,-1,-1
58,2,1426,713,122,233,1,-1,-1,-1
58,3,1471,723,198,213,1,-1,-1,-1
58,4,1368,723,165,205,1,-1,-1,-1
58,5,1679,755,112,165,1,-1,-1,-1
58,6,1286,770,152,167,1,-1,-1,-1
59,0,986,757,300,251,1,-1,-1,-1
59,1,1728,748,184,196,1,-1,-1,-1
59,2,1421,713,122,233,1,-1,-1,-1
59,3,1474,731,189,203,1,-1,-1,-1
59,4,1366,727,165,205,1,-1,-1,-1
59,5,1674,754,117,173,1,-1,-1,-1
59,6,1288,770,152,167,1,-1,-1,-1
60,0,987,765,286,239,1,-1,-1,-1
60,1,1732,749,175,187,1,-1,-1,-1
60,2,1416,712,128,245,1,-1,-1,-1
60,3,1479,735,189,203,1,-1,-1,-1
60,4,1357,718,173,215,1,-1,-1,-1
60,5,1676,762,117,173,1,-1,-1,-1
60,6,1280,770,152,167,1,-1,-1,-1
61,0,978,760,286,239,1,-1,-1,-1
61,1,1728,743,184,196,1,-1,-1,-1
61,2,1410,711,135,257,1,-1,-1,-1
61,3,1485,743,180,193,1,-1,-1,-1
61,4,1347,714,182,226,1,-1,-1,-1
61,5,1665,772,112,165,1,-1,-1,-1
61,6,1280,768,160,175,1,-1,-1,-1
62,0,975,757,286,239,1,-1,-1,-1
62,1,1729,743,184,196,1,-1,-1,-1
62,2,1410,715,135,257,1,-1,-1,-1
62,3,1475,739,189,203,1,-1,-1,-1
62,4,1336,711,191,237,1,-1,-1,-1
62,5,1667,779,107,157,1,-1,-1,-1
62,6,1275,767,160,175,1,-1,-1,-1
63,0,973,760,286,239,1,-1,-1,-1
63,1,1722,742,184,196,1,-1,-1,-1
63,2,1408,725,128,245,1,-1,-1,-1
63,3,1469,742,189,203,1,-1,-1,-1
63,4,1330,708,200,249,1,-1,-1,-1
63,5,1664,775,112,165,1,-1,-1,-1
63,6,1280,773,152,167,1,-1,-1,-1
64,0,970,762,286,239,1,-1,-1,-1
64,1,1700,743,193,206,1,-1,-1,-1
64,2,1403,728,128,245,1,-1,-1,-1
64,3,1462,743,189,203,1,-1,-1,-1
64,4,1337,713,200,249,1,-1,-1,-1
64,5,1665,781,107,157,1,-1,-1,-1
64,6,1266,777,152,167,1,-1,-1,-1
65,0,970,762,286,239,1,-1,-1,-1
65,1,1648,748,256,204,1,-1,-1,-1
65,2,1403,728,128,245,1,-1,-1,-1
65,3,1462,743,189,203,1,-1,-1,-1
65,4,1337,713,200,249,1,-1,-1,-1
65,5,1665,781,107,157,1,-1,-1,-1
65,6,1266,777,152,167,1,-1,-1,-1
66,0,961,771,286,239,1,-1,-1,-1
66,1,1647,749,256,204,1,-1,-1,-1
66,2,1397,731,128,245,1,-1,-1,-1
66,3,1455,745,189,203,1,-1,-1,-1
66,4,1349,716,200,249,1,-1,-1,-1
66,5,1652,780,107,157,1,-1,-1,-1
66,6,1258,786,152,167,1,-1,-1,-1
67,0,947,773,286,239,1,-1,-1,-1
67,1,1640,743,269,214,1,-1,-1,-1
67,2,1400,733,128,245,1,-1,-1,-1
67,3,1451,745,189,203,1,-1,-1,-1
67,4,1355,723,200,249,1,-1,-1,-1
67,5,1644,768,107,157,1,-1,-1,-1
67,6,1253,789,152,167,1,-1,-1,-1
68,0,945,767,300,251,1,-1,-1,-1
68,1,1635,746,269,214,1,-1,-1,-1
68,2,1396,740,128,245,1,-1,-1,-1
68,3,1453,750,189,203,1,-1,-1,-1
68,4,1359,724,200,249,1,-1,-1,-1
68,5,1647,768,107,157,1,-1,-1,-1
68,6,1243,795,152,167,1,-1,-1,-1
69,0,947,770,300,251,1,-1,-1,-1
69,1,1638,759,269,214,1,-1,-1,-1
69,2,1391,735,128,245,1,-1,-1,-1
69,3,1452,755,189,203,1,-1,-1,-1
69,4,1342,730,191,237,1,-1,-1,-1
69,5,1664,773,101,149,1,-1,-1,-1
69,6,1235,792,160,175,1,-1,-1,-1
70,0,946,772,315,264,1,-1,-1,-1
70,1,1648,763,256,204,1,-1,-1,-1
70,2,1379,730,135,257,1,-1,-1,-1
70,3,1450,756,189,203,1,-1,-1,-1
70,4,1319,731,191,237,1,-1,-1,-1
70,5,1662,774,107,157,1,-1,-1,-1
70,6,1239,796,160,175,1,-1,-1,-1
71,0,917,766,331,277,1,-1,-1,-1
71,1,1655,770,244,194,1,-1,-1,-1
71,2,1367,731,135,257,1,-1,-1,-1
71,3,1444,752,198,213,1,-1,-1,-1
71,4,1314,733,191,237,1,-1,-1,-1
71,5,1665,779,107,157,1,-1,-1,-1
71,6,1238,800,160,175,1,-1,-1,-1
72,0,920,768,331,277,1,-1,-1,-1
72,1,1639,770,244,194,1,-1,-1,-1
72,2,1361,734,135,257,1,-1,-1,-1
72,3,1435,748,208,224,1,-1,-1,-1
72,4,1303,731,191,237,1,-1,-1,-1
72,5,1673,778,112,165,1,-1,-1,-1
72,6,1225,801,160,175,1,-1,-1,-1
73,0,920,768,331,277,1,-1,-1,-1
73,1,1639,770,244,194,1,-1,-1,-1
73,2,1361,734,135,257,1,-1,-1,-1
73,3,1435,748,208,224,1,-1,-1,-1
73,4,1303,731,191,237,1,-1,-1,-1
73,5,1673,778,112,165,1,-1,-1,-1
73,6,1225,801,160,175,1,-1,-1,-1
74,0,908,753,347,291,1,-1,-1,-1
74,1,1620,773,244,194,1,-1,-1,-1
74,2,1356,734,142,270,1,-1,-1,-1
74,3,1433,751,208,224,1,-1,-1,-1
74,4,1299,727,200,249,1,-1,-1,-1
74,5,1672,783,112,165,1,-1,-1,-1
74,6,1230,799,160,175,1,-1,-1,-1
75,0,909,757,331,277,1,-1,-1,-1
75,1,1623,773,244,194,1,-1,-1,-1
75,2,1355,732,142,270,1,-1,-1,-1
75,3,1441,749,208,224,1,-1,-1,-1
75,4,1306,735,191,237,1,-1,-1,-1
75,5,1669,783,117,173,1,-1,-1,-1
75,6,1247,808,152,167,1,-1,-1,-1
76,0,897,752,347,291,1,-1,-1,-1
76,1,1633,771,256,204,1,-1,-1,-1
76,2,1355,736,142,270,1,-1,-1,-1
76,3,1443,748,208,224,1,-1,-1,-1
76,4,1290,734,200,249,1,-1,-1,-1
76,5,1666,785,117,173,1,-1,-1,-1
76,6,1238,817,145,159,1,-1,-1,-1
77,0,904,760,331,277,1,-1,-1,-1
77,1,1634,774,256,204,1,-1,-1,-1
77,2,1357,731,142,270,1,-1,-1,-1
77,3,1429,750,208,224,1,-1,-1,-1
77,4,1293,730,200,249,1,-1,-1,-1
77,5,1654,792,117,173,1,-1,-1,-1
77,6,1238,822,145,159,1,-1,-1,-1
78,0,908,772,331,277,1,-1,-1,-1
78,1,1634,780,244,194,1,-1,-1,-1
78,2,1354,727,142,270,1,-1,-1,-1
78,3,1423,752,208,224,1,-1,-1,-1
78,4,1281,732,200,249,1,-1,-1,-1
78,5,1657,787,123,181,1,-1,-1,-1
78,6,1238,817,145,159,1,-1,-1,-1
79,0,895,781,331,277,1,-1,-1,-1
79,1,1626,779,244,194,1,-1,-1,-1
79,2,1352,733,142,270,1,-1,-1,-1
79,3,1416,751,218,235,1,-1,-1,-1
79,4,1278,723,210,261,1,-1,-1,-1
79,5,1660,785,130,190,1,-1,-1,-1
79,6,1228,813,145,159,1,-1,-1,-1
80,0,891,784,331,277,1,-1,-1,-1
80,1,1629,777,244,194,1,-1,-1,-1
80,2,1352,727,142,270,1,-1,-1,-1
80,3,1424,755,208,224,1,-1,-1,-1
80,4,1304,720,210,261,1,-1,-1,-1
80,5,1665,778,136,200,1,-1,-1,-1
80,6,1233,815,145,159,1,-1,-1,-1
81,0,891,784,331,277,1,-1,-1,-1
81,1,1612,796,260,164,1,-1,-1,-1
81,2,1352,727,142,270,1,-1,-1,-1
81,3,1424,755,208,224,1,-1,-1,-1
81,4,1304,720,210,261,1,-1,-1,-1
81,5,1665,778,136,200,1,-1,-1,-1
81,6,1233,815,145,159,1,-1,-1,-1
81,7,936,868,212,120,1,-1,-1,-1
81,8,1284,824,256,116,1,-1,-1,-1
82,0,888,788,331,277,1,-1,-1,-1
82,1,1609,795,273,172,1,-1,-1,-1
82,2,1350,726,142,270,1,-1,-1,-1
82,3,1417,758,198,213,1,-1,-1,-1
82,4,1339,753,200,249,1,-1,-1,-1
82,5,1654,782,136,200,1,-1,-1,-1
82,6,1219,834,138,151,1,-1,-1,-1
82,7,946,867,212,120,1,-1,-1,-1
82,8,1281,827,256,116,1,-1,-1,-1
83,0,889,791,331,277,1,-1,-1,-1
83,1,1601,796,273,172,1,-1,-1,-1
83,2,1344,722,149,283,1,-1,-1,-1
83,3,1412,757,198,213,1,-1,-1,-1
83,4,1346,750,200,249,1,-1,-1,-1
83,5,1650,781,136,200,1,-1,-1,-1
83,6,1216,841,138,151,1,-1,-1,-1
83,7,936,866,212,120,1,-1,-1,-1
83,8,1280,829,256,116,1,-1,-1,-1
84,0,886,792,331,277,1,-1,-1,-1
84,1,1605,802,260,164,1,-1,-1,-1
84,2,1337,727,149,283,1,-1,-1,-1
84,3,1408,765,198,213,1,-1,-1,-1
84,4,1360,746,200,249,1,-1,-1,-1
84,5,1649,778,136,200,1,-1,-1,-1
84,6,1207,851,138,151,1,-1,-1,-1
84,7,921,870,212,120,1,-1,-1,-1
84,8,1262,830,269,122,1,-1,-1,-1
85,0,891,808,315,264,1,-1,-1,-1
85,1,1599,803,260,164,1,-1,-1,-1
85,2,1336,730,149,283,1,-1,-1,-1
85,3,1408,771,189,203,1,-1,-1,-1
85,4,1358,749,191,237,1,-1,-1,-1
85,5,1646,773,136,200,1,-1,-1,-1
85,6,1212,854,138,151,1,-1,-1,-1
85,7,925,874,212,120,1,-1,-1,-1
85,8,1253,831,269,122,1,-1,-1,-1
86,0,885,820,315,264,1,-1,-1,-1
86,1,1592,798,260,164,1,-1,-1,-1
86,2,1328,730,149,283,1,-1,-1,-1
86,3,1413,777,180,193,1,-1,-1,-1
86,4,1403,711,191,237,1,-1,-1,-1
86,5,1646,772,136,200,1,-1,-1,-1
86,6,1196,851,138,151,1,-1,-1,-1
86,7,903,878,223,126,1,-1,-1,-1
86,8,1251,836,269,122,1,-1,-1,-1
87,0,880,832,300,251,1,-1,-1,-1
87,1,1582,777,273,172,1,-1,-1,-1
87,2,1327,745,142,270,1,-1,-1,-1
87,3,1407,778,180,193,1,-1,-1,-1
87,4,1405,691,191,237,1,-1,-1,-1
87,5,1637,743,143,210,1,-1,-1,-1
87,6,1180,848,138,151,1,-1,-1,-1
87,7,900,887,223,126,1,-1,-1,-1
87,8,1246,840,269,122,1,-1,-1,-1
88,0,884,838,286,239,1,-1,-1,-1
88,1,1566,781,273,172,1,-1,-1,-1
88,2,1323,752,142,270,1,-1,-1,-1
88,3,1400,782,180,193,1,-1,-1,-1
88,4,1400,697,191,237,1,-1,-1,-1
88,5,1623,746,143,210,1,-1,-1,-1
88,6,1183,842,138,151,1,-1,-1,-1
88,7,893,891,223,126,1,-1,-1,-1
88,8,1240,845,269,122,1,-1,-1,-1
89,0,884,838,286,239,1,-1,-1,-1
89,1,1566,781,273,172,1,-1,-1,-1
89,2,1323,752,142,270,1,-1,-1,-1
89,3,1400,782,180,193,1,-1,-1,-1
89,4,1400,697,191,237,1,-1,-1,-1
89,5,1623,746,143,210,1,-1,-1,-1
89,6,1183,842,138,151,1,-1,-1,-1
89,7,893,891,223,126,1,-1,-1,-1
89,8,1240,845,269,122,1,-1,-1,-1
90,0,888,837,286,239,1,-1,-1,-1
90,1,1562,776,273,172,1,-1,-1,-1
90,2,1316,750,142,270,1,-1,-1,-1
90,3,1386,783,180,193,1,-1,-1,-1
90,4,1382,742,191,237,1,-1,-1,-1
90,5,1617,763,143,210,1,-1,-1,-1
90,6,1182,832,138,151,1,-1,-1,-1
90,7,914,895,212,120,1,-1,-1,-1
90,8,1249,847,256,116,1,-1,-1,-1
91,0,901,828,286,239,1,-1,-1,-1
91,1,1562,765,273,172,1,-1,-1,-1
91,2,1323,750,142,270,1,-1,-1,-1
91,3,1381,782,189,203,1,-1,-1,-1
91,4,1363,752,191,237,1,-1,-1,-1
91,5,1632,763,143,210,1,-1,-1,-1
91,6,1196,831,138,151,1,-1,-1,-1
91,7,911,887,212,120,1,-1,-1,-1
91,8,1256,849,244,110,1,-1,-1,-1
92,0,913,823,286,239,1,-1,-1,-1
92,1,1577,763,273,172,1,-1,-1,-1
92,2,1332,752,135,257,1,-1,-1,-1
92,3,1389,781,189,203,1,-1,-1,-1
92,4,1365,750,191,237,1,-1,-1,-1
92,5,1637,757,143,210,1,-1,-1,-1
92,6,1212,834,138,151,1,-1,-1,-1
92,7,920,881,212,120,1,-1,-1,-1
92,8,1267,847,244,110,1,-1,-1,-1
93,0,939,840,286,239,1,-1,-1,-1
93,1,1601,761,273,172,1,-1,-1,-1
93,2,1331,759,135,257,1,-1,-1,-1
93,3,1405,776,189,203,1,-1,-1,-1
93,4,1369,750,191,237,1,-1,-1,-1
93,5,1654,751,143,210,1,-1,-1,-1
93,6,1222,825,138,151,1,-1,-1,-1
93,7,949,895,202,114,1,-1,-1,-1
93,8,1289,841,244,110,1,-1,-1,-1
94,0,965,856,272,228,1,-1,-1,-1
94,1,1609,763,273,172,1,-1,-1,-1
94,2,1338,759,135,257,1,-1,-1,-1
94,3,1418,765,198,213,1,-1,-1,-1
94,4,1395,747,191,237,1,-1,-1,-1
94,5,1656,748,150,220,1,-1,-1,-1
94,6,1234,819,145,159,1,-1,-1,-1
94,7,959,912,212,120,1,-1,-1,-1
94,8,1310,838,244,110,1,-1,-1,-1
95,0,974,869,272,228,1,-1,-1,-1
95,1,1615,761,273,172,1,-1,-1,-1
95,2,1344,759,135,257,1,-1,-1,-1
95,3,1422,761,208,224,1,-1,-1,-1
95,4,1394,757,191,237,1,-1,-1,-1
95,5,1673,742,150,220,1,-1,-1,-1
95,6,1248,824,145,159,1,-1,-1,-1
95,7,966,919,212,120,1,-1,-1,-1
95,8,1321,838,244,110,1,-1,-1,-1
96,0,1004,876,272,228,1,-1,-1,-1
96,1,1642,757,273,172,1,-1,-1,-1
96,2,1361,758,135,257,1,-1,-1,-1
96,3,1449,758,208,224,1,-1,-1,-1
96,4,1388,752,191,237,1,-1,-1,-1
96,5,1688,743,150,220,1,-1,-1,-1
96,6,1275,829,145,159,1,-1,-1,-1
96,7,991,931,223,126,1,-1,-1,-1
96,8,1333,835,244,110,1,-1,-1,-1
97,0,1004,876,272,228,1,-1,-1,-1
97,1,1672,764,260,156,1,-1,-1,-1
97,2,1361,758,135,257,1,-1,-1,-1
97,3,1449,758,208,224,1,-1,-1,-1
97,4,1388,752,191,237,1,-1,-1,-1
97,5,1688,743,150,220,1,-1,-1,-1
97,6,1275,829,145,159,1,-1,-1,-1
97,7,984,952,264,132,1,-1,-1,-1
97,8,1284,812,312,160,1,-1,-1,-1
98,0,1042,874,259,217,1,-1,-1,-1
98,1,1688,762,260,156,1,-1,-1,-1
98,2,1344,757,135,257,1,-1,-1,-1
98,3,1462,753,218,235,1,-1,-1,-1
98,4,1365,748,191,237,1,-1,-1,-1
98,5,1710,748,150,220,1,-1,-1,-1
98,6,1300,828,152,167,1,-1,-1,-1
98,7,1000,948,264,132,1,-1,-1,-1
98,8,1298,813,312,160,1,-1,-1,-1
99,0,1074,862,259,217,1,-1,-1,-1
99,1,1691,755,273,164,1,-1,-1,-1
99,2,1353,760,128,245,1,-1,-1,-1
99,3,1467,733,218,235,1,-1,-1,-1
99,4,1350,743,191,237,1,-1,-1,-1
99,5,1714,748,150,220,1,-1,-1,-1
99,6,1322,824,152,167,1,-1,-1,-1
99,7,1023,941,264,132,1,-1,-1,-1
99,8,1309,809,312,160,1,-1,-1,-1
100,0,1106,861,247,207,1,-1,-1,-1
100,1,1699,751,273,164,1,-1,-1,-1
100,2,1367,757,128,245,1,-1,-1,-1
100,3,1492,729,218,235,1,-1,-1,-1
100,4,1355,737,191,237,1,-1,-1,-1
100,5,1729,722,157,232,1,-1,-1,-1
100,6,1328,808,152,167,1,-1,-1,-1
100,7,1052,930,264,132,1,-1,-1,-1
100,8,1330,802,312,160,1,-1,-1,-1
101,0,1126,858,235,197,1,-1,-1,-1
101,1,1711,752,260,156,1,-1,-1,-1
101,2,1370,743,128,245,1,-1,-1,-1
101,3,1498,727,218,235,1,-1,-1,-1
101,4,1373,732,191,237,1,-1,-1,-1
101,5,1736,726,157,232,1,-1,-1,-1
101,6,1341,806,152,167,1,-1,-1,-1
101,7,1067,919,277,139,1,-1,-1,-1
101,8,1339,796,312,160,1,-1,-1,-1
102,0,1163,843,235,197,1,-1,-1,-1
102,1,1715,743,260,156,1,-1,-1,-1
102,2,1371,723,128,245,1,-1,-1,-1
102,3,1509,722,208,224,1,-1,-1,-1
102,4,1412,725,191,237,1,-1,-1,-1
102,5,1750,704,157,232,1,-1,-1,-1
102,6,1351,790,152,167,1,-1,-1,-1
102,7,1086,911,277,139,1,-1,-1,-1
102,8,1366,785,312,160,1,-1,-1,-1
103,0,1180,834,235,197,1,-1,-1,-1
103,1,1742,724,248,149,1,-1,-1,-1
103,2,1378,712,122,233,1,-1,-1,-1
103,3,1522,719,198,213,1,-1,-1,-1
103,4,1429,717,182,226,1,-1,-1,-1
103,5,1750,692,157,232,1,-1,-1,-1
103,6,1358,772,145,159,1,-1,-1,-1
103,7,1092,906,291,146,1,-1,-1,-1
103,8,1364,772,312,160,1,-1,-1,-1
104,0,1172,851,247,207,1,-1,-1,-1
104,1,1740,717,236,141,1,-1,-1,-1
104,2,1385,699,128,245,1,-1,-1,-1
104,3,1520,712,198,213,1,-1,-1,-1
104,4,1442,710,182,226,1,-1,-1,-1
104,5,1751,690,157,232,1,-1,-1,-1
104,6,1356,761,145,159,1,-1,-1,-1
104,7,1099,907,291,146,1,-1,-1,-1
104,8,1371,766,297,152,1,-1,-1,-1
105,0,1172,851,247,207,1,-1,-1,-1
105,1,1740,717,236,141,1,-1,-1,-1
105,2,1385,699,128,245,1,-1,-1,-1
105,3,1520,712,198,213,1,-1,-1,-1
105,4,1442,710,182,226,1,-1,-1,-1
105,5,1751,690,157,232,1,-1,-1,-1
105,6,1356,761,145,159,1,-1,-1,-1
105,7,1099,907,291,146,1,-1,-1,-1
105,8,1371,766,297,152,1,-1,-1,-1
106,0,1194,831,247,207,1,-1,-1,-1
106,1,1736,696,236,141,1,-1,-1,-1
106,2,1390,672,128,245,1,-1,-1,-1
106,3,1533,692,198,213,1,-1,-1,-1
106,4,1450,674,182,226,1,-1,-1,-1
106,5,1744,658,157,232,1,-1,-1,-1
106,6,1356,734,145,159,1,-1,-1,-1
106,7,1121,875,306,153,1,-1,-1,-1
106,8,1378,738,297,152,1,-1,-1,-1
107,0,1207,822,247,207,1,-1,-1,-1
107,1,1712,690,236,141,1,-1,-1,-1
107,2,1391,668,128,245,1,-1,-1,-1
107,3,1534,691,189,203,1,-1,-1,-1
107,4,1457,667,182,226,1,-1,-1,-1
107,5,1726,656,157,232,1,-1,-1,-1
107,6,1350,724,145,159,1,-1,-1,-1
107,7,1112,867,321,160,1,-1,-1,-1
107,8,1369,725,312,160,1,-1,-1,-1
108,0,1234,797,247,207,1,-1,-1,-1
108,1,1712,685,236,141,1,-1,-1,-1
108,2,1385,644,135,257,1,-1,-1,-1
108,3,1526,670,189,203,1,-1,-1,-1
108,4,1464,659,173,215,1,-1,-1,-1
108,5,1717,639,157,232,1,-1,-1,-1
108,6,1348,711,152,167,1,-1,-1,-1
108,7,1119,831,337,168,1,-1,-1,-1
108,8,1350,708,297,152,1,-1,-1,-1
109,0,1258,777,247,207,1,-1,-1,-1
109,1,1719,669,236,141,1,-1,-1,-1
109,2,1393,625,135,257,1,-1,-1,-1
109,3,1544,649,189,203,1,-1,-1,-1
109,4,1466,642,165,205,1,-1,-1,-1
109,5,1700,622,157,232,1,-1,-1,-1
109,6,1351,694,152,167,1,-1,-1,-1
109,7,1156,801,337,168,1,-1,-1,-1
109,8,1352,688,297,152,1,-1,-1,-1
110,0,1266,761,247,207,1,-1,-1,-1
110,1,1705,662,236,141,1,-1,-1,-1
110,2,1399,623,135,257,1,-1,-1,-1
110,3,1562,646,189,203,1,-1,-1,-1
110,4,1462,633,165,205,1,-1,-1,-1
110,5,1684,613,165,243,1,-1,-1,-1
110,6,1343,692,152,167,1,-1,-1,-1
110,7,1169,798,321,160,1,-1,-1,-1
110,8,1360,685,297,152,1,-1,-1,-1
111,0,1282,739,247,207,1,-1,-1,-1
111,1,1693,658,236,141,1,-1,-1,-1
111,2,1406,615,135,257,1,-1,-1,-1
111,3,1593,625,189,203,1,-1,-1,-1
111,4,1456,622,165,205,1,-1,-1,-1
111,5,1671,611,165,243,1,-1,-1,-1
111,6,1331,689,152,167,1,-1,-1,-1
111,7,1210,775,306,153,1,-1,-1,-1
111,8,1350,679,297,152,1,-1,-1,-1
112,0,1289,744,247,207,1,-1,-1,-1
112,1,1672,665,225,135,1,-1,-1,-1
112,2,1406,606,135,257,1,-1,-1,-1
112,3,1584,628,189,203,1,-1,-1,-1
112,4,1449,622,165,205,1,-1,-1,-1
112,5,1658,619,157,232,1,-1,-1,-1
112,6,1348,680,145,159,1,-1,-1,-1
112,7,1224,783,291,146,1,-1,-1,-1
112,8,1387,656,297,152,1,-1,-1,-1
113,0,1289,744,247,207,1,-1,-1,-1
113,1,1672,665,225,135,1,-1,-1,-1
113,2,1406,606,135,257,1,-1,-1,-1
113,3,1584,628,189,203,1,-1,-1,-1
113,4,1449,622,165,205,1,-1,-1,-1
113,5,1658,619,157,232,1,-1,-1,-1
113,6,1348,680,145,159,1,-1,-1,-1
113,7,1224,783,291,146,1,-1,-1,-1
113,8,1387,656,297,152,1,-1,-1,-1
114,1,1629,664,225,135,1,-1,-1,-1
114,2,1420,604,135,257,1,-1,-1,-1
114,3,1546,621,189,203,1,-1,-1,-1
114,4,1448,626,165,205,1,-1,-1,-1
114,5,1629,620,157,232,1,-1,-1,-1
114,6,1349,668,145,159,1,-1,-1,-1
114,7,1277,743,291,146,1,-1,-1,-1
114,8,1354,659,297,152,1,-1,-1,-1
115,1,1612,669,214,128,1,-1,-1,-1
115,2,1440,606,135,257,1,-1,-1,-1
115,3,1532,626,189,203,1,-1,-1,-1
115,4,1427,634,165,205,1,-1,-1,-1
115,5,1607,624,157,232,1,-1,-1,-1
115,7,1235,738,306,153,1,-1,-1,-1
115,8,1329,684,297,152,1,-1,-1,-1
116,1,1611,673,204,122,1,-1,-1,-1
116,2,1442,608,135,257,1,-1,-1,-1
116,3,1530,629,189,203,1,-1,-1,-1
116,4,1407,635,165,205,1,-1,-1,-1
116,5,1601,624,157,232,1,-1,-1,-1
116,7,1215,773,291,146,1,-1,-1,-1
116,8,1324,682,297,152,1,-1,-1,-1
117,1,1578,672,204,122,1,-1,-1,-1
117,2,1449,619,128,245,1,-1,-1,-1
117,3,1507,630,198,213,1,-1,-1,-1
117,4,1411,641,165,205,1,-1,-1,-1
117,5,1580,625,157,232,1,-1,-1,-1
117,7,1216,782,291,146,1,-1,-1,-1
117,8,1361,679,297,152,1,-1,-1,-1
118,1,1558,675,204,122,1,-1,-1,-1
118,3,1487,647,198,213,1,-1,-1,-1
118,4,1445,633,173,215,1,-1,-1,-1
118,5,1565,630,150,220,1,-1,-1,-1
118,7,1241,779,291,146,1,-1,-1,-1
118,8,1387,681,297,152,1,-1,-1,-1
119,1,1542,679,204,122,1,-1,-1,-1
119,3,1488,650,198,213,1,-1,-1,-1
119,4,1462,625,173,215,1,-1,-1,-1
119,5,1550,637,150,220,1,-1,-1,-1
119,7,1264,767,291,146,1,-1,-1,-1
119,8,1383,674,312,160,1,-1,-1,-1
120,1,1532,689,194,116,1,-1,-1,-1
120,3,1516,631,198,213,1,-1,-1,-1
120,4,1486,621,173,215,1,-1,-1,-1
120,5,1544,637,150,220,1,-1,-1,-1
120,7,1279,759,291,146,1,-1,-1,-1
120,8,1443,660,312,160,1,-1,-1,-1
121,1,1532,689,194,116,1,-1,-1,-1
121,3,1516,631,198,213,1,-1,-1,-1
121,4,1486,621,173,215,1,-1,-1,-1
121,5,1544,637,150,220,1,-1,-1,-1
121,7,1279,759,291,146,1,-1,-1,-1
121,8,1443,660,312,160,1,-1,-1,-1
122,1,1518,693,185,111,1,-1,-1,-1
122,3,1556,611,208,224,1,-1,-1,-1
122,4,1509,622,173,215,1,-1,-1,-1
122,5,1541,619,157,232,1,-1,-1,-1
122,7,1238,774,291,146,1,-1,-1,-1
122,8,1397,662,328,168,1,-1,-1,-1
123,1,1458,700,185,111,1,-1,-1,-1
123,3,1622,589,218,235,1,-1,-1,-1
123,4,1447,631,173,215,1,-1,-1,-1
123,5,1469,650,157,232,1,-1,-1,-1
123,7,1222,779,277,139,1,-1,-1,-1
123,8,1370,676,312,160,1,-1,-1,-1
124,1,1435,708,185,111,1,-1,-1,-1
124,3,1649,588,218,235,1,-1,-1,-1
124,4,1446,639,173,215,1,-1,-1,-1
124,5,1447,654,157,232,1,-1,-1,-1
124,7,1201,802,264,132,1,-1,-1,-1
124,8,1332,695,312,160,1,-1,-1,-1
125,1,1417,713,185,111,1,-1,-1,-1
125,3,1675,584,218,235,1,-1,-1,-1
125,5,1433,656,157,232,1,-1,-1,-1
125,7,1172,806,264,132,1,-1,-1,-1
125,8,1314,701,312,160,1,-1,-1,-1
126,1,1387,727,185,111,1,-1,-1,-1
126,3,1701,581,218,235,1,-1,-1,-1
126,5,1387,684,157,232,1,-1,-1,-1
126,7,1143,805,264,132,1,-1,-1,-1
126,8,1273,721,328,168,1,-1,-1,-1
127,1,1354,744,185,111,1,-1,-1,-1
127,3,1729,581,218,235,1,-1,-1,-1
127,5,1334,709,165,243,1,-1,-1,-1
127,7,1112,805,277,139,1,-1,-1,-1
127,8,1250,729,328,168,1,-1,-1,-1
128,1,1341,757,185,111,1,-1,-1,-1
128,3,1768,578,208,224,1,-1,-1,-1
128,5,1322,716,165,243,1,-1,-1,-1
128,7,1100,807,291,146,1,-1,-1,-1
128,8,1221,741,328,168,1,-1,-1,-1
129,1,1341,757,185,111,1,-1,-1,-1
129,3,1768,578,208,224,1,-1,-1,-1
129,5,1322,716,165,243,1,-1,-1,-1
129,7,1100,807,291,146,1,-1,-1,-1
129,8,1216,732,312,236,1,-1,-1,-1
129,9,852,752,304,200,1,-1,-1,-1
129,10,2060,548,184,156,1,-1,-1,-1
129,11,1540,612,284,256,1,-1,-1,-1
130,1,1304,768,185,111,1,-1,-1,-1
130,3,1701,598,208,224,1,-1,-1,-1
130,5,1303,719,165,243,1,-1,-1,-1
130,7,1044,838,291,146,1,-1,-1,-1
130,8,1203,735,312,236,1,-1,-1,-1
130,9,831,762,304,200,1,-1,-1,-1
130,10,2093,542,184,156,1,-1,-1,-1
130,11,1554,613,284,256,1,-1,-1,-1
131,1,1298,770,185,111,1,-1,-1,-1
131,3,1698,604,208,224,1,-1,-1,-1
131,5,1293,718,165,243,1,-1,-1,-1
131,7,1032,860,291,146,1,-1,-1,-1
131,8,1196,735,312,236,1,-1,-1,-1
131,9,810,768,304,200,1,-1,-1,-1
131,10,2108,538,184,156,1,-1,-1,-1
131,11,1549,607,298,269,1,-1,-1,-1
132,1,1282,778,176,106,1,-1,-1,-1
132,3,1683,619,208,224,1,-1,-1,-1
132,5,1287,723,165,243,1,-1,-1,-1
132,7,1022,889,291,146,1,-1,-1,-1
132,8,1173,744,312,236,1,-1,-1,-1
132,9,783,782,304,200,1,-1,-1,-1
132,10,2139,531,184,156,1,-1,-1,-1
132,11,1548,613,298,269,1,-1,-1,-1
133,1,1248,783,176,106,1,-1,-1,-1
133,3,1686,625,208,224,1,-1,-1,-1
133,5,1254,719,174,255,1,-1,-1,-1
133,7,976,874,291,146,1,-1,-1,-1
133,8,1107,751,328,248,1,-1,-1,-1
133,9,760,797,304,200,1,-1,-1,-1
133,10,2170,524,184,156,1,-1,-1,-1
133,11,1543,616,313,282,1,-1,-1,-1
134,1,1226,786,176,106,1,-1,-1,-1
134,3,1689,632,208,224,1,-1,-1,-1
134,5,1222,737,174,255,1,-1,-1,-1
134,7,958,889,277,139,1,-1,-1,-1
134,8,1088,761,328,248,1,-1,-1,-1
134,9,744,798,319,210,1,-1,-1,-1
134,10,2197,523,175,149,1,-1,-1,-1
134,11,1540,631,298,269,1,-1,-1,-1
135,1,1192,796,176,106,1,-1,-1,-1
135,3,1691,639,208,224,1,-1,-1,-1
135,5,1207,747,165,243,1,-1,-1,-1
135,7,926,885,277,139,1,-1,-1,-1
135,8,1067,774,328,248,1,-1,-1,-1
135,9,715,802,319,210,1,-1,-1,-1
135,10,2232,521,175,149,1,-1,-1,-1
135,11,1530,634,298,269,1,-1,-1,-1
136,1,1174,810,176,106,1,-1,-1,-1
136,3,1700,639,208,224,1,-1,-1,-1
136,5,1184,747,165,243,1,-1,-1,-1
136,7,890,881,277,139,1,-1,-1,-1
136,8,1044,785,328,248,1,-1,-1,-1
136,9,670,802,319,210,1,-1,-1,-1
136,10,2269,514,175,149,1,-1,-1,-1
136,11,1519,644,298,269,1,-1,-1,-1
137,1,1174,810,176,106,1,-1,-1,-1
137,3,1700,639,208,224,1,-1,-1,-1
137,5,1184,747,165,243,1,-1,-1,-1
137,7,890,881,277,139,1,-1,-1,-1
137,8,972,812,360,196,1,-1,-1,-1
137,9,664,760,296,244,1,-1,-1,-1
137,10,2268,504,180,136,1,-1,-1,-1
137,11,1519,644,298,269,1,-1,-1,-1
137,12,320,880,68,64,1,-1,-1,-1
138,1,1115,834,176,106,1,-1,-1,-1
138,3,1699,643,208,224,1,-1,-1,-1
138,5,1230,756,157,232,1,-1,-1,-1
138,7,826,885,264,132,1,-1,-1,-1
138,8,959,823,343,187,1,-1,-1,-1
138,9,657,769,296,244,1,-1,-1,-1
138,10,2311,502,180,136,1,-1,-1,-1
138,11,1502,644,298,269,1,-1,-1,-1
138,12,304,882,68,64,1,-1,-1,-1
139,1,1078,852,176,106,1,-1,-1,-1
139,3,1701,655,208,224,1,-1,-1,-1
139,5,1228,763,157,232,1,-1,-1,-1
139,7,804,890,264,132,1,-1,-1,-1
139,8,924,846,343,187,1,-1,-1,-1
139,9,623,783,296,244,1,-1,-1,-1
139,10,2355,500,180,136,1,-1,-1,-1
139,11,1511,651,284,256,1,-1,-1,-1
140,1,1062,859,176,106,1,-1,-1,-1
140,3,1693,658,208,224,1,-1,-1,-1
140,5,1213,764,157,232,1,-1,-1,-1
140,7,788,897,264,132,1,-1,-1,-1
140,8,916,847,343,187,1,-1,-1,-1
140,9,612,790,296,244,1,-1,-1,-1
140,10,2377,499,180,136,1,-1,-1,-1
140,11,1519,664,270,244,1,-1,-1,-1
141,1,1028,879,176,106,1,-1,-1,-1
141,3,1680,661,208,224,1,-1,-1,-1
141,5,1170,781,157,232,1,-1,-1,-1
141,7,743,923,264,132,1,-1,-1,-1
141,8,886,862,327,178,1,-1,-1,-1
141,9,598,799,296,244,1,-1,-1,-1
141,10,2411,505,180,136,1,-1,-1,-1
141,11,1508,688,258,232,1,-1,-1,-1
142,1,1000,895,176,106,1,-1,-1,-1
142,3,1674,669,208,224,1,-1,-1,-1
142,5,1149,825,150,220,1,-1,-1,-1
142,7,661,929,264,132,1,-1,-1,-1
142,8,849,874,327,178,1,-1,-1,-1
142,9,569,806,296,244,1,-1,-1,-1
142,10,2449,514,171,130,1,-1,-1,-1
142,11,1503,711,258,232,1,-1,-1,-1
143,1,993,900,176,106,1,-1,-1,-1
143,3,1666,669,218,235,1,-1,-1,-1
143,5,1143,833,150,220,1,-1,-1,-1
143,7,667,934,264,132,1,-1,-1,-1
143,8,830,871,343,187,1,-1,-1,-1
143,9,544,809,296,244,1,-1,-1,-1
143,10,2474,526,171,130,1,-1,-1,-1
143,11,1503,717,258,232,1,-1,-1,-1
144,1,976,902,176,106,1,-1,-1,-1
144,3,1664,679,218,235,1,-1,-1,-1
144,5,1118,833,150,220,1,-1,-1,-1
144,7,649,959,251,126,1,-1,-1,-1
144,8,801,862,343,187,1,-1,-1,-1
144,9,517,811,296,244,1,-1,-1,-1
144,10,2444,494,163,123,1,-1,-1,-1
144,11,1500,722,258,232,1,-1,-1,-1
145,1,976,902,176,106,1,-1,-1,-1
145,3,1664,679,218,235,1,-1,-1,-1
145,5,1118,833,150,220,1,-1,-1,-1
145,7,649,959,251,126,1,-1,-1,-1
145,8,801,862,343,187,1,-1,-1,-1
145,9,517,811,296,244,1,-1,-1,-1
145,10,2444,494,163,123,1,-1,-1,-1
145,11,1500,722,258,232,1,-1,-1,-1
146,1,944,898,176,106,1,-1,-1,-1
146,3,1638,697,218,235,1,-1,-1,-1
146,5,1113,838,150,220,1,-1,-1,-1
146,7,656,987,251,126,1,-1,-1,-1
146,8,778,879,343,187,1,-1,-1,-1
146,9,499,817,296,244,1,-1,-1,-1
146,10,2473,511,163,123,1,-1,-1,-1
146,11,1493,727,258,232,1,-1,-1,-1
147,1,944,900,168,101,1,-1,-1,-1
147,3,1638,702,218,235,1,-1,-1,-1
147,5,1094,853,143,210,1,-1,-1,-1
147,7,678,1001,251,126,1,-1,-1,-1
147,8,773,884,343,187,1,-1,-1,-1
147,9,516,820,296,244,1,-1,-1,-1
147,10,2490,541,155,117,1,-1,-1,-1
147,11,1490,732,258,232,1,-1,-1,-1
148,1,949,901,160,96,1,-1,-1,-1
148,3,1642,705,218,235,1,-1,-1,-1
148,5,1096,861,143,210,1,-1,-1,-1
148,7,701,1009,251,126,1,-1,-1,-1
148,8,776,885,343,187,1,-1,-1,-1
148,9,519,815,296,244,1,-1,-1,-1
148,10,2481,533,163,123,1,-1,-1,-1
148,11,1495,734,258,232,1,-1,-1,-1
149,1,954,904,152,91,1,-1,-1,-1
149,3,1650,714,208,224,1,-1,-1,-1
149,5,1084,867,143,210,1,-1,-1,-1
149,7,727,1034,251,126,1,-1,-1,-1
149,8,776,888,343,187,1,-1,-1,-1
149,9,546,813,296,244,1,-1,-1,-1
149,10,2483,537,163,123,1,-1,-1,-1
149,11,1496,741,258,232,1,-1,-1,-1
150,1,948,905,152,91,1,-1,-1,-1
150,3,1657,719,208,224,1,-1,-1,-1
150,5,1077,858,150,220,1,-1,-1,-1
150,7,769,1045,239,120,1,-1,-1,-1
150,8,809,890,327,178,1,-1,-1,-1
150,9,585,809,282,232,1,-1,-1,-1
150,10,2488,564,155,117,1,-1,-1,-1
150,11,1510,752,245,221,1,-1,-1,-1
151,1,947,903,152,91,1,-1,-1,-1
151,3,1661,734,198,213,1,-1,-1,-1
151,5,1075,833,157,232,1,-1,-1,-1
151,7,764,1058,239,120,1,-1,-1,-1
151,8,799,879,343,187,1,-1,-1,-1
151,9,593,801,282,232,1,-1,-1,-1
151,10,2488,568,155,117,1,-1,-1,-1
151,11,1507,758,245,221,1,-1,-1,-1
152,1,948,902,152,91,1,-1,-1,-1
152,3,1659,737,198,213,1,-1,-1,-1
152,5,1067,834,150,220,1,-1,-1,-1
152,7,736,1078,239,120,1,-1,-1,-1
152,8,812,873,343,187,1,-1,-1,-1
152,9,612,799,282,232,1,-1,-1,-1
152,10,2497,556,148,112,1,-1,-1,-1
152,11,1499,767,245,221,1,-1,-1,-1
153,1,948,902,152,91,1,-1,-1,-1
153,3,1659,737,198,213,1,-1,-1,-1
153,5,1067,834,150,220,1,-1,-1,-1
153,7,736,1078,239,120,1,-1,-1,-1
153,8,812,873,343,187,1,-1,-1,-1
153,9,612,799,282,232,1,-1,-1,-1
153,10,2497,556,148,112,1,-1,-1,-1
153,11,1499,767,245,221,1,-1,-1,-1
154,1,922,897,152,91,1,-1,-1,-1
154,3,1635,721,198,213,1,-1,-1,-1
154,5,1047,781,150,220,1,-1,-1,-1
154,7,722,1081,251,126,1,-1,-1,-1
154,8,854,809,343,187,1,-1,-1,-1
154,9,651,756,282,232,1,-1,-1,-1
154,11,1505,730,245,221,1,-1,-1,-1
155,1,933,900,145,87,1,-1,-1,-1
155,3,1612,672,198,213,1,-1,-1,-1
155,5,1060,724,150,220,1,-1,-1,-1
155,7,657,1070,239,120,1,-1,-1,-1
155,8,835,772,343,187,1,-1,-1,-1
155,9,647,702,282,232,1,-1,-1,-1
155,11,1474,692,234,211,1,-1,-1,-1
156,1,931,907,145,87,1,-1,-1,-1
156,3,1624,623,208,224,1,-1,-1,-1
156,5,1050,680,150,220,1,-1,-1,-1
156,7,682,1077,239,120,1,-1,-1,-1
156,8,858,700,360,196,1,-1,-1,-1
156,9,674,679,282,232,1,-1,-1,-1
156,11,1458,613,234,211,1,-1,-1,-1
157,1,925,892,145,87,1,-1,-1,-1
157,3,1565,566,198,213,1,-1,-1,-1
157,5,1052,659,150,220,1,-1,-1,-1
157,7,705,1062,239,120,1,-1,-1,-1
157,8,815,688,343,187,1,-1,-1,-1
157,9,681,652,282,232,1,-1,-1,-1
157,11,1452,591,234,211,1,-1,-1,-1
158,1,855,894,145,87,1,-1,-1,-1
158,3,1541,535,198,213,1,-1,-1,-1
158,5,1061,609,150,220,1,-1,-1,-1
158,7,728,1087,239,120,1,-1,-1,-1
158,8,822,664,343,187,1,-1,-1,-1
158,9,717,616,296,244,1,-1,-1,-1
158,11,1433,563,234,211,1,-1,-1,-1
159,1,852,909,145,87,1,-1,-1,-1
159,3,1512,510,198,213,1,-1,-1,-1
159,5,1063,587,150,220,1,-1,-1,-1
159,7,685,1087,239,120,1,-1,-1,-1
159,8,819,673,327,178,1,-1,-1,-1
159,9,836,581,296,244,1,-1,-1,-1
159,11,1419,527,245,221,1,-1,-1,-1
160,1,872,897,145,87,1,-1,-1,-1
160,3,1507,495,198,213,1,-1,-1,-1
160,5,1051,558,150,220,1,-1,-1,-1
160,7,711,1085,228,114,1,-1,-1,-1
160,8,849,676,311,169,1,-1,-1,-1
160,9,846,564,282,232,1,-1,-1,-1
160,11,1413,524,245,221,1,-1,-1,-1
161,1,872,897,145,87,1,-1,-1,-1
161,7,711,1085,228,114,1,-1,-1,-1
161,8,849,676,311,169,1,-1,-1,-1
161,9,846,564,282,232,1,-1,-1,-1
161,11,1413,524,245,221,1,-1,-1,-1
162,1,857,874,145,87,1,-1,-1,-1
162,7,754,1081,228,114,1,-1,-1,-1
162,9,966,601,268,221,1,-1,-1,-1
162,11,1376,478,245,221,1,-1,-1,-1
163,1,880,861,145,87,1,-1,-1,-1
163,7,681,1077,228,114,1,-1,-1,-1
163,9,1007,594,282,232,1,-1,-1,-1
163,11,1357,457,234,211,1,-1,-1,-1
164,1,849,868,145,87,1,-1,-1,-1
164,7,636,1062,228,114,1,-1,-1,-1
164,9,1065,591,282,232,1,-1,-1,-1
164,11,1349,461,234,211,1,-1,-1,-1
165,1,873,856,138,83,1,-1,-1,-1
165,7,634,1055,228,114,1,-1,-1,-1
165,9,1122,588,296,244,1,-1,-1,-1
165,11,1362,470,223,201,1,-1,-1,-1
166,1,876,851,138,83,1,-1,-1,-1
166,7,664,1046,228,114,1,-1,-1,-1
166,9,1159,587,296,244,1,-1,-1,-1
166,11,1357,470,223,201,1,-1,-1,-1
167,1,845,863,138,83,1,-1,-1,-1
167,7,635,1051,217,109,1,-1,-1,-1
167,9,1198,583,282,232,1,-1,-1,-1
167,11,1354,468,223,201,1,-1,-1,-1
168,1,847,857,138,83,1,-1,-1,-1
168,7,618,1042,217,109,1,-1,-1,-1
168,9,1251,582,268,221,1,-1,-1,-1
168,11,1365,467,223,201,1,-1,-1,-1
169,1,847,857,138,83,1,-1,-1,-1
169,7,618,1042,217,109,1,-1,-1,-1
169,9,1251,582,268,221,1,-1,-1,-1
169,11,1365,467,223,201,1,-1,-1,-1
169,13,2356,388,136,88,1,-1,-1,-1
170,1,852,852,138,83,1,-1,-1,-1
170,7,609,1046,207,103,1,-1,-1,-1
170,9,1311,586,268,221,1,-1,-1,-1
170,11,1360,479,212,191,1,-1,-1,-1
170,13,2358,393,136,88,1,-1,-1,-1
171,1,864,840,138,83,1,-1,-1,-1
171,7,651,1050,207,103,1,-1,-1,-1
171,9,1372,584,256,211,1,-1,-1,-1
171,11,1331,500,202,182,1,-1,-1,-1
171,13,2359,403,136,88,1,-1,-1,-1
172,1,878,835,138,83,1,-1,-1,-1
172,7,693,1050,207,103,1,-1,-1,-1
172,9,1397,593,244,201,1,-1,-1,-1
172,11,1358,513,192,173,1,-1,-1,-1
172,13,2355,407,143,92,1,-1,-1,-1
173,1,866,845,131,79,1,-1,-1,-1
173,7,733,1062,207,103,1,-1,-1,-1
173,9,1448,602,232,191,1,-1,-1,-1
173,11,1401,533,183,165,1,-1,-1,-1
173,13,2360,416,143,92,1,-1,-1,-1
174,1,865,840,131,79,1,-1,-1,-1
174,7,759,1058,217,109,1,-1,-1,-1
174,9,1495,609,232,191,1,-1,-1,-1
174,11,1352,549,174,157,1,-1,-1,-1
174,13,2344,431,150,97,1,-1,-1,-1
175,1,872,835,138,83,1,-1,-1,-1
175,7,785,1073,217,109,1,-1,-1,-1
175,9,1512,603,244,201,1,-1,-1,-1
175,11,1367,553,174,157,1,-1,-1,-1
175,13,2342,444,150,97,1,-1,-1,-1
176,1,867,835,145,87,1,-1,-1,-1
176,7,827,1079,217,109,1,-1,-1,-1
176,9,1555,625,244,201,1,-1,-1,-1
176,11,1368,570,174,157,1,-1,-1,-1
176,13,2328,458,157,102,1,-1,-1,-1
177,1,867,835,145,87,1,-1,-1,-1
177,7,827,1079,217,109,1,-1,-1,-1
177,9,1555,625,244,201,1,-1,-1,-1
177,11,1368,570,174,157,1,-1,-1,-1
177,13,2328,458,157,102,1,-1,-1,-1
178,1,857,837,138,83,1,-1,-1,-1
178,7,795,1079,207,103,1,-1,-1,-1
178,9,1623,627,256,211,1,-1,-1,-1
178,11,1357,589,174,157,1,-1,-1,-1
178,13,2309,489,165,107,1,-1,-1,-1
179,1,813,835,145,87,1,-1,-1,-1
179,7,791,1067,217,109,1,-1,-1,-1
179,9,1661,649,244,201,1,-1,-1,-1
179,11,1353,604,174,157,1,-1,-1,-1
179,13,2293,514,165,107,1,-1,-1,-1
180,1,826,850,145,87,1,-1,-1,-1
180,7,819,1067,217,109,1,-1,-1,-1
180,9,1691,668,244,201,1,-1,-1,-1
180,11,1348,620,174,157,1,-1,-1,-1
180,13,2278,536,165,107,1,-1,-1,-1
181,1,852,856,145,87,1,-1,-1,-1
181,7,867,1071,207,103,1,-1,-1,-1
181,9,1716,672,244,201,1,-1,-1,-1
181,11,1341,622,183,165,1,-1,-1,-1
181,13,2278,554,157,102,1,-1,-1,-1
182,1,848,860,145,87,1,-1,-1,-1
182,7,879,1082,217,109,1,-1,-1,-1
182,9,1766,675,244,201,1,-1,-1,-1
182,11,1342,636,183,165,1,-1,-1,-1
182,13,2262,572,157,102,1,-1,-1,-1
183,1,883,874,138,83,1,-1,-1,-1
183,7,941,1096,217,109,1,-1,-1,-1
183,9,1807,689,244,201,1,-1,-1,-1
183,11,1335,653,174,157,1,-1,-1,-1
183,13,2252,592,157,102,1,-1,-1,-1
184,1,907,882,138,83,1,-1,-1,-1
184,7,968,1107,217,109,1,-1,-1,-1
184,9,1829,701,244,201,1,-1,-1,-1
184,11,1332,657,174,157,1,-1,-1,-1
184,13,2245,607,150,97,1,-1,-1,-1
185,1,907,882,138,83,1,-1,-1,-1
185,7,968,1107,217,109,1,-1,-1,-1
185,9,1829,701,244,201,1,-1,-1,-1
185,11,1332,657,174,157,1,-1,-1,-1
185,13,2245,607,150,97,1,-1,-1,-1
186,1,881,888,131,79,1,-1,-1,-1
186,7,978,1100,228,114,1,-1,-1,-1
186,9,1899,723,244,201,1,-1,-1,-1
186,11,1419,651,174,157,1,-1,-1,-1
186,13,2218,650,150,97,1,-1,-1,-1
187,1,888,884,125,75,1,-1,-1,-1
187,7,981,1094,228,114,1,-1,-1,-1
187,9,1929,737,232,191,1,-1,-1,-1
187,11,1420,656,174,157,1,-1,-1,-1
187,13,2210,663,150,97,1,-1,-1,-1
188,1,883,875,125,75,1,-1,-1,-1
188,7,985,1096,228,114,1,-1,-1,-1
188,9,1973,746,232,191,1,-1,-1,-1
188,11,1420,680,166,150,1,-1,-1,-1
188,13,2197,685,150,97,1,-1,-1,-1
189,1,857,878,125,75,1,-1,-1,-1
189,7,936,1111,228,114,1,-1,-1,-1
189,9,2003,764,232,191,1,-1,-1,-1
189,11,1414,700,166,150,1,-1,-1,-1
189,13,2181,707,150,97,1,-1,-1,-1
190,1,849,878,125,75,1,-1,-1,-1
190,7,933,1113,228,114,1,-1,-1,-1
190,9,2021,768,244,201,1,-1,-1,-1
190,11,1415,706,166,150,1,-1,-1,-1
190,13,2172,720,150,97,1,-1,-1,-1
191,1,850,875,131,79,1,-1,-1,-1
191,7,941,1121,228,114,1,-1,-1,-1
191,9,2062,779,244,201,1,-1,-1,-1
191,11,1411,723,166,150,1,-1,-1,-1
191,13,2159,734,150,97,1,-1,-1,-1
192,7,972,1136,217,109,1,-1,-1,-1
192,9,2108,782,256,211,1,-1,-1,-1
192,11,1407,738,166,150,1,-1,-1,-1
192,13,2150,752,143,92,1,-1,-1,-1
193,7,972,1136,217,109,1,-1,-1,-1
193,9,2108,782,256,211,1,-1,-1,-1
193,11,1407,738,166,150,1,-1,-1,-1
193,13,2150,752,143,92,1,-1,-1,-1
193,14,1164,736,140,140,1,-1,-1,-1
193,15,868,788,232,144,1,-1,-1,-1
193,16,2188,776,104,84,1,-1,-1,-1
193,17,1484,652,192,112,1,-1,-1,-1
193,18,1332,776,164,108,1,-1,-1,-1
193,19,788,680,128,112,1,-1,-1,-1
194,7,971,1132,228,114,1,-1,-1,-1
194,9,2164,793,256,211,1,-1,-1,-1
194,11,1401,753,166,150,1,-1,-1,-1
194,13,2139,768,143,92,1,-1,-1,-1
194,14,1166,736,140,140,1,-1,-1,-1
194,15,869,791,232,144,1,-1,-1,-1
194,16,2174,781,109,88,1,-1,-1,-1
194,17,1485,659,192,112,1,-1,-1,-1
194,18,1330,783,164,108,1,-1,-1,-1
194,19,792,680,128,112,1,-1,-1,-1
195,7,971,1132,228,114,1,-1,-1,-1
195,9,2212,799,244,201,1,-1,-1,-1
195,11,1400,763,158,143,1,-1,-1,-1
195,13,2127,773,143,92,1,-1,-1,-1
195,14,1168,743,140,140,1,-1,-1,-1
195,15,865,799,232,144,1,-1,-1,-1
195,16,2158,794,109,88,1,-1,-1,-1
195,17,1478,675,192,112,1,-1,-1,-1
195,18,1329,794,164,108,1,-1,-1,-1
195,19,793,676,128,112,1,-1,-1,-1
196,7,947,1128,239,120,1,-1,-1,-1
196,9,2231,803,244,201,1,-1,-1,-1
196,11,1399,765,158,143,1,-1,-1,-1
196,13,2123,783,143,92,1,-1,-1,-1
196,14,1170,748,140,140,1,-1,-1,-1
196,15,867,800,232,144,1,-1,-1,-1
196,16,2167,796,115,93,1,-1,-1,-1
196,17,1478,680,192,112,1,-1,-1,-1
196,18,1327,797,164,108,1,-1,-1,-1
196,19,793,674,128,112,1,-1,-1,-1
197,7,934,1117,228,114,1,-1,-1,-1
197,9,2267,812,232,191,1,-1,-1,-1
197,11,1397,769,158,143,1,-1,-1,-1
197,13,2112,786,143,92,1,-1,-1,-1
197,14,1172,751,140,140,1,-1,-1,-1
197,15,862,805,232,144,1,-1,-1,-1
197,16,2154,805,115,93,1,-1,-1,-1
197,17,1474,683,192,112,1,-1,-1,-1
197,18,1327,806,164,108,1,-1,-1,-1
197,19,799,659,134,118,1,-1,-1,-1
198,7,961,1114,239,120,1,-1,-1,-1
198,9,2314,816,232,191,1,-1,-1,-1
198,11,1391,771,158,143,1,-1,-1,-1
198,13,2104,795,143,92,1,-1,-1,-1
198,14,1176,756,140,140,1,-1,-1,-1
198,15,865,812,232,144,1,-1,-1,-1
198,16,2156,810,109,88,1,-1,-1,-1
198,17,1469,683,192,112,1,-1,-1,-1
198,18,1324,813,164,108,1,-1,-1,-1
198,19,809,646,141,123,1,-1,-1,-1
199,7,948,1115,239,120,1,-1,-1,-1
199,9,2335,817,232,191,1,-1,-1,-1
199,11,1389,771,158,143,1,-1,-1,-1
199,13,2101,796,143,92,1,-1,-1,-1
199,14,1177,758,140,140,1,-1,-1,-1
199,15,863,810,244,151,1,-1,-1,-1
199,16,2152,811,109,88,1,-1,-1,-1
199,17,1470,683,192,112,1,-1,-1,-1
199,18,1323,815,164,108,1,-1,-1,-1
199,19,809,643,141,123,1,-1,-1,-1
200,7,899,1113,239,120,1,-1,-1,-1
200,9,2378,815,244,201,1,-1,-1,-1
200,11,1386,775,158,143,1,-1,-1,-1
200,13,2091,801,150,97,1,-1,-1,-1
200,14,1177,764,140,140,1,-1,-1,-1
200,15,841,811,244,151,1,-1,-1,-1
200,16,2145,818,109,88,1,-1,-1,-1
200,17,1469,678,192,112,1,-1,-1,-1
200,18,1319,819,164,108,1,-1,-1,-1
200,19,817,641,141,123,1,-1,-1,-1
201,7,899,1113,239,120,1,-1,-1,-1
201,9,2378,815,244,201,1,-1,-1,-1
201,11,1384,772,184,164,1,-1,-1,-1
201,13,2092,804,140,120,1,-1,-1,-1
201,14,1172,780,160,128,1,-1,-1,-1
201,15,852,816,172,148,1,-1,-1,-1
201,16,2145,818,109,88,1,-1,-1,-1
201,17,1472,680,168,160,1,-1,-1,-1
201,18,1319,819,164,108,1,-1,-1,-1
201,19,796,632,164,148,1,-1,-1,-1
202,7,923,1118,239,120,1,-1,-1,-1
202,9,2438,822,232,191,1,-1,-1,-1
202,11,1384,774,184,164,1,-1,-1,-1
202,13,2091,805,140,120,1,-1,-1,-1
202,14,1177,781,160,128,1,-1,-1,-1
202,15,854,816,172,148,1,-1,-1,-1
202,16,2125,825,109,88,1,-1,-1,-1
202,17,1472,679,168,160,1,-1,-1,-1
202,18,1317,824,156,103,1,-1,-1,-1
202,19,800,629,164,148,1,-1,-1,-1
203,7,925,1116,239,120,1,-1,-1,-1
203,9,2479,822,232,191,1,-1,-1,-1
203,11,1385,777,184,164,1,-1,-1,-1
203,13,2086,810,140,120,1,-1,-1,-1
203,14,1177,783,160,128,1,-1,-1,-1
203,15,854,819,172,148,1,-1,-1,-1
203,16,2117,828,109,88,1,-1,-1,-1
203,17,1473,678,168,160,1,-1,-1,-1
203,18,1316,824,156,103,1,-1,-1,-1
203,19,813,624,164,148,1,-1,-1,-1
204,7,914,1128,239,120,1,-1,-1,-1
204,9,2488,815,244,201,1,-1,-1,-1
204,11,1387,781,184,164,1,-1,-1,-1
204,13,2077,817,140,120,1,-1,-1,-1
204,14,1183,784,160,128,1,-1,-1,-1
204,15,859,823,172,148,1,-1,-1,-1
204,16,2115,837,109,88,1,-1,-1,-1
204,17,1475,679,168,160,1,-1,-1,-1
204,18,1316,825,156,103,1,-1,-1,-1
204,19,817,611,164,148,1,-1,-1,-1
205,7,892,1126,239,120,1,-1,-1,-1
205,11,1388,783,184,164,1,-1,-1,-1
205,13,2075,821,140,120,1,-1,-1,-1
205,14,1188,785,160,128,1,-1,-1,-1
205,15,862,819,172,148,1,-1,-1,-1
205,16,2113,840,109,88,1,-1,-1,-1
205,17,1479,679,168,160,1,-1,-1,-1
205,18,1320,828,149,98,1,-1,-1,-1
205,19,826,611,164,148,1,-1,-1,-1
206,7,890,1120,251,126,1,-1,-1,-1
206,11,1391,783,184,164,1,-1,-1,-1
206,13,2078,831,140,120,1,-1,-1,-1
206,14,1194,786,152,122,1,-1,-1,-1
206,15,861,807,181,155,1,-1,-1,-1
206,16,2105,846,109,88,1,-1,-1,-1
206,17,1484,682,168,160,1,-1,-1,-1
206,18,1320,829,149,98,1,-1,-1,-1
206,19,834,600,164,148,1,-1,-1,-1
207,7,903,1125,251,126,1,-1,-1,-1
207,11,1389,782,184,164,1,-1,-1,-1
207,13,2082,834,133,114,1,-1,-1,-1
207,14,1197,783,152,122,1,-1,-1,-1
207,15,865,800,181,155,1,-1,-1,-1
207,16,2105,848,109,88,1,-1,-1,-1
207,17,1484,681,168,160,1,-1,-1,-1
207,18,1322,832,149,98,1,-1,-1,-1
207,19,848,599,164,148,1,-1,-1,-1
208,7,921,1117,264,132,1,-1,-1,-1
208,11,1393,785,175,156,1,-1,-1,-1
208,13,2079,834,133,114,1,-1,-1,-1
208,14,1196,782,152,122,1,-1,-1,-1
208,15,866,798,181,155,1,-1,-1,-1
208,16,2105,848,109,88,1,-1,-1,-1
208,17,1480,666,176,168,1,-1,-1,-1
208,18,1323,836,149,98,1,-1,-1,-1
208,19,847,592,156,141,1,-1,-1,-1
209,7,921,1117,264,132,1,-1,-1,-1
209,11,1393,785,175,156,1,-1,-1,-1
209,13,2079,834,133,114,1,-1,-1,-1
209,14,1220,756,144,136,1,-1,-1,-1
209,15,876,776,196,156,1,-1,-1,-1
209,16,2105,848,109,88,1,-1,-1,-1
209,17,1480,666,176,168,1,-1,-1,-1
209,18,1323,836,149,98,1,-1,-1,-1
209,19,888,564,116,148,1,-1,-1,-1
209,20,1500,660,128,120,1,-1,-1,-1
209,21,836,344,160,88,1,-1,-1,-1
210,7,978,1111,277,139,1,-1,-1,-1
210,11,1398,786,175,156,1,-1,-1,-1
210,13,2076,843,133,114,1,-1,-1,-1
210,14,1228,754,144,136,1,-1,-1,-1
210,15,887,779,187,149,1,-1,-1,-1
210,16,2096,855,109,88,1,-1,-1,-1
210,17,1481,635,176,168,1,-1,-1,-1
210,18,1328,841,149,98,1,-1,-1,-1
210,19,902,555,116,148,1,-1,-1,-1
210,20,1502,652,128,120,1,-1,-1,-1
210,21,879,345,160,88,1,-1,-1,-1
211,7,1008,1109,277,139,1,-1,-1,-1
211,11,1400,787,175,156,1,-1,-1,-1
211,13,2079,845,127,109,1,-1,-1,-1
211,14,1230,754,144,136,1,-1,-1,-1
211,15,890,778,187,149,1,-1,-1,-1
211,16,2097,860,104,84,1,-1,-1,-1
211,17,1487,630,176,168,1,-1,-1,-1
211,18,1332,844,149,98,1,-1,-1,-1
211,19,908,550,116,148,1,-1,-1,-1
211,20,1504,650,128,120,1,-1,-1,-1
211,21,900,346,160,88,1,-1,-1,-1
212,7,1053,1110,264,132,1,-1,-1,-1
212,11,1406,795,175,156,1,-1,-1,-1
212,13,2075,847,127,109,1,-1,-1,-1
212,14,1242,755,144,136,1,-1,-1,-1
212,15,896,776,187,149,1,-1,-1,-1
212,16,2097,863,104,84,1,-1,-1,-1
212,17,1494,626,176,168,1,-1,-1,-1
212,18,1338,857,142,93,1,-1,-1,-1
212,19,924,549,110,141,1,-1,-1,-1
212,20,1504,638,128,120,1,-1,-1,-1
212,21,942,349,160,88,1,-1,-1,-1
213,7,1031,1086,277,139,1,-1,-1,-1
213,11,1410,802,175,156,1,-1,-1,-1
213,13,2076,853,121,104,1,-1,-1,-1
213,14,1251,758,144,136,1,-1,-1,-1
213,15,901,771,187,149,1,-1,-1,-1
213,16,2098,868,104,84,1,-1,-1,-1
213,17,1492,615,176,168,1,-1,-1,-1
213,18,1339,857,142,93,1,-1,-1,-1
213,19,937,547,110,141,1,-1,-1,-1
213,20,1512,635,128,120,1,-1,-1,-1
213,21,984,353,160,88,1,-1,-1,-1
214,7,1035,1075,277,139,1,-1,-1,-1
214,11,1413,802,175,156,1,-1,-1,-1
214,13,2073,854,121,104,1,-1,-1,-1
214,14,1254,760,144,136,1,-1,-1,-1
214,15,906,765,187,149,1,-1,-1,-1
214,16,2094,869,104,84,1,-1,-1,-1
214,17,1493,613,176,168,1,-1,-1,-1
214,18,1339,853,142,93,1,-1,-1,-1
214,19,947,544,110,141,1,-1,-1,-1
214,20,1507,623,134,126,1,-1,-1,-1
214,21,1003,355,160,88,1,-1,-1,-1
215,7,1055,1077,277,139,1,-1,-1,-1
215,11,1406,803,184,164,1,-1,-1,-1
215,13,2068,858,115,99,1,-1,-1,-1
215,14,1254,752,144,136,1,-1,-1,-1
215,15,918,762,187,149,1,-1,-1,-1
215,16,2091,868,104,84,1,-1,-1,-1
215,17,1503,612,176,168,1,-1,-1,-1
215,18,1342,851,142,93,1,-1,-1,-1
215,19,958,538,116,148,1,-1,-1,-1
215,20,1496,607,134,126,1,-1,-1,-1
215,21,1045,358,160,88,1,-1,-1,-1
216,7,1091,1082,277,139,1,-1,-1,-1
216,11,1411,805,184,164,1,-1,-1,-1
216,13,2071,865,115,99,1,-1,-1,-1
216,14,1256,741,144,136,1,-1,-1,-1
216,15,916,745,187,149,1,-1,-1,-1
216,16,2088,874,104,84,1,-1,-1,-1
216,17,1499,593,176,168,1,-1,-1,-1
216,18,1346,846,142,93,1,-1,-1,-1
216,19,971,532,122,155,1,-1,-1,-1
216,20,1507,602,141,132,1,-1,-1,-1
216,21,1084,361,160,88,1,-1,-1,-1
217,7,1091,1082,277,139,1,-1,-1,-1
217,11,1444,820,160,152,1,-1,-1,-1
217,13,2044,844,136,108,1,-1,-1,-1
217,14,1256,740,124,124,1,-1,-1,-1
217,15,920,740,160,156,1,-1,-1,-1
217,16,2088,874,104,84,1,-1,-1,-1
217,17,1496,604,184,132,1,-1,-1,-1
217,18,1340,844,136,128,1,-1,-1,-1
217,19,960,520,144,156,1,-1,-1,-1
217,20,1507,602,141,132,1,-1,-1,-1
217,21,1084,361,160,88,1,-1,-1,-1
218,7,1094,1079,291,146,1,-1,-1,-1
218,11,1451,820,160,152,1,-1,-1,-1
218,13,2041,850,136,108,1,-1,-1,-1
218,14,1256,731,124,124,1,-1,-1,-1
218,15,921,730,160,156,1,-1,-1,-1
218,16,2079,885,109,88,1,-1,-1,-1
218,17,1508,603,175,126,1,-1,-1,-1
218,18,1347,842,136,128,1,-1,-1,-1
218,19,979,525,137,149,1,-1,-1,-1
218,20,1512,589,141,132,1,-1,-1,-1
218,21,1145,368,160,88,1,-1,-1,-1
219,7,1095,1083,291,146,1,-1,-1,-1
219,11,1457,814,160,152,1,-1,-1,-1
219,13,2038,859,136,108,1,-1,-1,-1
219,14,1261,723,124,124,1,-1,-1,-1
219,15,932,726,160,156,1,-1,-1,-1
219,16,2082,893,109,88,1,-1,-1,-1
219,17,1507,599,175,126,1,-1,-1,-1
219,18,1351,836,136,128,1,-1,-1,-1
219,19,992,522,137,149,1,-1,-1,-1
219,20,1516,585,141,132,1,-1,-1,-1
219,21,1185,371,160,88,1,-1,-1,-1
220,7,1035,1086,291,146,1,-1,-1,-1
220,11,1458,812,160,152,1,-1,-1,-1
220,13,2037,862,136,108,1,-1,-1,-1
220,14,1264,721,124,124,1,-1,-1,-1
220,15,936,724,160,156,1,-1,-1,-1
220,16,2085,895,104,84,1,-1,-1,-1
220,17,1511,596,175,126,1,-1,-1,-1
220,18,1349,832,143,134,1,-1,-1,-1
220,19,1001,523,137,149,1,-1,-1,-1
220,20,1520,585,141,132,1,-1,-1,-1
220,21,1203,375,160,88,1,-1,-1,-1
221,7,1020,1091,277,139,1,-1,-1,-1
221,11,1467,807,152,145,1,-1,-1,-1
221,13,2031,864,143,113,1,-1,-1,-1
221,14,1269,716,130,130,1,-1,-1,-1
221,15,949,723,160,156,1,-1,-1,-1
221,16,2081,897,104,84,1,-1,-1,-1
221,17,1515,592,175,126,1,-1,-1,-1
221,18,1353,834,143,134,1,-1,-1,-1
221,19,1015,519,137,149,1,-1,-1,-1
221,20,1530,581,141,132,1,-1,-1,-1
221,21,1246,380,160,88,1,-1,-1,-1
222,7,996,1089,277,139,1,-1,-1,-1
222,11,1473,804,152,145,1,-1,-1,-1
222,13,2030,870,143,113,1,-1,-1,-1
222,14,1277,712,130,130,1,-1,-1,-1
222,15,959,720,160,156,1,-1,-1,-1
222,16,2077,901,104,84,1,-1,-1,-1
222,17,1527,588,175,126,1,-1,-1,-1
222,18,1359,838,143,134,1,-1,-1,-1
222,19,1026,518,137,149,1,-1,-1,-1
222,20,1530,578,141,132,1,-1,-1,-1
222,21,1285,386,160,88,1,-1,-1,-1
223,7,1017,1091,264,132,1,-1,-1,-1
223,11,1474,803,152,145,1,-1,-1,-1
223,13,2029,872,143,113,1,-1,-1,-1
223,14,1278,705,137,137,1,-1,-1,-1
223,15,963,718,160,156,1,-1,-1,-1
223,16,2072,905,99,80,1,-1,-1,-1
223,17,1529,585,175,126,1,-1,-1,-1
223,18,1357,835,150,141,1,-1,-1,-1
223,19,1033,513,137,149,1,-1,-1,-1
223,20,1536,578,141,132,1,-1,-1,-1
223,21,1304,389,160,88,1,-1,-1,-1
224,7,1035,1091,264,132,1,-1,-1,-1
224,11,1475,799,152,145,1,-1,-1,-1
224,13,2031,876,136,108,1,-1,-1,-1
224,14,1286,702,137,137,1,-1,-1,-1
224,15,974,719,160,156,1,-1,-1,-1
224,16,2076,908,99,80,1,-1,-1,-1
224,17,1534,585,167,120,1,-1,-1,-1
224,18,1359,825,150,141,1,-1,-1,-1
224,19,1047,505,144,156,1,-1,-1,-1
224,20,1546,578,134,126,1,-1,-1,-1
224,21,1345,392,160,88,1,-1,-1,-1
225,7,1035,1091,264,132,1,-1,-1,-1
225,11,1492,784,168,204,1,-1,-1,-1
225,13,2032,872,136,136,1,-1,-1,-1
225,14,1300,704,132,124,1,-1,-1,-1
225,15,980,684,156,172,1,-1,-1,-1
225,16,2076,908,99,80,1,-1,-1,-1
225,17,1534,585,167,120,1,-1,-1,-1
225,18,1359,825,150,141,1,-1,-1,-1
225,19,1080,508,116,136,1,-1,-1,-1
225,20,1544,556,140,156,1,-1,-1,-1
225,21,1384,396,160,88,1,-1,-1,-1
226,7,1033,1091,264,132,1,-1,-1,-1
226,11,1498,785,168,204,1,-1,-1,-1
226,13,2033,874,136,136,1,-1,-1,-1
226,14,1303,703,132,124,1,-1,-1,-1
226,15,986,681,156,172,1,-1,-1,-1
226,16,2073,910,99,80,1,-1,-1,-1
226,17,1540,584,167,120,1,-1,-1,-1
226,18,1372,818,150,141,1,-1,-1,-1
226,19,1088,508,116,136,1,-1,-1,-1
226,20,1550,557,140,156,1,-1,-1,-1
226,21,1403,398,160,88,1,-1,-1,-1
227,7,1012,1092,277,139,1,-1,-1,-1
227,11,1509,785,168,204,1,-1,-1,-1
227,13,2029,879,136,136,1,-1,-1,-1
227,14,1310,697,132,124,1,-1,-1,-1
227,15,995,674,156,172,1,-1,-1,-1
227,16,2071,915,99,80,1,-1,-1,-1
227,17,1547,582,159,114,1,-1,-1,-1
227,18,1379,812,143,134,1,-1,-1,-1
227,19,1102,509,116,136,1,-1,-1,-1
227,20,1552,554,140,156,1,-1,-1,-1
227,21,1442,404,160,88,1,-1,-1,-1
228,7,1025,1101,277,139,1,-1,-1,-1
228,11,1522,781,168,204,1,-1,-1,-1
228,13,2029,885,136,136,1,-1,-1,-1
228,14,1315,696,132,124,1,-1,-1,-1
228,15,1000,669,156,172,1,-1,-1,-1
228,16,2069,924,99,80,1,-1,-1,-1
228,17,1550,582,159,114,1,-1,-1,-1
228,18,1386,805,143,134,1,-1,-1,-1
228,19,1116,511,116,136,1,-1,-1,-1
228,20,1556,559,133,149,1,-1,-1,-1
228,21,1479,409,160,88,1,-1,-1,-1
229,7,1046,1102,277,139,1,-1,-1,-1
229,11,1526,776,168,204,1,-1,-1,-1
229,13,2028,888,136,136,1,-1,-1,-1
229,14,1318,693,132,124,1,-1,-1,-1
229,15,1005,667,156,172,1,-1,-1,-1
229,16,2070,925,99,80,1,-1,-1,-1
229,17,1555,584,159,114,1,-1,-1,-1
229,18,1388,805,143,134,1,-1,-1,-1
229,19,1125,513,116,136,1,-1,-1,-1
229,20,1560,561,133,149,1,-1,-1,-1
229,21,1499,412,160,88,1,-1,-1,-1
230,7,1047,1099,291,146,1,-1,-1,-1
230,11,1526,759,168,204,1,-1,-1,-1
230,13,2024,893,136,136,1,-1,-1,-1
230,14,1324,689,132,124,1,-1,-1,-1
230,15,1013,661,156,172,1,-1,-1,-1
230,16,2065,928,99,80,1,-1,-1,-1
230,17,1559,585,151,109,1,-1,-1,-1
230,18,1392,796,143,134,1,-1,-1,-1
230,19,1135,513,116,136,1,-1,-1,-1
230,20,1561,556,133,149,1,-1,-1,-1
230,21,1535,416,160,88,1,-1,-1,-1
231,7,1106,1101,291,146,1,-1,-1,-1
231,11,1542,753,168,204,1,-1,-1,-1
231,13,2024,897,136,136,1,-1,-1,-1
231,14,1333,687,132,124,1,-1,-1,-1
231,15,1023,659,156,172,1,-1,-1,-1
231,16,2064,930,99,80,1,-1,-1,-1
231,17,1569,585,151,109,1,-1,-1,-1
231,18,1399,791,143,134,1,-1,-1,-1
231,19,1151,508,116,136,1,-1,-1,-1
231,20,1570,556,133,149,1,-1,-1,-1
231,21,1574,420,160,88,1,-1,-1,-1
232,7,1148,1100,291,146,1,-1,-1,-1
232,11,1543,747,168,204,1,-1,-1,-1
232,13,2023,903,136,136,1,-1,-1,-1
232,14,1338,688,126,118,1,-1,-1,-1
232,15,1027,658,156,172,1,-1,-1,-1
232,16,2066,934,94,76,1,-1,-1,-1
232,17,1568,582,151,109,1,-1,-1,-1
232,18,1402,793,143,134,1,-1,-1,-1
232,19,1156,506,116,136,1,-1,-1,-1
232,20,1568,554,133,149,1,-1,-1,-1
232,21,1592,424,160,88,1,-1,-1,-1
233,7,1148,1100,291,146,1,-1,-1,-1
233,11,1552,748,128,144,1,-1,-1,-1
233,13,2024,924,136,128,1,-1,-1,-1
233,14,1344,680,148,120,1,-1,-1,-1
233,15,1036,676,188,172,1,-1,-1,-1
233,16,2066,934,94,76,1,-1,-1,-1
233,17,1580,564,132,128,1,-1,-1,-1
233,18,1404,796,160,116,1,-1,-1,-1
233,19,1164,508,148,148,1,-1,-1,-1
233,20,1568,554,133,149,1,-1,-1,-1
233,21,1592,424,160,88,1,-1,-1,-1
233,22,1636,432,160,96,1,-1,-1,-1
234,7,1143,1095,306,153,1,-1,-1,-1
234,11,1559,744,128,144,1,-1,-1,-1
234,13,2021,926,136,128,1,-1,-1,-1
234,14,1353,679,148,120,1,-1,-1,-1
234,15,1047,678,188,172,1,-1,-1,-1
234,16,2060,945,94,76,1,-1,-1,-1
234,17,1583,560,132,128,1,-1,-1,-1
234,18,1412,796,160,116,1,-1,-1,-1
234,19,1179,508,148,148,1,-1,-1,-1
234,20,1580,546,133,149,1,-1,-1,-1
234,21,1664,436,160,88,1,-1,-1,-1
234,22,1667,433,168,101,1,-1,-1,-1
235,7,1132,1095,306,153,1,-1,-1,-1
235,11,1563,743,128,144,1,-1,-1,-1
235,13,2022,927,136,128,1,-1,-1,-1
235,14,1352,676,148,120,1,-1,-1,-1
235,15,1050,674,188,172,1,-1,-1,-1
235,16,2055,948,90,73,1,-1,-1,-1
235,17,1585,558,132,128,1,-1,-1,-1
235,18,1406,787,168,122,1,-1,-1,-1
235,19,1186,507,148,148,1,-1,-1,-1
235,20,1582,543,133,149,1,-1,-1,-1
235,21,1683,439,160,88,1,-1,-1,-1
235,22,1685,437,168,101,1,-1,-1,-1
236,7,1133,1094,306,153,1,-1,-1,-1
236,11,1571,740,128,144,1,-1,-1,-1
236,13,2020,930,136,128,1,-1,-1,-1
236,14,1360,673,148,120,1,-1,-1,-1
236,15,1059,671,188,172,1,-1,-1,-1
236,16,2054,951,90,73,1,-1,-1,-1
236,17,1592,557,132,128,1,-1,-1,-1
236,18,1403,778,168,122,1,-1,-1,-1
236,19,1199,504,148,148,1,-1,-1,-1
236,20,1590,544,127,141,1,-1,-1,-1
236,21,1718,443,160,88,1,-1,-1,-1
236,22,1722,443,168,101,1,-1,-1,-1
237,7,1144,1097,306,153,1,-1,-1,-1
237,11,1581,735,128,144,1,-1,-1,-1
237,13,2022,925,136,128,1,-1,-1,-1
237,14,1369,664,141,114,1,-1,-1,-1
237,15,1080,675,179,164,1,-1,-1,-1
237,16,2049,953,90,73,1,-1,-1,-1
237,17,1595,553,132,128,1,-1,-1,-1
237,18,1412,771,168,122,1,-1,-1,-1
237,19,1213,502,148,148,1,-1,-1,-1
237,20,1596,541,127,141,1,-1,-1,-1
237,21,1757,448,160,88,1,-1,-1,-1
237,22,1759,446,168,101,1,-1,-1,-1
238,7,1168,1096,306,153,1,-1,-1,-1
238,11,1583,733,128,144,1,-1,-1,-1
238,13,2026,924,136,128,1,-1,-1,-1
238,14,1374,662,141,114,1,-1,-1,-1
238,15,1079,668,188,172,1,-1,-1,-1
238,16,2047,956,90,73,1,-1,-1,-1
238,17,1597,551,132,128,1,-1,-1,-1
238,18,1420,769,168,122,1,-1,-1,-1
238,19,1218,501,148,148,1,-1,-1,-1
238,20,1597,541,127,141,1,-1,-1,-1
238,21,1776,451,160,88,1,-1,-1,-1
238,22,1777,450,168,101,1,-1,-1,-1
239,7,1202,1097,306,153,1,-1,-1,-1
239,11,1591,732,128,144,1,-1,-1,-1
239,13,2071,940,136,128,1,-1,-1,-1
239,14,1389,662,134,109,1,-1,-1,-1
239,15,1084,660,188,172,1,-1,-1,-1
239,16,2048,959,86,69,1,-1,-1,-1
239,17,1604,550,132,128,1,-1,-1,-1
239,18,1424,762,168,122,1,-1,-1,-1
239,19,1231,505,148,148,1,-1,-1,-1
239,20,1602,540,127,141,1,-1,-1,-1
239,21,1810,456,160,88,1,-1,-1,-1
239,22,1809,452,176,106,1,-1,-1,-1
240,7,1230,1098,306,153,1,-1,-1,-1
240,11,1598,729,128,144,1,-1,-1,-1
240,13,2087,964,130,122,1,-1,-1,-1
240,14,1397,659,134,109,1,-1,-1,-1
240,15,1096,660,179,164,1,-1,-1,-1
240,16,2050,962,86,69,1,-1,-1,-1
240,17,1610,550,132,128,1,-1,-1,-1
240,18,1420,759,176,128,1,-1,-1,-1
240,19,1244,509,141,141,1,-1,-1,-1
240,20,1607,541,127,141,1,-1,-1,-1
240,21,1845,463,160,88,1,-1,-1,-1
240,22,1845,460,176,106,1,-1,-1,-1
241,11,1596,732,140,164,1,-1,-1,-1
241,13,2087,964,130,122,1,-1,-1,-1
241,14,1397,659,134,109,1,-1,-1,-1
241,15,1100,652,144,152,1,-1,-1,-1
241,16,2050,962,86,69,1,-1,-1,-1
241,17,1608,552,156,136,1,-1,-1,-1
241,18,1424,740,164,144,1,-1,-1,-1
241,19,1252,512,116,144,1,-1,-1,-1
241,20,1607,541,127,141,1,-1,-1,-1
241,21,1845,463,160,88,1,-1,-1,-1
241,22,1868,468,160,104,1,-1,-1,-1
241,23,2004,892,148,176,1,-1,-1,-1
242,11,1607,733,140,164,1,-1,-1,-1
242,13,2103,984,123,116,1,-1,-1,-1
242,14,1399,656,134,109,1,-1,-1,-1
242,15,1103,650,144,152,1,-1,-1,-1
242,16,2053,955,86,69,1,-1,-1,-1
242,17,1609,552,156,136,1,-1,-1,-1
242,18,1430,737,164,144,1,-1,-1,-1
242,19,1260,517,116,144,1,-1,-1,-1
242,20,1608,543,127,141,1,-1,-1,-1
242,21,1893,473,160,88,1,-1,-1,-1
242,22,1898,473,160,104,1,-1,-1,-1
242,23,2010,895,148,176,1,-1,-1,-1
243,11,1606,727,133,156,1,-1,-1,-1
243,13,2102,985,123,116,1,-1,-1,-1
243,14,1400,653,134,109,1,-1,-1,-1
243,15,1108,653,137,145,1,-1,-1,-1
243,16,2043,945,86,69,1,-1,-1,-1
243,17,1607,552,156,136,1,-1,-1,-1
243,18,1433,734,164,144,1,-1,-1,-1
243,19,1266,518,116,144,1,-1,-1,-1
243,20,1607,543,127,141,1,-1,-1,-1
243,21,1924,477,160,88,1,-1,-1,-1
243,22,1925,475,168,109,1,-1,-1,-1
243,23,1998,891,148,176,1,-1,-1,-1
244,11,1609,726,133,156,1,-1,-1,-1
244,13,2092,991,123,116,1,-1,-1,-1
244,14,1399,651,134,109,1,-1,-1,-1
244,15,1109,654,137,145,1,-1,-1,-1
244,16,2042,942,86,69,1,-1,-1,-1
244,17,1608,552,156,136,1,-1,-1,-1
244,18,1432,733,164,144,1,-1,-1,-1
244,19,1270,522,110,137,1,-1,-1,-1
244,20,1606,544,127,141,1,-1,-1,-1
244,21,1938,480,160,88,1,-1,-1,-1
244,22,1939,477,168,109,1,-1,-1,-1
244,23,1994,884,155,185,1,-1,-1,-1
245,11,1616,723,127,149,1,-1,-1,-1
245,13,2105,987,123,116,1,-1,-1,-1
245,14,1400,654,128,104,1,-1,-1,-1
245,15,1109,653,137,145,1,-1,-1,-1
245,16,2031,935,86,69,1,-1,-1,-1
245,17,1605,553,156,136,1,-1,-1,-1
245,18,1436,734,156,137,1,-1,-1,-1
245,19,1273,521,110,137,1,-1,-1,-1
245,20,1601,542,127,141,1,-1,-1,-1
245,21,1961,484,160,88,1,-1,-1,-1
245,22,1961,482,168,109,1,-1,-1,-1
245,23,1997,880,155,185,1,-1,-1,-1
246,11,1614,717,127,149,1,-1,-1,-1
246,13,2064,1012,123,116,1,-1,-1,-1
246,14,1401,654,128,104,1,-1,-1,-1
246,15,1107,655,137,145,1,-1,-1,-1
246,16,2026,924,86,69,1,-1,-1,-1
246,17,1595,548,164,143,1,-1,-1,-1
246,18,1434,732,156,137,1,-1,-1,-1
246,19,1274,521,110,137,1,-1,-1,-1
246,20,1595,537,133,149,1,-1,-1,-1
246,21,1984,489,160,88,1,-1,-1,-1
246,22,1984,487,168,109,1,-1,-1,-1
246,23,1982,866,148,176,1,-1,-1,-1
247,11,1615,712,127,149,1,-1,-1,-1
247,13,2065,1011,123,116,1,-1,-1,-1
247,14,1400,654,128,104,1,-1,-1,-1
247,15,1106,656,137,145,1,-1,-1,-1
247,16,2023,922,86,69,1,-1,-1,-1
247,17,1591,547,164,143,1,-1,-1,-1
247,18,1430,729,156,137,1,-1,-1,-1
247,19,1274,520,110,137,1,-1,-1,-1
247,20,1592,536,133,149,1,-1,-1,-1
247,21,1998,491,160,88,1,-1,-1,-1
247,22,2001,491,160,104,1,-1,-1,-1
247,23,1981,856,155,185,1,-1,-1,-1
248,11,1614,708,127,149,1,-1,-1,-1
248,13,2063,1013,123,116,1,-1,-1,-1
248,14,1398,652,128,104,1,-1,-1,-1
248,15,1106,657,137,145,1,-1,-1,-1
248,16,2011,914,86,69,1,-1,-1,-1
248,17,1583,541,164,143,1,-1,-1,-1
248,18,1414,714,156,137,1,-1,-1,-1
248,19,1277,517,110,137,1,-1,-1,-1
248,20,1587,531,133,149,1,-1,-1,-1
248,21,2018,495,160,88,1,-1,-1,-1
248,22,2021,497,160,104,1,-1,-1,-1
248,23,1956,843,155,185,1,-1,-1,-1
249,11,1620,692,108,140,1,-1,-1,-1
249,13,2063,1013,123,116,1,-1,-1,-1
249,14,1404,648,136,180,1,-1,-1,-1
249,15,1108,664,164,148,1,-1,-1,-1
249,16,2011,914,86,69,1,-1,-1,-1
249,17,1583,541,164,143,1,-1,-1,-1
249,18,1414,714,156,137,1,-1,-1,-1
249,19,1276,508,116,136,1,-1,-1,-1
249,20,1584,548,128,120,1,-1,-1,-1
249,21,2018,495,160,88,1,-1,-1,-1
249,22,2040,500,164,104,1,-1,-1,-1
249,23,1968,848,112,144,1,-1,-1,-1
250,11,1620,691,108,140,1,-1,-1,-1
250,13,2072,1015,123,116,1,-1,-1,-1
250,14,1405,651,130,171,1,-1,-1,-1
250,15,1109,665,164,148,1,-1,-1,-1
250,16,1996,899,86,69,1,-1,-1,-1
250,17,1573,542,156,136,1,-1,-1,-1
250,18,1397,700,156,137,1,-1,-1,-1
250,19,1275,508,116,136,1,-1,-1,-1
250,20,1579,547,128,120,1,-1,-1,-1
250,21,2049,500,160,88,1,-1,-1,-1
250,22,2049,501,164,104,1,-1,-1,-1
250,23,1966,847,112,144,1,-1,-1,-1
251,11,1611,686,113,147,1,-1,-1,-1
251,13,2084,1052,117,111,1,-1,-1,-1
251,14,1400,653,123,163,1,-1,-1,-1
251,15,1103,665,164,148,1,-1,-1,-1
251,16,1989,892,86,69,1,-1,-1,-1
251,17,1565,546,149,130,1,-1,-1,-1
251,18,1386,696,156,137,1,-1,-1,-1
251,19,1270,505,116,136,1,-1,-1,-1
251,20,1571,550,122,114,1,-1,-1,-1
251,21,2061,502,168,92,1,-1,-1,-1
251,22,2065,504,164,104,1,-1,-1,-1
251,23,1952,836,112,144,1,-1,-1,-1
252,11,1606,683,113,147,1,-1,-1,-1
252,13,2099,1069,112,105,1,-1,-1,-1
252,14,1394,650,123,163,1,-1,-1,-1
252,15,1097,663,164,148,1,-1,-1,-1
252,16,1976,881,86,69,1,-1,-1,-1
252,17,1557,549,149,130,1,-1,-1,-1
252,18,1380,698,149,131,1,-1,-1,-1
252,19,1268,503,116,136,1,-1,-1,-1
252,20,1562,552,122,114,1,-1,-1,-1
252,21,2081,505,168,92,1,-1,-1,-1
252,22,2085,508,164,104,1,-1,-1,-1
252,23,1945,831,107,137,1,-1,-1,-1
253,11,1605,680,113,147,1,-1,-1,-1
253,13,2118,1073,107,100,1,-1,-1,-1
253,14,1392,649,123,163,1,-1,-1,-1
253,15,1093,660,164,148,1,-1,-1,-1
253,16,1973,875,86,69,1,-1,-1,-1
253,17,1554,549,149,130,1,-1,-1,-1
253,18,1382,701,142,124,1,-1,-1,-1
253,19,1266,503,116,136,1,-1,-1,-1
253,20,1559,553,122,114,1,-1,-1,-1
253,21,2093,507,168,92,1,-1,-1,-1
253,22,2098,509,164,104,1,-1,-1,-1
253,23,1939,826,107,137,1,-1,-1,-1
254,11,1601,677,113,147,1,-1,-1,-1
254,13,2136,1071,107,100,1,-1,-1,-1
254,14,1387,648,123,163,1,-1,-1,-1
254,15,1088,657,172,155,1,-1,-1,-1
254,16,1962,865,86,69,1,-1,-1,-1
254,17,1546,551,149,130,1,-1,-1,-1
254,18,1372,699,142,124,1,-1,-1,-1
254,19,1264,504,116,136,1,-1,-1,-1
254,20,1550,554,122,114,1,-1,-1,-1
254,21,2111,511,168,92,1,-1,-1,-1
254,22,2115,512,164,104,1,-1,-1,-1
254,23,1930,819,102,131,1,-1,-1,-1
255,11,1598,676,113,147,1,-1,-1,-1
255,13,2158,1077,101,96,1,-1,-1,-1
255,14,1383,647,123,163,1,-1,-1,-1
255,15,1086,653,172,155,1,-1,-1,-1
255,16,1953,854,90,73,1,-1,-1,-1
255,17,1538,552,149,130,1,-1,-1,-1
255,18,1370,698,142,124,1,-1,-1,-1
255,19,1263,507,116,136,1,-1,-1,-1
255,20,1542,556,122,114,1,-1,-1,-1
255,21,2133,516,160,88,1,-1,-1,-1
255,22,2133,515,164,104,1,-1,-1,-1
255,23,1926,809,102,131,1,-1,-1,-1
256,11,1595,675,113,147,1,-1,-1,-1
256,13,2167,1080,101,96,1,-1,-1,-1
256,14,1380,645,123,163,1,-1,-1,-1
256,15,1084,651,172,155,1,-1,-1,-1
256,16,1946,850,86,69,1,-1,-1,-1
256,17,1532,553,149,130,1,-1,-1,-1
256,18,1366,696,142,124,1,-1,-1,-1
256,19,1263,508,116,136,1,-1,-1,-1
256,20,1537,557,122,114,1,-1,-1,-1
256,21,2148,521,152,84,1,-1,-1,-1
256,22,2143,518,164,104,1,-1,-1,-1
256,23,1920,808,102,131,1,-1,-1,-1
257,11,1592,680,132,140,1,-1,-1,-1
257,13,2167,1080,101,96,1,-1,-1,-1
257,14,1368,628,128,188,1,-1,-1,-1
257,15,1076,648,128,140,1,-1,-1,-1
257,16,1946,850,86,69,1,-1,-1,-1
257,17,1528,548,144,136,1,-1,-1,-1
257,18,1366,696,142,124,1,-1,-1,-1
257,19,1252,508,120,136,1,-1,-1,-1
257,20,1537,557,122,114,1,-1,-1,-1
257,21,2148,521,152,84,1,-1,-1,-1
257,22,2143,518,164,104,1,-1,-1,-1
257,23,1916,812,108,120,1,-1,-1,-1
258,11,1592,678,132,140,1,-1,-1,-1
258,13,2144,1093,101,96,1,-1,-1,-1
258,14,1366,627,128,188,1,-1,-1,-1
258,15,1074,650,128,140,1,-1,-1,-1
258,16,1934,843,86,69,1,-1,-1,-1
258,17,1526,548,144,136,1,-1,-1,-1
258,18,1364,692,149,131,1,-1,-1,-1
258,19,1255,508,120,136,1,-1,-1,-1
258,20,1524,552,128,120,1,-1,-1,-1
258,21,2181,525,160,88,1,-1,-1,-1
258,22,2180,528,164,104,1,-1,-1,-1
258,23,1915,809,108,120,1,-1,-1,-1
259,11,1591,676,132,140,1,-1,-1,-1
259,13,2152,1104,97,91,1,-1,-1,-1
259,14,1364,626,128,188,1,-1,-1,-1
259,15,1072,652,128,140,1,-1,-1,-1
259,16,1925,836,86,69,1,-1,-1,-1
259,17,1525,548,144,136,1,-1,-1,-1
259,18,1356,688,149,131,1,-1,-1,-1
259,19,1256,509,120,136,1,-1,-1,-1
259,20,1522,551,128,120,1,-1,-1,-1
259,21,2195,528,160,88,1,-1,-1,-1
259,22,2194,530,164,104,1,-1,-1,-1
259,23,1908,805,108,120,1,-1,-1,-1
260,11,1591,670,132,140,1,-1,-1,-1
260,13,2148,1094,97,91,1,-1,-1,-1
260,14,1365,626,128,188,1,-1,-1,-1
260,15,1067,653,128,140,1,-1,-1,-1
260,16,1920,829,86,69,1,-1,-1,-1
260,17,1521,542,144,136,1,-1,-1,-1
260,18,1353,689,149,131,1,-1,-1,-1
260,19,1258,507,120,136,1,-1,-1,-1
260,20,1521,546,128,120,1,-1,-1,-1
260,21,2215,533,160,88,1,-1,-1,-1
260,22,2214,534,164,104,1,-1,-1,-1
260,23,1902,799,103,114,1,-1,-1,-1
261,11,1592,663,132,140,1,-1,-1,-1
261,13,2155,1090,97,91,1,-1,-1,-1
261,14,1365,627,128,188,1,-1,-1,-1
261,15,1066,659,128,140,1,-1,-1,-1
261,16,1914,827,86,69,1,-1,-1,-1
261,17,1518,538,144,136,1,-1,-1,-1
261,18,1350,686,149,131,1,-1,-1,-1
261,19,1261,502,120,136,1,-1,-1,-1
261,20,1517,542,128,120,1,-1,-1,-1
261,21,2233,536,168,92,1,-1,-1,-1
261,22,2237,537,164,104,1,-1,-1,-1
261,23,1902,797,103,114,1,-1,-1,-1
262,11,1593,664,132,140,1,-1,-1,-1
262,13,2165,1084,97,91,1,-1,-1,-1
262,14,1367,628,122,179,1,-1,-1,-1
262,15,1068,661,128,140,1,-1,-1,-1
262,16,1913,828,86,69,1,-1,-1,-1
262,17,1514,536,144,136,1,-1,-1,-1
262,18,1336,672,149,131,1,-1,-1,-1
262,19,1262,499,120,136,1,-1,-1,-1
262,20,1515,542,128,120,1,-1,-1,-1
262,21,2247,537,168,92,1,-1,-1,-1
262,22,2250,540,164,104,1,-1,-1,-1
262,23,1899,797,103,114,1,-1,-1,-1
263,11,1592,663,132,140,1,-1,-1,-1
263,13,2155,1071,97,91,1,-1,-1,-1
263,14,1365,630,116,171,1,-1,-1,-1
263,15,1064,664,128,140,1,-1,-1,-1
263,16,1911,827,86,69,1,-1,-1,-1
263,17,1510,534,144,136,1,-1,-1,-1
263,18,1335,671,149,131,1,-1,-1,-1
263,19,1264,498,120,136,1,-1,-1,-1
263,20,1508,541,128,120,1,-1,-1,-1
263,21,2266,542,168,92,1,-1,-1,-1
263,22,2269,544,164,104,1,-1,-1,-1
263,23,1893,794,103,114,1,-1,-1,-1
264,11,1588,666,132,140,1,-1,-1,-1
264,13,2167,1071,97,91,1,-1,-1,-1
264,14,1363,628,116,171,1,-1,-1,-1
264,15,1062,667,128,140,1,-1,-1,-1
264,16,1905,825,86,69,1,-1,-1,-1
264,17,1503,537,144,136,1,-1,-1,-1
264,18,1335,675,142,124,1,-1,-1,-1
264,19,1265,499,120,136,1,-1,-1,-1
264,20,1503,542,128,120,1,-1,-1,-1
264,21,2280,545,176,97,1,-1,-1,-1
264,22,2289,551,164,104,1,-1,-1,-1
264,23,1891,792,103,114,1,-1,-1,-1
265,11,1596,668,104,144,1,-1,-1,-1
265,13,2167,1071,97,91,1,-1,-1,-1
265,14,1363,628,116,171,1,-1,-1,-1
265,15,1060,636,164,172,1,-1,-1,-1
265,16,1905,825,86,69,1,-1,-1,-1
265,17,1503,537,144,136,1,-1,-1,-1
265,18,1335,675,142,124,1,-1,-1,-1
265,19,1280,500,92,132,1,-1,-1,-1
265,20,1504,544,112,120,1,-1,-1,-1
265,21,2280,545,176,97,1,-1,-1,-1
265,22,2300,556,168,92,1,-1,-1,-1
265,23,1876,764,108,144,1,-1,-1,-1
266,11,1595,669,104,144,1,-1,-1,-1
266,13,2160,1089,101,96,1,-1,-1,-1
266,14,1354,623,122,179,1,-1,-1,-1
266,15,1062,637,164,172,1,-1,-1,-1
266,16,1898,816,86,69,1,-1,-1,-1
266,17,1496,536,144,136,1,-1,-1,-1
266,18,1331,681,142,124,1,-1,-1,-1
266,19,1280,502,92,132,1,-1,-1,-1
266,20,1500,545,112,120,1,-1,-1,-1
266,21,2315,554,168,92,1,-1,-1,-1
266,22,2318,559,168,92,1,-1,-1,-1
266,23,1875,763,108,144,1,-1,-1,-1
267,11,1593,671,104,144,1,-1,-1,-1
267,13,2147,1110,101,96,1,-1,-1,-1
267,14,1348,623,122,179,1,-1,-1,-1
267,15,1053,634,164,172,1,-1,-1,-1
267,16,1893,812,81,66,1,-1,-1,-1
267,17,1492,541,144,136,1,-1,-1,-1
267,18,1326,681,142,124,1,-1,-1,-1
267,19,1280,505,92,132,1,-1,-1,-1
267,20,1493,548,112,120,1,-1,-1,-1
267,21,2332,560,168,92,1,-1,-1,-1
267,22,2336,566,168,92,1,-1,-1,-1
267,23,1860,750,113,151,1,-1,-1,-1
268,11,1592,670,104,144,1,-1,-1,-1
268,13,2152,1119,97,91,1,-1,-1,-1
268,14,1346,624,122,179,1,-1,-1,-1
268,15,1051,634,164,172,1,-1,-1,-1
268,16,1892,811,81,66,1,-1,-1,-1
268,17,1488,545,144,136,1,-1,-1,-1
268,18,1326,681,142,124,1,-1,-1,-1
268,19,1277,503,97,139,1,-1,-1,-1
268,20,1491,550,112,120,1,-1,-1,-1
268,21,2340,563,168,92,1,-1,-1,-1
268,22,2346,567,168,92,1,-1,-1,-1
268,23,1856,746,119,159,1,-1,-1,-1
269,11,1592,672,99,137,1,-1,-1,-1
269,13,2168,1124,101,96,1,-1,-1,-1
269,14,1350,630,116,171,1,-1,-1,-1
269,15,1049,635,164,172,1,-1,-1,-1
269,16,1884,804,81,66,1,-1,-1,-1
269,17,1485,550,144,136,1,-1,-1,-1
269,18,1328,686,142,124,1,-1,-1,-1
269,19,1277,506,97,139,1,-1,-1,-1
269,20,1487,556,112,120,1,-1,-1,-1
269,21,2359,567,168,92,1,-1,-1,-1
269,22,2361,570,176,97,1,-1,-1,-1
269,23,1852,744,119,159,1,-1,-1,-1
270,11,1591,672,99,137,1,-1,-1,-1
270,13,2181,1124,97,91,1,-1,-1,-1
270,14,1351,632,116,171,1,-1,-1,-1
270,15,1047,637,164,172,1,-1,-1,-1
270,16,1881,804,81,66,1,-1,-1,-1
270,17,1476,552,144,136,1,-1,-1,-1
270,18,1327,687,142,124,1,-1,-1,-1
270,19,1277,508,97,139,1,-1,-1,-1
270,20,1484,558,112,120,1,-1,-1,-1
270,21,2379,571,168,92,1,-1,-1,-1
270,22,2380,574,176,97,1,-1,-1,-1
270,23,1851,742,119,159,1,-1,-1,-1
271,11,1591,669,99,137,1,-1,-1,-1
271,13,2180,1114,101,96,1,-1,-1,-1
271,14,1352,633,116,171,1,-1,-1,-1
271,15,1047,639,164,172,1,-1,-1,-1
271,16,1880,803,81,66,1,-1,-1,-1
271,17,1477,555,144,136,1,-1,-1,-1
271,18,1331,685,142,124,1,-1,-1,-1
271,19,1281,508,97,139,1,-1,-1,-1
271,20,1485,559,112,120,1,-1,-1,-1
271,21,2393,574,168,92,1,-1,-1,-1
271,22,2398,580,168,92,1,-1,-1,-1
271,23,1850,745,119,159,1,-1,-1,-1
272,11,1589,667,99,137,1,-1,-1,-1
272,13,2171,1116,107,100,1,-1,-1,-1
272,14,1356,635,116,171,1,-1,-1,-1
272,15,1042,639,164,172,1,-1,-1,-1
272,16,1875,797,81,66,1,-1,-1,-1
272,17,1476,555,144,136,1,-1,-1,-1
272,18,1333,685,142,124,1,-1,-1,-1
272,19,1283,507,97,139,1,-1,-1,-1
272,20,1482,562,112,120,1,-1,-1,-1
272,21,2414,578,168,92,1,-1,-1,-1
272,22,2417,583,168,92,1,-1,-1,-1
272,23,1848,739,119,159,1,-1,-1,-1
273,11,1572,652,124,136,1,-1,-1,-1
273,13,2171,1116,107,100,1,-1,-1,-1
273,14,1348,652,128,144,1,-1,-1,-1
273,15,1040,668,124,144,1,-1,-1,-1
273,16,1875,797,81,66,1,-1,-1,-1
273,17,1476,555,144,136,1,-1,-1,-1
273,18,1333,685,142,124,1,-1,-1,-1
273,19,1284,508,104,124,1,-1,-1,-1
273,20,1480,540,112,132,1,-1,-1,-1
273,21,2414,578,168,92,1,-1,-1,-1
273,22,2417,583,168,92,1,-1,-1,-1
273,23,1848,748,100,124,1,-1,-1,-1
274,11,1570,651,124,136,1,-1,-1,-1
274,13,2191,1125,107,100,1,-1,-1,-1
274,14,1346,651,128,144,1,-1,-1,-1
274,15,1038,670,124,144,1,-1,-1,-1
274,16,1864,791,81,66,1,-1,-1,-1
274,17,1464,546,144,136,1,-1,-1,-1
274,18,1333,679,135,118,1,-1,-1,-1
274,19,1284,507,104,124,1,-1,-1,-1
274,20,1478,539,112,132,1,-1,-1,-1
274,21,2446,581,168,92,1,-1,-1,-1
274,22,2450,586,168,92,1,-1,-1,-1
274,23,1845,747,100,124,1,-1,-1,-1
275,11,1569,648,124,136,1,-1,-1,-1
275,13,2179,1156,107,100,1,-1,-1,-1
275,14,1344,649,128,144,1,-1,-1,-1
275,15,1030,674,124,144,1,-1,-1,-1
275,16,1858,789,81,66,1,-1,-1,-1
275,17,1463,543,144,136,1,-1,-1,-1
275,18,1332,675,135,118,1,-1,-1,-1
275,19,1285,503,104,124,1,-1,-1,-1
275,20,1477,536,112,132,1,-1,-1,-1
275,21,2469,584,160,88,1,-1,-1,-1
275,22,2473,590,160,88,1,-1,-1,-1
275,23,1840,747,95,118,1,-1,-1,-1
276,11,1565,646,124,136,1,-1,-1,-1
276,13,2197,1167,107,100,1,-1,-1,-1
276,14,1339,645,128,144,1,-1,-1,-1
276,15,1018,678,124,144,1,-1,-1,-1
276,16,1858,791,81,66,1,-1,-1,-1
276,17,1457,539,144,136,1,-1,-1,-1
276,18,1327,670,128,113,1,-1,-1,-1
276,19,1282,498,104,124,1,-1,-1,-1
276,20,1468,532,112,132,1,-1,-1,-1
276,21,2501,588,160,88,1,-1,-1,-1
276,22,2504,593,160,88,1,-1,-1,-1
276,23,1840,746,95,118,1,-1,-1,-1
277,11,1563,646,124,136,1,-1,-1,-1
277,13,2211,1174,101,96,1,-1,-1,-1
277,14,1337,643,128,144,1,-1,-1,-1
277,15,1013,682,124,144,1,-1,-1,-1
277,16,1863,794,81,66,1,-1,-1,-1
277,17,1457,540,137,130,1,-1,-1,-1
277,18,1328,669,128,113,1,-1,-1,-1
277,19,1280,497,104,124,1,-1,-1,-1
277,20,1465,530,112,132,1,-1,-1,-1
277,21,2512,588,160,88,1,-1,-1,-1
277,22,2514,595,160,88,1,-1,-1,-1
277,23,1840,746,95,118,1,-1,-1,-1
278,11,1560,647,124,136,1,-1,-1,-1
278,13,2236,1172,101,96,1,-1,-1,-1
278,14,1335,641,128,144,1,-1,-1,-1
278,15,1001,684,124,144,1,-1,-1,-1
278,16,1859,795,81,66,1,-1,-1,-1
278,17,1452,542,131,123,1,-1,-1,-1
278,18,1326,671,128,113,1,-1,-1,-1
278,19,1278,496,104,124,1,-1,-1,-1
278,20,1461,530,112,132,1,-1,-1,-1
278,23,1842,746,95,118,1,-1,-1,-1
279,11,1560,647,124,136,1,-1,-1,-1
279,13,2217,1172,97,91,1,-1,-1,-1
279,14,1335,642,122,137,1,-1,-1,-1
279,15,991,684,130,151,1,-1,-1,-1
279,16,1860,792,86,69,1,-1,-1,-1
279,17,1448,543,131,123,1,-1,-1,-1
279,18,1328,675,122,107,1,-1,-1,-1
279,19,1277,495,104,124,1,-1,-1,-1
279,20,1456,531,112,132,1,-1,-1,-1
279,23,1840,744,100,124,1,-1,-1,-1
280,11,1559,648,124,136,1,-1,-1,-1
280,13,2216,1175,97,91,1,-1,-1,-1
280,14,1333,644,122,137,1,-1,-1,-1
280,15,985,682,130,151,1,-1,-1,-1
280,16,1862,793,86,69,1,-1,-1,-1
280,17,1446,543,131,123,1,-1,-1,-1
280,18,1328,676,122,107,1,-1,-1,-1
280,19,1276,495,104,124,1,-1,-1,-1
280,20,1450,527,118,139,1,-1,-1,-1
280,23,1839,746,100,124,1,-1,-1,-1
281,11,1560,648,140,160,1,-1,-1,-1
281,13,2216,1175,97,91,1,-1,-1,-1
281,14,1333,644,122,137,1,-1,-1,-1
281,15,972,688,140,148,1,-1,-1,-1
281,16,1862,793,86,69,1,-1,-1,-1
281,17,1444,540,112,120,1,-1,-1,-1
281,18,1328,676,122,107,1,-1,-1,-1
281,19,1272,496,96,128,1,-1,-1,-1
281,20,1450,527,118,139,1,-1,-1,-1
281,23,1836,744,136,140,1,-1,-1,-1
282,11,1559,650,140,160,1,-1,-1,-1
282,13,2237,1175,97,91,1,-1,-1,-1
282,14,1325,645,122,137,1,-1,-1,-1
282,15,960,689,140,148,1,-1,-1,-1
282,16,1859,788,86,69,1,-1,-1,-1
282,17,1439,543,112,120,1,-1,-1,-1
282,18,1326,685,122,107,1,-1,-1,-1
282,19,1268,497,96,128,1,-1,-1,-1
282,20,1438,529,118,139,1,-1,-1,-1
282,23,1834,745,136,140,1,-1,-1,-1
283,11,1559,649,140,160,1,-1,-1,-1
283,13,2249,1184,92,87,1,-1,-1,-1
283,14,1324,645,122,137,1,-1,-1,-1
283,15,951,687,140,148,1,-1,-1,-1
283,16,1859,786,86,69,1,-1,-1,-1
283,17,1437,543,112,120,1,-1,-1,-1
283,18,1326,685,122,107,1,-1,-1,-1
283,19,1267,498,96,128,1,-1,-1,-1
283,20,1438,528,118,139,1,-1,-1,-1
283,23,1834,745,136,140,1,-1,-1,-1
284,11,1554,644,147,168,1,-1,-1,-1
284,13,2260,1180,88,83,1,-1,-1,-1
284,14,1321,645,128,144,1,-1,-1,-1
284,15,939,690,140,148,1,-1,-1,-1
284,16,1861,785,86,69,1,-1,-1,-1
284,17,1432,540,112,120,1,-1,-1,-1
284,18,1326,683,122,107,1,-1,-1,-1
284,19,1265,497,96,128,1,-1,-1,-1
284,20,1433,524,123,146,1,-1,-1,-1
284,23,1836,743,136,140,1,-1,-1,-1
285,11,1560,645,147,168,1,-1,-1,-1
285,13,2267,1187,83,79,1,-1,-1,-1
285,14,1325,645,128,144,1,-1,-1,-1
285,15,931,692,140,148,1,-1,-1,-1
285,16,1867,786,86,69,1,-1,-1,-1
285,17,1433,537,112,120,1,-1,-1,-1
285,18,1329,681,122,107,1,-1,-1,-1
285,19,1266,493,96,128,1,-1,-1,-1
285,20,1432,521,123,146,1,-1,-1,-1
285,23,1840,742,136,140,1,-1,-1,-1
286,11,1558,638,154,176,1,-1,-1,-1
286,13,2287,1193,80,75,1,-1,-1,-1
286,14,1333,648,122,137,1,-1,-1,-1
286,15,928,694,140,148,1,-1,-1,-1
286,16,1870,786,86,69,1,-1,-1,-1
286,17,1434,535,112,120,1,-1,-1,-1
286,18,1327,676,128,113,1,-1,-1,-1
286,19,1267,491,96,128,1,-1,-1,-1
286,20,1432,519,123,146,1,-1,-1,-1
286,23,1843,741,136,140,1,-1,-1,-1
287,11,1564,637,147,168,1,-1,-1,-1
287,13,2271,1182,80,75,1,-1,-1,-1
287,14,1341,651,122,137,1,-1,-1,-1
287,15,922,694,147,155,1,-1,-1,-1
287,16,1878,785,86,69,1,-1,-1,-1
287,17,1438,531,112,120,1,-1,-1,-1
287,18,1337,678,128,113,1,-1,-1,-1
287,19,1271,487,96,128,1,-1,-1,-1
287,20,1437,515,123,146,1,-1,-1,-1
287,23,1852,741,136,140,1,-1,-1,-1
288,11,1568,631,147,168,1,-1,-1,-1
288,13,2304,1192,76,71,1,-1,-1,-1
288,14,1343,642,122,137,1,-1,-1,-1
288,15,914,697,147,155,1,-1,-1,-1
288,16,1884,786,86,69,1,-1,-1,-1
288,17,1440,522,112,120,1,-1,-1,-1
288,18,1337,666,128,113,1,-1,-1,-1
288,19,1275,478,101,134,1,-1,-1,-1
288,20,1440,508,123,146,1,-1,-1,-1
288,23,1860,738,136,140,1,-1,-1,-1
289,11,1568,631,147,168,1,-1,-1,-1
289,13,2304,1192,76,71,1,-1,-1,-1
289,14,1343,642,122,137,1,-1,-1,-1
289,15,914,697,147,155,1,-1,-1,-1
289,16,1884,786,86,69,1,-1,-1,-1
289,17,1440,522,112,120,1,-1,-1,-1
289,18,1337,666,128,113,1,-1,-1,-1
289,19,1275,478,101,134,1,-1,-1,-1
289,20,1436,508,136,156,1,-1,-1,-1
289,23,1860,738,136,140,1,-1,-1,-1
290,11,1574,626,147,168,1,-1,-1,-1
290,13,2300,1184,72,68,1,-1,-1,-1
290,14,1355,635,122,137,1,-1,-1,-1
290,15,909,706,147,155,1,-1,-1,-1
290,16,1895,786,86,69,1,-1,-1,-1
290,17,1443,516,112,120,1,-1,-1,-1
290,18,1348,660,128,113,1,-1,-1,-1
290,19,1281,471,101,134,1,-1,-1,-1
290,20,1439,505,136,156,1,-1,-1,-1
290,23,1873,739,136,140,1,-1,-1,-1
291,11,1576,624,147,168,1,-1,-1,-1
291,13,2308,1173,69,65,1,-1,-1,-1
291,14,1356,632,122,137,1,-1,-1,-1
291,15,906,710,140,148,1,-1,-1,-1
291,16,1900,791,86,69,1,-1,-1,-1
291,17,1449,514,112,120,1,-1,-1,-1
291,18,1351,657,128,113,1,-1,-1,-1
291,19,1284,469,101,134,1,-1,-1,-1
291,20,1443,502,136,156,1,-1,-1,-1
291,23,1875,739,136,140,1,-1,-1,-1
292,11,1581,627,140,160,1,-1,-1,-1
292,13,2315,1178,72,68,1,-1,-1,-1
292,14,1354,628,128,144,1,-1,-1,-1
292,15,907,712,140,148,1,-1,-1,-1
292,16,1907,792,86,69,1,-1,-1,-1
292,17,1451,513,112,120,1,-1,-1,-1
292,18,1355,657,128,113,1,-1,-1,-1
292,19,1289,468,101,134,1,-1,-1,-1
292,20,1446,499,136,156,1,-1,-1,-1
292,23,1876,741,136,140,1,-1,-1,-1
293,11,1587,626,140,160,1,-1,-1,-1
293,14,1360,629,128,144,1,-1,-1,-1
293,15,914,715,133,141,1,-1,-1,-1
293,16,1916,790,90,73,1,-1,-1,-1
293,17,1456,513,112,120,1,-1,-1,-1
293,18,1361,658,128,113,1,-1,-1,-1
293,19,1292,464,106,141,1,-1,-1,-1
293,20,1450,498,136,156,1,-1,-1,-1
293,23,1883,742,136,140,1,-1,-1,-1
294,11,1590,627,140,160,1,-1,-1,-1
294,14,1366,632,128,144,1,-1,-1,-1
294,15,915,715,133,141,1,-1,-1,-1
294,16,1922,784,94,76,1,-1,-1,-1
294,17,1458,515,112,120,1,-1,-1,-1
294,18,1362,657,135,118,1,-1,-1,-1
294,19,1294,465,106,141,1,-1,-1,-1
294,20,1450,496,143,164,1,-1,-1,-1
294,23,1889,738,143,147,1,-1,-1,-1
295,11,1592,629,140,160,1,-1,-1,-1
295,14,1369,631,128,144,1,-1,-1,-1
295,15,916,714,127,134,1,-1,-1,-1
295,16,1927,783,94,76,1,-1,-1,-1
295,17,1461,516,112,120,1,-1,-1,-1
295,18,1364,658,135,118,1,-1,-1,-1
295,19,1297,465,106,141,1,-1,-1,-1
295,20,1452,498,143,164,1,-1,-1,-1
295,23,1894,738,143,147,1,-1,-1,-1
296,11,1599,631,140,160,1,-1,-1,-1
296,14,1385,641,128,144,1,-1,-1,-1
296,15,897,706,133,141,1,-1,-1,-1
296,16,1930,780,94,76,1,-1,-1,-1
296,17,1465,518,112,120,1,-1,-1,-1
296,18,1372,664,135,118,1,-1,-1,-1
296,19,1298,465,106,141,1,-1,-1,-1
296,20,1454,499,143,164,1,-1,-1,-1
296,23,1898,736,143,147,1,-1,-1,-1
297,11,1588,620,176,188,1,-1,-1,-1
297,14,1396,644,128,152,1,-1,-1,-1
297,15,897,706,133,141,1,-1,-1,-1
297,16,1930,780,94,76,1,-1,-1,-1
297,17,1465,518,112,120,1,-1,-1,-1
297,18,1372,664,135,118,1,-1,-1,-1
297,19,1284,472,156,156,1,-1,-1,-1
297,20,1464,496,136,168,1,-1,-1,-1
297,23,1896,728,152,164,1,-1,-1,-1
298,11,1593,621,176,188,1,-1,-1,-1
298,14,1400,646,128,152,1,-1,-1,-1
298,15,891,703,140,148,1,-1,-1,-1
298,16,1938,778,94,76,1,-1,-1,-1
298,17,1468,512,118,126,1,-1,-1,-1
298,18,1379,663,135,118,1,-1,-1,-1
298,19,1285,472,156,156,1,-1,-1,-1
298,20,1467,496,136,168,1,-1,-1,-1
298,23,1905,731,145,156,1,-1,-1,-1
299,11,1599,620,176,188,1,-1,-1,-1
299,14,1407,646,128,152,1,-1,-1,-1
299,15,891,706,140,148,1,-1,-1,-1
299,16,1948,777,94,76,1,-1,-1,-1
299,17,1472,510,118,126,1,-1,-1,-1
299,18,1388,665,135,118,1,-1,-1,-1
299,19,1288,469,156,156,1,-1,-1,-1
299,20,1471,494,136,168,1,-1,-1,-1
299,23,1909,729,145,156,1,-1,-1,-1
300,11,1607,624,168,179,1,-1,-1,-1
300,14,1413,639,128,152,1,-1,-1,-1
300,15,912,737,133,141,1,-1,-1,-1
300,16,1952,774,99,80,1,-1,-1,-1
300,17,1475,503,118,126,1,-1,-1,-1
300,18,1398,664,135,118,1,-1,-1,-1
300,19,1289,466,156,156,1,-1,-1,-1
300,20,1473,491,136,168,1,-1,-1,-1
300,23,1914,725,145,156,1,-1,-1,-1
301,11,1608,621,168,179,1,-1,-1,-1
301,14,1414,638,128,152,1,-1,-1,-1
301,15,921,751,133,141,1,-1,-1,-1
301,16,1953,773,99,80,1,-1,-1,-1
301,17,1475,502,118,126,1,-1,-1,-1
301,18,1397,658,142,124,1,-1,-1,-1
301,19,1285,461,164,164,1,-1,-1,-1
301,20,1475,489,136,168,1,-1,-1,-1
301,23,1917,723,145,156,1,-1,-1,-1
302,11,1611,617,168,179,1,-1,-1,-1
302,14,1417,635,128,152,1,-1,-1,-1
302,15,935,756,133,141,1,-1,-1,-1
302,16,1955,773,99,80,1,-1,-1,-1
302,17,1476,495,118,126,1,-1,-1,-1
302,18,1396,654,142,124,1,-1,-1,-1
302,19,1284,456,164,164,1,-1,-1,-1
302,20,1479,482,136,168,1,-1,-1,-1
302,23,1923,723,145,156,1,-1,-1,-1
303,11,1614,611,168,179,1,-1,-1,-1
303,14,1419,630,128,152,1,-1,-1,-1
303,15,952,768,133,141,1,-1,-1,-1
303,16,1960,772,99,80,1,-1,-1,-1
303,17,1478,491,118,126,1,-1,-1,-1
303,18,1394,646,149,131,1,-1,-1,-1
303,19,1285,449,164,164,1,-1,-1,-1
303,20,1481,474,136,168,1,-1,-1,-1
303,23,1927,720,145,156,1,-1,-1,-1
304,11,1615,611,168,179,1,-1,-1,-1
304,14,1420,630,128,152,1,-1,-1,-1
304,15,960,773,133,141,1,-1,-1,-1
304,16,1970,779,99,80,1,-1,-1,-1
304,17,1479,489,118,126,1,-1,-1,-1
304,18,1393,644,149,131,1,-1,-1,-1
304,19,1282,447,164,164,1,-1,-1,-1
304,20,1481,473,136,168,1,-1,-1,-1
304,23,1930,723,145,156,1,-1,-1,-1
305,11,1615,611,168,179,1,-1,-1,-1
305,14,1420,630,128,152,1,-1,-1,-1
305,15,960,773,133,141,1,-1,-1,-1
305,16,1970,779,99,80,1,-1,-1,-1
305,17,1479,489,118,126,1,-1,-1,-1
305,18,1393,644,149,131,1,-1,-1,-1
305,19,1282,447,164,164,1,-1,-1,-1
305,20,1481,473,136,168,1,-1,-1,-1
305,23,1930,723,145,156,1,-1,-1,-1
306,11,1621,613,168,179,1,-1,-1,-1
306,14,1421,631,128,152,1,-1,-1,-1
306,15,983,789,133,141,1,-1,-1,-1
306,16,1971,778,104,84,1,-1,-1,-1
306,17,1482,490,118,126,1,-1,-1,-1
306,18,1396,644,149,131,1,-1,-1,-1
306,19,1277,440,172,172,1,-1,-1,-1
306,20,1480,469,143,176,1,-1,-1,-1
306,23,1930,719,145,156,1,-1,-1,-1
307,11,1620,615,168,179,1,-1,-1,-1
307,14,1416,630,134,160,1,-1,-1,-1
307,15,996,791,133,141,1,-1,-1,-1
307,16,1973,778,104,84,1,-1,-1,-1
307,17,1479,488,123,132,1,-1,-1,-1
307,18,1396,645,149,131,1,-1,-1,-1
307,19,1274,440,172,172,1,-1,-1,-1
307,20,1478,470,143,176,1,-1,-1,-1
307,23,1928,718,152,164,1,-1,-1,-1
308,11,1616,619,168,179,1,-1,-1,-1
308,14,1413,633,134,160,1,-1,-1,-1
308,15,1011,804,133,141,1,-1,-1,-1
308,16,1973,776,104,84,1,-1,-1,-1
308,17,1470,490,130,139,1,-1,-1,-1
308,18,1393,650,149,131,1,-1,-1,-1
308,19,1264,443,172,172,1,-1,-1,-1
308,20,1470,470,150,185,1,-1,-1,-1
308,23,1928,722,152,164,1,-1,-1,-1
309,11,1610,618,176,188,1,-1,-1,-1
309,14,1413,638,134,160,1,-1,-1,-1
309,15,1025,813,133,141,1,-1,-1,-1
309,16,1960,771,109,88,1,-1,-1,-1
309,17,1465,496,130,139,1,-1,-1,-1
309,18,1390,655,149,131,1,-1,-1,-1
309,19,1255,447,172,172,1,-1,-1,-1
309,20,1461,473,150,185,1,-1,-1,-1
309,23,1918,721,152,164,1,-1,-1,-1
310,11,1600,617,185,197,1,-1,-1,-1
310,14,1410,641,134,160,1,-1,-1,-1
310,15,1031,813,133,141,1,-1,-1,-1
310,16,1951,768,109,88,1,-1,-1,-1
310,17,1456,494,136,146,1,-1,-1,-1
310,18,1390,658,149,131,1,-1,-1,-1
310,19,1248,449,172,172,1,-1,-1,-1
310,20,1455,475,150,185,1,-1,-1,-1
310,23,1913,721,152,164,1,-1,-1,-1
311,11,1591,621,185,197,1,-1,-1,-1
311,14,1402,646,134,160,1,-1,-1,-1
311,15,1040,818,133,141,1,-1,-1,-1
311,16,1934,767,115,93,1,-1,-1,-1
311,17,1444,494,136,146,1,-1,-1,-1
311,18,1378,661,149,131,1,-1,-1,-1
311,19,1234,452,172,172,1,-1,-1,-1
311,20,1448,480,150,185,1,-1,-1,-1
311,23,1897,722,152,164,1,-1,-1,-1
312,11,1578,619,194,207,1,-1,-1,-1
312,14,1398,650,134,160,1,-1,-1,-1
312,15,1056,828,133,141,1,-1,-1,-1
312,16,1922,768,115,93,1,-1,-1,-1
312,17,1434,497,136,146,1,-1,-1,-1
312,18,1373,667,149,131,1,-1,-1,-1
312,19,1224,456,172,172,1,-1,-1,-1
312,20,1436,482,150,185,1,-1,-1,-1
312,23,1886,722,152,164,1,-1,-1,-1
313,11,1578,619,194,207,1,-1,-1,-1
313,14,1398,650,134,160,1,-1,-1,-1
313,15,1056,828,133,141,1,-1,-1,-1
313,17,1434,497,136,146,1,-1,-1,-1
313,18,1373,667,149,131,1,-1,-1,-1
313,19,1212,444,168,192,1,-1,-1,-1
313,20,1436,482,150,185,1,-1,-1,-1
313,23,1876,724,148,164,1,-1,-1,-1
314,11,1567,624,185,197,1,-1,-1,-1
314,14,1390,650,134,160,1,-1,-1,-1
314,15,1082,836,133,141,1,-1,-1,-1
314,17,1415,497,143,153,1,-1,-1,-1
314,18,1370,668,149,131,1,-1,-1,-1
314,19,1206,448,168,192,1,-1,-1,-1
314,20,1418,483,150,185,1,-1,-1,-1
314,23,1864,722,148,164,1,-1,-1,-1
315,11,1559,623,185,197,1,-1,-1,-1
315,14,1385,648,134,160,1,-1,-1,-1
315,15,1098,847,133,141,1,-1,-1,-1
315,17,1405,498,143,153,1,-1,-1,-1
315,18,1364,667,149,131,1,-1,-1,-1
315,19,1194,449,168,192,1,-1,-1,-1
315,20,1408,485,150,185,1,-1,-1,-1
315,23,1851,720,148,164,1,-1,-1,-1
316,11,1549,619,185,197,1,-1,-1,-1
316,14,1376,643,141,168,1,-1,-1,-1
316,15,1104,851,133,141,1,-1,-1,-1
316,17,1395,495,150,161,1,-1,-1,-1
316,18,1355,662,149,131,1,-1,-1,-1
316,19,1189,449,168,192,1,-1,-1,-1
316,20,1403,487,150,185,1,-1,-1,-1
316,23,1844,723,141,156,1,-1,-1,-1
317,11,1533,614,185,197,1,-1,-1,-1
317,14,1362,640,141,168,1,-1,-1,-1
317,15,1114,854,133,141,1,-1,-1,-1
317,17,1379,492,150,161,1,-1,-1,-1
317,18,1343,657,149,131,1,-1,-1,-1
317,19,1173,446,168,192,1,-1,-1,-1
317,20,1388,484,150,185,1,-1,-1,-1
317,23,1823,722,141,156,1,-1,-1,-1
318,11,1518,611,185,197,1,-1,-1,-1
318,14,1350,633,141,168,1,-1,-1,-1
318,15,1131,862,127,134,1,-1,-1,-1
318,17,1364,490,150,161,1,-1,-1,-1
318,18,1332,654,149,131,1,-1,-1,-1
318,19,1161,443,168,192,1,-1,-1,-1
318,20,1374,483,150,185,1,-1,-1,-1
318,23,1814,732,134,149,1,-1,-1,-1
319,11,1513,611,185,197,1,-1,-1,-1
319,14,1345,631,141,168,1,-1,-1,-1
319,15,1130,865,127,134,1,-1,-1,-1
319,17,1358,490,150,161,1,-1,-1,-1
319,18,1327,654,149,131,1,-1,-1,-1
319,19,1156,443,168,192,1,-1,-1,-1
319,20,1366,482,150,185,1,-1,-1,-1
319,23,1809,732,134,149,1,-1,-1,-1
320,11,1503,615,185,197,1,-1,-1,-1
320,14,1333,634,141,168,1,-1,-1,-1
320,15,1145,872,127,134,1,-1,-1,-1
320,17,1345,495,150,161,1,-1,-1,-1
320,18,1317,658,149,131,1,-1,-1,-1
320,19,1145,446,168,192,1,-1,-1,-1
320,20,1351,487,150,185,1,-1,-1,-1
320,23,1799,743,134,149,1,-1,-1,-1
321,11,1496,620,156,216,1,-1,-1,-1
321,14,1333,634,141,168,1,-1,-1,-1
321,15,1145,872,127,134,1,-1,-1,-1
321,17,1345,495,150,161,1,-1,-1,-1
321,18,1317,658,149,131,1,-1,-1,-1
321,19,1145,446,168,192,1,-1,-1,-1
321,20,1351,487,150,185,1,-1,-1,-1
321,23,1780,712,144,204,1,-1,-1,-1
321,24,788,664,128,224,1,-1,-1,-1
322,11,1492,622,156,216,1,-1,-1,-1
322,14,1323,642,141,168,1,-1,-1,-1
322,15,1160,886,121,128,1,-1,-1,-1
322,17,1327,506,150,161,1,-1,-1,-1
322,18,1304,664,149,131,1,-1,-1,-1
322,19,1126,455,168,192,1,-1,-1,-1
322,20,1333,499,150,185,1,-1,-1,-1
322,23,1776,712,144,204,1,-1,-1,-1
322,24,788,664,128,224,1,-1,-1,-1
323,11,1481,626,156,216,1,-1,-1,-1
323,14,1310,644,141,168,1,-1,-1,-1
323,15,1171,891,121,128,1,-1,-1,-1
323,17,1311,512,150,161,1,-1,-1,-1
323,18,1294,667,149,131,1,-1,-1,-1
323,19,1111,460,168,192,1,-1,-1,-1
323,20,1318,501,150,185,1,-1,-1,-1
323,23,1760,709,144,204,1,-1,-1,-1
323,24,784,658,134,235,1,-1,-1,-1
324,11,1466,627,156,216,1,-1,-1,-1
324,14,1302,649,141,168,1,-1,-1,-1
324,15,1184,903,121,128,1,-1,-1,-1
324,17,1296,516,150,161,1,-1,-1,-1
324,18,1282,670,149,131,1,-1,-1,-1
324,19,1096,467,168,192,1,-1,-1,-1
324,20,1301,508,150,185,1,-1,-1,-1
324,23,1747,713,137,194,1,-1,-1,-1
324,24,782,659,134,235,1,-1,-1,-1
325,11,1459,628,156,216,1,-1,-1,-1
325,14,1299,650,141,168,1,-1,-1,-1
325,15,1188,904,121,128,1,-1,-1,-1
325,17,1289,519,150,161,1,-1,-1,-1
325,18,1279,673,149,131,1,-1,-1,-1
325,19,1089,468,168,192,1,-1,-1,-1
325,20,1296,508,150,185,1,-1,-1,-1
325,23,1746,719,131,185,1,-1,-1,-1
325,24,781,659,134,235,1,-1,-1,-1
326,11,1446,625,156,216,1,-1,-1,-1
326,14,1289,645,141,168,1,-1,-1,-1
326,15,1193,908,127,134,1,-1,-1,-1
326,17,1274,519,150,161,1,-1,-1,-1
326,18,1272,672,149,131,1,-1,-1,-1
326,19,1073,467,168,192,1,-1,-1,-1
326,20,1282,511,150,185,1,-1,-1,-1
326,23,1727,716,131,185,1,-1,-1,-1
326,24,773,650,141,247,1,-1,-1,-1
327,11,1438,631,156,216,1,-1,-1,-1
327,14,1277,643,141,168,1,-1,-1,-1
327,15,1203,910,133,141,1,-1,-1,-1
327,17,1258,521,150,161,1,-1,-1,-1
327,18,1256,665,149,131,1,-1,-1,-1
327,19,1064,474,160,183,1,-1,-1,-1
327,20,1265,512,150,185,1,-1,-1,-1
327,23,1708,714,131,185,1,-1,-1,-1
327,24,768,650,141,247,1,-1,-1,-1
328,11,1430,629,156,216,1,-1,-1,-1
328,14,1272,644,141,168,1,-1,-1,-1
328,15,1207,912,133,141,1,-1,-1,-1
328,17,1252,522,150,161,1,-1,-1,-1
328,18,1251,664,149,131,1,-1,-1,-1
328,19,1063,476,160,183,1,-1,-1,-1
328,20,1258,513,150,185,1,-1,-1,-1
328,23,1699,715,131,185,1,-1,-1,-1
328,24,765,650,141,247,1,-1,-1,-1
329,11,1430,629,156,216,1,-1,-1,-1
329,14,1272,644,141,168,1,-1,-1,-1
329,15,1207,912,133,141,1,-1,-1,-1
329,17,1252,522,150,161,1,-1,-1,-1
329,18,1251,664,149,131,1,-1,-1,-1
329,19,1063,476,160,183,1,-1,-1,-1
329,20,1258,513,150,185,1,-1,-1,-1
329,23,1699,715,131,185,1,-1,-1,-1
329,24,765,650,141,247,1,-1,-1,-1
