1,0,1556,468,108,172,1,-1,-1,-1
1,1,1456,560,76,156,1,-1,-1,-1
1,2,848,544,84,160,1,-1,-1,-1
1,3,292,500,160,208,1,-1,-1,-1
1,4,1088,544,48,140,1,-1,-1,-1
2,0,1552,466,108,172,1,-1,-1,-1
2,1,1452,557,76,156,1,-1,-1,-1
2,2,853,543,84,160,1,-1,-1,-1
2,3,288,499,160,208,1,-1,-1,-1
2,4,1084,540,50,147,1,-1,-1,-1
3,0,1549,464,108,172,1,-1,-1,-1
3,1,1443,553,76,156,1,-1,-1,-1
3,2,855,542,84,160,1,-1,-1,-1
3,3,284,498,160,208,1,-1,-1,-1
3,4,1080,539,50,147,1,-1,-1,-1
4,0,1546,466,108,172,1,-1,-1,-1
4,1,1440,548,76,156,1,-1,-1,-1
4,2,855,531,84,160,1,-1,-1,-1
4,3,279,496,160,208,1,-1,-1,-1
4,4,1076,538,50,147,1,-1,-1,-1
5,0,1537,462,108,172,1,-1,-1,-1
5,1,1433,543,80,164,1,-1,-1,-1
5,2,845,532,88,168,1,-1,-1,-1
5,3,275,495,160,208,1,-1,-1,-1
5,4,1071,536,50,147,1,-1,-1,-1
6,0,1534,460,108,172,1,-1,-1,-1
6,1,1427,542,80,164,1,-1,-1,-1
6,2,846,530,84,160,1,-1,-1,-1
6,3,271,494,160,208,1,-1,-1,-1
6,4,1066,535,50,147,1,-1,-1,-1
7,0,1530,458,108,172,1,-1,-1,-1
7,1,1421,540,80,164,1,-1,-1,-1
7,2,852,523,88,168,1,-1,-1,-1
7,3,266,492,160,208,1,-1,-1,-1
7,4,1062,533,50,147,1,-1,-1,-1
8,0,1522,454,113,181,1,-1,-1,-1
8,1,1418,539,80,164,1,-1,-1,-1
8,2,855,515,88,168,1,-1,-1,-1
8,3,260,492,160,208,1,-1,-1,-1
8,4,1057,533,50,147,1,-1,-1,-1
9,0,1520,456,108,176,1,-1,-1,-1
9,1,1404,520,68,184,1,-1,-1,-1
9,2,855,515,88,168,1,-1,-1,-1
9,3,256,492,156,204,1,-1,-1,-1
9,4,1057,533,50,147,1,-1,-1,-1
9,5,1784,500,136,196,1,-1,-1,-1
9,6,888,520,76,160,1,-1,-1,-1
10,0,1518,457,108,176,1,-1,-1,-1
10,1,1400,518,68,184,1,-1,-1,-1
10,2,878,522,84,160,1,-1,-1,-1
10,3,253,491,156,204,1,-1,-1,-1
10,4,1049,533,48,140,1,-1,-1,-1
10,5,1781,499,136,196,1,-1,-1,-1
10,6,889,519,76,160,1,-1,-1,-1
11,0,1513,456,108,176,1,-1,-1,-1
11,1,1395,516,68,184,1,-1,-1,-1
11,2,883,529,80,152,1,-1,-1,-1
11,3,249,491,156,204,1,-1,-1,-1
11,4,1047,533,48,140,1,-1,-1,-1
11,5,1776,499,136,196,1,-1,-1,-1
11,6,889,518,76,160,1,-1,-1,-1
12,0,1507,456,108,176,1,-1,-1,-1
12,1,1388,513,68,184,1,-1,-1,-1
12,2,880,526,84,160,1,-1,-1,-1
12,3,245,490,156,204,1,-1,-1,-1
12,4,1040,532,48,140,1,-1,-1,-1
12,5,1772,498,136,196,1,-1,-1,-1
12,6,885,511,80,168,1,-1,-1,-1
13,0,1503,454,108,176,1,-1,-1,-1
13,1,1382,511,68,184,1,-1,-1,-1
13,2,880,525,84,160,1,-1,-1,-1
13,3,242,490,156,204,1,-1,-1,-1
13,4,1037,531,48,140,1,-1,-1,-1
13,5,1769,498,136,196,1,-1,-1,-1
13,6,883,509,80,168,1,-1,-1,-1
14,0,1500,454,108,176,1,-1,-1,-1
14,1,1379,516,68,184,1,-1,-1,-1
14,2,885,519,84,160,1,-1,-1,-1
14,3,237,491,156,204,1,-1,-1,-1
14,4,1031,531,48,140,1,-1,-1,-1
14,5,1764,497,136,196,1,-1,-1,-1
14,6,887,512,76,160,1,-1,-1,-1
15,0,1495,453,108,176,1,-1,-1,-1
15,1,1373,516,71,193,1,-1,-1,-1
15,2,889,518,84,160,1,-1,-1,-1
15,3,234,490,156,204,1,-1,-1,-1
15,4,1026,532,48,140,1,-1,-1,-1
15,5,1760,496,136,196,1,-1,-1,-1
15,6,886,512,72,152,1,-1,-1,-1
16,0,1492,453,108,176,1,-1,-1,-1
16,1,1368,516,71,193,1,-1,-1,-1
16,2,893,518,84,160,1,-1,-1,-1
16,3,229,490,156,204,1,-1,-1,-1
16,4,1023,539,46,133,1,-1,-1,-1
16,5,1756,497,136,196,1,-1,-1,-1
16,6,885,510,72,152,1,-1,-1,-1
17,0,1492,453,108,176,1,-1,-1,-1
17,1,1368,516,71,193,1,-1,-1,-1
17,2,893,518,84,160,1,-1,-1,-1
17,3,229,490,156,204,1,-1,-1,-1
17,4,1023,539,46,133,1,-1,-1,-1
17,5,1756,497,136,196,1,-1,-1,-1
17,6,885,510,72,152,1,-1,-1,-1
18,0,1485,452,108,176,1,-1,-1,-1
18,1,1355,502,71,193,1,-1,-1,-1
18,2,896,525,80,152,1,-1,-1,-1
18,3,222,490,156,204,1,-1,-1,-1
18,4,1013,538,46,133,1,-1,-1,-1
18,5,1748,496,136,196,1,-1,-1,-1
18,6,884,511,69,145,1,-1,-1,-1
19,0,1482,451,108,176,1,-1,-1,-1
19,1,1352,511,68,184,1,-1,-1,-1
19,2,898,530,80,152,1,-1,-1,-1
19,3,219,490,156,204,1,-1,-1,-1
19,4,1004,537,46,133,1,-1,-1,-1
19,5,1746,495,136,196,1,-1,-1,-1
19,6,883,508,72,152,1,-1,-1,-1
20,0,1479,451,108,176,1,-1,-1,-1
20,1,1348,513,68,184,1,-1,-1,-1
20,2,895,535,76,145,1,-1,-1,-1
20,3,217,490,156,204,1,-1,-1,-1
20,4,997,537,46,133,1,-1,-1,-1
20,5,1743,492,136,196,1,-1,-1,-1
20,6,882,506,76,160,1,-1,-1,-1
21,0,1475,450,108,176,1,-1,-1,-1
21,1,1349,516,65,175,1,-1,-1,-1
21,2,897,539,73,138,1,-1,-1,-1
21,3,214,489,156,204,1,-1,-1,-1
21,4,993,537,46,133,1,-1,-1,-1
21,5,1738,491,136,196,1,-1,-1,-1
21,6,884,506,76,160,1,-1,-1,-1
22,0,1472,450,108,176,1,-1,-1,-1
22,1,1348,519,65,175,1,-1,-1,-1
22,2,902,541,69,132,1,-1,-1,-1
22,3,211,489,156,204,1,-1,-1,-1
22,4,985,539,46,133,1,-1,-1,-1
22,5,1736,490,136,196,1,-1,-1,-1
22,6,896,527,72,152,1,-1,-1,-1
23,0,1470,449,108,176,1,-1,-1,-1
23,1,1345,509,65,175,1,-1,-1,-1
23,2,890,526,73,138,1,-1,-1,-1
23,3,209,488,156,204,1,-1,-1,-1
23,4,980,541,46,133,1,-1,-1,-1
23,5,1734,488,136,196,1,-1,-1,-1
23,6,896,519,69,145,1,-1,-1,-1
24,0,1469,448,108,176,1,-1,-1,-1
24,1,1338,509,68,184,1,-1,-1,-1
24,2,891,520,76,145,1,-1,-1,-1
24,3,204,484,164,214,1,-1,-1,-1
24,4,973,544,44,127,1,-1,-1,-1
24,5,1733,488,136,196,1,-1,-1,-1
24,6,898,513,69,145,1,-1,-1,-1
25,0,1460,440,108,168,1,-1,-1,-1
25,1,1320,528,80,148,1,-1,-1,-1
25,2,891,520,76,145,1,-1,-1,-1
25,3,204,484,164,214,1,-1,-1,-1
25,4,973,544,44,127,1,-1,-1,-1
25,5,1728,500,128,176,1,-1,-1,-1
25,6,898,513,69,145,1,-1,-1,-1
26,0,1459,440,108,168,1,-1,-1,-1
26,1,1318,526,80,148,1,-1,-1,-1
26,2,888,522,76,145,1,-1,-1,-1
26,3,200,482,164,214,1,-1,-1,-1
26,4,968,544,46,133,1,-1,-1,-1
26,5,1726,500,128,176,1,-1,-1,-1
26,6,894,501,69,145,1,-1,-1,-1
27,0,1457,440,108,168,1,-1,-1,-1
27,1,1313,522,84,155,1,-1,-1,-1
27,2,886,514,76,145,1,-1,-1,-1
27,3,202,486,156,204,1,-1,-1,-1
27,4,966,545,46,133,1,-1,-1,-1
27,5,1723,503,128,176,1,-1,-1,-1
27,6,892,501,69,145,1,-1,-1,-1
28,0,1459,443,103,160,1,-1,-1,-1
28,1,1308,525,84,155,1,-1,-1,-1
28,2,887,502,76,145,1,-1,-1,-1
28,3,199,486,156,204,1,-1,-1,-1
28,4,961,539,48,140,1,-1,-1,-1
28,5,1721,505,128,176,1,-1,-1,-1
28,6,888,498,72,152,1,-1,-1,-1
29,0,1457,443,103,160,1,-1,-1,-1
29,1,1307,532,80,148,1,-1,-1,-1
29,2,885,504,76,145,1,-1,-1,-1
29,3,197,486,156,204,1,-1,-1,-1
29,4,957,542,46,133,1,-1,-1,-1
29,5,1717,506,128,176,1,-1,-1,-1
29,6,883,498,72,152,1,-1,-1,-1
30,0,1455,442,103,160,1,-1,-1,-1
30,1,1301,530,84,155,1,-1,-1,-1
30,2,883,506,76,145,1,-1,-1,-1
30,3,194,487,156,204,1,-1,-1,-1
30,4,950,540,46,133,1,-1,-1,-1
30,5,1714,506,128,176,1,-1,-1,-1
30,6,883,500,69,145,1,-1,-1,-1
31,0,1453,442,103,160,1,-1,-1,-1
31,1,1298,532,84,155,1,-1,-1,-1
31,2,881,518,76,145,1,-1,-1,-1
31,3,192,487,156,204,1,-1,-1,-1
31,4,951,544,44,127,1,-1,-1,-1
31,5,1711,504,128,176,1,-1,-1,-1
31,6,880,503,69,145,1,-1,-1,-1
32,0,1447,437,108,168,1,-1,-1,-1
32,1,1295,530,84,155,1,-1,-1,-1
32,2,882,519,76,145,1,-1,-1,-1
32,3,190,486,156,204,1,-1,-1,-1
32,5,1709,503,128,176,1,-1,-1,-1
32,6,876,501,72,152,1,-1,-1,-1
33,0,1448,436,108,180,1,-1,-1,-1
33,1,1295,530,84,155,1,-1,-1,-1
33,2,882,519,76,145,1,-1,-1,-1
33,3,184,488,160,200,1,-1,-1,-1
33,5,1712,492,112,176,1,-1,-1,-1
33,6,876,501,72,152,1,-1,-1,-1
33,7,940,524,116,132,1,-1,-1,-1
33,8,1260,524,76,140,1,-1,-1,-1
34,0,1447,436,108,180,1,-1,-1,-1
34,1,1282,524,84,155,1,-1,-1,-1
34,2,883,532,73,138,1,-1,-1,-1
34,3,182,488,160,200,1,-1,-1,-1
34,5,1710,491,112,176,1,-1,-1,-1
34,6,866,499,76,160,1,-1,-1,-1
34,7,937,522,116,132,1,-1,-1,-1
34,8,1252,524,76,140,1,-1,-1,-1
35,0,1446,435,108,180,1,-1,-1,-1
35,1,1271,524,84,155,1,-1,-1,-1
35,2,879,534,73,138,1,-1,-1,-1
35,3,182,489,160,200,1,-1,-1,-1
35,5,1704,492,112,176,1,-1,-1,-1
35,6,863,494,80,168,1,-1,-1,-1
35,7,932,520,116,132,1,-1,-1,-1
35,8,1245,523,76,140,1,-1,-1,-1
36,0,1444,434,108,180,1,-1,-1,-1
36,1,1251,518,88,163,1,-1,-1,-1
36,2,880,537,69,132,1,-1,-1,-1
36,3,180,489,160,200,1,-1,-1,-1
36,5,1698,491,112,176,1,-1,-1,-1
36,6,862,497,80,168,1,-1,-1,-1
36,7,934,522,110,126,1,-1,-1,-1
36,8,1234,517,72,133,1,-1,-1,-1
37,0,1442,435,108,180,1,-1,-1,-1
37,1,1237,514,88,163,1,-1,-1,-1
37,2,878,540,69,132,1,-1,-1,-1
37,3,178,490,160,200,1,-1,-1,-1
37,5,1689,488,118,185,1,-1,-1,-1
37,6,859,494,80,168,1,-1,-1,-1
37,7,929,522,110,126,1,-1,-1,-1
37,8,1222,520,72,133,1,-1,-1,-1
38,0,1438,432,113,189,1,-1,-1,-1
38,1,1235,524,88,163,1,-1,-1,-1
38,2,871,526,73,138,1,-1,-1,-1
38,3,178,491,160,200,1,-1,-1,-1
38,5,1681,488,118,185,1,-1,-1,-1
38,6,859,492,80,168,1,-1,-1,-1
38,7,928,522,110,126,1,-1,-1,-1
38,8,1220,526,69,127,1,-1,-1,-1
39,0,1442,437,108,180,1,-1,-1,-1
39,1,1221,513,88,163,1,-1,-1,-1
39,2,865,514,76,145,1,-1,-1,-1
39,3,179,492,160,200,1,-1,-1,-1
39,5,1668,487,118,185,1,-1,-1,-1
39,6,862,494,80,168,1,-1,-1,-1
39,7,931,526,110,126,1,-1,-1,-1
39,8,1217,525,72,133,1,-1,-1,-1
40,0,1442,437,108,180,1,-1,-1,-1
40,1,1218,525,93,171,1,-1,-1,-1
40,2,867,512,76,145,1,-1,-1,-1
40,3,180,492,160,200,1,-1,-1,-1
40,5,1673,488,112,176,1,-1,-1,-1
40,6,864,487,80,168,1,-1,-1,-1
40,7,931,532,110,126,1,-1,-1,-1
40,8,1218,527,69,127,1,-1,-1,-1
41,0,1444,436,108,172,1,-1,-1,-1
41,1,1218,525,93,171,1,-1,-1,-1
41,2,867,512,76,145,1,-1,-1,-1
41,3,188,488,160,212,1,-1,-1,-1
41,5,1673,488,112,176,1,-1,-1,-1
41,6,864,487,80,168,1,-1,-1,-1
41,7,932,536,72,128,1,-1,-1,-1
41,8,1216,520,68,148,1,-1,-1,-1
41,9,1636,528,100,140,1,-1,-1,-1
42,0,1448,440,103,164,1,-1,-1,-1
42,1,1211,526,93,171,1,-1,-1,-1
42,2,866,499,76,145,1,-1,-1,-1
42,3,189,489,160,212,1,-1,-1,-1
42,5,1704,487,112,176,1,-1,-1,-1
42,6,864,487,80,168,1,-1,-1,-1
42,7,930,536,72,128,1,-1,-1,-1
42,8,1215,521,68,148,1,-1,-1,-1
42,9,1633,528,100,140,1,-1,-1,-1
43,0,1451,439,103,164,1,-1,-1,-1
43,1,1206,513,93,171,1,-1,-1,-1
43,2,866,496,76,145,1,-1,-1,-1
43,3,195,490,160,212,1,-1,-1,-1
43,5,1713,485,112,176,1,-1,-1,-1
43,6,864,491,80,168,1,-1,-1,-1
43,7,931,537,72,128,1,-1,-1,-1
43,8,1214,523,68,148,1,-1,-1,-1
43,9,1633,527,100,140,1,-1,-1,-1
44,0,1455,440,103,164,1,-1,-1,-1
44,1,1206,513,93,171,1,-1,-1,-1
44,2,867,497,76,145,1,-1,-1,-1
44,3,202,496,152,202,1,-1,-1,-1
44,5,1716,487,112,176,1,-1,-1,-1
44,6,864,490,80,168,1,-1,-1,-1
44,7,942,526,72,128,1,-1,-1,-1
44,8,1212,513,71,155,1,-1,-1,-1
44,9,1631,525,100,140,1,-1,-1,-1
45,0,1458,438,103,164,1,-1,-1,-1
45,1,1205,511,93,171,1,-1,-1,-1
45,2,867,498,76,145,1,-1,-1,-1
45,3,205,496,152,202,1,-1,-1,-1
45,5,1720,487,112,176,1,-1,-1,-1
45,6,863,487,80,168,1,-1,-1,-1
45,7,945,525,72,128,1,-1,-1,-1
45,8,1210,512,71,155,1,-1,-1,-1
45,9,1627,525,100,140,1,-1,-1,-1
46,0,1461,438,103,164,1,-1,-1,-1
46,1,1205,512,93,171,1,-1,-1,-1
46,2,875,512,73,138,1,-1,-1,-1
46,3,210,496,152,202,1,-1,-1,-1
46,5,1726,485,112,176,1,-1,-1,-1
46,6,861,484,84,176,1,-1,-1,-1
46,7,945,520,76,134,1,-1,-1,-1
46,8,1209,509,71,155,1,-1,-1,-1
46,9,1626,529,100,140,1,-1,-1,-1
47,0,1466,437,103,164,1,-1,-1,-1
47,1,1207,516,88,163,1,-1,-1,-1
47,2,876,513,73,138,1,-1,-1,-1
47,3,213,496,152,202,1,-1,-1,-1
47,5,1724,486,112,176,1,-1,-1,-1
47,6,864,479,84,176,1,-1,-1,-1
47,7,945,515,79,141,1,-1,-1,-1
47,8,1205,506,71,155,1,-1,-1,-1
47,9,1625,537,100,140,1,-1,-1,-1
48,0,1467,437,103,164,1,-1,-1,-1
48,1,1204,511,88,163,1,-1,-1,-1
48,2,879,511,73,138,1,-1,-1,-1
48,3,216,497,152,202,1,-1,-1,-1
48,5,1731,483,112,176,1,-1,-1,-1
48,6,861,474,88,185,1,-1,-1,-1
48,7,947,510,83,148,1,-1,-1,-1
48,8,1201,504,75,163,1,-1,-1,-1
48,9,1622,536,100,140,1,-1,-1,-1
49,0,1472,432,104,176,1,-1,-1,-1
49,1,1204,511,88,163,1,-1,-1,-1
49,2,879,511,73,138,1,-1,-1,-1
49,3,216,497,152,202,1,-1,-1,-1
49,5,1731,483,112,176,1,-1,-1,-1
49,6,861,474,88,185,1,-1,-1,-1
49,7,947,510,83,148,1,-1,-1,-1
49,8,1192,520,84,144,1,-1,-1,-1
49,9,1624,520,92,140,1,-1,-1,-1
50,0,1475,436,99,168,1,-1,-1,-1
50,1,1194,513,88,163,1,-1,-1,-1
50,2,877,512,73,138,1,-1,-1,-1
50,3,221,497,152,202,1,-1,-1,-1
50,5,1732,483,112,176,1,-1,-1,-1
50,6,861,472,88,185,1,-1,-1,-1
50,7,950,506,88,156,1,-1,-1,-1
50,8,1190,518,84,144,1,-1,-1,-1
50,9,1623,517,92,140,1,-1,-1,-1
51,0,1476,431,104,176,1,-1,-1,-1
51,1,1185,512,88,163,1,-1,-1,-1
51,2,877,510,73,138,1,-1,-1,-1
51,3,225,497,152,202,1,-1,-1,-1
51,5,1737,481,112,176,1,-1,-1,-1
51,6,862,469,92,194,1,-1,-1,-1
51,7,946,514,88,156,1,-1,-1,-1
51,8,1187,517,84,144,1,-1,-1,-1
51,9,1621,514,92,140,1,-1,-1,-1
52,0,1480,431,104,176,1,-1,-1,-1
52,1,1182,494,88,163,1,-1,-1,-1
52,2,875,509,73,138,1,-1,-1,-1
52,3,228,498,152,202,1,-1,-1,-1
52,5,1741,482,112,176,1,-1,-1,-1
52,6,867,481,88,185,1,-1,-1,-1
52,7,945,517,83,148,1,-1,-1,-1
52,8,1178,509,88,151,1,-1,-1,-1
52,9,1618,511,92,140,1,-1,-1,-1
53,0,1484,432,104,176,1,-1,-1,-1
53,1,1177,500,88,163,1,-1,-1,-1
53,2,871,502,73,138,1,-1,-1,-1
53,3,230,496,152,202,1,-1,-1,-1
53,5,1744,482,112,176,1,-1,-1,-1
53,6,870,484,88,185,1,-1,-1,-1
53,7,941,517,83,148,1,-1,-1,-1
53,8,1175,509,88,151,1,-1,-1,-1
53,9,1614,509,92,140,1,-1,-1,-1
54,0,1487,432,104,176,1,-1,-1,-1
54,1,1174,504,88,163,1,-1,-1,-1
54,2,869,487,76,145,1,-1,-1,-1
54,3,234,496,152,202,1,-1,-1,-1
54,5,1748,483,112,176,1,-1,-1,-1
54,6,873,472,88,185,1,-1,-1,-1
54,7,940,513,83,148,1,-1,-1,-1
54,8,1169,506,93,159,1,-1,-1,-1
54,9,1611,510,92,140,1,-1,-1,-1
55,0,1490,433,104,176,1,-1,-1,-1
55,1,1173,507,88,163,1,-1,-1,-1
55,2,872,488,76,145,1,-1,-1,-1
55,3,237,497,152,202,1,-1,-1,-1
55,5,1752,482,112,176,1,-1,-1,-1
55,6,871,464,92,194,1,-1,-1,-1
55,7,929,518,83,148,1,-1,-1,-1
55,8,1163,502,97,167,1,-1,-1,-1
55,9,1606,509,92,140,1,-1,-1,-1
56,0,1493,433,104,176,1,-1,-1,-1
56,1,1169,511,88,163,1,-1,-1,-1
56,2,875,487,76,145,1,-1,-1,-1
56,3,239,497,152,202,1,-1,-1,-1
56,5,1756,483,112,176,1,-1,-1,-1
56,6,871,451,97,204,1,-1,-1,-1
56,7,937,517,83,148,1,-1,-1,-1
56,8,1158,496,102,175,1,-1,-1,-1
56,9,1603,509,92,140,1,-1,-1,-1
57,0,1496,436,124,172,1,-1,-1,-1
57,1,1169,511,88,163,1,-1,-1,-1
57,2,875,487,76,145,1,-1,-1,-1
57,3,239,497,152,202,1,-1,-1,-1
57,5,1764,484,132,172,1,-1,-1,-1
57,6,871,451,97,204,1,-1,-1,-1
57,7,948,536,60,120,1,-1,-1,-1
57,8,1144,500,96,164,1,-1,-1,-1
57,9,1612,524,84,136,1,-1,-1,-1
58,0,1497,437,124,172,1,-1,-1,-1
58,1,1166,515,88,163,1,-1,-1,-1
58,2,876,483,76,145,1,-1,-1,-1
58,3,245,499,152,202,1,-1,-1,-1
58,5,1766,484,132,172,1,-1,-1,-1
58,6,868,443,102,214,1,-1,-1,-1
58,7,948,539,60,120,1,-1,-1,-1
58,8,1140,501,96,164,1,-1,-1,-1
58,9,1608,524,84,136,1,-1,-1,-1
59,0,1500,439,124,172,1,-1,-1,-1
59,1,1165,527,88,163,1,-1,-1,-1
59,2,876,485,76,145,1,-1,-1,-1
59,3,247,499,152,202,1,-1,-1,-1
59,5,1769,484,132,172,1,-1,-1,-1
59,6,866,432,107,225,1,-1,-1,-1
59,7,949,544,60,120,1,-1,-1,-1
59,8,1139,505,96,164,1,-1,-1,-1
59,9,1607,524,84,136,1,-1,-1,-1
60,0,1502,440,124,172,1,-1,-1,-1
60,1,1157,529,88,163,1,-1,-1,-1
60,2,875,491,76,145,1,-1,-1,-1
60,3,251,502,152,202,1,-1,-1,-1
60,5,1772,486,132,172,1,-1,-1,-1
60,6,864,440,107,225,1,-1,-1,-1
60,7,948,548,63,126,1,-1,-1,-1
60,8,1138,514,96,164,1,-1,-1,-1
60,9,1605,521,88,143,1,-1,-1,-1
61,0,1504,442,124,172,1,-1,-1,-1
61,1,1150,514,93,171,1,-1,-1,-1
61,2,875,491,76,145,1,-1,-1,-1
61,3,252,502,152,202,1,-1,-1,-1
61,5,1774,488,132,172,1,-1,-1,-1
61,6,859,439,107,225,1,-1,-1,-1
61,7,949,547,63,126,1,-1,-1,-1
61,8,1132,513,96,164,1,-1,-1,-1
61,9,1603,523,88,143,1,-1,-1,-1
62,0,1506,444,124,172,1,-1,-1,-1
62,1,1143,519,97,180,1,-1,-1,-1
62,2,875,494,76,145,1,-1,-1,-1
62,3,254,505,152,202,1,-1,-1,-1
62,5,1776,490,132,172,1,-1,-1,-1
62,6,854,439,107,225,1,-1,-1,-1
62,7,952,546,63,126,1,-1,-1,-1
62,8,1115,513,96,164,1,-1,-1,-1
62,9,1601,525,88,143,1,-1,-1,-1
63,0,1507,446,124,172,1,-1,-1,-1
63,1,1132,515,97,180,1,-1,-1,-1
63,2,875,497,76,145,1,-1,-1,-1
63,3,257,508,152,202,1,-1,-1,-1
63,5,1781,498,126,164,1,-1,-1,-1
63,6,853,445,107,225,1,-1,-1,-1
63,7,953,549,60,120,1,-1,-1,-1
63,8,1100,514,96,164,1,-1,-1,-1
63,9,1597,530,88,143,1,-1,-1,-1
64,0,1509,448,124,172,1,-1,-1,-1
64,1,1118,508,102,189,1,-1,-1,-1
64,2,875,503,80,152,1,-1,-1,-1
64,3,259,513,152,202,1,-1,-1,-1
64,5,1783,502,126,164,1,-1,-1,-1
64,6,851,456,107,225,1,-1,-1,-1
64,7,954,550,60,120,1,-1,-1,-1
64,8,1089,520,96,164,1,-1,-1,-1
64,9,1593,537,88,143,1,-1,-1,-1
65,0,1509,448,124,172,1,-1,-1,-1
65,1,1118,508,102,189,1,-1,-1,-1
65,2,875,503,80,152,1,-1,-1,-1
65,3,256,512,164,208,1,-1,-1,-1
65,5,1783,502,126,164,1,-1,-1,-1
65,6,851,456,107,225,1,-1,-1,-1
65,7,952,544,60,116,1,-1,-1,-1
65,8,1068,540,92,132,1,-1,-1,-1
65,9,1572,536,92,152,1,-1,-1,-1
66,0,1512,462,124,172,1,-1,-1,-1
66,1,1101,514,102,189,1,-1,-1,-1
66,2,873,507,80,152,1,-1,-1,-1
66,3,257,517,164,208,1,-1,-1,-1
66,5,1787,515,126,164,1,-1,-1,-1
66,6,851,456,107,225,1,-1,-1,-1
66,7,952,547,60,116,1,-1,-1,-1
66,8,1062,547,92,132,1,-1,-1,-1
66,9,1572,544,92,152,1,-1,-1,-1
67,0,1518,468,118,164,1,-1,-1,-1
67,1,1085,515,102,189,1,-1,-1,-1
67,2,875,507,80,152,1,-1,-1,-1
67,3,258,522,164,208,1,-1,-1,-1
67,5,1789,519,126,164,1,-1,-1,-1
67,6,853,454,107,225,1,-1,-1,-1
67,7,951,554,60,116,1,-1,-1,-1
67,8,1055,555,88,126,1,-1,-1,-1
67,9,1572,551,92,152,1,-1,-1,-1
68,0,1519,473,124,172,1,-1,-1,-1
68,1,1073,519,102,189,1,-1,-1,-1
68,2,875,512,80,152,1,-1,-1,-1
68,3,261,527,164,208,1,-1,-1,-1
68,5,1790,525,126,164,1,-1,-1,-1
68,6,855,457,112,236,1,-1,-1,-1
68,7,949,560,60,116,1,-1,-1,-1
68,8,1043,556,92,132,1,-1,-1,-1
68,9,1571,557,92,152,1,-1,-1,-1
69,0,1521,479,124,172,1,-1,-1,-1
69,1,1063,526,102,189,1,-1,-1,-1
69,2,875,538,80,152,1,-1,-1,-1
69,3,262,534,164,208,1,-1,-1,-1
69,5,1792,530,126,164,1,-1,-1,-1
69,6,856,476,107,225,1,-1,-1,-1
69,7,951,568,60,116,1,-1,-1,-1
69,8,1038,561,92,132,1,-1,-1,-1
69,9,1573,561,92,152,1,-1,-1,-1
70,0,1524,484,124,172,1,-1,-1,-1
70,1,1057,536,102,189,1,-1,-1,-1
70,2,874,548,80,152,1,-1,-1,-1
70,3,264,539,164,208,1,-1,-1,-1
70,5,1795,536,126,164,1,-1,-1,-1
70,6,857,479,102,214,1,-1,-1,-1
70,7,954,581,57,110,1,-1,-1,-1
70,8,1033,562,92,132,1,-1,-1,-1
70,9,1570,564,92,152,1,-1,-1,-1
71,0,1527,488,124,172,1,-1,-1,-1
71,1,1052,536,102,189,1,-1,-1,-1
71,2,872,541,80,152,1,-1,-1,-1
71,3,266,543,164,208,1,-1,-1,-1
71,5,1798,541,126,164,1,-1,-1,-1
71,6,858,483,102,214,1,-1,-1,-1
71,7,955,600,57,110,1,-1,-1,-1
71,8,1032,563,88,126,1,-1,-1,-1
71,9,1564,576,88,145,1,-1,-1,-1
72,0,1529,494,124,172,1,-1,-1,-1
72,1,1050,550,102,189,1,-1,-1,-1
72,2,860,521,84,160,1,-1,-1,-1
72,3,269,547,164,208,1,-1,-1,-1
72,5,1800,546,126,164,1,-1,-1,-1
72,6,858,489,97,204,1,-1,-1,-1
72,7,954,606,57,110,1,-1,-1,-1
72,8,1028,561,88,126,1,-1,-1,-1
72,9,1554,578,88,145,1,-1,-1,-1
73,0,1524,496,128,228,1,-1,-1,-1
73,1,1050,550,102,189,1,-1,-1,-1
73,2,860,521,84,160,1,-1,-1,-1
73,3,280,560,152,200,1,-1,-1,-1
73,5,1812,556,120,168,1,-1,-1,-1
73,6,858,489,97,204,1,-1,-1,-1
73,7,954,606,57,110,1,-1,-1,-1
73,8,1028,556,72,168,1,-1,-1,-1
73,9,1554,578,88,145,1,-1,-1,-1
74,0,1524,498,128,228,1,-1,-1,-1
74,1,1033,551,102,189,1,-1,-1,-1
74,2,855,520,84,160,1,-1,-1,-1
74,3,282,563,152,200,1,-1,-1,-1
74,5,1815,559,120,168,1,-1,-1,-1
74,6,856,497,97,204,1,-1,-1,-1
74,7,946,602,57,110,1,-1,-1,-1
74,8,1025,562,72,168,1,-1,-1,-1
74,9,1540,583,92,152,1,-1,-1,-1
75,0,1524,508,128,228,1,-1,-1,-1
75,1,1025,563,107,198,1,-1,-1,-1
75,2,855,524,84,160,1,-1,-1,-1
75,3,287,573,145,190,1,-1,-1,-1
75,5,1819,565,120,168,1,-1,-1,-1
75,6,856,496,97,204,1,-1,-1,-1
75,7,940,595,54,105,1,-1,-1,-1
75,8,1020,567,72,168,1,-1,-1,-1
75,9,1536,593,92,152,1,-1,-1,-1
76,0,1522,512,128,228,1,-1,-1,-1
76,1,1006,554,113,208,1,-1,-1,-1
76,2,860,539,80,152,1,-1,-1,-1
76,3,286,572,152,200,1,-1,-1,-1
76,5,1821,569,120,168,1,-1,-1,-1
76,6,854,506,92,194,1,-1,-1,-1
76,7,937,589,54,105,1,-1,-1,-1
76,8,1016,569,76,176,1,-1,-1,-1
76,9,1530,597,92,152,1,-1,-1,-1
77,0,1519,516,128,228,1,-1,-1,-1
77,1,1000,562,107,198,1,-1,-1,-1
77,2,860,550,76,145,1,-1,-1,-1
77,3,290,576,152,200,1,-1,-1,-1
77,5,1823,573,120,168,1,-1,-1,-1
77,6,853,510,92,194,1,-1,-1,-1
77,7,937,591,52,100,1,-1,-1,-1
77,8,1011,572,76,176,1,-1,-1,-1
77,9,1527,599,92,152,1,-1,-1,-1
78,0,1523,524,122,217,1,-1,-1,-1
78,1,999,577,102,189,1,-1,-1,-1
78,2,861,566,73,138,1,-1,-1,-1
78,3,293,580,152,200,1,-1,-1,-1
78,5,1826,578,120,168,1,-1,-1,-1
78,6,849,509,97,204,1,-1,-1,-1
78,7,937,590,52,100,1,-1,-1,-1
78,8,1000,582,72,168,1,-1,-1,-1
78,9,1520,596,97,160,1,-1,-1,-1
79,0,1539,523,122,217,1,-1,-1,-1
79,1,996,573,102,189,1,-1,-1,-1
79,2,859,570,73,138,1,-1,-1,-1
79,3,295,585,152,200,1,-1,-1,-1
79,5,1829,581,120,168,1,-1,-1,-1
79,6,849,522,97,204,1,-1,-1,-1
79,7,930,589,52,100,1,-1,-1,-1
79,8,1000,588,69,160,1,-1,-1,-1
79,9,1517,598,97,160,1,-1,-1,-1
80,0,1546,521,128,228,1,-1,-1,-1
80,1,996,573,102,189,1,-1,-1,-1
80,2,861,569,73,138,1,-1,-1,-1
80,3,298,590,152,200,1,-1,-1,-1
80,5,1831,585,120,168,1,-1,-1,-1
80,6,852,525,97,204,1,-1,-1,-1
80,7,920,598,52,100,1,-1,-1,-1
80,8,996,592,69,160,1,-1,-1,-1
80,9,1517,597,97,160,1,-1,-1,-1
81,0,1546,521,128,228,1,-1,-1,-1
81,1,996,573,102,189,1,-1,-1,-1
81,2,861,569,73,138,1,-1,-1,-1
81,3,296,588,160,204,1,-1,-1,-1
81,5,1832,588,116,160,1,-1,-1,-1
81,6,852,525,97,204,1,-1,-1,-1
81,7,920,598,52,100,1,-1,-1,-1
81,8,996,592,69,160,1,-1,-1,-1
81,9,1517,597,97,160,1,-1,-1,-1
81,10,1488,524,112,232,1,-1,-1,-1
82,0,1551,528,128,228,1,-1,-1,-1
82,1,993,582,97,180,1,-1,-1,-1
82,2,872,562,73,138,1,-1,-1,-1
82,3,297,590,160,204,1,-1,-1,-1
82,5,1834,590,116,160,1,-1,-1,-1
82,6,867,523,97,204,1,-1,-1,-1
82,7,918,610,52,100,1,-1,-1,-1
82,8,982,614,65,152,1,-1,-1,-1
82,9,1508,613,92,152,1,-1,-1,-1
82,10,1488,527,112,232,1,-1,-1,-1
83,0,1552,529,128,228,1,-1,-1,-1
83,1,987,581,97,180,1,-1,-1,-1
83,2,884,569,76,145,1,-1,-1,-1
83,3,300,592,160,204,1,-1,-1,-1
83,5,1836,593,116,160,1,-1,-1,-1
83,6,880,533,102,214,1,-1,-1,-1
83,7,920,632,52,100,1,-1,-1,-1
83,8,980,614,65,152,1,-1,-1,-1
83,9,1504,619,92,152,1,-1,-1,-1
83,10,1488,532,112,232,1,-1,-1,-1
84,0,1556,533,128,228,1,-1,-1,-1
84,1,985,581,97,180,1,-1,-1,-1
84,2,886,547,76,145,1,-1,-1,-1
84,3,302,594,160,204,1,-1,-1,-1
84,5,1838,595,116,160,1,-1,-1,-1
84,6,880,537,102,214,1,-1,-1,-1
84,7,917,643,54,105,1,-1,-1,-1
84,8,977,607,65,152,1,-1,-1,-1
84,9,1501,625,92,152,1,-1,-1,-1
84,10,1487,537,112,232,1,-1,-1,-1
85,0,1557,536,128,228,1,-1,-1,-1
85,1,978,583,97,180,1,-1,-1,-1
85,2,888,543,76,145,1,-1,-1,-1
85,3,300,593,168,214,1,-1,-1,-1
85,5,1840,598,116,160,1,-1,-1,-1
85,6,880,550,102,214,1,-1,-1,-1
85,7,919,647,52,100,1,-1,-1,-1
85,8,975,594,65,152,1,-1,-1,-1
85,9,1499,633,92,152,1,-1,-1,-1
85,10,1487,542,112,232,1,-1,-1,-1
86,0,1557,538,128,228,1,-1,-1,-1
86,1,974,584,97,180,1,-1,-1,-1
86,2,889,551,76,145,1,-1,-1,-1
86,3,305,599,160,204,1,-1,-1,-1
86,5,1841,601,116,160,1,-1,-1,-1
86,6,881,555,97,204,1,-1,-1,-1
86,7,916,650,52,100,1,-1,-1,-1
86,8,972,592,62,145,1,-1,-1,-1
86,9,1497,637,88,145,1,-1,-1,-1
86,10,1487,545,112,232,1,-1,-1,-1
87,0,1558,540,128,228,1,-1,-1,-1
87,1,965,586,97,180,1,-1,-1,-1
87,2,892,553,76,145,1,-1,-1,-1
87,3,307,601,160,204,1,-1,-1,-1
87,5,1843,603,116,160,1,-1,-1,-1
87,6,880,554,102,214,1,-1,-1,-1
87,7,915,651,52,100,1,-1,-1,-1
87,8,969,594,62,145,1,-1,-1,-1
87,9,1495,641,88,145,1,-1,-1,-1
87,10,1487,547,112,232,1,-1,-1,-1
88,0,1559,543,128,228,1,-1,-1,-1
88,1,961,588,97,180,1,-1,-1,-1
88,2,891,557,76,145,1,-1,-1,-1
88,3,308,603,160,204,1,-1,-1,-1
88,5,1845,605,116,160,1,-1,-1,-1
88,6,879,550,107,225,1,-1,-1,-1
88,7,913,651,54,105,1,-1,-1,-1
88,8,965,596,62,145,1,-1,-1,-1
88,9,1491,642,88,145,1,-1,-1,-1
88,10,1487,543,118,244,1,-1,-1,-1
89,0,1559,543,128,228,1,-1,-1,-1
89,1,961,588,97,180,1,-1,-1,-1
89,2,891,557,76,145,1,-1,-1,-1
89,3,308,596,160,216,1,-1,-1,-1
89,5,1845,605,116,160,1,-1,-1,-1
89,6,879,550,107,225,1,-1,-1,-1
89,7,913,651,54,105,1,-1,-1,-1
89,8,965,596,62,145,1,-1,-1,-1
89,9,1484,640,76,136,1,-1,-1,-1
89,10,1487,543,118,244,1,-1,-1,-1
90,0,1562,548,122,217,1,-1,-1,-1
90,1,943,588,102,189,1,-1,-1,-1
90,2,890,562,76,145,1,-1,-1,-1
90,3,309,597,160,216,1,-1,-1,-1
90,5,1847,608,116,160,1,-1,-1,-1
90,6,888,545,107,225,1,-1,-1,-1
90,7,902,669,54,105,1,-1,-1,-1
90,8,950,606,65,152,1,-1,-1,-1
90,9,1484,639,76,136,1,-1,-1,-1
90,10,1486,539,123,256,1,-1,-1,-1
91,0,1563,550,122,217,1,-1,-1,-1
91,1,938,595,102,189,1,-1,-1,-1
91,2,891,571,76,145,1,-1,-1,-1
91,3,310,599,160,216,1,-1,-1,-1
91,5,1846,610,116,160,1,-1,-1,-1
91,6,895,548,107,225,1,-1,-1,-1
91,7,900,665,54,105,1,-1,-1,-1
91,8,942,601,69,160,1,-1,-1,-1
91,9,1484,639,76,136,1,-1,-1,-1
91,10,1489,544,118,244,1,-1,-1,-1
92,0,1563,553,122,217,1,-1,-1,-1
92,1,935,599,102,189,1,-1,-1,-1
92,2,888,580,76,145,1,-1,-1,-1
92,3,311,600,160,216,1,-1,-1,-1
92,5,1847,611,116,160,1,-1,-1,-1
92,6,905,544,107,225,1,-1,-1,-1
92,7,899,660,54,105,1,-1,-1,-1
92,8,940,604,69,160,1,-1,-1,-1
92,9,1483,639,76,136,1,-1,-1,-1
92,10,1488,542,123,256,1,-1,-1,-1
93,0,1565,554,122,217,1,-1,-1,-1
93,1,934,602,97,180,1,-1,-1,-1
93,2,888,586,76,145,1,-1,-1,-1
93,3,311,601,160,216,1,-1,-1,-1
93,5,1847,613,116,160,1,-1,-1,-1
93,6,908,547,107,225,1,-1,-1,-1
93,7,898,651,54,105,1,-1,-1,-1
93,8,938,607,65,152,1,-1,-1,-1
93,9,1483,640,76,136,1,-1,-1,-1
93,10,1490,541,123,256,1,-1,-1,-1
94,0,1564,554,122,217,1,-1,-1,-1
94,1,932,611,93,171,1,-1,-1,-1
94,2,886,585,80,152,1,-1,-1,-1
94,3,311,602,160,216,1,-1,-1,-1
94,5,1846,614,116,160,1,-1,-1,-1
94,6,909,558,102,214,1,-1,-1,-1
94,7,886,641,54,105,1,-1,-1,-1
94,8,929,610,65,152,1,-1,-1,-1
94,9,1480,641,76,136,1,-1,-1,-1
94,10,1491,543,130,269,1,-1,-1,-1
95,0,1563,557,122,217,1,-1,-1,-1
95,1,923,600,97,180,1,-1,-1,-1
95,2,881,588,80,152,1,-1,-1,-1
95,3,310,602,160,216,1,-1,-1,-1
95,5,1846,615,116,160,1,-1,-1,-1
95,6,907,544,107,225,1,-1,-1,-1
95,7,885,610,54,105,1,-1,-1,-1
95,8,920,615,69,160,1,-1,-1,-1
95,9,1473,640,76,136,1,-1,-1,-1
95,10,1497,546,123,256,1,-1,-1,-1
96,0,1566,555,122,217,1,-1,-1,-1
96,1,922,601,93,171,1,-1,-1,-1
96,2,880,589,80,152,1,-1,-1,-1
96,3,310,603,160,216,1,-1,-1,-1
96,5,1846,616,116,160,1,-1,-1,-1
96,6,913,537,112,236,1,-1,-1,-1
96,7,883,604,54,105,1,-1,-1,-1
96,8,916,626,65,152,1,-1,-1,-1
96,9,1466,643,72,130,1,-1,-1,-1
96,10,1497,549,123,256,1,-1,-1,-1
97,0,1572,560,120,180,1,-1,-1,-1
97,1,922,601,93,171,1,-1,-1,-1
97,2,880,589,80,152,1,-1,-1,-1
97,3,312,616,156,212,1,-1,-1,-1
97,5,1846,616,116,160,1,-1,-1,-1
97,6,913,537,112,236,1,-1,-1,-1
97,7,883,604,54,105,1,-1,-1,-1
97,8,916,626,65,152,1,-1,-1,-1
97,9,1468,640,68,148,1,-1,-1,-1
97,10,1497,549,123,256,1,-1,-1,-1
98,0,1573,560,120,180,1,-1,-1,-1
98,1,913,593,88,163,1,-1,-1,-1
98,2,879,595,84,160,1,-1,-1,-1
98,3,312,616,156,212,1,-1,-1,-1
98,5,1842,614,122,168,1,-1,-1,-1
98,6,929,529,112,236,1,-1,-1,-1
98,7,877,600,57,110,1,-1,-1,-1
98,8,914,595,65,152,1,-1,-1,-1
98,9,1466,640,68,148,1,-1,-1,-1
98,10,1498,548,123,256,1,-1,-1,-1
99,0,1572,561,120,180,1,-1,-1,-1
99,1,909,595,88,163,1,-1,-1,-1
99,2,882,590,88,168,1,-1,-1,-1
99,3,313,616,156,212,1,-1,-1,-1
99,5,1841,615,122,168,1,-1,-1,-1
99,6,928,544,112,236,1,-1,-1,-1
99,7,878,630,57,110,1,-1,-1,-1
99,8,902,582,65,152,1,-1,-1,-1
99,9,1464,640,68,148,1,-1,-1,-1
99,10,1500,550,123,256,1,-1,-1,-1
100,0,1573,562,120,180,1,-1,-1,-1
100,1,901,592,93,171,1,-1,-1,-1
100,2,883,538,88,168,1,-1,-1,-1
100,3,313,617,156,212,1,-1,-1,-1
100,5,1839,617,122,168,1,-1,-1,-1
100,6,921,546,112,236,1,-1,-1,-1
100,7,873,660,57,110,1,-1,-1,-1
100,8,897,588,69,160,1,-1,-1,-1
100,9,1462,639,68,148,1,-1,-1,-1
100,10,1500,549,123,256,1,-1,-1,-1
101,0,1574,562,120,180,1,-1,-1,-1
101,1,897,594,93,171,1,-1,-1,-1
101,2,882,535,88,168,1,-1,-1,-1
101,3,313,618,156,212,1,-1,-1,-1
101,5,1841,621,116,160,1,-1,-1,-1
101,6,909,548,112,236,1,-1,-1,-1
101,7,872,659,60,116,1,-1,-1,-1
101,8,893,586,69,160,1,-1,-1,-1
101,9,1459,638,68,148,1,-1,-1,-1
101,10,1502,549,123,256,1,-1,-1,-1
102,0,1573,562,120,180,1,-1,-1,-1
102,1,892,587,93,171,1,-1,-1,-1
102,2,877,533,88,168,1,-1,-1,-1
102,3,313,618,156,212,1,-1,-1,-1
102,5,1840,621,116,160,1,-1,-1,-1
102,6,898,537,118,248,1,-1,-1,-1
102,7,872,669,57,110,1,-1,-1,-1
102,8,888,584,72,168,1,-1,-1,-1
102,9,1456,641,68,148,1,-1,-1,-1
102,10,1505,552,118,244,1,-1,-1,-1
103,0,1572,563,120,180,1,-1,-1,-1
103,1,882,587,97,180,1,-1,-1,-1
103,2,877,521,88,168,1,-1,-1,-1
103,3,312,618,156,212,1,-1,-1,-1
103,5,1839,623,116,160,1,-1,-1,-1
103,6,886,534,118,248,1,-1,-1,-1
103,7,874,624,57,110,1,-1,-1,-1
103,8,886,593,72,168,1,-1,-1,-1
103,9,1452,651,68,148,1,-1,-1,-1
103,10,1507,557,112,232,1,-1,-1,-1
104,0,1572,564,120,180,1,-1,-1,-1
104,1,883,591,93,171,1,-1,-1,-1
104,2,876,516,93,176,1,-1,-1,-1
104,3,311,618,156,212,1,-1,-1,-1
104,5,1838,624,116,160,1,-1,-1,-1
104,6,874,522,124,261,1,-1,-1,-1
104,7,884,617,60,116,1,-1,-1,-1
104,8,882,594,72,168,1,-1,-1,-1
104,9,1452,657,65,141,1,-1,-1,-1
104,10,1508,557,112,232,1,-1,-1,-1
105,0,1568,560,116,180,1,-1,-1,-1
105,1,883,591,93,171,1,-1,-1,-1
105,2,876,516,93,176,1,-1,-1,-1
105,3,312,620,160,208,1,-1,-1,-1
105,5,1832,628,128,176,1,-1,-1,-1
105,6,874,522,124,261,1,-1,-1,-1
105,7,884,617,60,116,1,-1,-1,-1
105,8,876,592,64,156,1,-1,-1,-1
105,9,1452,632,68,156,1,-1,-1,-1
105,10,1508,557,112,232,1,-1,-1,-1
105,11,1004,552,56,132,1,-1,-1,-1
106,0,1567,560,116,180,1,-1,-1,-1
106,1,878,586,93,171,1,-1,-1,-1
106,2,872,532,97,185,1,-1,-1,-1
106,3,312,620,160,208,1,-1,-1,-1
106,5,1831,628,128,176,1,-1,-1,-1
106,6,863,536,124,261,1,-1,-1,-1
106,7,891,659,63,122,1,-1,-1,-1
106,8,874,595,64,156,1,-1,-1,-1
106,9,1451,631,68,156,1,-1,-1,-1
106,10,1507,556,112,232,1,-1,-1,-1
106,11,1006,553,56,132,1,-1,-1,-1
107,0,1567,560,116,180,1,-1,-1,-1
107,1,872,581,97,180,1,-1,-1,-1
107,2,873,537,97,185,1,-1,-1,-1
107,3,313,621,160,208,1,-1,-1,-1
107,5,1829,628,128,176,1,-1,-1,-1
107,6,859,554,124,261,1,-1,-1,-1
107,7,892,671,60,116,1,-1,-1,-1
107,8,872,599,64,156,1,-1,-1,-1
107,9,1450,632,68,156,1,-1,-1,-1
107,10,1506,555,112,232,1,-1,-1,-1
107,11,1010,555,56,132,1,-1,-1,-1
108,0,1567,561,116,180,1,-1,-1,-1
108,1,864,579,102,189,1,-1,-1,-1
108,2,873,533,97,185,1,-1,-1,-1
108,3,313,622,160,208,1,-1,-1,-1
108,5,1828,628,128,176,1,-1,-1,-1
108,6,855,552,124,261,1,-1,-1,-1
108,7,891,685,57,110,1,-1,-1,-1
108,8,870,597,64,156,1,-1,-1,-1
108,9,1449,632,68,156,1,-1,-1,-1
108,10,1505,558,112,232,1,-1,-1,-1
108,11,1014,558,56,132,1,-1,-1,-1
109,0,1566,561,116,180,1,-1,-1,-1
109,1,859,571,107,198,1,-1,-1,-1
109,2,871,535,97,185,1,-1,-1,-1
109,3,312,623,160,208,1,-1,-1,-1
109,5,1827,630,128,176,1,-1,-1,-1
109,6,858,550,124,261,1,-1,-1,-1
109,7,890,682,57,110,1,-1,-1,-1
109,8,873,598,61,149,1,-1,-1,-1
109,9,1445,625,71,164,1,-1,-1,-1
109,10,1504,560,112,232,1,-1,-1,-1
109,11,1017,554,59,139,1,-1,-1,-1
110,0,1566,561,116,180,1,-1,-1,-1
110,1,859,571,107,198,1,-1,-1,-1
110,2,863,541,93,176,1,-1,-1,-1
110,3,312,622,160,208,1,-1,-1,-1
110,5,1827,630,128,176,1,-1,-1,-1
110,6,863,530,124,261,1,-1,-1,-1
110,7,892,670,57,110,1,-1,-1,-1
110,8,873,599,61,149,1,-1,-1,-1
110,9,1441,622,71,164,1,-1,-1,-1
110,10,1503,559,112,232,1,-1,-1,-1
110,11,1022,549,59,139,1,-1,-1,-1
111,0,1566,562,116,180,1,-1,-1,-1
111,1,858,572,107,198,1,-1,-1,-1
111,2,864,535,93,176,1,-1,-1,-1
111,3,310,622,160,208,1,-1,-1,-1
111,5,1825,631,128,176,1,-1,-1,-1
111,6,863,527,124,261,1,-1,-1,-1
111,7,884,669,60,116,1,-1,-1,-1
111,8,877,601,58,141,1,-1,-1,-1
111,9,1437,621,71,164,1,-1,-1,-1
111,10,1502,559,112,232,1,-1,-1,-1
111,11,1022,539,62,146,1,-1,-1,-1
112,0,1566,562,116,180,1,-1,-1,-1
112,1,856,571,107,198,1,-1,-1,-1
112,2,863,557,97,185,1,-1,-1,-1
112,3,310,622,160,208,1,-1,-1,-1
112,5,1823,632,128,176,1,-1,-1,-1
112,6,864,528,124,261,1,-1,-1,-1
112,7,881,665,63,122,1,-1,-1,-1
112,8,880,595,55,135,1,-1,-1,-1
112,9,1434,619,71,164,1,-1,-1,-1
112,10,1502,559,112,232,1,-1,-1,-1
112,11,1023,534,65,153,1,-1,-1,-1
113,0,1564,564,112,176,1,-1,-1,-1
113,1,856,571,107,198,1,-1,-1,-1
113,2,863,557,97,185,1,-1,-1,-1
113,3,312,620,160,208,1,-1,-1,-1
113,5,1816,632,108,168,1,-1,-1,-1
113,6,864,528,124,261,1,-1,-1,-1
113,7,881,665,63,122,1,-1,-1,-1
113,8,868,584,52,156,1,-1,-1,-1
113,9,1424,628,92,160,1,-1,-1,-1
113,10,1502,559,112,232,1,-1,-1,-1
113,11,1036,540,56,120,1,-1,-1,-1
114,0,1563,564,112,176,1,-1,-1,-1
114,1,855,577,102,189,1,-1,-1,-1
114,2,864,568,97,185,1,-1,-1,-1
114,3,311,620,160,208,1,-1,-1,-1
114,5,1814,632,108,168,1,-1,-1,-1
114,6,858,518,130,274,1,-1,-1,-1
114,7,880,691,60,116,1,-1,-1,-1
114,8,867,584,52,156,1,-1,-1,-1
114,9,1422,630,92,160,1,-1,-1,-1
114,10,1501,561,112,232,1,-1,-1,-1
114,11,1038,539,56,120,1,-1,-1,-1
115,0,1563,565,112,176,1,-1,-1,-1
115,1,854,569,102,189,1,-1,-1,-1
115,2,864,575,97,185,1,-1,-1,-1
115,3,310,620,160,208,1,-1,-1,-1
115,5,1813,632,108,168,1,-1,-1,-1
115,6,857,529,130,274,1,-1,-1,-1
115,7,879,687,60,116,1,-1,-1,-1
115,8,865,584,52,156,1,-1,-1,-1
115,9,1418,632,92,160,1,-1,-1,-1
115,10,1501,560,112,232,1,-1,-1,-1
115,11,1040,534,59,126,1,-1,-1,-1
116,0,1564,565,112,176,1,-1,-1,-1
116,1,854,569,102,189,1,-1,-1,-1
116,2,864,567,97,185,1,-1,-1,-1
116,3,311,620,160,208,1,-1,-1,-1
116,5,1811,631,108,168,1,-1,-1,-1
116,6,857,522,130,274,1,-1,-1,-1
116,7,871,668,63,122,1,-1,-1,-1
116,8,864,578,55,164,1,-1,-1,-1
116,9,1413,630,92,160,1,-1,-1,-1
116,10,1500,561,112,232,1,-1,-1,-1
116,11,1045,533,56,120,1,-1,-1,-1
117,0,1564,565,112,176,1,-1,-1,-1
117,1,854,570,102,189,1,-1,-1,-1
117,2,858,569,102,194,1,-1,-1,-1
117,3,311,620,160,208,1,-1,-1,-1
117,5,1807,628,113,176,1,-1,-1,-1
117,6,857,523,130,274,1,-1,-1,-1
117,7,864,668,63,122,1,-1,-1,-1
117,8,864,583,52,156,1,-1,-1,-1
117,9,1405,625,97,168,1,-1,-1,-1
117,10,1500,561,112,232,1,-1,-1,-1
117,11,1049,531,56,120,1,-1,-1,-1
118,0,1562,565,112,176,1,-1,-1,-1
118,1,853,573,102,189,1,-1,-1,-1
118,2,859,563,102,194,1,-1,-1,-1
118,3,310,620,160,208,1,-1,-1,-1
118,5,1803,628,113,176,1,-1,-1,-1
118,6,857,520,130,274,1,-1,-1,-1
118,7,863,650,63,122,1,-1,-1,-1
118,8,864,588,50,149,1,-1,-1,-1
118,9,1402,625,97,168,1,-1,-1,-1
118,10,1500,561,112,232,1,-1,-1,-1
118,11,1052,532,56,120,1,-1,-1,-1
119,0,1562,565,112,176,1,-1,-1,-1
119,1,848,568,107,198,1,-1,-1,-1
119,2,859,570,97,185,1,-1,-1,-1
119,3,309,620,160,208,1,-1,-1,-1
119,5,1802,628,113,176,1,-1,-1,-1
119,6,852,523,130,274,1,-1,-1,-1
119,7,865,661,63,122,1,-1,-1,-1
119,8,862,585,50,149,1,-1,-1,-1
119,9,1400,623,97,168,1,-1,-1,-1
119,10,1499,562,112,232,1,-1,-1,-1
119,11,1051,531,56,120,1,-1,-1,-1
120,0,1561,566,112,176,1,-1,-1,-1
120,1,850,570,102,189,1,-1,-1,-1
120,2,857,571,97,185,1,-1,-1,-1
120,3,308,620,160,208,1,-1,-1,-1
120,5,1800,629,113,176,1,-1,-1,-1
120,6,851,524,130,274,1,-1,-1,-1
120,7,866,642,66,128,1,-1,-1,-1
120,8,859,584,52,156,1,-1,-1,-1
120,9,1396,624,97,168,1,-1,-1,-1
120,10,1498,564,112,232,1,-1,-1,-1
120,11,1052,533,56,120,1,-1,-1,-1
121,0,1560,564,108,180,1,-1,-1,-1
121,1,850,570,102,189,1,-1,-1,-1
121,2,876,572,72,168,1,-1,-1,-1
121,3,304,620,160,208,1,-1,-1,-1
121,5,1800,628,108,176,1,-1,-1,-1
121,6,851,524,130,274,1,-1,-1,-1
121,7,866,642,66,128,1,-1,-1,-1
121,8,859,584,52,156,1,-1,-1,-1
121,9,1380,636,84,148,1,-1,-1,-1
121,10,1498,564,112,232,1,-1,-1,-1
121,11,1052,533,56,120,1,-1,-1,-1
122,0,1560,563,108,180,1,-1,-1,-1
122,1,852,565,102,189,1,-1,-1,-1
122,2,877,573,72,168,1,-1,-1,-1
122,3,303,622,160,208,1,-1,-1,-1
122,5,1796,624,113,185,1,-1,-1,-1
122,6,850,524,130,274,1,-1,-1,-1
122,7,865,655,63,122,1,-1,-1,-1
122,8,872,534,55,164,1,-1,-1,-1
122,9,1378,637,84,148,1,-1,-1,-1
122,10,1497,560,112,232,1,-1,-1,-1
122,11,1051,539,56,120,1,-1,-1,-1
123,0,1559,564,108,180,1,-1,-1,-1
123,1,856,562,102,189,1,-1,-1,-1
123,2,878,575,72,168,1,-1,-1,-1
123,3,305,627,152,198,1,-1,-1,-1
123,5,1795,624,113,185,1,-1,-1,-1
123,6,852,531,130,274,1,-1,-1,-1
123,7,857,666,63,122,1,-1,-1,-1
123,8,876,537,55,164,1,-1,-1,-1
123,9,1374,637,84,148,1,-1,-1,-1
123,10,1494,560,112,232,1,-1,-1,-1
123,11,1053,536,59,126,1,-1,-1,-1
124,0,1557,564,108,180,1,-1,-1,-1
124,1,869,524,102,189,1,-1,-1,-1
124,2,877,578,72,168,1,-1,-1,-1
124,3,308,631,145,189,1,-1,-1,-1
124,5,1793,625,113,185,1,-1,-1,-1
124,6,858,539,124,261,1,-1,-1,-1
124,7,859,667,63,122,1,-1,-1,-1
124,8,878,542,52,156,1,-1,-1,-1
124,9,1371,640,84,148,1,-1,-1,-1
124,10,1493,561,112,232,1,-1,-1,-1
124,11,1054,534,62,132,1,-1,-1,-1
125,0,1555,565,108,180,1,-1,-1,-1
125,1,876,518,97,180,1,-1,-1,-1
125,2,877,576,72,168,1,-1,-1,-1
125,3,307,633,145,189,1,-1,-1,-1
125,5,1791,625,113,185,1,-1,-1,-1
125,6,856,534,124,261,1,-1,-1,-1
125,7,857,666,63,122,1,-1,-1,-1
125,8,879,540,52,156,1,-1,-1,-1
125,9,1367,643,84,148,1,-1,-1,-1
125,10,1493,563,112,232,1,-1,-1,-1
125,11,1059,535,62,132,1,-1,-1,-1
126,0,1555,566,108,180,1,-1,-1,-1
126,1,888,515,97,180,1,-1,-1,-1
126,2,880,579,69,160,1,-1,-1,-1
126,3,306,634,145,189,1,-1,-1,-1
126,5,1792,629,108,176,1,-1,-1,-1
126,6,856,533,124,261,1,-1,-1,-1
126,7,855,665,63,122,1,-1,-1,-1
126,8,893,527,50,149,1,-1,-1,-1
126,9,1363,646,84,148,1,-1,-1,-1
126,10,1491,564,112,232,1,-1,-1,-1
126,11,1058,531,62,132,1,-1,-1,-1
127,0,1553,566,108,180,1,-1,-1,-1
127,1,893,513,97,180,1,-1,-1,-1
127,2,882,587,65,152,1,-1,-1,-1
127,3,303,634,145,189,1,-1,-1,-1
127,5,1790,629,108,176,1,-1,-1,-1
127,6,857,537,124,261,1,-1,-1,-1
127,7,857,668,60,116,1,-1,-1,-1
127,8,895,517,50,149,1,-1,-1,-1
127,9,1362,646,84,148,1,-1,-1,-1
127,10,1490,562,112,232,1,-1,-1,-1
127,11,1056,528,62,132,1,-1,-1,-1
128,0,1553,567,108,180,1,-1,-1,-1
128,1,901,516,97,180,1,-1,-1,-1
128,2,881,582,65,152,1,-1,-1,-1
128,3,303,633,145,189,1,-1,-1,-1
128,5,1792,634,103,168,1,-1,-1,-1
128,6,858,541,124,261,1,-1,-1,-1
128,7,861,667,60,116,1,-1,-1,-1
128,8,897,529,50,149,1,-1,-1,-1
128,9,1361,646,84,148,1,-1,-1,-1
128,10,1489,564,112,232,1,-1,-1,-1
128,11,1057,526,62,132,1,-1,-1,-1
129,0,1548,568,108,180,1,-1,-1,-1
129,1,901,516,97,180,1,-1,-1,-1
129,2,881,582,65,152,1,-1,-1,-1
129,3,292,620,164,212,1,-1,-1,-1
129,5,1780,632,116,192,1,-1,-1,-1
129,6,858,541,124,261,1,-1,-1,-1
129,7,861,667,60,116,1,-1,-1,-1
129,8,897,529,50,149,1,-1,-1,-1
129,9,1356,628,76,148,1,-1,-1,-1
129,10,1489,564,112,232,1,-1,-1,-1
129,11,1057,526,62,132,1,-1,-1,-1
130,0,1547,567,108,180,1,-1,-1,-1
130,1,907,518,97,180,1,-1,-1,-1
130,2,875,605,65,152,1,-1,-1,-1
130,3,291,620,164,212,1,-1,-1,-1
130,5,1780,632,116,192,1,-1,-1,-1
130,6,860,534,124,261,1,-1,-1,-1
130,7,865,669,57,110,1,-1,-1,-1
130,8,900,543,50,149,1,-1,-1,-1
130,9,1355,627,76,148,1,-1,-1,-1
130,10,1488,563,112,232,1,-1,-1,-1
130,11,1051,515,65,139,1,-1,-1,-1
131,0,1546,566,108,180,1,-1,-1,-1
131,1,914,521,97,180,1,-1,-1,-1
131,2,873,602,65,152,1,-1,-1,-1
131,3,289,620,164,212,1,-1,-1,-1
131,5,1779,632,116,192,1,-1,-1,-1
131,6,860,535,124,261,1,-1,-1,-1
131,7,866,666,60,116,1,-1,-1,-1
131,8,904,535,50,149,1,-1,-1,-1
131,9,1353,627,76,148,1,-1,-1,-1
131,10,1487,563,112,232,1,-1,-1,-1
131,11,1051,511,65,139,1,-1,-1,-1
132,0,1544,568,108,180,1,-1,-1,-1
132,1,927,525,93,171,1,-1,-1,-1
132,2,873,602,65,152,1,-1,-1,-1
132,3,288,621,164,212,1,-1,-1,-1
132,5,1776,633,116,192,1,-1,-1,-1
132,6,860,532,124,261,1,-1,-1,-1
132,7,872,647,60,116,1,-1,-1,-1
132,8,911,538,47,141,1,-1,-1,-1
132,9,1348,623,80,155,1,-1,-1,-1
132,10,1485,563,112,232,1,-1,-1,-1
132,11,1051,510,65,139,1,-1,-1,-1
133,0,1543,569,108,180,1,-1,-1,-1
133,1,924,518,93,171,1,-1,-1,-1
133,2,861,615,65,152,1,-1,-1,-1
133,3,287,621,164,212,1,-1,-1,-1
133,5,1776,632,116,192,1,-1,-1,-1
133,6,861,527,124,261,1,-1,-1,-1
133,7,877,672,57,110,1,-1,-1,-1
133,8,912,509,50,149,1,-1,-1,-1
133,9,1346,622,80,155,1,-1,-1,-1
133,10,1484,564,112,232,1,-1,-1,-1
133,11,1051,526,62,132,1,-1,-1,-1
134,0,1543,569,108,180,1,-1,-1,-1
134,1,920,515,97,180,1,-1,-1,-1
134,2,859,595,69,160,1,-1,-1,-1
134,3,285,621,164,212,1,-1,-1,-1
134,5,1775,632,116,192,1,-1,-1,-1
134,6,860,528,124,261,1,-1,-1,-1
134,7,878,683,54,105,1,-1,-1,-1
134,8,914,502,52,156,1,-1,-1,-1
134,9,1342,622,80,155,1,-1,-1,-1
134,10,1485,568,107,221,1,-1,-1,-1
134,11,1053,533,62,132,1,-1,-1,-1
135,0,1541,570,108,180,1,-1,-1,-1
135,1,917,488,102,189,1,-1,-1,-1
135,2,863,594,69,160,1,-1,-1,-1
135,3,284,622,164,212,1,-1,-1,-1
135,5,1776,637,110,183,1,-1,-1,-1
135,6,862,524,124,261,1,-1,-1,-1
135,7,878,677,54,105,1,-1,-1,-1
135,8,915,532,50,149,1,-1,-1,-1
135,9,1338,621,80,155,1,-1,-1,-1
135,10,1483,570,107,221,1,-1,-1,-1
135,11,1052,538,62,132,1,-1,-1,-1
136,0,1541,570,108,180,1,-1,-1,-1
136,1,916,478,107,198,1,-1,-1,-1
136,2,866,592,69,160,1,-1,-1,-1
136,3,283,622,164,212,1,-1,-1,-1
136,5,1775,637,110,183,1,-1,-1,-1
136,6,861,523,124,261,1,-1,-1,-1
136,7,875,672,57,110,1,-1,-1,-1
136,8,917,532,47,141,1,-1,-1,-1
136,9,1336,620,80,155,1,-1,-1,-1
136,10,1482,568,107,221,1,-1,-1,-1
136,11,1053,547,62,132,1,-1,-1,-1
137,0,1540,580,112,172,1,-1,-1,-1
137,1,916,478,107,198,1,-1,-1,-1
137,2,866,592,69,160,1,-1,-1,-1
137,3,280,632,160,200,1,-1,-1,-1
137,5,1764,640,124,160,1,-1,-1,-1
137,7,875,672,57,110,1,-1,-1,-1
137,8,917,532,47,141,1,-1,-1,-1
137,9,1324,648,88,140,1,-1,-1,-1
137,10,1482,568,107,221,1,-1,-1,-1
137,11,1053,547,62,132,1,-1,-1,-1
138,0,1535,576,112,172,1,-1,-1,-1
138,1,911,474,107,198,1,-1,-1,-1
138,2,863,594,69,160,1,-1,-1,-1
138,3,262,627,160,200,1,-1,-1,-1
138,5,1761,635,124,160,1,-1,-1,-1
138,7,867,671,57,110,1,-1,-1,-1
138,8,919,528,47,141,1,-1,-1,-1
138,9,1314,643,88,140,1,-1,-1,-1
138,10,1477,562,112,232,1,-1,-1,-1
138,11,1048,546,62,132,1,-1,-1,-1
139,0,1540,574,112,172,1,-1,-1,-1
139,1,909,467,113,208,1,-1,-1,-1
139,2,863,593,69,160,1,-1,-1,-1
139,3,255,628,160,200,1,-1,-1,-1
139,5,1770,635,124,160,1,-1,-1,-1
139,7,867,674,54,105,1,-1,-1,-1
139,8,922,529,47,141,1,-1,-1,-1
139,9,1315,642,88,140,1,-1,-1,-1
139,10,1478,561,112,232,1,-1,-1,-1
139,11,1047,542,62,132,1,-1,-1,-1
140,0,1551,576,112,172,1,-1,-1,-1
140,1,913,468,113,208,1,-1,-1,-1
140,2,860,577,72,168,1,-1,-1,-1
140,3,248,630,160,200,1,-1,-1,-1
140,5,1783,636,124,160,1,-1,-1,-1
140,7,875,659,54,105,1,-1,-1,-1
140,8,922,569,45,135,1,-1,-1,-1
140,9,1317,642,88,140,1,-1,-1,-1
140,10,1483,563,112,232,1,-1,-1,-1
140,11,1047,542,62,132,1,-1,-1,-1
141,0,1561,578,112,172,1,-1,-1,-1
141,1,915,466,113,208,1,-1,-1,-1
141,2,858,569,76,176,1,-1,-1,-1
141,3,230,633,160,200,1,-1,-1,-1
141,5,1798,639,124,160,1,-1,-1,-1
141,7,877,660,54,105,1,-1,-1,-1
141,8,924,527,45,135,1,-1,-1,-1
141,9,1323,646,84,133,1,-1,-1,-1
141,10,1494,565,112,232,1,-1,-1,-1
141,11,1049,539,62,132,1,-1,-1,-1
142,0,1568,578,112,172,1,-1,-1,-1
142,1,916,467,113,208,1,-1,-1,-1
142,2,858,547,79,185,1,-1,-1,-1
142,3,213,635,160,200,1,-1,-1,-1
142,5,1812,641,124,160,1,-1,-1,-1
142,7,865,657,57,110,1,-1,-1,-1
142,8,926,539,43,128,1,-1,-1,-1
142,9,1324,646,84,133,1,-1,-1,-1
142,10,1501,565,112,232,1,-1,-1,-1
142,11,1048,538,62,132,1,-1,-1,-1
143,0,1580,580,112,172,1,-1,-1,-1
143,1,929,493,113,208,1,-1,-1,-1
143,2,870,570,76,176,1,-1,-1,-1
143,3,201,639,160,200,1,-1,-1,-1
143,5,1825,643,124,160,1,-1,-1,-1
143,7,868,653,54,105,1,-1,-1,-1
143,8,931,543,43,128,1,-1,-1,-1
143,9,1328,652,80,127,1,-1,-1,-1
143,10,1508,561,118,244,1,-1,-1,-1
143,11,1050,538,65,139,1,-1,-1,-1
144,0,1586,583,112,172,1,-1,-1,-1
144,1,935,487,113,208,1,-1,-1,-1
144,2,872,571,79,185,1,-1,-1,-1
144,3,183,643,160,200,1,-1,-1,-1
144,5,1836,645,124,160,1,-1,-1,-1
144,8,939,542,43,128,1,-1,-1,-1
144,9,1330,655,80,127,1,-1,-1,-1
144,10,1512,562,118,244,1,-1,-1,-1
144,11,1049,537,65,139,1,-1,-1,-1
145,0,1596,564,120,200,1,-1,-1,-1
145,2,872,571,79,185,1,-1,-1,-1
145,3,183,643,160,200,1,-1,-1,-1
145,5,1856,636,128,192,1,-1,-1,-1
145,8,939,542,43,128,1,-1,-1,-1
145,9,1332,632,88,172,1,-1,-1,-1
145,10,1512,562,118,244,1,-1,-1,-1
145,11,1049,537,65,139,1,-1,-1,-1
146,0,1601,564,120,200,1,-1,-1,-1
146,2,880,569,79,185,1,-1,-1,-1
146,3,149,641,168,210,1,-1,-1,-1
146,5,1868,636,128,192,1,-1,-1,-1
146,8,943,528,43,128,1,-1,-1,-1
146,9,1333,633,88,172,1,-1,-1,-1
146,10,1529,561,118,244,1,-1,-1,-1
146,11,1047,532,65,139,1,-1,-1,-1
147,0,1609,565,120,200,1,-1,-1,-1
147,2,878,557,83,194,1,-1,-1,-1
147,3,122,636,176,220,1,-1,-1,-1
147,5,1880,637,128,192,1,-1,-1,-1
147,8,946,522,43,128,1,-1,-1,-1
147,9,1333,634,88,172,1,-1,-1,-1
147,10,1529,556,123,256,1,-1,-1,-1
147,11,1047,530,65,139,1,-1,-1,-1
148,0,1615,563,120,200,1,-1,-1,-1
148,2,874,555,83,194,1,-1,-1,-1
148,3,101,635,176,220,1,-1,-1,-1
148,5,1893,636,128,192,1,-1,-1,-1
148,9,1333,633,88,172,1,-1,-1,-1
148,10,1536,554,123,256,1,-1,-1,-1
148,11,1048,533,62,132,1,-1,-1,-1
149,0,1622,561,120,200,1,-1,-1,-1
149,2,872,557,83,194,1,-1,-1,-1
149,3,82,634,176,220,1,-1,-1,-1
149,5,1904,637,128,192,1,-1,-1,-1
149,9,1334,632,88,172,1,-1,-1,-1
149,10,1543,553,123,256,1,-1,-1,-1
149,11,1045,532,62,132,1,-1,-1,-1
150,0,1625,555,126,210,1,-1,-1,-1
150,2,872,556,83,194,1,-1,-1,-1
150,3,61,634,176,220,1,-1,-1,-1
150,5,1911,633,134,202,1,-1,-1,-1
150,9,1333,631,88,172,1,-1,-1,-1
150,10,1545,545,130,269,1,-1,-1,-1
150,11,1042,525,65,139,1,-1,-1,-1
151,0,1629,554,126,210,1,-1,-1,-1
151,2,868,564,83,194,1,-1,-1,-1
151,3,35,628,185,232,1,-1,-1,-1
151,5,1922,631,134,202,1,-1,-1,-1
151,9,1331,631,88,172,1,-1,-1,-1
151,10,1549,544,130,269,1,-1,-1,-1
151,11,1027,518,68,146,1,-1,-1,-1
152,0,1637,553,126,210,1,-1,-1,-1
152,2,866,563,83,194,1,-1,-1,-1
152,3,15,628,185,232,1,-1,-1,-1
152,5,1934,625,141,212,1,-1,-1,-1
152,9,1331,628,88,172,1,-1,-1,-1
152,10,1552,535,136,282,1,-1,-1,-1
152,11,1025,518,68,146,1,-1,-1,-1
153,0,1632,532,144,244,1,-1,-1,-1
153,2,866,563,83,194,1,-1,-1,-1
153,3,15,628,185,232,1,-1,-1,-1
153,5,1928,608,156,224,1,-1,-1,-1
153,9,1308,612,100,196,1,-1,-1,-1
153,10,1552,535,136,282,1,-1,-1,-1
153,11,1025,518,68,146,1,-1,-1,-1
154,0,1637,529,144,244,1,-1,-1,-1
154,2,881,610,79,185,1,-1,-1,-1
154,3,-32,625,185,232,1,-1,-1,-1
154,5,1938,606,156,224,1,-1,-1,-1
154,9,1308,609,100,196,1,-1,-1,-1
154,10,1555,529,136,282,1,-1,-1,-1
154,11,1013,507,68,146,1,-1,-1,-1
155,0,1648,528,144,244,1,-1,-1,-1
155,2,881,609,79,185,1,-1,-1,-1
155,3,-54,626,185,232,1,-1,-1,-1
155,5,1956,606,156,224,1,-1,-1,-1
155,9,1311,608,100,196,1,-1,-1,-1
155,10,1565,527,136,282,1,-1,-1,-1
155,11,1010,509,68,146,1,-1,-1,-1
156,0,1649,523,144,244,1,-1,-1,-1
156,2,879,612,76,176,1,-1,-1,-1
156,3,-87,613,194,243,1,-1,-1,-1
156,5,1961,602,156,224,1,-1,-1,-1
156,9,1309,602,100,196,1,-1,-1,-1
156,10,1563,515,143,296,1,-1,-1,-1
156,11,1000,496,68,146,1,-1,-1,-1
157,0,1659,522,144,244,1,-1,-1,-1
157,2,870,608,76,176,1,-1,-1,-1
157,3,-104,614,194,243,1,-1,-1,-1
157,5,1977,601,156,224,1,-1,-1,-1
157,9,1309,599,100,196,1,-1,-1,-1
157,10,1565,506,150,311,1,-1,-1,-1
157,11,999,502,68,146,1,-1,-1,-1
158,0,1663,514,151,256,1,-1,-1,-1
158,2,863,602,79,185,1,-1,-1,-1
158,3,-129,607,204,255,1,-1,-1,-1
158,5,1989,595,164,235,1,-1,-1,-1
158,9,1308,594,105,206,1,-1,-1,-1
158,10,1571,505,150,311,1,-1,-1,-1
158,11,996,499,68,146,1,-1,-1,-1
159,0,1671,510,151,256,1,-1,-1,-1
159,2,861,600,79,185,1,-1,-1,-1
159,3,-138,606,204,255,1,-1,-1,-1
159,5,1997,589,172,247,1,-1,-1,-1
159,9,1309,591,105,206,1,-1,-1,-1
159,10,1573,496,158,326,1,-1,-1,-1
159,11,988,486,71,153,1,-1,-1,-1
160,0,1681,504,159,269,1,-1,-1,-1
160,2,858,594,83,194,1,-1,-1,-1
160,3,-152,612,204,255,1,-1,-1,-1
160,5,2016,589,172,247,1,-1,-1,-1
160,9,1308,587,110,216,1,-1,-1,-1
160,10,1579,488,165,343,1,-1,-1,-1
160,11,984,489,71,153,1,-1,-1,-1
161,0,1688,492,160,272,1,-1,-1,-1
161,2,858,594,83,194,1,-1,-1,-1
161,3,-152,612,204,255,1,-1,-1,-1
161,5,2020,584,184,264,1,-1,-1,-1
161,9,1296,584,124,236,1,-1,-1,-1
161,10,1579,488,165,343,1,-1,-1,-1
161,11,984,489,71,153,1,-1,-1,-1
162,0,1688,488,160,272,1,-1,-1,-1
162,2,842,580,88,204,1,-1,-1,-1
162,5,2023,580,184,264,1,-1,-1,-1
162,9,1291,581,124,236,1,-1,-1,-1
162,10,1583,485,165,343,1,-1,-1,-1
162,11,977,485,71,153,1,-1,-1,-1
163,0,1687,484,160,272,1,-1,-1,-1
163,2,841,535,88,204,1,-1,-1,-1
163,5,2025,577,184,264,1,-1,-1,-1
163,9,1287,578,124,236,1,-1,-1,-1
163,10,1585,479,165,343,1,-1,-1,-1
163,11,968,478,71,153,1,-1,-1,-1
164,0,1683,482,160,272,1,-1,-1,-1
164,2,842,497,88,204,1,-1,-1,-1
164,5,2023,574,184,264,1,-1,-1,-1
164,9,1277,572,130,248,1,-1,-1,-1
164,10,1583,477,165,343,1,-1,-1,-1
164,11,962,478,71,153,1,-1,-1,-1
165,0,1678,480,160,272,1,-1,-1,-1
165,2,838,471,92,214,1,-1,-1,-1
165,5,2021,572,184,264,1,-1,-1,-1
165,9,1273,570,130,248,1,-1,-1,-1
165,10,1579,475,165,343,1,-1,-1,-1
165,11,953,471,75,161,1,-1,-1,-1
166,0,1675,478,160,272,1,-1,-1,-1
166,2,835,473,92,214,1,-1,-1,-1
166,5,2016,570,184,264,1,-1,-1,-1
166,9,1269,568,130,248,1,-1,-1,-1
166,10,1575,473,165,343,1,-1,-1,-1
166,11,949,470,75,161,1,-1,-1,-1
167,0,1672,477,160,272,1,-1,-1,-1
167,2,833,466,92,214,1,-1,-1,-1
167,5,2013,567,184,264,1,-1,-1,-1
167,9,1265,564,130,248,1,-1,-1,-1
167,10,1573,469,165,343,1,-1,-1,-1
167,11,946,467,75,161,1,-1,-1,-1
168,0,1669,475,160,272,1,-1,-1,-1
168,2,829,470,92,214,1,-1,-1,-1
168,5,2010,565,184,264,1,-1,-1,-1
168,9,1265,570,124,236,1,-1,-1,-1
168,10,1570,468,165,343,1,-1,-1,-1
168,11,943,467,75,161,1,-1,-1,-1
169,0,1664,468,168,268,1,-1,-1,-1
169,2,829,470,92,214,1,-1,-1,-1
169,5,2008,568,176,268,1,-1,-1,-1
169,9,1252,568,128,240,1,-1,-1,-1
169,10,1570,468,165,343,1,-1,-1,-1
169,11,943,467,75,161,1,-1,-1,-1
169,12,792,320,140,312,1,-1,-1,-1
170,0,1663,466,168,268,1,-1,-1,-1
170,2,826,474,92,214,1,-1,-1,-1
170,5,2007,568,176,268,1,-1,-1,-1
170,9,1249,567,128,240,1,-1,-1,-1
170,10,1566,466,165,343,1,-1,-1,-1
170,11,937,464,75,161,1,-1,-1,-1
170,12,789,318,140,312,1,-1,-1,-1
171,0,1661,466,168,268,1,-1,-1,-1
171,2,828,478,88,204,1,-1,-1,-1
171,5,2004,567,176,268,1,-1,-1,-1
171,9,1247,567,128,240,1,-1,-1,-1
171,10,1562,464,165,343,1,-1,-1,-1
171,11,934,459,75,161,1,-1,-1,-1
171,12,788,320,140,312,1,-1,-1,-1
172,0,1659,466,168,268,1,-1,-1,-1
172,2,832,477,88,204,1,-1,-1,-1
172,5,2002,566,176,268,1,-1,-1,-1
172,9,1245,566,128,240,1,-1,-1,-1
172,10,1558,464,165,343,1,-1,-1,-1
172,11,932,459,75,161,1,-1,-1,-1
172,12,789,316,140,312,1,-1,-1,-1
173,0,1656,466,168,268,1,-1,-1,-1
173,2,832,475,88,204,1,-1,-1,-1
173,5,2000,567,176,268,1,-1,-1,-1
173,9,1237,559,134,252,1,-1,-1,-1
173,10,1556,463,165,343,1,-1,-1,-1
173,11,931,462,71,153,1,-1,-1,-1
173,12,789,315,140,312,1,-1,-1,-1
174,0,1651,459,176,281,1,-1,-1,-1
174,2,831,467,92,214,1,-1,-1,-1
174,5,1996,566,176,268,1,-1,-1,-1
174,9,1234,560,134,252,1,-1,-1,-1
174,10,1554,463,165,343,1,-1,-1,-1
174,11,928,463,71,153,1,-1,-1,-1
174,12,792,311,140,312,1,-1,-1,-1
175,0,1651,467,168,268,1,-1,-1,-1
175,2,834,460,92,214,1,-1,-1,-1
175,5,1993,566,176,268,1,-1,-1,-1
175,9,1229,561,134,252,1,-1,-1,-1
175,10,1550,463,165,343,1,-1,-1,-1
175,11,925,464,71,153,1,-1,-1,-1
175,12,790,309,140,312,1,-1,-1,-1
176,0,1647,467,168,268,1,-1,-1,-1
176,2,833,459,92,214,1,-1,-1,-1
176,5,1990,567,176,268,1,-1,-1,-1
176,9,1226,561,134,252,1,-1,-1,-1
176,10,1546,465,165,343,1,-1,-1,-1
176,11,921,465,71,153,1,-1,-1,-1
176,12,788,311,140,312,1,-1,-1,-1
177,0,1640,468,184,264,1,-1,-1,-1
177,2,833,459,92,214,1,-1,-1,-1
177,5,1980,564,188,268,1,-1,-1,-1
177,9,1216,552,144,252,1,-1,-1,-1
177,10,1546,465,165,343,1,-1,-1,-1
177,11,921,465,71,153,1,-1,-1,-1
177,12,788,311,140,312,1,-1,-1,-1
178,0,1637,468,184,264,1,-1,-1,-1
178,2,828,449,96,225,1,-1,-1,-1
178,5,1977,565,188,268,1,-1,-1,-1
178,9,1213,551,144,252,1,-1,-1,-1
178,10,1541,466,165,343,1,-1,-1,-1
178,11,917,465,71,153,1,-1,-1,-1
178,12,780,324,140,312,1,-1,-1,-1
179,0,1632,470,184,264,1,-1,-1,-1
179,2,824,444,101,236,1,-1,-1,-1
179,5,1974,566,188,268,1,-1,-1,-1
179,9,1209,552,144,252,1,-1,-1,-1
179,10,1537,467,165,343,1,-1,-1,-1
179,11,910,467,71,153,1,-1,-1,-1
179,12,775,325,140,312,1,-1,-1,-1
180,0,1628,471,184,264,1,-1,-1,-1
180,2,821,455,101,236,1,-1,-1,-1
180,5,1968,566,188,268,1,-1,-1,-1
180,9,1203,551,144,252,1,-1,-1,-1
180,10,1532,469,165,343,1,-1,-1,-1
180,11,907,467,71,153,1,-1,-1,-1
180,12,769,329,140,312,1,-1,-1,-1
181,0,1616,472,184,264,1,-1,-1,-1
181,2,814,464,101,236,1,-1,-1,-1
181,5,1954,563,197,281,1,-1,-1,-1
181,9,1192,552,144,252,1,-1,-1,-1
181,10,1522,469,165,343,1,-1,-1,-1
181,11,895,468,71,153,1,-1,-1,-1
181,12,751,327,140,312,1,-1,-1,-1
182,0,1606,474,184,264,1,-1,-1,-1
182,2,815,507,101,236,1,-1,-1,-1
182,5,1943,566,197,281,1,-1,-1,-1
182,9,1180,553,144,252,1,-1,-1,-1
182,10,1508,463,174,360,1,-1,-1,-1
182,11,882,470,71,153,1,-1,-1,-1
182,12,738,315,147,328,1,-1,-1,-1
183,0,1596,477,184,264,1,-1,-1,-1
183,2,809,499,106,248,1,-1,-1,-1
183,5,1933,566,197,281,1,-1,-1,-1
183,9,1168,554,144,252,1,-1,-1,-1
183,10,1497,465,174,360,1,-1,-1,-1
183,11,873,471,71,153,1,-1,-1,-1
183,12,732,319,147,328,1,-1,-1,-1
184,0,1583,478,184,264,1,-1,-1,-1
184,2,802,497,112,261,1,-1,-1,-1
184,5,1919,568,197,281,1,-1,-1,-1
184,9,1156,553,144,252,1,-1,-1,-1
184,10,1491,474,165,343,1,-1,-1,-1
184,11,861,472,71,153,1,-1,-1,-1
184,12,716,323,147,328,1,-1,-1,-1
185,0,1576,472,172,292,1,-1,-1,-1
185,2,802,497,112,261,1,-1,-1,-1
185,5,1916,576,180,268,1,-1,-1,-1
185,9,1144,560,136,252,1,-1,-1,-1
185,10,1491,474,165,343,1,-1,-1,-1
185,11,861,472,71,153,1,-1,-1,-1
185,12,716,323,147,328,1,-1,-1,-1
185,13,624,336,64,204,1,-1,-1,-1
186,0,1563,468,181,307,1,-1,-1,-1
186,2,794,504,112,261,1,-1,-1,-1
186,5,1903,571,189,281,1,-1,-1,-1
186,9,1138,565,130,240,1,-1,-1,-1
186,10,1466,479,165,343,1,-1,-1,-1
186,11,846,479,68,146,1,-1,-1,-1
186,12,708,321,147,328,1,-1,-1,-1
186,13,620,339,64,204,1,-1,-1,-1
187,0,1555,471,181,307,1,-1,-1,-1
187,2,790,502,112,261,1,-1,-1,-1
187,5,1893,573,189,281,1,-1,-1,-1
187,9,1128,568,130,240,1,-1,-1,-1
187,10,1457,478,165,343,1,-1,-1,-1
187,11,833,479,68,146,1,-1,-1,-1
187,12,702,325,140,312,1,-1,-1,-1
187,13,611,332,67,214,1,-1,-1,-1
188,0,1544,471,181,307,1,-1,-1,-1
188,2,778,509,112,261,1,-1,-1,-1
188,5,1886,573,189,281,1,-1,-1,-1
188,9,1118,568,130,240,1,-1,-1,-1
188,10,1448,480,165,343,1,-1,-1,-1
188,11,819,475,71,153,1,-1,-1,-1
188,12,692,312,147,328,1,-1,-1,-1
188,13,600,333,71,225,1,-1,-1,-1
189,0,1536,471,181,307,1,-1,-1,-1
189,2,771,504,112,261,1,-1,-1,-1
189,5,1877,575,189,281,1,-1,-1,-1
189,9,1110,568,130,240,1,-1,-1,-1
189,10,1441,480,165,343,1,-1,-1,-1
189,11,810,475,71,153,1,-1,-1,-1
189,12,677,312,147,328,1,-1,-1,-1
189,13,587,326,71,225,1,-1,-1,-1
190,0,1529,469,181,307,1,-1,-1,-1
190,2,767,507,112,261,1,-1,-1,-1
190,5,1870,575,189,281,1,-1,-1,-1
190,9,1101,569,130,240,1,-1,-1,-1
190,10,1431,481,165,343,1,-1,-1,-1
190,11,804,475,71,153,1,-1,-1,-1
190,12,679,322,140,312,1,-1,-1,-1
190,13,584,333,67,214,1,-1,-1,-1
191,0,1523,469,181,307,1,-1,-1,-1
191,2,753,508,112,261,1,-1,-1,-1
191,5,1863,576,189,281,1,-1,-1,-1
191,9,1092,570,130,240,1,-1,-1,-1
191,10,1427,482,165,343,1,-1,-1,-1
191,11,796,476,71,153,1,-1,-1,-1
191,12,672,319,147,328,1,-1,-1,-1
191,13,587,340,67,214,1,-1,-1,-1
192,0,1515,471,181,307,1,-1,-1,-1
192,2,749,509,112,261,1,-1,-1,-1
192,5,1856,576,189,281,1,-1,-1,-1
192,9,1084,569,130,240,1,-1,-1,-1
192,10,1419,482,165,343,1,-1,-1,-1
192,11,789,473,75,161,1,-1,-1,-1
192,12,669,329,140,312,1,-1,-1,-1
192,13,586,342,67,214,1,-1,-1,-1
193,0,1512,484,168,296,1,-1,-1,-1
193,2,749,509,112,261,1,-1,-1,-1
193,5,1852,580,180,280,1,-1,-1,-1
193,9,1072,580,136,232,1,-1,-1,-1
193,10,1419,482,165,343,1,-1,-1,-1
193,11,789,473,75,161,1,-1,-1,-1
193,12,664,356,132,256,1,-1,-1,-1
193,13,586,342,67,214,1,-1,-1,-1
194,0,1507,485,168,296,1,-1,-1,-1
194,2,737,512,117,274,1,-1,-1,-1
194,5,1848,580,180,280,1,-1,-1,-1
194,9,1068,580,136,232,1,-1,-1,-1
194,10,1409,483,165,343,1,-1,-1,-1
194,11,777,475,75,161,1,-1,-1,-1
194,12,659,356,132,256,1,-1,-1,-1
194,13,587,353,71,225,1,-1,-1,-1
195,0,1502,485,168,296,1,-1,-1,-1
195,2,735,504,117,274,1,-1,-1,-1
195,5,1843,580,180,280,1,-1,-1,-1
195,9,1061,581,136,232,1,-1,-1,-1
195,10,1402,484,165,343,1,-1,-1,-1
195,11,771,474,75,161,1,-1,-1,-1
195,12,653,362,132,256,1,-1,-1,-1
195,13,583,347,74,236,1,-1,-1,-1
196,0,1497,486,168,296,1,-1,-1,-1
196,2,733,504,112,261,1,-1,-1,-1
196,5,1838,581,180,280,1,-1,-1,-1
196,9,1053,581,136,232,1,-1,-1,-1
196,10,1397,485,165,343,1,-1,-1,-1
196,11,767,481,71,153,1,-1,-1,-1
196,12,650,364,132,256,1,-1,-1,-1
196,13,578,342,78,248,1,-1,-1,-1
197,0,1492,488,168,296,1,-1,-1,-1
197,2,726,503,112,261,1,-1,-1,-1
197,5,1831,583,180,280,1,-1,-1,-1
197,9,1044,583,136,232,1,-1,-1,-1
197,10,1388,485,165,343,1,-1,-1,-1
197,11,763,482,68,146,1,-1,-1,-1
197,12,639,367,132,256,1,-1,-1,-1
197,13,576,343,78,248,1,-1,-1,-1
198,0,1483,478,176,311,1,-1,-1,-1
198,2,722,505,112,261,1,-1,-1,-1
198,5,1825,582,180,280,1,-1,-1,-1
198,9,1037,584,136,232,1,-1,-1,-1
198,10,1384,485,165,343,1,-1,-1,-1
198,11,757,482,68,146,1,-1,-1,-1
198,12,634,363,132,256,1,-1,-1,-1
198,13,560,343,78,248,1,-1,-1,-1
199,0,1477,478,176,311,1,-1,-1,-1
199,2,715,501,112,261,1,-1,-1,-1
199,5,1819,582,180,280,1,-1,-1,-1
199,9,1033,585,136,232,1,-1,-1,-1
199,10,1377,486,165,343,1,-1,-1,-1
199,11,749,483,68,146,1,-1,-1,-1
199,12,626,364,132,256,1,-1,-1,-1
199,13,555,339,78,248,1,-1,-1,-1
200,0,1470,478,176,311,1,-1,-1,-1
200,2,715,511,106,248,1,-1,-1,-1
200,5,1812,583,180,280,1,-1,-1,-1
200,9,1029,593,130,221,1,-1,-1,-1
200,10,1373,487,165,343,1,-1,-1,-1
200,11,741,481,71,153,1,-1,-1,-1
200,12,618,365,132,256,1,-1,-1,-1
200,13,550,335,78,248,1,-1,-1,-1
201,0,1460,492,164,284,1,-1,-1,-1
201,2,715,511,106,248,1,-1,-1,-1
201,5,1804,584,184,276,1,-1,-1,-1
201,9,1024,576,112,244,1,-1,-1,-1
201,11,741,481,71,153,1,-1,-1,-1
201,12,618,365,132,256,1,-1,-1,-1
201,13,550,335,78,248,1,-1,-1,-1
201,14,428,348,80,176,1,-1,-1,-1
202,0,1455,492,164,284,1,-1,-1,-1
202,2,705,510,106,248,1,-1,-1,-1
202,5,1799,584,184,276,1,-1,-1,-1
202,9,1018,576,112,244,1,-1,-1,-1
202,11,728,482,71,153,1,-1,-1,-1
202,12,599,364,132,256,1,-1,-1,-1
202,13,545,353,82,260,1,-1,-1,-1
202,14,422,350,80,176,1,-1,-1,-1
203,0,1449,493,164,284,1,-1,-1,-1
203,2,699,506,101,236,1,-1,-1,-1
203,5,1789,576,193,290,1,-1,-1,-1
203,9,1012,576,112,244,1,-1,-1,-1
203,11,720,481,71,153,1,-1,-1,-1
203,12,593,364,132,256,1,-1,-1,-1
203,13,537,341,86,273,1,-1,-1,-1
203,14,417,348,80,176,1,-1,-1,-1
204,0,1442,493,164,284,1,-1,-1,-1
204,2,690,512,101,236,1,-1,-1,-1
204,5,1782,578,193,290,1,-1,-1,-1
204,9,1005,577,112,244,1,-1,-1,-1
204,11,713,477,75,161,1,-1,-1,-1
204,12,584,359,132,256,1,-1,-1,-1
204,13,534,254,86,273,1,-1,-1,-1
204,14,411,348,80,176,1,-1,-1,-1
205,0,1436,492,164,284,1,-1,-1,-1
205,2,683,505,106,248,1,-1,-1,-1
205,5,1775,578,193,290,1,-1,-1,-1
205,9,995,571,118,256,1,-1,-1,-1
205,11,703,476,75,161,1,-1,-1,-1
205,12,577,357,132,256,1,-1,-1,-1
205,13,533,256,82,260,1,-1,-1,-1
205,14,405,353,80,176,1,-1,-1,-1
206,0,1430,491,164,284,1,-1,-1,-1
206,2,677,510,101,236,1,-1,-1,-1
206,5,1768,578,193,290,1,-1,-1,-1
206,9,987,571,118,256,1,-1,-1,-1
206,11,699,475,75,161,1,-1,-1,-1
206,12,567,348,139,269,1,-1,-1,-1
206,13,531,252,82,260,1,-1,-1,-1
206,14,404,358,76,168,1,-1,-1,-1
207,0,1424,491,164,284,1,-1,-1,-1
207,2,669,509,101,236,1,-1,-1,-1
207,5,1767,585,184,276,1,-1,-1,-1
207,9,980,569,118,256,1,-1,-1,-1
207,11,693,475,75,161,1,-1,-1,-1
207,12,563,350,132,256,1,-1,-1,-1
207,13,529,257,78,248,1,-1,-1,-1
207,14,402,361,73,160,1,-1,-1,-1
208,0,1417,491,164,284,1,-1,-1,-1
208,2,666,514,101,236,1,-1,-1,-1
208,5,1763,584,184,276,1,-1,-1,-1
208,9,976,567,118,256,1,-1,-1,-1
208,11,688,475,75,161,1,-1,-1,-1
208,12,557,349,139,269,1,-1,-1,-1
208,13,526,256,78,248,1,-1,-1,-1
208,14,401,400,73,160,1,-1,-1,-1
209,0,1412,488,160,288,1,-1,-1,-1
209,2,666,514,101,236,1,-1,-1,-1
209,5,1752,584,180,280,1,-1,-1,-1
209,9,972,560,100,252,1,-1,-1,-1
209,11,688,475,75,161,1,-1,-1,-1
209,12,557,349,139,269,1,-1,-1,-1
209,13,526,256,78,248,1,-1,-1,-1
209,14,401,400,73,160,1,-1,-1,-1
209,15,360,336,108,180,1,-1,-1,-1
210,0,1408,486,160,288,1,-1,-1,-1
210,2,650,509,101,236,1,-1,-1,-1
210,5,1749,583,180,280,1,-1,-1,-1
210,9,969,559,100,252,1,-1,-1,-1
210,11,676,471,75,161,1,-1,-1,-1
210,12,547,343,139,269,1,-1,-1,-1
210,13,522,252,82,260,1,-1,-1,-1
210,14,389,400,73,160,1,-1,-1,-1
210,15,355,336,108,180,1,-1,-1,-1
211,0,1404,486,160,288,1,-1,-1,-1
211,2,647,506,101,236,1,-1,-1,-1
211,5,1746,583,180,280,1,-1,-1,-1
211,9,965,557,100,252,1,-1,-1,-1
211,11,671,468,75,161,1,-1,-1,-1
211,12,550,348,132,256,1,-1,-1,-1
211,13,519,256,86,273,1,-1,-1,-1
211,14,385,400,73,160,1,-1,-1,-1
211,15,346,334,108,180,1,-1,-1,-1
212,0,1399,484,160,288,1,-1,-1,-1
212,2,643,502,101,236,1,-1,-1,-1
212,5,1745,589,171,267,1,-1,-1,-1
212,9,961,556,100,252,1,-1,-1,-1
212,11,667,465,75,161,1,-1,-1,-1
212,12,548,342,132,256,1,-1,-1,-1
212,13,515,315,86,273,1,-1,-1,-1
212,14,382,406,73,160,1,-1,-1,-1
212,15,338,337,103,171,1,-1,-1,-1
213,0,1395,484,160,288,1,-1,-1,-1
213,2,636,491,106,248,1,-1,-1,-1
213,5,1736,579,180,280,1,-1,-1,-1
213,9,957,553,100,252,1,-1,-1,-1
213,11,664,463,75,161,1,-1,-1,-1
213,12,544,344,132,256,1,-1,-1,-1
213,13,513,324,82,260,1,-1,-1,-1
213,14,395,417,76,168,1,-1,-1,-1
213,15,333,333,108,180,1,-1,-1,-1
214,0,1389,473,168,302,1,-1,-1,-1
214,2,636,491,106,248,1,-1,-1,-1
214,5,1733,578,180,280,1,-1,-1,-1
214,9,952,549,100,252,1,-1,-1,-1
214,11,660,462,75,161,1,-1,-1,-1
214,12,545,339,132,256,1,-1,-1,-1
214,13,508,335,82,260,1,-1,-1,-1
214,14,393,413,76,168,1,-1,-1,-1
214,15,332,329,108,180,1,-1,-1,-1
215,0,1387,474,168,302,1,-1,-1,-1
215,2,634,495,101,236,1,-1,-1,-1
215,5,1727,575,180,280,1,-1,-1,-1
215,9,947,546,100,252,1,-1,-1,-1
215,11,659,464,71,153,1,-1,-1,-1
215,12,542,327,132,256,1,-1,-1,-1
215,13,498,319,82,260,1,-1,-1,-1
215,14,395,461,76,168,1,-1,-1,-1
215,15,329,324,108,180,1,-1,-1,-1
216,0,1384,473,168,302,1,-1,-1,-1
216,2,630,499,101,236,1,-1,-1,-1
216,5,1722,572,180,280,1,-1,-1,-1
216,9,943,542,100,252,1,-1,-1,-1
216,11,654,462,71,153,1,-1,-1,-1
216,12,530,323,139,269,1,-1,-1,-1
216,13,497,335,82,260,1,-1,-1,-1
216,14,397,456,80,176,1,-1,-1,-1
216,15,327,321,108,180,1,-1,-1,-1
217,0,1372,468,176,276,1,-1,-1,-1
217,2,630,499,101,236,1,-1,-1,-1
217,5,1716,560,184,272,1,-1,-1,-1
217,9,932,536,108,256,1,-1,-1,-1
217,11,654,462,71,153,1,-1,-1,-1
217,12,540,340,88,220,1,-1,-1,-1
217,13,497,335,82,260,1,-1,-1,-1
217,14,397,456,80,176,1,-1,-1,-1
217,15,327,321,108,180,1,-1,-1,-1
217,16,260,320,112,156,1,-1,-1,-1
217,17,472,320,64,200,1,-1,-1,-1
218,0,1374,472,168,263,1,-1,-1,-1
218,2,627,481,101,236,1,-1,-1,-1
218,5,1717,564,175,259,1,-1,-1,-1
218,9,930,533,108,256,1,-1,-1,-1
218,11,648,454,71,153,1,-1,-1,-1
218,12,534,338,92,231,1,-1,-1,-1
218,13,491,323,82,260,1,-1,-1,-1
218,14,396,472,80,176,1,-1,-1,-1
218,15,324,315,108,180,1,-1,-1,-1
218,16,256,318,112,156,1,-1,-1,-1
218,17,470,319,64,200,1,-1,-1,-1
219,0,1370,470,168,263,1,-1,-1,-1
219,2,621,480,101,236,1,-1,-1,-1
219,5,1715,560,175,259,1,-1,-1,-1
219,9,925,527,108,256,1,-1,-1,-1
219,11,644,450,71,153,1,-1,-1,-1
219,12,530,338,92,231,1,-1,-1,-1
219,13,485,323,82,260,1,-1,-1,-1
219,14,390,464,84,185,1,-1,-1,-1
219,15,318,314,108,180,1,-1,-1,-1
219,16,250,317,112,156,1,-1,-1,-1
219,17,468,309,64,200,1,-1,-1,-1
220,0,1366,467,168,263,1,-1,-1,-1
220,2,614,473,101,236,1,-1,-1,-1
220,5,1710,557,175,259,1,-1,-1,-1
220,9,921,524,108,256,1,-1,-1,-1
220,11,640,448,71,153,1,-1,-1,-1
220,12,527,333,97,243,1,-1,-1,-1
220,13,482,324,82,260,1,-1,-1,-1
220,14,392,473,80,176,1,-1,-1,-1
220,15,316,308,108,180,1,-1,-1,-1
220,16,238,310,112,156,1,-1,-1,-1
220,17,465,309,64,200,1,-1,-1,-1
221,0,1362,463,168,263,1,-1,-1,-1
221,2,613,477,101,236,1,-1,-1,-1
221,5,1708,554,175,259,1,-1,-1,-1
221,9,917,521,108,256,1,-1,-1,-1
221,11,638,443,71,153,1,-1,-1,-1
221,12,527,328,97,243,1,-1,-1,-1
221,13,484,321,82,260,1,-1,-1,-1
221,14,386,448,84,185,1,-1,-1,-1
221,15,319,304,108,180,1,-1,-1,-1
221,16,230,306,118,164,1,-1,-1,-1
221,17,465,321,64,200,1,-1,-1,-1
222,0,1360,461,168,263,1,-1,-1,-1
222,2,611,476,101,236,1,-1,-1,-1
222,5,1705,550,175,259,1,-1,-1,-1
222,9,913,518,108,256,1,-1,-1,-1
222,11,636,441,71,153,1,-1,-1,-1
222,12,526,324,92,231,1,-1,-1,-1
222,13,492,302,82,260,1,-1,-1,-1
222,14,386,449,84,185,1,-1,-1,-1
222,15,313,300,108,180,1,-1,-1,-1
222,16,215,302,123,172,1,-1,-1,-1
222,17,462,326,61,190,1,-1,-1,-1
223,0,1357,457,168,263,1,-1,-1,-1
223,2,607,472,101,236,1,-1,-1,-1
223,5,1701,546,175,259,1,-1,-1,-1
223,9,910,516,108,256,1,-1,-1,-1
223,11,632,439,71,153,1,-1,-1,-1
223,12,522,317,92,231,1,-1,-1,-1
223,13,498,292,82,260,1,-1,-1,-1
223,14,387,454,84,185,1,-1,-1,-1
223,15,311,299,108,180,1,-1,-1,-1
223,16,209,299,123,172,1,-1,-1,-1
223,17,459,347,61,190,1,-1,-1,-1
224,0,1359,451,168,263,1,-1,-1,-1
224,2,610,467,101,236,1,-1,-1,-1
224,5,1705,541,175,259,1,-1,-1,-1
224,9,911,513,108,256,1,-1,-1,-1
224,11,632,432,71,153,1,-1,-1,-1
224,12,519,296,97,243,1,-1,-1,-1
224,13,506,291,82,260,1,-1,-1,-1
224,14,391,442,80,176,1,-1,-1,-1
224,15,314,295,108,180,1,-1,-1,-1
224,16,204,298,118,164,1,-1,-1,-1
224,17,453,360,61,190,1,-1,-1,-1
225,0,1356,440,168,268,1,-1,-1,-1
225,2,610,467,101,236,1,-1,-1,-1
225,5,1700,536,184,264,1,-1,-1,-1
225,9,920,500,88,264,1,-1,-1,-1
225,11,632,432,71,153,1,-1,-1,-1
225,12,524,320,100,220,1,-1,-1,-1
225,13,506,291,82,260,1,-1,-1,-1
225,14,391,442,80,176,1,-1,-1,-1
225,15,314,295,108,180,1,-1,-1,-1
225,16,184,288,184,172,1,-1,-1,-1
225,17,453,360,61,190,1,-1,-1,-1
226,0,1358,446,160,255,1,-1,-1,-1
226,2,609,460,101,236,1,-1,-1,-1
226,5,1699,534,184,264,1,-1,-1,-1
226,9,918,499,88,264,1,-1,-1,-1
226,11,631,428,71,153,1,-1,-1,-1
226,12,522,317,100,220,1,-1,-1,-1
226,13,511,295,82,260,1,-1,-1,-1
226,14,389,433,84,185,1,-1,-1,-1
226,15,315,292,108,180,1,-1,-1,-1
226,16,180,285,184,172,1,-1,-1,-1
227,0,1356,443,160,255,1,-1,-1,-1
227,2,604,453,106,248,1,-1,-1,-1
227,5,1696,532,184,264,1,-1,-1,-1
227,9,916,498,88,264,1,-1,-1,-1
227,11,629,425,71,153,1,-1,-1,-1
227,12,519,313,100,220,1,-1,-1,-1
227,13,514,296,78,248,1,-1,-1,-1
227,14,385,430,88,194,1,-1,-1,-1
227,15,311,288,108,180,1,-1,-1,-1
227,16,176,281,184,172,1,-1,-1,-1
228,0,1353,441,160,255,1,-1,-1,-1
228,2,603,453,106,248,1,-1,-1,-1
228,5,1694,530,184,264,1,-1,-1,-1
228,9,913,497,88,264,1,-1,-1,-1
228,11,628,424,71,153,1,-1,-1,-1
228,12,515,307,100,220,1,-1,-1,-1
228,13,514,288,78,248,1,-1,-1,-1
228,14,383,425,93,204,1,-1,-1,-1
228,15,311,286,108,180,1,-1,-1,-1
228,16,173,277,184,172,1,-1,-1,-1
229,0,1351,440,160,255,1,-1,-1,-1
229,2,601,450,106,248,1,-1,-1,-1
229,5,1693,528,184,264,1,-1,-1,-1
229,9,911,495,88,264,1,-1,-1,-1
229,11,627,422,71,153,1,-1,-1,-1
229,12,512,305,100,220,1,-1,-1,-1
229,13,508,275,82,260,1,-1,-1,-1
229,14,384,426,93,204,1,-1,-1,-1
229,15,310,284,108,180,1,-1,-1,-1
229,16,169,274,184,172,1,-1,-1,-1
230,0,1347,432,168,268,1,-1,-1,-1
230,2,599,447,106,248,1,-1,-1,-1
230,5,1691,526,184,264,1,-1,-1,-1
230,9,909,494,88,264,1,-1,-1,-1
230,11,625,419,71,153,1,-1,-1,-1
230,12,509,307,100,220,1,-1,-1,-1
230,13,509,274,82,260,1,-1,-1,-1
230,14,385,429,88,194,1,-1,-1,-1
230,15,309,285,108,180,1,-1,-1,-1
230,16,165,271,184,172,1,-1,-1,-1
231,0,1346,429,168,268,1,-1,-1,-1
231,2,600,445,106,248,1,-1,-1,-1
231,5,1690,524,184,264,1,-1,-1,-1
231,9,906,492,88,264,1,-1,-1,-1
231,11,625,418,71,153,1,-1,-1,-1
231,12,508,309,100,220,1,-1,-1,-1
231,13,511,272,82,260,1,-1,-1,-1
231,14,387,432,84,185,1,-1,-1,-1
231,15,307,280,108,180,1,-1,-1,-1
231,16,162,270,184,172,1,-1,-1,-1
232,0,1346,428,168,268,1,-1,-1,-1
232,2,597,440,112,261,1,-1,-1,-1
232,5,1688,524,184,264,1,-1,-1,-1
232,9,905,490,88,264,1,-1,-1,-1
232,11,625,416,71,153,1,-1,-1,-1
232,12,507,311,100,220,1,-1,-1,-1
232,13,511,263,82,260,1,-1,-1,-1
232,14,386,432,84,185,1,-1,-1,-1
232,15,307,280,108,180,1,-1,-1,-1
232,16,163,270,184,172,1,-1,-1,-1
233,0,1352,424,160,280,1,-1,-1,-1
233,2,597,440,112,261,1,-1,-1,-1
233,5,1688,524,188,264,1,-1,-1,-1
233,9,896,488,96,268,1,-1,-1,-1
233,12,460,308,148,208,1,-1,-1,-1
233,13,511,263,82,260,1,-1,-1,-1
233,14,386,432,84,185,1,-1,-1,-1
233,15,307,280,108,180,1,-1,-1,-1
233,16,132,268,204,184,1,-1,-1,-1
233,18,384,304,88,164,1,-1,-1,-1
234,0,1352,422,160,280,1,-1,-1,-1
234,2,596,438,112,261,1,-1,-1,-1
234,5,1688,523,188,264,1,-1,-1,-1
234,9,896,487,96,268,1,-1,-1,-1
234,12,458,306,148,208,1,-1,-1,-1
234,13,510,258,82,260,1,-1,-1,-1
234,14,383,422,88,194,1,-1,-1,-1
234,15,307,276,108,180,1,-1,-1,-1
234,16,131,267,204,184,1,-1,-1,-1
234,18,382,301,88,164,1,-1,-1,-1
235,0,1352,422,160,280,1,-1,-1,-1
235,2,596,433,112,261,1,-1,-1,-1
235,5,1686,523,188,264,1,-1,-1,-1
235,9,895,487,96,268,1,-1,-1,-1
235,12,456,303,148,208,1,-1,-1,-1
235,13,513,248,82,260,1,-1,-1,-1
235,14,385,428,84,185,1,-1,-1,-1
235,15,303,274,108,180,1,-1,-1,-1
235,16,130,266,204,184,1,-1,-1,-1
235,18,381,297,88,164,1,-1,-1,-1
236,0,1353,421,160,280,1,-1,-1,-1
236,2,597,431,112,261,1,-1,-1,-1
236,5,1684,522,188,264,1,-1,-1,-1
236,9,895,487,96,268,1,-1,-1,-1
236,12,454,301,148,208,1,-1,-1,-1
236,13,514,238,82,260,1,-1,-1,-1
236,14,382,425,88,194,1,-1,-1,-1
236,15,302,272,108,180,1,-1,-1,-1
236,16,130,263,204,184,1,-1,-1,-1
236,18,378,291,88,164,1,-1,-1,-1
237,0,1359,425,152,267,1,-1,-1,-1
237,2,598,431,112,261,1,-1,-1,-1
237,5,1687,520,188,264,1,-1,-1,-1
237,9,897,486,96,268,1,-1,-1,-1
237,12,453,298,148,208,1,-1,-1,-1
237,13,515,246,78,248,1,-1,-1,-1
237,14,381,418,88,194,1,-1,-1,-1
237,15,305,273,108,180,1,-1,-1,-1
237,16,133,262,204,184,1,-1,-1,-1
237,18,377,288,88,164,1,-1,-1,-1
238,0,1364,424,152,267,1,-1,-1,-1
238,2,604,429,112,261,1,-1,-1,-1
238,5,1693,519,188,264,1,-1,-1,-1
238,9,904,483,96,268,1,-1,-1,-1
238,12,457,295,148,208,1,-1,-1,-1
238,13,516,248,78,248,1,-1,-1,-1
238,14,386,416,88,194,1,-1,-1,-1
238,15,307,269,113,189,1,-1,-1,-1
238,16,140,261,204,184,1,-1,-1,-1
238,18,381,286,88,164,1,-1,-1,-1
239,0,1373,423,152,267,1,-1,-1,-1
239,2,610,430,112,261,1,-1,-1,-1
239,5,1702,518,188,264,1,-1,-1,-1
239,9,910,484,96,268,1,-1,-1,-1
239,12,462,292,148,208,1,-1,-1,-1
239,13,519,252,78,248,1,-1,-1,-1
239,14,392,417,88,194,1,-1,-1,-1
239,15,317,266,113,189,1,-1,-1,-1
239,16,148,259,204,184,1,-1,-1,-1
239,18,384,286,88,164,1,-1,-1,-1
240,0,1384,423,152,267,1,-1,-1,-1
240,2,620,427,112,261,1,-1,-1,-1
240,5,1710,517,188,264,1,-1,-1,-1
240,9,921,484,96,268,1,-1,-1,-1
240,12,468,290,148,208,1,-1,-1,-1
240,13,521,250,78,248,1,-1,-1,-1
240,14,406,417,88,194,1,-1,-1,-1
240,15,325,264,113,189,1,-1,-1,-1
240,16,158,258,204,184,1,-1,-1,-1
240,18,391,285,88,164,1,-1,-1,-1
241,0,1388,408,168,272,1,-1,-1,-1
241,5,1712,512,208,256,1,-1,-1,-1
241,9,928,500,108,248,1,-1,-1,-1
241,12,468,290,148,208,1,-1,-1,-1
241,13,521,250,78,248,1,-1,-1,-1
241,14,406,417,88,194,1,-1,-1,-1
241,15,325,264,113,189,1,-1,-1,-1
241,16,188,248,180,188,1,-1,-1,-1
241,18,391,285,88,164,1,-1,-1,-1
242,0,1400,414,160,259,1,-1,-1,-1
242,5,1721,511,208,256,1,-1,-1,-1
242,9,937,499,108,248,1,-1,-1,-1
242,12,483,291,141,198,1,-1,-1,-1
242,13,528,245,82,260,1,-1,-1,-1
242,14,427,411,88,194,1,-1,-1,-1
242,15,344,263,113,189,1,-1,-1,-1
242,16,198,247,180,188,1,-1,-1,-1
242,18,410,288,88,164,1,-1,-1,-1
243,0,1413,412,160,259,1,-1,-1,-1
243,5,1731,511,208,256,1,-1,-1,-1
243,9,949,499,108,248,1,-1,-1,-1
243,12,491,296,134,189,1,-1,-1,-1
243,13,537,259,78,248,1,-1,-1,-1
243,14,441,411,88,194,1,-1,-1,-1
243,15,362,258,113,189,1,-1,-1,-1
243,16,209,245,180,188,1,-1,-1,-1
243,18,424,287,88,164,1,-1,-1,-1
244,0,1422,413,160,259,1,-1,-1,-1
244,5,1741,511,208,256,1,-1,-1,-1
244,9,961,499,108,248,1,-1,-1,-1
244,12,500,296,134,189,1,-1,-1,-1
244,13,541,260,78,248,1,-1,-1,-1
244,14,452,412,88,194,1,-1,-1,-1
244,15,366,258,113,189,1,-1,-1,-1
244,16,219,245,180,188,1,-1,-1,-1
244,18,431,285,88,164,1,-1,-1,-1
245,0,1433,413,160,259,1,-1,-1,-1
245,5,1754,517,198,244,1,-1,-1,-1
245,9,970,497,108,248,1,-1,-1,-1
245,12,507,295,134,189,1,-1,-1,-1
245,13,544,259,78,248,1,-1,-1,-1
245,14,463,409,88,194,1,-1,-1,-1
245,15,380,258,113,189,1,-1,-1,-1
245,16,230,245,180,188,1,-1,-1,-1
245,18,437,284,88,164,1,-1,-1,-1
246,0,1446,411,160,259,1,-1,-1,-1
246,5,1769,522,189,232,1,-1,-1,-1
246,9,982,497,108,248,1,-1,-1,-1
246,12,514,292,141,198,1,-1,-1,-1
246,13,546,266,74,236,1,-1,-1,-1
246,14,471,409,88,194,1,-1,-1,-1
246,15,396,255,113,189,1,-1,-1,-1
246,16,242,244,180,188,1,-1,-1,-1
246,18,450,281,88,164,1,-1,-1,-1
247,0,1455,410,160,259,1,-1,-1,-1
247,5,1780,523,189,232,1,-1,-1,-1
247,9,990,493,108,248,1,-1,-1,-1
247,12,528,291,141,198,1,-1,-1,-1
247,13,549,267,74,236,1,-1,-1,-1
247,14,485,412,88,194,1,-1,-1,-1
247,15,405,253,113,189,1,-1,-1,-1
247,16,252,242,180,188,1,-1,-1,-1
247,18,457,277,88,164,1,-1,-1,-1
248,0,1465,411,160,259,1,-1,-1,-1
248,5,1791,522,189,232,1,-1,-1,-1
248,9,997,488,113,260,1,-1,-1,-1
248,12,542,289,141,198,1,-1,-1,-1
248,13,552,268,74,236,1,-1,-1,-1
248,14,501,415,84,185,1,-1,-1,-1
248,15,417,253,113,189,1,-1,-1,-1
248,16,262,242,180,188,1,-1,-1,-1
248,18,467,277,88,164,1,-1,-1,-1
249,0,1480,400,168,276,1,-1,-1,-1
249,5,1784,512,204,252,1,-1,-1,-1
249,9,997,488,113,260,1,-1,-1,-1
249,12,542,289,141,198,1,-1,-1,-1
249,13,552,268,74,236,1,-1,-1,-1
249,14,501,415,84,185,1,-1,-1,-1
249,15,417,253,113,189,1,-1,-1,-1
249,16,262,242,180,188,1,-1,-1,-1
249,18,467,277,88,164,1,-1,-1,-1
250,0,1493,399,168,276,1,-1,-1,-1
250,5,1802,511,204,252,1,-1,-1,-1
250,9,1019,484,113,260,1,-1,-1,-1
250,12,554,279,141,198,1,-1,-1,-1
250,13,553,311,71,225,1,-1,-1,-1
250,14,516,410,84,185,1,-1,-1,-1
250,15,433,242,113,189,1,-1,-1,-1
250,16,277,233,180,188,1,-1,-1,-1
250,18,481,267,88,164,1,-1,-1,-1
251,0,1511,393,168,276,1,-1,-1,-1
251,5,1821,508,204,252,1,-1,-1,-1
251,9,1027,479,113,260,1,-1,-1,-1
251,12,573,276,141,198,1,-1,-1,-1
251,13,552,303,71,225,1,-1,-1,-1
251,14,521,411,80,176,1,-1,-1,-1
251,15,440,237,113,189,1,-1,-1,-1
251,16,279,228,180,188,1,-1,-1,-1
251,18,483,261,92,172,1,-1,-1,-1
252,0,1518,385,176,290,1,-1,-1,-1
252,5,1839,508,204,252,1,-1,-1,-1
252,9,1035,473,119,273,1,-1,-1,-1
252,12,577,269,141,198,1,-1,-1,-1
252,13,551,297,71,225,1,-1,-1,-1
252,14,520,404,84,185,1,-1,-1,-1
252,15,443,232,113,189,1,-1,-1,-1
252,16,280,222,180,188,1,-1,-1,-1
252,18,487,256,92,172,1,-1,-1,-1
253,0,1541,382,176,290,1,-1,-1,-1
253,5,1860,507,204,252,1,-1,-1,-1
253,9,1045,472,119,273,1,-1,-1,-1
253,12,580,265,141,198,1,-1,-1,-1
253,13,552,296,71,225,1,-1,-1,-1
253,14,525,402,84,185,1,-1,-1,-1
253,15,449,223,119,198,1,-1,-1,-1
253,16,283,216,180,188,1,-1,-1,-1
253,18,488,254,92,172,1,-1,-1,-1
254,0,1564,386,168,276,1,-1,-1,-1
254,5,1884,508,204,252,1,-1,-1,-1
254,9,1061,465,119,273,1,-1,-1,-1
254,12,582,260,141,198,1,-1,-1,-1
254,13,551,289,71,225,1,-1,-1,-1
254,14,526,400,88,194,1,-1,-1,-1
254,15,454,218,125,208,1,-1,-1,-1
254,16,285,212,180,188,1,-1,-1,-1
254,18,494,249,92,172,1,-1,-1,-1
255,0,1588,383,168,276,1,-1,-1,-1
255,5,1913,506,204,252,1,-1,-1,-1
255,9,1074,464,119,273,1,-1,-1,-1
255,12,579,250,148,208,1,-1,-1,-1
255,13,550,291,71,225,1,-1,-1,-1
255,14,530,398,88,194,1,-1,-1,-1
255,15,459,214,125,208,1,-1,-1,-1
255,16,282,200,189,197,1,-1,-1,-1
255,18,500,243,92,172,1,-1,-1,-1
256,0,1607,382,168,276,1,-1,-1,-1
256,5,1938,505,204,252,1,-1,-1,-1
256,9,1083,467,119,273,1,-1,-1,-1
256,12,572,244,148,208,1,-1,-1,-1
256,13,548,294,74,236,1,-1,-1,-1
256,14,531,391,88,194,1,-1,-1,-1
256,15,459,214,125,208,1,-1,-1,-1
256,16,278,196,189,197,1,-1,-1,-1
256,18,502,237,92,172,1,-1,-1,-1
257,0,1616,368,208,304,1,-1,-1,-1
257,5,1964,500,216,260,1,-1,-1,-1
257,9,1084,456,144,276,1,-1,-1,-1
257,12,572,244,148,208,1,-1,-1,-1
257,13,548,294,74,236,1,-1,-1,-1
257,14,531,391,88,194,1,-1,-1,-1
257,15,459,214,125,208,1,-1,-1,-1
257,16,268,180,200,220,1,-1,-1,-1
257,18,502,237,92,172,1,-1,-1,-1
257,19,484,228,264,244,1,-1,-1,-1
258,0,1638,367,208,304,1,-1,-1,-1
258,5,1987,502,216,260,1,-1,-1,-1
258,9,1090,458,144,276,1,-1,-1,-1
258,12,564,235,148,208,1,-1,-1,-1
258,14,535,392,88,194,1,-1,-1,-1
258,15,451,196,131,219,1,-1,-1,-1
258,16,264,176,200,220,1,-1,-1,-1
258,18,506,232,92,172,1,-1,-1,-1
258,19,484,225,264,244,1,-1,-1,-1
259,0,1656,364,208,304,1,-1,-1,-1
259,5,2006,495,227,273,1,-1,-1,-1
259,9,1098,458,144,276,1,-1,-1,-1
259,12,549,241,148,208,1,-1,-1,-1
259,14,535,390,88,194,1,-1,-1,-1
259,15,451,192,131,219,1,-1,-1,-1
259,16,258,171,200,220,1,-1,-1,-1
259,18,494,231,97,181,1,-1,-1,-1
259,19,481,223,264,244,1,-1,-1,-1
260,0,1676,365,208,304,1,-1,-1,-1
260,5,2032,494,227,273,1,-1,-1,-1
260,9,1107,458,144,276,1,-1,-1,-1
260,12,528,241,148,208,1,-1,-1,-1
260,14,532,384,93,204,1,-1,-1,-1
260,15,447,187,131,219,1,-1,-1,-1
260,16,254,164,200,220,1,-1,-1,-1
260,18,513,227,102,190,1,-1,-1,-1
260,19,479,220,264,244,1,-1,-1,-1
261,0,1693,365,208,304,1,-1,-1,-1
261,5,2057,496,227,273,1,-1,-1,-1
261,9,1115,459,144,276,1,-1,-1,-1
261,12,510,235,155,218,1,-1,-1,-1
261,14,530,381,93,204,1,-1,-1,-1
261,15,441,173,138,230,1,-1,-1,-1
261,16,246,158,200,220,1,-1,-1,-1
261,18,520,218,107,199,1,-1,-1,-1
261,19,473,212,264,244,1,-1,-1,-1
262,0,1706,356,218,319,1,-1,-1,-1
262,5,2077,494,227,273,1,-1,-1,-1
262,9,1121,457,144,276,1,-1,-1,-1
262,12,509,229,155,218,1,-1,-1,-1
262,14,525,375,93,204,1,-1,-1,-1
262,15,431,158,145,241,1,-1,-1,-1
262,16,235,147,200,220,1,-1,-1,-1
262,18,518,203,112,209,1,-1,-1,-1
262,19,469,207,264,244,1,-1,-1,-1
263,0,1723,353,218,319,1,-1,-1,-1
263,5,2093,487,238,287,1,-1,-1,-1
263,9,1125,456,144,276,1,-1,-1,-1
263,12,507,213,155,218,1,-1,-1,-1
263,14,518,370,93,204,1,-1,-1,-1
263,15,422,148,145,241,1,-1,-1,-1
263,16,227,138,200,220,1,-1,-1,-1
263,18,513,190,118,220,1,-1,-1,-1
263,19,457,191,277,256,1,-1,-1,-1
264,0,1742,362,208,304,1,-1,-1,-1
264,5,2116,489,238,287,1,-1,-1,-1
264,9,1129,456,144,276,1,-1,-1,-1
264,12,500,209,155,218,1,-1,-1,-1
264,14,515,368,93,204,1,-1,-1,-1
264,15,415,140,145,241,1,-1,-1,-1
264,16,214,133,200,220,1,-1,-1,-1
264,18,515,179,124,231,1,-1,-1,-1
264,19,451,184,277,256,1,-1,-1,-1
265,0,1756,328,248,352,1,-1,-1,-1
265,5,2116,489,238,287,1,-1,-1,-1
265,9,1128,436,168,320,1,-1,-1,-1
265,12,500,209,155,218,1,-1,-1,-1
265,14,515,368,93,204,1,-1,-1,-1
265,15,415,140,145,241,1,-1,-1,-1
265,16,214,133,200,220,1,-1,-1,-1
265,18,515,179,124,231,1,-1,-1,-1
265,19,451,184,277,256,1,-1,-1,-1
266,0,1772,326,248,352,1,-1,-1,-1
266,5,2158,488,238,287,1,-1,-1,-1
266,9,1130,437,168,320,1,-1,-1,-1
266,12,492,195,155,218,1,-1,-1,-1
266,14,512,353,93,204,1,-1,-1,-1
266,15,399,130,145,241,1,-1,-1,-1
266,16,195,118,200,220,1,-1,-1,-1
266,18,510,153,130,242,1,-1,-1,-1
266,19,434,167,291,269,1,-1,-1,-1
267,0,1786,317,260,370,1,-1,-1,-1
267,5,2180,484,250,301,1,-1,-1,-1
267,9,1130,427,176,336,1,-1,-1,-1
267,12,481,191,155,218,1,-1,-1,-1
267,14,503,345,97,214,1,-1,-1,-1
267,15,392,119,145,241,1,-1,-1,-1
267,16,179,103,210,231,1,-1,-1,-1
267,18,505,150,130,242,1,-1,-1,-1
267,19,428,160,291,269,1,-1,-1,-1
268,0,1800,316,260,370,1,-1,-1,-1
268,5,2203,489,250,301,1,-1,-1,-1
268,9,1132,430,176,336,1,-1,-1,-1
268,12,467,187,155,218,1,-1,-1,-1
268,14,490,345,97,214,1,-1,-1,-1
268,15,377,108,152,253,1,-1,-1,-1
268,16,165,97,210,231,1,-1,-1,-1
268,18,490,147,130,242,1,-1,-1,-1
268,19,420,154,291,269,1,-1,-1,-1
269,0,1823,316,260,370,1,-1,-1,-1
269,5,2227,490,250,301,1,-1,-1,-1
269,9,1136,431,176,336,1,-1,-1,-1
269,12,455,180,163,229,1,-1,-1,-1
269,14,487,346,97,214,1,-1,-1,-1
269,15,368,106,152,253,1,-1,-1,-1
269,16,153,95,210,231,1,-1,-1,-1
269,18,479,137,137,254,1,-1,-1,-1
269,19,418,151,291,269,1,-1,-1,-1
