1,0,1556,468,108,172,1,-1,-1,-1
1,1,1456,560,76,156,1,-1,-1,-1
1,2,848,544,84,160,1,-1,-1,-1
1,3,292,500,160,208,1,-1,-1,-1
1,4,1088,544,48,140,1,-1,-1,-1
2,0,1552,466,108,172,1,-1,-1,-1
2,1,1452,557,76,156,1,-1,-1,-1
2,2,853,543,84,160,1,-1,-1,-1
2,3,288,499,160,208,1,-1,-1,-1
2,4,1084,540,50,147,1,-1,-1,-1
3,0,1549,464,108,172,1,-1,-1,-1
3,1,1443,553,76,156,1,-1,-1,-1
3,2,855,542,84,160,1,-1,-1,-1
3,3,284,498,160,208,1,-1,-1,-1
3,4,1080,539,50,147,1,-1,-1,-1
4,0,1546,466,108,172,1,-1,-1,-1
4,1,1440,548,76,156,1,-1,-1,-1
4,3,279,496,160,208,1,-1,-1,-1
4,4,1076,538,50,147,1,-1,-1,-1
5,0,1537,462,108,172,1,-1,-1,-1
5,1,1433,543,80,164,1,-1,-1,-1
5,3,275,495,160,208,1,-1,-1,-1
5,4,1071,536,50,147,1,-1,-1,-1
6,0,1534,460,108,172,1,-1,-1,-1
6,1,1427,542,80,164,1,-1,-1,-1
6,3,271,494,160,208,1,-1,-1,-1
6,4,1066,535,50,147,1,-1,-1,-1
7,0,1530,458,108,172,1,-1,-1,-1
7,1,1421,540,80,164,1,-1,-1,-1
7,3,266,492,160,208,1,-1,-1,-1
7,4,1062,533,50,147,1,-1,-1,-1
8,0,1522,454,113,181,1,-1,-1,-1
8,3,260,492,160,208,1,-1,-1,-1
8,4,1057,533,50,147,1,-1,-1,-1
9,0,1520,456,108,176,1,-1,-1,-1
9,3,256,492,156,204,1,-1,-1,-1
9,4,1057,533,50,147,1,-1,-1,-1
9,5,1404,520,68,184,1,-1,-1,-1
9,6,1784,500,136,196,1,-1,-1,-1
9,7,888,520,76,160,1,-1,-1,-1
10,0,1518,457,108,176,1,-1,-1,-1
10,3,253,491,156,204,1,-1,-1,-1
10,4,1049,533,48,140,1,-1,-1,-1
10,5,1400,518,68,184,1,-1,-1,-1
10,6,1781,499,136,196,1,-1,-1,-1
10,7,889,519,76,160,1,-1,-1,-1
11,0,1513,456,108,176,1,-1,-1,-1
11,3,249,491,156,204,1,-1,-1,-1
11,4,1047,533,48,140,1,-1,-1,-1
11,5,1395,516,68,184,1,-1,-1,-1
11,6,1776,499,136,196,1,-1,-1,-1
11,7,889,518,76,160,1,-1,-1,-1
12,0,1507,456,108,176,1,-1,-1,-1
12,3,245,490,156,204,1,-1,-1,-1
12,4,1040,532,48,140,1,-1,-1,-1
12,6,1772,498,136,196,1,-1,-1,-1
13,0,1503,454,108,176,1,-1,-1,-1
13,3,242,490,156,204,1,-1,-1,-1
13,4,1037,531,48,140,1,-1,-1,-1
13,6,1769,498,136,196,1,-1,-1,-1
14,0,1500,454,108,176,1,-1,-1,-1
14,3,237,491,156,204,1,-1,-1,-1
14,4,1031,531,48,140,1,-1,-1,-1
14,6,1764,497,136,196,1,-1,-1,-1
15,0,1495,453,108,176,1,-1,-1,-1
15,3,234,490,156,204,1,-1,-1,-1
15,4,1026,532,48,140,1,-1,-1,-1
15,6,1760,496,136,196,1,-1,-1,-1
16,0,1492,453,108,176,1,-1,-1,-1
16,3,229,490,156,204,1,-1,-1,-1
16,4,1023,539,46,133,1,-1,-1,-1
16,6,1756,497,136,196,1,-1,-1,-1
17,0,1492,453,108,176,1,-1,-1,-1
17,3,229,490,156,204,1,-1,-1,-1
17,4,1023,539,46,133,1,-1,-1,-1
17,6,1756,497,136,196,1,-1,-1,-1
18,0,1485,452,108,176,1,-1,-1,-1
18,3,222,490,156,204,1,-1,-1,-1
18,4,1013,538,46,133,1,-1,-1,-1
18,6,1748,496,136,196,1,-1,-1,-1
19,0,1482,451,108,176,1,-1,-1,-1
19,3,219,490,156,204,1,-1,-1,-1
19,4,1004,537,46,133,1,-1,-1,-1
19,6,1746,495,136,196,1,-1,-1,-1
20,0,1479,451,108,176,1,-1,-1,-1
20,3,217,490,156,204,1,-1,-1,-1
20,6,1743,492,136,196,1,-1,-1,-1
21,0,1475,450,108,176,1,-1,-1,-1
21,3,214,489,156,204,1,-1,-1,-1
21,6,1738,491,136,196,1,-1,-1,-1
22,0,1472,450,108,176,1,-1,-1,-1
22,3,211,489,156,204,1,-1,-1,-1
22,6,1736,490,136,196,1,-1,-1,-1
23,0,1470,449,108,176,1,-1,-1,-1
23,3,209,488,156,204,1,-1,-1,-1
23,6,1734,488,136,196,1,-1,-1,-1
24,0,1469,448,108,176,1,-1,-1,-1
24,3,204,484,164,214,1,-1,-1,-1
24,6,1733,488,136,196,1,-1,-1,-1
25,0,1460,440,108,168,1,-1,-1,-1
25,3,204,484,164,214,1,-1,-1,-1
25,6,1728,500,128,176,1,-1,-1,-1
25,8,1320,528,80,148,1,-1,-1,-1
26,0,1459,440,108,168,1,-1,-1,-1
26,3,200,482,164,214,1,-1,-1,-1
26,6,1726,500,128,176,1,-1,-1,-1
26,8,1318,526,80,148,1,-1,-1,-1
27,0,1457,440,108,168,1,-1,-1,-1
27,3,202,486,156,204,1,-1,-1,-1
27,6,1723,503,128,176,1,-1,-1,-1
27,8,1313,522,84,155,1,-1,-1,-1
28,0,1459,443,103,160,1,-1,-1,-1
28,3,199,486,156,204,1,-1,-1,-1
28,6,1721,505,128,176,1,-1,-1,-1
28,8,1308,525,84,155,1,-1,-1,-1
29,0,1457,443,103,160,1,-1,-1,-1
29,3,197,486,156,204,1,-1,-1,-1
29,6,1717,506,128,176,1,-1,-1,-1
30,0,1455,442,103,160,1,-1,-1,-1
30,3,194,487,156,204,1,-1,-1,-1
30,6,1714,506,128,176,1,-1,-1,-1
31,0,1453,442,103,160,1,-1,-1,-1
31,3,192,487,156,204,1,-1,-1,-1
31,6,1711,504,128,176,1,-1,-1,-1
32,0,1447,437,108,168,1,-1,-1,-1
32,3,190,486,156,204,1,-1,-1,-1
32,6,1709,503,128,176,1,-1,-1,-1
33,0,1448,436,108,180,1,-1,-1,-1
33,3,184,488,160,200,1,-1,-1,-1
33,6,1712,492,112,176,1,-1,-1,-1
33,9,940,524,116,132,1,-1,-1,-1
33,10,1260,524,76,140,1,-1,-1,-1
34,0,1447,436,108,180,1,-1,-1,-1
34,3,182,488,160,200,1,-1,-1,-1
34,6,1710,491,112,176,1,-1,-1,-1
34,9,937,522,116,132,1,-1,-1,-1
34,10,1252,524,76,140,1,-1,-1,-1
35,0,1446,435,108,180,1,-1,-1,-1
35,3,182,489,160,200,1,-1,-1,-1
35,6,1704,492,112,176,1,-1,-1,-1
35,9,932,520,116,132,1,-1,-1,-1
36,0,1444,434,108,180,1,-1,-1,-1
36,3,180,489,160,200,1,-1,-1,-1
36,6,1698,491,112,176,1,-1,-1,-1
36,9,934,522,110,126,1,-1,-1,-1
37,0,1442,435,108,180,1,-1,-1,-1
37,3,178,490,160,200,1,-1,-1,-1
37,6,1689,488,118,185,1,-1,-1,-1
37,9,929,522,110,126,1,-1,-1,-1
38,0,1438,432,113,189,1,-1,-1,-1
38,3,178,491,160,200,1,-1,-1,-1
38,6,1681,488,118,185,1,-1,-1,-1
38,9,928,522,110,126,1,-1,-1,-1
39,0,1442,437,108,180,1,-1,-1,-1
39,3,179,492,160,200,1,-1,-1,-1
39,9,931,526,110,126,1,-1,-1,-1
40,0,1442,437,108,180,1,-1,-1,-1
40,3,180,492,160,200,1,-1,-1,-1
41,0,1444,436,108,172,1,-1,-1,-1
41,3,188,488,160,212,1,-1,-1,-1
41,11,1216,520,68,148,1,-1,-1,-1
41,12,1636,528,100,140,1,-1,-1,-1
41,13,932,536,72,128,1,-1,-1,-1
42,0,1448,440,103,164,1,-1,-1,-1
42,3,189,489,160,212,1,-1,-1,-1
42,11,1215,521,68,148,1,-1,-1,-1
42,12,1633,528,100,140,1,-1,-1,-1
42,13,930,536,72,128,1,-1,-1,-1
43,0,1451,439,103,164,1,-1,-1,-1
43,3,195,490,160,212,1,-1,-1,-1
43,11,1214,523,68,148,1,-1,-1,-1
43,12,1633,527,100,140,1,-1,-1,-1
43,13,931,537,72,128,1,-1,-1,-1
44,0,1455,440,103,164,1,-1,-1,-1
44,3,202,496,152,202,1,-1,-1,-1
44,11,1212,513,71,155,1,-1,-1,-1
44,12,1631,525,100,140,1,-1,-1,-1
45,0,1458,438,103,164,1,-1,-1,-1
45,3,205,496,152,202,1,-1,-1,-1
45,11,1210,512,71,155,1,-1,-1,-1
45,12,1627,525,100,140,1,-1,-1,-1
46,0,1461,438,103,164,1,-1,-1,-1
46,3,210,496,152,202,1,-1,-1,-1
46,11,1209,509,71,155,1,-1,-1,-1
47,0,1466,437,103,164,1,-1,-1,-1
47,3,213,496,152,202,1,-1,-1,-1
48,0,1467,437,103,164,1,-1,-1,-1
48,3,216,497,152,202,1,-1,-1,-1
49,0,1472,432,104,176,1,-1,-1,-1
49,3,216,497,152,202,1,-1,-1,-1
49,14,1624,520,92,140,1,-1,-1,-1
49,15,1192,520,84,144,1,-1,-1,-1
50,0,1475,436,99,168,1,-1,-1,-1
50,3,221,497,152,202,1,-1,-1,-1
50,14,1623,517,92,140,1,-1,-1,-1
50,15,1190,518,84,144,1,-1,-1,-1
51,0,1476,431,104,176,1,-1,-1,-1
51,3,225,497,152,202,1,-1,-1,-1
51,14,1621,514,92,140,1,-1,-1,-1
51,15,1187,517,84,144,1,-1,-1,-1
52,0,1480,431,104,176,1,-1,-1,-1
52,3,228,498,152,202,1,-1,-1,-1
52,14,1618,511,92,140,1,-1,-1,-1
53,0,1484,432,104,176,1,-1,-1,-1
53,3,230,496,152,202,1,-1,-1,-1
53,14,1614,509,92,140,1,-1,-1,-1
54,0,1487,432,104,176,1,-1,-1,-1
54,3,234,496,152,202,1,-1,-1,-1
54,14,1611,510,92,140,1,-1,-1,-1
55,0,1490,433,104,176,1,-1,-1,-1
55,3,237,497,152,202,1,-1,-1,-1
55,14,1606,509,92,140,1,-1,-1,-1
56,0,1493,433,104,176,1,-1,-1,-1
56,3,239,497,152,202,1,-1,-1,-1
56,14,1603,509,92,140,1,-1,-1,-1
57,0,1496,436,124,172,1,-1,-1,-1
57,3,239,497,152,202,1,-1,-1,-1
57,14,1612,524,84,136,1,-1,-1,-1
57,16,1144,500,96,164,1,-1,-1,-1
57,17,948,536,60,120,1,-1,-1,-1
57,18,1764,484,132,172,1,-1,-1,-1
58,0,1497,437,124,172,1,-1,-1,-1
58,3,245,499,152,202,1,-1,-1,-1
58,14,1608,524,84,136,1,-1,-1,-1
58,16,1140,501,96,164,1,-1,-1,-1
58,17,948,539,60,120,1,-1,-1,-1
58,18,1766,484,132,172,1,-1,-1,-1
59,0,1500,439,124,172,1,-1,-1,-1
59,3,247,499,152,202,1,-1,-1,-1
59,14,1607,524,84,136,1,-1,-1,-1
59,16,1139,505,96,164,1,-1,-1,-1
59,17,949,544,60,120,1,-1,-1,-1
59,18,1769,484,132,172,1,-1,-1,-1
60,0,1502,440,124,172,1,-1,-1,-1
60,3,251,502,152,202,1,-1,-1,-1
60,14,1605,521,88,143,1,-1,-1,-1
60,16,1138,514,96,164,1,-1,-1,-1
60,17,948,548,63,126,1,-1,-1,-1
60,18,1772,486,132,172,1,-1,-1,-1
61,0,1504,442,124,172,1,-1,-1,-1
61,3,252,502,152,202,1,-1,-1,-1
61,16,1132,513,96,164,1,-1,-1,-1
61,17,949,547,63,126,1,-1,-1,-1
61,18,1774,488,132,172,1,-1,-1,-1
62,0,1506,444,124,172,1,-1,-1,-1
62,3,254,505,152,202,1,-1,-1,-1
62,16,1115,513,96,164,1,-1,-1,-1
62,18,1776,490,132,172,1,-1,-1,-1
63,0,1507,446,124,172,1,-1,-1,-1
63,3,257,508,152,202,1,-1,-1,-1
63,16,1100,514,96,164,1,-1,-1,-1
63,18,1781,498,126,164,1,-1,-1,-1
64,0,1509,448,124,172,1,-1,-1,-1
64,3,259,513,152,202,1,-1,-1,-1
64,18,1783,502,126,164,1,-1,-1,-1
65,0,1509,448,124,172,1,-1,-1,-1
65,3,256,512,164,208,1,-1,-1,-1
65,18,1783,502,126,164,1,-1,-1,-1
65,19,1572,536,92,152,1,-1,-1,-1
65,20,1068,540,92,132,1,-1,-1,-1
65,21,952,544,60,116,1,-1,-1,-1
66,0,1512,462,124,172,1,-1,-1,-1
66,3,257,517,164,208,1,-1,-1,-1
66,18,1787,515,126,164,1,-1,-1,-1
66,19,1572,544,92,152,1,-1,-1,-1
66,20,1062,547,92,132,1,-1,-1,-1
66,21,952,547,60,116,1,-1,-1,-1
67,0,1518,468,118,164,1,-1,-1,-1
67,3,258,522,164,208,1,-1,-1,-1
67,18,1789,519,126,164,1,-1,-1,-1
67,19,1572,551,92,152,1,-1,-1,-1
67,20,1055,555,88,126,1,-1,-1,-1
67,21,951,554,60,116,1,-1,-1,-1
68,0,1519,473,124,172,1,-1,-1,-1
68,3,261,527,164,208,1,-1,-1,-1
68,18,1790,525,126,164,1,-1,-1,-1
68,19,1571,557,92,152,1,-1,-1,-1
68,20,1043,556,92,132,1,-1,-1,-1
68,21,949,560,60,116,1,-1,-1,-1
69,0,1521,479,124,172,1,-1,-1,-1
69,3,262,534,164,208,1,-1,-1,-1
69,18,1792,530,126,164,1,-1,-1,-1
69,19,1573,561,92,152,1,-1,-1,-1
69,20,1038,561,92,132,1,-1,-1,-1
69,21,951,568,60,116,1,-1,-1,-1
70,0,1524,484,124,172,1,-1,-1,-1
70,3,264,539,164,208,1,-1,-1,-1
70,18,1795,536,126,164,1,-1,-1,-1
70,19,1570,564,92,152,1,-1,-1,-1
70,20,1033,562,92,132,1,-1,-1,-1
71,0,1527,488,124,172,1,-1,-1,-1
71,3,266,543,164,208,1,-1,-1,-1
71,18,1798,541,126,164,1,-1,-1,-1
72,0,1529,494,124,172,1,-1,-1,-1
72,3,269,547,164,208,1,-1,-1,-1
72,18,1800,546,126,164,1,-1,-1,-1
73,0,1524,496,128,228,1,-1,-1,-1
73,3,280,560,152,200,1,-1,-1,-1
73,18,1812,556,120,168,1,-1,-1,-1
73,22,1028,556,72,168,1,-1,-1,-1
74,0,1524,498,128,228,1,-1,-1,-1
74,3,282,563,152,200,1,-1,-1,-1
74,18,1815,559,120,168,1,-1,-1,-1
74,22,1025,562,72,168,1,-1,-1,-1
75,0,1524,508,128,228,1,-1,-1,-1
75,3,287,573,145,190,1,-1,-1,-1
75,18,1819,565,120,168,1,-1,-1,-1
75,22,1020,567,72,168,1,-1,-1,-1
76,0,1522,512,128,228,1,-1,-1,-1
76,3,286,572,152,200,1,-1,-1,-1
76,18,1821,569,120,168,1,-1,-1,-1
76,22,1016,569,76,176,1,-1,-1,-1
77,0,1519,516,128,228,1,-1,-1,-1
77,3,290,576,152,200,1,-1,-1,-1
77,18,1823,573,120,168,1,-1,-1,-1
77,22,1011,572,76,176,1,-1,-1,-1
78,0,1523,524,122,217,1,-1,-1,-1
78,3,293,580,152,200,1,-1,-1,-1
78,18,1826,578,120,168,1,-1,-1,-1
78,22,1000,582,72,168,1,-1,-1,-1
79,3,295,585,152,200,1,-1,-1,-1
79,18,1829,581,120,168,1,-1,-1,-1
79,22,1000,588,69,160,1,-1,-1,-1
80,3,298,590,152,200,1,-1,-1,-1
80,18,1831,585,120,168,1,-1,-1,-1
81,3,296,588,160,204,1,-1,-1,-1
81,18,1832,588,116,160,1,-1,-1,-1
81,23,1488,524,112,232,1,-1,-1,-1
82,3,297,590,160,204,1,-1,-1,-1
82,18,1834,590,116,160,1,-1,-1,-1
82,23,1488,527,112,232,1,-1,-1,-1
83,3,300,592,160,204,1,-1,-1,-1
83,18,1836,593,116,160,1,-1,-1,-1
83,23,1488,532,112,232,1,-1,-1,-1
84,3,302,594,160,204,1,-1,-1,-1
84,18,1838,595,116,160,1,-1,-1,-1
84,23,1487,537,112,232,1,-1,-1,-1
85,3,300,593,168,214,1,-1,-1,-1
85,18,1840,598,116,160,1,-1,-1,-1
85,23,1487,542,112,232,1,-1,-1,-1
86,3,305,599,160,204,1,-1,-1,-1
86,18,1841,601,116,160,1,-1,-1,-1
86,23,1487,545,112,232,1,-1,-1,-1
87,3,307,601,160,204,1,-1,-1,-1
87,18,1843,603,116,160,1,-1,-1,-1
87,23,1487,547,112,232,1,-1,-1,-1
88,3,308,603,160,204,1,-1,-1,-1
88,18,1845,605,116,160,1,-1,-1,-1
88,23,1487,543,118,244,1,-1,-1,-1
89,3,308,596,160,216,1,-1,-1,-1
89,18,1845,605,116,160,1,-1,-1,-1
89,23,1487,543,118,244,1,-1,-1,-1
89,24,1484,640,76,136,1,-1,-1,-1
90,3,309,597,160,216,1,-1,-1,-1
90,18,1847,608,116,160,1,-1,-1,-1
90,23,1486,539,123,256,1,-1,-1,-1
90,24,1484,639,76,136,1,-1,-1,-1
91,3,310,599,160,216,1,-1,-1,-1
91,18,1846,610,116,160,1,-1,-1,-1
91,23,1489,544,118,244,1,-1,-1,-1
91,24,1484,639,76,136,1,-1,-1,-1
92,3,311,600,160,216,1,-1,-1,-1
92,18,1847,611,116,160,1,-1,-1,-1
92,23,1488,542,123,256,1,-1,-1,-1
92,24,1483,639,76,136,1,-1,-1,-1
93,3,311,601,160,216,1,-1,-1,-1
93,18,1847,613,116,160,1,-1,-1,-1
93,24,1483,640,76,136,1,-1,-1,-1
94,3,311,602,160,216,1,-1,-1,-1
94,18,1846,614,116,160,1,-1,-1,-1
94,24,1480,641,76,136,1,-1,-1,-1
95,3,310,602,160,216,1,-1,-1,-1
95,18,1846,615,116,160,1,-1,-1,-1
95,24,1473,640,76,136,1,-1,-1,-1
96,3,310,603,160,216,1,-1,-1,-1
96,18,1846,616,116,160,1,-1,-1,-1
96,24,1466,643,72,130,1,-1,-1,-1
97,3,312,616,156,212,1,-1,-1,-1
97,18,1846,616,116,160,1,-1,-1,-1
97,24,1468,640,68,148,1,-1,-1,-1
97,25,1572,560,120,180,1,-1,-1,-1
98,3,312,616,156,212,1,-1,-1,-1
98,18,1842,614,122,168,1,-1,-1,-1
98,24,1466,640,68,148,1,-1,-1,-1
98,25,1573,560,120,180,1,-1,-1,-1
99,3,313,616,156,212,1,-1,-1,-1
99,18,1841,615,122,168,1,-1,-1,-1
99,24,1464,640,68,148,1,-1,-1,-1
99,25,1572,561,120,180,1,-1,-1,-1
100,3,313,617,156,212,1,-1,-1,-1
100,18,1839,617,122,168,1,-1,-1,-1
100,24,1462,639,68,148,1,-1,-1,-1
100,25,1573,562,120,180,1,-1,-1,-1
101,3,313,618,156,212,1,-1,-1,-1
101,18,1841,621,116,160,1,-1,-1,-1
101,24,1459,638,68,148,1,-1,-1,-1
101,25,1574,562,120,180,1,-1,-1,-1
102,3,313,618,156,212,1,-1,-1,-1
102,18,1840,621,116,160,1,-1,-1,-1
102,24,1456,641,68,148,1,-1,-1,-1
102,25,1573,562,120,180,1,-1,-1,-1
103,3,312,618,156,212,1,-1,-1,-1
103,18,1839,623,116,160,1,-1,-1,-1
103,25,1572,563,120,180,1,-1,-1,-1
104,3,311,618,156,212,1,-1,-1,-1
104,18,1838,624,116,160,1,-1,-1,-1
104,25,1572,564,120,180,1,-1,-1,-1
105,3,312,620,160,208,1,-1,-1,-1
105,18,1832,628,128,176,1,-1,-1,-1
105,25,1568,560,116,180,1,-1,-1,-1
105,26,1452,632,68,156,1,-1,-1,-1
105,27,876,592,64,156,1,-1,-1,-1
105,28,1004,552,56,132,1,-1,-1,-1
106,3,312,620,160,208,1,-1,-1,-1
106,18,1831,628,128,176,1,-1,-1,-1
106,25,1567,560,116,180,1,-1,-1,-1
106,26,1451,631,68,156,1,-1,-1,-1
106,27,874,595,64,156,1,-1,-1,-1
106,28,1006,553,56,132,1,-1,-1,-1
107,3,313,621,160,208,1,-1,-1,-1
107,18,1829,628,128,176,1,-1,-1,-1
107,25,1567,560,116,180,1,-1,-1,-1
107,26,1450,632,68,156,1,-1,-1,-1
107,27,872,599,64,156,1,-1,-1,-1
107,28,1010,555,56,132,1,-1,-1,-1
108,3,313,622,160,208,1,-1,-1,-1
108,18,1828,628,128,176,1,-1,-1,-1
108,25,1567,561,116,180,1,-1,-1,-1
108,26,1449,632,68,156,1,-1,-1,-1
108,27,870,597,64,156,1,-1,-1,-1
108,28,1014,558,56,132,1,-1,-1,-1
109,3,312,623,160,208,1,-1,-1,-1
109,18,1827,630,128,176,1,-1,-1,-1
109,25,1566,561,116,180,1,-1,-1,-1
109,26,1445,625,71,164,1,-1,-1,-1
110,3,312,622,160,208,1,-1,-1,-1
110,18,1827,630,128,176,1,-1,-1,-1
110,25,1566,561,116,180,1,-1,-1,-1
110,26,1441,622,71,164,1,-1,-1,-1
111,3,310,622,160,208,1,-1,-1,-1
111,18,1825,631,128,176,1,-1,-1,-1
111,25,1566,562,116,180,1,-1,-1,-1
111,26,1437,621,71,164,1,-1,-1,-1
112,3,310,622,160,208,1,-1,-1,-1
112,18,1823,632,128,176,1,-1,-1,-1
112,25,1566,562,116,180,1,-1,-1,-1
112,26,1434,619,71,164,1,-1,-1,-1
113,3,312,620,160,208,1,-1,-1,-1
113,18,1816,632,108,168,1,-1,-1,-1
113,25,1564,564,112,176,1,-1,-1,-1
113,26,1424,628,92,160,1,-1,-1,-1
113,29,1036,540,56,120,1,-1,-1,-1
113,30,868,584,52,156,1,-1,-1,-1
114,3,311,620,160,208,1,-1,-1,-1
114,18,1814,632,108,168,1,-1,-1,-1
114,25,1563,564,112,176,1,-1,-1,-1
114,26,1422,630,92,160,1,-1,-1,-1
114,29,1038,539,56,120,1,-1,-1,-1
114,30,867,584,52,156,1,-1,-1,-1
115,3,310,620,160,208,1,-1,-1,-1
115,18,1813,632,108,168,1,-1,-1,-1
115,25,1563,565,112,176,1,-1,-1,-1
115,26,1418,632,92,160,1,-1,-1,-1
115,29,1040,534,59,126,1,-1,-1,-1
115,30,865,584,52,156,1,-1,-1,-1
116,3,311,620,160,208,1,-1,-1,-1
116,18,1811,631,108,168,1,-1,-1,-1
116,25,1564,565,112,176,1,-1,-1,-1
116,26,1413,630,92,160,1,-1,-1,-1
116,30,864,578,55,164,1,-1,-1,-1
117,3,311,620,160,208,1,-1,-1,-1
117,18,1807,628,113,176,1,-1,-1,-1
117,25,1564,565,112,176,1,-1,-1,-1
117,26,1405,625,97,168,1,-1,-1,-1
117,30,864,583,52,156,1,-1,-1,-1
118,3,310,620,160,208,1,-1,-1,-1
118,18,1803,628,113,176,1,-1,-1,-1
118,25,1562,565,112,176,1,-1,-1,-1
118,26,1402,625,97,168,1,-1,-1,-1
118,30,864,588,50,149,1,-1,-1,-1
119,3,309,620,160,208,1,-1,-1,-1
119,18,1802,628,113,176,1,-1,-1,-1
119,25,1562,565,112,176,1,-1,-1,-1
119,26,1400,623,97,168,1,-1,-1,-1
120,3,308,620,160,208,1,-1,-1,-1
120,18,1800,629,113,176,1,-1,-1,-1
120,25,1561,566,112,176,1,-1,-1,-1
120,26,1396,624,97,168,1,-1,-1,-1
121,3,304,620,160,208,1,-1,-1,-1
121,18,1800,628,108,176,1,-1,-1,-1
121,25,1560,564,108,180,1,-1,-1,-1
121,26,1380,636,84,148,1,-1,-1,-1
121,31,876,572,72,168,1,-1,-1,-1
122,3,303,622,160,208,1,-1,-1,-1
122,18,1796,624,113,185,1,-1,-1,-1
122,25,1560,563,108,180,1,-1,-1,-1
122,26,1378,637,84,148,1,-1,-1,-1
122,31,877,573,72,168,1,-1,-1,-1
123,3,305,627,152,198,1,-1,-1,-1
123,18,1795,624,113,185,1,-1,-1,-1
123,25,1559,564,108,180,1,-1,-1,-1
123,26,1374,637,84,148,1,-1,-1,-1
123,31,878,575,72,168,1,-1,-1,-1
124,3,308,631,145,189,1,-1,-1,-1
124,18,1793,625,113,185,1,-1,-1,-1
124,25,1557,564,108,180,1,-1,-1,-1
124,26,1371,640,84,148,1,-1,-1,-1
124,31,877,578,72,168,1,-1,-1,-1
125,3,307,633,145,189,1,-1,-1,-1
125,18,1791,625,113,185,1,-1,-1,-1
125,25,1555,565,108,180,1,-1,-1,-1
125,26,1367,643,84,148,1,-1,-1,-1
125,31,877,576,72,168,1,-1,-1,-1
126,3,306,634,145,189,1,-1,-1,-1
126,18,1792,629,108,176,1,-1,-1,-1
126,25,1555,566,108,180,1,-1,-1,-1
126,26,1363,646,84,148,1,-1,-1,-1
126,31,880,579,69,160,1,-1,-1,-1
127,3,303,634,145,189,1,-1,-1,-1
127,18,1790,629,108,176,1,-1,-1,-1
127,25,1553,566,108,180,1,-1,-1,-1
127,26,1362,646,84,148,1,-1,-1,-1
128,3,303,633,145,189,1,-1,-1,-1
128,18,1792,634,103,168,1,-1,-1,-1
128,25,1553,567,108,180,1,-1,-1,-1
128,26,1361,646,84,148,1,-1,-1,-1
129,3,292,620,164,212,1,-1,-1,-1
129,18,1780,632,116,192,1,-1,-1,-1
129,25,1548,568,108,180,1,-1,-1,-1
129,26,1356,628,76,148,1,-1,-1,-1
130,3,291,620,164,212,1,-1,-1,-1
130,18,1780,632,116,192,1,-1,-1,-1
130,25,1547,567,108,180,1,-1,-1,-1
130,26,1355,627,76,148,1,-1,-1,-1
131,3,289,620,164,212,1,-1,-1,-1
131,18,1779,632,116,192,1,-1,-1,-1
131,25,1546,566,108,180,1,-1,-1,-1
131,26,1353,627,76,148,1,-1,-1,-1
132,3,288,621,164,212,1,-1,-1,-1
132,18,1776,633,116,192,1,-1,-1,-1
132,25,1544,568,108,180,1,-1,-1,-1
132,26,1348,623,80,155,1,-1,-1,-1
133,3,287,621,164,212,1,-1,-1,-1
133,18,1776,632,116,192,1,-1,-1,-1
133,25,1543,569,108,180,1,-1,-1,-1
133,26,1346,622,80,155,1,-1,-1,-1
134,3,285,621,164,212,1,-1,-1,-1
134,18,1775,632,116,192,1,-1,-1,-1
134,25,1543,569,108,180,1,-1,-1,-1
134,26,1342,622,80,155,1,-1,-1,-1
135,3,284,622,164,212,1,-1,-1,-1
135,18,1776,637,110,183,1,-1,-1,-1
135,25,1541,570,108,180,1,-1,-1,-1
135,26,1338,621,80,155,1,-1,-1,-1
136,3,283,622,164,212,1,-1,-1,-1
136,18,1775,637,110,183,1,-1,-1,-1
136,25,1541,570,108,180,1,-1,-1,-1
136,26,1336,620,80,155,1,-1,-1,-1
137,3,280,632,160,200,1,-1,-1,-1
137,18,1764,640,124,160,1,-1,-1,-1
137,25,1540,580,112,172,1,-1,-1,-1
137,26,1324,648,88,140,1,-1,-1,-1
138,3,262,627,160,200,1,-1,-1,-1
138,18,1761,635,124,160,1,-1,-1,-1
138,25,1535,576,112,172,1,-1,-1,-1
138,26,1314,643,88,140,1,-1,-1,-1
139,3,255,628,160,200,1,-1,-1,-1
139,18,1770,635,124,160,1,-1,-1,-1
139,25,1540,574,112,172,1,-1,-1,-1
139,26,1315,642,88,140,1,-1,-1,-1
140,3,248,630,160,200,1,-1,-1,-1
140,18,1783,636,124,160,1,-1,-1,-1
140,25,1551,576,112,172,1,-1,-1,-1
140,26,1317,642,88,140,1,-1,-1,-1
141,3,230,633,160,200,1,-1,-1,-1
141,18,1798,639,124,160,1,-1,-1,-1
141,25,1561,578,112,172,1,-1,-1,-1
141,26,1323,646,84,133,1,-1,-1,-1
142,3,213,635,160,200,1,-1,-1,-1
142,18,1812,641,124,160,1,-1,-1,-1
142,25,1568,578,112,172,1,-1,-1,-1
142,26,1324,646,84,133,1,-1,-1,-1
143,3,201,639,160,200,1,-1,-1,-1
143,18,1825,643,124,160,1,-1,-1,-1
143,25,1580,580,112,172,1,-1,-1,-1
143,26,1328,652,80,127,1,-1,-1,-1
144,3,183,643,160,200,1,-1,-1,-1
144,18,1836,645,124,160,1,-1,-1,-1
144,25,1586,583,112,172,1,-1,-1,-1
144,26,1330,655,80,127,1,-1,-1,-1
145,3,183,643,160,200,1,-1,-1,-1
145,18,1856,636,128,192,1,-1,-1,-1
145,25,1596,564,120,200,1,-1,-1,-1
145,26,1332,632,88,172,1,-1,-1,-1
146,3,149,641,168,210,1,-1,-1,-1
146,18,1868,636,128,192,1,-1,-1,-1
146,25,1601,564,120,200,1,-1,-1,-1
146,26,1333,633,88,172,1,-1,-1,-1
147,3,122,636,176,220,1,-1,-1,-1
147,18,1880,637,128,192,1,-1,-1,-1
147,25,1609,565,120,200,1,-1,-1,-1
147,26,1333,634,88,172,1,-1,-1,-1
148,3,101,635,176,220,1,-1,-1,-1
148,18,1893,636,128,192,1,-1,-1,-1
148,25,1615,563,120,200,1,-1,-1,-1
148,26,1333,633,88,172,1,-1,-1,-1
149,3,82,634,176,220,1,-1,-1,-1
149,18,1904,637,128,192,1,-1,-1,-1
149,25,1622,561,120,200,1,-1,-1,-1
149,26,1334,632,88,172,1,-1,-1,-1
150,3,61,634,176,220,1,-1,-1,-1
150,18,1911,633,134,202,1,-1,-1,-1
150,25,1625,555,126,210,1,-1,-1,-1
150,26,1333,631,88,172,1,-1,-1,-1
151,3,35,628,185,232,1,-1,-1,-1
151,18,1922,631,134,202,1,-1,-1,-1
151,25,1629,554,126,210,1,-1,-1,-1
151,26,1331,631,88,172,1,-1,-1,-1
152,3,15,628,185,232,1,-1,-1,-1
152,18,1934,625,141,212,1,-1,-1,-1
152,25,1637,553,126,210,1,-1,-1,-1
152,26,1331,628,88,172,1,-1,-1,-1
153,3,15,628,185,232,1,-1,-1,-1
153,18,1928,608,156,224,1,-1,-1,-1
153,25,1632,532,144,244,1,-1,-1,-1
153,26,1308,612,100,196,1,-1,-1,-1
154,3,-32,625,185,232,1,-1,-1,-1
154,18,1938,606,156,224,1,-1,-1,-1
154,25,1637,529,144,244,1,-1,-1,-1
154,26,1308,609,100,196,1,-1,-1,-1
155,3,-54,626,185,232,1,-1,-1,-1
155,18,1956,606,156,224,1,-1,-1,-1
155,25,1648,528,144,244,1,-1,-1,-1
155,26,1311,608,100,196,1,-1,-1,-1
156,3,-87,613,194,243,1,-1,-1,-1
156,18,1961,602,156,224,1,-1,-1,-1
156,25,1649,523,144,244,1,-1,-1,-1
156,26,1309,602,100,196,1,-1,-1,-1
157,3,-104,614,194,243,1,-1,-1,-1
157,18,1977,601,156,224,1,-1,-1,-1
157,25,1659,522,144,244,1,-1,-1,-1
157,26,1309,599,100,196,1,-1,-1,-1
158,18,1989,595,164,235,1,-1,-1,-1
158,25,1663,514,151,256,1,-1,-1,-1
158,26,1308,594,105,206,1,-1,-1,-1
159,18,1997,589,172,247,1,-1,-1,-1
159,25,1671,510,151,256,1,-1,-1,-1
159,26,1309,591,105,206,1,-1,-1,-1
160,18,2016,589,172,247,1,-1,-1,-1
160,25,1681,504,159,269,1,-1,-1,-1
160,26,1308,587,110,216,1,-1,-1,-1
161,18,2020,584,184,264,1,-1,-1,-1
161,25,1688,492,160,272,1,-1,-1,-1
161,26,1296,584,124,236,1,-1,-1,-1
162,18,2023,580,184,264,1,-1,-1,-1
162,25,1688,488,160,272,1,-1,-1,-1
162,26,1291,581,124,236,1,-1,-1,-1
163,18,2025,577,184,264,1,-1,-1,-1
163,25,1687,484,160,272,1,-1,-1,-1
163,26,1287,578,124,236,1,-1,-1,-1
164,18,2023,574,184,264,1,-1,-1,-1
164,25,1683,482,160,272,1,-1,-1,-1
164,26,1277,572,130,248,1,-1,-1,-1
165,18,2021,572,184,264,1,-1,-1,-1
165,25,1678,480,160,272,1,-1,-1,-1
165,26,1273,570,130,248,1,-1,-1,-1
166,18,2016,570,184,264,1,-1,-1,-1
166,25,1675,478,160,272,1,-1,-1,-1
166,26,1269,568,130,248,1,-1,-1,-1
167,18,2013,567,184,264,1,-1,-1,-1
167,25,1672,477,160,272,1,-1,-1,-1
167,26,1265,564,130,248,1,-1,-1,-1
168,18,2010,565,184,264,1,-1,-1,-1
168,25,1669,475,160,272,1,-1,-1,-1
168,26,1265,570,124,236,1,-1,-1,-1
169,18,2008,568,176,268,1,-1,-1,-1
169,25,1664,468,168,268,1,-1,-1,-1
169,26,1252,568,128,240,1,-1,-1,-1
169,32,792,320,140,312,1,-1,-1,-1
170,18,2007,568,176,268,1,-1,-1,-1
170,25,1663,466,168,268,1,-1,-1,-1
170,26,1249,567,128,240,1,-1,-1,-1
170,32,789,318,140,312,1,-1,-1,-1
171,18,2004,567,176,268,1,-1,-1,-1
171,25,1661,466,168,268,1,-1,-1,-1
171,26,1247,567,128,240,1,-1,-1,-1
171,32,788,320,140,312,1,-1,-1,-1
172,18,2002,566,176,268,1,-1,-1,-1
172,25,1659,466,168,268,1,-1,-1,-1
172,26,1245,566,128,240,1,-1,-1,-1
172,32,789,316,140,312,1,-1,-1,-1
173,18,2000,567,176,268,1,-1,-1,-1
173,25,1656,466,168,268,1,-1,-1,-1
173,26,1237,559,134,252,1,-1,-1,-1
173,32,789,315,140,312,1,-1,-1,-1
174,18,1996,566,176,268,1,-1,-1,-1
174,25,1651,459,176,281,1,-1,-1,-1
174,26,1234,560,134,252,1,-1,-1,-1
174,32,792,311,140,312,1,-1,-1,-1
175,18,1993,566,176,268,1,-1,-1,-1
175,25,1651,467,168,268,1,-1,-1,-1
175,26,1229,561,134,252,1,-1,-1,-1
175,32,790,309,140,312,1,-1,-1,-1
176,18,1990,567,176,268,1,-1,-1,-1
176,25,1647,467,168,268,1,-1,-1,-1
176,26,1226,561,134,252,1,-1,-1,-1
177,18,1980,564,188,268,1,-1,-1,-1
177,25,1640,468,184,264,1,-1,-1,-1
177,26,1216,552,144,252,1,-1,-1,-1
178,18,1977,565,188,268,1,-1,-1,-1
178,25,1637,468,184,264,1,-1,-1,-1
178,26,1213,551,144,252,1,-1,-1,-1
179,18,1974,566,188,268,1,-1,-1,-1
179,25,1632,470,184,264,1,-1,-1,-1
179,26,1209,552,144,252,1,-1,-1,-1
180,18,1968,566,188,268,1,-1,-1,-1
180,25,1628,471,184,264,1,-1,-1,-1
180,26,1203,551,144,252,1,-1,-1,-1
181,18,1954,563,197,281,1,-1,-1,-1
181,25,1616,472,184,264,1,-1,-1,-1
181,26,1192,552,144,252,1,-1,-1,-1
182,18,1943,566,197,281,1,-1,-1,-1
182,25,1606,474,184,264,1,-1,-1,-1
182,26,1180,553,144,252,1,-1,-1,-1
183,18,1933,566,197,281,1,-1,-1,-1
183,25,1596,477,184,264,1,-1,-1,-1
183,26,1168,554,144,252,1,-1,-1,-1
184,18,1919,568,197,281,1,-1,-1,-1
184,25,1583,478,184,264,1,-1,-1,-1
184,26,1156,553,144,252,1,-1,-1,-1
185,18,1916,576,180,268,1,-1,-1,-1
185,25,1576,472,172,292,1,-1,-1,-1
185,26,1144,560,136,252,1,-1,-1,-1
185,33,624,336,64,204,1,-1,-1,-1
186,18,1903,571,189,281,1,-1,-1,-1
186,25,1563,468,181,307,1,-1,-1,-1
186,26,1138,565,130,240,1,-1,-1,-1
186,33,620,339,64,204,1,-1,-1,-1
187,18,1893,573,189,281,1,-1,-1,-1
187,25,1555,471,181,307,1,-1,-1,-1
187,26,1128,568,130,240,1,-1,-1,-1
188,18,1886,573,189,281,1,-1,-1,-1
188,25,1544,471,181,307,1,-1,-1,-1
188,26,1118,568,130,240,1,-1,-1,-1
189,18,1877,575,189,281,1,-1,-1,-1
189,25,1536,471,181,307,1,-1,-1,-1
189,26,1110,568,130,240,1,-1,-1,-1
190,18,1870,575,189,281,1,-1,-1,-1
190,25,1529,469,181,307,1,-1,-1,-1
190,26,1101,569,130,240,1,-1,-1,-1
191,18,1863,576,189,281,1,-1,-1,-1
191,25,1523,469,181,307,1,-1,-1,-1
191,26,1092,570,130,240,1,-1,-1,-1
192,18,1856,576,189,281,1,-1,-1,-1
192,25,1515,471,181,307,1,-1,-1,-1
192,26,1084,569,130,240,1,-1,-1,-1
193,18,1852,580,180,280,1,-1,-1,-1
193,25,1512,484,168,296,1,-1,-1,-1
193,26,1072,580,136,232,1,-1,-1,-1
193,34,664,356,132,256,1,-1,-1,-1
194,18,1848,580,180,280,1,-1,-1,-1
194,25,1507,485,168,296,1,-1,-1,-1
194,26,1068,580,136,232,1,-1,-1,-1
194,34,659,356,132,256,1,-1,-1,-1
195,18,1843,580,180,280,1,-1,-1,-1
195,25,1502,485,168,296,1,-1,-1,-1
195,26,1061,581,136,232,1,-1,-1,-1
195,34,653,362,132,256,1,-1,-1,-1
196,18,1838,581,180,280,1,-1,-1,-1
196,25,1497,486,168,296,1,-1,-1,-1
196,26,1053,581,136,232,1,-1,-1,-1
196,34,650,364,132,256,1,-1,-1,-1
197,18,1831,583,180,280,1,-1,-1,-1
197,25,1492,488,168,296,1,-1,-1,-1
197,26,1044,583,136,232,1,-1,-1,-1
198,18,1825,582,180,280,1,-1,-1,-1
198,25,1483,478,176,311,1,-1,-1,-1
198,26,1037,584,136,232,1,-1,-1,-1
199,18,1819,582,180,280,1,-1,-1,-1
199,25,1477,478,176,311,1,-1,-1,-1
199,26,1033,585,136,232,1,-1,-1,-1
200,18,1812,583,180,280,1,-1,-1,-1
200,25,1470,478,176,311,1,-1,-1,-1
200,26,1029,593,130,221,1,-1,-1,-1
201,18,1804,584,184,276,1,-1,-1,-1
201,25,1460,492,164,284,1,-1,-1,-1
201,26,1024,576,112,244,1,-1,-1,-1
201,35,428,348,80,176,1,-1,-1,-1
202,18,1799,584,184,276,1,-1,-1,-1
202,25,1455,492,164,284,1,-1,-1,-1
202,26,1018,576,112,244,1,-1,-1,-1
202,35,422,350,80,176,1,-1,-1,-1
203,18,1789,576,193,290,1,-1,-1,-1
203,25,1449,493,164,284,1,-1,-1,-1
203,26,1012,576,112,244,1,-1,-1,-1
203,35,417,348,80,176,1,-1,-1,-1
204,18,1782,578,193,290,1,-1,-1,-1
204,25,1442,493,164,284,1,-1,-1,-1
204,26,1005,577,112,244,1,-1,-1,-1
205,18,1775,578,193,290,1,-1,-1,-1
205,25,1436,492,164,284,1,-1,-1,-1
205,26,995,571,118,256,1,-1,-1,-1
206,18,1768,578,193,290,1,-1,-1,-1
206,25,1430,491,164,284,1,-1,-1,-1
206,26,987,571,118,256,1,-1,-1,-1
207,18,1767,585,184,276,1,-1,-1,-1
207,25,1424,491,164,284,1,-1,-1,-1
207,26,980,569,118,256,1,-1,-1,-1
208,18,1763,584,184,276,1,-1,-1,-1
208,25,1417,491,164,284,1,-1,-1,-1
208,26,976,567,118,256,1,-1,-1,-1
209,18,1752,584,180,280,1,-1,-1,-1
209,25,1412,488,160,288,1,-1,-1,-1
209,26,972,560,100,252,1,-1,-1,-1
209,36,360,336,108,180,1,-1,-1,-1
210,18,1749,583,180,280,1,-1,-1,-1
210,25,1408,486,160,288,1,-1,-1,-1
210,26,969,559,100,252,1,-1,-1,-1
210,36,355,336,108,180,1,-1,-1,-1
211,18,1746,583,180,280,1,-1,-1,-1
211,25,1404,486,160,288,1,-1,-1,-1
211,26,965,557,100,252,1,-1,-1,-1
211,36,346,334,108,180,1,-1,-1,-1
212,18,1745,589,171,267,1,-1,-1,-1
212,25,1399,484,160,288,1,-1,-1,-1
212,26,961,556,100,252,1,-1,-1,-1
212,36,338,337,103,171,1,-1,-1,-1
213,18,1736,579,180,280,1,-1,-1,-1
213,25,1395,484,160,288,1,-1,-1,-1
213,26,957,553,100,252,1,-1,-1,-1
213,36,333,333,108,180,1,-1,-1,-1
214,18,1733,578,180,280,1,-1,-1,-1
214,25,1389,473,168,302,1,-1,-1,-1
214,26,952,549,100,252,1,-1,-1,-1
215,18,1727,575,180,280,1,-1,-1,-1
215,25,1387,474,168,302,1,-1,-1,-1
215,26,947,546,100,252,1,-1,-1,-1
216,18,1722,572,180,280,1,-1,-1,-1
216,25,1384,473,168,302,1,-1,-1,-1
216,26,943,542,100,252,1,-1,-1,-1
217,18,1716,560,184,272,1,-1,-1,-1
217,25,1372,468,176,276,1,-1,-1,-1
217,26,932,536,108,256,1,-1,-1,-1
217,37,260,320,112,156,1,-1,-1,-1
217,38,540,340,88,220,1,-1,-1,-1
217,39,472,320,64,200,1,-1,-1,-1
218,18,1717,564,175,259,1,-1,-1,-1
218,25,1374,472,168,263,1,-1,-1,-1
218,26,930,533,108,256,1,-1,-1,-1
218,37,256,318,112,156,1,-1,-1,-1
218,38,534,338,92,231,1,-1,-1,-1
218,39,470,319,64,200,1,-1,-1,-1
219,18,1715,560,175,259,1,-1,-1,-1
219,25,1370,470,168,263,1,-1,-1,-1
219,26,925,527,108,256,1,-1,-1,-1
219,37,250,317,112,156,1,-1,-1,-1
219,38,530,338,92,231,1,-1,-1,-1
219,39,468,309,64,200,1,-1,-1,-1
220,18,1710,557,175,259,1,-1,-1,-1
220,25,1366,467,168,263,1,-1,-1,-1
220,26,921,524,108,256,1,-1,-1,-1
220,37,238,310,112,156,1,-1,-1,-1
220,38,527,333,97,243,1,-1,-1,-1
221,18,1708,554,175,259,1,-1,-1,-1
221,25,1362,463,168,263,1,-1,-1,-1
221,26,917,521,108,256,1,-1,-1,-1
221,37,230,306,118,164,1,-1,-1,-1
221,38,527,328,97,243,1,-1,-1,-1
222,18,1705,550,175,259,1,-1,-1,-1
222,25,1360,461,168,263,1,-1,-1,-1
222,26,913,518,108,256,1,-1,-1,-1
222,37,215,302,123,172,1,-1,-1,-1
222,38,526,324,92,231,1,-1,-1,-1
223,18,1701,546,175,259,1,-1,-1,-1
223,25,1357,457,168,263,1,-1,-1,-1
223,26,910,516,108,256,1,-1,-1,-1
224,18,1705,541,175,259,1,-1,-1,-1
224,25,1359,451,168,263,1,-1,-1,-1
224,26,911,513,108,256,1,-1,-1,-1
225,18,1700,536,184,264,1,-1,-1,-1
225,25,1356,440,168,268,1,-1,-1,-1
225,26,920,500,88,264,1,-1,-1,-1
225,40,184,288,184,172,1,-1,-1,-1
225,41,524,320,100,220,1,-1,-1,-1
226,18,1699,534,184,264,1,-1,-1,-1
226,25,1358,446,160,255,1,-1,-1,-1
226,26,918,499,88,264,1,-1,-1,-1
226,40,180,285,184,172,1,-1,-1,-1
226,41,522,317,100,220,1,-1,-1,-1
227,18,1696,532,184,264,1,-1,-1,-1
227,25,1356,443,160,255,1,-1,-1,-1
227,26,916,498,88,264,1,-1,-1,-1
227,40,176,281,184,172,1,-1,-1,-1
227,41,519,313,100,220,1,-1,-1,-1
228,18,1694,530,184,264,1,-1,-1,-1
228,25,1353,441,160,255,1,-1,-1,-1
228,26,913,497,88,264,1,-1,-1,-1
228,40,173,277,184,172,1,-1,-1,-1
228,41,515,307,100,220,1,-1,-1,-1
229,18,1693,528,184,264,1,-1,-1,-1
229,25,1351,440,160,255,1,-1,-1,-1
229,26,911,495,88,264,1,-1,-1,-1
229,40,169,274,184,172,1,-1,-1,-1
229,41,512,305,100,220,1,-1,-1,-1
230,18,1691,526,184,264,1,-1,-1,-1
230,25,1347,432,168,268,1,-1,-1,-1
230,26,909,494,88,264,1,-1,-1,-1
230,40,165,271,184,172,1,-1,-1,-1
230,41,509,307,100,220,1,-1,-1,-1
231,18,1690,524,184,264,1,-1,-1,-1
231,25,1346,429,168,268,1,-1,-1,-1
231,26,906,492,88,264,1,-1,-1,-1
231,40,162,270,184,172,1,-1,-1,-1
231,41,508,309,100,220,1,-1,-1,-1
232,18,1688,524,184,264,1,-1,-1,-1
232,25,1346,428,168,268,1,-1,-1,-1
232,26,905,490,88,264,1,-1,-1,-1
232,40,163,270,184,172,1,-1,-1,-1
232,41,507,311,100,220,1,-1,-1,-1
233,18,1688,524,188,264,1,-1,-1,-1
233,25,1352,424,160,280,1,-1,-1,-1
233,26,896,488,96,268,1,-1,-1,-1
233,40,132,268,204,184,1,-1,-1,-1
233,41,460,308,148,208,1,-1,-1,-1
233,42,384,304,88,164,1,-1,-1,-1
234,18,1688,523,188,264,1,-1,-1,-1
234,25,1352,422,160,280,1,-1,-1,-1
234,26,896,487,96,268,1,-1,-1,-1
234,40,131,267,204,184,1,-1,-1,-1
234,41,458,306,148,208,1,-1,-1,-1
234,42,382,301,88,164,1,-1,-1,-1
235,18,1686,523,188,264,1,-1,-1,-1
235,25,1352,422,160,280,1,-1,-1,-1
235,26,895,487,96,268,1,-1,-1,-1
235,40,130,266,204,184,1,-1,-1,-1
235,41,456,303,148,208,1,-1,-1,-1
235,42,381,297,88,164,1,-1,-1,-1
236,18,1684,522,188,264,1,-1,-1,-1
236,25,1353,421,160,280,1,-1,-1,-1
236,26,895,487,96,268,1,-1,-1,-1
236,40,130,263,204,184,1,-1,-1,-1
236,41,454,301,148,208,1,-1,-1,-1
236,42,378,291,88,164,1,-1,-1,-1
237,18,1687,520,188,264,1,-1,-1,-1
237,25,1359,425,152,267,1,-1,-1,-1
237,26,897,486,96,268,1,-1,-1,-1
237,40,133,262,204,184,1,-1,-1,-1
237,41,453,298,148,208,1,-1,-1,-1
237,42,377,288,88,164,1,-1,-1,-1
238,18,1693,519,188,264,1,-1,-1,-1
238,25,1364,424,152,267,1,-1,-1,-1
238,26,904,483,96,268,1,-1,-1,-1
238,40,140,261,204,184,1,-1,-1,-1
238,41,457,295,148,208,1,-1,-1,-1
238,42,381,286,88,164,1,-1,-1,-1
239,18,1702,518,188,264,1,-1,-1,-1
239,25,1373,423,152,267,1,-1,-1,-1
239,26,910,484,96,268,1,-1,-1,-1
239,40,148,259,204,184,1,-1,-1,-1
239,41,462,292,148,208,1,-1,-1,-1
239,42,384,286,88,164,1,-1,-1,-1
240,18,1710,517,188,264,1,-1,-1,-1
240,25,1384,423,152,267,1,-1,-1,-1
240,26,921,484,96,268,1,-1,-1,-1
240,40,158,258,204,184,1,-1,-1,-1
240,41,468,290,148,208,1,-1,-1,-1
240,42,391,285,88,164,1,-1,-1,-1
241,18,1712,512,208,256,1,-1,-1,-1
241,25,1388,408,168,272,1,-1,-1,-1
241,26,928,500,108,248,1,-1,-1,-1
241,40,188,248,180,188,1,-1,-1,-1
241,41,468,290,148,208,1,-1,-1,-1
241,42,391,285,88,164,1,-1,-1,-1
242,18,1721,511,208,256,1,-1,-1,-1
242,25,1400,414,160,259,1,-1,-1,-1
242,26,937,499,108,248,1,-1,-1,-1
242,40,198,247,180,188,1,-1,-1,-1
242,41,483,291,141,198,1,-1,-1,-1
242,42,410,288,88,164,1,-1,-1,-1
243,18,1731,511,208,256,1,-1,-1,-1
243,25,1413,412,160,259,1,-1,-1,-1
243,26,949,499,108,248,1,-1,-1,-1
243,40,209,245,180,188,1,-1,-1,-1
243,41,491,296,134,189,1,-1,-1,-1
243,42,424,287,88,164,1,-1,-1,-1
244,18,1741,511,208,256,1,-1,-1,-1
244,25,1422,413,160,259,1,-1,-1,-1
244,26,961,499,108,248,1,-1,-1,-1
244,40,219,245,180,188,1,-1,-1,-1
244,41,500,296,134,189,1,-1,-1,-1
244,42,431,285,88,164,1,-1,-1,-1
245,18,1754,517,198,244,1,-1,-1,-1
245,25,1433,413,160,259,1,-1,-1,-1
245,26,970,497,108,248,1,-1,-1,-1
245,40,230,245,180,188,1,-1,-1,-1
245,41,507,295,134,189,1,-1,-1,-1
245,42,437,284,88,164,1,-1,-1,-1
246,18,1769,522,189,232,1,-1,-1,-1
246,25,1446,411,160,259,1,-1,-1,-1
246,26,982,497,108,248,1,-1,-1,-1
246,40,242,244,180,188,1,-1,-1,-1
246,41,514,292,141,198,1,-1,-1,-1
246,42,450,281,88,164,1,-1,-1,-1
247,18,1780,523,189,232,1,-1,-1,-1
247,25,1455,410,160,259,1,-1,-1,-1
247,26,990,493,108,248,1,-1,-1,-1
247,40,252,242,180,188,1,-1,-1,-1
247,41,528,291,141,198,1,-1,-1,-1
247,42,457,277,88,164,1,-1,-1,-1
248,18,1791,522,189,232,1,-1,-1,-1
248,25,1465,411,160,259,1,-1,-1,-1
248,26,997,488,113,260,1,-1,-1,-1
248,40,262,242,180,188,1,-1,-1,-1
248,41,542,289,141,198,1,-1,-1,-1
248,42,467,277,88,164,1,-1,-1,-1
249,18,1784,512,204,252,1,-1,-1,-1
249,25,1480,400,168,276,1,-1,-1,-1
249,26,997,488,113,260,1,-1,-1,-1
249,40,262,242,180,188,1,-1,-1,-1
249,41,542,289,141,198,1,-1,-1,-1
249,42,467,277,88,164,1,-1,-1,-1
250,18,1802,511,204,252,1,-1,-1,-1
250,25,1493,399,168,276,1,-1,-1,-1
250,26,1019,484,113,260,1,-1,-1,-1
250,40,277,233,180,188,1,-1,-1,-1
251,18,1821,508,204,252,1,-1,-1,-1
251,25,1511,393,168,276,1,-1,-1,-1
251,26,1027,479,113,260,1,-1,-1,-1
251,40,279,228,180,188,1,-1,-1,-1
252,18,1839,508,204,252,1,-1,-1,-1
252,25,1518,385,176,290,1,-1,-1,-1
252,26,1035,473,119,273,1,-1,-1,-1
252,40,280,222,180,188,1,-1,-1,-1
253,18,1860,507,204,252,1,-1,-1,-1
253,25,1541,382,176,290,1,-1,-1,-1
253,26,1045,472,119,273,1,-1,-1,-1
253,40,283,216,180,188,1,-1,-1,-1
254,18,1884,508,204,252,1,-1,-1,-1
254,25,1564,386,168,276,1,-1,-1,-1
254,26,1061,465,119,273,1,-1,-1,-1
254,40,285,212,180,188,1,-1,-1,-1
255,18,1913,506,204,252,1,-1,-1,-1
255,25,1588,383,168,276,1,-1,-1,-1
255,26,1074,464,119,273,1,-1,-1,-1
255,40,282,200,189,197,1,-1,-1,-1
256,18,1938,505,204,252,1,-1,-1,-1
256,25,1607,382,168,276,1,-1,-1,-1
256,26,1083,467,119,273,1,-1,-1,-1
256,40,278,196,189,197,1,-1,-1,-1
257,18,1964,500,216,260,1,-1,-1,-1
257,25,1616,368,208,304,1,-1,-1,-1
257,26,1084,456,144,276,1,-1,-1,-1
257,40,268,180,200,220,1,-1,-1,-1
257,43,484,228,264,244,1,-1,-1,-1
258,18,1987,502,216,260,1,-1,-1,-1
258,25,1638,367,208,304,1,-1,-1,-1
258,26,1090,458,144,276,1,-1,-1,-1
258,40,264,176,200,220,1,-1,-1,-1
258,43,484,225,264,244,1,-1,-1,-1
259,18,2006,495,227,273,1,-1,-1,-1
259,25,1656,364,208,304,1,-1,-1,-1
259,26,1098,458,144,276,1,-1,-1,-1
259,40,258,171,200,220,1,-1,-1,-1
259,43,481,223,264,244,1,-1,-1,-1
260,18,2032,494,227,273,1,-1,-1,-1
260,25,1676,365,208,304,1,-1,-1,-1
260,26,1107,458,144,276,1,-1,-1,-1
260,40,254,164,200,220,1,-1,-1,-1
260,43,479,220,264,244,1,-1,-1,-1
261,18,2057,496,227,273,1,-1,-1,-1
261,25,1693,365,208,304,1,-1,-1,-1
261,26,1115,459,144,276,1,-1,-1,-1
261,40,246,158,200,220,1,-1,-1,-1
261,43,473,212,264,244,1,-1,-1,-1
262,18,2077,494,227,273,1,-1,-1,-1
262,25,1706,356,218,319,1,-1,-1,-1
262,26,1121,457,144,276,1,-1,-1,-1
262,40,235,147,200,220,1,-1,-1,-1
262,43,469,207,264,244,1,-1,-1,-1
263,18,2093,487,238,287,1,-1,-1,-1
263,25,1723,353,218,319,1,-1,-1,-1
263,26,1125,456,144,276,1,-1,-1,-1
263,40,227,138,200,220,1,-1,-1,-1
263,43,457,191,277,256,1,-1,-1,-1
264,18,2116,489,238,287,1,-1,-1,-1
264,25,1742,362,208,304,1,-1,-1,-1
264,26,1129,456,144,276,1,-1,-1,-1
264,40,214,133,200,220,1,-1,-1,-1
264,43,451,184,277,256,1,-1,-1,-1
265,18,2116,489,238,287,1,-1,-1,-1
265,25,1756,328,248,352,1,-1,-1,-1
265,26,1128,436,168,320,1,-1,-1,-1
265,40,214,133,200,220,1,-1,-1,-1
265,43,451,184,277,256,1,-1,-1,-1
266,18,2158,488,238,287,1,-1,-1,-1
266,25,1772,326,248,352,1,-1,-1,-1
266,26,1130,437,168,320,1,-1,-1,-1
266,40,195,118,200,220,1,-1,-1,-1
266,43,434,167,291,269,1,-1,-1,-1
267,18,2180,484,250,301,1,-1,-1,-1
267,25,1786,317,260,370,1,-1,-1,-1
267,26,1130,427,176,336,1,-1,-1,-1
267,40,179,103,210,231,1,-1,-1,-1
267,43,428,160,291,269,1,-1,-1,-1
268,18,2203,489,250,301,1,-1,-1,-1
268,25,1800,316,260,370,1,-1,-1,-1
268,26,1132,430,176,336,1,-1,-1,-1
268,40,165,97,210,231,1,-1,-1,-1
268,43,420,154,291,269,1,-1,-1,-1
269,18,2227,490,250,301,1,-1,-1,-1
269,25,1823,316,260,370,1,-1,-1,-1
269,26,1136,431,176,336,1,-1,-1,-1
269,40,153,95,210,231,1,-1,-1,-1
269,43,418,151,291,269,1,-1,-1,-1
