1,0,2276,512,280,196,1,-1,-1,-1
1,1,1756,612,240,132,1,-1,-1,-1
1,2,1136,620,296,140,1,-1,-1,-1
1,3,900,624,236,136,1,-1,-1,-1
2,0,2265,512,280,196,1,-1,-1,-1
2,1,1751,613,240,132,1,-1,-1,-1
2,2,1137,620,296,140,1,-1,-1,-1
2,3,903,625,236,136,1,-1,-1,-1
3,0,2253,515,280,196,1,-1,-1,-1
3,1,1745,614,240,132,1,-1,-1,-1
3,2,1144,621,296,140,1,-1,-1,-1
3,3,918,626,236,136,1,-1,-1,-1
4,0,2232,520,267,187,1,-1,-1,-1
4,1,1728,616,240,132,1,-1,-1,-1
4,2,1145,623,296,140,1,-1,-1,-1
4,3,928,626,236,136,1,-1,-1,-1
5,0,2223,525,254,178,1,-1,-1,-1
5,1,1728,620,229,126,1,-1,-1,-1
5,2,1146,626,296,140,1,-1,-1,-1
5,3,926,627,236,136,1,-1,-1,-1
6,0,2210,525,254,178,1,-1,-1,-1
6,1,1721,621,229,126,1,-1,-1,-1
6,2,1146,626,296,140,1,-1,-1,-1
6,3,935,625,236,136,1,-1,-1,-1
7,0,2206,527,254,178,1,-1,-1,-1
7,1,1715,624,229,126,1,-1,-1,-1
7,2,1149,627,296,140,1,-1,-1,-1
7,3,939,628,236,136,1,-1,-1,-1
8,0,2204,525,254,178,1,-1,-1,-1
8,1,1711,624,229,126,1,-1,-1,-1
8,2,1166,629,282,133,1,-1,-1,-1
8,3,947,633,225,130,1,-1,-1,-1
9,0,2208,528,280,184,1,-1,-1,-1
9,1,1716,628,224,120,1,-1,-1,-1
9,2,1224,624,224,124,1,-1,-1,-1
9,3,948,616,256,136,1,-1,-1,-1
9,4,608,632,216,112,1,-1,-1,-1
10,0,2212,526,280,184,1,-1,-1,-1
10,1,1716,628,224,120,1,-1,-1,-1
10,2,1226,624,224,124,1,-1,-1,-1
10,3,949,616,256,136,1,-1,-1,-1
10,4,610,632,216,112,1,-1,-1,-1
11,0,2217,527,280,184,1,-1,-1,-1
11,1,1719,628,224,120,1,-1,-1,-1
11,2,1229,624,224,124,1,-1,-1,-1
11,3,951,617,256,136,1,-1,-1,-1
11,4,614,632,216,112,1,-1,-1,-1
12,0,2228,526,280,184,1,-1,-1,-1
12,1,1725,627,224,120,1,-1,-1,-1
12,2,1234,625,224,124,1,-1,-1,-1
12,3,945,613,269,143,1,-1,-1,-1
12,4,615,633,216,112,1,-1,-1,-1
13,0,2240,530,267,175,1,-1,-1,-1
13,1,1730,628,224,120,1,-1,-1,-1
13,2,1237,626,224,124,1,-1,-1,-1
13,3,945,613,269,143,1,-1,-1,-1
13,4,615,634,216,112,1,-1,-1,-1
14,0,2247,530,267,175,1,-1,-1,-1
14,1,1733,628,224,120,1,-1,-1,-1
14,2,1239,627,224,124,1,-1,-1,-1
14,3,950,614,269,143,1,-1,-1,-1
14,4,617,635,216,112,1,-1,-1,-1
15,0,2251,529,267,175,1,-1,-1,-1
15,1,1736,629,224,120,1,-1,-1,-1
15,2,1242,629,224,124,1,-1,-1,-1
15,3,948,612,269,143,1,-1,-1,-1
15,4,617,636,216,112,1,-1,-1,-1
16,0,2253,526,267,175,1,-1,-1,-1
16,1,1736,628,235,126,1,-1,-1,-1
16,2,1247,631,224,124,1,-1,-1,-1
16,3,956,612,269,143,1,-1,-1,-1
16,4,624,636,216,112,1,-1,-1,-1
17,0,2276,532,272,152,1,-1,-1,-1
17,1,1736,632,240,112,1,-1,-1,-1
17,2,1200,624,288,136,1,-1,-1,-1
17,3,956,612,269,143,1,-1,-1,-1
17,4,596,644,260,144,1,-1,-1,-1
17,5,1044,636,228,104,1,-1,-1,-1
18,0,2284,532,272,152,1,-1,-1,-1
18,1,1735,630,252,118,1,-1,-1,-1
18,2,1206,627,288,136,1,-1,-1,-1
18,3,955,614,256,136,1,-1,-1,-1
18,4,599,644,260,144,1,-1,-1,-1
18,5,1051,639,228,104,1,-1,-1,-1
19,0,2289,533,272,152,1,-1,-1,-1
19,1,1738,632,252,118,1,-1,-1,-1
19,2,1209,630,288,136,1,-1,-1,-1
19,3,956,615,256,136,1,-1,-1,-1
19,4,603,647,260,144,1,-1,-1,-1
19,5,1051,639,228,104,1,-1,-1,-1
20,0,2291,534,272,152,1,-1,-1,-1
20,1,1740,633,252,118,1,-1,-1,-1
20,2,1213,633,288,136,1,-1,-1,-1
20,3,953,618,256,136,1,-1,-1,-1
20,4,600,647,260,144,1,-1,-1,-1
20,5,1062,643,217,99,1,-1,-1,-1
21,0,2310,533,272,152,1,-1,-1,-1
21,1,1765,637,240,112,1,-1,-1,-1
21,2,1236,633,288,136,1,-1,-1,-1
21,3,964,621,256,136,1,-1,-1,-1
21,4,615,648,260,144,1,-1,-1,-1
21,5,1075,643,217,99,1,-1,-1,-1
22,0,2318,542,259,145,1,-1,-1,-1
22,1,1767,630,252,118,1,-1,-1,-1
22,2,1245,633,288,136,1,-1,-1,-1
22,3,968,622,256,136,1,-1,-1,-1
22,4,628,650,260,144,1,-1,-1,-1
23,0,2322,545,259,145,1,-1,-1,-1
23,1,1776,629,252,118,1,-1,-1,-1
23,2,1259,635,274,130,1,-1,-1,-1
23,3,977,625,256,136,1,-1,-1,-1
23,4,635,651,260,144,1,-1,-1,-1
24,0,2329,544,259,145,1,-1,-1,-1
24,1,1797,630,240,112,1,-1,-1,-1
24,2,1287,640,261,123,1,-1,-1,-1
24,3,994,625,256,136,1,-1,-1,-1
24,4,646,652,260,144,1,-1,-1,-1
25,0,2329,544,259,145,1,-1,-1,-1
25,1,1816,604,220,152,1,-1,-1,-1
25,2,1287,640,261,123,1,-1,-1,-1
25,3,994,625,256,136,1,-1,-1,-1
25,4,646,652,260,144,1,-1,-1,-1
26,1,1843,604,220,152,1,-1,-1,-1
26,2,1326,640,274,130,1,-1,-1,-1
26,3,1030,630,256,136,1,-1,-1,-1
26,4,694,651,260,144,1,-1,-1,-1
27,1,1860,608,220,152,1,-1,-1,-1
27,3,1048,629,256,136,1,-1,-1,-1
27,4,708,649,260,144,1,-1,-1,-1
28,1,1873,608,220,152,1,-1,-1,-1
28,3,1059,633,256,136,1,-1,-1,-1
28,4,730,652,248,137,1,-1,-1,-1
29,1,1889,609,220,152,1,-1,-1,-1
29,3,1071,634,256,136,1,-1,-1,-1
29,4,743,655,248,137,1,-1,-1,-1
30,1,1912,611,220,152,1,-1,-1,-1
30,3,1088,627,269,143,1,-1,-1,-1
30,4,768,657,248,137,1,-1,-1,-1
31,1,1920,610,231,160,1,-1,-1,-1
31,3,1094,628,269,143,1,-1,-1,-1
31,4,787,658,248,137,1,-1,-1,-1
32,1,1928,611,231,160,1,-1,-1,-1
32,3,1107,628,269,143,1,-1,-1,-1
32,4,806,653,248,137,1,-1,-1,-1
33,1,1936,632,244,128,1,-1,-1,-1
33,3,1107,628,269,143,1,-1,-1,-1
33,4,876,648,184,124,1,-1,-1,-1
33,6,524,636,220,112,1,-1,-1,-1
34,1,1953,632,244,128,1,-1,-1,-1
34,3,1124,625,269,143,1,-1,-1,-1
34,4,892,648,184,124,1,-1,-1,-1
34,6,540,636,220,112,1,-1,-1,-1
35,1,1958,632,244,128,1,-1,-1,-1
35,3,1127,628,269,143,1,-1,-1,-1
35,4,901,648,184,124,1,-1,-1,-1
35,6,549,637,220,112,1,-1,-1,-1
36,1,1965,631,244,128,1,-1,-1,-1
36,3,1132,625,269,143,1,-1,-1,-1
36,4,908,647,184,124,1,-1,-1,-1
36,6,557,639,210,107,1,-1,-1,-1
37,1,1972,631,244,128,1,-1,-1,-1
37,3,1137,628,269,143,1,-1,-1,-1
37,4,912,649,184,124,1,-1,-1,-1
37,6,558,638,220,112,1,-1,-1,-1
38,1,1986,630,244,128,1,-1,-1,-1
38,4,927,646,184,124,1,-1,-1,-1
38,6,571,636,220,112,1,-1,-1,-1
39,1,1991,628,244,128,1,-1,-1,-1
39,4,930,643,193,130,1,-1,-1,-1
39,6,572,637,220,112,1,-1,-1,-1
40,1,1995,627,244,128,1,-1,-1,-1
40,4,940,642,193,130,1,-1,-1,-1
40,6,579,638,220,112,1,-1,-1,-1
41,1,2004,624,244,132,1,-1,-1,-1
41,4,968,636,228,140,1,-1,-1,-1
41,6,579,638,220,112,1,-1,-1,-1
41,7,88,656,204,140,1,-1,-1,-1
41,8,364,624,156,168,1,-1,-1,-1
41,9,704,628,172,128,1,-1,-1,-1
42,1,2005,619,256,139,1,-1,-1,-1
42,4,980,635,228,140,1,-1,-1,-1
42,6,592,636,231,118,1,-1,-1,-1
42,7,93,655,204,140,1,-1,-1,-1
42,8,370,624,156,168,1,-1,-1,-1
42,9,710,627,172,128,1,-1,-1,-1
43,1,2011,617,256,139,1,-1,-1,-1
43,4,983,633,228,140,1,-1,-1,-1
43,6,594,636,231,118,1,-1,-1,-1
43,7,98,654,204,140,1,-1,-1,-1
43,8,375,625,156,168,1,-1,-1,-1
43,9,715,627,172,128,1,-1,-1,-1
44,1,2017,615,256,139,1,-1,-1,-1
44,4,995,635,217,133,1,-1,-1,-1
44,6,598,635,231,118,1,-1,-1,-1
44,7,102,656,204,140,1,-1,-1,-1
44,8,378,627,156,168,1,-1,-1,-1
44,9,721,627,172,128,1,-1,-1,-1
45,1,2021,614,256,139,1,-1,-1,-1
45,4,1000,633,217,133,1,-1,-1,-1
45,6,602,635,231,118,1,-1,-1,-1
45,7,106,658,204,140,1,-1,-1,-1
45,8,382,628,156,168,1,-1,-1,-1
45,9,723,628,172,128,1,-1,-1,-1
46,1,2034,612,256,139,1,-1,-1,-1
46,4,1008,633,217,133,1,-1,-1,-1
46,6,616,631,231,118,1,-1,-1,-1
46,7,112,661,204,140,1,-1,-1,-1
46,8,392,628,156,168,1,-1,-1,-1
46,9,732,626,172,128,1,-1,-1,-1
47,1,2037,611,256,139,1,-1,-1,-1
47,4,1007,627,217,133,1,-1,-1,-1
47,6,615,632,231,118,1,-1,-1,-1
47,7,116,664,204,140,1,-1,-1,-1
47,8,396,627,156,168,1,-1,-1,-1
47,9,734,626,172,128,1,-1,-1,-1
48,1,2042,609,256,139,1,-1,-1,-1
48,4,1014,631,207,127,1,-1,-1,-1
48,6,619,629,231,118,1,-1,-1,-1
48,7,126,671,194,133,1,-1,-1,-1
48,8,400,629,156,168,1,-1,-1,-1
48,9,732,623,181,134,1,-1,-1,-1
49,1,2064,608,244,148,1,-1,-1,-1
49,4,1014,631,207,127,1,-1,-1,-1
49,6,619,629,231,118,1,-1,-1,-1
49,7,126,671,194,133,1,-1,-1,-1
49,8,400,629,156,168,1,-1,-1,-1
49,9,732,623,181,134,1,-1,-1,-1
50,1,2070,609,244,148,1,-1,-1,-1
50,4,1032,634,197,121,1,-1,-1,-1
50,7,132,671,194,133,1,-1,-1,-1
50,8,413,631,156,168,1,-1,-1,-1
50,9,736,625,181,134,1,-1,-1,-1
51,1,2074,609,244,148,1,-1,-1,-1
51,4,1036,634,197,121,1,-1,-1,-1
51,7,132,672,194,133,1,-1,-1,-1
51,8,419,630,156,168,1,-1,-1,-1
51,9,742,623,181,134,1,-1,-1,-1
52,1,2078,610,244,148,1,-1,-1,-1
52,4,1037,634,197,121,1,-1,-1,-1
52,7,137,673,194,133,1,-1,-1,-1
52,9,748,625,172,128,1,-1,-1,-1
53,1,2084,610,244,148,1,-1,-1,-1
53,4,1034,632,207,127,1,-1,-1,-1
53,7,140,676,185,127,1,-1,-1,-1
53,9,764,623,172,128,1,-1,-1,-1
54,1,2091,607,244,148,1,-1,-1,-1
54,7,145,677,185,127,1,-1,-1,-1
55,1,2094,605,244,148,1,-1,-1,-1
55,7,148,676,185,127,1,-1,-1,-1
56,1,2099,603,244,148,1,-1,-1,-1
56,7,149,678,185,127,1,-1,-1,-1
57,1,2108,588,236,168,1,-1,-1,-1
57,7,156,672,196,124,1,-1,-1,-1
57,10,1596,624,288,152,1,-1,-1,-1
57,11,1092,624,172,140,1,-1,-1,-1
57,12,728,656,200,140,1,-1,-1,-1
58,1,2114,587,236,168,1,-1,-1,-1
58,7,162,671,196,124,1,-1,-1,-1
58,10,1599,624,288,152,1,-1,-1,-1
58,11,1093,626,172,140,1,-1,-1,-1
58,12,728,656,200,140,1,-1,-1,-1
59,1,2119,586,236,168,1,-1,-1,-1
59,7,163,672,196,124,1,-1,-1,-1
59,10,1605,625,288,152,1,-1,-1,-1
59,11,1094,627,172,140,1,-1,-1,-1
59,12,729,658,200,140,1,-1,-1,-1
60,1,2122,587,236,168,1,-1,-1,-1
60,7,165,672,196,124,1,-1,-1,-1
60,10,1607,624,288,152,1,-1,-1,-1
60,11,1096,627,172,140,1,-1,-1,-1
60,12,732,658,200,140,1,-1,-1,-1
61,1,2126,587,236,168,1,-1,-1,-1
61,7,171,674,187,118,1,-1,-1,-1
61,10,1610,623,288,152,1,-1,-1,-1
61,11,1097,627,172,140,1,-1,-1,-1
61,12,732,658,200,140,1,-1,-1,-1
62,1,2135,588,236,168,1,-1,-1,-1
62,7,177,675,187,118,1,-1,-1,-1
62,10,1615,624,288,152,1,-1,-1,-1
62,11,1097,628,172,140,1,-1,-1,-1
62,12,735,659,200,140,1,-1,-1,-1
63,1,2136,585,248,176,1,-1,-1,-1
63,7,179,675,187,118,1,-1,-1,-1
63,10,1619,625,288,152,1,-1,-1,-1
63,11,1095,625,181,147,1,-1,-1,-1
63,12,735,659,200,140,1,-1,-1,-1
64,1,2141,586,248,176,1,-1,-1,-1
64,7,174,672,196,124,1,-1,-1,-1
64,10,1611,622,302,160,1,-1,-1,-1
64,11,1096,626,181,147,1,-1,-1,-1
64,12,734,660,200,140,1,-1,-1,-1
65,1,2140,596,268,156,1,-1,-1,-1
65,7,208,692,184,100,1,-1,-1,-1
65,10,1611,622,302,160,1,-1,-1,-1
65,11,1084,628,204,136,1,-1,-1,-1
65,12,776,652,168,128,1,-1,-1,-1
65,13,0,676,120,116,1,-1,-1,-1
66,1,2145,598,268,156,1,-1,-1,-1
66,7,217,694,175,95,1,-1,-1,-1
66,10,1622,622,302,160,1,-1,-1,-1
66,11,1086,629,204,136,1,-1,-1,-1
66,12,778,654,168,128,1,-1,-1,-1
66,13,2,677,120,116,1,-1,-1,-1
67,1,2149,600,268,156,1,-1,-1,-1
67,7,219,697,175,95,1,-1,-1,-1
67,10,1613,622,318,168,1,-1,-1,-1
67,11,1088,630,204,136,1,-1,-1,-1
67,12,779,655,168,128,1,-1,-1,-1
67,13,3,678,120,116,1,-1,-1,-1
68,1,2151,600,268,156,1,-1,-1,-1
68,7,223,697,175,95,1,-1,-1,-1
68,10,1611,623,318,168,1,-1,-1,-1
68,11,1089,631,204,136,1,-1,-1,-1
68,12,781,657,168,128,1,-1,-1,-1
68,13,5,678,120,116,1,-1,-1,-1
69,1,2147,595,281,164,1,-1,-1,-1
69,7,223,698,175,95,1,-1,-1,-1
69,10,1602,626,318,168,1,-1,-1,-1
69,11,1088,631,204,136,1,-1,-1,-1
69,12,781,659,168,128,1,-1,-1,-1
69,13,5,680,120,116,1,-1,-1,-1
70,1,2153,596,281,164,1,-1,-1,-1
70,7,219,697,184,100,1,-1,-1,-1
70,11,1084,634,204,136,1,-1,-1,-1
70,12,787,663,160,122,1,-1,-1,-1
70,13,4,683,120,116,1,-1,-1,-1
71,1,2158,595,281,164,1,-1,-1,-1
71,7,222,695,184,100,1,-1,-1,-1
71,11,1079,634,214,143,1,-1,-1,-1
71,12,788,664,160,122,1,-1,-1,-1
71,13,8,684,120,116,1,-1,-1,-1
72,1,2161,597,281,164,1,-1,-1,-1
72,7,223,696,184,100,1,-1,-1,-1
72,11,1073,636,214,143,1,-1,-1,-1
72,12,790,664,160,122,1,-1,-1,-1
72,13,7,682,126,122,1,-1,-1,-1
73,1,2176,600,260,160,1,-1,-1,-1
73,7,223,696,184,100,1,-1,-1,-1
73,11,1096,652,220,128,1,-1,-1,-1
73,12,820,664,152,144,1,-1,-1,-1
73,13,0,684,148,136,1,-1,-1,-1
74,1,2174,599,273,168,1,-1,-1,-1
74,7,223,687,193,105,1,-1,-1,-1
74,11,1098,654,220,128,1,-1,-1,-1
74,12,823,665,152,144,1,-1,-1,-1
74,13,4,684,148,136,1,-1,-1,-1
75,1,2177,601,273,168,1,-1,-1,-1
75,7,223,683,203,110,1,-1,-1,-1
75,11,1100,656,220,128,1,-1,-1,-1
75,12,824,667,152,144,1,-1,-1,-1
75,13,3,685,148,136,1,-1,-1,-1
76,1,2187,606,260,160,1,-1,-1,-1
76,7,224,679,213,116,1,-1,-1,-1
76,11,1101,658,220,128,1,-1,-1,-1
76,12,825,667,152,144,1,-1,-1,-1
76,13,5,686,148,136,1,-1,-1,-1
77,1,2192,606,260,160,1,-1,-1,-1
77,7,221,677,213,116,1,-1,-1,-1
77,11,1103,659,220,128,1,-1,-1,-1
77,12,825,668,152,144,1,-1,-1,-1
77,13,5,686,148,136,1,-1,-1,-1
78,1,2199,605,260,160,1,-1,-1,-1
78,7,223,677,213,116,1,-1,-1,-1
78,11,1104,660,220,128,1,-1,-1,-1
78,12,825,669,152,144,1,-1,-1,-1
78,13,1,684,155,143,1,-1,-1,-1
79,1,2202,606,260,160,1,-1,-1,-1
79,7,224,678,213,116,1,-1,-1,-1
79,11,1105,660,220,128,1,-1,-1,-1
79,12,825,670,152,144,1,-1,-1,-1
79,13,2,684,155,143,1,-1,-1,-1
80,1,2203,604,260,160,1,-1,-1,-1
80,7,232,678,213,116,1,-1,-1,-1
80,11,1107,660,220,128,1,-1,-1,-1
80,12,823,671,152,144,1,-1,-1,-1
80,13,6,683,155,143,1,-1,-1,-1
81,1,2216,616,264,152,1,-1,-1,-1
81,7,232,678,213,116,1,-1,-1,-1
81,11,1124,656,216,128,1,-1,-1,-1
81,12,823,671,152,144,1,-1,-1,-1
81,13,6,683,155,143,1,-1,-1,-1
81,14,1732,700,128,80,1,-1,-1,-1
81,15,488,664,208,156,1,-1,-1,-1
81,16,664,656,220,144,1,-1,-1,-1
82,1,2220,613,264,152,1,-1,-1,-1
82,7,235,679,203,110,1,-1,-1,-1
82,11,1125,656,216,128,1,-1,-1,-1
82,12,814,670,152,144,1,-1,-1,-1
82,13,14,685,155,143,1,-1,-1,-1
82,14,1741,699,128,80,1,-1,-1,-1
82,15,491,664,208,156,1,-1,-1,-1
82,16,667,657,220,144,1,-1,-1,-1
83,1,2223,614,264,152,1,-1,-1,-1
83,11,1126,658,216,128,1,-1,-1,-1
83,12,816,673,152,144,1,-1,-1,-1
83,13,16,684,155,143,1,-1,-1,-1
83,14,1744,696,128,80,1,-1,-1,-1
83,15,494,665,208,156,1,-1,-1,-1
83,16,663,653,231,151,1,-1,-1,-1
84,1,2224,614,264,152,1,-1,-1,-1
84,11,1130,659,216,128,1,-1,-1,-1
84,12,814,669,160,151,1,-1,-1,-1
84,13,20,682,155,143,1,-1,-1,-1
84,14,1752,694,128,80,1,-1,-1,-1
84,15,496,666,208,156,1,-1,-1,-1
84,16,668,654,231,151,1,-1,-1,-1
85,1,2228,615,264,152,1,-1,-1,-1
85,11,1125,656,227,134,1,-1,-1,-1
85,12,813,667,160,151,1,-1,-1,-1
85,13,24,692,148,136,1,-1,-1,-1
85,14,1761,689,128,80,1,-1,-1,-1
85,15,497,666,208,156,1,-1,-1,-1
85,16,675,657,220,144,1,-1,-1,-1
86,1,2235,616,264,152,1,-1,-1,-1
86,11,1128,656,227,134,1,-1,-1,-1
86,12,814,669,160,151,1,-1,-1,-1
86,13,30,692,148,136,1,-1,-1,-1
86,14,1775,684,128,80,1,-1,-1,-1
86,15,501,668,208,156,1,-1,-1,-1
86,16,680,659,220,144,1,-1,-1,-1
87,1,2237,615,264,152,1,-1,-1,-1
87,11,1131,655,227,134,1,-1,-1,-1
87,12,813,668,160,151,1,-1,-1,-1
87,13,23,686,155,143,1,-1,-1,-1
87,14,1786,683,128,80,1,-1,-1,-1
87,15,502,668,208,156,1,-1,-1,-1
87,16,682,657,220,144,1,-1,-1,-1
88,1,2240,614,264,152,1,-1,-1,-1
88,11,1137,657,216,128,1,-1,-1,-1
88,12,811,668,160,151,1,-1,-1,-1
88,13,17,686,155,143,1,-1,-1,-1
88,14,1794,683,128,80,1,-1,-1,-1
88,15,498,662,218,164,1,-1,-1,-1
88,16,692,657,210,137,1,-1,-1,-1
89,1,2264,604,228,148,1,-1,-1,-1
89,11,1160,660,224,132,1,-1,-1,-1
89,12,811,668,160,151,1,-1,-1,-1
89,13,17,686,155,143,1,-1,-1,-1
89,14,1794,683,128,80,1,-1,-1,-1
89,15,498,662,218,164,1,-1,-1,-1
89,16,692,657,210,137,1,-1,-1,-1
89,17,1808,672,260,108,1,-1,-1,-1
89,18,1572,664,200,124,1,-1,-1,-1
97,19,2020,624,316,160,1,-1,-1,-1
97,20,428,628,220,180,1,-1,-1,-1
97,21,1124,632,336,132,1,-1,-1,-1
97,22,1736,620,260,176,1,-1,-1,-1
97,23,776,596,224,224,1,-1,-1,-1
97,24,8,668,188,140,1,-1,-1,-1
97,25,216,640,228,152,1,-1,-1,-1
98,19,2062,623,316,160,1,-1,-1,-1
98,20,411,627,220,180,1,-1,-1,-1
98,21,1129,629,336,132,1,-1,-1,-1
98,22,1771,619,260,176,1,-1,-1,-1
98,23,775,594,224,224,1,-1,-1,-1
98,24,-27,664,197,147,1,-1,-1,-1
98,25,192,637,228,152,1,-1,-1,-1
99,19,2084,617,332,168,1,-1,-1,-1
99,20,401,626,220,180,1,-1,-1,-1
99,21,1135,628,336,132,1,-1,-1,-1
99,22,1796,619,260,176,1,-1,-1,-1
99,23,768,593,224,224,1,-1,-1,-1
99,24,-49,665,197,147,1,-1,-1,-1
99,25,172,637,228,152,1,-1,-1,-1
100,19,2115,615,332,168,1,-1,-1,-1
100,20,393,626,220,180,1,-1,-1,-1
100,21,1151,628,336,132,1,-1,-1,-1
100,22,1827,623,248,168,1,-1,-1,-1
100,23,763,594,224,224,1,-1,-1,-1
100,24,-67,663,197,147,1,-1,-1,-1
100,25,152,634,239,160,1,-1,-1,-1
101,19,2142,614,332,168,1,-1,-1,-1
101,20,382,625,220,180,1,-1,-1,-1
101,21,1142,627,353,139,1,-1,-1,-1
101,22,1845,619,260,176,1,-1,-1,-1
101,23,753,592,224,224,1,-1,-1,-1
101,24,-89,662,197,147,1,-1,-1,-1
101,25,136,633,239,160,1,-1,-1,-1
102,19,2200,612,332,168,1,-1,-1,-1
102,20,353,618,231,189,1,-1,-1,-1
102,23,742,589,224,224,1,-1,-1,-1
102,25,98,628,251,168,1,-1,-1,-1
103,19,2216,602,348,176,1,-1,-1,-1
103,20,338,613,243,198,1,-1,-1,-1
103,23,739,589,224,224,1,-1,-1,-1
103,25,81,626,264,176,1,-1,-1,-1
104,19,2209,598,366,185,1,-1,-1,-1
104,20,338,614,243,198,1,-1,-1,-1
104,23,732,583,235,235,1,-1,-1,-1
104,25,87,632,251,168,1,-1,-1,-1
105,19,2204,592,352,208,1,-1,-1,-1
105,20,336,608,260,216,1,-1,-1,-1
105,23,740,588,280,220,1,-1,-1,-1
105,25,104,624,240,176,1,-1,-1,-1
105,26,1224,636,324,168,1,-1,-1,-1
105,27,624,612,164,200,1,-1,-1,-1
105,28,1076,620,148,176,1,-1,-1,-1
105,29,1924,612,292,180,1,-1,-1,-1
106,19,2208,591,352,208,1,-1,-1,-1
106,20,342,608,260,216,1,-1,-1,-1
106,23,743,588,280,220,1,-1,-1,-1
106,25,109,626,240,176,1,-1,-1,-1
106,26,1221,631,340,176,1,-1,-1,-1
106,27,628,613,164,200,1,-1,-1,-1
106,28,1080,621,148,176,1,-1,-1,-1
106,29,1924,610,307,189,1,-1,-1,-1
107,19,2209,592,352,208,1,-1,-1,-1
107,20,346,607,260,216,1,-1,-1,-1
107,23,746,586,280,220,1,-1,-1,-1
107,25,117,629,229,168,1,-1,-1,-1
107,26,1235,632,324,168,1,-1,-1,-1
107,27,630,611,164,200,1,-1,-1,-1
107,28,1084,620,148,176,1,-1,-1,-1
107,29,1937,618,292,180,1,-1,-1,-1
108,19,2216,589,352,208,1,-1,-1,-1
108,20,349,605,260,216,1,-1,-1,-1
108,23,748,586,280,220,1,-1,-1,-1
108,25,121,628,229,168,1,-1,-1,-1
108,26,1230,625,340,176,1,-1,-1,-1
108,27,632,612,164,200,1,-1,-1,-1
108,28,1086,621,148,176,1,-1,-1,-1
108,29,1933,617,292,180,1,-1,-1,-1
109,19,2215,589,352,208,1,-1,-1,-1
109,20,354,605,260,216,1,-1,-1,-1
109,23,750,585,280,220,1,-1,-1,-1
109,25,126,629,229,168,1,-1,-1,-1
109,26,1233,626,340,176,1,-1,-1,-1
109,27,632,611,164,200,1,-1,-1,-1
109,28,1089,621,148,176,1,-1,-1,-1
109,29,1936,617,292,180,1,-1,-1,-1
110,19,2209,580,370,218,1,-1,-1,-1
110,20,363,604,260,216,1,-1,-1,-1
110,23,766,589,267,210,1,-1,-1,-1
110,25,135,628,229,168,1,-1,-1,-1
110,26,1237,626,340,176,1,-1,-1,-1
110,27,636,610,164,200,1,-1,-1,-1
110,28,1095,622,148,176,1,-1,-1,-1
110,29,1943,621,278,171,1,-1,-1,-1
111,19,2217,577,370,218,1,-1,-1,-1
111,20,370,602,260,216,1,-1,-1,-1
111,23,770,589,267,210,1,-1,-1,-1
111,25,140,627,229,168,1,-1,-1,-1
111,26,1252,628,324,168,1,-1,-1,-1
111,27,639,610,164,200,1,-1,-1,-1
111,28,1097,624,148,176,1,-1,-1,-1
112,19,2229,583,352,208,1,-1,-1,-1
112,20,366,597,273,227,1,-1,-1,-1
112,23,772,587,267,210,1,-1,-1,-1
112,25,146,627,229,168,1,-1,-1,-1
112,26,1244,623,340,176,1,-1,-1,-1
112,27,639,610,164,200,1,-1,-1,-1
112,28,1102,627,141,168,1,-1,-1,-1
113,19,2248,568,308,216,1,-1,-1,-1
113,20,388,584,276,232,1,-1,-1,-1
113,23,792,584,288,228,1,-1,-1,-1
113,25,168,644,220,176,1,-1,-1,-1
113,26,1248,624,340,172,1,-1,-1,-1
113,27,648,596,156,216,1,-1,-1,-1
113,28,1102,627,141,168,1,-1,-1,-1
113,30,0,640,104,180,1,-1,-1,-1
114,19,2261,571,308,216,1,-1,-1,-1
114,20,397,589,263,221,1,-1,-1,-1
114,23,793,582,288,228,1,-1,-1,-1
114,25,174,644,220,176,1,-1,-1,-1
114,26,1251,622,340,172,1,-1,-1,-1
114,27,651,595,156,216,1,-1,-1,-1
114,28,1108,621,148,176,1,-1,-1,-1
114,30,2,640,104,180,1,-1,-1,-1
115,19,2266,569,308,216,1,-1,-1,-1
115,20,396,583,276,232,1,-1,-1,-1
115,23,790,576,302,239,1,-1,-1,-1
115,25,176,643,220,176,1,-1,-1,-1
115,26,1252,621,340,172,1,-1,-1,-1
115,27,657,602,149,206,1,-1,-1,-1
115,28,1111,620,148,176,1,-1,-1,-1
115,30,3,637,104,180,1,-1,-1,-1
116,19,2270,569,308,216,1,-1,-1,-1
116,20,399,583,276,232,1,-1,-1,-1
116,23,790,578,302,239,1,-1,-1,-1
116,25,177,641,220,176,1,-1,-1,-1
116,26,1254,620,340,172,1,-1,-1,-1
116,27,656,598,156,216,1,-1,-1,-1
116,28,1114,620,148,176,1,-1,-1,-1
116,30,5,636,104,180,1,-1,-1,-1
117,19,2271,569,308,216,1,-1,-1,-1
117,20,401,581,276,232,1,-1,-1,-1
117,23,791,576,302,239,1,-1,-1,-1
117,25,179,641,220,176,1,-1,-1,-1
117,26,1261,618,340,172,1,-1,-1,-1
117,27,653,592,164,227,1,-1,-1,-1
117,28,1114,619,148,176,1,-1,-1,-1
117,30,7,632,104,180,1,-1,-1,-1
118,19,2283,569,308,216,1,-1,-1,-1
118,20,406,580,276,232,1,-1,-1,-1
118,23,798,576,302,239,1,-1,-1,-1
118,25,176,632,231,185,1,-1,-1,-1
118,26,1258,617,357,181,1,-1,-1,-1
118,27,653,591,164,227,1,-1,-1,-1
118,28,1124,618,148,176,1,-1,-1,-1
118,30,11,628,104,180,1,-1,-1,-1
119,19,2283,565,308,216,1,-1,-1,-1
119,20,409,580,276,232,1,-1,-1,-1
119,23,795,577,302,239,1,-1,-1,-1
119,25,177,635,231,185,1,-1,-1,-1
119,26,1257,619,357,181,1,-1,-1,-1
119,27,654,591,164,227,1,-1,-1,-1
119,28,1130,619,148,176,1,-1,-1,-1
119,30,14,626,104,180,1,-1,-1,-1
120,19,2287,566,308,216,1,-1,-1,-1
120,20,412,577,276,232,1,-1,-1,-1
120,23,790,576,302,239,1,-1,-1,-1
120,25,178,631,231,185,1,-1,-1,-1
120,26,1259,618,357,181,1,-1,-1,-1
120,27,654,589,164,227,1,-1,-1,-1
120,28,1133,619,148,176,1,-1,-1,-1
120,30,16,620,109,189,1,-1,-1,-1
121,19,2324,624,236,152,1,-1,-1,-1
121,20,456,540,236,272,1,-1,-1,-1
121,23,832,580,296,216,1,-1,-1,-1
121,25,228,600,164,208,1,-1,-1,-1
121,26,1268,604,368,192,1,-1,-1,-1
121,27,612,600,236,228,1,-1,-1,-1
121,28,1133,619,148,176,1,-1,-1,-1
121,30,0,612,144,220,1,-1,-1,-1
121,31,2068,608,272,196,1,-1,-1,-1
122,19,2333,621,236,152,1,-1,-1,-1
122,20,461,538,236,272,1,-1,-1,-1
122,23,835,582,296,216,1,-1,-1,-1
122,25,232,603,164,208,1,-1,-1,-1
122,26,1269,603,368,192,1,-1,-1,-1
122,27,616,599,236,228,1,-1,-1,-1
122,28,1138,622,141,168,1,-1,-1,-1
122,30,5,611,144,220,1,-1,-1,-1
122,31,2077,606,272,196,1,-1,-1,-1
123,19,2341,620,236,152,1,-1,-1,-1
123,20,464,539,236,272,1,-1,-1,-1
123,23,838,581,296,216,1,-1,-1,-1
123,25,236,606,164,208,1,-1,-1,-1
123,26,1264,600,386,202,1,-1,-1,-1
123,27,619,598,236,228,1,-1,-1,-1
123,28,1148,618,141,168,1,-1,-1,-1
123,30,9,613,144,220,1,-1,-1,-1
123,31,2082,608,272,196,1,-1,-1,-1
124,19,2347,619,236,152,1,-1,-1,-1
124,20,469,538,236,272,1,-1,-1,-1
124,23,840,580,296,216,1,-1,-1,-1
124,25,239,605,164,208,1,-1,-1,-1
124,26,1267,605,386,202,1,-1,-1,-1
124,27,619,596,236,228,1,-1,-1,-1
124,28,1154,624,134,160,1,-1,-1,-1
124,30,13,612,144,220,1,-1,-1,-1
124,31,2082,603,286,206,1,-1,-1,-1
125,19,2353,616,236,152,1,-1,-1,-1
125,20,471,537,236,272,1,-1,-1,-1
125,23,841,580,296,216,1,-1,-1,-1
125,25,240,603,164,208,1,-1,-1,-1
125,26,1278,612,368,192,1,-1,-1,-1
125,27,622,596,236,228,1,-1,-1,-1
125,28,1154,625,134,160,1,-1,-1,-1
125,30,15,611,144,220,1,-1,-1,-1
125,31,2086,603,286,206,1,-1,-1,-1
126,19,2370,612,236,152,1,-1,-1,-1
126,20,480,538,236,272,1,-1,-1,-1
126,23,845,579,296,216,1,-1,-1,-1
126,25,245,603,164,208,1,-1,-1,-1
126,26,1285,614,368,192,1,-1,-1,-1
126,27,637,602,225,217,1,-1,-1,-1
126,28,1157,622,141,168,1,-1,-1,-1
126,30,20,611,144,220,1,-1,-1,-1
126,31,2103,600,286,206,1,-1,-1,-1
127,19,2377,610,236,152,1,-1,-1,-1
127,20,485,539,236,272,1,-1,-1,-1
127,23,848,580,296,216,1,-1,-1,-1
127,25,248,603,164,208,1,-1,-1,-1
127,26,1292,619,368,192,1,-1,-1,-1
127,27,638,605,225,217,1,-1,-1,-1
127,30,21,614,144,220,1,-1,-1,-1
127,31,2109,602,286,206,1,-1,-1,-1
128,19,2384,607,236,152,1,-1,-1,-1
128,20,486,540,236,272,1,-1,-1,-1
128,23,854,579,296,216,1,-1,-1,-1
128,25,250,604,164,208,1,-1,-1,-1
128,26,1312,625,350,183,1,-1,-1,-1
128,27,639,604,225,217,1,-1,-1,-1
128,30,22,614,144,220,1,-1,-1,-1
128,31,2112,602,286,206,1,-1,-1,-1
129,19,2396,612,164,164,1,-1,-1,-1
129,20,516,564,196,244,1,-1,-1,-1
129,23,840,576,320,216,1,-1,-1,-1
129,25,264,624,148,184,1,-1,-1,-1
129,26,1332,620,372,176,1,-1,-1,-1
129,27,660,564,228,240,1,-1,-1,-1
129,30,0,620,204,216,1,-1,-1,-1
129,31,2124,628,284,160,1,-1,-1,-1
130,19,2409,610,164,164,1,-1,-1,-1
130,20,520,563,196,244,1,-1,-1,-1
130,23,847,576,320,216,1,-1,-1,-1
130,25,269,625,148,184,1,-1,-1,-1
130,26,1346,621,372,176,1,-1,-1,-1
130,27,667,562,228,240,1,-1,-1,-1
130,30,4,619,204,216,1,-1,-1,-1
130,31,2125,622,298,168,1,-1,-1,-1
131,19,2417,610,164,164,1,-1,-1,-1
131,20,529,568,187,232,1,-1,-1,-1
131,23,851,577,320,216,1,-1,-1,-1
131,25,277,629,141,175,1,-1,-1,-1
131,26,1351,620,372,176,1,-1,-1,-1
131,27,670,563,228,240,1,-1,-1,-1
131,30,5,619,204,216,1,-1,-1,-1
131,31,2133,620,298,168,1,-1,-1,-1
132,19,2427,607,164,164,1,-1,-1,-1
132,20,536,567,187,232,1,-1,-1,-1
132,23,852,578,320,216,1,-1,-1,-1
132,25,279,628,141,175,1,-1,-1,-1
132,26,1348,612,391,185,1,-1,-1,-1
132,27,671,564,228,240,1,-1,-1,-1
132,30,7,619,204,216,1,-1,-1,-1
132,31,2137,618,298,168,1,-1,-1,-1
133,19,2436,604,164,164,1,-1,-1,-1
133,20,533,569,187,232,1,-1,-1,-1
133,23,852,580,320,216,1,-1,-1,-1
133,25,282,628,141,175,1,-1,-1,-1
133,26,1352,608,391,185,1,-1,-1,-1
133,27,662,559,239,252,1,-1,-1,-1
133,30,8,620,204,216,1,-1,-1,-1
133,31,2140,616,298,168,1,-1,-1,-1
134,19,2447,603,164,164,1,-1,-1,-1
134,20,528,563,196,244,1,-1,-1,-1
134,23,852,581,320,216,1,-1,-1,-1
134,25,283,625,148,184,1,-1,-1,-1
134,26,1364,605,391,185,1,-1,-1,-1
134,27,660,558,239,252,1,-1,-1,-1
134,30,11,619,204,216,1,-1,-1,-1
134,31,2156,617,284,160,1,-1,-1,-1
135,19,2454,605,164,164,1,-1,-1,-1
135,20,531,558,196,244,1,-1,-1,-1
135,23,843,577,336,227,1,-1,-1,-1
135,25,288,624,148,184,1,-1,-1,-1
135,26,1378,608,372,176,1,-1,-1,-1
135,27,660,557,239,252,1,-1,-1,-1
135,30,13,620,204,216,1,-1,-1,-1
135,31,2152,611,298,168,1,-1,-1,-1
136,19,2461,603,164,164,1,-1,-1,-1
136,20,535,557,196,244,1,-1,-1,-1
136,23,848,577,336,227,1,-1,-1,-1
136,25,287,620,155,193,1,-1,-1,-1
136,26,1392,609,372,176,1,-1,-1,-1
136,27,658,557,239,252,1,-1,-1,-1
136,30,17,620,204,216,1,-1,-1,-1
136,31,2155,609,298,168,1,-1,-1,-1
137,19,2472,604,88,164,1,-1,-1,-1
137,20,556,600,200,208,1,-1,-1,-1
137,23,880,576,300,232,1,-1,-1,-1
137,25,296,616,168,172,1,-1,-1,-1
137,26,1408,600,384,184,1,-1,-1,-1
137,27,672,560,300,248,1,-1,-1,-1
137,30,0,628,244,212,1,-1,-1,-1
137,31,2152,608,324,176,1,-1,-1,-1
138,19,2488,603,88,164,1,-1,-1,-1
138,20,561,601,200,208,1,-1,-1,-1
138,23,883,577,300,232,1,-1,-1,-1
138,25,302,616,168,172,1,-1,-1,-1
138,26,1416,597,384,184,1,-1,-1,-1
138,27,672,559,300,248,1,-1,-1,-1
138,30,4,629,244,212,1,-1,-1,-1
138,31,2159,609,324,176,1,-1,-1,-1
139,19,2493,605,88,164,1,-1,-1,-1
139,20,563,602,200,208,1,-1,-1,-1
139,23,885,579,300,232,1,-1,-1,-1
139,25,305,615,168,172,1,-1,-1,-1
139,26,1420,596,384,184,1,-1,-1,-1
139,27,677,563,300,248,1,-1,-1,-1
139,30,9,629,244,212,1,-1,-1,-1
139,31,2164,608,324,176,1,-1,-1,-1
140,19,2503,599,92,172,1,-1,-1,-1
140,20,565,602,200,208,1,-1,-1,-1
140,23,886,581,300,232,1,-1,-1,-1
140,25,304,610,176,181,1,-1,-1,-1
140,26,1425,594,384,184,1,-1,-1,-1
140,27,665,557,315,260,1,-1,-1,-1
140,30,11,629,244,212,1,-1,-1,-1
140,31,2170,608,324,176,1,-1,-1,-1
141,19,2508,598,92,172,1,-1,-1,-1
141,20,566,603,200,208,1,-1,-1,-1
141,23,884,582,300,232,1,-1,-1,-1
141,25,309,608,176,181,1,-1,-1,-1
141,26,1415,589,403,193,1,-1,-1,-1
141,27,671,557,315,260,1,-1,-1,-1
141,30,12,628,244,212,1,-1,-1,-1
141,31,2171,608,324,176,1,-1,-1,-1
142,20,570,602,200,208,1,-1,-1,-1
142,23,880,579,300,232,1,-1,-1,-1
142,25,314,609,176,181,1,-1,-1,-1
142,26,1416,588,403,193,1,-1,-1,-1
142,27,674,566,300,248,1,-1,-1,-1
142,30,18,628,244,212,1,-1,-1,-1
142,31,2173,604,340,185,1,-1,-1,-1
143,20,571,601,200,208,1,-1,-1,-1
143,23,882,579,300,232,1,-1,-1,-1
143,25,318,610,176,181,1,-1,-1,-1
143,26,1415,587,403,193,1,-1,-1,-1
143,27,671,555,315,260,1,-1,-1,-1
143,30,17,629,244,212,1,-1,-1,-1
143,31,2178,603,340,185,1,-1,-1,-1
144,20,572,601,200,208,1,-1,-1,-1
144,23,884,579,300,232,1,-1,-1,-1
144,25,319,605,185,190,1,-1,-1,-1
144,26,1418,587,403,193,1,-1,-1,-1
144,27,670,556,315,260,1,-1,-1,-1
144,30,8,622,256,223,1,-1,-1,-1
144,31,2172,598,357,194,1,-1,-1,-1
145,20,576,556,196,260,1,-1,-1,-1
145,23,908,596,292,212,1,-1,-1,-1
145,25,312,604,220,212,1,-1,-1,-1
145,26,1464,592,360,200,1,-1,-1,-1
145,27,720,528,288,292,1,-1,-1,-1
145,30,48,604,244,216,1,-1,-1,-1
145,31,2180,608,368,184,1,-1,-1,-1
145,32,1848,812,156,220,1,-1,-1,-1
146,20,582,560,187,248,1,-1,-1,-1
146,23,911,595,292,212,1,-1,-1,-1
146,25,317,603,220,212,1,-1,-1,-1
146,26,1467,592,360,200,1,-1,-1,-1
146,27,722,529,288,292,1,-1,-1,-1
146,30,54,607,244,216,1,-1,-1,-1
146,31,2182,609,368,184,1,-1,-1,-1
146,32,1848,811,156,220,1,-1,-1,-1
147,20,585,559,187,248,1,-1,-1,-1
147,23,914,595,292,212,1,-1,-1,-1
147,25,322,603,220,212,1,-1,-1,-1
147,26,1460,588,378,210,1,-1,-1,-1
147,27,726,528,288,292,1,-1,-1,-1
147,30,62,609,244,216,1,-1,-1,-1
147,31,2187,609,368,184,1,-1,-1,-1
147,32,1849,810,156,220,1,-1,-1,-1
