1,0,0,468,336,620,1,-1,-1,-1
1,1,732,476,372,592,1,-1,-1,-1
1,2,1016,108,628,368,1,-1,-1,-1
1,3,52,0,524,592,1,-1,-1,-1
1,4,1296,132,612,656,1,-1,-1,-1
1,5,1928,300,632,544,1,-1,-1,-1
1,6,980,444,384,608,1,-1,-1,-1
1,7,1992,388,264,624,1,-1,-1,-1
1,8,1732,348,292,668,1,-1,-1,-1
1,9,224,492,412,584,1,-1,-1,-1
1,10,1172,424,364,592,1,-1,-1,-1
1,11,496,552,260,500,1,-1,-1,-1
2,0,0,465,336,620,1,-1,-1,-1
2,1,727,469,372,592,1,-1,-1,-1
2,2,1018,107,628,368,1,-1,-1,-1
2,3,47,-4,524,592,1,-1,-1,-1
2,4,1276,119,643,689,1,-1,-1,-1
2,5,1933,292,632,544,1,-1,-1,-1
2,6,977,437,384,608,1,-1,-1,-1
2,7,1994,395,264,624,1,-1,-1,-1
2,8,1739,336,292,668,1,-1,-1,-1
2,9,225,497,412,584,1,-1,-1,-1
2,10,1165,415,364,592,1,-1,-1,-1
2,11,493,551,260,500,1,-1,-1,-1
3,0,-4,466,336,620,1,-1,-1,-1
3,1,733,488,354,564,1,-1,-1,-1
3,2,1009,104,628,368,1,-1,-1,-1
3,3,47,-2,524,592,1,-1,-1,-1
3,4,1293,133,612,656,1,-1,-1,-1
3,5,1932,291,632,544,1,-1,-1,-1
3,6,991,458,366,579,1,-1,-1,-1
3,7,1995,407,251,594,1,-1,-1,-1
3,8,1741,359,278,636,1,-1,-1,-1
3,9,225,491,412,584,1,-1,-1,-1
3,10,1173,434,347,564,1,-1,-1,-1
3,11,495,549,260,500,1,-1,-1,-1
4,0,-7,460,336,620,1,-1,-1,-1
4,1,738,486,354,564,1,-1,-1,-1
4,2,1016,114,628,368,1,-1,-1,-1
4,3,45,-2,524,592,1,-1,-1,-1
4,4,1300,123,612,656,1,-1,-1,-1
4,5,1935,293,632,544,1,-1,-1,-1
4,6,974,440,384,608,1,-1,-1,-1
4,7,2000,411,251,594,1,-1,-1,-1
4,8,1738,360,278,636,1,-1,-1,-1
4,9,225,494,412,584,1,-1,-1,-1
4,10,1183,450,330,537,1,-1,-1,-1
4,11,492,551,260,500,1,-1,-1,-1
5,0,-3,458,336,620,1,-1,-1,-1
5,1,729,470,372,592,1,-1,-1,-1
5,2,1001,116,628,368,1,-1,-1,-1
5,3,43,-6,524,592,1,-1,-1,-1
5,4,1302,117,612,656,1,-1,-1,-1
5,5,1933,286,632,544,1,-1,-1,-1
5,6,968,418,403,638,1,-1,-1,-1
5,7,1994,389,264,624,1,-1,-1,-1
5,8,1735,342,292,668,1,-1,-1,-1
5,9,210,475,433,613,1,-1,-1,-1
5,10,1184,445,330,537,1,-1,-1,-1
5,11,492,544,260,500,1,-1,-1,-1
6,0,-3,461,336,620,1,-1,-1,-1
6,1,731,472,372,592,1,-1,-1,-1
6,2,997,108,628,368,1,-1,-1,-1
6,3,42,-3,524,592,1,-1,-1,-1
6,4,1291,122,612,656,1,-1,-1,-1
6,5,1949,299,602,518,1,-1,-1,-1
6,6,979,439,384,608,1,-1,-1,-1
6,7,1987,380,277,655,1,-1,-1,-1
6,8,1734,355,292,668,1,-1,-1,-1
6,9,224,497,412,584,1,-1,-1,-1
6,10,1187,458,314,511,1,-1,-1,-1
6,11,491,546,260,500,1,-1,-1,-1
7,0,-7,460,336,620,1,-1,-1,-1
7,1,733,468,372,592,1,-1,-1,-1
7,2,1007,118,598,350,1,-1,-1,-1
7,3,42,-1,524,592,1,-1,-1,-1
7,4,1284,136,612,656,1,-1,-1,-1
7,5,1950,298,602,518,1,-1,-1,-1
7,6,976,443,384,608,1,-1,-1,-1
7,7,1995,385,264,624,1,-1,-1,-1
7,8,1732,352,292,668,1,-1,-1,-1
7,9,229,507,392,556,1,-1,-1,-1
7,10,1182,450,330,537,1,-1,-1,-1
7,11,491,547,260,500,1,-1,-1,-1
8,0,-4,464,336,620,1,-1,-1,-1
8,1,735,467,372,592,1,-1,-1,-1
8,2,989,108,628,368,1,-1,-1,-1
8,3,42,-1,524,592,1,-1,-1,-1
8,4,1304,137,583,625,1,-1,-1,-1
8,5,1952,297,602,518,1,-1,-1,-1
8,6,978,439,384,608,1,-1,-1,-1
8,7,1994,393,264,624,1,-1,-1,-1
8,8,1727,352,292,668,1,-1,-1,-1
8,9,239,521,374,530,1,-1,-1,-1
8,10,1181,447,330,537,1,-1,-1,-1
8,11,488,549,260,500,1,-1,-1,-1
9,0,0,464,328,620,1,-1,-1,-1
9,1,716,468,372,576,1,-1,-1,-1
9,2,980,108,668,376,1,-1,-1,-1
9,3,36,4,532,592,1,-1,-1,-1
9,4,1280,144,600,640,1,-1,-1,-1
9,5,1932,300,628,536,1,-1,-1,-1
9,6,972,440,388,608,1,-1,-1,-1
9,7,1976,388,276,608,1,-1,-1,-1
9,8,1712,364,304,648,1,-1,-1,-1
9,9,228,484,364,588,1,-1,-1,-1
9,10,1164,424,368,588,1,-1,-1,-1
9,11,488,548,252,516,1,-1,-1,-1
9,12,1804,92,596,300,1,-1,-1,-1
10,0,6,469,328,620,1,-1,-1,-1
10,1,711,463,372,576,1,-1,-1,-1
10,2,977,104,668,376,1,-1,-1,-1
10,3,32,3,532,592,1,-1,-1,-1
10,4,1276,144,600,640,1,-1,-1,-1
10,5,1930,306,628,536,1,-1,-1,-1
10,6,977,440,388,608,1,-1,-1,-1
10,7,1979,391,276,608,1,-1,-1,-1
10,8,1708,359,304,648,1,-1,-1,-1
10,9,224,484,364,588,1,-1,-1,-1
10,10,1161,423,368,588,1,-1,-1,-1
10,11,487,546,252,516,1,-1,-1,-1
10,12,1804,88,596,300,1,-1,-1,-1
11,0,2,465,328,620,1,-1,-1,-1
11,1,720,477,354,549,1,-1,-1,-1
11,2,973,107,668,376,1,-1,-1,-1
11,3,33,4,532,592,1,-1,-1,-1
11,4,1279,139,600,640,1,-1,-1,-1
11,5,1945,308,598,510,1,-1,-1,-1
11,6,974,435,388,608,1,-1,-1,-1
11,7,1981,400,276,608,1,-1,-1,-1
11,8,1715,375,290,617,1,-1,-1,-1
11,9,226,483,364,588,1,-1,-1,-1
11,10,1158,426,368,588,1,-1,-1,-1
11,11,486,547,252,516,1,-1,-1,-1
11,12,1807,88,596,300,1,-1,-1,-1
12,0,2,465,328,620,1,-1,-1,-1
12,1,716,476,354,549,1,-1,-1,-1
12,2,964,96,701,395,1,-1,-1,-1
12,3,29,-1,532,592,1,-1,-1,-1
12,4,1282,143,600,640,1,-1,-1,-1
12,5,1947,312,598,510,1,-1,-1,-1
12,6,976,437,388,608,1,-1,-1,-1
12,7,1977,396,276,608,1,-1,-1,-1
12,8,1716,371,290,617,1,-1,-1,-1
12,9,223,481,364,588,1,-1,-1,-1
12,10,1163,423,368,588,1,-1,-1,-1
12,11,484,547,252,516,1,-1,-1,-1
12,12,1804,83,596,300,1,-1,-1,-1
13,0,4,459,328,620,1,-1,-1,-1
13,1,716,481,354,549,1,-1,-1,-1
13,2,958,100,701,395,1,-1,-1,-1
13,3,29,9,532,592,1,-1,-1,-1
13,4,1251,140,630,672,1,-1,-1,-1
13,5,1942,307,598,510,1,-1,-1,-1
13,6,956,426,407,638,1,-1,-1,-1
13,7,1979,387,276,608,1,-1,-1,-1
13,8,1720,371,290,617,1,-1,-1,-1
13,9,221,478,364,588,1,-1,-1,-1
13,10,1156,424,368,588,1,-1,-1,-1
13,11,485,547,252,516,1,-1,-1,-1
13,12,1819,92,568,286,1,-1,-1,-1
14,0,-5,458,328,620,1,-1,-1,-1
14,1,711,475,354,549,1,-1,-1,-1
14,2,935,100,701,395,1,-1,-1,-1
14,3,28,8,532,592,1,-1,-1,-1
14,4,1246,138,630,672,1,-1,-1,-1
14,5,1944,313,598,510,1,-1,-1,-1
14,6,969,445,388,608,1,-1,-1,-1
14,7,1985,401,263,579,1,-1,-1,-1
14,8,1729,400,276,588,1,-1,-1,-1
14,9,216,478,364,588,1,-1,-1,-1
14,10,1159,426,368,588,1,-1,-1,-1
14,11,483,560,252,516,1,-1,-1,-1
14,12,1816,89,568,286,1,-1,-1,-1
15,0,-12,456,328,620,1,-1,-1,-1
15,1,714,475,354,549,1,-1,-1,-1
15,2,925,105,701,395,1,-1,-1,-1
15,3,26,8,532,592,1,-1,-1,-1
15,4,1251,139,630,672,1,-1,-1,-1
15,5,1942,313,598,510,1,-1,-1,-1
15,6,962,438,388,608,1,-1,-1,-1
15,7,1986,399,263,579,1,-1,-1,-1
15,8,1727,402,276,588,1,-1,-1,-1
15,9,215,482,364,588,1,-1,-1,-1
15,10,1159,426,368,588,1,-1,-1,-1
15,11,479,552,252,516,1,-1,-1,-1
15,12,1817,90,568,286,1,-1,-1,-1
16,0,-11,459,328,620,1,-1,-1,-1
16,1,705,465,354,549,1,-1,-1,-1
16,2,911,92,736,415,1,-1,-1,-1
16,3,27,8,532,592,1,-1,-1,-1
16,4,1245,133,630,672,1,-1,-1,-1
16,5,1938,306,598,510,1,-1,-1,-1
16,6,963,442,388,608,1,-1,-1,-1
16,7,1982,400,263,579,1,-1,-1,-1
16,8,1724,401,276,588,1,-1,-1,-1
16,9,228,500,347,560,1,-1,-1,-1
16,10,1151,423,368,588,1,-1,-1,-1
16,11,479,552,252,516,1,-1,-1,-1
16,12,1817,92,568,286,1,-1,-1,-1
17,0,0,468,320,616,1,-1,-1,-1
17,1,700,476,356,544,1,-1,-1,-1
17,2,924,132,684,336,1,-1,-1,-1
17,3,8,4,552,588,1,-1,-1,-1
17,4,1264,196,596,600,1,-1,-1,-1
17,5,1984,304,572,528,1,-1,-1,-1
17,6,968,448,388,596,1,-1,-1,-1
17,7,1972,392,268,616,1,-1,-1,-1
17,8,1720,392,284,624,1,-1,-1,-1
17,9,212,488,376,584,1,-1,-1,-1
17,10,1164,428,360,592,1,-1,-1,-1
17,11,472,552,236,516,1,-1,-1,-1
17,12,1804,96,592,384,1,-1,-1,-1
17,13,340,0,228,176,1,-1,-1,-1
18,0,-2,465,320,616,1,-1,-1,-1
18,1,701,490,339,518,1,-1,-1,-1
18,2,932,136,684,336,1,-1,-1,-1
18,3,8,2,552,588,1,-1,-1,-1
18,4,1272,201,596,600,1,-1,-1,-1
18,5,1984,300,572,528,1,-1,-1,-1
18,6,970,444,388,596,1,-1,-1,-1
18,7,1975,395,268,616,1,-1,-1,-1
18,8,1721,396,284,624,1,-1,-1,-1
18,9,215,488,376,584,1,-1,-1,-1
18,10,1164,428,360,592,1,-1,-1,-1
18,11,473,551,236,516,1,-1,-1,-1
18,12,1804,94,592,384,1,-1,-1,-1
18,13,341,-1,228,176,1,-1,-1,-1
19,0,-3,465,320,616,1,-1,-1,-1
19,1,706,495,339,518,1,-1,-1,-1
19,2,946,145,651,320,1,-1,-1,-1
19,3,6,2,552,588,1,-1,-1,-1
19,4,1261,176,626,630,1,-1,-1,-1
19,5,1979,307,572,528,1,-1,-1,-1
19,6,971,445,388,596,1,-1,-1,-1
19,7,1979,386,268,616,1,-1,-1,-1
19,8,1717,394,284,624,1,-1,-1,-1
19,9,205,468,395,613,1,-1,-1,-1
19,10,1169,425,360,592,1,-1,-1,-1
19,11,474,551,236,516,1,-1,-1,-1
19,12,1805,92,592,384,1,-1,-1,-1
19,13,342,-2,228,176,1,-1,-1,-1
20,0,-1,466,320,616,1,-1,-1,-1
20,1,705,501,339,518,1,-1,-1,-1
20,2,939,145,651,320,1,-1,-1,-1
20,3,5,1,552,588,1,-1,-1,-1
20,4,1258,176,626,630,1,-1,-1,-1
20,5,1981,299,572,528,1,-1,-1,-1
20,6,967,443,388,596,1,-1,-1,-1
20,7,1973,393,268,616,1,-1,-1,-1
20,8,1711,378,298,655,1,-1,-1,-1
20,9,192,451,415,644,1,-1,-1,-1
20,10,1174,443,343,564,1,-1,-1,-1
20,11,470,545,236,516,1,-1,-1,-1
20,12,1803,90,592,384,1,-1,-1,-1
20,13,342,-1,228,176,1,-1,-1,-1
21,0,0,465,320,616,1,-1,-1,-1
21,1,711,500,339,518,1,-1,-1,-1
21,2,926,138,684,336,1,-1,-1,-1
21,3,7,3,552,588,1,-1,-1,-1
21,4,1251,181,626,630,1,-1,-1,-1
21,5,1979,302,572,528,1,-1,-1,-1
21,6,970,443,388,596,1,-1,-1,-1
21,7,1969,394,268,616,1,-1,-1,-1
21,8,1711,394,284,624,1,-1,-1,-1
21,9,204,475,395,613,1,-1,-1,-1
21,10,1164,433,360,592,1,-1,-1,-1
21,11,468,549,236,516,1,-1,-1,-1
21,12,1806,91,592,384,1,-1,-1,-1
21,13,341,-1,228,176,1,-1,-1,-1
22,0,-1,466,320,616,1,-1,-1,-1
22,1,717,499,339,518,1,-1,-1,-1
22,2,908,140,684,336,1,-1,-1,-1
22,3,5,1,552,588,1,-1,-1,-1
22,4,1243,187,626,630,1,-1,-1,-1
22,5,1994,311,545,503,1,-1,-1,-1
22,6,968,438,388,596,1,-1,-1,-1
22,7,1968,390,268,616,1,-1,-1,-1
22,8,1718,409,270,594,1,-1,-1,-1
22,9,203,473,395,613,1,-1,-1,-1
22,10,1165,431,360,592,1,-1,-1,-1
22,11,470,551,236,516,1,-1,-1,-1
22,12,1810,90,592,384,1,-1,-1,-1
22,13,342,0,228,176,1,-1,-1,-1
23,0,-1,469,320,616,1,-1,-1,-1
23,1,712,480,356,544,1,-1,-1,-1
23,2,921,140,684,336,1,-1,-1,-1
23,3,5,-1,552,588,1,-1,-1,-1
23,4,1248,195,626,630,1,-1,-1,-1
23,5,1993,309,545,503,1,-1,-1,-1
23,6,966,444,388,596,1,-1,-1,-1
23,7,1974,381,268,616,1,-1,-1,-1
23,8,1724,413,270,594,1,-1,-1,-1
23,9,202,471,395,613,1,-1,-1,-1
23,10,1166,442,343,564,1,-1,-1,-1
23,11,468,552,236,516,1,-1,-1,-1
23,12,1797,92,592,384,1,-1,-1,-1
23,13,342,1,228,176,1,-1,-1,-1
24,0,4,470,320,616,1,-1,-1,-1
24,1,706,482,356,544,1,-1,-1,-1
24,2,936,144,651,320,1,-1,-1,-1
24,3,5,0,552,588,1,-1,-1,-1
24,4,1266,211,596,600,1,-1,-1,-1
24,5,1996,312,545,503,1,-1,-1,-1
24,6,973,438,388,596,1,-1,-1,-1
24,7,1979,382,268,616,1,-1,-1,-1
24,8,1727,411,270,594,1,-1,-1,-1
24,9,203,476,395,613,1,-1,-1,-1
24,10,1168,447,343,564,1,-1,-1,-1
24,11,470,551,236,516,1,-1,-1,-1
24,12,1796,95,592,384,1,-1,-1,-1
24,13,343,0,228,176,1,-1,-1,-1
25,0,0,464,320,616,1,-1,-1,-1
25,1,706,482,356,544,1,-1,-1,-1
25,2,932,116,592,344,1,-1,-1,-1
25,3,24,4,536,588,1,-1,-1,-1
25,4,1148,248,704,556,1,-1,-1,-1
25,5,1996,304,528,532,1,-1,-1,-1
25,6,973,438,388,596,1,-1,-1,-1
25,7,1968,388,276,620,1,-1,-1,-1
25,8,1712,320,284,692,1,-1,-1,-1
25,9,212,484,376,588,1,-1,-1,-1
25,10,1164,432,360,584,1,-1,-1,-1
25,11,476,552,228,516,1,-1,-1,-1
25,12,1660,88,728,404,1,-1,-1,-1
25,13,340,0,228,172,1,-1,-1,-1
25,14,616,448,732,596,1,-1,-1,-1
26,0,-1,468,320,616,1,-1,-1,-1
26,1,705,480,356,544,1,-1,-1,-1
26,2,931,118,592,344,1,-1,-1,-1
26,3,37,16,536,588,1,-1,-1,-1
26,4,1163,272,670,530,1,-1,-1,-1
26,5,2009,323,503,507,1,-1,-1,-1
26,6,989,457,370,568,1,-1,-1,-1
26,7,1970,381,276,620,1,-1,-1,-1
26,8,1715,323,284,692,1,-1,-1,-1
26,9,211,488,376,588,1,-1,-1,-1
26,10,1169,442,360,584,1,-1,-1,-1
26,11,479,575,217,491,1,-1,-1,-1
26,12,1659,84,728,404,1,-1,-1,-1
26,13,343,3,228,172,1,-1,-1,-1
26,14,613,451,732,596,1,-1,-1,-1
27,0,10,486,305,587,1,-1,-1,-1
27,1,717,527,339,518,1,-1,-1,-1
27,2,929,121,592,344,1,-1,-1,-1
27,3,42,21,510,560,1,-1,-1,-1
27,4,1147,242,704,556,1,-1,-1,-1
27,5,1993,310,528,532,1,-1,-1,-1
27,6,992,462,370,568,1,-1,-1,-1
27,7,1980,387,276,620,1,-1,-1,-1
27,8,1715,323,284,692,1,-1,-1,-1
27,9,212,487,376,588,1,-1,-1,-1
27,10,1175,445,343,556,1,-1,-1,-1
27,11,478,575,217,491,1,-1,-1,-1
27,12,1655,87,728,404,1,-1,-1,-1
27,13,343,2,228,172,1,-1,-1,-1
27,14,619,458,732,596,1,-1,-1,-1
28,0,6,488,305,587,1,-1,-1,-1
28,1,726,538,323,493,1,-1,-1,-1
28,2,938,127,564,328,1,-1,-1,-1
28,3,27,4,536,588,1,-1,-1,-1
28,4,1123,225,739,584,1,-1,-1,-1
28,5,1994,310,528,532,1,-1,-1,-1
28,6,987,458,370,568,1,-1,-1,-1
28,7,1982,403,263,590,1,-1,-1,-1
28,8,1717,325,284,692,1,-1,-1,-1
28,9,213,487,376,588,1,-1,-1,-1
28,10,1167,433,360,584,1,-1,-1,-1
28,11,479,573,217,491,1,-1,-1,-1
28,12,1650,90,728,404,1,-1,-1,-1
28,13,343,0,228,172,1,-1,-1,-1
28,14,638,471,697,568,1,-1,-1,-1
29,0,12,486,305,587,1,-1,-1,-1
29,1,729,541,308,470,1,-1,-1,-1
29,2,945,118,564,328,1,-1,-1,-1
29,3,26,2,536,588,1,-1,-1,-1
29,4,1135,234,739,584,1,-1,-1,-1
29,5,1997,305,528,532,1,-1,-1,-1
29,6,987,466,370,568,1,-1,-1,-1
29,7,1983,407,263,590,1,-1,-1,-1
29,8,1716,328,284,692,1,-1,-1,-1
29,9,218,487,376,588,1,-1,-1,-1
29,10,1166,432,360,584,1,-1,-1,-1
29,11,481,572,217,491,1,-1,-1,-1
29,12,1653,87,728,404,1,-1,-1,-1
29,13,345,1,228,172,1,-1,-1,-1
29,14,633,467,697,568,1,-1,-1,-1
30,0,1,470,320,616,1,-1,-1,-1
30,1,731,552,293,448,1,-1,-1,-1
30,2,942,108,564,328,1,-1,-1,-1
30,3,30,3,536,588,1,-1,-1,-1
30,4,1148,241,704,556,1,-1,-1,-1
30,5,1993,311,528,532,1,-1,-1,-1
30,6,987,462,370,568,1,-1,-1,-1
30,7,1975,398,276,620,1,-1,-1,-1
30,8,1707,299,298,727,1,-1,-1,-1
30,9,220,497,376,588,1,-1,-1,-1
30,10,1178,444,343,556,1,-1,-1,-1
30,11,474,557,228,516,1,-1,-1,-1
30,12,1682,88,693,385,1,-1,-1,-1
30,13,345,0,228,172,1,-1,-1,-1
30,14,626,472,697,568,1,-1,-1,-1
31,0,6,464,320,616,1,-1,-1,-1
31,1,744,557,279,426,1,-1,-1,-1
31,2,954,103,564,328,1,-1,-1,-1
31,3,29,3,536,588,1,-1,-1,-1
31,4,1152,231,704,556,1,-1,-1,-1
31,5,1994,309,528,532,1,-1,-1,-1
31,6,989,461,370,568,1,-1,-1,-1
31,7,1975,394,276,620,1,-1,-1,-1
31,8,1717,316,284,692,1,-1,-1,-1
31,9,217,487,376,588,1,-1,-1,-1
31,10,1174,444,343,556,1,-1,-1,-1
31,11,473,556,228,516,1,-1,-1,-1
31,12,1688,90,693,385,1,-1,-1,-1
31,13,346,1,228,172,1,-1,-1,-1
31,14,626,473,697,568,1,-1,-1,-1
32,0,6,477,320,616,1,-1,-1,-1
32,1,758,568,266,406,1,-1,-1,-1
32,2,953,111,537,312,1,-1,-1,-1
32,3,24,3,536,588,1,-1,-1,-1
32,4,1137,227,704,556,1,-1,-1,-1
32,5,1993,311,528,532,1,-1,-1,-1
32,6,994,459,370,568,1,-1,-1,-1
32,7,1974,393,276,620,1,-1,-1,-1
32,8,1724,319,284,692,1,-1,-1,-1
32,9,229,501,358,560,1,-1,-1,-1
32,10,1174,444,343,556,1,-1,-1,-1
32,11,473,555,228,516,1,-1,-1,-1
32,12,1689,86,693,385,1,-1,-1,-1
32,13,346,-1,228,172,1,-1,-1,-1
32,14,629,469,697,568,1,-1,-1,-1
33,0,0,468,324,620,1,-1,-1,-1
33,1,758,568,266,406,1,-1,-1,-1
33,2,953,111,537,312,1,-1,-1,-1
33,3,28,4,528,584,1,-1,-1,-1
33,4,1188,284,648,552,1,-1,-1,-1
33,5,1992,308,520,540,1,-1,-1,-1
33,6,994,459,370,568,1,-1,-1,-1
33,7,1976,388,276,624,1,-1,-1,-1
33,8,1720,340,284,680,1,-1,-1,-1
33,9,216,492,360,584,1,-1,-1,-1
33,10,1174,444,343,556,1,-1,-1,-1
33,11,476,556,204,516,1,-1,-1,-1
33,12,1652,108,720,392,1,-1,-1,-1
33,13,346,-1,228,172,1,-1,-1,-1
33,14,508,432,844,616,1,-1,-1,-1
33,15,1168,432,352,592,1,-1,-1,-1
33,16,1112,112,280,356,1,-1,-1,-1
34,0,0,469,324,620,1,-1,-1,-1
34,1,758,561,279,426,1,-1,-1,-1
34,2,947,102,564,328,1,-1,-1,-1
34,3,29,-1,528,584,1,-1,-1,-1
34,4,1194,282,648,552,1,-1,-1,-1
34,5,1986,303,520,540,1,-1,-1,-1
34,6,991,457,370,568,1,-1,-1,-1
34,7,1974,388,276,624,1,-1,-1,-1
34,8,1718,346,284,680,1,-1,-1,-1
34,9,215,487,360,584,1,-1,-1,-1
34,10,1173,449,343,556,1,-1,-1,-1
34,11,473,557,204,516,1,-1,-1,-1
34,12,1647,106,720,392,1,-1,-1,-1
34,13,347,0,228,172,1,-1,-1,-1
34,14,506,427,844,616,1,-1,-1,-1
34,15,1168,434,352,592,1,-1,-1,-1
34,16,1106,109,280,356,1,-1,-1,-1
35,0,-2,473,324,620,1,-1,-1,-1
35,1,775,565,279,426,1,-1,-1,-1
35,3,28,1,528,584,1,-1,-1,-1
35,4,1192,276,648,552,1,-1,-1,-1
35,5,2002,320,495,514,1,-1,-1,-1
35,6,991,458,370,568,1,-1,-1,-1
35,7,1974,391,276,624,1,-1,-1,-1
35,8,1712,328,298,714,1,-1,-1,-1
35,9,213,488,360,584,1,-1,-1,-1
35,10,1161,431,360,584,1,-1,-1,-1
35,11,469,554,204,516,1,-1,-1,-1
35,12,1647,102,720,392,1,-1,-1,-1
35,13,347,1,228,172,1,-1,-1,-1
35,14,473,408,886,647,1,-1,-1,-1
35,15,1162,435,352,592,1,-1,-1,-1
35,16,1112,119,267,339,1,-1,-1,-1
36,0,-2,472,324,620,1,-1,-1,-1
36,1,781,581,266,406,1,-1,-1,-1
36,3,23,1,528,584,1,-1,-1,-1
36,4,1184,282,648,552,1,-1,-1,-1
36,5,1989,307,520,540,1,-1,-1,-1
36,6,995,461,370,568,1,-1,-1,-1
36,7,1975,396,276,624,1,-1,-1,-1
36,8,1715,327,298,714,1,-1,-1,-1
36,9,207,488,360,584,1,-1,-1,-1
36,10,1166,425,360,584,1,-1,-1,-1
36,11,467,552,204,516,1,-1,-1,-1
36,12,1648,99,720,392,1,-1,-1,-1
36,13,348,1,228,172,1,-1,-1,-1
36,14,501,422,844,616,1,-1,-1,-1
36,15,1152,415,370,622,1,-1,-1,-1
36,16,1110,122,267,339,1,-1,-1,-1
37,0,-8,463,340,651,1,-1,-1,-1
37,1,791,593,253,387,1,-1,-1,-1
37,3,26,2,528,584,1,-1,-1,-1
37,4,1191,276,648,552,1,-1,-1,-1
37,5,1985,304,520,540,1,-1,-1,-1
37,6,991,454,370,568,1,-1,-1,-1
37,7,1981,397,276,624,1,-1,-1,-1
37,8,1715,320,298,714,1,-1,-1,-1
37,9,212,495,360,584,1,-1,-1,-1
37,10,1168,431,360,584,1,-1,-1,-1
37,11,468,557,204,516,1,-1,-1,-1
37,12,1642,103,720,392,1,-1,-1,-1
37,13,348,1,228,172,1,-1,-1,-1
37,14,473,409,886,647,1,-1,-1,-1
37,15,1162,421,370,622,1,-1,-1,-1
37,16,1113,118,267,339,1,-1,-1,-1
38,0,-12,459,340,651,1,-1,-1,-1
38,1,792,594,253,387,1,-1,-1,-1
38,3,25,0,528,584,1,-1,-1,-1
38,4,1184,285,648,552,1,-1,-1,-1
38,5,1999,322,495,514,1,-1,-1,-1
38,6,991,456,370,568,1,-1,-1,-1
38,7,1981,396,276,624,1,-1,-1,-1
38,8,1704,326,298,714,1,-1,-1,-1
38,9,201,486,360,584,1,-1,-1,-1
38,10,1169,434,360,584,1,-1,-1,-1
38,11,470,570,194,491,1,-1,-1,-1
38,12,1645,117,720,392,1,-1,-1,-1
38,13,347,0,228,172,1,-1,-1,-1
38,14,473,396,886,647,1,-1,-1,-1
38,15,1157,422,370,622,1,-1,-1,-1
38,16,1106,109,280,356,1,-1,-1,-1
39,0,-10,454,340,651,1,-1,-1,-1
39,1,785,597,253,387,1,-1,-1,-1
39,3,24,2,528,584,1,-1,-1,-1
39,4,1188,293,648,552,1,-1,-1,-1
39,5,1993,320,495,514,1,-1,-1,-1
39,6,998,463,370,568,1,-1,-1,-1
39,7,1980,403,276,624,1,-1,-1,-1
39,8,1713,341,284,680,1,-1,-1,-1
39,9,194,488,360,584,1,-1,-1,-1
39,10,1174,447,343,556,1,-1,-1,-1
39,11,470,572,194,491,1,-1,-1,-1
39,12,1641,111,720,392,1,-1,-1,-1
39,13,348,-1,228,172,1,-1,-1,-1
39,14,499,403,844,616,1,-1,-1,-1
39,15,1165,414,370,622,1,-1,-1,-1
39,16,1106,107,280,356,1,-1,-1,-1
40,0,-10,457,340,651,1,-1,-1,-1
40,1,787,602,241,368,1,-1,-1,-1
40,3,26,2,528,584,1,-1,-1,-1
40,4,1199,289,648,552,1,-1,-1,-1
40,5,1996,315,495,514,1,-1,-1,-1
40,6,999,459,370,568,1,-1,-1,-1
40,7,1975,393,276,624,1,-1,-1,-1
40,8,1723,354,270,648,1,-1,-1,-1
40,9,200,490,360,584,1,-1,-1,-1
40,10,1174,444,343,556,1,-1,-1,-1
40,11,464,574,194,491,1,-1,-1,-1
40,12,1665,122,686,373,1,-1,-1,-1
40,13,349,1,228,172,1,-1,-1,-1
40,14,484,396,886,647,1,-1,-1,-1
40,15,1165,412,370,622,1,-1,-1,-1
40,16,1115,119,267,339,1,-1,-1,-1
41,0,0,468,320,620,1,-1,-1,-1
41,1,787,602,241,368,1,-1,-1,-1
41,3,52,4,508,508,1,-1,-1,-1
41,4,1199,289,648,552,1,-1,-1,-1
41,5,1984,296,528,540,1,-1,-1,-1
41,6,999,459,370,568,1,-1,-1,-1
41,7,1972,392,268,612,1,-1,-1,-1
41,8,1660,320,336,696,1,-1,-1,-1
41,9,216,488,356,584,1,-1,-1,-1
41,10,1168,432,376,588,1,-1,-1,-1
41,11,464,574,194,491,1,-1,-1,-1
41,12,1652,104,700,396,1,-1,-1,-1
41,13,349,1,228,172,1,-1,-1,-1
41,14,484,396,886,647,1,-1,-1,-1
41,15,1165,412,370,622,1,-1,-1,-1
41,16,1132,96,248,364,1,-1,-1,-1
41,17,412,412,616,616,1,-1,-1,-1
41,18,1008,452,344,592,1,-1,-1,-1
41,19,1236,292,480,544,1,-1,-1,-1
42,0,-2,469,320,620,1,-1,-1,-1
42,1,781,609,229,351,1,-1,-1,-1
42,3,52,6,508,508,1,-1,-1,-1
42,4,1191,292,648,552,1,-1,-1,-1
42,5,1989,296,528,540,1,-1,-1,-1
42,6,1001,469,352,541,1,-1,-1,-1
42,7,1974,394,268,612,1,-1,-1,-1
42,8,1662,319,336,696,1,-1,-1,-1
42,9,216,487,356,584,1,-1,-1,-1
42,10,1167,432,376,588,1,-1,-1,-1
42,11,469,586,185,468,1,-1,-1,-1
42,12,1650,103,700,396,1,-1,-1,-1
42,13,350,1,228,172,1,-1,-1,-1
42,14,488,412,844,616,1,-1,-1,-1
42,15,1164,418,370,622,1,-1,-1,-1
42,16,1132,93,248,364,1,-1,-1,-1
42,17,406,408,616,616,1,-1,-1,-1
42,18,1006,449,344,592,1,-1,-1,-1
42,19,1236,295,480,544,1,-1,-1,-1
43,0,-2,470,320,620,1,-1,-1,-1
43,3,52,7,508,508,1,-1,-1,-1
43,4,1188,293,648,552,1,-1,-1,-1
43,5,1995,308,503,514,1,-1,-1,-1
43,6,1004,474,352,541,1,-1,-1,-1
43,7,1976,397,268,612,1,-1,-1,-1
43,8,1661,320,336,696,1,-1,-1,-1
43,9,214,486,356,584,1,-1,-1,-1
43,10,1165,428,376,588,1,-1,-1,-1
43,11,471,575,194,491,1,-1,-1,-1
43,12,1647,98,700,396,1,-1,-1,-1
43,13,350,1,228,172,1,-1,-1,-1
43,14,481,413,844,616,1,-1,-1,-1
43,15,1159,421,370,622,1,-1,-1,-1
43,16,1131,91,248,364,1,-1,-1,-1
43,17,391,406,616,616,1,-1,-1,-1
43,18,1007,450,344,592,1,-1,-1,-1
43,19,1240,296,480,544,1,-1,-1,-1
44,0,-2,472,320,620,1,-1,-1,-1
44,3,51,6,508,508,1,-1,-1,-1
44,4,1197,300,648,552,1,-1,-1,-1
44,5,1983,295,528,540,1,-1,-1,-1
44,6,995,477,352,541,1,-1,-1,-1
44,7,1975,393,268,612,1,-1,-1,-1
44,8,1661,323,336,696,1,-1,-1,-1
44,9,210,481,356,584,1,-1,-1,-1
44,10,1159,430,376,588,1,-1,-1,-1
44,11,473,575,194,491,1,-1,-1,-1
44,12,1651,102,700,396,1,-1,-1,-1
44,13,350,-1,228,172,1,-1,-1,-1
44,14,484,407,844,616,1,-1,-1,-1
44,15,1170,436,352,592,1,-1,-1,-1
44,16,1130,91,248,364,1,-1,-1,-1
44,17,404,416,587,587,1,-1,-1,-1
44,18,1009,446,344,592,1,-1,-1,-1
44,19,1242,293,480,544,1,-1,-1,-1
45,0,-15,451,336,651,1,-1,-1,-1
45,3,50,7,508,508,1,-1,-1,-1
45,4,1192,294,648,552,1,-1,-1,-1
45,5,1986,294,528,540,1,-1,-1,-1
45,6,992,471,352,541,1,-1,-1,-1
45,7,1971,383,281,643,1,-1,-1,-1
45,8,1664,324,336,696,1,-1,-1,-1
45,9,215,492,356,584,1,-1,-1,-1
45,10,1174,442,358,560,1,-1,-1,-1
45,11,473,568,194,491,1,-1,-1,-1
45,12,1649,102,700,396,1,-1,-1,-1
45,13,348,0,228,172,1,-1,-1,-1
45,14,473,408,844,616,1,-1,-1,-1
45,15,1165,439,352,592,1,-1,-1,-1
45,16,1131,92,248,364,1,-1,-1,-1
45,17,410,421,559,559,1,-1,-1,-1
45,18,997,430,361,622,1,-1,-1,-1
45,19,1239,291,480,544,1,-1,-1,-1
46,0,-17,449,336,651,1,-1,-1,-1
46,3,52,8,508,508,1,-1,-1,-1
46,4,1205,310,617,526,1,-1,-1,-1
46,5,1996,306,503,514,1,-1,-1,-1
46,6,991,476,352,541,1,-1,-1,-1
46,7,1969,382,281,643,1,-1,-1,-1
46,8,1658,323,336,696,1,-1,-1,-1
46,9,213,488,356,584,1,-1,-1,-1
46,10,1161,436,376,588,1,-1,-1,-1
46,11,470,552,204,516,1,-1,-1,-1
46,12,1645,101,700,396,1,-1,-1,-1
46,13,348,1,228,172,1,-1,-1,-1
46,14,489,410,844,616,1,-1,-1,-1
46,15,1162,426,370,622,1,-1,-1,-1
46,16,1129,90,248,364,1,-1,-1,-1
46,17,386,414,587,587,1,-1,-1,-1
46,18,994,436,361,622,1,-1,-1,-1
46,19,1234,300,480,544,1,-1,-1,-1
47,0,-11,459,336,651,1,-1,-1,-1
47,3,50,5,508,508,1,-1,-1,-1
47,4,1186,301,648,552,1,-1,-1,-1
47,5,1989,294,528,540,1,-1,-1,-1
47,6,993,478,352,541,1,-1,-1,-1
47,7,1960,354,295,675,1,-1,-1,-1
47,8,1664,330,336,696,1,-1,-1,-1
47,9,211,488,356,584,1,-1,-1,-1
47,10,1169,453,376,588,1,-1,-1,-1
47,11,474,563,194,491,1,-1,-1,-1
47,12,1654,106,700,396,1,-1,-1,-1
47,13,349,1,228,172,1,-1,-1,-1
47,14,476,421,844,616,1,-1,-1,-1
47,15,1159,422,370,622,1,-1,-1,-1
47,16,1122,87,248,364,1,-1,-1,-1
47,17,379,414,587,587,1,-1,-1,-1
47,18,991,439,361,622,1,-1,-1,-1
47,19,1244,316,457,518,1,-1,-1,-1
48,0,-7,457,336,651,1,-1,-1,-1
48,3,53,8,508,508,1,-1,-1,-1
48,4,1179,299,648,552,1,-1,-1,-1
48,5,1988,292,528,540,1,-1,-1,-1
48,6,984,459,370,568,1,-1,-1,-1
48,7,1961,377,281,643,1,-1,-1,-1
48,8,1657,328,336,696,1,-1,-1,-1
48,9,210,488,356,584,1,-1,-1,-1
48,10,1161,439,376,588,1,-1,-1,-1
48,11,472,572,194,491,1,-1,-1,-1
48,12,1647,104,700,396,1,-1,-1,-1
48,13,349,0,228,172,1,-1,-1,-1
48,14,511,422,844,616,1,-1,-1,-1
48,15,1165,443,352,592,1,-1,-1,-1
48,16,1119,90,248,364,1,-1,-1,-1
48,17,379,414,587,587,1,-1,-1,-1
48,18,992,444,361,622,1,-1,-1,-1
48,19,1246,311,457,518,1,-1,-1,-1
49,0,0,480,312,596,1,-1,-1,-1
49,3,52,4,516,512,1,-1,-1,-1
49,4,1179,299,648,552,1,-1,-1,-1
49,5,1972,256,544,584,1,-1,-1,-1
49,6,992,448,360,596,1,-1,-1,-1
49,7,1976,396,284,612,1,-1,-1,-1
49,8,1688,384,312,632,1,-1,-1,-1
49,9,212,484,368,584,1,-1,-1,-1
49,10,1161,439,376,588,1,-1,-1,-1
49,11,472,556,228,512,1,-1,-1,-1
49,12,1660,108,688,384,1,-1,-1,-1
49,13,349,0,228,172,1,-1,-1,-1
49,14,511,422,844,616,1,-1,-1,-1
49,15,1164,428,352,584,1,-1,-1,-1
49,16,1100,84,264,384,1,-1,-1,-1
49,17,396,376,628,584,1,-1,-1,-1
49,18,992,444,361,622,1,-1,-1,-1
49,19,1280,312,440,556,1,-1,-1,-1
50,0,4,480,312,596,1,-1,-1,-1
50,3,48,4,516,512,1,-1,-1,-1
50,4,1203,319,617,526,1,-1,-1,-1
50,5,1970,255,544,584,1,-1,-1,-1
50,6,993,454,360,596,1,-1,-1,-1
50,7,1973,399,284,612,1,-1,-1,-1
50,8,1689,376,312,632,1,-1,-1,-1
50,9,215,485,368,584,1,-1,-1,-1
50,10,1167,451,358,560,1,-1,-1,-1
50,11,478,558,228,512,1,-1,-1,-1
50,12,1656,107,688,384,1,-1,-1,-1
50,13,351,-1,228,172,1,-1,-1,-1
50,14,519,438,844,616,1,-1,-1,-1
50,15,1165,428,352,584,1,-1,-1,-1
50,16,1100,81,264,384,1,-1,-1,-1
50,17,391,377,628,584,1,-1,-1,-1
50,18,993,443,361,622,1,-1,-1,-1
50,19,1280,321,440,556,1,-1,-1,-1
51,0,4,478,312,596,1,-1,-1,-1
51,3,50,3,516,512,1,-1,-1,-1
51,4,1194,318,617,526,1,-1,-1,-1
51,5,1969,250,544,584,1,-1,-1,-1
51,6,989,453,360,596,1,-1,-1,-1
51,7,1974,395,284,612,1,-1,-1,-1
51,8,1684,375,312,632,1,-1,-1,-1
51,9,214,487,368,584,1,-1,-1,-1
51,10,1169,459,358,560,1,-1,-1,-1
51,11,477,549,228,512,1,-1,-1,-1
51,12,1657,105,688,384,1,-1,-1,-1
51,13,352,-2,228,172,1,-1,-1,-1
51,14,511,448,844,616,1,-1,-1,-1
51,15,1169,430,352,584,1,-1,-1,-1
51,16,1097,82,264,384,1,-1,-1,-1
51,17,389,382,628,584,1,-1,-1,-1
51,18,994,439,361,622,1,-1,-1,-1
51,19,1279,319,440,556,1,-1,-1,-1
52,0,-7,472,328,626,1,-1,-1,-1
52,3,49,5,516,512,1,-1,-1,-1
52,4,1195,323,648,552,1,-1,-1,-1
52,5,1967,251,544,584,1,-1,-1,-1
52,6,990,443,360,596,1,-1,-1,-1
52,7,1974,396,284,612,1,-1,-1,-1
52,8,1683,376,312,632,1,-1,-1,-1
52,9,227,504,350,556,1,-1,-1,-1
52,10,1164,450,358,560,1,-1,-1,-1
52,11,486,563,217,488,1,-1,-1,-1
52,12,1657,107,688,384,1,-1,-1,-1
52,13,351,-2,228,172,1,-1,-1,-1
52,14,504,452,844,616,1,-1,-1,-1
52,15,1175,439,335,556,1,-1,-1,-1
52,16,1094,77,264,384,1,-1,-1,-1
52,17,403,395,598,556,1,-1,-1,-1
52,18,992,436,361,622,1,-1,-1,-1
52,19,1279,320,440,556,1,-1,-1,-1
53,0,-9,465,328,626,1,-1,-1,-1
53,3,52,1,516,512,1,-1,-1,-1
53,4,1192,305,648,552,1,-1,-1,-1
53,5,1968,250,544,584,1,-1,-1,-1
53,6,989,451,360,596,1,-1,-1,-1
53,7,1975,396,284,612,1,-1,-1,-1
53,8,1685,369,312,632,1,-1,-1,-1
53,9,220,492,350,556,1,-1,-1,-1
53,10,1158,430,376,588,1,-1,-1,-1
53,11,484,562,217,488,1,-1,-1,-1
53,12,1656,105,688,384,1,-1,-1,-1
53,13,352,-3,228,172,1,-1,-1,-1
53,14,475,443,844,616,1,-1,-1,-1
53,15,1175,440,335,556,1,-1,-1,-1
53,16,1093,71,264,384,1,-1,-1,-1
53,17,396,394,598,556,1,-1,-1,-1
53,18,990,438,361,622,1,-1,-1,-1
53,19,1278,322,440,556,1,-1,-1,-1
54,0,-12,463,328,626,1,-1,-1,-1
54,3,48,2,516,512,1,-1,-1,-1
54,4,1203,330,617,526,1,-1,-1,-1
54,5,1973,251,544,584,1,-1,-1,-1
54,6,988,454,360,596,1,-1,-1,-1
54,7,1970,399,284,612,1,-1,-1,-1
54,8,1677,365,312,632,1,-1,-1,-1
54,9,228,489,350,556,1,-1,-1,-1
54,10,1163,450,358,560,1,-1,-1,-1
54,11,474,562,217,488,1,-1,-1,-1
54,12,1657,105,688,384,1,-1,-1,-1
54,13,350,-3,228,172,1,-1,-1,-1
54,14,496,439,844,616,1,-1,-1,-1
54,15,1177,443,335,556,1,-1,-1,-1
54,16,1080,64,277,403,1,-1,-1,-1
54,17,390,388,598,556,1,-1,-1,-1
54,18,999,457,344,592,1,-1,-1,-1
54,19,1285,341,419,530,1,-1,-1,-1
55,0,-15,460,328,626,1,-1,-1,-1
55,3,49,4,516,512,1,-1,-1,-1
55,4,1214,317,617,526,1,-1,-1,-1
55,5,1975,251,544,584,1,-1,-1,-1
55,6,986,456,360,596,1,-1,-1,-1
55,7,1970,396,284,612,1,-1,-1,-1
55,8,1680,375,312,632,1,-1,-1,-1
55,9,224,480,350,556,1,-1,-1,-1
55,10,1174,472,341,533,1,-1,-1,-1
55,11,465,561,217,488,1,-1,-1,-1
55,12,1653,105,688,384,1,-1,-1,-1
55,13,351,-2,228,172,1,-1,-1,-1
55,14,502,453,804,587,1,-1,-1,-1
55,15,1176,449,335,556,1,-1,-1,-1
55,16,1077,67,277,403,1,-1,-1,-1
55,17,380,388,598,556,1,-1,-1,-1
55,18,996,452,344,592,1,-1,-1,-1
55,19,1285,341,419,530,1,-1,-1,-1
56,0,-22,484,312,596,1,-1,-1,-1
56,3,50,5,516,512,1,-1,-1,-1
56,4,1223,347,588,501,1,-1,-1,-1
56,5,1977,250,544,584,1,-1,-1,-1
56,6,989,454,360,596,1,-1,-1,-1
56,7,1972,398,284,612,1,-1,-1,-1
56,8,1680,383,312,632,1,-1,-1,-1
56,9,195,473,368,584,1,-1,-1,-1
56,10,1181,475,341,533,1,-1,-1,-1
56,11,461,561,217,488,1,-1,-1,-1
56,12,1672,116,655,366,1,-1,-1,-1
56,13,351,0,228,172,1,-1,-1,-1
56,14,502,457,804,587,1,-1,-1,-1
56,15,1167,415,352,584,1,-1,-1,-1
56,16,1074,67,277,403,1,-1,-1,-1
56,17,381,380,598,556,1,-1,-1,-1
56,18,996,453,344,592,1,-1,-1,-1
56,19,1301,352,399,504,1,-1,-1,-1
57,0,0,472,476,576,1,-1,-1,-1
57,3,48,4,516,504,1,-1,-1,-1
57,4,1223,347,588,501,1,-1,-1,-1
57,5,1960,252,556,584,1,-1,-1,-1
57,6,989,454,360,596,1,-1,-1,-1
57,7,1972,372,272,636,1,-1,-1,-1
57,8,1712,308,284,704,1,-1,-1,-1
57,9,256,532,488,520,1,-1,-1,-1
57,10,1152,428,360,600,1,-1,-1,-1
57,11,461,561,217,488,1,-1,-1,-1
57,12,1660,104,688,380,1,-1,-1,-1
57,13,352,0,228,180,1,-1,-1,-1
57,14,502,457,804,587,1,-1,-1,-1
57,15,1167,415,352,584,1,-1,-1,-1
57,16,1064,60,320,420,1,-1,-1,-1
57,17,404,344,584,612,1,-1,-1,-1
57,18,972,444,380,604,1,-1,-1,-1
57,19,1301,352,399,504,1,-1,-1,-1
57,20,1368,348,404,620,1,-1,-1,-1
57,21,1368,292,472,272,1,-1,-1,-1
58,0,12,460,476,576,1,-1,-1,-1
58,3,50,5,516,504,1,-1,-1,-1
58,4,1210,327,617,526,1,-1,-1,-1
58,5,1962,249,556,584,1,-1,-1,-1
58,6,982,455,360,596,1,-1,-1,-1
58,7,1973,374,272,636,1,-1,-1,-1
58,8,1713,310,284,704,1,-1,-1,-1
58,9,257,521,488,520,1,-1,-1,-1
58,10,1153,431,360,600,1,-1,-1,-1
58,12,1661,103,688,380,1,-1,-1,-1
58,13,351,1,228,180,1,-1,-1,-1
58,14,517,454,804,587,1,-1,-1,-1
58,15,1162,420,352,584,1,-1,-1,-1
58,16,1063,60,320,420,1,-1,-1,-1
58,17,395,343,584,612,1,-1,-1,-1
58,18,972,445,380,604,1,-1,-1,-1
58,19,1316,371,380,480,1,-1,-1,-1
58,20,1367,349,404,620,1,-1,-1,-1
58,21,1374,293,472,272,1,-1,-1,-1
59,0,20,472,453,549,1,-1,-1,-1
59,3,47,-2,516,504,1,-1,-1,-1
59,4,1194,304,648,552,1,-1,-1,-1
59,5,1960,247,556,584,1,-1,-1,-1
59,6,986,449,360,596,1,-1,-1,-1
59,7,1973,370,272,636,1,-1,-1,-1
59,8,1710,322,284,704,1,-1,-1,-1
59,9,264,517,488,520,1,-1,-1,-1
59,10,1154,434,360,600,1,-1,-1,-1
59,12,1658,103,688,380,1,-1,-1,-1
59,13,353,0,228,180,1,-1,-1,-1
59,14,496,460,804,587,1,-1,-1,-1
59,15,1156,407,370,613,1,-1,-1,-1
59,16,1058,54,320,420,1,-1,-1,-1
59,17,391,341,584,612,1,-1,-1,-1
59,18,968,444,380,604,1,-1,-1,-1
59,19,1319,375,380,480,1,-1,-1,-1
59,20,1375,347,404,620,1,-1,-1,-1
59,21,1370,293,472,272,1,-1,-1,-1
60,0,31,465,453,549,1,-1,-1,-1
60,3,45,-4,516,504,1,-1,-1,-1
60,4,1191,294,648,552,1,-1,-1,-1
60,5,1959,246,556,584,1,-1,-1,-1
60,6,984,459,360,596,1,-1,-1,-1
60,7,1976,368,272,636,1,-1,-1,-1
60,8,1721,339,270,670,1,-1,-1,-1
60,9,269,522,488,520,1,-1,-1,-1
60,10,1154,432,360,600,1,-1,-1,-1
60,12,1658,106,688,380,1,-1,-1,-1
60,13,354,0,228,180,1,-1,-1,-1
60,14,482,437,844,616,1,-1,-1,-1
60,15,1157,402,370,613,1,-1,-1,-1
60,16,1054,58,320,420,1,-1,-1,-1
60,17,388,348,584,612,1,-1,-1,-1
60,18,968,452,380,604,1,-1,-1,-1
60,19,1326,381,380,480,1,-1,-1,-1
60,20,1378,347,404,620,1,-1,-1,-1
60,21,1374,292,472,272,1,-1,-1,-1
61,0,55,465,453,549,1,-1,-1,-1
61,3,47,4,516,504,1,-1,-1,-1
61,4,1200,320,617,526,1,-1,-1,-1
61,5,1962,247,556,584,1,-1,-1,-1
61,6,985,453,360,596,1,-1,-1,-1
61,7,1978,371,272,636,1,-1,-1,-1
61,8,1714,318,284,704,1,-1,-1,-1
61,9,270,526,488,520,1,-1,-1,-1
61,10,1153,432,360,600,1,-1,-1,-1
61,12,1661,101,688,380,1,-1,-1,-1
61,13,353,0,228,180,1,-1,-1,-1
61,14,480,432,844,616,1,-1,-1,-1
61,15,1156,406,370,613,1,-1,-1,-1
61,16,1045,47,336,441,1,-1,-1,-1
61,17,391,347,584,612,1,-1,-1,-1
61,18,977,456,362,575,1,-1,-1,-1
61,19,1322,377,380,480,1,-1,-1,-1
61,20,1375,348,404,620,1,-1,-1,-1
61,21,1375,298,472,272,1,-1,-1,-1
62,3,46,2,516,504,1,-1,-1,-1
62,4,1203,324,617,526,1,-1,-1,-1
62,5,1964,246,556,584,1,-1,-1,-1
62,6,989,453,360,596,1,-1,-1,-1
62,7,1979,382,272,636,1,-1,-1,-1
62,8,1704,298,298,739,1,-1,-1,-1
62,9,251,525,488,520,1,-1,-1,-1
62,10,1157,437,360,600,1,-1,-1,-1
62,12,1660,104,688,380,1,-1,-1,-1
62,13,352,-1,228,180,1,-1,-1,-1
62,14,464,414,886,647,1,-1,-1,-1
62,15,1159,405,370,613,1,-1,-1,-1
62,16,1040,53,336,441,1,-1,-1,-1
62,17,382,345,584,612,1,-1,-1,-1
62,18,980,460,362,575,1,-1,-1,-1
62,19,1330,382,380,480,1,-1,-1,-1
62,20,1370,339,424,651,1,-1,-1,-1
62,21,1383,302,472,272,1,-1,-1,-1
63,3,35,-11,542,529,1,-1,-1,-1
63,4,1208,317,617,526,1,-1,-1,-1
63,5,1966,251,556,584,1,-1,-1,-1
63,6,985,452,360,596,1,-1,-1,-1
63,7,1978,384,272,636,1,-1,-1,-1
63,8,1706,324,284,704,1,-1,-1,-1
63,9,246,523,488,520,1,-1,-1,-1
63,10,1147,414,378,630,1,-1,-1,-1
63,12,1659,105,688,380,1,-1,-1,-1
63,13,353,0,228,180,1,-1,-1,-1
63,15,1159,410,370,613,1,-1,-1,-1
63,16,1041,53,336,441,1,-1,-1,-1
63,17,372,342,584,612,1,-1,-1,-1
63,18,971,442,380,604,1,-1,-1,-1
63,19,1347,411,362,457,1,-1,-1,-1
63,20,1376,353,404,620,1,-1,-1,-1
63,21,1399,309,450,259,1,-1,-1,-1
64,3,34,-8,542,529,1,-1,-1,-1
64,4,1188,312,648,552,1,-1,-1,-1
64,5,1963,252,556,584,1,-1,-1,-1
64,6,986,454,360,596,1,-1,-1,-1
64,7,1976,372,272,636,1,-1,-1,-1
64,8,1715,308,298,739,1,-1,-1,-1
64,9,218,511,512,546,1,-1,-1,-1
64,10,1154,427,360,600,1,-1,-1,-1
64,12,1658,105,688,380,1,-1,-1,-1
64,13,353,0,228,180,1,-1,-1,-1
64,15,1171,425,352,584,1,-1,-1,-1
64,16,1039,53,336,441,1,-1,-1,-1
64,17,367,333,584,612,1,-1,-1,-1
64,18,972,440,380,604,1,-1,-1,-1
64,19,1351,417,362,457,1,-1,-1,-1
64,20,1383,354,404,620,1,-1,-1,-1
64,21,1394,309,450,259,1,-1,-1,-1
65,3,56,4,532,496,1,-1,-1,-1
65,4,1188,312,648,552,1,-1,-1,-1
65,5,1956,252,564,588,1,-1,-1,-1
65,6,952,444,404,608,1,-1,-1,-1
65,7,1972,372,276,640,1,-1,-1,-1
65,8,1712,316,284,704,1,-1,-1,-1
65,9,218,511,512,546,1,-1,-1,-1
65,10,1154,427,360,600,1,-1,-1,-1
65,12,1660,96,688,376,1,-1,-1,-1
65,13,356,0,228,192,1,-1,-1,-1
65,15,1152,432,376,600,1,-1,-1,-1
65,16,1020,60,312,416,1,-1,-1,-1
65,17,367,333,584,612,1,-1,-1,-1
65,18,972,440,380,604,1,-1,-1,-1
65,19,1396,404,420,580,1,-1,-1,-1
65,20,1383,354,404,620,1,-1,-1,-1
65,21,1364,288,488,252,1,-1,-1,-1
65,22,0,232,192,692,1,-1,-1,-1
65,23,500,248,488,660,1,-1,-1,-1
65,24,144,448,528,500,1,-1,-1,-1
66,3,58,3,532,496,1,-1,-1,-1
66,5,1955,248,564,588,1,-1,-1,-1
66,6,952,444,404,608,1,-1,-1,-1
66,7,1974,374,276,640,1,-1,-1,-1
66,8,1713,321,284,704,1,-1,-1,-1
66,10,1159,435,360,600,1,-1,-1,-1
66,12,1663,96,688,376,1,-1,-1,-1
66,13,359,1,228,192,1,-1,-1,-1
66,15,1160,452,358,571,1,-1,-1,-1
66,16,1018,63,312,416,1,-1,-1,-1
66,18,969,446,380,604,1,-1,-1,-1
66,19,1394,404,420,580,1,-1,-1,-1
66,20,1381,375,404,620,1,-1,-1,-1
66,21,1363,290,488,252,1,-1,-1,-1
66,22,-1,217,192,692,1,-1,-1,-1
66,23,493,244,488,660,1,-1,-1,-1
66,24,143,437,528,500,1,-1,-1,-1
67,3,56,2,532,496,1,-1,-1,-1
67,5,1954,247,564,588,1,-1,-1,-1
67,6,953,448,404,608,1,-1,-1,-1
67,7,1974,376,276,640,1,-1,-1,-1
67,8,1716,324,284,704,1,-1,-1,-1
67,10,1163,432,360,600,1,-1,-1,-1
67,12,1661,98,688,376,1,-1,-1,-1
67,13,359,1,228,192,1,-1,-1,-1
67,15,1167,449,358,571,1,-1,-1,-1
67,16,1015,58,312,416,1,-1,-1,-1
67,18,967,438,380,604,1,-1,-1,-1
67,19,1391,391,441,609,1,-1,-1,-1
67,20,1380,369,404,620,1,-1,-1,-1
67,21,1366,289,488,252,1,-1,-1,-1
67,22,-12,226,192,692,1,-1,-1,-1
67,23,495,253,465,629,1,-1,-1,-1
67,24,133,436,528,500,1,-1,-1,-1
68,3,55,1,532,496,1,-1,-1,-1
68,5,1954,246,564,588,1,-1,-1,-1
68,6,949,445,404,608,1,-1,-1,-1
68,7,1972,378,276,640,1,-1,-1,-1
68,8,1723,334,270,670,1,-1,-1,-1
68,10,1160,452,360,600,1,-1,-1,-1
68,12,1663,98,688,376,1,-1,-1,-1
68,13,358,2,228,192,1,-1,-1,-1
68,15,1159,456,358,571,1,-1,-1,-1
68,16,1015,60,312,416,1,-1,-1,-1
68,18,966,432,380,604,1,-1,-1,-1
68,19,1389,398,441,609,1,-1,-1,-1
68,20,1392,371,404,620,1,-1,-1,-1
68,21,1366,292,488,252,1,-1,-1,-1
68,22,-14,200,202,727,1,-1,-1,-1
68,23,473,243,488,660,1,-1,-1,-1
68,24,129,429,528,500,1,-1,-1,-1
69,3,53,5,532,496,1,-1,-1,-1
69,5,1951,247,564,588,1,-1,-1,-1
69,6,961,467,385,579,1,-1,-1,-1
69,7,1966,356,290,672,1,-1,-1,-1
69,8,1716,327,284,704,1,-1,-1,-1
69,10,1155,430,360,600,1,-1,-1,-1
69,12,1660,95,688,376,1,-1,-1,-1
69,13,357,2,228,192,1,-1,-1,-1
69,15,1160,458,358,571,1,-1,-1,-1
69,16,1013,61,312,416,1,-1,-1,-1
69,18,959,430,380,604,1,-1,-1,-1
69,19,1389,404,441,609,1,-1,-1,-1
69,21,1366,287,488,252,1,-1,-1,-1
69,23,483,239,488,660,1,-1,-1,-1
69,24,106,409,554,525,1,-1,-1,-1
70,3,56,2,532,496,1,-1,-1,-1
70,5,1940,233,592,617,1,-1,-1,-1
70,6,957,461,385,579,1,-1,-1,-1
70,7,1975,369,276,640,1,-1,-1,-1
70,8,1711,301,298,739,1,-1,-1,-1
70,10,1145,419,378,630,1,-1,-1,-1
70,12,1658,98,688,376,1,-1,-1,-1
70,13,359,2,228,192,1,-1,-1,-1
70,15,1165,459,358,571,1,-1,-1,-1
70,16,1012,59,312,416,1,-1,-1,-1
70,18,960,436,380,604,1,-1,-1,-1
70,19,1412,437,420,580,1,-1,-1,-1
70,21,1376,294,488,252,1,-1,-1,-1
70,23,469,237,488,660,1,-1,-1,-1
70,24,123,433,528,500,1,-1,-1,-1
71,3,62,3,532,496,1,-1,-1,-1
71,5,1951,245,564,588,1,-1,-1,-1
71,6,960,463,385,579,1,-1,-1,-1
71,7,1972,371,276,640,1,-1,-1,-1
71,8,1707,324,298,739,1,-1,-1,-1
71,10,1151,440,360,600,1,-1,-1,-1
71,12,1664,96,688,376,1,-1,-1,-1
71,13,360,2,228,192,1,-1,-1,-1
71,15,1163,454,358,571,1,-1,-1,-1
71,16,1012,57,312,416,1,-1,-1,-1
71,18,968,458,362,575,1,-1,-1,-1
71,19,1414,436,420,580,1,-1,-1,-1
71,21,1373,295,488,252,1,-1,-1,-1
71,23,454,234,488,660,1,-1,-1,-1
71,24,114,420,528,500,1,-1,-1,-1
72,3,58,5,532,496,1,-1,-1,-1
72,5,1937,231,592,617,1,-1,-1,-1
72,6,956,457,385,579,1,-1,-1,-1
72,7,1974,369,276,640,1,-1,-1,-1
72,8,1715,325,298,739,1,-1,-1,-1
72,10,1146,441,360,600,1,-1,-1,-1
72,12,1653,95,688,376,1,-1,-1,-1
72,13,360,2,228,192,1,-1,-1,-1
72,15,1162,460,358,571,1,-1,-1,-1
72,16,1018,75,297,396,1,-1,-1,-1
72,18,954,440,380,604,1,-1,-1,-1
72,19,1409,435,420,580,1,-1,-1,-1
72,21,1384,302,465,240,1,-1,-1,-1
72,23,465,243,465,629,1,-1,-1,-1
72,24,115,416,528,500,1,-1,-1,-1
73,3,172,4,392,464,1,-1,-1,-1
73,5,1960,252,560,592,1,-1,-1,-1
73,6,948,444,408,604,1,-1,-1,-1
73,7,1972,376,272,636,1,-1,-1,-1
73,8,1716,312,288,712,1,-1,-1,-1
73,10,1146,441,360,600,1,-1,-1,-1
73,12,1656,100,688,388,1,-1,-1,-1
73,13,360,0,228,176,1,-1,-1,-1
73,15,1140,432,476,568,1,-1,-1,-1
73,16,1020,56,308,416,1,-1,-1,-1
73,18,954,440,380,604,1,-1,-1,-1
73,19,1404,408,464,612,1,-1,-1,-1
73,21,1356,300,484,268,1,-1,-1,-1
73,23,520,220,288,648,1,-1,-1,-1
73,24,0,292,616,600,1,-1,-1,-1
73,25,260,448,500,528,1,-1,-1,-1
74,3,177,1,392,464,1,-1,-1,-1
74,5,1960,252,560,592,1,-1,-1,-1
74,6,950,445,408,604,1,-1,-1,-1
74,7,1972,378,272,636,1,-1,-1,-1
74,8,1716,310,288,712,1,-1,-1,-1
74,10,1155,439,360,600,1,-1,-1,-1
74,12,1657,104,688,388,1,-1,-1,-1
74,13,360,0,228,176,1,-1,-1,-1
74,15,1141,432,476,568,1,-1,-1,-1
74,16,1021,58,308,416,1,-1,-1,-1
74,18,960,444,380,604,1,-1,-1,-1
74,19,1408,414,464,612,1,-1,-1,-1
74,21,1354,296,484,268,1,-1,-1,-1
74,23,510,211,288,648,1,-1,-1,-1
74,24,-3,296,616,600,1,-1,-1,-1
74,25,258,445,500,528,1,-1,-1,-1
75,3,181,9,373,442,1,-1,-1,-1
75,5,1960,255,560,592,1,-1,-1,-1
75,6,950,445,408,604,1,-1,-1,-1
75,7,1972,378,272,636,1,-1,-1,-1
75,8,1718,312,288,712,1,-1,-1,-1
75,10,1161,450,343,571,1,-1,-1,-1
75,12,1652,99,688,388,1,-1,-1,-1
75,13,360,1,228,176,1,-1,-1,-1
75,15,1144,433,476,568,1,-1,-1,-1
75,16,1022,55,308,416,1,-1,-1,-1
75,18,955,438,380,604,1,-1,-1,-1
75,19,1421,436,442,583,1,-1,-1,-1
75,21,1348,298,484,268,1,-1,-1,-1
75,23,510,208,288,648,1,-1,-1,-1
75,24,-4,288,616,600,1,-1,-1,-1
75,25,252,446,500,528,1,-1,-1,-1
76,3,184,9,373,442,1,-1,-1,-1
76,5,1956,252,560,592,1,-1,-1,-1
76,6,950,444,408,604,1,-1,-1,-1
76,7,1974,381,272,636,1,-1,-1,-1
76,8,1715,315,288,712,1,-1,-1,-1
76,10,1153,438,360,600,1,-1,-1,-1
76,12,1645,95,688,388,1,-1,-1,-1
76,13,359,1,228,176,1,-1,-1,-1
76,15,1144,433,476,568,1,-1,-1,-1
76,16,1024,55,308,416,1,-1,-1,-1
76,18,958,435,380,604,1,-1,-1,-1
76,19,1424,439,442,583,1,-1,-1,-1
76,21,1362,302,461,255,1,-1,-1,-1
76,23,505,189,302,680,1,-1,-1,-1
76,24,-12,281,647,630,1,-1,-1,-1
76,25,250,449,500,528,1,-1,-1,-1
77,3,180,8,373,442,1,-1,-1,-1
77,5,1961,255,560,592,1,-1,-1,-1
77,6,953,445,408,604,1,-1,-1,-1
77,7,1979,374,272,636,1,-1,-1,-1
77,8,1716,306,288,712,1,-1,-1,-1
77,10,1159,441,360,600,1,-1,-1,-1
77,12,1672,104,655,370,1,-1,-1,-1
77,13,360,1,228,176,1,-1,-1,-1
77,15,1147,434,476,568,1,-1,-1,-1
77,16,1024,54,308,416,1,-1,-1,-1
77,18,953,442,380,604,1,-1,-1,-1
77,19,1409,416,464,612,1,-1,-1,-1
77,21,1361,300,461,255,1,-1,-1,-1
77,23,501,181,302,680,1,-1,-1,-1
77,24,-1,284,647,630,1,-1,-1,-1
77,25,256,445,500,528,1,-1,-1,-1
78,3,167,-5,392,464,1,-1,-1,-1
78,5,1961,254,560,592,1,-1,-1,-1
78,6,955,457,408,604,1,-1,-1,-1
78,7,1968,358,286,668,1,-1,-1,-1
78,8,1719,322,274,678,1,-1,-1,-1
78,10,1156,448,360,600,1,-1,-1,-1
78,12,1672,105,655,370,1,-1,-1,-1
78,13,358,0,228,176,1,-1,-1,-1
78,15,1148,438,476,568,1,-1,-1,-1
78,16,1026,55,308,416,1,-1,-1,-1
78,18,946,416,399,634,1,-1,-1,-1
78,19,1414,435,442,583,1,-1,-1,-1
78,21,1360,299,461,255,1,-1,-1,-1
78,23,502,204,288,648,1,-1,-1,-1
78,24,12,295,647,630,1,-1,-1,-1
78,25,249,438,500,528,1,-1,-1,-1
79,3,161,1,392,464,1,-1,-1,-1
79,5,1963,256,560,592,1,-1,-1,-1
79,6,956,450,408,604,1,-1,-1,-1
79,7,1963,351,286,668,1,-1,-1,-1
79,8,1712,330,274,678,1,-1,-1,-1
79,10,1163,465,343,571,1,-1,-1,-1
79,12,1670,99,655,370,1,-1,-1,-1
79,13,358,1,228,176,1,-1,-1,-1
79,15,1149,435,476,568,1,-1,-1,-1
79,16,1024,56,308,416,1,-1,-1,-1
79,18,954,435,380,604,1,-1,-1,-1
79,19,1418,431,442,583,1,-1,-1,-1
79,21,1361,304,461,255,1,-1,-1,-1
79,24,-8,278,647,630,1,-1,-1,-1
79,25,229,406,525,554,1,-1,-1,-1
80,3,171,18,373,442,1,-1,-1,-1
80,5,1959,260,560,592,1,-1,-1,-1
80,6,953,445,408,604,1,-1,-1,-1
80,7,1964,347,286,668,1,-1,-1,-1
80,8,1713,334,274,678,1,-1,-1,-1
80,10,1163,466,343,571,1,-1,-1,-1
80,12,1673,109,655,370,1,-1,-1,-1
80,13,359,3,228,176,1,-1,-1,-1
80,15,1160,456,453,541,1,-1,-1,-1
80,16,1026,55,308,416,1,-1,-1,-1
80,18,959,437,380,604,1,-1,-1,-1
80,19,1434,436,442,583,1,-1,-1,-1
80,21,1364,301,461,255,1,-1,-1,-1
80,24,14,283,616,600,1,-1,-1,-1
80,25,241,405,525,554,1,-1,-1,-1
81,3,264,0,248,496,1,-1,-1,-1
81,5,1960,252,564,596,1,-1,-1,-1
81,6,932,448,428,600,1,-1,-1,-1
81,7,1972,356,272,656,1,-1,-1,-1
81,8,1712,308,284,716,1,-1,-1,-1
81,10,1152,444,488,588,1,-1,-1,-1
81,12,1656,108,688,388,1,-1,-1,-1
81,13,359,3,228,176,1,-1,-1,-1
81,15,1160,456,453,541,1,-1,-1,-1
81,16,1024,60,304,424,1,-1,-1,-1
81,18,959,437,380,604,1,-1,-1,-1
81,19,1416,388,452,640,1,-1,-1,-1
81,21,1360,288,480,276,1,-1,-1,-1
81,24,28,228,372,604,1,-1,-1,-1
81,25,396,348,408,628,1,-1,-1,-1
81,26,544,176,260,436,1,-1,-1,-1
82,3,262,0,248,496,1,-1,-1,-1
82,5,1958,248,564,596,1,-1,-1,-1
82,6,933,447,428,600,1,-1,-1,-1
82,7,1971,353,272,656,1,-1,-1,-1
82,8,1712,309,284,716,1,-1,-1,-1
82,10,1152,445,488,588,1,-1,-1,-1
82,12,1653,111,688,388,1,-1,-1,-1
82,13,359,4,228,176,1,-1,-1,-1
82,15,1163,458,453,541,1,-1,-1,-1
82,16,1024,59,304,424,1,-1,-1,-1
82,18,963,437,380,604,1,-1,-1,-1
82,19,1420,385,452,640,1,-1,-1,-1
82,21,1360,289,480,276,1,-1,-1,-1
82,24,25,225,372,604,1,-1,-1,-1
82,25,397,340,408,628,1,-1,-1,-1
82,26,545,169,260,436,1,-1,-1,-1
83,3,259,-2,248,496,1,-1,-1,-1
83,5,1959,245,564,596,1,-1,-1,-1
83,6,933,447,428,600,1,-1,-1,-1
83,7,1971,348,272,656,1,-1,-1,-1
83,8,1711,312,284,716,1,-1,-1,-1
83,10,1152,446,488,588,1,-1,-1,-1
83,12,1664,105,688,388,1,-1,-1,-1
83,13,360,5,228,176,1,-1,-1,-1
83,15,1162,455,453,541,1,-1,-1,-1
83,16,1024,61,304,424,1,-1,-1,-1
83,18,957,443,380,604,1,-1,-1,-1
83,19,1424,389,452,640,1,-1,-1,-1
83,21,1360,289,480,276,1,-1,-1,-1
83,24,25,228,372,604,1,-1,-1,-1
83,25,399,358,389,598,1,-1,-1,-1
83,26,549,174,248,415,1,-1,-1,-1
84,3,261,-7,248,496,1,-1,-1,-1
84,5,1957,251,564,596,1,-1,-1,-1
84,6,934,448,428,600,1,-1,-1,-1
84,7,1977,339,272,656,1,-1,-1,-1
84,8,1703,295,298,752,1,-1,-1,-1
84,10,1151,448,488,588,1,-1,-1,-1
84,12,1658,115,688,388,1,-1,-1,-1
84,13,360,6,228,176,1,-1,-1,-1
84,15,1170,455,453,541,1,-1,-1,-1
84,16,1026,59,304,424,1,-1,-1,-1
84,18,956,442,380,604,1,-1,-1,-1
84,19,1425,386,452,640,1,-1,-1,-1
84,21,1360,290,480,276,1,-1,-1,-1
84,24,21,221,372,604,1,-1,-1,-1
84,25,405,374,370,570,1,-1,-1,-1
84,26,555,163,248,415,1,-1,-1,-1
85,3,263,-5,236,472,1,-1,-1,-1
85,5,1964,250,564,596,1,-1,-1,-1
85,6,935,444,428,600,1,-1,-1,-1
85,7,1976,367,272,656,1,-1,-1,-1
85,8,1701,286,298,752,1,-1,-1,-1
85,10,1153,434,488,588,1,-1,-1,-1
85,12,1663,110,688,388,1,-1,-1,-1
85,13,364,3,228,176,1,-1,-1,-1
85,15,1175,471,432,515,1,-1,-1,-1
85,16,1028,61,304,424,1,-1,-1,-1
85,18,957,445,380,604,1,-1,-1,-1
85,19,1426,384,452,640,1,-1,-1,-1
85,21,1363,289,480,276,1,-1,-1,-1
85,24,17,216,372,604,1,-1,-1,-1
85,25,416,382,352,542,1,-1,-1,-1
85,26,554,157,248,415,1,-1,-1,-1
86,3,259,-4,236,472,1,-1,-1,-1
86,5,1958,249,564,596,1,-1,-1,-1
86,6,935,446,428,600,1,-1,-1,-1
86,7,1970,336,286,689,1,-1,-1,-1
86,8,1708,314,284,716,1,-1,-1,-1
86,10,1151,434,488,588,1,-1,-1,-1
86,12,1671,121,655,370,1,-1,-1,-1
86,13,367,2,228,176,1,-1,-1,-1
86,15,1174,461,453,541,1,-1,-1,-1
86,16,1026,62,304,424,1,-1,-1,-1
86,18,956,450,380,604,1,-1,-1,-1
86,19,1425,386,452,640,1,-1,-1,-1
86,21,1360,287,480,276,1,-1,-1,-1
86,24,8,194,391,634,1,-1,-1,-1
86,25,402,380,370,570,1,-1,-1,-1
86,26,556,163,236,395,1,-1,-1,-1
87,3,260,-7,236,472,1,-1,-1,-1
87,5,1958,250,564,596,1,-1,-1,-1
87,6,936,450,428,600,1,-1,-1,-1
87,7,1972,334,286,689,1,-1,-1,-1
87,8,1713,318,284,716,1,-1,-1,-1
87,10,1156,435,488,588,1,-1,-1,-1
87,12,1669,117,655,370,1,-1,-1,-1
87,13,367,7,228,176,1,-1,-1,-1
87,15,1171,457,453,541,1,-1,-1,-1
87,16,1027,63,304,424,1,-1,-1,-1
87,18,962,447,380,604,1,-1,-1,-1
87,19,1418,386,452,640,1,-1,-1,-1
87,21,1354,284,480,276,1,-1,-1,-1
87,24,0,192,391,634,1,-1,-1,-1
87,25,390,358,389,598,1,-1,-1,-1
87,26,553,156,248,415,1,-1,-1,-1
88,3,246,-17,248,496,1,-1,-1,-1
88,5,1960,250,564,596,1,-1,-1,-1
88,6,936,442,428,600,1,-1,-1,-1
88,7,1969,340,286,689,1,-1,-1,-1
88,8,1723,314,284,716,1,-1,-1,-1
88,10,1156,441,488,588,1,-1,-1,-1
88,12,1675,111,655,370,1,-1,-1,-1
88,13,366,5,228,176,1,-1,-1,-1
88,15,1168,458,453,541,1,-1,-1,-1
88,16,1037,68,290,404,1,-1,-1,-1
88,18,956,442,380,604,1,-1,-1,-1
88,19,1417,387,452,640,1,-1,-1,-1
88,21,1357,282,480,276,1,-1,-1,-1
88,24,-6,180,391,634,1,-1,-1,-1
88,25,399,332,408,628,1,-1,-1,-1
88,26,551,150,248,415,1,-1,-1,-1
89,3,246,-17,248,496,1,-1,-1,-1
89,5,1952,252,572,592,1,-1,-1,-1
89,6,924,444,428,608,1,-1,-1,-1
89,7,1964,384,280,628,1,-1,-1,-1
89,8,1712,316,284,688,1,-1,-1,-1
89,10,1156,441,488,588,1,-1,-1,-1
89,12,1656,100,684,400,1,-1,-1,-1
89,13,366,5,228,176,1,-1,-1,-1
89,15,1160,440,500,588,1,-1,-1,-1
89,16,1020,56,308,424,1,-1,-1,-1
89,18,956,442,380,604,1,-1,-1,-1
89,19,1360,324,504,696,1,-1,-1,-1
89,21,1357,282,480,276,1,-1,-1,-1
89,24,44,144,368,680,1,-1,-1,-1
89,25,399,332,408,628,1,-1,-1,-1
89,26,551,150,248,415,1,-1,-1,-1
89,27,588,176,320,564,1,-1,-1,-1
89,28,500,376,236,420,1,-1,-1,-1
89,29,320,0,276,600,1,-1,-1,-1
90,3,251,-44,248,496,1,-1,-1,-1
90,5,1949,248,572,592,1,-1,-1,-1
90,6,928,441,428,608,1,-1,-1,-1
90,7,1961,388,280,628,1,-1,-1,-1
90,8,1714,311,284,688,1,-1,-1,-1
90,10,1155,442,488,588,1,-1,-1,-1
90,12,1657,98,684,400,1,-1,-1,-1
90,13,363,3,228,176,1,-1,-1,-1
90,15,1162,443,500,588,1,-1,-1,-1
90,16,1019,55,308,424,1,-1,-1,-1
90,18,961,444,380,604,1,-1,-1,-1
90,19,1357,321,504,696,1,-1,-1,-1
90,21,1364,294,457,263,1,-1,-1,-1
90,24,45,136,368,680,1,-1,-1,-1
90,25,384,304,408,628,1,-1,-1,-1
90,27,594,183,305,537,1,-1,-1,-1
90,28,504,379,225,400,1,-1,-1,-1
90,29,318,-4,276,600,1,-1,-1,-1
91,3,260,-45,248,496,1,-1,-1,-1
91,5,1950,251,572,592,1,-1,-1,-1
91,6,939,460,408,579,1,-1,-1,-1
91,7,1959,393,280,628,1,-1,-1,-1
91,8,1698,292,298,722,1,-1,-1,-1
91,10,1153,441,488,588,1,-1,-1,-1
91,12,1649,97,684,400,1,-1,-1,-1
91,13,365,7,228,176,1,-1,-1,-1
91,15,1156,442,500,588,1,-1,-1,-1
91,16,1021,54,308,424,1,-1,-1,-1
91,18,970,461,362,575,1,-1,-1,-1
91,19,1356,322,504,696,1,-1,-1,-1
91,21,1362,298,457,263,1,-1,-1,-1
91,24,41,128,368,680,1,-1,-1,-1
91,25,392,336,389,598,1,-1,-1,-1
91,27,583,164,320,564,1,-1,-1,-1
91,28,501,385,214,381,1,-1,-1,-1
91,29,317,-8,276,600,1,-1,-1,-1
92,3,262,-38,248,496,1,-1,-1,-1
92,5,1960,259,545,564,1,-1,-1,-1
92,6,931,460,408,579,1,-1,-1,-1
92,7,1967,410,267,598,1,-1,-1,-1
92,8,1703,296,284,688,1,-1,-1,-1
92,10,1153,441,488,588,1,-1,-1,-1
92,12,1656,99,684,400,1,-1,-1,-1
92,13,359,-2,228,176,1,-1,-1,-1
92,15,1154,441,500,588,1,-1,-1,-1
92,16,1018,53,308,424,1,-1,-1,-1
92,18,969,460,362,575,1,-1,-1,-1
92,19,1365,341,480,663,1,-1,-1,-1
92,21,1364,299,457,263,1,-1,-1,-1
92,24,39,123,368,680,1,-1,-1,-1
92,25,398,331,370,570,1,-1,-1,-1
92,27,577,148,336,592,1,-1,-1,-1
92,28,493,374,214,381,1,-1,-1,-1
92,29,303,-30,290,630,1,-1,-1,-1
93,3,269,-52,248,496,1,-1,-1,-1
93,5,1956,267,545,564,1,-1,-1,-1
93,6,923,459,408,579,1,-1,-1,-1
93,7,1967,415,254,570,1,-1,-1,-1
93,8,1699,300,284,688,1,-1,-1,-1
93,10,1152,447,488,588,1,-1,-1,-1
93,12,1678,109,651,381,1,-1,-1,-1
93,13,350,-6,239,185,1,-1,-1,-1
93,15,1149,434,500,588,1,-1,-1,-1
93,16,1017,55,308,424,1,-1,-1,-1
93,18,954,443,380,604,1,-1,-1,-1
93,19,1364,359,480,663,1,-1,-1,-1
93,21,1355,296,457,263,1,-1,-1,-1
93,24,50,120,368,680,1,-1,-1,-1
93,27,574,148,336,592,1,-1,-1,-1
93,28,486,361,214,381,1,-1,-1,-1
93,29,314,-12,276,600,1,-1,-1,-1
94,3,273,-46,248,496,1,-1,-1,-1
94,5,1955,268,545,564,1,-1,-1,-1
94,6,921,458,408,579,1,-1,-1,-1
94,7,1964,413,254,570,1,-1,-1,-1
94,8,1690,308,284,688,1,-1,-1,-1
94,10,1144,448,488,588,1,-1,-1,-1
94,12,1670,108,651,381,1,-1,-1,-1
94,13,342,-4,239,185,1,-1,-1,-1
94,15,1147,439,500,588,1,-1,-1,-1
94,16,1010,58,308,424,1,-1,-1,-1
94,18,943,444,380,604,1,-1,-1,-1
94,19,1364,361,480,663,1,-1,-1,-1
94,21,1343,297,457,263,1,-1,-1,-1
94,24,48,110,368,680,1,-1,-1,-1
94,27,572,143,336,592,1,-1,-1,-1
94,29,313,-21,276,600,1,-1,-1,-1
95,3,273,-29,236,472,1,-1,-1,-1
95,5,1932,258,572,592,1,-1,-1,-1
95,6,912,461,408,579,1,-1,-1,-1
95,7,1961,400,267,598,1,-1,-1,-1
95,8,1684,293,284,688,1,-1,-1,-1
95,10,1136,445,488,588,1,-1,-1,-1
95,12,1654,109,651,381,1,-1,-1,-1
95,13,334,-6,239,185,1,-1,-1,-1
95,15,1141,442,500,588,1,-1,-1,-1
95,16,1005,59,308,424,1,-1,-1,-1
95,18,942,451,380,604,1,-1,-1,-1
95,19,1336,333,504,696,1,-1,-1,-1
95,21,1341,299,457,263,1,-1,-1,-1
95,24,45,110,368,680,1,-1,-1,-1
95,27,572,137,336,592,1,-1,-1,-1
95,29,310,-25,276,600,1,-1,-1,-1
96,3,251,-60,248,496,1,-1,-1,-1
96,5,1906,237,601,622,1,-1,-1,-1
96,6,905,463,408,579,1,-1,-1,-1
96,7,1953,415,267,598,1,-1,-1,-1
96,8,1686,315,270,655,1,-1,-1,-1
96,10,1144,461,465,560,1,-1,-1,-1
96,12,1651,115,651,381,1,-1,-1,-1
96,13,326,-5,239,185,1,-1,-1,-1
96,15,1131,443,500,588,1,-1,-1,-1
96,16,998,61,308,424,1,-1,-1,-1
96,18,934,453,380,604,1,-1,-1,-1
96,19,1323,332,504,696,1,-1,-1,-1
96,21,1334,300,457,263,1,-1,-1,-1
96,24,53,132,350,648,1,-1,-1,-1
96,27,586,150,320,564,1,-1,-1,-1
96,29,306,-7,263,571,1,-1,-1,-1
97,3,304,0,248,428,1,-1,-1,-1
97,5,1884,272,644,568,1,-1,-1,-1
97,6,908,452,404,600,1,-1,-1,-1
97,7,1932,408,272,612,1,-1,-1,-1
97,8,1628,416,388,528,1,-1,-1,-1
97,10,1116,448,524,584,1,-1,-1,-1
97,12,1616,100,708,376,1,-1,-1,-1
97,13,326,-5,239,185,1,-1,-1,-1
97,15,1131,443,500,588,1,-1,-1,-1
97,16,976,60,316,428,1,-1,-1,-1
97,18,934,453,380,604,1,-1,-1,-1
97,19,1404,408,420,620,1,-1,-1,-1
97,21,1308,292,500,272,1,-1,-1,-1
97,24,64,100,360,616,1,-1,-1,-1
97,27,564,136,412,556,1,-1,-1,-1
97,29,306,-7,263,571,1,-1,-1,-1
97,30,428,200,256,608,1,-1,-1,-1
98,3,303,7,236,408,1,-1,-1,-1
98,5,1872,277,644,568,1,-1,-1,-1
98,6,896,458,404,600,1,-1,-1,-1
98,7,1926,424,259,583,1,-1,-1,-1
98,8,1600,402,407,554,1,-1,-1,-1
98,10,1119,473,499,556,1,-1,-1,-1
98,12,1595,102,708,376,1,-1,-1,-1
98,13,302,-5,239,185,1,-1,-1,-1
98,15,1124,469,476,560,1,-1,-1,-1
98,16,969,75,301,408,1,-1,-1,-1
98,18,912,453,380,604,1,-1,-1,-1
98,19,1388,419,420,620,1,-1,-1,-1
98,21,1301,296,500,272,1,-1,-1,-1
98,24,46,78,378,647,1,-1,-1,-1
98,27,567,152,392,530,1,-1,-1,-1
98,29,284,-25,276,600,1,-1,-1,-1
98,30,409,186,269,638,1,-1,-1,-1
99,3,302,-1,236,408,1,-1,-1,-1
99,5,1864,278,644,568,1,-1,-1,-1
99,6,885,462,404,600,1,-1,-1,-1
99,7,1910,419,259,583,1,-1,-1,-1
99,8,1596,396,407,554,1,-1,-1,-1
99,10,1097,475,499,556,1,-1,-1,-1
99,12,1578,94,743,395,1,-1,-1,-1
99,13,281,-8,251,194,1,-1,-1,-1
99,15,1107,465,476,560,1,-1,-1,-1
99,16,953,66,316,428,1,-1,-1,-1
99,18,897,453,380,604,1,-1,-1,-1
99,19,1387,419,420,620,1,-1,-1,-1
99,21,1276,300,500,272,1,-1,-1,-1
99,24,52,97,360,616,1,-1,-1,-1
99,27,566,152,392,530,1,-1,-1,-1
99,29,284,-6,276,600,1,-1,-1,-1
99,30,398,171,269,638,1,-1,-1,-1
100,3,301,8,225,388,1,-1,-1,-1
100,5,1853,282,644,568,1,-1,-1,-1
100,6,877,461,404,600,1,-1,-1,-1
100,7,1895,414,259,583,1,-1,-1,-1
100,8,1578,397,407,554,1,-1,-1,-1
100,10,1091,472,499,556,1,-1,-1,-1
100,12,1551,98,743,395,1,-1,-1,-1
100,15,1098,470,476,560,1,-1,-1,-1
100,16,944,66,316,428,1,-1,-1,-1
100,18,891,458,380,604,1,-1,-1,-1
100,19,1374,411,420,620,1,-1,-1,-1
100,21,1283,305,476,259,1,-1,-1,-1
100,24,43,91,360,616,1,-1,-1,-1
100,27,546,144,412,556,1,-1,-1,-1
100,29,262,-20,290,630,1,-1,-1,-1
100,30,392,169,269,638,1,-1,-1,-1
101,3,298,-2,225,388,1,-1,-1,-1
101,5,1845,288,644,568,1,-1,-1,-1
101,6,867,468,404,600,1,-1,-1,-1
101,7,1878,423,259,583,1,-1,-1,-1
101,8,1573,400,407,554,1,-1,-1,-1
101,10,1083,478,499,556,1,-1,-1,-1
101,12,1568,108,708,376,1,-1,-1,-1
101,15,1082,459,500,588,1,-1,-1,-1
101,16,933,72,316,428,1,-1,-1,-1
101,18,881,464,380,604,1,-1,-1,-1
101,19,1350,418,420,620,1,-1,-1,-1
101,21,1272,312,476,259,1,-1,-1,-1
101,24,45,92,360,616,1,-1,-1,-1
101,27,539,141,412,556,1,-1,-1,-1
101,29,241,-22,304,662,1,-1,-1,-1
101,30,390,192,256,608,1,-1,-1,-1
102,3,294,4,214,370,1,-1,-1,-1
102,5,1854,311,613,541,1,-1,-1,-1
102,6,862,489,385,571,1,-1,-1,-1
102,7,1872,432,259,583,1,-1,-1,-1
102,8,1563,409,407,554,1,-1,-1,-1
102,10,1054,469,524,584,1,-1,-1,-1
102,12,1563,127,708,376,1,-1,-1,-1
102,15,1059,463,500,588,1,-1,-1,-1
102,16,921,73,316,428,1,-1,-1,-1
102,18,866,474,380,604,1,-1,-1,-1
102,19,1352,426,420,620,1,-1,-1,-1
102,21,1265,318,476,259,1,-1,-1,-1
102,24,37,91,360,616,1,-1,-1,-1
102,27,508,144,412,556,1,-1,-1,-1
102,30,378,185,256,608,1,-1,-1,-1
103,3,286,6,214,370,1,-1,-1,-1
103,5,1841,319,613,541,1,-1,-1,-1
103,6,841,477,404,600,1,-1,-1,-1
103,7,1865,432,259,583,1,-1,-1,-1
103,8,1558,410,407,554,1,-1,-1,-1
103,10,1049,478,524,584,1,-1,-1,-1
103,12,1551,118,708,376,1,-1,-1,-1
103,15,1064,478,476,560,1,-1,-1,-1
103,16,910,79,316,428,1,-1,-1,-1
103,18,854,473,380,604,1,-1,-1,-1
103,19,1342,423,420,620,1,-1,-1,-1
103,21,1239,318,476,259,1,-1,-1,-1
103,24,37,88,360,616,1,-1,-1,-1
103,27,500,152,412,556,1,-1,-1,-1
103,30,364,180,269,638,1,-1,-1,-1
104,3,286,8,214,370,1,-1,-1,-1
104,5,1821,296,644,568,1,-1,-1,-1
104,6,832,475,404,600,1,-1,-1,-1
104,7,1858,441,259,583,1,-1,-1,-1
104,8,1542,411,407,554,1,-1,-1,-1
104,10,1043,476,524,584,1,-1,-1,-1
104,12,1536,116,708,376,1,-1,-1,-1
104,15,1063,475,476,560,1,-1,-1,-1
104,16,907,81,316,428,1,-1,-1,-1
104,18,846,474,380,604,1,-1,-1,-1
104,19,1326,413,441,651,1,-1,-1,-1
104,21,1239,322,476,259,1,-1,-1,-1
104,24,34,63,378,647,1,-1,-1,-1
104,27,500,152,412,556,1,-1,-1,-1
104,30,360,171,269,638,1,-1,-1,-1
105,3,286,8,214,370,1,-1,-1,-1
105,5,2024,352,456,512,1,-1,-1,-1
105,6,800,472,432,604,1,-1,-1,-1
105,7,1812,440,300,596,1,-1,-1,-1
105,8,1488,416,544,604,1,-1,-1,-1
105,10,1043,476,524,584,1,-1,-1,-1
105,12,1528,136,696,340,1,-1,-1,-1
105,15,1036,472,512,580,1,-1,-1,-1
105,16,900,60,316,452,1,-1,-1,-1
105,18,846,474,380,604,1,-1,-1,-1
105,19,1264,440,480,612,1,-1,-1,-1
105,21,1224,316,488,224,1,-1,-1,-1
105,24,64,36,400,672,1,-1,-1,-1
105,27,504,160,460,600,1,-1,-1,-1
105,30,320,176,268,580,1,-1,-1,-1
106,3,288,14,204,352,1,-1,-1,-1
106,5,2012,351,456,512,1,-1,-1,-1
106,6,790,467,432,604,1,-1,-1,-1
106,7,1807,440,300,596,1,-1,-1,-1
106,8,1475,414,544,604,1,-1,-1,-1
106,10,1024,475,524,584,1,-1,-1,-1
106,12,1512,138,696,340,1,-1,-1,-1
106,15,1029,475,512,580,1,-1,-1,-1
106,16,895,57,316,452,1,-1,-1,-1
106,18,844,489,362,575,1,-1,-1,-1
106,19,1254,437,480,612,1,-1,-1,-1
106,21,1211,315,488,224,1,-1,-1,-1
106,24,66,25,400,672,1,-1,-1,-1
106,27,493,159,460,600,1,-1,-1,-1
106,30,313,163,268,580,1,-1,-1,-1
107,5,2010,351,456,512,1,-1,-1,-1
107,6,785,464,432,604,1,-1,-1,-1
107,7,1796,443,300,596,1,-1,-1,-1
107,8,1467,418,544,604,1,-1,-1,-1
107,10,1018,471,524,584,1,-1,-1,-1
107,12,1501,135,696,340,1,-1,-1,-1
107,15,1026,471,512,580,1,-1,-1,-1
107,16,897,58,316,452,1,-1,-1,-1
107,18,835,492,362,575,1,-1,-1,-1
107,19,1250,456,457,583,1,-1,-1,-1
107,21,1210,313,488,224,1,-1,-1,-1
107,24,63,19,400,672,1,-1,-1,-1
107,27,488,158,460,600,1,-1,-1,-1
107,30,302,144,281,609,1,-1,-1,-1
108,5,2003,351,456,512,1,-1,-1,-1
108,6,793,482,411,575,1,-1,-1,-1
108,7,1796,443,300,596,1,-1,-1,-1
108,8,1446,398,571,634,1,-1,-1,-1
108,10,1012,470,524,584,1,-1,-1,-1
108,12,1501,136,696,340,1,-1,-1,-1
108,15,1018,473,512,580,1,-1,-1,-1
108,16,898,62,316,452,1,-1,-1,-1
108,18,832,489,362,575,1,-1,-1,-1
108,19,1237,436,480,612,1,-1,-1,-1
108,21,1216,317,465,213,1,-1,-1,-1
108,24,54,17,400,672,1,-1,-1,-1
108,27,480,157,460,600,1,-1,-1,-1
108,30,311,156,268,580,1,-1,-1,-1
109,5,2001,350,456,512,1,-1,-1,-1
109,6,787,497,392,548,1,-1,-1,-1
109,7,1805,454,286,568,1,-1,-1,-1
109,8,1460,415,544,604,1,-1,-1,-1
109,10,1006,470,524,584,1,-1,-1,-1
109,12,1496,137,696,340,1,-1,-1,-1
109,15,1016,474,512,580,1,-1,-1,-1
109,16,891,54,316,452,1,-1,-1,-1
109,18,825,491,362,575,1,-1,-1,-1
109,19,1242,432,480,612,1,-1,-1,-1
109,21,1204,315,465,213,1,-1,-1,-1
109,24,56,21,400,672,1,-1,-1,-1
109,27,482,151,460,600,1,-1,-1,-1
109,30,309,166,255,552,1,-1,-1,-1
110,5,1997,347,456,512,1,-1,-1,-1
110,6,770,490,411,575,1,-1,-1,-1
110,7,1796,455,286,568,1,-1,-1,-1
110,8,1456,407,544,604,1,-1,-1,-1
110,10,1001,469,524,584,1,-1,-1,-1
110,12,1481,134,696,340,1,-1,-1,-1
110,15,1007,480,512,580,1,-1,-1,-1
110,16,881,57,316,452,1,-1,-1,-1
110,18,803,474,380,604,1,-1,-1,-1
110,19,1238,436,480,612,1,-1,-1,-1
110,21,1176,309,488,224,1,-1,-1,-1
110,24,58,11,400,672,1,-1,-1,-1
110,27,489,166,438,571,1,-1,-1,-1
110,30,309,159,255,552,1,-1,-1,-1
111,5,2002,366,434,488,1,-1,-1,-1
111,6,770,476,411,575,1,-1,-1,-1
111,7,1796,455,286,568,1,-1,-1,-1
111,8,1448,413,544,604,1,-1,-1,-1
111,10,1006,488,499,556,1,-1,-1,-1
111,12,1479,133,696,340,1,-1,-1,-1
111,15,995,484,512,580,1,-1,-1,-1
111,16,866,53,332,475,1,-1,-1,-1
111,18,812,498,362,575,1,-1,-1,-1
111,19,1235,440,480,612,1,-1,-1,-1
111,21,1169,306,512,235,1,-1,-1,-1
111,24,50,10,400,672,1,-1,-1,-1
111,27,467,170,438,571,1,-1,-1,-1
111,30,305,144,268,580,1,-1,-1,-1
112,5,1999,363,434,488,1,-1,-1,-1
112,6,767,479,411,575,1,-1,-1,-1
112,7,1784,454,286,568,1,-1,-1,-1
112,8,1448,418,544,604,1,-1,-1,-1
112,10,1004,493,499,556,1,-1,-1,-1
112,12,1491,143,663,324,1,-1,-1,-1
112,15,1001,493,488,552,1,-1,-1,-1
112,16,862,54,332,475,1,-1,-1,-1
112,18,797,481,380,604,1,-1,-1,-1
112,19,1230,438,480,612,1,-1,-1,-1
112,21,1161,305,512,235,1,-1,-1,-1
112,24,40,-5,420,706,1,-1,-1,-1
112,27,461,167,438,571,1,-1,-1,-1
112,30,301,143,268,580,1,-1,-1,-1
113,5,1999,363,434,488,1,-1,-1,-1
113,6,767,479,411,575,1,-1,-1,-1
113,7,1772,440,284,604,1,-1,-1,-1
113,8,1448,418,544,604,1,-1,-1,-1
113,10,1004,493,499,556,1,-1,-1,-1
113,12,1480,136,680,336,1,-1,-1,-1
113,15,984,484,496,568,1,-1,-1,-1
113,16,884,44,372,464,1,-1,-1,-1
113,18,744,476,452,612,1,-1,-1,-1
113,19,1196,452,496,604,1,-1,-1,-1
113,21,1161,305,512,235,1,-1,-1,-1
113,24,40,-5,420,706,1,-1,-1,-1
113,27,461,167,438,571,1,-1,-1,-1
113,30,301,143,268,580,1,-1,-1,-1
113,31,32,64,452,632,1,-1,-1,-1
113,32,440,204,600,560,1,-1,-1,-1
113,33,328,160,276,560,1,-1,-1,-1
113,34,1964,356,456,500,1,-1,-1,-1
113,35,2468,340,92,284,1,-1,-1,-1
113,36,0,116,84,160,1,-1,-1,-1
113,37,1308,384,640,596,1,-1,-1,-1
114,5,1978,366,434,488,1,-1,-1,-1
114,6,747,475,432,604,1,-1,-1,-1
114,7,1762,438,284,604,1,-1,-1,-1
114,8,1440,419,544,604,1,-1,-1,-1
114,10,987,495,499,556,1,-1,-1,-1
114,12,1452,129,714,353,1,-1,-1,-1
114,15,971,482,496,568,1,-1,-1,-1
114,16,882,46,372,464,1,-1,-1,-1
114,18,751,495,430,583,1,-1,-1,-1
114,19,1199,475,472,575,1,-1,-1,-1
114,21,1172,317,488,224,1,-1,-1,-1
114,24,44,1,420,706,1,-1,-1,-1
114,27,458,165,438,571,1,-1,-1,-1
114,30,298,129,268,580,1,-1,-1,-1
114,31,27,68,452,632,1,-1,-1,-1
114,32,454,219,571,533,1,-1,-1,-1
114,33,322,158,276,560,1,-1,-1,-1
114,34,1953,354,456,500,1,-1,-1,-1
114,35,2465,342,92,284,1,-1,-1,-1
114,36,7,122,84,160,1,-1,-1,-1
114,37,1281,363,672,626,1,-1,-1,-1
115,5,1974,368,434,488,1,-1,-1,-1
115,6,748,496,411,575,1,-1,-1,-1
115,7,1755,422,298,634,1,-1,-1,-1
115,8,1421,405,571,634,1,-1,-1,-1
115,10,982,500,499,556,1,-1,-1,-1
115,12,1453,122,714,353,1,-1,-1,-1
115,15,970,486,496,568,1,-1,-1,-1
115,16,871,53,372,464,1,-1,-1,-1
115,18,752,494,430,583,1,-1,-1,-1
115,19,1198,468,472,575,1,-1,-1,-1
115,21,1163,319,488,224,1,-1,-1,-1
115,24,25,-32,441,741,1,-1,-1,-1
115,27,438,169,438,571,1,-1,-1,-1
115,30,296,142,268,580,1,-1,-1,-1
115,31,23,67,452,632,1,-1,-1,-1
115,32,436,206,600,560,1,-1,-1,-1
115,33,319,158,276,560,1,-1,-1,-1
115,34,1949,354,456,500,1,-1,-1,-1
115,35,2462,346,92,284,1,-1,-1,-1
115,36,12,126,84,160,1,-1,-1,-1
115,37,1271,369,672,626,1,-1,-1,-1
116,5,1972,364,434,488,1,-1,-1,-1
116,6,738,491,411,575,1,-1,-1,-1
116,7,1752,418,298,634,1,-1,-1,-1
116,8,1417,406,571,634,1,-1,-1,-1
116,10,986,518,475,530,1,-1,-1,-1
116,12,1469,138,680,336,1,-1,-1,-1
116,15,972,503,472,541,1,-1,-1,-1
116,16,872,61,354,442,1,-1,-1,-1
116,18,741,497,430,583,1,-1,-1,-1
116,19,1187,473,472,575,1,-1,-1,-1
116,21,1169,318,465,213,1,-1,-1,-1
116,24,34,-32,441,741,1,-1,-1,-1
116,27,431,151,438,571,1,-1,-1,-1
116,30,292,137,268,580,1,-1,-1,-1
116,31,34,84,430,602,1,-1,-1,-1
116,32,438,212,600,560,1,-1,-1,-1
116,33,316,155,276,560,1,-1,-1,-1
116,34,1943,349,456,500,1,-1,-1,-1
116,35,2458,345,92,284,1,-1,-1,-1
116,36,15,126,84,160,1,-1,-1,-1
116,37,1262,368,672,626,1,-1,-1,-1
117,5,1960,349,456,512,1,-1,-1,-1
117,6,746,514,392,548,1,-1,-1,-1
117,7,1751,432,284,604,1,-1,-1,-1
117,8,1400,411,571,634,1,-1,-1,-1
117,10,977,524,475,530,1,-1,-1,-1
117,12,1477,148,648,320,1,-1,-1,-1
117,15,969,509,472,541,1,-1,-1,-1
117,16,864,62,354,442,1,-1,-1,-1
117,18,734,502,430,583,1,-1,-1,-1
117,19,1173,454,496,604,1,-1,-1,-1
117,21,1176,330,443,203,1,-1,-1,-1
117,24,50,-11,420,706,1,-1,-1,-1
117,27,419,127,460,600,1,-1,-1,-1
117,30,299,130,268,580,1,-1,-1,-1
117,31,23,66,452,632,1,-1,-1,-1
117,32,431,208,600,560,1,-1,-1,-1
117,33,319,173,263,533,1,-1,-1,-1
117,34,1942,348,456,500,1,-1,-1,-1
117,35,2452,347,92,284,1,-1,-1,-1
117,36,22,118,84,160,1,-1,-1,-1
117,37,1284,387,640,596,1,-1,-1,-1
118,5,1966,360,434,488,1,-1,-1,-1
118,6,743,518,392,548,1,-1,-1,-1
118,7,1745,465,284,604,1,-1,-1,-1
118,8,1400,411,571,634,1,-1,-1,-1
118,10,975,519,475,530,1,-1,-1,-1
118,12,1475,153,648,320,1,-1,-1,-1
118,15,964,508,472,541,1,-1,-1,-1
118,16,862,63,354,442,1,-1,-1,-1
118,18,740,524,410,555,1,-1,-1,-1
118,19,1161,457,496,604,1,-1,-1,-1
118,21,1167,329,443,203,1,-1,-1,-1
118,24,52,17,400,672,1,-1,-1,-1
118,27,415,135,460,600,1,-1,-1,-1
118,30,303,133,268,580,1,-1,-1,-1
118,31,32,66,452,632,1,-1,-1,-1
118,32,446,220,571,533,1,-1,-1,-1
118,33,302,155,276,560,1,-1,-1,-1
118,34,1945,347,456,500,1,-1,-1,-1
118,35,2448,348,92,284,1,-1,-1,-1
118,36,23,117,84,160,1,-1,-1,-1
118,37,1280,384,640,596,1,-1,-1,-1
119,5,1963,355,434,488,1,-1,-1,-1
119,6,740,520,392,548,1,-1,-1,-1
119,7,1749,472,270,575,1,-1,-1,-1
119,8,1405,417,571,634,1,-1,-1,-1
119,10,960,503,499,556,1,-1,-1,-1
119,12,1455,139,680,336,1,-1,-1,-1
119,15,953,490,496,568,1,-1,-1,-1
119,16,846,52,372,464,1,-1,-1,-1
119,18,735,513,430,583,1,-1,-1,-1
119,19,1155,459,496,604,1,-1,-1,-1
119,21,1163,332,443,203,1,-1,-1,-1
119,24,45,-3,420,706,1,-1,-1,-1
119,27,415,127,460,600,1,-1,-1,-1
119,30,299,121,281,609,1,-1,-1,-1
119,31,30,64,452,632,1,-1,-1,-1
119,32,447,221,571,533,1,-1,-1,-1
119,33,304,156,276,560,1,-1,-1,-1
119,34,1952,356,434,476,1,-1,-1,-1
119,35,2445,348,92,284,1,-1,-1,-1
119,36,24,109,84,160,1,-1,-1,-1
119,37,1273,390,640,596,1,-1,-1,-1
120,5,1970,356,434,488,1,-1,-1,-1
120,6,735,523,392,548,1,-1,-1,-1
120,7,1739,464,270,575,1,-1,-1,-1
120,8,1410,415,544,604,1,-1,-1,-1
120,10,956,504,499,556,1,-1,-1,-1
120,12,1461,148,648,320,1,-1,-1,-1
120,15,958,507,472,541,1,-1,-1,-1
120,16,832,39,391,487,1,-1,-1,-1
120,18,721,512,430,583,1,-1,-1,-1
120,19,1160,462,496,604,1,-1,-1,-1
120,21,1165,332,443,203,1,-1,-1,-1
120,24,35,-8,420,706,1,-1,-1,-1
120,27,408,136,460,600,1,-1,-1,-1
120,30,296,126,281,609,1,-1,-1,-1
120,31,37,79,430,602,1,-1,-1,-1
120,32,445,204,600,560,1,-1,-1,-1
120,33,300,158,276,560,1,-1,-1,-1
120,34,1958,351,434,476,1,-1,-1,-1
120,35,2442,349,92,284,1,-1,-1,-1
120,36,28,113,80,152,1,-1,-1,-1
120,37,1253,368,672,626,1,-1,-1,-1
121,5,1970,356,434,488,1,-1,-1,-1
121,6,736,480,396,612,1,-1,-1,-1
121,7,1736,448,284,612,1,-1,-1,-1
121,8,1410,415,544,604,1,-1,-1,-1
121,10,956,504,499,556,1,-1,-1,-1
121,12,1432,148,712,312,1,-1,-1,-1
121,15,944,488,492,588,1,-1,-1,-1
121,16,668,84,620,432,1,-1,-1,-1
121,18,721,512,430,583,1,-1,-1,-1
121,19,1160,452,488,608,1,-1,-1,-1
121,21,1165,332,443,203,1,-1,-1,-1
121,24,35,-8,420,706,1,-1,-1,-1
121,27,372,264,660,460,1,-1,-1,-1
121,30,296,126,281,609,1,-1,-1,-1
121,31,48,72,488,636,1,-1,-1,-1
121,32,445,204,600,560,1,-1,-1,-1
121,33,300,158,276,560,1,-1,-1,-1
121,34,1680,340,692,532,1,-1,-1,-1
121,35,2442,349,92,284,1,-1,-1,-1
121,36,28,113,80,152,1,-1,-1,-1
121,37,1324,416,512,512,1,-1,-1,-1
121,38,2428,332,132,416,1,-1,-1,-1
121,39,0,56,128,208,1,-1,-1,-1
122,5,1959,350,434,488,1,-1,-1,-1
122,6,736,472,396,612,1,-1,-1,-1
122,7,1734,444,284,612,1,-1,-1,-1
122,8,1410,441,518,575,1,-1,-1,-1
122,10,945,504,499,556,1,-1,-1,-1
122,12,1432,150,712,312,1,-1,-1,-1
122,15,936,491,492,588,1,-1,-1,-1
122,16,662,88,620,432,1,-1,-1,-1
122,18,713,508,430,583,1,-1,-1,-1
122,19,1154,449,488,608,1,-1,-1,-1
122,21,1151,327,465,213,1,-1,-1,-1
122,24,23,-14,420,706,1,-1,-1,-1
122,27,366,265,660,460,1,-1,-1,-1
122,30,291,128,281,609,1,-1,-1,-1
122,31,41,71,488,636,1,-1,-1,-1
122,32,430,204,600,560,1,-1,-1,-1
122,33,300,152,276,560,1,-1,-1,-1
122,34,1681,336,692,532,1,-1,-1,-1
122,35,2430,345,97,298,1,-1,-1,-1
122,36,30,112,76,145,1,-1,-1,-1
122,37,1322,412,512,512,1,-1,-1,-1
122,38,2426,333,132,416,1,-1,-1,-1
122,39,-2,55,128,208,1,-1,-1,-1
123,5,1967,351,434,488,1,-1,-1,-1
123,6,724,480,396,612,1,-1,-1,-1
123,7,1725,454,284,612,1,-1,-1,-1
123,8,1383,425,544,604,1,-1,-1,-1
123,10,931,507,499,556,1,-1,-1,-1
123,12,1424,144,712,312,1,-1,-1,-1
123,15,929,491,492,588,1,-1,-1,-1
123,16,653,93,620,432,1,-1,-1,-1
123,18,704,516,430,583,1,-1,-1,-1
123,19,1137,434,512,638,1,-1,-1,-1
123,21,1145,336,465,213,1,-1,-1,-1
123,24,35,11,400,672,1,-1,-1,-1
123,27,363,277,660,460,1,-1,-1,-1
123,30,295,144,268,580,1,-1,-1,-1
123,31,35,71,488,636,1,-1,-1,-1
123,32,415,207,600,560,1,-1,-1,-1
123,33,291,159,276,560,1,-1,-1,-1
123,34,1675,341,692,532,1,-1,-1,-1
123,35,2423,344,97,298,1,-1,-1,-1
123,36,28,113,76,145,1,-1,-1,-1
123,37,1315,418,512,512,1,-1,-1,-1
123,38,2423,336,132,416,1,-1,-1,-1
123,39,-5,55,128,208,1,-1,-1,-1
124,5,1977,361,414,464,1,-1,-1,-1
124,6,722,474,396,612,1,-1,-1,-1
124,7,1726,456,284,612,1,-1,-1,-1
124,8,1374,420,544,604,1,-1,-1,-1
124,10,936,508,499,556,1,-1,-1,-1
124,12,1420,137,712,312,1,-1,-1,-1
124,15,926,497,492,588,1,-1,-1,-1
124,16,648,96,620,432,1,-1,-1,-1
124,18,705,516,430,583,1,-1,-1,-1
124,19,1142,435,512,638,1,-1,-1,-1
124,21,1139,337,465,213,1,-1,-1,-1
124,24,23,25,400,672,1,-1,-1,-1
124,27,361,273,660,460,1,-1,-1,-1
124,30,296,141,268,580,1,-1,-1,-1
124,31,37,75,488,636,1,-1,-1,-1
124,32,421,218,600,560,1,-1,-1,-1
124,33,302,172,263,533,1,-1,-1,-1
124,34,1680,336,692,532,1,-1,-1,-1
124,35,2420,344,97,298,1,-1,-1,-1
124,36,29,112,76,145,1,-1,-1,-1
124,37,1312,411,512,512,1,-1,-1,-1
124,38,2421,337,132,416,1,-1,-1,-1
124,39,-6,53,128,208,1,-1,-1,-1
125,5,1988,373,394,442,1,-1,-1,-1
125,6,724,499,377,583,1,-1,-1,-1
125,7,1714,444,298,643,1,-1,-1,-1
125,8,1379,423,544,604,1,-1,-1,-1
125,10,938,526,475,530,1,-1,-1,-1
125,12,1423,135,712,312,1,-1,-1,-1
125,15,923,495,492,588,1,-1,-1,-1
125,16,636,92,620,432,1,-1,-1,-1
125,18,701,530,410,555,1,-1,-1,-1
125,19,1135,447,512,638,1,-1,-1,-1
125,21,1127,334,465,213,1,-1,-1,-1
125,24,13,-3,420,706,1,-1,-1,-1
125,27,359,280,660,460,1,-1,-1,-1
125,30,282,125,281,609,1,-1,-1,-1
125,31,37,77,488,636,1,-1,-1,-1
125,32,423,239,571,533,1,-1,-1,-1
125,33,295,161,276,560,1,-1,-1,-1
125,34,1668,338,692,532,1,-1,-1,-1
125,35,2413,348,97,298,1,-1,-1,-1
125,36,28,115,73,138,1,-1,-1,-1
125,37,1303,422,512,512,1,-1,-1,-1
125,38,2417,338,132,416,1,-1,-1,-1
125,39,-6,59,122,198,1,-1,-1,-1
126,5,1991,368,394,442,1,-1,-1,-1
126,6,723,508,377,583,1,-1,-1,-1
126,7,1716,458,284,612,1,-1,-1,-1
126,8,1372,426,544,604,1,-1,-1,-1
126,10,925,514,499,556,1,-1,-1,-1
126,12,1424,142,712,312,1,-1,-1,-1
126,15,922,500,492,588,1,-1,-1,-1
126,16,647,103,590,411,1,-1,-1,-1
126,18,688,516,430,583,1,-1,-1,-1
126,19,1101,417,538,670,1,-1,-1,-1
126,21,1121,334,465,213,1,-1,-1,-1
126,24,18,0,420,706,1,-1,-1,-1
126,27,361,275,660,460,1,-1,-1,-1
126,30,280,96,295,639,1,-1,-1,-1
126,31,29,79,488,636,1,-1,-1,-1
126,32,426,233,571,533,1,-1,-1,-1
126,33,295,163,276,560,1,-1,-1,-1
126,34,1652,340,727,559,1,-1,-1,-1
126,35,2410,360,92,284,1,-1,-1,-1
126,36,27,114,73,138,1,-1,-1,-1
126,37,1303,424,512,512,1,-1,-1,-1
126,38,2413,340,132,416,1,-1,-1,-1
126,39,-8,59,122,198,1,-1,-1,-1
127,5,2006,375,375,421,1,-1,-1,-1
127,6,716,507,377,583,1,-1,-1,-1
127,7,1713,458,284,612,1,-1,-1,-1
127,8,1367,435,544,604,1,-1,-1,-1
127,10,920,516,499,556,1,-1,-1,-1
127,12,1417,149,712,312,1,-1,-1,-1
127,15,907,498,492,588,1,-1,-1,-1
127,16,634,109,590,411,1,-1,-1,-1
127,18,688,520,430,583,1,-1,-1,-1
127,19,1091,425,538,670,1,-1,-1,-1
127,21,1118,335,465,213,1,-1,-1,-1
127,24,15,-8,420,706,1,-1,-1,-1
127,27,346,277,660,460,1,-1,-1,-1
127,30,283,110,295,639,1,-1,-1,-1
127,31,38,74,488,636,1,-1,-1,-1
127,32,413,233,571,533,1,-1,-1,-1
127,33,308,183,263,533,1,-1,-1,-1
127,34,1644,335,727,559,1,-1,-1,-1
127,35,2404,363,92,284,1,-1,-1,-1
127,36,26,105,73,138,1,-1,-1,-1
127,37,1305,435,488,488,1,-1,-1,-1
127,38,2409,343,132,416,1,-1,-1,-1
127,39,-7,61,116,189,1,-1,-1,-1
128,5,2009,375,375,421,1,-1,-1,-1
128,6,711,505,377,583,1,-1,-1,-1
128,7,1710,463,284,612,1,-1,-1,-1
128,8,1357,429,544,604,1,-1,-1,-1
128,10,915,515,499,556,1,-1,-1,-1
128,12,1417,147,712,312,1,-1,-1,-1
128,15,908,496,492,588,1,-1,-1,-1
128,16,636,105,590,411,1,-1,-1,-1
128,18,683,518,430,583,1,-1,-1,-1
128,19,1108,433,512,638,1,-1,-1,-1
128,21,1110,337,465,213,1,-1,-1,-1
128,24,14,-7,420,706,1,-1,-1,-1
128,27,340,270,660,460,1,-1,-1,-1
128,30,294,128,281,609,1,-1,-1,-1
128,31,33,79,488,636,1,-1,-1,-1
128,32,412,231,571,533,1,-1,-1,-1
128,33,306,176,263,533,1,-1,-1,-1
128,34,1632,325,727,559,1,-1,-1,-1
128,35,2401,361,92,284,1,-1,-1,-1
128,36,26,106,73,138,1,-1,-1,-1
128,37,1295,440,488,488,1,-1,-1,-1
128,38,2406,343,132,416,1,-1,-1,-1
128,39,-6,65,111,180,1,-1,-1,-1
129,5,2009,375,375,421,1,-1,-1,-1
129,6,711,505,377,583,1,-1,-1,-1
129,7,1672,464,308,608,1,-1,-1,-1
129,8,1357,429,544,604,1,-1,-1,-1
129,10,915,515,499,556,1,-1,-1,-1
129,12,1392,156,724,280,1,-1,-1,-1
129,15,912,500,484,596,1,-1,-1,-1
129,16,576,116,708,412,1,-1,-1,-1
129,18,692,500,404,612,1,-1,-1,-1
129,19,1192,464,420,624,1,-1,-1,-1
129,21,1110,337,465,213,1,-1,-1,-1
129,24,14,-7,420,706,1,-1,-1,-1
129,27,448,288,456,452,1,-1,-1,-1
129,30,294,128,281,609,1,-1,-1,-1
129,31,0,76,524,624,1,-1,-1,-1
129,32,412,231,571,533,1,-1,-1,-1
129,33,306,176,263,533,1,-1,-1,-1
129,34,1720,324,600,536,1,-1,-1,-1
129,35,2401,361,92,284,1,-1,-1,-1
129,36,26,106,73,138,1,-1,-1,-1
129,37,1104,372,700,456,1,-1,-1,-1
129,38,2384,336,172,428,1,-1,-1,-1
129,39,0,92,108,136,1,-1,-1,-1
129,40,76,0,312,228,1,-1,-1,-1
130,5,1998,377,375,421,1,-1,-1,-1
130,6,703,514,377,583,1,-1,-1,-1
130,7,1669,461,308,608,1,-1,-1,-1
130,8,1354,452,518,575,1,-1,-1,-1
130,10,904,520,499,556,1,-1,-1,-1
130,12,1396,157,724,280,1,-1,-1,-1
130,15,913,505,484,596,1,-1,-1,-1
130,16,587,130,674,392,1,-1,-1,-1
130,18,684,501,404,612,1,-1,-1,-1
130,19,1191,460,420,624,1,-1,-1,-1
130,21,1096,330,488,224,1,-1,-1,-1
130,24,12,-1,420,706,1,-1,-1,-1
130,27,441,285,456,452,1,-1,-1,-1
130,30,294,114,281,609,1,-1,-1,-1
130,31,-4,75,524,624,1,-1,-1,-1
130,32,386,227,571,533,1,-1,-1,-1
130,33,294,169,263,533,1,-1,-1,-1
130,34,1731,329,600,536,1,-1,-1,-1
130,35,2392,357,97,298,1,-1,-1,-1
130,36,20,96,73,138,1,-1,-1,-1
130,37,1101,367,700,456,1,-1,-1,-1
130,38,2382,337,172,428,1,-1,-1,-1
130,39,-2,91,108,136,1,-1,-1,-1
130,40,77,1,312,228,1,-1,-1,-1
131,5,1987,368,375,421,1,-1,-1,-1
131,6,690,513,377,583,1,-1,-1,-1
131,7,1668,457,308,608,1,-1,-1,-1
131,8,1342,424,544,604,1,-1,-1,-1
131,10,900,518,499,556,1,-1,-1,-1
131,12,1386,153,724,280,1,-1,-1,-1
131,15,919,520,461,568,1,-1,-1,-1
131,16,580,124,674,392,1,-1,-1,-1
131,18,676,496,404,612,1,-1,-1,-1
131,19,1185,460,420,624,1,-1,-1,-1
131,21,1091,331,488,224,1,-1,-1,-1
131,24,28,9,400,672,1,-1,-1,-1
131,27,431,279,456,452,1,-1,-1,-1
131,30,292,113,281,609,1,-1,-1,-1
131,31,-6,77,524,624,1,-1,-1,-1
131,32,386,218,571,533,1,-1,-1,-1
131,33,289,168,263,533,1,-1,-1,-1
131,34,1738,339,571,510,1,-1,-1,-1
131,35,2386,359,97,298,1,-1,-1,-1
131,37,1104,369,700,456,1,-1,-1,-1
131,38,2380,337,172,428,1,-1,-1,-1
131,39,-7,89,108,136,1,-1,-1,-1
131,40,76,0,312,228,1,-1,-1,-1
132,5,1986,364,375,421,1,-1,-1,-1
132,6,692,515,377,583,1,-1,-1,-1
132,7,1666,465,308,608,1,-1,-1,-1
132,8,1338,422,544,604,1,-1,-1,-1
132,10,905,517,499,556,1,-1,-1,-1
132,12,1369,140,760,294,1,-1,-1,-1
132,15,915,515,461,568,1,-1,-1,-1
132,16,571,126,674,392,1,-1,-1,-1
132,18,687,499,404,612,1,-1,-1,-1
132,19,1181,456,420,624,1,-1,-1,-1
132,21,1088,330,488,224,1,-1,-1,-1
132,24,22,5,400,672,1,-1,-1,-1
132,27,429,280,456,452,1,-1,-1,-1
132,30,292,114,281,609,1,-1,-1,-1
132,31,0,72,524,624,1,-1,-1,-1
132,32,399,240,544,508,1,-1,-1,-1
132,33,292,166,263,533,1,-1,-1,-1
132,34,1739,345,571,510,1,-1,-1,-1
132,35,2383,358,97,298,1,-1,-1,-1
132,37,1104,376,700,456,1,-1,-1,-1
132,38,2378,336,172,428,1,-1,-1,-1
132,39,-7,88,108,136,1,-1,-1,-1
132,40,75,0,312,228,1,-1,-1,-1
133,5,1985,361,375,421,1,-1,-1,-1
133,6,686,511,377,583,1,-1,-1,-1
133,7,1668,473,308,608,1,-1,-1,-1
133,8,1331,408,571,634,1,-1,-1,-1
133,10,897,520,499,556,1,-1,-1,-1
133,12,1373,142,760,294,1,-1,-1,-1
133,15,907,515,461,568,1,-1,-1,-1
133,16,547,119,708,412,1,-1,-1,-1
133,18,680,500,404,612,1,-1,-1,-1
133,19,1181,468,420,624,1,-1,-1,-1
133,21,1089,335,488,224,1,-1,-1,-1
133,24,-4,-17,420,706,1,-1,-1,-1
133,27,426,277,456,452,1,-1,-1,-1
133,30,276,112,281,609,1,-1,-1,-1
133,31,-7,71,524,624,1,-1,-1,-1
133,32,407,257,518,484,1,-1,-1,-1
133,33,290,166,263,533,1,-1,-1,-1
133,34,1739,332,571,510,1,-1,-1,-1
133,35,2379,359,97,298,1,-1,-1,-1
133,37,1105,376,700,456,1,-1,-1,-1
133,38,2374,335,172,428,1,-1,-1,-1
133,39,-13,88,108,136,1,-1,-1,-1
133,40,72,1,312,228,1,-1,-1,-1
134,5,1977,351,394,442,1,-1,-1,-1
134,6,682,506,377,583,1,-1,-1,-1
134,7,1660,463,308,608,1,-1,-1,-1
134,8,1331,422,544,604,1,-1,-1,-1
134,10,892,518,499,556,1,-1,-1,-1
134,12,1379,148,724,280,1,-1,-1,-1
134,15,903,519,461,568,1,-1,-1,-1
134,16,539,119,708,412,1,-1,-1,-1
134,18,667,497,404,612,1,-1,-1,-1
134,19,1177,462,420,624,1,-1,-1,-1
134,21,1088,332,488,224,1,-1,-1,-1
134,24,5,-12,420,706,1,-1,-1,-1
134,27,422,272,456,452,1,-1,-1,-1
134,30,270,108,281,609,1,-1,-1,-1
134,31,-7,72,524,624,1,-1,-1,-1
134,32,391,241,544,508,1,-1,-1,-1
134,33,290,172,250,508,1,-1,-1,-1
134,34,1732,331,571,510,1,-1,-1,-1
134,35,2374,359,97,298,1,-1,-1,-1
134,37,1105,373,667,434,1,-1,-1,-1
134,38,2371,336,172,428,1,-1,-1,-1
134,39,-19,90,108,136,1,-1,-1,-1
134,40,67,3,312,228,1,-1,-1,-1
135,5,1978,364,375,421,1,-1,-1,-1
135,6,662,495,396,612,1,-1,-1,-1
135,7,1641,447,323,638,1,-1,-1,-1
135,8,1321,434,544,604,1,-1,-1,-1
135,10,875,518,499,556,1,-1,-1,-1
135,12,1386,156,690,267,1,-1,-1,-1
135,15,879,504,484,596,1,-1,-1,-1
135,16,533,124,708,412,1,-1,-1,-1
135,18,655,495,404,612,1,-1,-1,-1
135,19,1166,462,420,624,1,-1,-1,-1
135,21,1071,331,488,224,1,-1,-1,-1
135,24,-8,-20,420,706,1,-1,-1,-1
135,27,410,274,456,452,1,-1,-1,-1
135,30,263,98,281,609,1,-1,-1,-1
135,31,-8,74,524,624,1,-1,-1,-1
135,32,380,239,544,508,1,-1,-1,-1
135,33,287,171,250,508,1,-1,-1,-1
135,34,1714,333,571,510,1,-1,-1,-1
135,35,2364,360,97,298,1,-1,-1,-1
135,37,1079,373,667,434,1,-1,-1,-1
135,38,2362,337,172,428,1,-1,-1,-1
135,39,-33,96,108,136,1,-1,-1,-1
135,40,55,5,312,228,1,-1,-1,-1
136,5,1979,374,375,421,1,-1,-1,-1
136,6,658,491,396,612,1,-1,-1,-1
136,7,1639,451,323,638,1,-1,-1,-1
136,8,1318,431,544,604,1,-1,-1,-1
136,10,873,521,499,556,1,-1,-1,-1
136,12,1390,162,657,254,1,-1,-1,-1
136,15,876,506,484,596,1,-1,-1,-1
136,16,519,116,708,412,1,-1,-1,-1
136,18,652,494,404,612,1,-1,-1,-1
136,19,1155,448,441,655,1,-1,-1,-1
136,21,1071,333,488,224,1,-1,-1,-1
136,24,-8,-14,420,706,1,-1,-1,-1
136,27,414,267,456,452,1,-1,-1,-1
136,30,253,104,281,609,1,-1,-1,-1
136,31,-9,79,524,624,1,-1,-1,-1
136,33,283,171,250,508,1,-1,-1,-1
136,34,1721,341,571,510,1,-1,-1,-1
136,35,2360,361,97,298,1,-1,-1,-1
136,37,1084,379,667,434,1,-1,-1,-1
136,38,2357,337,172,428,1,-1,-1,-1
136,39,-29,102,103,130,1,-1,-1,-1
136,40,54,4,312,228,1,-1,-1,-1
137,5,1979,374,375,421,1,-1,-1,-1
137,6,658,491,396,612,1,-1,-1,-1
137,7,1644,456,284,620,1,-1,-1,-1
137,8,1318,431,544,604,1,-1,-1,-1
137,10,873,521,499,556,1,-1,-1,-1
137,12,1390,162,657,254,1,-1,-1,-1
137,15,856,508,488,580,1,-1,-1,-1
137,16,496,96,716,404,1,-1,-1,-1
137,18,628,500,412,608,1,-1,-1,-1
137,19,1100,480,456,604,1,-1,-1,-1
137,21,1071,333,488,224,1,-1,-1,-1
137,24,0,80,492,612,1,-1,-1,-1
137,27,480,276,240,456,1,-1,-1,-1
137,30,253,104,281,609,1,-1,-1,-1
137,31,-9,79,524,624,1,-1,-1,-1
137,33,304,260,168,412,1,-1,-1,-1
137,34,1664,300,584,532,1,-1,-1,-1
137,35,2360,361,97,298,1,-1,-1,-1
137,37,1052,336,688,432,1,-1,-1,-1
137,38,2336,332,224,432,1,-1,-1,-1
137,39,-29,102,103,130,1,-1,-1,-1
137,40,20,0,336,240,1,-1,-1,-1
137,41,2504,180,52,164,1,-1,-1,-1
138,5,1943,381,375,421,1,-1,-1,-1
138,6,636,498,396,612,1,-1,-1,-1
138,7,1644,473,270,590,1,-1,-1,-1
138,8,1295,442,544,604,1,-1,-1,-1
138,10,849,524,499,556,1,-1,-1,-1
138,12,1384,164,657,254,1,-1,-1,-1
138,15,850,515,488,580,1,-1,-1,-1
138,16,477,96,716,404,1,-1,-1,-1
138,18,614,499,412,608,1,-1,-1,-1
138,19,1092,478,456,604,1,-1,-1,-1
138,21,1043,337,465,213,1,-1,-1,-1
138,24,-4,77,492,612,1,-1,-1,-1
138,27,474,277,240,456,1,-1,-1,-1
138,30,248,112,268,580,1,-1,-1,-1
138,31,-4,79,499,594,1,-1,-1,-1
138,33,298,259,168,412,1,-1,-1,-1
138,34,1652,306,584,532,1,-1,-1,-1
138,35,2338,368,92,284,1,-1,-1,-1
138,37,1065,336,655,411,1,-1,-1,-1
138,38,2328,332,224,432,1,-1,-1,-1
138,40,15,-1,336,240,1,-1,-1,-1
138,41,2499,179,52,164,1,-1,-1,-1
139,5,1905,362,394,442,1,-1,-1,-1
139,6,614,493,396,612,1,-1,-1,-1
139,7,1624,461,284,620,1,-1,-1,-1
139,8,1266,418,571,634,1,-1,-1,-1
139,10,829,523,499,556,1,-1,-1,-1
139,12,1321,158,690,267,1,-1,-1,-1
139,15,822,516,488,580,1,-1,-1,-1
139,16,458,99,716,404,1,-1,-1,-1
139,18,600,499,412,608,1,-1,-1,-1
139,19,1055,476,456,604,1,-1,-1,-1
139,21,1015,339,465,213,1,-1,-1,-1
139,24,-24,77,492,612,1,-1,-1,-1
139,27,460,289,229,434,1,-1,-1,-1
139,30,218,94,268,580,1,-1,-1,-1
139,31,-10,92,499,594,1,-1,-1,-1
139,33,288,260,168,412,1,-1,-1,-1
139,34,1645,296,584,532,1,-1,-1,-1
139,35,2314,361,97,298,1,-1,-1,-1
139,37,1027,317,688,432,1,-1,-1,-1
139,38,2313,332,224,432,1,-1,-1,-1
139,40,-5,0,336,240,1,-1,-1,-1
139,41,2486,184,50,156,1,-1,-1,-1
140,5,1901,355,394,442,1,-1,-1,-1
140,6,610,487,396,612,1,-1,-1,-1
140,7,1616,455,284,620,1,-1,-1,-1
140,8,1261,413,571,634,1,-1,-1,-1
140,10,828,519,499,556,1,-1,-1,-1
140,12,1326,158,690,267,1,-1,-1,-1
140,15,821,518,488,580,1,-1,-1,-1
140,16,460,101,716,404,1,-1,-1,-1
140,18,595,497,412,608,1,-1,-1,-1
140,19,1064,485,456,604,1,-1,-1,-1
140,21,1021,338,465,213,1,-1,-1,-1
140,24,-24,75,492,612,1,-1,-1,-1
140,27,442,278,240,456,1,-1,-1,-1
140,30,212,98,268,580,1,-1,-1,-1
140,31,-21,84,499,594,1,-1,-1,-1
140,33,282,257,168,412,1,-1,-1,-1
140,34,1654,306,556,507,1,-1,-1,-1
140,35,2312,361,97,298,1,-1,-1,-1
140,37,1044,329,655,411,1,-1,-1,-1
140,38,2309,332,224,432,1,-1,-1,-1
140,40,1,6,320,229,1,-1,-1,-1
140,41,2480,184,50,156,1,-1,-1,-1
141,5,1910,367,375,421,1,-1,-1,-1
141,6,599,492,396,612,1,-1,-1,-1
141,7,1599,456,284,620,1,-1,-1,-1
141,8,1250,418,571,634,1,-1,-1,-1
141,10,810,517,499,556,1,-1,-1,-1
141,12,1288,151,724,280,1,-1,-1,-1
141,15,810,512,488,580,1,-1,-1,-1
141,16,451,116,682,385,1,-1,-1,-1
141,18,586,502,412,608,1,-1,-1,-1
141,19,1052,480,456,604,1,-1,-1,-1
141,21,1025,342,443,203,1,-1,-1,-1
141,24,-23,96,469,583,1,-1,-1,-1
141,27,412,278,240,456,1,-1,-1,-1
141,30,199,103,268,580,1,-1,-1,-1
141,31,-27,78,499,594,1,-1,-1,-1
141,33,275,263,168,412,1,-1,-1,-1
141,34,1644,309,556,507,1,-1,-1,-1
141,35,2298,362,97,298,1,-1,-1,-1
141,37,1018,326,655,411,1,-1,-1,-1
141,38,2293,332,224,432,1,-1,-1,-1
141,40,-12,10,320,229,1,-1,-1,-1
141,41,2467,184,50,156,1,-1,-1,-1
142,5,1898,343,375,421,1,-1,-1,-1
142,6,585,486,396,612,1,-1,-1,-1
142,7,1596,460,284,620,1,-1,-1,-1
142,8,1238,416,571,634,1,-1,-1,-1
142,10,806,521,499,556,1,-1,-1,-1
142,12,1296,145,724,280,1,-1,-1,-1
142,15,795,515,488,580,1,-1,-1,-1
142,16,442,112,682,385,1,-1,-1,-1
142,18,569,499,412,608,1,-1,-1,-1
142,19,1048,497,434,575,1,-1,-1,-1
142,21,1014,340,443,203,1,-1,-1,-1
142,24,-48,77,492,612,1,-1,-1,-1
142,27,404,289,240,456,1,-1,-1,-1
142,30,195,104,268,580,1,-1,-1,-1
142,31,-37,83,499,594,1,-1,-1,-1
142,33,257,258,168,412,1,-1,-1,-1
142,34,1649,319,530,483,1,-1,-1,-1
142,35,2291,360,97,298,1,-1,-1,-1
142,37,1003,321,688,432,1,-1,-1,-1
142,38,2288,331,224,432,1,-1,-1,-1
142,40,-16,5,320,229,1,-1,-1,-1
142,41,2454,180,52,164,1,-1,-1,-1
143,5,1901,354,357,401,1,-1,-1,-1
143,6,578,501,377,583,1,-1,-1,-1
143,7,1587,454,284,620,1,-1,-1,-1
143,8,1201,400,600,666,1,-1,-1,-1
143,10,783,522,499,556,1,-1,-1,-1
143,12,1256,155,690,267,1,-1,-1,-1
143,15,773,497,512,609,1,-1,-1,-1
143,16,433,115,682,385,1,-1,-1,-1
143,18,562,519,392,579,1,-1,-1,-1
143,19,1040,494,434,575,1,-1,-1,-1
143,21,976,338,465,213,1,-1,-1,-1
143,24,-55,75,492,612,1,-1,-1,-1
143,27,392,272,252,479,1,-1,-1,-1
143,30,171,94,268,580,1,-1,-1,-1
143,31,-42,90,499,594,1,-1,-1,-1
143,33,249,259,168,412,1,-1,-1,-1
143,34,1633,313,530,483,1,-1,-1,-1
143,35,2275,361,97,298,1,-1,-1,-1
143,37,975,322,688,432,1,-1,-1,-1
143,38,2272,328,224,432,1,-1,-1,-1
143,40,-31,6,320,229,1,-1,-1,-1
143,41,2440,179,52,164,1,-1,-1,-1
144,5,1902,364,357,401,1,-1,-1,-1
144,6,582,510,377,583,1,-1,-1,-1
144,7,1581,453,284,620,1,-1,-1,-1
144,8,1196,390,600,666,1,-1,-1,-1
144,10,786,519,499,556,1,-1,-1,-1
144,12,1249,149,724,280,1,-1,-1,-1
144,15,770,495,512,609,1,-1,-1,-1
144,16,420,112,682,385,1,-1,-1,-1
144,18,561,511,392,579,1,-1,-1,-1
144,19,1026,480,456,604,1,-1,-1,-1
144,21,984,336,465,213,1,-1,-1,-1
144,24,-59,83,492,612,1,-1,-1,-1
144,27,394,266,240,456,1,-1,-1,-1
144,30,168,97,268,580,1,-1,-1,-1
144,31,-47,77,499,594,1,-1,-1,-1
144,33,248,257,168,412,1,-1,-1,-1
144,34,1634,315,530,483,1,-1,-1,-1
144,35,2273,359,97,298,1,-1,-1,-1
144,37,970,321,688,432,1,-1,-1,-1
144,38,2269,329,224,432,1,-1,-1,-1
144,40,-35,8,320,229,1,-1,-1,-1
144,41,2437,178,52,164,1,-1,-1,-1
145,5,1902,364,357,401,1,-1,-1,-1
145,6,582,510,377,583,1,-1,-1,-1
145,7,1564,452,276,616,1,-1,-1,-1
145,8,1196,390,600,666,1,-1,-1,-1
145,10,786,519,499,556,1,-1,-1,-1
145,12,1256,232,712,160,1,-1,-1,-1
145,15,780,500,480,592,1,-1,-1,-1
145,16,468,124,672,368,1,-1,-1,-1
145,18,556,504,396,608,1,-1,-1,-1
145,19,1032,456,444,628,1,-1,-1,-1
145,21,984,336,465,213,1,-1,-1,-1
145,24,0,104,428,552,1,-1,-1,-1
145,27,394,266,240,456,1,-1,-1,-1
145,30,168,97,268,580,1,-1,-1,-1
145,31,-47,77,499,594,1,-1,-1,-1
145,33,248,257,168,412,1,-1,-1,-1
145,34,1612,272,580,560,1,-1,-1,-1
145,35,2273,359,97,298,1,-1,-1,-1
145,37,948,296,752,456,1,-1,-1,-1
145,38,2260,332,300,432,1,-1,-1,-1
145,40,-35,8,320,229,1,-1,-1,-1
145,41,2437,178,52,164,1,-1,-1,-1
145,42,2424,144,136,208,1,-1,-1,-1
145,43,376,352,340,516,1,-1,-1,-1
146,5,1890,347,357,401,1,-1,-1,-1
146,6,570,514,377,583,1,-1,-1,-1
146,7,1562,448,276,616,1,-1,-1,-1
146,8,1186,393,600,666,1,-1,-1,-1
146,10,771,519,499,556,1,-1,-1,-1
146,12,1254,232,712,160,1,-1,-1,-1
146,15,776,501,480,592,1,-1,-1,-1
146,16,464,126,672,368,1,-1,-1,-1
146,18,557,504,396,608,1,-1,-1,-1
146,19,1038,453,444,628,1,-1,-1,-1
146,21,961,335,465,213,1,-1,-1,-1
146,24,-8,104,428,552,1,-1,-1,-1
146,30,156,90,268,580,1,-1,-1,-1
146,31,-53,86,499,594,1,-1,-1,-1
146,33,241,254,168,412,1,-1,-1,-1
146,34,1605,274,580,560,1,-1,-1,-1
146,37,947,298,752,456,1,-1,-1,-1
146,38,2256,331,300,432,1,-1,-1,-1
146,41,2426,183,50,156,1,-1,-1,-1
146,42,2422,144,136,208,1,-1,-1,-1
146,43,384,368,324,491,1,-1,-1,-1
147,6,558,509,377,583,1,-1,-1,-1
147,7,1561,459,276,616,1,-1,-1,-1
147,8,1191,394,600,666,1,-1,-1,-1
147,10,764,519,499,556,1,-1,-1,-1
147,12,1256,231,712,160,1,-1,-1,-1
147,15,770,501,480,592,1,-1,-1,-1
147,16,457,122,672,368,1,-1,-1,-1
147,18,544,498,396,608,1,-1,-1,-1
147,19,1032,451,444,628,1,-1,-1,-1
147,21,960,334,465,213,1,-1,-1,-1
147,24,-8,103,428,552,1,-1,-1,-1
147,30,154,86,268,580,1,-1,-1,-1
147,31,-47,88,499,594,1,-1,-1,-1
147,33,233,237,176,433,1,-1,-1,-1
147,34,1616,283,552,533,1,-1,-1,-1
147,37,926,291,752,456,1,-1,-1,-1
147,38,2254,331,300,432,1,-1,-1,-1
147,41,2418,181,50,156,1,-1,-1,-1
147,42,2418,143,136,208,1,-1,-1,-1
147,43,382,377,324,491,1,-1,-1,-1
148,6,556,510,377,583,1,-1,-1,-1
148,7,1555,456,276,616,1,-1,-1,-1
148,8,1174,392,600,666,1,-1,-1,-1
148,10,764,519,499,556,1,-1,-1,-1
148,12,1249,226,748,168,1,-1,-1,-1
148,15,764,497,480,592,1,-1,-1,-1
148,16,449,128,672,368,1,-1,-1,-1
148,18,546,502,396,608,1,-1,-1,-1
148,19,1038,461,423,598,1,-1,-1,-1
148,21,958,338,465,213,1,-1,-1,-1
148,24,-9,102,428,552,1,-1,-1,-1
148,30,155,87,268,580,1,-1,-1,-1
148,31,-46,93,475,566,1,-1,-1,-1
148,33,233,240,168,412,1,-1,-1,-1
148,34,1615,275,552,533,1,-1,-1,-1
148,37,932,295,752,456,1,-1,-1,-1
148,38,2253,330,300,432,1,-1,-1,-1
148,41,2416,177,52,164,1,-1,-1,-1
148,42,2417,142,136,208,1,-1,-1,-1
148,43,376,379,324,491,1,-1,-1,-1
149,6,556,507,377,583,1,-1,-1,-1
149,7,1560,467,263,587,1,-1,-1,-1
149,8,1191,408,571,634,1,-1,-1,-1
149,10,759,518,499,556,1,-1,-1,-1
149,12,1272,233,712,160,1,-1,-1,-1
149,15,747,479,504,622,1,-1,-1,-1
149,16,464,132,640,350,1,-1,-1,-1
149,18,542,500,396,608,1,-1,-1,-1
149,19,1025,450,444,628,1,-1,-1,-1
149,21,937,329,488,224,1,-1,-1,-1
149,24,-11,101,428,552,1,-1,-1,-1
149,31,-31,99,453,539,1,-1,-1,-1
149,33,229,249,168,412,1,-1,-1,-1
149,34,1611,282,552,533,1,-1,-1,-1
149,37,947,309,716,434,1,-1,-1,-1
149,38,2249,330,300,432,1,-1,-1,-1
149,41,2414,177,52,164,1,-1,-1,-1
149,42,2415,141,136,208,1,-1,-1,-1
149,43,365,359,340,516,1,-1,-1,-1
150,6,553,509,377,583,1,-1,-1,-1
150,7,1569,481,250,559,1,-1,-1,-1
150,8,1193,416,571,634,1,-1,-1,-1
150,10,755,518,499,556,1,-1,-1,-1
150,12,1260,234,712,160,1,-1,-1,-1
150,15,743,484,504,622,1,-1,-1,-1
150,16,453,132,640,350,1,-1,-1,-1
150,18,534,498,396,608,1,-1,-1,-1
150,19,1024,455,444,628,1,-1,-1,-1
150,21,926,324,512,235,1,-1,-1,-1
150,24,-17,100,428,552,1,-1,-1,-1
150,31,-33,86,475,566,1,-1,-1,-1
150,33,227,244,168,412,1,-1,-1,-1
150,34,1620,291,526,508,1,-1,-1,-1
150,37,935,299,752,456,1,-1,-1,-1
150,38,2247,330,300,432,1,-1,-1,-1
150,41,2410,174,55,172,1,-1,-1,-1
150,42,2411,143,136,208,1,-1,-1,-1
150,43,362,351,340,516,1,-1,-1,-1
151,6,548,505,377,583,1,-1,-1,-1
151,7,1560,470,263,587,1,-1,-1,-1
151,8,1196,425,571,634,1,-1,-1,-1
151,10,754,517,499,556,1,-1,-1,-1
151,12,1237,230,748,168,1,-1,-1,-1
151,15,744,485,504,622,1,-1,-1,-1
151,16,467,136,610,334,1,-1,-1,-1
151,18,529,503,396,608,1,-1,-1,-1
151,19,1022,454,444,628,1,-1,-1,-1
151,21,936,329,488,224,1,-1,-1,-1
151,24,-13,100,428,552,1,-1,-1,-1
151,31,-53,79,475,566,1,-1,-1,-1
151,33,220,236,168,412,1,-1,-1,-1
151,34,1617,286,526,508,1,-1,-1,-1
151,37,914,290,752,456,1,-1,-1,-1
151,38,2247,330,300,432,1,-1,-1,-1
151,41,2407,173,55,172,1,-1,-1,-1
151,42,2409,141,136,208,1,-1,-1,-1
151,43,350,325,357,542,1,-1,-1,-1
152,6,557,517,359,555,1,-1,-1,-1
152,7,1543,453,276,616,1,-1,-1,-1
152,8,1195,428,571,634,1,-1,-1,-1
152,10,757,518,499,556,1,-1,-1,-1
152,12,1226,225,785,176,1,-1,-1,-1
152,15,746,479,504,622,1,-1,-1,-1
152,16,467,134,610,334,1,-1,-1,-1
152,18,529,501,396,608,1,-1,-1,-1
152,19,1022,451,444,628,1,-1,-1,-1
152,21,948,334,465,213,1,-1,-1,-1
152,24,-17,103,428,552,1,-1,-1,-1
152,31,-55,65,499,594,1,-1,-1,-1
152,33,219,244,168,412,1,-1,-1,-1
152,34,1622,288,526,508,1,-1,-1,-1
152,37,926,289,752,456,1,-1,-1,-1
152,38,2246,330,300,432,1,-1,-1,-1
152,41,2407,176,52,164,1,-1,-1,-1
152,42,2409,140,136,208,1,-1,-1,-1
152,43,345,334,357,542,1,-1,-1,-1
153,6,556,492,388,612,1,-1,-1,-1
153,7,1532,464,292,604,1,-1,-1,-1
153,8,1195,428,571,634,1,-1,-1,-1
153,10,757,518,499,556,1,-1,-1,-1
153,12,1236,216,716,180,1,-1,-1,-1
153,15,764,500,488,592,1,-1,-1,-1
153,16,528,152,560,384,1,-1,-1,-1
153,18,529,501,396,608,1,-1,-1,-1
153,19,988,456,468,632,1,-1,-1,-1
153,21,948,334,465,213,1,-1,-1,-1
153,24,0,136,412,520,1,-1,-1,-1
153,31,-55,65,499,594,1,-1,-1,-1
153,33,219,244,168,412,1,-1,-1,-1
153,34,1580,216,692,616,1,-1,-1,-1
153,37,1096,308,516,348,1,-1,-1,-1
153,38,2284,332,276,432,1,-1,-1,-1
153,41,2407,176,52,164,1,-1,-1,-1
153,42,2408,136,152,212,1,-1,-1,-1
153,43,344,344,340,520,1,-1,-1,-1
153,44,0,48,184,192,1,-1,-1,-1
154,6,556,488,388,612,1,-1,-1,-1
154,7,1530,459,292,604,1,-1,-1,-1
154,8,1195,420,571,634,1,-1,-1,-1
154,10,753,516,499,556,1,-1,-1,-1
154,12,1241,217,716,180,1,-1,-1,-1
154,15,762,498,488,592,1,-1,-1,-1
154,16,527,154,560,384,1,-1,-1,-1
154,18,533,498,396,608,1,-1,-1,-1
154,19,988,460,468,632,1,-1,-1,-1
154,24,1,138,412,520,1,-1,-1,-1
154,31,-35,68,499,594,1,-1,-1,-1
154,33,217,245,168,412,1,-1,-1,-1
154,34,1580,214,692,616,1,-1,-1,-1
154,37,1097,311,516,348,1,-1,-1,-1
154,38,2285,334,276,432,1,-1,-1,-1
154,41,2407,177,52,164,1,-1,-1,-1
154,42,2408,136,152,212,1,-1,-1,-1
154,43,347,339,340,520,1,-1,-1,-1
154,44,0,49,184,192,1,-1,-1,-1
155,6,556,485,388,612,1,-1,-1,-1
155,7,1530,460,292,604,1,-1,-1,-1
155,8,1195,422,571,634,1,-1,-1,-1
155,10,748,502,524,584,1,-1,-1,-1
155,12,1246,217,716,180,1,-1,-1,-1
155,15,762,500,488,592,1,-1,-1,-1
155,16,526,151,560,384,1,-1,-1,-1
155,18,536,494,396,608,1,-1,-1,-1
155,19,986,454,468,632,1,-1,-1,-1
155,24,4,138,412,520,1,-1,-1,-1
155,31,-40,81,499,594,1,-1,-1,-1
155,33,213,242,168,412,1,-1,-1,-1
155,34,1582,206,692,616,1,-1,-1,-1
155,37,1103,309,516,348,1,-1,-1,-1
155,38,2284,334,276,432,1,-1,-1,-1
155,41,2407,177,52,164,1,-1,-1,-1
155,42,2409,137,152,212,1,-1,-1,-1
155,43,351,336,340,520,1,-1,-1,-1
155,44,-4,45,193,202,1,-1,-1,-1
156,6,557,487,388,612,1,-1,-1,-1
156,7,1523,439,307,634,1,-1,-1,-1
156,8,1191,419,571,634,1,-1,-1,-1
156,10,750,522,499,556,1,-1,-1,-1
156,12,1262,221,682,171,1,-1,-1,-1
156,15,773,509,488,592,1,-1,-1,-1
156,16,523,148,560,384,1,-1,-1,-1
156,18,540,495,396,608,1,-1,-1,-1
156,19,990,457,468,632,1,-1,-1,-1
156,24,5,138,412,520,1,-1,-1,-1
156,31,-46,79,499,594,1,-1,-1,-1
156,33,211,245,168,412,1,-1,-1,-1
156,34,1584,205,692,616,1,-1,-1,-1
156,37,1110,311,491,331,1,-1,-1,-1
156,38,2284,332,276,432,1,-1,-1,-1
156,41,2406,173,55,172,1,-1,-1,-1
156,42,2409,137,152,212,1,-1,-1,-1
156,43,352,337,340,520,1,-1,-1,-1
156,44,-3,46,193,202,1,-1,-1,-1
157,6,557,489,388,612,1,-1,-1,-1
157,7,1524,433,307,634,1,-1,-1,-1
157,8,1208,439,544,604,1,-1,-1,-1
157,10,754,524,499,556,1,-1,-1,-1
157,12,1261,219,682,171,1,-1,-1,-1
157,15,767,507,488,592,1,-1,-1,-1
157,16,527,149,560,384,1,-1,-1,-1
157,18,538,499,396,608,1,-1,-1,-1
157,19,992,450,468,632,1,-1,-1,-1
157,24,-5,119,433,546,1,-1,-1,-1
157,31,-45,80,499,594,1,-1,-1,-1
157,33,214,256,160,392,1,-1,-1,-1
157,34,1584,202,692,616,1,-1,-1,-1
157,37,1130,322,468,316,1,-1,-1,-1
157,38,2284,333,276,432,1,-1,-1,-1
157,41,2405,174,55,172,1,-1,-1,-1
157,42,2409,137,152,212,1,-1,-1,-1
157,43,359,336,340,520,1,-1,-1,-1
157,44,-2,45,193,202,1,-1,-1,-1
158,6,561,485,388,612,1,-1,-1,-1
158,7,1521,441,307,634,1,-1,-1,-1
158,8,1207,445,544,604,1,-1,-1,-1
158,10,752,517,499,556,1,-1,-1,-1
158,12,1259,216,682,171,1,-1,-1,-1
158,15,765,498,488,592,1,-1,-1,-1
158,16,540,153,533,366,1,-1,-1,-1
158,18,534,491,396,608,1,-1,-1,-1
158,19,985,451,468,632,1,-1,-1,-1
158,24,-6,115,433,546,1,-1,-1,-1
158,31,-43,77,499,594,1,-1,-1,-1
158,33,213,244,168,412,1,-1,-1,-1
158,34,1589,210,692,616,1,-1,-1,-1
158,37,1111,312,491,331,1,-1,-1,-1
158,38,2292,343,263,411,1,-1,-1,-1
158,41,2405,172,55,172,1,-1,-1,-1
158,42,2409,136,152,212,1,-1,-1,-1
158,43,365,330,340,520,1,-1,-1,-1
158,44,-3,43,193,202,1,-1,-1,-1
159,6,560,489,388,612,1,-1,-1,-1
159,7,1521,436,307,634,1,-1,-1,-1
159,8,1212,440,544,604,1,-1,-1,-1
159,10,762,538,475,530,1,-1,-1,-1
159,12,1253,211,682,171,1,-1,-1,-1
159,15,763,494,488,592,1,-1,-1,-1
159,16,529,156,533,366,1,-1,-1,-1
159,18,539,488,396,608,1,-1,-1,-1
159,19,986,450,468,632,1,-1,-1,-1
159,24,2,133,412,520,1,-1,-1,-1
159,31,-27,95,475,566,1,-1,-1,-1
159,33,209,229,176,433,1,-1,-1,-1
159,34,1591,205,692,616,1,-1,-1,-1
159,37,1112,308,491,331,1,-1,-1,-1
159,38,2291,345,263,411,1,-1,-1,-1
159,41,2407,176,52,164,1,-1,-1,-1
159,42,2408,135,152,212,1,-1,-1,-1
159,43,356,325,357,546,1,-1,-1,-1
159,44,-7,43,193,202,1,-1,-1,-1
160,6,562,487,388,612,1,-1,-1,-1
160,7,1512,418,322,666,1,-1,-1,-1
160,8,1202,436,544,604,1,-1,-1,-1
160,10,760,534,475,530,1,-1,-1,-1
160,12,1276,216,649,163,1,-1,-1,-1
160,15,762,500,488,592,1,-1,-1,-1
160,16,541,163,508,348,1,-1,-1,-1
160,18,535,497,396,608,1,-1,-1,-1
160,19,995,471,446,602,1,-1,-1,-1
160,24,4,138,412,520,1,-1,-1,-1
160,31,-24,105,475,566,1,-1,-1,-1
160,33,210,229,176,433,1,-1,-1,-1
160,34,1592,202,692,616,1,-1,-1,-1
160,37,1129,319,468,316,1,-1,-1,-1
160,38,2291,347,263,411,1,-1,-1,-1
160,41,2407,177,52,164,1,-1,-1,-1
160,42,2407,136,152,212,1,-1,-1,-1
160,43,356,325,357,546,1,-1,-1,-1
160,44,-9,44,193,202,1,-1,-1,-1
161,6,556,496,392,608,1,-1,-1,-1
161,7,1512,418,322,666,1,-1,-1,-1
161,8,1202,436,544,604,1,-1,-1,-1
161,10,760,534,475,530,1,-1,-1,-1
161,12,1276,216,649,163,1,-1,-1,-1
161,15,764,500,480,588,1,-1,-1,-1
161,16,592,160,456,356,1,-1,-1,-1
161,18,535,497,396,608,1,-1,-1,-1
161,19,984,468,476,600,1,-1,-1,-1
161,24,0,132,408,524,1,-1,-1,-1
161,31,-24,105,475,566,1,-1,-1,-1
161,33,210,229,176,433,1,-1,-1,-1
161,34,1528,328,784,740,1,-1,-1,-1
161,37,1129,319,468,316,1,-1,-1,-1
161,38,2292,328,268,432,1,-1,-1,-1
161,41,2407,177,52,164,1,-1,-1,-1
161,42,2412,136,144,212,1,-1,-1,-1
161,43,356,325,357,546,1,-1,-1,-1
161,44,-9,44,193,202,1,-1,-1,-1
161,45,932,260,628,504,1,-1,-1,-1
161,46,396,296,376,576,1,-1,-1,-1
161,47,0,44,156,200,1,-1,-1,-1
161,48,0,0,168,116,1,-1,-1,-1
161,49,140,0,244,236,1,-1,-1,-1
162,6,555,495,392,608,1,-1,-1,-1
162,7,1524,429,307,634,1,-1,-1,-1
162,8,1203,436,544,604,1,-1,-1,-1
162,10,750,523,499,556,1,-1,-1,-1
162,12,1286,222,649,163,1,-1,-1,-1
162,15,761,500,480,588,1,-1,-1,-1
162,16,597,159,456,356,1,-1,-1,-1
162,18,536,494,396,608,1,-1,-1,-1
162,19,989,467,476,600,1,-1,-1,-1
162,24,0,129,408,524,1,-1,-1,-1
162,31,-26,102,475,566,1,-1,-1,-1
162,33,209,229,176,433,1,-1,-1,-1
162,34,1528,334,784,740,1,-1,-1,-1
162,37,1121,317,468,316,1,-1,-1,-1
162,38,2292,330,268,432,1,-1,-1,-1
162,41,2406,178,52,164,1,-1,-1,-1
162,42,2412,137,144,212,1,-1,-1,-1
162,43,349,304,375,573,1,-1,-1,-1
162,44,-10,41,193,202,1,-1,-1,-1
162,45,932,255,628,504,1,-1,-1,-1
162,46,403,296,376,576,1,-1,-1,-1
162,47,1,43,156,200,1,-1,-1,-1
162,48,-1,0,168,116,1,-1,-1,-1
162,49,144,-2,244,236,1,-1,-1,-1
