1,0,1556,468,108,172,1,-1,-1,-1
1,1,1456,560,76,156,1,-1,-1,-1
1,2,848,544,84,160,1,-1,-1,-1
1,3,292,500,160,208,1,-1,-1,-1
1,4,1088,544,48,140,1,-1,-1,-1
1,5,1924,536,72,184,1,-1,-1,-1
2,0,1552,466,108,172,1,-1,-1,-1
2,1,1452,557,76,156,1,-1,-1,-1
2,2,853,543,84,160,1,-1,-1,-1
2,3,288,499,160,208,1,-1,-1,-1
2,4,1084,540,50,147,1,-1,-1,-1
2,5,1921,535,72,184,1,-1,-1,-1
3,0,1549,464,108,172,1,-1,-1,-1
3,1,1443,553,76,156,1,-1,-1,-1
3,2,855,542,84,160,1,-1,-1,-1
3,3,284,498,160,208,1,-1,-1,-1
3,4,1080,539,50,147,1,-1,-1,-1
3,5,1915,534,72,184,1,-1,-1,-1
4,0,1546,466,108,172,1,-1,-1,-1
4,1,1440,548,76,156,1,-1,-1,-1
4,3,279,496,160,208,1,-1,-1,-1
4,4,1076,538,50,147,1,-1,-1,-1
4,5,1912,532,72,184,1,-1,-1,-1
5,0,1537,462,108,172,1,-1,-1,-1
5,1,1433,543,80,164,1,-1,-1,-1
5,3,275,495,160,208,1,-1,-1,-1
5,4,1071,536,50,147,1,-1,-1,-1
5,5,1904,531,72,184,1,-1,-1,-1
6,0,1534,460,108,172,1,-1,-1,-1
6,1,1427,542,80,164,1,-1,-1,-1
6,3,271,494,160,208,1,-1,-1,-1
6,4,1066,535,50,147,1,-1,-1,-1
6,5,1900,532,72,184,1,-1,-1,-1
7,0,1530,458,108,172,1,-1,-1,-1
7,1,1421,540,80,164,1,-1,-1,-1
7,3,266,492,160,208,1,-1,-1,-1
7,4,1062,533,50,147,1,-1,-1,-1
8,0,1522,454,113,181,1,-1,-1,-1
8,3,260,492,160,208,1,-1,-1,-1
8,4,1057,533,50,147,1,-1,-1,-1
9,0,1520,456,108,176,1,-1,-1,-1
9,3,256,492,156,204,1,-1,-1,-1
9,4,1052,528,52,148,1,-1,-1,-1
9,6,1404,520,68,184,1,-1,-1,-1
9,7,1784,500,136,196,1,-1,-1,-1
9,8,888,520,76,160,1,-1,-1,-1
10,0,1518,457,108,176,1,-1,-1,-1
10,3,253,491,156,204,1,-1,-1,-1
10,4,1050,527,52,148,1,-1,-1,-1
10,6,1400,518,68,184,1,-1,-1,-1
10,7,1781,499,136,196,1,-1,-1,-1
10,8,889,519,76,160,1,-1,-1,-1
11,0,1513,456,108,176,1,-1,-1,-1
11,3,249,491,156,204,1,-1,-1,-1
11,4,1047,526,52,148,1,-1,-1,-1
11,6,1395,516,68,184,1,-1,-1,-1
11,7,1776,499,136,196,1,-1,-1,-1
11,8,889,518,76,160,1,-1,-1,-1
12,0,1507,456,108,176,1,-1,-1,-1
12,3,245,490,156,204,1,-1,-1,-1
12,4,1042,526,52,148,1,-1,-1,-1
12,7,1772,498,136,196,1,-1,-1,-1
13,0,1503,454,108,176,1,-1,-1,-1
13,3,242,490,156,204,1,-1,-1,-1
13,4,1037,525,52,148,1,-1,-1,-1
13,7,1769,498,136,196,1,-1,-1,-1
14,0,1500,454,108,176,1,-1,-1,-1
14,3,237,491,156,204,1,-1,-1,-1
14,4,1034,529,50,141,1,-1,-1,-1
14,7,1764,497,136,196,1,-1,-1,-1
15,0,1495,453,108,176,1,-1,-1,-1
15,3,234,490,156,204,1,-1,-1,-1
15,4,1028,525,52,148,1,-1,-1,-1
15,7,1760,496,136,196,1,-1,-1,-1
16,0,1492,453,108,176,1,-1,-1,-1
16,3,229,490,156,204,1,-1,-1,-1
16,4,1025,527,52,148,1,-1,-1,-1
16,7,1756,497,136,196,1,-1,-1,-1
17,0,1492,453,108,176,1,-1,-1,-1
17,3,229,490,156,204,1,-1,-1,-1
17,4,1025,527,52,148,1,-1,-1,-1
17,7,1756,497,136,196,1,-1,-1,-1
18,0,1485,452,108,176,1,-1,-1,-1
18,3,222,490,156,204,1,-1,-1,-1
18,4,1011,526,52,148,1,-1,-1,-1
18,7,1748,496,136,196,1,-1,-1,-1
19,0,1482,451,108,176,1,-1,-1,-1
19,3,219,490,156,204,1,-1,-1,-1
19,4,1006,525,52,148,1,-1,-1,-1
19,7,1746,495,136,196,1,-1,-1,-1
20,0,1479,451,108,176,1,-1,-1,-1
20,3,217,490,156,204,1,-1,-1,-1
20,7,1743,492,136,196,1,-1,-1,-1
21,0,1475,450,108,176,1,-1,-1,-1
21,3,214,489,156,204,1,-1,-1,-1
21,7,1738,491,136,196,1,-1,-1,-1
22,0,1472,450,108,176,1,-1,-1,-1
22,3,211,489,156,204,1,-1,-1,-1
22,7,1736,490,136,196,1,-1,-1,-1
23,0,1470,449,108,176,1,-1,-1,-1
23,3,209,488,156,204,1,-1,-1,-1
23,7,1734,488,136,196,1,-1,-1,-1
24,0,1469,448,108,176,1,-1,-1,-1
24,3,204,484,164,214,1,-1,-1,-1
24,7,1733,488,136,196,1,-1,-1,-1
25,0,1460,440,108,168,1,-1,-1,-1
25,3,204,484,164,214,1,-1,-1,-1
25,7,1728,500,128,176,1,-1,-1,-1
25,9,1320,528,80,148,1,-1,-1,-1
26,0,1459,440,108,168,1,-1,-1,-1
26,3,200,482,164,214,1,-1,-1,-1
26,7,1726,500,128,176,1,-1,-1,-1
26,9,1318,526,80,148,1,-1,-1,-1
27,0,1457,440,108,168,1,-1,-1,-1
27,3,202,486,156,204,1,-1,-1,-1
27,7,1723,503,128,176,1,-1,-1,-1
27,9,1313,522,84,155,1,-1,-1,-1
28,0,1459,443,103,160,1,-1,-1,-1
28,3,199,486,156,204,1,-1,-1,-1
28,7,1721,505,128,176,1,-1,-1,-1
28,9,1308,525,84,155,1,-1,-1,-1
29,0,1457,443,103,160,1,-1,-1,-1
29,3,197,486,156,204,1,-1,-1,-1
29,7,1717,506,128,176,1,-1,-1,-1
30,0,1455,442,103,160,1,-1,-1,-1
30,3,194,487,156,204,1,-1,-1,-1
30,7,1714,506,128,176,1,-1,-1,-1
31,0,1453,442,103,160,1,-1,-1,-1
31,3,192,487,156,204,1,-1,-1,-1
31,7,1711,504,128,176,1,-1,-1,-1
32,0,1447,437,108,168,1,-1,-1,-1
32,3,190,486,156,204,1,-1,-1,-1
32,7,1709,503,128,176,1,-1,-1,-1
33,0,1448,436,108,180,1,-1,-1,-1
33,3,184,488,160,200,1,-1,-1,-1
33,7,1712,492,112,176,1,-1,-1,-1
33,10,940,524,116,132,1,-1,-1,-1
33,11,1260,524,76,140,1,-1,-1,-1
33,12,880,504,56,152,1,-1,-1,-1
34,0,1447,436,108,180,1,-1,-1,-1
34,3,182,488,160,200,1,-1,-1,-1
34,7,1710,491,112,176,1,-1,-1,-1
34,10,937,522,116,132,1,-1,-1,-1
34,11,1252,524,76,140,1,-1,-1,-1
34,12,879,505,56,152,1,-1,-1,-1
35,0,1446,435,108,180,1,-1,-1,-1
35,3,182,489,160,200,1,-1,-1,-1
35,7,1704,492,112,176,1,-1,-1,-1
35,10,932,520,116,132,1,-1,-1,-1
35,12,878,506,56,152,1,-1,-1,-1
36,0,1444,434,108,180,1,-1,-1,-1
36,3,180,489,160,200,1,-1,-1,-1
36,7,1698,491,112,176,1,-1,-1,-1
36,10,934,522,110,126,1,-1,-1,-1
36,12,877,506,56,152,1,-1,-1,-1
37,0,1442,435,108,180,1,-1,-1,-1
37,3,178,490,160,200,1,-1,-1,-1
37,7,1689,488,118,185,1,-1,-1,-1
37,10,929,522,110,126,1,-1,-1,-1
37,12,875,505,56,152,1,-1,-1,-1
38,0,1438,432,113,189,1,-1,-1,-1
38,3,178,491,160,200,1,-1,-1,-1
38,7,1681,488,118,185,1,-1,-1,-1
38,10,928,522,110,126,1,-1,-1,-1
39,0,1442,437,108,180,1,-1,-1,-1
39,3,179,492,160,200,1,-1,-1,-1
39,10,931,526,110,126,1,-1,-1,-1
40,0,1442,437,108,180,1,-1,-1,-1
40,3,180,492,160,200,1,-1,-1,-1
41,0,1444,436,108,172,1,-1,-1,-1
41,3,188,488,160,212,1,-1,-1,-1
41,13,1216,520,68,148,1,-1,-1,-1
41,14,1636,528,100,140,1,-1,-1,-1
41,15,932,536,72,128,1,-1,-1,-1
41,16,1716,488,60,160,1,-1,-1,-1
42,0,1448,440,103,164,1,-1,-1,-1
42,3,189,489,160,212,1,-1,-1,-1
42,13,1215,521,68,148,1,-1,-1,-1
42,14,1633,528,100,140,1,-1,-1,-1
42,15,930,536,72,128,1,-1,-1,-1
42,16,1716,488,60,160,1,-1,-1,-1
43,0,1451,439,103,164,1,-1,-1,-1
43,3,195,490,160,212,1,-1,-1,-1
43,13,1214,523,68,148,1,-1,-1,-1
43,14,1633,527,100,140,1,-1,-1,-1
43,15,931,537,72,128,1,-1,-1,-1
43,16,1718,488,60,160,1,-1,-1,-1
44,0,1455,440,103,164,1,-1,-1,-1
44,3,202,496,152,202,1,-1,-1,-1
44,13,1212,513,71,155,1,-1,-1,-1
44,14,1631,525,100,140,1,-1,-1,-1
44,16,1722,488,60,160,1,-1,-1,-1
45,0,1458,438,103,164,1,-1,-1,-1
45,3,205,496,152,202,1,-1,-1,-1
45,13,1210,512,71,155,1,-1,-1,-1
45,14,1627,525,100,140,1,-1,-1,-1
45,16,1726,487,60,160,1,-1,-1,-1
46,0,1461,438,103,164,1,-1,-1,-1
46,3,210,496,152,202,1,-1,-1,-1
46,13,1209,509,71,155,1,-1,-1,-1
46,16,1728,482,63,168,1,-1,-1,-1
47,0,1466,437,103,164,1,-1,-1,-1
47,3,213,496,152,202,1,-1,-1,-1
47,16,1732,482,63,168,1,-1,-1,-1
48,0,1467,437,103,164,1,-1,-1,-1
48,3,216,497,152,202,1,-1,-1,-1
48,16,1735,481,63,168,1,-1,-1,-1
49,0,1472,432,104,176,1,-1,-1,-1
49,3,216,497,152,202,1,-1,-1,-1
49,16,1735,481,63,168,1,-1,-1,-1
49,17,1624,520,92,140,1,-1,-1,-1
49,18,1192,520,84,144,1,-1,-1,-1
50,0,1475,436,99,168,1,-1,-1,-1
50,3,221,497,152,202,1,-1,-1,-1
50,16,1739,479,63,168,1,-1,-1,-1
50,17,1623,517,92,140,1,-1,-1,-1
50,18,1190,518,84,144,1,-1,-1,-1
51,0,1476,431,104,176,1,-1,-1,-1
51,3,225,497,152,202,1,-1,-1,-1
51,16,1741,478,63,168,1,-1,-1,-1
51,17,1621,514,92,140,1,-1,-1,-1
51,18,1187,517,84,144,1,-1,-1,-1
52,0,1480,431,104,176,1,-1,-1,-1
52,3,228,498,152,202,1,-1,-1,-1
52,16,1745,478,63,168,1,-1,-1,-1
52,17,1618,511,92,140,1,-1,-1,-1
53,0,1484,432,104,176,1,-1,-1,-1
53,3,230,496,152,202,1,-1,-1,-1
53,16,1749,478,63,168,1,-1,-1,-1
53,17,1614,509,92,140,1,-1,-1,-1
54,0,1487,432,104,176,1,-1,-1,-1
54,3,234,496,152,202,1,-1,-1,-1
54,16,1752,478,63,168,1,-1,-1,-1
54,17,1611,510,92,140,1,-1,-1,-1
55,0,1490,433,104,176,1,-1,-1,-1
55,3,237,497,152,202,1,-1,-1,-1
55,16,1756,478,63,168,1,-1,-1,-1
55,17,1606,509,92,140,1,-1,-1,-1
56,0,1493,433,104,176,1,-1,-1,-1
56,3,239,497,152,202,1,-1,-1,-1
56,16,1758,478,63,168,1,-1,-1,-1
56,17,1603,509,92,140,1,-1,-1,-1
57,0,1496,436,124,172,1,-1,-1,-1
57,3,239,497,152,202,1,-1,-1,-1
57,16,1758,478,63,168,1,-1,-1,-1
57,17,1612,524,84,136,1,-1,-1,-1
57,19,1144,500,96,164,1,-1,-1,-1
57,20,948,536,60,120,1,-1,-1,-1
57,21,1764,484,132,172,1,-1,-1,-1
58,0,1497,437,124,172,1,-1,-1,-1
58,3,245,499,152,202,1,-1,-1,-1
58,16,1763,479,63,168,1,-1,-1,-1
58,17,1608,524,84,136,1,-1,-1,-1
58,19,1140,501,96,164,1,-1,-1,-1
58,20,948,539,60,120,1,-1,-1,-1
58,21,1766,484,132,172,1,-1,-1,-1
59,0,1500,439,124,172,1,-1,-1,-1
59,3,247,499,152,202,1,-1,-1,-1
59,16,1768,482,60,160,1,-1,-1,-1
59,17,1607,524,84,136,1,-1,-1,-1
59,19,1139,505,96,164,1,-1,-1,-1
59,20,949,544,60,120,1,-1,-1,-1
59,21,1769,484,132,172,1,-1,-1,-1
60,0,1502,440,124,172,1,-1,-1,-1
60,3,251,502,152,202,1,-1,-1,-1
60,16,1771,484,60,160,1,-1,-1,-1
60,17,1605,521,88,143,1,-1,-1,-1
60,19,1138,514,96,164,1,-1,-1,-1
60,20,948,548,63,126,1,-1,-1,-1
60,21,1772,486,132,172,1,-1,-1,-1
61,0,1504,442,124,172,1,-1,-1,-1
61,3,252,502,152,202,1,-1,-1,-1
61,16,1775,488,57,152,1,-1,-1,-1
61,19,1132,513,96,164,1,-1,-1,-1
61,20,949,547,63,126,1,-1,-1,-1
61,21,1774,488,132,172,1,-1,-1,-1
62,0,1506,444,124,172,1,-1,-1,-1
62,3,254,505,152,202,1,-1,-1,-1
62,16,1776,491,57,152,1,-1,-1,-1
62,19,1115,513,96,164,1,-1,-1,-1
62,21,1776,490,132,172,1,-1,-1,-1
63,0,1507,446,124,172,1,-1,-1,-1
63,3,257,508,152,202,1,-1,-1,-1
63,16,1779,493,57,152,1,-1,-1,-1
63,19,1100,514,96,164,1,-1,-1,-1
63,21,1781,498,126,164,1,-1,-1,-1
64,0,1509,448,124,172,1,-1,-1,-1
64,3,259,513,152,202,1,-1,-1,-1
64,16,1782,500,54,145,1,-1,-1,-1
64,21,1783,502,126,164,1,-1,-1,-1
65,0,1509,448,124,172,1,-1,-1,-1
65,3,256,512,164,208,1,-1,-1,-1
65,16,1782,500,54,145,1,-1,-1,-1
65,21,1783,502,126,164,1,-1,-1,-1
65,22,1572,536,92,152,1,-1,-1,-1
65,23,1068,540,92,132,1,-1,-1,-1
65,24,952,544,60,116,1,-1,-1,-1
65,25,872,476,52,168,1,-1,-1,-1
66,0,1512,462,124,172,1,-1,-1,-1
66,3,257,517,164,208,1,-1,-1,-1
66,16,1786,512,54,145,1,-1,-1,-1
66,21,1787,515,126,164,1,-1,-1,-1
66,22,1572,544,92,152,1,-1,-1,-1
66,23,1062,547,92,132,1,-1,-1,-1
66,24,952,547,60,116,1,-1,-1,-1
66,25,872,482,50,160,1,-1,-1,-1
67,0,1518,468,118,164,1,-1,-1,-1
67,3,258,522,164,208,1,-1,-1,-1
67,16,1788,517,54,145,1,-1,-1,-1
67,21,1789,519,126,164,1,-1,-1,-1
67,22,1572,551,92,152,1,-1,-1,-1
67,23,1055,555,88,126,1,-1,-1,-1
67,24,951,554,60,116,1,-1,-1,-1
67,25,874,497,47,152,1,-1,-1,-1
68,0,1519,473,124,172,1,-1,-1,-1
68,3,261,527,164,208,1,-1,-1,-1
68,16,1790,523,54,145,1,-1,-1,-1
68,21,1790,525,126,164,1,-1,-1,-1
68,22,1571,557,92,152,1,-1,-1,-1
68,23,1043,556,92,132,1,-1,-1,-1
68,24,949,560,60,116,1,-1,-1,-1
69,0,1521,479,124,172,1,-1,-1,-1
69,3,262,534,164,208,1,-1,-1,-1
69,16,1792,529,54,145,1,-1,-1,-1
69,21,1792,530,126,164,1,-1,-1,-1
69,22,1573,561,92,152,1,-1,-1,-1
69,23,1038,561,92,132,1,-1,-1,-1
69,24,951,568,60,116,1,-1,-1,-1
70,0,1524,484,124,172,1,-1,-1,-1
70,3,264,539,164,208,1,-1,-1,-1
70,16,1794,531,54,145,1,-1,-1,-1
70,21,1795,536,126,164,1,-1,-1,-1
70,22,1570,564,92,152,1,-1,-1,-1
70,23,1033,562,92,132,1,-1,-1,-1
71,0,1527,488,124,172,1,-1,-1,-1
71,3,266,543,164,208,1,-1,-1,-1
71,16,1795,539,57,152,1,-1,-1,-1
71,21,1798,541,126,164,1,-1,-1,-1
72,0,1529,494,124,172,1,-1,-1,-1
72,3,269,547,164,208,1,-1,-1,-1
72,16,1797,542,57,152,1,-1,-1,-1
72,21,1800,546,126,164,1,-1,-1,-1
73,0,1524,496,128,228,1,-1,-1,-1
73,3,280,560,152,200,1,-1,-1,-1
73,16,1797,542,57,152,1,-1,-1,-1
73,21,1812,556,120,168,1,-1,-1,-1
73,26,1028,556,72,168,1,-1,-1,-1
74,0,1524,498,128,228,1,-1,-1,-1
74,3,282,563,152,200,1,-1,-1,-1
74,16,1801,552,57,152,1,-1,-1,-1
74,21,1815,559,120,168,1,-1,-1,-1
74,26,1025,562,72,168,1,-1,-1,-1
75,0,1524,508,128,228,1,-1,-1,-1
75,3,287,573,145,190,1,-1,-1,-1
75,16,1804,556,57,152,1,-1,-1,-1
75,21,1819,565,120,168,1,-1,-1,-1
75,26,1020,567,72,168,1,-1,-1,-1
76,0,1522,512,128,228,1,-1,-1,-1
76,3,286,572,152,200,1,-1,-1,-1
76,16,1807,561,57,152,1,-1,-1,-1
76,21,1821,569,120,168,1,-1,-1,-1
76,26,1016,569,76,176,1,-1,-1,-1
77,0,1519,516,128,228,1,-1,-1,-1
77,3,290,576,152,200,1,-1,-1,-1
77,16,1810,565,57,152,1,-1,-1,-1
77,21,1823,573,120,168,1,-1,-1,-1
77,26,1011,572,76,176,1,-1,-1,-1
78,0,1523,524,122,217,1,-1,-1,-1
78,3,293,580,152,200,1,-1,-1,-1
78,16,1814,571,54,145,1,-1,-1,-1
78,21,1826,578,120,168,1,-1,-1,-1
78,26,1000,582,72,168,1,-1,-1,-1
79,3,295,585,152,200,1,-1,-1,-1
79,16,1817,576,54,145,1,-1,-1,-1
79,21,1829,581,120,168,1,-1,-1,-1
79,26,1000,588,69,160,1,-1,-1,-1
80,3,298,590,152,200,1,-1,-1,-1
80,16,1819,578,54,145,1,-1,-1,-1
80,21,1831,585,120,168,1,-1,-1,-1
81,3,296,588,160,204,1,-1,-1,-1
81,16,1819,578,54,145,1,-1,-1,-1
81,21,1832,588,116,160,1,-1,-1,-1
81,27,1488,524,112,232,1,-1,-1,-1
82,3,297,590,160,204,1,-1,-1,-1
82,16,1824,584,54,145,1,-1,-1,-1
82,21,1834,590,116,160,1,-1,-1,-1
82,27,1488,527,112,232,1,-1,-1,-1
83,3,300,592,160,204,1,-1,-1,-1
83,16,1827,588,54,145,1,-1,-1,-1
83,21,1836,593,116,160,1,-1,-1,-1
83,27,1488,532,112,232,1,-1,-1,-1
84,3,302,594,160,204,1,-1,-1,-1
84,16,1829,590,54,145,1,-1,-1,-1
84,21,1838,595,116,160,1,-1,-1,-1
84,27,1487,537,112,232,1,-1,-1,-1
85,3,300,593,168,214,1,-1,-1,-1
85,16,1831,594,54,145,1,-1,-1,-1
85,21,1840,598,116,160,1,-1,-1,-1
85,27,1487,542,112,232,1,-1,-1,-1
86,3,305,599,160,204,1,-1,-1,-1
86,16,1833,596,54,145,1,-1,-1,-1
86,21,1841,601,116,160,1,-1,-1,-1
86,27,1487,545,112,232,1,-1,-1,-1
87,3,307,601,160,204,1,-1,-1,-1
87,16,1835,598,54,145,1,-1,-1,-1
87,21,1843,603,116,160,1,-1,-1,-1
87,27,1487,547,112,232,1,-1,-1,-1
88,3,308,603,160,204,1,-1,-1,-1
88,16,1836,600,54,145,1,-1,-1,-1
88,21,1845,605,116,160,1,-1,-1,-1
88,27,1487,543,118,244,1,-1,-1,-1
89,3,308,596,160,216,1,-1,-1,-1
89,16,1836,600,54,145,1,-1,-1,-1
89,21,1845,605,116,160,1,-1,-1,-1
89,27,1487,543,118,244,1,-1,-1,-1
89,28,1484,640,76,136,1,-1,-1,-1
89,29,1564,544,120,176,1,-1,-1,-1
90,3,309,597,160,216,1,-1,-1,-1
90,16,1838,603,54,145,1,-1,-1,-1
90,21,1847,608,116,160,1,-1,-1,-1
90,27,1486,539,123,256,1,-1,-1,-1
90,28,1484,639,76,136,1,-1,-1,-1
90,29,1565,545,120,176,1,-1,-1,-1
91,3,310,599,160,216,1,-1,-1,-1
91,16,1839,604,54,145,1,-1,-1,-1
91,21,1846,610,116,160,1,-1,-1,-1
91,27,1489,544,118,244,1,-1,-1,-1
91,28,1484,639,76,136,1,-1,-1,-1
91,29,1566,547,120,176,1,-1,-1,-1
92,3,311,600,160,216,1,-1,-1,-1
92,16,1840,606,54,145,1,-1,-1,-1
92,21,1847,611,116,160,1,-1,-1,-1
92,27,1488,542,123,256,1,-1,-1,-1
92,28,1483,639,76,136,1,-1,-1,-1
92,29,1569,553,114,168,1,-1,-1,-1
93,3,311,601,160,216,1,-1,-1,-1
93,16,1840,608,54,145,1,-1,-1,-1
93,21,1847,613,116,160,1,-1,-1,-1
93,28,1483,640,76,136,1,-1,-1,-1
93,29,1570,553,114,168,1,-1,-1,-1
94,3,311,602,160,216,1,-1,-1,-1
94,16,1840,609,54,145,1,-1,-1,-1
94,21,1846,614,116,160,1,-1,-1,-1
94,28,1480,641,76,136,1,-1,-1,-1
94,29,1571,555,114,168,1,-1,-1,-1
95,3,310,602,160,216,1,-1,-1,-1
95,16,1840,611,54,145,1,-1,-1,-1
95,21,1846,615,116,160,1,-1,-1,-1
95,28,1473,640,76,136,1,-1,-1,-1
95,29,1571,556,114,168,1,-1,-1,-1
96,3,310,603,160,216,1,-1,-1,-1
96,16,1839,612,54,145,1,-1,-1,-1
96,21,1846,616,116,160,1,-1,-1,-1
96,28,1466,643,72,130,1,-1,-1,-1
96,29,1567,553,120,176,1,-1,-1,-1
97,3,312,616,156,212,1,-1,-1,-1
97,16,1839,612,54,145,1,-1,-1,-1
97,21,1846,616,116,160,1,-1,-1,-1
97,28,1468,640,68,148,1,-1,-1,-1
97,29,1572,560,120,180,1,-1,-1,-1
98,3,312,616,156,212,1,-1,-1,-1
98,16,1838,615,54,145,1,-1,-1,-1
98,21,1842,614,122,168,1,-1,-1,-1
98,28,1466,640,68,148,1,-1,-1,-1
98,29,1573,560,120,180,1,-1,-1,-1
99,3,313,616,156,212,1,-1,-1,-1
99,16,1836,615,54,145,1,-1,-1,-1
99,21,1841,615,122,168,1,-1,-1,-1
99,28,1464,640,68,148,1,-1,-1,-1
99,29,1572,561,120,180,1,-1,-1,-1
100,3,313,617,156,212,1,-1,-1,-1
100,16,1835,616,54,145,1,-1,-1,-1
100,21,1839,617,122,168,1,-1,-1,-1
100,28,1462,639,68,148,1,-1,-1,-1
100,29,1573,562,120,180,1,-1,-1,-1
101,3,313,618,156,212,1,-1,-1,-1
101,16,1834,616,54,145,1,-1,-1,-1
101,21,1841,621,116,160,1,-1,-1,-1
101,28,1459,638,68,148,1,-1,-1,-1
101,29,1574,562,120,180,1,-1,-1,-1
102,3,313,618,156,212,1,-1,-1,-1
102,16,1832,617,54,145,1,-1,-1,-1
102,21,1840,621,116,160,1,-1,-1,-1
102,28,1456,641,68,148,1,-1,-1,-1
102,29,1573,562,120,180,1,-1,-1,-1
103,3,312,618,156,212,1,-1,-1,-1
103,16,1831,617,54,145,1,-1,-1,-1
103,21,1839,623,116,160,1,-1,-1,-1
103,29,1572,563,120,180,1,-1,-1,-1
104,3,311,618,156,212,1,-1,-1,-1
104,16,1830,618,54,145,1,-1,-1,-1
104,21,1838,624,116,160,1,-1,-1,-1
104,29,1572,564,120,180,1,-1,-1,-1
105,3,312,620,160,208,1,-1,-1,-1
105,16,1830,618,54,145,1,-1,-1,-1
105,21,1832,628,128,176,1,-1,-1,-1
105,29,1568,560,116,180,1,-1,-1,-1
105,30,1452,632,68,156,1,-1,-1,-1
105,31,876,592,64,156,1,-1,-1,-1
105,32,1004,552,56,132,1,-1,-1,-1
106,3,312,620,160,208,1,-1,-1,-1
106,16,1827,620,54,145,1,-1,-1,-1
106,21,1831,628,128,176,1,-1,-1,-1
106,29,1567,560,116,180,1,-1,-1,-1
106,30,1451,631,68,156,1,-1,-1,-1
106,31,874,595,64,156,1,-1,-1,-1
106,32,1006,553,56,132,1,-1,-1,-1
107,3,313,621,160,208,1,-1,-1,-1
107,16,1824,617,57,152,1,-1,-1,-1
107,21,1829,628,128,176,1,-1,-1,-1
107,29,1567,560,116,180,1,-1,-1,-1
107,30,1450,632,68,156,1,-1,-1,-1
107,31,872,599,64,156,1,-1,-1,-1
107,32,1010,555,56,132,1,-1,-1,-1
108,3,313,622,160,208,1,-1,-1,-1
108,16,1823,619,57,152,1,-1,-1,-1
108,21,1828,628,128,176,1,-1,-1,-1
108,29,1567,561,116,180,1,-1,-1,-1
108,30,1449,632,68,156,1,-1,-1,-1
108,31,870,597,64,156,1,-1,-1,-1
108,32,1014,558,56,132,1,-1,-1,-1
109,3,312,623,160,208,1,-1,-1,-1
109,16,1821,619,57,152,1,-1,-1,-1
109,21,1827,630,128,176,1,-1,-1,-1
109,29,1566,561,116,180,1,-1,-1,-1
109,30,1445,625,71,164,1,-1,-1,-1
110,3,312,622,160,208,1,-1,-1,-1
110,16,1819,619,57,152,1,-1,-1,-1
110,21,1827,630,128,176,1,-1,-1,-1
110,29,1566,561,116,180,1,-1,-1,-1
110,30,1441,622,71,164,1,-1,-1,-1
111,3,310,622,160,208,1,-1,-1,-1
111,16,1816,621,57,152,1,-1,-1,-1
111,21,1825,631,128,176,1,-1,-1,-1
111,29,1566,562,116,180,1,-1,-1,-1
111,30,1437,621,71,164,1,-1,-1,-1
112,3,310,622,160,208,1,-1,-1,-1
112,16,1814,622,57,152,1,-1,-1,-1
112,21,1823,632,128,176,1,-1,-1,-1
112,29,1566,562,116,180,1,-1,-1,-1
112,30,1434,619,71,164,1,-1,-1,-1
113,3,312,620,160,208,1,-1,-1,-1
113,16,1814,622,57,152,1,-1,-1,-1
113,21,1816,632,108,168,1,-1,-1,-1
113,29,1564,564,112,176,1,-1,-1,-1
113,30,1424,628,92,160,1,-1,-1,-1
113,33,1036,540,56,120,1,-1,-1,-1
113,34,868,584,52,156,1,-1,-1,-1
114,3,311,620,160,208,1,-1,-1,-1
114,16,1807,623,57,152,1,-1,-1,-1
114,21,1814,632,108,168,1,-1,-1,-1
114,29,1563,564,112,176,1,-1,-1,-1
114,30,1422,630,92,160,1,-1,-1,-1
114,33,1038,539,56,120,1,-1,-1,-1
114,34,867,584,52,156,1,-1,-1,-1
115,3,310,620,160,208,1,-1,-1,-1
115,16,1805,624,57,152,1,-1,-1,-1
115,21,1813,632,108,168,1,-1,-1,-1
115,29,1563,565,112,176,1,-1,-1,-1
115,30,1418,632,92,160,1,-1,-1,-1
115,33,1040,534,59,126,1,-1,-1,-1
115,34,865,584,52,156,1,-1,-1,-1
116,3,311,620,160,208,1,-1,-1,-1
116,16,1802,623,57,152,1,-1,-1,-1
116,21,1811,631,108,168,1,-1,-1,-1
116,29,1564,565,112,176,1,-1,-1,-1
116,30,1413,630,92,160,1,-1,-1,-1
116,34,864,578,55,164,1,-1,-1,-1
117,3,311,620,160,208,1,-1,-1,-1
117,16,1799,622,57,152,1,-1,-1,-1
117,21,1807,628,113,176,1,-1,-1,-1
117,29,1564,565,112,176,1,-1,-1,-1
117,30,1405,625,97,168,1,-1,-1,-1
117,34,864,583,52,156,1,-1,-1,-1
118,3,310,620,160,208,1,-1,-1,-1
118,16,1796,623,57,152,1,-1,-1,-1
118,21,1803,628,113,176,1,-1,-1,-1
118,29,1562,565,112,176,1,-1,-1,-1
118,30,1402,625,97,168,1,-1,-1,-1
118,34,864,588,50,149,1,-1,-1,-1
119,3,309,620,160,208,1,-1,-1,-1
119,16,1793,622,57,152,1,-1,-1,-1
119,21,1802,628,113,176,1,-1,-1,-1
119,29,1562,565,112,176,1,-1,-1,-1
119,30,1400,623,97,168,1,-1,-1,-1
120,3,308,620,160,208,1,-1,-1,-1
120,16,1792,622,57,152,1,-1,-1,-1
120,21,1800,629,113,176,1,-1,-1,-1
120,29,1561,566,112,176,1,-1,-1,-1
120,30,1396,624,97,168,1,-1,-1,-1
121,3,304,620,160,208,1,-1,-1,-1
121,16,1792,622,57,152,1,-1,-1,-1
121,21,1800,628,108,176,1,-1,-1,-1
121,29,1560,564,108,180,1,-1,-1,-1
121,30,1380,636,84,148,1,-1,-1,-1
121,35,876,572,72,168,1,-1,-1,-1
122,3,303,622,160,208,1,-1,-1,-1
122,16,1784,622,57,152,1,-1,-1,-1
122,21,1796,624,113,185,1,-1,-1,-1
122,29,1560,563,108,180,1,-1,-1,-1
122,30,1378,637,84,148,1,-1,-1,-1
122,35,877,573,72,168,1,-1,-1,-1
123,3,305,627,152,198,1,-1,-1,-1
123,16,1783,623,57,152,1,-1,-1,-1
123,21,1795,624,113,185,1,-1,-1,-1
123,29,1559,564,108,180,1,-1,-1,-1
123,30,1374,637,84,148,1,-1,-1,-1
123,35,878,575,72,168,1,-1,-1,-1
124,3,308,631,145,189,1,-1,-1,-1
124,16,1780,623,57,152,1,-1,-1,-1
124,21,1793,625,113,185,1,-1,-1,-1
124,29,1557,564,108,180,1,-1,-1,-1
124,30,1371,640,84,148,1,-1,-1,-1
124,35,877,578,72,168,1,-1,-1,-1
125,3,307,633,145,189,1,-1,-1,-1
125,16,1778,622,57,152,1,-1,-1,-1
125,21,1791,625,113,185,1,-1,-1,-1
125,29,1555,565,108,180,1,-1,-1,-1
125,30,1367,643,84,148,1,-1,-1,-1
125,35,877,576,72,168,1,-1,-1,-1
126,3,306,634,145,189,1,-1,-1,-1
126,16,1776,624,57,152,1,-1,-1,-1
126,21,1792,629,108,176,1,-1,-1,-1
126,29,1555,566,108,180,1,-1,-1,-1
126,30,1363,646,84,148,1,-1,-1,-1
126,35,880,579,69,160,1,-1,-1,-1
127,3,303,634,145,189,1,-1,-1,-1
127,16,1774,624,57,152,1,-1,-1,-1
127,21,1790,629,108,176,1,-1,-1,-1
127,29,1553,566,108,180,1,-1,-1,-1
127,30,1362,646,84,148,1,-1,-1,-1
128,3,303,633,145,189,1,-1,-1,-1
128,16,1774,623,57,152,1,-1,-1,-1
128,21,1792,634,103,168,1,-1,-1,-1
128,29,1553,567,108,180,1,-1,-1,-1
128,30,1361,646,84,148,1,-1,-1,-1
129,3,292,620,164,212,1,-1,-1,-1
129,16,1774,623,57,152,1,-1,-1,-1
129,21,1780,632,116,192,1,-1,-1,-1
129,29,1548,568,108,180,1,-1,-1,-1
129,30,1356,628,76,148,1,-1,-1,-1
129,36,924,552,64,132,1,-1,-1,-1
130,3,291,620,164,212,1,-1,-1,-1
130,16,1771,624,57,152,1,-1,-1,-1
130,21,1780,632,116,192,1,-1,-1,-1
130,29,1547,567,108,180,1,-1,-1,-1
130,30,1355,627,76,148,1,-1,-1,-1
130,36,925,553,64,132,1,-1,-1,-1
131,3,289,620,164,212,1,-1,-1,-1
131,16,1770,624,57,152,1,-1,-1,-1
131,21,1779,632,116,192,1,-1,-1,-1
131,29,1546,566,108,180,1,-1,-1,-1
131,30,1353,627,76,148,1,-1,-1,-1
131,36,927,553,64,132,1,-1,-1,-1
132,3,288,621,164,212,1,-1,-1,-1
132,16,1768,625,57,152,1,-1,-1,-1
132,21,1776,633,116,192,1,-1,-1,-1
132,29,1544,568,108,180,1,-1,-1,-1
132,30,1348,623,80,155,1,-1,-1,-1
132,36,928,550,64,132,1,-1,-1,-1
133,3,287,621,164,212,1,-1,-1,-1
133,16,1766,625,57,152,1,-1,-1,-1
133,21,1776,632,116,192,1,-1,-1,-1
133,29,1543,569,108,180,1,-1,-1,-1
133,30,1346,622,80,155,1,-1,-1,-1
133,36,929,548,64,132,1,-1,-1,-1
134,3,285,621,164,212,1,-1,-1,-1
134,16,1765,625,57,152,1,-1,-1,-1
134,21,1775,632,116,192,1,-1,-1,-1
134,29,1543,569,108,180,1,-1,-1,-1
134,30,1342,622,80,155,1,-1,-1,-1
135,3,284,622,164,212,1,-1,-1,-1
135,16,1764,626,57,152,1,-1,-1,-1
135,21,1776,637,110,183,1,-1,-1,-1
135,29,1541,570,108,180,1,-1,-1,-1
135,30,1338,621,80,155,1,-1,-1,-1
136,3,283,622,164,212,1,-1,-1,-1
136,16,1763,626,57,152,1,-1,-1,-1
136,21,1775,637,110,183,1,-1,-1,-1
136,29,1541,570,108,180,1,-1,-1,-1
136,30,1336,620,80,155,1,-1,-1,-1
137,3,280,632,160,200,1,-1,-1,-1
137,16,1763,626,57,152,1,-1,-1,-1
137,21,1764,640,124,160,1,-1,-1,-1
137,29,1540,580,112,172,1,-1,-1,-1
137,30,1324,648,88,140,1,-1,-1,-1
138,3,262,627,160,200,1,-1,-1,-1
138,16,1762,624,57,152,1,-1,-1,-1
138,21,1761,635,124,160,1,-1,-1,-1
138,29,1535,576,112,172,1,-1,-1,-1
138,30,1314,643,88,140,1,-1,-1,-1
139,3,255,628,160,200,1,-1,-1,-1
139,16,1768,623,57,152,1,-1,-1,-1
139,21,1770,635,124,160,1,-1,-1,-1
139,29,1540,574,112,172,1,-1,-1,-1
139,30,1315,642,88,140,1,-1,-1,-1
140,3,248,630,160,200,1,-1,-1,-1
140,16,1780,624,57,152,1,-1,-1,-1
140,21,1783,636,124,160,1,-1,-1,-1
140,29,1551,576,112,172,1,-1,-1,-1
140,30,1317,642,88,140,1,-1,-1,-1
141,3,230,633,160,200,1,-1,-1,-1
141,16,1794,626,57,152,1,-1,-1,-1
141,21,1798,639,124,160,1,-1,-1,-1
141,29,1561,578,112,172,1,-1,-1,-1
141,30,1323,646,84,133,1,-1,-1,-1
142,3,213,635,160,200,1,-1,-1,-1
142,16,1807,628,57,152,1,-1,-1,-1
142,21,1812,641,124,160,1,-1,-1,-1
142,29,1568,578,112,172,1,-1,-1,-1
142,30,1324,646,84,133,1,-1,-1,-1
143,3,201,639,160,200,1,-1,-1,-1
143,16,1820,630,57,152,1,-1,-1,-1
143,21,1825,643,124,160,1,-1,-1,-1
143,29,1580,580,112,172,1,-1,-1,-1
143,30,1328,652,80,127,1,-1,-1,-1
144,3,183,643,160,200,1,-1,-1,-1
144,16,1832,632,57,152,1,-1,-1,-1
144,21,1836,645,124,160,1,-1,-1,-1
144,29,1586,583,112,172,1,-1,-1,-1
144,30,1330,655,80,127,1,-1,-1,-1
145,3,164,624,180,236,1,-1,-1,-1
145,16,1832,632,57,152,1,-1,-1,-1
145,21,1856,636,128,192,1,-1,-1,-1
145,29,1596,564,120,200,1,-1,-1,-1
145,30,1332,632,88,172,1,-1,-1,-1
145,37,884,540,88,172,1,-1,-1,-1
146,3,144,627,180,236,1,-1,-1,-1
146,21,1868,636,128,192,1,-1,-1,-1
146,29,1601,564,120,200,1,-1,-1,-1
146,30,1333,633,88,172,1,-1,-1,-1
146,37,883,536,88,172,1,-1,-1,-1
147,3,125,628,180,236,1,-1,-1,-1
147,21,1880,637,128,192,1,-1,-1,-1
147,29,1609,565,120,200,1,-1,-1,-1
147,30,1333,634,88,172,1,-1,-1,-1
147,37,883,534,88,172,1,-1,-1,-1
148,3,104,627,180,236,1,-1,-1,-1
148,21,1893,636,128,192,1,-1,-1,-1
148,29,1615,563,120,200,1,-1,-1,-1
148,30,1333,633,88,172,1,-1,-1,-1
148,37,880,531,88,172,1,-1,-1,-1
149,3,88,626,180,236,1,-1,-1,-1
149,21,1904,637,128,192,1,-1,-1,-1
149,29,1622,561,120,200,1,-1,-1,-1
149,30,1334,632,88,172,1,-1,-1,-1
149,37,878,524,88,172,1,-1,-1,-1
150,3,66,626,180,236,1,-1,-1,-1
150,21,1911,633,134,202,1,-1,-1,-1
150,29,1625,555,126,210,1,-1,-1,-1
150,30,1333,631,88,172,1,-1,-1,-1
150,37,875,524,88,172,1,-1,-1,-1
151,3,43,626,180,236,1,-1,-1,-1
151,21,1922,631,134,202,1,-1,-1,-1
151,29,1629,554,126,210,1,-1,-1,-1
151,30,1331,631,88,172,1,-1,-1,-1
152,3,18,619,189,248,1,-1,-1,-1
152,21,1934,625,141,212,1,-1,-1,-1
152,29,1637,553,126,210,1,-1,-1,-1
152,30,1331,628,88,172,1,-1,-1,-1
153,3,18,619,189,248,1,-1,-1,-1
153,21,1928,608,156,224,1,-1,-1,-1
153,29,1632,532,144,244,1,-1,-1,-1
153,30,1308,612,100,196,1,-1,-1,-1
154,3,-27,616,189,248,1,-1,-1,-1
154,21,1938,606,156,224,1,-1,-1,-1
154,29,1637,529,144,244,1,-1,-1,-1
154,30,1308,609,100,196,1,-1,-1,-1
155,3,-46,616,189,248,1,-1,-1,-1
155,21,1956,606,156,224,1,-1,-1,-1
155,29,1648,528,144,244,1,-1,-1,-1
155,30,1311,608,100,196,1,-1,-1,-1
156,3,-73,613,189,248,1,-1,-1,-1
156,21,1961,602,156,224,1,-1,-1,-1
156,29,1649,523,144,244,1,-1,-1,-1
156,30,1309,602,100,196,1,-1,-1,-1
157,3,-91,616,189,248,1,-1,-1,-1
157,21,1977,601,156,224,1,-1,-1,-1
157,29,1659,522,144,244,1,-1,-1,-1
157,30,1309,599,100,196,1,-1,-1,-1
158,21,1989,595,164,235,1,-1,-1,-1
158,29,1663,514,151,256,1,-1,-1,-1
158,30,1308,594,105,206,1,-1,-1,-1
159,21,1997,589,172,247,1,-1,-1,-1
159,29,1671,510,151,256,1,-1,-1,-1
159,30,1309,591,105,206,1,-1,-1,-1
160,21,2016,589,172,247,1,-1,-1,-1
160,29,1681,504,159,269,1,-1,-1,-1
160,30,1308,587,110,216,1,-1,-1,-1
161,21,2020,584,184,264,1,-1,-1,-1
161,29,1688,492,160,272,1,-1,-1,-1
161,30,1296,584,124,236,1,-1,-1,-1
162,21,2023,580,184,264,1,-1,-1,-1
162,29,1688,488,160,272,1,-1,-1,-1
162,30,1291,581,124,236,1,-1,-1,-1
163,21,2025,577,184,264,1,-1,-1,-1
163,29,1687,484,160,272,1,-1,-1,-1
163,30,1287,578,124,236,1,-1,-1,-1
164,21,2023,574,184,264,1,-1,-1,-1
164,29,1683,482,160,272,1,-1,-1,-1
164,30,1277,572,130,248,1,-1,-1,-1
165,21,2021,572,184,264,1,-1,-1,-1
165,29,1678,480,160,272,1,-1,-1,-1
165,30,1273,570,130,248,1,-1,-1,-1
166,21,2016,570,184,264,1,-1,-1,-1
166,29,1675,478,160,272,1,-1,-1,-1
166,30,1269,568,130,248,1,-1,-1,-1
167,21,2013,567,184,264,1,-1,-1,-1
167,29,1672,477,160,272,1,-1,-1,-1
167,30,1265,564,130,248,1,-1,-1,-1
168,21,2010,565,184,264,1,-1,-1,-1
168,29,1669,475,160,272,1,-1,-1,-1
168,30,1265,570,124,236,1,-1,-1,-1
169,21,2008,568,176,268,1,-1,-1,-1
169,29,1664,468,168,268,1,-1,-1,-1
169,30,1252,568,128,240,1,-1,-1,-1
169,38,792,320,140,312,1,-1,-1,-1
170,21,2007,568,176,268,1,-1,-1,-1
170,29,1663,466,168,268,1,-1,-1,-1
170,30,1249,567,128,240,1,-1,-1,-1
170,38,789,318,140,312,1,-1,-1,-1
171,21,2004,567,176,268,1,-1,-1,-1
171,29,1661,466,168,268,1,-1,-1,-1
171,30,1247,567,128,240,1,-1,-1,-1
171,38,788,320,140,312,1,-1,-1,-1
172,21,2002,566,176,268,1,-1,-1,-1
172,29,1659,466,168,268,1,-1,-1,-1
172,30,1245,566,128,240,1,-1,-1,-1
172,38,789,316,140,312,1,-1,-1,-1
173,21,2000,567,176,268,1,-1,-1,-1
173,29,1656,466,168,268,1,-1,-1,-1
173,30,1237,559,134,252,1,-1,-1,-1
173,38,789,315,140,312,1,-1,-1,-1
174,21,1996,566,176,268,1,-1,-1,-1
174,29,1651,459,176,281,1,-1,-1,-1
174,30,1234,560,134,252,1,-1,-1,-1
174,38,792,311,140,312,1,-1,-1,-1
175,21,1993,566,176,268,1,-1,-1,-1
175,29,1651,467,168,268,1,-1,-1,-1
175,30,1229,561,134,252,1,-1,-1,-1
175,38,790,309,140,312,1,-1,-1,-1
176,21,1990,567,176,268,1,-1,-1,-1
176,29,1647,467,168,268,1,-1,-1,-1
176,30,1226,561,134,252,1,-1,-1,-1
177,21,1980,564,188,268,1,-1,-1,-1
177,29,1640,468,184,264,1,-1,-1,-1
177,30,1216,552,144,252,1,-1,-1,-1
178,21,1977,565,188,268,1,-1,-1,-1
178,29,1637,468,184,264,1,-1,-1,-1
178,30,1213,551,144,252,1,-1,-1,-1
179,21,1974,566,188,268,1,-1,-1,-1
179,29,1632,470,184,264,1,-1,-1,-1
179,30,1209,552,144,252,1,-1,-1,-1
180,21,1968,566,188,268,1,-1,-1,-1
180,29,1628,471,184,264,1,-1,-1,-1
180,30,1203,551,144,252,1,-1,-1,-1
181,21,1954,563,197,281,1,-1,-1,-1
181,29,1616,472,184,264,1,-1,-1,-1
181,30,1192,552,144,252,1,-1,-1,-1
182,21,1943,566,197,281,1,-1,-1,-1
182,29,1606,474,184,264,1,-1,-1,-1
182,30,1180,553,144,252,1,-1,-1,-1
183,21,1933,566,197,281,1,-1,-1,-1
183,29,1596,477,184,264,1,-1,-1,-1
183,30,1168,554,144,252,1,-1,-1,-1
184,21,1919,568,197,281,1,-1,-1,-1
184,29,1583,478,184,264,1,-1,-1,-1
184,30,1156,553,144,252,1,-1,-1,-1
185,21,1916,576,180,268,1,-1,-1,-1
185,29,1576,472,172,292,1,-1,-1,-1
185,30,1144,560,136,252,1,-1,-1,-1
185,39,624,336,64,204,1,-1,-1,-1
186,21,1903,571,189,281,1,-1,-1,-1
186,29,1563,468,181,307,1,-1,-1,-1
186,30,1138,565,130,240,1,-1,-1,-1
186,39,620,339,64,204,1,-1,-1,-1
187,21,1893,573,189,281,1,-1,-1,-1
187,29,1555,471,181,307,1,-1,-1,-1
187,30,1128,568,130,240,1,-1,-1,-1
188,21,1886,573,189,281,1,-1,-1,-1
188,29,1544,471,181,307,1,-1,-1,-1
188,30,1118,568,130,240,1,-1,-1,-1
189,21,1877,575,189,281,1,-1,-1,-1
189,29,1536,471,181,307,1,-1,-1,-1
189,30,1110,568,130,240,1,-1,-1,-1
190,21,1870,575,189,281,1,-1,-1,-1
190,29,1529,469,181,307,1,-1,-1,-1
190,30,1101,569,130,240,1,-1,-1,-1
191,21,1863,576,189,281,1,-1,-1,-1
191,29,1523,469,181,307,1,-1,-1,-1
191,30,1092,570,130,240,1,-1,-1,-1
192,21,1856,576,189,281,1,-1,-1,-1
192,29,1515,471,181,307,1,-1,-1,-1
192,30,1084,569,130,240,1,-1,-1,-1
193,21,1852,580,180,280,1,-1,-1,-1
193,29,1512,484,168,296,1,-1,-1,-1
193,30,1072,580,136,232,1,-1,-1,-1
193,40,664,356,132,256,1,-1,-1,-1
193,41,520,344,80,196,1,-1,-1,-1
194,21,1848,580,180,280,1,-1,-1,-1
194,29,1507,485,168,296,1,-1,-1,-1
194,30,1068,580,136,232,1,-1,-1,-1
194,40,659,356,132,256,1,-1,-1,-1
194,41,515,349,80,196,1,-1,-1,-1
195,21,1843,580,180,280,1,-1,-1,-1
195,29,1502,485,168,296,1,-1,-1,-1
195,30,1061,581,136,232,1,-1,-1,-1
195,40,653,362,132,256,1,-1,-1,-1
195,41,499,345,84,206,1,-1,-1,-1
196,21,1838,581,180,280,1,-1,-1,-1
196,29,1497,486,168,296,1,-1,-1,-1
196,30,1053,581,136,232,1,-1,-1,-1
196,40,650,364,132,256,1,-1,-1,-1
196,41,493,344,84,206,1,-1,-1,-1
197,21,1831,583,180,280,1,-1,-1,-1
197,29,1492,488,168,296,1,-1,-1,-1
197,30,1044,583,136,232,1,-1,-1,-1
198,21,1825,582,180,280,1,-1,-1,-1
198,29,1483,478,176,311,1,-1,-1,-1
198,30,1037,584,136,232,1,-1,-1,-1
199,21,1819,582,180,280,1,-1,-1,-1
199,29,1477,478,176,311,1,-1,-1,-1
199,30,1033,585,136,232,1,-1,-1,-1
200,21,1812,583,180,280,1,-1,-1,-1
200,29,1470,478,176,311,1,-1,-1,-1
200,30,1029,593,130,221,1,-1,-1,-1
201,21,1804,584,184,276,1,-1,-1,-1
201,29,1460,492,164,284,1,-1,-1,-1
201,30,1024,576,112,244,1,-1,-1,-1
201,42,428,348,80,176,1,-1,-1,-1
201,43,608,368,48,188,1,-1,-1,-1
202,21,1799,584,184,276,1,-1,-1,-1
202,29,1455,492,164,284,1,-1,-1,-1
202,30,1018,576,112,244,1,-1,-1,-1
202,42,422,350,80,176,1,-1,-1,-1
202,43,602,361,50,197,1,-1,-1,-1
203,21,1789,576,193,290,1,-1,-1,-1
203,29,1449,493,164,284,1,-1,-1,-1
203,30,1012,576,112,244,1,-1,-1,-1
203,42,417,348,80,176,1,-1,-1,-1
203,43,592,359,53,207,1,-1,-1,-1
204,21,1782,578,193,290,1,-1,-1,-1
204,29,1442,493,164,284,1,-1,-1,-1
204,30,1005,577,112,244,1,-1,-1,-1
204,43,588,365,50,197,1,-1,-1,-1
205,21,1775,578,193,290,1,-1,-1,-1
205,29,1436,492,164,284,1,-1,-1,-1
205,30,995,571,118,256,1,-1,-1,-1
206,21,1768,578,193,290,1,-1,-1,-1
206,29,1430,491,164,284,1,-1,-1,-1
206,30,987,571,118,256,1,-1,-1,-1
207,21,1767,585,184,276,1,-1,-1,-1
207,29,1424,491,164,284,1,-1,-1,-1
207,30,980,569,118,256,1,-1,-1,-1
208,21,1763,584,184,276,1,-1,-1,-1
208,29,1417,491,164,284,1,-1,-1,-1
208,30,976,567,118,256,1,-1,-1,-1
209,21,1752,584,180,280,1,-1,-1,-1
209,29,1412,488,160,288,1,-1,-1,-1
209,30,972,560,100,252,1,-1,-1,-1
209,44,360,336,108,180,1,-1,-1,-1
210,21,1749,583,180,280,1,-1,-1,-1
210,29,1408,486,160,288,1,-1,-1,-1
210,30,969,559,100,252,1,-1,-1,-1
210,44,355,336,108,180,1,-1,-1,-1
211,21,1746,583,180,280,1,-1,-1,-1
211,29,1404,486,160,288,1,-1,-1,-1
211,30,965,557,100,252,1,-1,-1,-1
211,44,346,334,108,180,1,-1,-1,-1
212,21,1745,589,171,267,1,-1,-1,-1
212,29,1399,484,160,288,1,-1,-1,-1
212,30,961,556,100,252,1,-1,-1,-1
212,44,338,337,103,171,1,-1,-1,-1
213,21,1736,579,180,280,1,-1,-1,-1
213,29,1395,484,160,288,1,-1,-1,-1
213,30,957,553,100,252,1,-1,-1,-1
213,44,333,333,108,180,1,-1,-1,-1
214,21,1733,578,180,280,1,-1,-1,-1
214,29,1389,473,168,302,1,-1,-1,-1
214,30,952,549,100,252,1,-1,-1,-1
215,21,1727,575,180,280,1,-1,-1,-1
215,29,1387,474,168,302,1,-1,-1,-1
215,30,947,546,100,252,1,-1,-1,-1
216,21,1722,572,180,280,1,-1,-1,-1
216,29,1384,473,168,302,1,-1,-1,-1
216,30,943,542,100,252,1,-1,-1,-1
217,21,1716,560,184,272,1,-1,-1,-1
217,29,1372,468,176,276,1,-1,-1,-1
217,30,932,536,108,256,1,-1,-1,-1
217,45,260,320,112,156,1,-1,-1,-1
217,46,540,340,88,220,1,-1,-1,-1
217,47,472,320,64,200,1,-1,-1,-1
218,21,1717,564,175,259,1,-1,-1,-1
218,29,1374,472,168,263,1,-1,-1,-1
218,30,930,533,108,256,1,-1,-1,-1
218,45,256,318,112,156,1,-1,-1,-1
218,46,534,338,92,231,1,-1,-1,-1
218,47,470,319,64,200,1,-1,-1,-1
219,21,1715,560,175,259,1,-1,-1,-1
219,29,1370,470,168,263,1,-1,-1,-1
219,30,925,527,108,256,1,-1,-1,-1
219,45,250,317,112,156,1,-1,-1,-1
219,46,530,338,92,231,1,-1,-1,-1
219,47,468,309,64,200,1,-1,-1,-1
220,21,1710,557,175,259,1,-1,-1,-1
220,29,1366,467,168,263,1,-1,-1,-1
220,30,921,524,108,256,1,-1,-1,-1
220,45,238,310,112,156,1,-1,-1,-1
220,46,527,333,97,243,1,-1,-1,-1
221,21,1708,554,175,259,1,-1,-1,-1
221,29,1362,463,168,263,1,-1,-1,-1
221,30,917,521,108,256,1,-1,-1,-1
221,45,230,306,118,164,1,-1,-1,-1
221,46,527,328,97,243,1,-1,-1,-1
222,21,1705,550,175,259,1,-1,-1,-1
222,29,1360,461,168,263,1,-1,-1,-1
222,30,913,518,108,256,1,-1,-1,-1
222,45,215,302,123,172,1,-1,-1,-1
222,46,526,324,92,231,1,-1,-1,-1
223,21,1701,546,175,259,1,-1,-1,-1
223,29,1357,457,168,263,1,-1,-1,-1
223,30,910,516,108,256,1,-1,-1,-1
224,21,1705,541,175,259,1,-1,-1,-1
224,29,1359,451,168,263,1,-1,-1,-1
224,30,911,513,108,256,1,-1,-1,-1
225,21,1700,536,184,264,1,-1,-1,-1
225,29,1356,440,168,268,1,-1,-1,-1
225,30,920,500,88,264,1,-1,-1,-1
225,48,184,288,184,172,1,-1,-1,-1
225,49,524,320,100,220,1,-1,-1,-1
226,21,1699,534,184,264,1,-1,-1,-1
226,29,1358,446,160,255,1,-1,-1,-1
226,30,918,499,88,264,1,-1,-1,-1
226,48,180,285,184,172,1,-1,-1,-1
226,49,522,317,100,220,1,-1,-1,-1
227,21,1696,532,184,264,1,-1,-1,-1
227,29,1356,443,160,255,1,-1,-1,-1
227,30,916,498,88,264,1,-1,-1,-1
227,48,176,281,184,172,1,-1,-1,-1
227,49,519,313,100,220,1,-1,-1,-1
228,21,1694,530,184,264,1,-1,-1,-1
228,29,1353,441,160,255,1,-1,-1,-1
228,30,913,497,88,264,1,-1,-1,-1
228,48,173,277,184,172,1,-1,-1,-1
228,49,515,307,100,220,1,-1,-1,-1
229,21,1693,528,184,264,1,-1,-1,-1
229,29,1351,440,160,255,1,-1,-1,-1
229,30,911,495,88,264,1,-1,-1,-1
229,48,169,274,184,172,1,-1,-1,-1
229,49,512,305,100,220,1,-1,-1,-1
230,21,1691,526,184,264,1,-1,-1,-1
230,29,1347,432,168,268,1,-1,-1,-1
230,30,909,494,88,264,1,-1,-1,-1
230,48,165,271,184,172,1,-1,-1,-1
230,49,509,307,100,220,1,-1,-1,-1
231,21,1690,524,184,264,1,-1,-1,-1
231,29,1346,429,168,268,1,-1,-1,-1
231,30,906,492,88,264,1,-1,-1,-1
231,48,162,270,184,172,1,-1,-1,-1
231,49,508,309,100,220,1,-1,-1,-1
232,21,1688,524,184,264,1,-1,-1,-1
232,29,1346,428,168,268,1,-1,-1,-1
232,30,905,490,88,264,1,-1,-1,-1
232,48,163,270,184,172,1,-1,-1,-1
232,49,507,311,100,220,1,-1,-1,-1
233,21,1688,524,188,264,1,-1,-1,-1
233,29,1352,424,160,280,1,-1,-1,-1
233,30,896,488,96,268,1,-1,-1,-1
233,48,132,268,204,184,1,-1,-1,-1
233,49,460,308,148,208,1,-1,-1,-1
233,50,384,304,88,164,1,-1,-1,-1
234,21,1688,523,188,264,1,-1,-1,-1
234,29,1352,422,160,280,1,-1,-1,-1
234,30,896,487,96,268,1,-1,-1,-1
234,48,131,267,204,184,1,-1,-1,-1
234,49,458,306,148,208,1,-1,-1,-1
234,50,382,301,88,164,1,-1,-1,-1
235,21,1686,523,188,264,1,-1,-1,-1
235,29,1352,422,160,280,1,-1,-1,-1
235,30,895,487,96,268,1,-1,-1,-1
235,48,130,266,204,184,1,-1,-1,-1
235,49,456,303,148,208,1,-1,-1,-1
235,50,381,297,88,164,1,-1,-1,-1
236,21,1684,522,188,264,1,-1,-1,-1
236,29,1353,421,160,280,1,-1,-1,-1
236,30,895,487,96,268,1,-1,-1,-1
236,48,130,263,204,184,1,-1,-1,-1
236,49,454,301,148,208,1,-1,-1,-1
236,50,378,291,88,164,1,-1,-1,-1
237,21,1687,520,188,264,1,-1,-1,-1
237,29,1359,425,152,267,1,-1,-1,-1
237,30,897,486,96,268,1,-1,-1,-1
237,48,133,262,204,184,1,-1,-1,-1
237,49,453,298,148,208,1,-1,-1,-1
237,50,377,288,88,164,1,-1,-1,-1
238,21,1693,519,188,264,1,-1,-1,-1
238,29,1364,424,152,267,1,-1,-1,-1
238,30,904,483,96,268,1,-1,-1,-1
238,48,140,261,204,184,1,-1,-1,-1
238,49,457,295,148,208,1,-1,-1,-1
238,50,381,286,88,164,1,-1,-1,-1
239,21,1702,518,188,264,1,-1,-1,-1
239,29,1373,423,152,267,1,-1,-1,-1
239,30,910,484,96,268,1,-1,-1,-1
239,48,148,259,204,184,1,-1,-1,-1
239,49,462,292,148,208,1,-1,-1,-1
239,50,384,286,88,164,1,-1,-1,-1
240,21,1710,517,188,264,1,-1,-1,-1
240,29,1384,423,152,267,1,-1,-1,-1
240,30,921,484,96,268,1,-1,-1,-1
240,48,158,258,204,184,1,-1,-1,-1
240,49,468,290,148,208,1,-1,-1,-1
240,50,391,285,88,164,1,-1,-1,-1
241,21,1712,512,208,256,1,-1,-1,-1
241,29,1388,408,168,272,1,-1,-1,-1
241,30,928,500,108,248,1,-1,-1,-1
241,48,188,248,180,188,1,-1,-1,-1
241,49,484,276,140,232,1,-1,-1,-1
241,50,391,285,88,164,1,-1,-1,-1
242,21,1721,511,208,256,1,-1,-1,-1
242,29,1400,414,160,259,1,-1,-1,-1
242,30,937,499,108,248,1,-1,-1,-1
242,48,198,247,180,188,1,-1,-1,-1
242,49,490,275,140,232,1,-1,-1,-1
242,50,410,288,88,164,1,-1,-1,-1
243,21,1731,511,208,256,1,-1,-1,-1
243,29,1413,412,160,259,1,-1,-1,-1
243,30,949,499,108,248,1,-1,-1,-1
243,48,209,245,180,188,1,-1,-1,-1
243,49,502,281,133,221,1,-1,-1,-1
243,50,424,287,88,164,1,-1,-1,-1
244,21,1741,511,208,256,1,-1,-1,-1
244,29,1422,413,160,259,1,-1,-1,-1
244,30,961,499,108,248,1,-1,-1,-1
244,48,219,245,180,188,1,-1,-1,-1
244,49,511,281,133,221,1,-1,-1,-1
244,50,431,285,88,164,1,-1,-1,-1
245,21,1754,517,198,244,1,-1,-1,-1
245,29,1433,413,160,259,1,-1,-1,-1
245,30,970,497,108,248,1,-1,-1,-1
245,48,230,245,180,188,1,-1,-1,-1
245,49,520,280,133,221,1,-1,-1,-1
245,50,437,284,88,164,1,-1,-1,-1
246,21,1769,522,189,232,1,-1,-1,-1
246,29,1446,411,160,259,1,-1,-1,-1
246,30,982,497,108,248,1,-1,-1,-1
246,48,242,244,180,188,1,-1,-1,-1
246,49,531,281,133,221,1,-1,-1,-1
246,50,450,281,88,164,1,-1,-1,-1
247,21,1780,523,189,232,1,-1,-1,-1
247,29,1455,410,160,259,1,-1,-1,-1
247,30,990,493,108,248,1,-1,-1,-1
247,48,252,242,180,188,1,-1,-1,-1
247,49,541,279,133,221,1,-1,-1,-1
247,50,457,277,88,164,1,-1,-1,-1
248,21,1791,522,189,232,1,-1,-1,-1
248,29,1465,411,160,259,1,-1,-1,-1
248,30,997,488,113,260,1,-1,-1,-1
248,48,262,242,180,188,1,-1,-1,-1
248,49,556,278,133,221,1,-1,-1,-1
248,50,467,277,88,164,1,-1,-1,-1
249,21,1784,512,204,252,1,-1,-1,-1
249,29,1480,400,168,276,1,-1,-1,-1
249,30,997,488,113,260,1,-1,-1,-1
249,48,272,240,184,192,1,-1,-1,-1
249,49,556,278,133,221,1,-1,-1,-1
249,50,467,277,88,164,1,-1,-1,-1
250,21,1802,511,204,252,1,-1,-1,-1
250,29,1493,399,168,276,1,-1,-1,-1
250,30,1019,484,113,260,1,-1,-1,-1
250,48,275,232,184,192,1,-1,-1,-1
250,49,569,270,133,221,1,-1,-1,-1
251,21,1821,508,204,252,1,-1,-1,-1
251,29,1511,393,168,276,1,-1,-1,-1
251,30,1027,479,113,260,1,-1,-1,-1
251,48,279,230,184,192,1,-1,-1,-1
251,49,575,266,133,221,1,-1,-1,-1
252,21,1839,508,204,252,1,-1,-1,-1
252,29,1518,385,176,290,1,-1,-1,-1
252,30,1035,473,119,273,1,-1,-1,-1
252,48,281,224,184,192,1,-1,-1,-1
252,49,575,254,140,232,1,-1,-1,-1
253,21,1860,507,204,252,1,-1,-1,-1
253,29,1541,382,176,290,1,-1,-1,-1
253,30,1045,472,119,273,1,-1,-1,-1
253,48,283,217,184,192,1,-1,-1,-1
253,49,581,249,140,232,1,-1,-1,-1
254,21,1884,508,204,252,1,-1,-1,-1
254,29,1564,386,168,276,1,-1,-1,-1
254,30,1061,465,119,273,1,-1,-1,-1
254,48,287,213,184,192,1,-1,-1,-1
254,49,582,245,140,232,1,-1,-1,-1
255,21,1913,506,204,252,1,-1,-1,-1
255,29,1588,383,168,276,1,-1,-1,-1
255,30,1074,464,119,273,1,-1,-1,-1
255,48,287,206,184,192,1,-1,-1,-1
255,49,581,232,147,244,1,-1,-1,-1
256,21,1938,505,204,252,1,-1,-1,-1
256,29,1607,382,168,276,1,-1,-1,-1
256,30,1083,467,119,273,1,-1,-1,-1
256,48,282,202,184,192,1,-1,-1,-1
256,49,582,228,147,244,1,-1,-1,-1
257,21,1964,500,216,260,1,-1,-1,-1
257,29,1616,368,208,304,1,-1,-1,-1
257,30,1084,456,144,276,1,-1,-1,-1
257,48,268,180,200,220,1,-1,-1,-1
257,49,484,228,264,244,1,-1,-1,-1
258,21,1987,502,216,260,1,-1,-1,-1
258,29,1638,367,208,304,1,-1,-1,-1
258,30,1090,458,144,276,1,-1,-1,-1
258,48,264,176,200,220,1,-1,-1,-1
258,49,484,225,264,244,1,-1,-1,-1
259,21,2006,495,227,273,1,-1,-1,-1
259,29,1656,364,208,304,1,-1,-1,-1
259,30,1098,458,144,276,1,-1,-1,-1
259,48,258,171,200,220,1,-1,-1,-1
259,49,481,223,264,244,1,-1,-1,-1
260,21,2032,494,227,273,1,-1,-1,-1
260,29,1676,365,208,304,1,-1,-1,-1
260,30,1107,458,144,276,1,-1,-1,-1
260,48,254,164,200,220,1,-1,-1,-1
260,49,479,220,264,244,1,-1,-1,-1
261,21,2057,496,227,273,1,-1,-1,-1
261,29,1693,365,208,304,1,-1,-1,-1
261,30,1115,459,144,276,1,-1,-1,-1
261,48,246,158,200,220,1,-1,-1,-1
261,49,473,212,264,244,1,-1,-1,-1
262,21,2077,494,227,273,1,-1,-1,-1
262,29,1706,356,218,319,1,-1,-1,-1
262,30,1121,457,144,276,1,-1,-1,-1
262,48,235,147,200,220,1,-1,-1,-1
262,49,469,207,264,244,1,-1,-1,-1
263,21,2093,487,238,287,1,-1,-1,-1
263,29,1723,353,218,319,1,-1,-1,-1
263,30,1125,456,144,276,1,-1,-1,-1
263,48,227,138,200,220,1,-1,-1,-1
263,49,457,191,277,256,1,-1,-1,-1
264,21,2116,489,238,287,1,-1,-1,-1
264,29,1742,362,208,304,1,-1,-1,-1
264,30,1129,456,144,276,1,-1,-1,-1
264,48,214,133,200,220,1,-1,-1,-1
264,49,451,184,277,256,1,-1,-1,-1
265,21,2116,489,238,287,1,-1,-1,-1
265,29,1756,328,248,352,1,-1,-1,-1
265,30,1128,436,168,320,1,-1,-1,-1
265,48,196,120,220,224,1,-1,-1,-1
265,49,451,184,277,256,1,-1,-1,-1
266,21,2158,488,238,287,1,-1,-1,-1
266,29,1772,326,248,352,1,-1,-1,-1
266,30,1130,437,168,320,1,-1,-1,-1
266,48,187,116,220,224,1,-1,-1,-1
266,49,434,167,291,269,1,-1,-1,-1
267,21,2180,484,250,301,1,-1,-1,-1
267,29,1786,317,260,370,1,-1,-1,-1
267,30,1130,427,176,336,1,-1,-1,-1
267,48,176,107,220,224,1,-1,-1,-1
267,49,428,160,291,269,1,-1,-1,-1
268,21,2203,489,250,301,1,-1,-1,-1
268,29,1800,316,260,370,1,-1,-1,-1
268,30,1132,430,176,336,1,-1,-1,-1
268,48,162,101,220,224,1,-1,-1,-1
268,49,420,154,291,269,1,-1,-1,-1
269,21,2227,490,250,301,1,-1,-1,-1
269,29,1823,316,260,370,1,-1,-1,-1
269,30,1136,431,176,336,1,-1,-1,-1
269,48,149,97,220,224,1,-1,-1,-1
269,49,418,151,291,269,1,-1,-1,-1
