1,0,1556,468,108,172,1,-1,-1,-1
1,1,1456,560,76,156,1,-1,-1,-1
1,2,848,544,84,160,1,-1,-1,-1
1,3,292,500,160,208,1,-1,-1,-1
1,4,1088,544,48,140,1,-1,-1,-1
1,5,1924,536,72,184,1,-1,-1,-1
2,0,1552,466,108,172,1,-1,-1,-1
2,1,1452,557,76,156,1,-1,-1,-1
2,2,853,543,84,160,1,-1,-1,-1
2,3,288,499,160,208,1,-1,-1,-1
2,4,1084,540,50,147,1,-1,-1,-1
2,5,1921,535,72,184,1,-1,-1,-1
3,0,1549,464,108,172,1,-1,-1,-1
3,1,1443,553,76,156,1,-1,-1,-1
3,2,855,542,84,160,1,-1,-1,-1
3,3,284,498,160,208,1,-1,-1,-1
3,4,1080,539,50,147,1,-1,-1,-1
3,5,1915,534,72,184,1,-1,-1,-1
4,0,1546,466,108,172,1,-1,-1,-1
4,1,1440,548,76,156,1,-1,-1,-1
4,2,855,531,84,160,1,-1,-1,-1
4,3,279,496,160,208,1,-1,-1,-1
4,4,1076,538,50,147,1,-1,-1,-1
4,5,1912,532,72,184,1,-1,-1,-1
5,0,1537,462,108,172,1,-1,-1,-1
5,1,1433,543,80,164,1,-1,-1,-1
5,2,845,532,88,168,1,-1,-1,-1
5,3,275,495,160,208,1,-1,-1,-1
5,4,1071,536,50,147,1,-1,-1,-1
5,5,1904,531,72,184,1,-1,-1,-1
6,0,1534,460,108,172,1,-1,-1,-1
6,1,1427,542,80,164,1,-1,-1,-1
6,2,846,530,84,160,1,-1,-1,-1
6,3,271,494,160,208,1,-1,-1,-1
6,4,1066,535,50,147,1,-1,-1,-1
6,5,1900,532,72,184,1,-1,-1,-1
7,0,1530,458,108,172,1,-1,-1,-1
7,1,1421,540,80,164,1,-1,-1,-1
7,2,852,523,88,168,1,-1,-1,-1
7,3,266,492,160,208,1,-1,-1,-1
7,4,1062,533,50,147,1,-1,-1,-1
7,5,1892,529,72,184,1,-1,-1,-1
8,0,1522,454,113,181,1,-1,-1,-1
8,1,1418,539,80,164,1,-1,-1,-1
8,2,855,515,88,168,1,-1,-1,-1
8,3,260,492,160,208,1,-1,-1,-1
8,4,1057,533,50,147,1,-1,-1,-1
8,5,1888,533,69,175,1,-1,-1,-1
9,0,1520,456,108,176,1,-1,-1,-1
9,1,1404,520,68,184,1,-1,-1,-1
9,2,855,515,88,168,1,-1,-1,-1
9,3,256,492,156,204,1,-1,-1,-1
9,4,1052,528,52,148,1,-1,-1,-1
9,5,1888,533,69,175,1,-1,-1,-1
9,6,1784,500,136,196,1,-1,-1,-1
9,7,888,520,76,160,1,-1,-1,-1
10,0,1518,457,108,176,1,-1,-1,-1
10,1,1400,518,68,184,1,-1,-1,-1
10,2,878,522,84,160,1,-1,-1,-1
10,3,253,491,156,204,1,-1,-1,-1
10,4,1050,527,52,148,1,-1,-1,-1
10,5,1877,529,69,175,1,-1,-1,-1
10,6,1781,499,136,196,1,-1,-1,-1
10,7,889,519,76,160,1,-1,-1,-1
11,0,1513,456,108,176,1,-1,-1,-1
11,1,1395,516,68,184,1,-1,-1,-1
11,2,883,529,80,152,1,-1,-1,-1
11,3,249,491,156,204,1,-1,-1,-1
11,4,1047,526,52,148,1,-1,-1,-1
11,5,1872,527,72,184,1,-1,-1,-1
11,6,1776,499,136,196,1,-1,-1,-1
11,7,889,518,76,160,1,-1,-1,-1
12,0,1507,456,108,176,1,-1,-1,-1
12,1,1388,513,68,184,1,-1,-1,-1
12,2,880,526,84,160,1,-1,-1,-1
12,3,245,490,156,204,1,-1,-1,-1
12,4,1042,526,52,148,1,-1,-1,-1
12,5,1866,520,76,193,1,-1,-1,-1
12,6,1772,498,136,196,1,-1,-1,-1
12,7,885,511,80,168,1,-1,-1,-1
13,0,1503,454,108,176,1,-1,-1,-1
13,1,1382,511,68,184,1,-1,-1,-1
13,3,242,490,156,204,1,-1,-1,-1
13,4,1037,525,52,148,1,-1,-1,-1
13,6,1769,498,136,196,1,-1,-1,-1
13,7,883,509,80,168,1,-1,-1,-1
14,0,1500,454,108,176,1,-1,-1,-1
14,1,1379,516,68,184,1,-1,-1,-1
14,3,237,491,156,204,1,-1,-1,-1
14,4,1034,529,50,141,1,-1,-1,-1
14,6,1764,497,136,196,1,-1,-1,-1
14,7,887,512,76,160,1,-1,-1,-1
15,0,1495,453,108,176,1,-1,-1,-1
15,1,1373,516,71,193,1,-1,-1,-1
15,3,234,490,156,204,1,-1,-1,-1
15,4,1028,525,52,148,1,-1,-1,-1
15,6,1760,496,136,196,1,-1,-1,-1
15,7,886,512,72,152,1,-1,-1,-1
16,0,1492,453,108,176,1,-1,-1,-1
16,1,1368,516,71,193,1,-1,-1,-1
16,3,229,490,156,204,1,-1,-1,-1
16,4,1025,527,52,148,1,-1,-1,-1
16,6,1756,497,136,196,1,-1,-1,-1
16,7,885,510,72,152,1,-1,-1,-1
17,0,1492,453,108,176,1,-1,-1,-1
17,1,1368,516,71,193,1,-1,-1,-1
17,3,229,490,156,204,1,-1,-1,-1
17,4,1025,527,52,148,1,-1,-1,-1
17,6,1756,497,136,196,1,-1,-1,-1
17,7,885,510,72,152,1,-1,-1,-1
18,0,1485,452,108,176,1,-1,-1,-1
18,1,1355,502,71,193,1,-1,-1,-1
18,3,222,490,156,204,1,-1,-1,-1
18,4,1011,526,52,148,1,-1,-1,-1
18,6,1748,496,136,196,1,-1,-1,-1
18,7,884,511,69,145,1,-1,-1,-1
19,0,1482,451,108,176,1,-1,-1,-1
19,1,1352,511,68,184,1,-1,-1,-1
19,3,219,490,156,204,1,-1,-1,-1
19,4,1006,525,52,148,1,-1,-1,-1
19,6,1746,495,136,196,1,-1,-1,-1
19,7,883,508,72,152,1,-1,-1,-1
20,0,1479,451,108,176,1,-1,-1,-1
20,1,1348,513,68,184,1,-1,-1,-1
20,3,217,490,156,204,1,-1,-1,-1
20,4,999,521,55,155,1,-1,-1,-1
20,6,1743,492,136,196,1,-1,-1,-1
20,7,882,506,76,160,1,-1,-1,-1
21,0,1475,450,108,176,1,-1,-1,-1
21,3,214,489,156,204,1,-1,-1,-1
21,4,998,524,52,148,1,-1,-1,-1
21,6,1738,491,136,196,1,-1,-1,-1
22,0,1472,450,108,176,1,-1,-1,-1
22,3,211,489,156,204,1,-1,-1,-1
22,4,996,525,52,148,1,-1,-1,-1
22,6,1736,490,136,196,1,-1,-1,-1
23,0,1470,449,108,176,1,-1,-1,-1
23,3,209,488,156,204,1,-1,-1,-1
23,4,994,525,55,155,1,-1,-1,-1
23,6,1734,488,136,196,1,-1,-1,-1
24,0,1469,448,108,176,1,-1,-1,-1
24,3,204,484,164,214,1,-1,-1,-1
24,6,1733,488,136,196,1,-1,-1,-1
25,0,1460,440,108,168,1,-1,-1,-1
25,3,204,484,164,214,1,-1,-1,-1
25,6,1728,500,128,176,1,-1,-1,-1
25,8,1320,528,80,148,1,-1,-1,-1
26,0,1459,440,108,168,1,-1,-1,-1
26,3,200,482,164,214,1,-1,-1,-1
26,6,1726,500,128,176,1,-1,-1,-1
26,8,1318,526,80,148,1,-1,-1,-1
27,0,1457,440,108,168,1,-1,-1,-1
27,3,202,486,156,204,1,-1,-1,-1
27,6,1723,503,128,176,1,-1,-1,-1
27,8,1313,522,84,155,1,-1,-1,-1
28,0,1459,443,103,160,1,-1,-1,-1
28,3,199,486,156,204,1,-1,-1,-1
28,6,1721,505,128,176,1,-1,-1,-1
28,8,1308,525,84,155,1,-1,-1,-1
29,0,1457,443,103,160,1,-1,-1,-1
29,3,197,486,156,204,1,-1,-1,-1
29,6,1717,506,128,176,1,-1,-1,-1
29,8,1307,532,80,148,1,-1,-1,-1
30,0,1455,442,103,160,1,-1,-1,-1
30,3,194,487,156,204,1,-1,-1,-1
30,6,1714,506,128,176,1,-1,-1,-1
30,8,1301,530,84,155,1,-1,-1,-1
31,0,1453,442,103,160,1,-1,-1,-1
31,3,192,487,156,204,1,-1,-1,-1
31,6,1711,504,128,176,1,-1,-1,-1
31,8,1298,532,84,155,1,-1,-1,-1
32,0,1447,437,108,168,1,-1,-1,-1
32,3,190,486,156,204,1,-1,-1,-1
32,6,1709,503,128,176,1,-1,-1,-1
32,8,1295,530,84,155,1,-1,-1,-1
33,0,1448,436,108,180,1,-1,-1,-1
33,3,184,488,160,200,1,-1,-1,-1
33,6,1712,492,112,176,1,-1,-1,-1
33,8,1295,530,84,155,1,-1,-1,-1
33,9,940,524,116,132,1,-1,-1,-1
33,10,1260,524,76,140,1,-1,-1,-1
33,11,880,504,56,152,1,-1,-1,-1
34,0,1447,436,108,180,1,-1,-1,-1
34,3,182,488,160,200,1,-1,-1,-1
34,6,1710,491,112,176,1,-1,-1,-1
34,8,1282,524,84,155,1,-1,-1,-1
34,9,937,522,116,132,1,-1,-1,-1
34,10,1252,524,76,140,1,-1,-1,-1
34,11,879,505,56,152,1,-1,-1,-1
35,0,1446,435,108,180,1,-1,-1,-1
35,3,182,489,160,200,1,-1,-1,-1
35,6,1704,492,112,176,1,-1,-1,-1
35,8,1271,524,84,155,1,-1,-1,-1
35,9,932,520,116,132,1,-1,-1,-1
35,10,1245,523,76,140,1,-1,-1,-1
35,11,878,506,56,152,1,-1,-1,-1
36,0,1444,434,108,180,1,-1,-1,-1
36,3,180,489,160,200,1,-1,-1,-1
36,6,1698,491,112,176,1,-1,-1,-1
36,8,1251,518,88,163,1,-1,-1,-1
36,9,934,522,110,126,1,-1,-1,-1
36,10,1234,517,72,133,1,-1,-1,-1
36,11,877,506,56,152,1,-1,-1,-1
37,0,1442,435,108,180,1,-1,-1,-1
37,3,178,490,160,200,1,-1,-1,-1
37,6,1689,488,118,185,1,-1,-1,-1
37,9,929,522,110,126,1,-1,-1,-1
37,10,1222,520,72,133,1,-1,-1,-1
37,11,875,505,56,152,1,-1,-1,-1
38,0,1438,432,113,189,1,-1,-1,-1
38,3,178,491,160,200,1,-1,-1,-1
38,6,1681,488,118,185,1,-1,-1,-1
38,9,928,522,110,126,1,-1,-1,-1
38,10,1220,526,69,127,1,-1,-1,-1
38,11,873,508,56,152,1,-1,-1,-1
39,0,1442,437,108,180,1,-1,-1,-1
39,3,179,492,160,200,1,-1,-1,-1
39,6,1668,487,118,185,1,-1,-1,-1
39,9,931,526,110,126,1,-1,-1,-1
39,10,1217,525,72,133,1,-1,-1,-1
39,11,873,514,56,152,1,-1,-1,-1
40,0,1442,437,108,180,1,-1,-1,-1
40,3,180,492,160,200,1,-1,-1,-1
40,6,1673,488,112,176,1,-1,-1,-1
40,9,931,532,110,126,1,-1,-1,-1
40,10,1218,527,69,127,1,-1,-1,-1
40,11,873,505,59,160,1,-1,-1,-1
41,0,1444,436,108,172,1,-1,-1,-1
41,3,188,488,160,212,1,-1,-1,-1
41,6,1673,488,112,176,1,-1,-1,-1
41,9,932,536,72,128,1,-1,-1,-1
41,10,1216,520,68,148,1,-1,-1,-1
41,11,873,505,59,160,1,-1,-1,-1
41,12,1636,528,100,140,1,-1,-1,-1
41,13,1716,488,60,160,1,-1,-1,-1
42,0,1448,440,103,164,1,-1,-1,-1
42,3,189,489,160,212,1,-1,-1,-1
42,6,1704,487,112,176,1,-1,-1,-1
42,9,930,536,72,128,1,-1,-1,-1
42,10,1215,521,68,148,1,-1,-1,-1
42,11,874,487,59,160,1,-1,-1,-1
42,12,1633,528,100,140,1,-1,-1,-1
42,13,1716,488,60,160,1,-1,-1,-1
43,0,1451,439,103,164,1,-1,-1,-1
43,3,195,490,160,212,1,-1,-1,-1
43,6,1713,485,112,176,1,-1,-1,-1
43,9,931,537,72,128,1,-1,-1,-1
43,10,1214,523,68,148,1,-1,-1,-1
43,11,877,503,56,152,1,-1,-1,-1
43,12,1633,527,100,140,1,-1,-1,-1
43,13,1718,488,60,160,1,-1,-1,-1
44,0,1455,440,103,164,1,-1,-1,-1
44,3,202,496,152,202,1,-1,-1,-1
44,6,1716,487,112,176,1,-1,-1,-1
44,9,942,526,72,128,1,-1,-1,-1
44,10,1212,513,71,155,1,-1,-1,-1
44,11,877,498,56,152,1,-1,-1,-1
44,12,1631,525,100,140,1,-1,-1,-1
44,13,1722,488,60,160,1,-1,-1,-1
45,0,1458,438,103,164,1,-1,-1,-1
45,3,205,496,152,202,1,-1,-1,-1
45,6,1720,487,112,176,1,-1,-1,-1
45,9,945,525,72,128,1,-1,-1,-1
45,10,1210,512,71,155,1,-1,-1,-1
45,11,878,496,56,152,1,-1,-1,-1
45,12,1627,525,100,140,1,-1,-1,-1
45,13,1726,487,60,160,1,-1,-1,-1
46,0,1461,438,103,164,1,-1,-1,-1
46,3,210,496,152,202,1,-1,-1,-1
46,6,1726,485,112,176,1,-1,-1,-1
46,9,945,520,76,134,1,-1,-1,-1
46,10,1209,509,71,155,1,-1,-1,-1
46,11,876,495,56,152,1,-1,-1,-1
46,12,1626,529,100,140,1,-1,-1,-1
46,13,1728,482,63,168,1,-1,-1,-1
47,0,1466,437,103,164,1,-1,-1,-1
47,3,213,496,152,202,1,-1,-1,-1
47,9,945,515,79,141,1,-1,-1,-1
47,10,1205,506,71,155,1,-1,-1,-1
47,11,876,491,56,152,1,-1,-1,-1
47,12,1625,537,100,140,1,-1,-1,-1
47,13,1732,482,63,168,1,-1,-1,-1
48,0,1467,437,103,164,1,-1,-1,-1
48,3,216,497,152,202,1,-1,-1,-1
48,9,947,510,83,148,1,-1,-1,-1
48,10,1201,504,75,163,1,-1,-1,-1
48,11,874,488,59,160,1,-1,-1,-1
48,12,1622,536,100,140,1,-1,-1,-1
48,13,1735,481,63,168,1,-1,-1,-1
49,0,1472,432,104,176,1,-1,-1,-1
49,3,216,497,152,202,1,-1,-1,-1
49,9,947,510,83,148,1,-1,-1,-1
49,10,1192,520,84,144,1,-1,-1,-1
49,11,874,488,59,160,1,-1,-1,-1
49,12,1624,520,92,140,1,-1,-1,-1
49,13,1735,481,63,168,1,-1,-1,-1
50,0,1475,436,99,168,1,-1,-1,-1
50,3,221,497,152,202,1,-1,-1,-1
50,9,950,506,88,156,1,-1,-1,-1
50,10,1190,518,84,144,1,-1,-1,-1
50,11,875,488,59,160,1,-1,-1,-1
50,12,1623,517,92,140,1,-1,-1,-1
50,13,1739,479,63,168,1,-1,-1,-1
51,0,1476,431,104,176,1,-1,-1,-1
51,3,225,497,152,202,1,-1,-1,-1
51,9,946,514,88,156,1,-1,-1,-1
51,10,1187,517,84,144,1,-1,-1,-1
51,11,876,484,59,160,1,-1,-1,-1
51,12,1621,514,92,140,1,-1,-1,-1
51,13,1741,478,63,168,1,-1,-1,-1
52,0,1480,431,104,176,1,-1,-1,-1
52,3,228,498,152,202,1,-1,-1,-1
52,9,945,517,83,148,1,-1,-1,-1
52,10,1178,509,88,151,1,-1,-1,-1
52,11,878,483,59,160,1,-1,-1,-1
52,12,1618,511,92,140,1,-1,-1,-1
52,13,1745,478,63,168,1,-1,-1,-1
53,0,1484,432,104,176,1,-1,-1,-1
53,3,230,496,152,202,1,-1,-1,-1
53,10,1175,509,88,151,1,-1,-1,-1
53,11,878,489,56,152,1,-1,-1,-1
53,12,1614,509,92,140,1,-1,-1,-1
53,13,1749,478,63,168,1,-1,-1,-1
54,0,1487,432,104,176,1,-1,-1,-1
54,3,234,496,152,202,1,-1,-1,-1
54,10,1169,506,93,159,1,-1,-1,-1
54,11,880,507,53,145,1,-1,-1,-1
54,12,1611,510,92,140,1,-1,-1,-1
54,13,1752,478,63,168,1,-1,-1,-1
55,0,1490,433,104,176,1,-1,-1,-1
55,3,237,497,152,202,1,-1,-1,-1
55,10,1163,502,97,167,1,-1,-1,-1
55,11,881,510,51,138,1,-1,-1,-1
55,12,1606,509,92,140,1,-1,-1,-1
55,13,1756,478,63,168,1,-1,-1,-1
56,0,1493,433,104,176,1,-1,-1,-1
56,3,239,497,152,202,1,-1,-1,-1
56,10,1158,496,102,175,1,-1,-1,-1
56,11,877,510,51,138,1,-1,-1,-1
56,12,1603,509,92,140,1,-1,-1,-1
56,13,1758,478,63,168,1,-1,-1,-1
57,0,1496,436,124,172,1,-1,-1,-1
57,3,239,497,152,202,1,-1,-1,-1
57,10,1144,500,96,164,1,-1,-1,-1
57,11,877,510,51,138,1,-1,-1,-1
57,12,1612,524,84,136,1,-1,-1,-1
57,13,1758,478,63,168,1,-1,-1,-1
57,14,948,536,60,120,1,-1,-1,-1
57,15,1764,484,132,172,1,-1,-1,-1
58,0,1497,437,124,172,1,-1,-1,-1
58,3,245,499,152,202,1,-1,-1,-1
58,10,1140,501,96,164,1,-1,-1,-1
58,11,872,519,51,138,1,-1,-1,-1
58,12,1608,524,84,136,1,-1,-1,-1
58,13,1763,479,63,168,1,-1,-1,-1
58,14,948,539,60,120,1,-1,-1,-1
58,15,1766,484,132,172,1,-1,-1,-1
59,0,1500,439,124,172,1,-1,-1,-1
59,3,247,499,152,202,1,-1,-1,-1
59,10,1139,505,96,164,1,-1,-1,-1
59,12,1607,524,84,136,1,-1,-1,-1
59,13,1768,482,60,160,1,-1,-1,-1
59,14,949,544,60,120,1,-1,-1,-1
59,15,1769,484,132,172,1,-1,-1,-1
60,0,1502,440,124,172,1,-1,-1,-1
60,3,251,502,152,202,1,-1,-1,-1
60,10,1138,514,96,164,1,-1,-1,-1
60,12,1605,521,88,143,1,-1,-1,-1
60,13,1771,484,60,160,1,-1,-1,-1
60,14,948,548,63,126,1,-1,-1,-1
60,15,1772,486,132,172,1,-1,-1,-1
61,0,1504,442,124,172,1,-1,-1,-1
61,3,252,502,152,202,1,-1,-1,-1
61,10,1132,513,96,164,1,-1,-1,-1
61,12,1603,523,88,143,1,-1,-1,-1
61,13,1775,488,57,152,1,-1,-1,-1
61,14,949,547,63,126,1,-1,-1,-1
61,15,1774,488,132,172,1,-1,-1,-1
62,0,1506,444,124,172,1,-1,-1,-1
62,3,254,505,152,202,1,-1,-1,-1
62,10,1115,513,96,164,1,-1,-1,-1
62,12,1601,525,88,143,1,-1,-1,-1
62,13,1776,491,57,152,1,-1,-1,-1
62,14,952,546,63,126,1,-1,-1,-1
62,15,1776,490,132,172,1,-1,-1,-1
63,0,1507,446,124,172,1,-1,-1,-1
63,3,257,508,152,202,1,-1,-1,-1
63,10,1100,514,96,164,1,-1,-1,-1
63,12,1597,530,88,143,1,-1,-1,-1
63,13,1779,493,57,152,1,-1,-1,-1
63,14,953,549,60,120,1,-1,-1,-1
63,15,1781,498,126,164,1,-1,-1,-1
64,0,1509,448,124,172,1,-1,-1,-1
64,3,259,513,152,202,1,-1,-1,-1
64,10,1089,520,96,164,1,-1,-1,-1
64,12,1593,537,88,143,1,-1,-1,-1
64,13,1782,500,54,145,1,-1,-1,-1
64,14,954,550,60,120,1,-1,-1,-1
64,15,1783,502,126,164,1,-1,-1,-1
65,0,1509,448,124,172,1,-1,-1,-1
65,3,256,512,164,208,1,-1,-1,-1
65,10,1068,540,92,132,1,-1,-1,-1
65,12,1572,536,92,152,1,-1,-1,-1
65,13,1782,500,54,145,1,-1,-1,-1
65,14,952,544,60,116,1,-1,-1,-1
65,15,1783,502,126,164,1,-1,-1,-1
65,16,872,476,52,168,1,-1,-1,-1
66,0,1512,462,124,172,1,-1,-1,-1
66,3,257,517,164,208,1,-1,-1,-1
66,10,1062,547,92,132,1,-1,-1,-1
66,12,1572,544,92,152,1,-1,-1,-1
66,13,1786,512,54,145,1,-1,-1,-1
66,14,952,547,60,116,1,-1,-1,-1
66,15,1787,515,126,164,1,-1,-1,-1
66,16,872,482,50,160,1,-1,-1,-1
67,0,1518,468,118,164,1,-1,-1,-1
67,3,258,522,164,208,1,-1,-1,-1
67,10,1055,555,88,126,1,-1,-1,-1
67,12,1572,551,92,152,1,-1,-1,-1
67,13,1788,517,54,145,1,-1,-1,-1
67,14,951,554,60,116,1,-1,-1,-1
67,15,1789,519,126,164,1,-1,-1,-1
67,16,874,497,47,152,1,-1,-1,-1
68,0,1519,473,124,172,1,-1,-1,-1
68,3,261,527,164,208,1,-1,-1,-1
68,10,1043,556,92,132,1,-1,-1,-1
68,12,1571,557,92,152,1,-1,-1,-1
68,13,1790,523,54,145,1,-1,-1,-1
68,14,949,560,60,116,1,-1,-1,-1
68,15,1790,525,126,164,1,-1,-1,-1
68,16,874,505,50,160,1,-1,-1,-1
69,0,1521,479,124,172,1,-1,-1,-1
69,3,262,534,164,208,1,-1,-1,-1
69,10,1038,561,92,132,1,-1,-1,-1
69,12,1573,561,92,152,1,-1,-1,-1
69,13,1792,529,54,145,1,-1,-1,-1
69,14,951,568,60,116,1,-1,-1,-1
69,15,1792,530,126,164,1,-1,-1,-1
69,16,872,519,50,160,1,-1,-1,-1
70,0,1524,484,124,172,1,-1,-1,-1
70,3,264,539,164,208,1,-1,-1,-1
70,10,1033,562,92,132,1,-1,-1,-1
70,12,1570,564,92,152,1,-1,-1,-1
70,13,1794,531,54,145,1,-1,-1,-1
70,14,954,581,57,110,1,-1,-1,-1
70,15,1795,536,126,164,1,-1,-1,-1
70,16,872,523,50,160,1,-1,-1,-1
71,0,1527,488,124,172,1,-1,-1,-1
71,3,266,543,164,208,1,-1,-1,-1
71,10,1032,563,88,126,1,-1,-1,-1
71,12,1564,576,88,145,1,-1,-1,-1
71,13,1795,539,57,152,1,-1,-1,-1
71,14,955,600,57,110,1,-1,-1,-1
71,15,1798,541,126,164,1,-1,-1,-1
71,16,871,518,52,168,1,-1,-1,-1
72,0,1529,494,124,172,1,-1,-1,-1
72,3,269,547,164,208,1,-1,-1,-1
72,10,1028,561,88,126,1,-1,-1,-1
72,12,1554,578,88,145,1,-1,-1,-1
72,13,1797,542,57,152,1,-1,-1,-1
72,14,954,606,57,110,1,-1,-1,-1
72,15,1800,546,126,164,1,-1,-1,-1
72,16,874,528,50,160,1,-1,-1,-1
73,0,1524,496,128,228,1,-1,-1,-1
73,3,280,560,152,200,1,-1,-1,-1
73,10,1028,556,72,168,1,-1,-1,-1
73,12,1554,578,88,145,1,-1,-1,-1
73,13,1797,542,57,152,1,-1,-1,-1
73,14,954,606,57,110,1,-1,-1,-1
73,15,1812,556,120,168,1,-1,-1,-1
73,16,874,528,50,160,1,-1,-1,-1
74,0,1524,498,128,228,1,-1,-1,-1
74,3,282,563,152,200,1,-1,-1,-1
74,10,1025,562,72,168,1,-1,-1,-1
74,12,1540,583,92,152,1,-1,-1,-1
74,13,1801,552,57,152,1,-1,-1,-1
74,14,946,602,57,110,1,-1,-1,-1
74,15,1815,559,120,168,1,-1,-1,-1
74,16,876,530,47,152,1,-1,-1,-1
75,0,1524,508,128,228,1,-1,-1,-1
75,3,287,573,145,190,1,-1,-1,-1
75,10,1020,567,72,168,1,-1,-1,-1
75,12,1536,593,92,152,1,-1,-1,-1
75,13,1804,556,57,152,1,-1,-1,-1
75,14,940,595,54,105,1,-1,-1,-1
75,15,1819,565,120,168,1,-1,-1,-1
75,16,876,533,47,152,1,-1,-1,-1
76,0,1522,512,128,228,1,-1,-1,-1
76,3,286,572,152,200,1,-1,-1,-1
76,10,1016,569,76,176,1,-1,-1,-1
76,12,1530,597,92,152,1,-1,-1,-1
76,13,1807,561,57,152,1,-1,-1,-1
76,14,937,589,54,105,1,-1,-1,-1
76,15,1821,569,120,168,1,-1,-1,-1
76,16,875,532,47,152,1,-1,-1,-1
77,0,1519,516,128,228,1,-1,-1,-1
77,3,290,576,152,200,1,-1,-1,-1
77,10,1011,572,76,176,1,-1,-1,-1
77,12,1527,599,92,152,1,-1,-1,-1
77,13,1810,565,57,152,1,-1,-1,-1
77,14,937,591,52,100,1,-1,-1,-1
77,15,1823,573,120,168,1,-1,-1,-1
78,0,1523,524,122,217,1,-1,-1,-1
78,3,293,580,152,200,1,-1,-1,-1
78,10,1000,582,72,168,1,-1,-1,-1
78,12,1520,596,97,160,1,-1,-1,-1
78,13,1814,571,54,145,1,-1,-1,-1
78,15,1826,578,120,168,1,-1,-1,-1
79,0,1539,523,122,217,1,-1,-1,-1
79,3,295,585,152,200,1,-1,-1,-1
79,10,1000,588,69,160,1,-1,-1,-1
79,13,1817,576,54,145,1,-1,-1,-1
79,15,1829,581,120,168,1,-1,-1,-1
80,0,1546,521,128,228,1,-1,-1,-1
80,3,298,590,152,200,1,-1,-1,-1
80,10,996,592,69,160,1,-1,-1,-1
80,13,1819,578,54,145,1,-1,-1,-1
80,15,1831,585,120,168,1,-1,-1,-1
81,0,1546,521,128,228,1,-1,-1,-1
81,3,296,588,160,204,1,-1,-1,-1
81,10,996,592,69,160,1,-1,-1,-1
81,13,1819,578,54,145,1,-1,-1,-1
81,15,1832,588,116,160,1,-1,-1,-1
81,17,1488,524,112,232,1,-1,-1,-1
82,0,1551,528,128,228,1,-1,-1,-1
82,3,297,590,160,204,1,-1,-1,-1
82,10,982,614,65,152,1,-1,-1,-1
82,13,1824,584,54,145,1,-1,-1,-1
82,15,1834,590,116,160,1,-1,-1,-1
82,17,1488,527,112,232,1,-1,-1,-1
83,0,1552,529,128,228,1,-1,-1,-1
83,3,300,592,160,204,1,-1,-1,-1
83,10,980,614,65,152,1,-1,-1,-1
83,13,1827,588,54,145,1,-1,-1,-1
83,15,1836,593,116,160,1,-1,-1,-1
83,17,1488,532,112,232,1,-1,-1,-1
84,0,1556,533,128,228,1,-1,-1,-1
84,3,302,594,160,204,1,-1,-1,-1
84,10,977,607,65,152,1,-1,-1,-1
84,13,1829,590,54,145,1,-1,-1,-1
84,15,1838,595,116,160,1,-1,-1,-1
84,17,1487,537,112,232,1,-1,-1,-1
85,0,1557,536,128,228,1,-1,-1,-1
85,3,300,593,168,214,1,-1,-1,-1
85,13,1831,594,54,145,1,-1,-1,-1
85,15,1840,598,116,160,1,-1,-1,-1
85,17,1487,542,112,232,1,-1,-1,-1
86,0,1557,538,128,228,1,-1,-1,-1
86,3,305,599,160,204,1,-1,-1,-1
86,13,1833,596,54,145,1,-1,-1,-1
86,15,1841,601,116,160,1,-1,-1,-1
86,17,1487,545,112,232,1,-1,-1,-1
87,3,307,601,160,204,1,-1,-1,-1
87,13,1835,598,54,145,1,-1,-1,-1
87,15,1843,603,116,160,1,-1,-1,-1
87,17,1487,547,112,232,1,-1,-1,-1
88,3,308,603,160,204,1,-1,-1,-1
88,13,1836,600,54,145,1,-1,-1,-1
88,15,1845,605,116,160,1,-1,-1,-1
88,17,1487,543,118,244,1,-1,-1,-1
89,3,308,596,160,216,1,-1,-1,-1
89,13,1836,600,54,145,1,-1,-1,-1
89,15,1845,605,116,160,1,-1,-1,-1
89,17,1487,543,118,244,1,-1,-1,-1
89,18,1484,640,76,136,1,-1,-1,-1
89,19,1564,544,120,176,1,-1,-1,-1
90,3,309,597,160,216,1,-1,-1,-1
90,13,1838,603,54,145,1,-1,-1,-1
90,15,1847,608,116,160,1,-1,-1,-1
90,17,1486,539,123,256,1,-1,-1,-1
90,18,1484,639,76,136,1,-1,-1,-1
90,19,1565,545,120,176,1,-1,-1,-1
91,3,310,599,160,216,1,-1,-1,-1
91,13,1839,604,54,145,1,-1,-1,-1
91,15,1846,610,116,160,1,-1,-1,-1
91,17,1489,544,118,244,1,-1,-1,-1
91,18,1484,639,76,136,1,-1,-1,-1
91,19,1566,547,120,176,1,-1,-1,-1
92,3,311,600,160,216,1,-1,-1,-1
92,13,1840,606,54,145,1,-1,-1,-1
92,15,1847,611,116,160,1,-1,-1,-1
92,17,1488,542,123,256,1,-1,-1,-1
92,18,1483,639,76,136,1,-1,-1,-1
92,19,1569,553,114,168,1,-1,-1,-1
93,3,311,601,160,216,1,-1,-1,-1
93,13,1840,608,54,145,1,-1,-1,-1
93,15,1847,613,116,160,1,-1,-1,-1
93,17,1490,541,123,256,1,-1,-1,-1
93,18,1483,640,76,136,1,-1,-1,-1
93,19,1570,553,114,168,1,-1,-1,-1
94,3,311,602,160,216,1,-1,-1,-1
94,13,1840,609,54,145,1,-1,-1,-1
94,15,1846,614,116,160,1,-1,-1,-1
94,17,1491,543,130,269,1,-1,-1,-1
94,18,1480,641,76,136,1,-1,-1,-1
94,19,1571,555,114,168,1,-1,-1,-1
95,3,310,602,160,216,1,-1,-1,-1
95,13,1840,611,54,145,1,-1,-1,-1
95,15,1846,615,116,160,1,-1,-1,-1
95,17,1497,546,123,256,1,-1,-1,-1
95,18,1473,640,76,136,1,-1,-1,-1
95,19,1571,556,114,168,1,-1,-1,-1
96,3,310,603,160,216,1,-1,-1,-1
96,13,1839,612,54,145,1,-1,-1,-1
96,15,1846,616,116,160,1,-1,-1,-1
96,18,1466,643,72,130,1,-1,-1,-1
96,19,1567,553,120,176,1,-1,-1,-1
97,3,312,616,156,212,1,-1,-1,-1
97,13,1839,612,54,145,1,-1,-1,-1
97,15,1846,616,116,160,1,-1,-1,-1
97,18,1468,640,68,148,1,-1,-1,-1
97,19,1572,560,120,180,1,-1,-1,-1
98,3,312,616,156,212,1,-1,-1,-1
98,13,1838,615,54,145,1,-1,-1,-1
98,15,1842,614,122,168,1,-1,-1,-1
98,18,1466,640,68,148,1,-1,-1,-1
98,19,1573,560,120,180,1,-1,-1,-1
99,3,313,616,156,212,1,-1,-1,-1
99,13,1836,615,54,145,1,-1,-1,-1
99,15,1841,615,122,168,1,-1,-1,-1
99,18,1464,640,68,148,1,-1,-1,-1
99,19,1572,561,120,180,1,-1,-1,-1
100,3,313,617,156,212,1,-1,-1,-1
100,13,1835,616,54,145,1,-1,-1,-1
100,15,1839,617,122,168,1,-1,-1,-1
100,18,1462,639,68,148,1,-1,-1,-1
100,19,1573,562,120,180,1,-1,-1,-1
101,3,313,618,156,212,1,-1,-1,-1
101,13,1834,616,54,145,1,-1,-1,-1
101,15,1841,621,116,160,1,-1,-1,-1
101,18,1459,638,68,148,1,-1,-1,-1
101,19,1574,562,120,180,1,-1,-1,-1
102,3,313,618,156,212,1,-1,-1,-1
102,13,1832,617,54,145,1,-1,-1,-1
102,15,1840,621,116,160,1,-1,-1,-1
102,18,1456,641,68,148,1,-1,-1,-1
102,19,1573,562,120,180,1,-1,-1,-1
103,3,312,618,156,212,1,-1,-1,-1
103,13,1831,617,54,145,1,-1,-1,-1
103,15,1839,623,116,160,1,-1,-1,-1
103,18,1452,651,68,148,1,-1,-1,-1
103,19,1572,563,120,180,1,-1,-1,-1
104,3,311,618,156,212,1,-1,-1,-1
104,13,1830,618,54,145,1,-1,-1,-1
104,15,1838,624,116,160,1,-1,-1,-1
104,18,1452,657,65,141,1,-1,-1,-1
104,19,1572,564,120,180,1,-1,-1,-1
105,3,312,620,160,208,1,-1,-1,-1
105,13,1830,618,54,145,1,-1,-1,-1
105,15,1832,628,128,176,1,-1,-1,-1
105,18,1452,632,68,156,1,-1,-1,-1
105,19,1568,560,116,180,1,-1,-1,-1
105,20,876,592,64,156,1,-1,-1,-1
105,21,1004,552,56,132,1,-1,-1,-1
106,3,312,620,160,208,1,-1,-1,-1
106,13,1827,620,54,145,1,-1,-1,-1
106,15,1831,628,128,176,1,-1,-1,-1
106,18,1451,631,68,156,1,-1,-1,-1
106,19,1567,560,116,180,1,-1,-1,-1
106,20,874,595,64,156,1,-1,-1,-1
106,21,1006,553,56,132,1,-1,-1,-1
107,3,313,621,160,208,1,-1,-1,-1
107,13,1824,617,57,152,1,-1,-1,-1
107,15,1829,628,128,176,1,-1,-1,-1
107,18,1450,632,68,156,1,-1,-1,-1
107,19,1567,560,116,180,1,-1,-1,-1
107,20,872,599,64,156,1,-1,-1,-1
107,21,1010,555,56,132,1,-1,-1,-1
108,3,313,622,160,208,1,-1,-1,-1
108,13,1823,619,57,152,1,-1,-1,-1
108,15,1828,628,128,176,1,-1,-1,-1
108,18,1449,632,68,156,1,-1,-1,-1
108,19,1567,561,116,180,1,-1,-1,-1
108,20,870,597,64,156,1,-1,-1,-1
108,21,1014,558,56,132,1,-1,-1,-1
109,3,312,623,160,208,1,-1,-1,-1
109,13,1821,619,57,152,1,-1,-1,-1
109,15,1827,630,128,176,1,-1,-1,-1
109,18,1445,625,71,164,1,-1,-1,-1
109,19,1566,561,116,180,1,-1,-1,-1
109,20,873,598,61,149,1,-1,-1,-1
109,21,1017,554,59,139,1,-1,-1,-1
110,3,312,622,160,208,1,-1,-1,-1
110,13,1819,619,57,152,1,-1,-1,-1
110,15,1827,630,128,176,1,-1,-1,-1
110,18,1441,622,71,164,1,-1,-1,-1
110,19,1566,561,116,180,1,-1,-1,-1
110,20,873,599,61,149,1,-1,-1,-1
110,21,1022,549,59,139,1,-1,-1,-1
111,3,310,622,160,208,1,-1,-1,-1
111,15,1825,631,128,176,1,-1,-1,-1
111,18,1437,621,71,164,1,-1,-1,-1
111,19,1566,562,116,180,1,-1,-1,-1
111,20,877,601,58,141,1,-1,-1,-1
111,21,1022,539,62,146,1,-1,-1,-1
112,3,310,622,160,208,1,-1,-1,-1
112,15,1823,632,128,176,1,-1,-1,-1
112,18,1434,619,71,164,1,-1,-1,-1
112,19,1566,562,116,180,1,-1,-1,-1
112,20,880,595,55,135,1,-1,-1,-1
112,21,1023,534,65,153,1,-1,-1,-1
113,3,312,620,160,208,1,-1,-1,-1
113,15,1816,632,108,168,1,-1,-1,-1
113,18,1424,628,92,160,1,-1,-1,-1
113,19,1564,564,112,176,1,-1,-1,-1
113,20,868,584,52,156,1,-1,-1,-1
113,21,1036,540,56,120,1,-1,-1,-1
114,3,311,620,160,208,1,-1,-1,-1
114,15,1814,632,108,168,1,-1,-1,-1
114,18,1422,630,92,160,1,-1,-1,-1
114,19,1563,564,112,176,1,-1,-1,-1
114,20,867,584,52,156,1,-1,-1,-1
114,21,1038,539,56,120,1,-1,-1,-1
115,3,310,620,160,208,1,-1,-1,-1
115,15,1813,632,108,168,1,-1,-1,-1
115,18,1418,632,92,160,1,-1,-1,-1
115,19,1563,565,112,176,1,-1,-1,-1
115,20,865,584,52,156,1,-1,-1,-1
115,21,1040,534,59,126,1,-1,-1,-1
116,3,311,620,160,208,1,-1,-1,-1
116,15,1811,631,108,168,1,-1,-1,-1
116,18,1413,630,92,160,1,-1,-1,-1
116,19,1564,565,112,176,1,-1,-1,-1
116,20,864,578,55,164,1,-1,-1,-1
116,21,1045,533,56,120,1,-1,-1,-1
117,3,311,620,160,208,1,-1,-1,-1
117,15,1807,628,113,176,1,-1,-1,-1
117,18,1405,625,97,168,1,-1,-1,-1
117,19,1564,565,112,176,1,-1,-1,-1
117,20,864,583,52,156,1,-1,-1,-1
117,21,1049,531,56,120,1,-1,-1,-1
118,3,310,620,160,208,1,-1,-1,-1
118,15,1803,628,113,176,1,-1,-1,-1
118,18,1402,625,97,168,1,-1,-1,-1
118,19,1562,565,112,176,1,-1,-1,-1
118,20,864,588,50,149,1,-1,-1,-1
118,21,1052,532,56,120,1,-1,-1,-1
119,3,309,620,160,208,1,-1,-1,-1
119,15,1802,628,113,176,1,-1,-1,-1
119,18,1400,623,97,168,1,-1,-1,-1
119,19,1562,565,112,176,1,-1,-1,-1
119,20,862,585,50,149,1,-1,-1,-1
119,21,1051,531,56,120,1,-1,-1,-1
120,3,308,620,160,208,1,-1,-1,-1
120,15,1800,629,113,176,1,-1,-1,-1
120,18,1396,624,97,168,1,-1,-1,-1
120,19,1561,566,112,176,1,-1,-1,-1
120,20,859,584,52,156,1,-1,-1,-1
120,21,1052,533,56,120,1,-1,-1,-1
121,3,304,620,160,208,1,-1,-1,-1
121,15,1800,628,108,176,1,-1,-1,-1
121,18,1380,636,84,148,1,-1,-1,-1
121,19,1560,564,108,180,1,-1,-1,-1
121,20,859,584,52,156,1,-1,-1,-1
121,21,1052,533,56,120,1,-1,-1,-1
121,22,876,572,72,168,1,-1,-1,-1
122,3,303,622,160,208,1,-1,-1,-1
122,15,1796,624,113,185,1,-1,-1,-1
122,18,1378,637,84,148,1,-1,-1,-1
122,19,1560,563,108,180,1,-1,-1,-1
122,20,872,534,55,164,1,-1,-1,-1
122,21,1051,539,56,120,1,-1,-1,-1
122,22,877,573,72,168,1,-1,-1,-1
123,3,305,627,152,198,1,-1,-1,-1
123,15,1795,624,113,185,1,-1,-1,-1
123,18,1374,637,84,148,1,-1,-1,-1
123,19,1559,564,108,180,1,-1,-1,-1
123,20,876,537,55,164,1,-1,-1,-1
123,21,1053,536,59,126,1,-1,-1,-1
123,22,878,575,72,168,1,-1,-1,-1
124,3,308,631,145,189,1,-1,-1,-1
124,15,1793,625,113,185,1,-1,-1,-1
124,18,1371,640,84,148,1,-1,-1,-1
124,19,1557,564,108,180,1,-1,-1,-1
124,20,878,542,52,156,1,-1,-1,-1
124,21,1054,534,62,132,1,-1,-1,-1
124,22,877,578,72,168,1,-1,-1,-1
125,3,307,633,145,189,1,-1,-1,-1
125,15,1791,625,113,185,1,-1,-1,-1
125,18,1367,643,84,148,1,-1,-1,-1
125,19,1555,565,108,180,1,-1,-1,-1
125,22,877,576,72,168,1,-1,-1,-1
126,3,306,634,145,189,1,-1,-1,-1
126,15,1792,629,108,176,1,-1,-1,-1
126,18,1363,646,84,148,1,-1,-1,-1
126,19,1555,566,108,180,1,-1,-1,-1
126,22,880,579,69,160,1,-1,-1,-1
127,3,303,634,145,189,1,-1,-1,-1
127,15,1790,629,108,176,1,-1,-1,-1
127,18,1362,646,84,148,1,-1,-1,-1
127,19,1553,566,108,180,1,-1,-1,-1
127,22,882,587,65,152,1,-1,-1,-1
128,3,303,633,145,189,1,-1,-1,-1
128,15,1792,634,103,168,1,-1,-1,-1
128,18,1361,646,84,148,1,-1,-1,-1
128,19,1553,567,108,180,1,-1,-1,-1
128,22,881,582,65,152,1,-1,-1,-1
129,3,292,620,164,212,1,-1,-1,-1
129,15,1780,632,116,192,1,-1,-1,-1
129,18,1356,628,76,148,1,-1,-1,-1
129,19,1548,568,108,180,1,-1,-1,-1
129,22,881,582,65,152,1,-1,-1,-1
129,23,924,552,64,132,1,-1,-1,-1
130,3,291,620,164,212,1,-1,-1,-1
130,15,1780,632,116,192,1,-1,-1,-1
130,18,1355,627,76,148,1,-1,-1,-1
130,19,1547,567,108,180,1,-1,-1,-1
130,22,875,605,65,152,1,-1,-1,-1
130,23,925,553,64,132,1,-1,-1,-1
131,3,289,620,164,212,1,-1,-1,-1
131,15,1779,632,116,192,1,-1,-1,-1
131,18,1353,627,76,148,1,-1,-1,-1
131,19,1546,566,108,180,1,-1,-1,-1
131,22,873,602,65,152,1,-1,-1,-1
131,23,927,553,64,132,1,-1,-1,-1
132,3,288,621,164,212,1,-1,-1,-1
132,15,1776,633,116,192,1,-1,-1,-1
132,18,1348,623,80,155,1,-1,-1,-1
132,19,1544,568,108,180,1,-1,-1,-1
132,22,873,602,65,152,1,-1,-1,-1
132,23,928,550,64,132,1,-1,-1,-1
133,3,287,621,164,212,1,-1,-1,-1
133,15,1776,632,116,192,1,-1,-1,-1
133,18,1346,622,80,155,1,-1,-1,-1
133,19,1543,569,108,180,1,-1,-1,-1
133,23,929,548,64,132,1,-1,-1,-1
134,3,285,621,164,212,1,-1,-1,-1
134,15,1775,632,116,192,1,-1,-1,-1
134,18,1342,622,80,155,1,-1,-1,-1
134,19,1543,569,108,180,1,-1,-1,-1
134,23,924,552,67,139,1,-1,-1,-1
135,3,284,622,164,212,1,-1,-1,-1
135,15,1776,637,110,183,1,-1,-1,-1
135,18,1338,621,80,155,1,-1,-1,-1
135,19,1541,570,108,180,1,-1,-1,-1
135,23,910,553,67,139,1,-1,-1,-1
136,3,283,622,164,212,1,-1,-1,-1
136,15,1775,637,110,183,1,-1,-1,-1
136,18,1336,620,80,155,1,-1,-1,-1
136,19,1541,570,108,180,1,-1,-1,-1
136,23,894,561,71,146,1,-1,-1,-1
137,3,280,632,160,200,1,-1,-1,-1
137,15,1764,640,124,160,1,-1,-1,-1
137,18,1324,648,88,140,1,-1,-1,-1
137,19,1540,580,112,172,1,-1,-1,-1
137,23,894,561,71,146,1,-1,-1,-1
138,3,262,627,160,200,1,-1,-1,-1
138,15,1761,635,124,160,1,-1,-1,-1
138,18,1314,643,88,140,1,-1,-1,-1
138,19,1535,576,112,172,1,-1,-1,-1
138,23,881,557,71,146,1,-1,-1,-1
139,3,255,628,160,200,1,-1,-1,-1
139,15,1770,635,124,160,1,-1,-1,-1
139,18,1315,642,88,140,1,-1,-1,-1
139,19,1540,574,112,172,1,-1,-1,-1
139,23,881,552,74,153,1,-1,-1,-1
140,3,248,630,160,200,1,-1,-1,-1
140,15,1783,636,124,160,1,-1,-1,-1
140,18,1317,642,88,140,1,-1,-1,-1
140,19,1551,576,112,172,1,-1,-1,-1
140,23,885,551,74,153,1,-1,-1,-1
141,3,230,633,160,200,1,-1,-1,-1
141,15,1798,639,124,160,1,-1,-1,-1
141,18,1323,646,84,133,1,-1,-1,-1
141,19,1561,578,112,172,1,-1,-1,-1
141,23,886,556,74,153,1,-1,-1,-1
142,3,213,635,160,200,1,-1,-1,-1
142,15,1812,641,124,160,1,-1,-1,-1
142,18,1324,646,84,133,1,-1,-1,-1
142,19,1568,578,112,172,1,-1,-1,-1
143,3,201,639,160,200,1,-1,-1,-1
143,15,1825,643,124,160,1,-1,-1,-1
143,18,1328,652,80,127,1,-1,-1,-1
143,19,1580,580,112,172,1,-1,-1,-1
144,3,183,643,160,200,1,-1,-1,-1
144,15,1836,645,124,160,1,-1,-1,-1
144,18,1330,655,80,127,1,-1,-1,-1
144,19,1586,583,112,172,1,-1,-1,-1
145,3,164,624,180,236,1,-1,-1,-1
145,15,1856,636,128,192,1,-1,-1,-1
145,18,1332,632,88,172,1,-1,-1,-1
145,19,1596,564,120,200,1,-1,-1,-1
145,24,884,540,88,172,1,-1,-1,-1
146,3,144,627,180,236,1,-1,-1,-1
146,15,1868,636,128,192,1,-1,-1,-1
146,18,1333,633,88,172,1,-1,-1,-1
146,19,1601,564,120,200,1,-1,-1,-1
146,24,883,536,88,172,1,-1,-1,-1
147,3,125,628,180,236,1,-1,-1,-1
147,15,1880,637,128,192,1,-1,-1,-1
147,18,1333,634,88,172,1,-1,-1,-1
147,19,1609,565,120,200,1,-1,-1,-1
147,24,883,534,88,172,1,-1,-1,-1
148,3,104,627,180,236,1,-1,-1,-1
148,15,1893,636,128,192,1,-1,-1,-1
148,18,1333,633,88,172,1,-1,-1,-1
148,19,1615,563,120,200,1,-1,-1,-1
148,24,880,531,88,172,1,-1,-1,-1
149,3,88,626,180,236,1,-1,-1,-1
149,15,1904,637,128,192,1,-1,-1,-1
149,18,1334,632,88,172,1,-1,-1,-1
149,19,1622,561,120,200,1,-1,-1,-1
149,24,878,524,88,172,1,-1,-1,-1
150,3,66,626,180,236,1,-1,-1,-1
150,15,1911,633,134,202,1,-1,-1,-1
150,18,1333,631,88,172,1,-1,-1,-1
150,19,1625,555,126,210,1,-1,-1,-1
150,24,875,524,88,172,1,-1,-1,-1
151,3,43,626,180,236,1,-1,-1,-1
151,15,1922,631,134,202,1,-1,-1,-1
151,18,1331,631,88,172,1,-1,-1,-1
151,19,1629,554,126,210,1,-1,-1,-1
151,24,871,520,88,172,1,-1,-1,-1
152,3,18,619,189,248,1,-1,-1,-1
152,15,1934,625,141,212,1,-1,-1,-1
152,18,1331,628,88,172,1,-1,-1,-1
152,19,1637,553,126,210,1,-1,-1,-1
152,24,871,518,88,172,1,-1,-1,-1
153,3,18,619,189,248,1,-1,-1,-1
153,15,1928,608,156,224,1,-1,-1,-1
153,18,1308,612,100,196,1,-1,-1,-1
153,19,1632,532,144,244,1,-1,-1,-1
153,24,871,518,88,172,1,-1,-1,-1
154,3,0,616,162,248,1,-1,-1,-1
154,15,1938,606,156,224,1,-1,-1,-1
154,18,1308,609,100,196,1,-1,-1,-1
154,19,1637,529,144,244,1,-1,-1,-1
154,24,881,583,88,172,1,-1,-1,-1
155,3,0,616,143,248,1,-1,-1,-1
155,15,1956,606,156,224,1,-1,-1,-1
155,18,1311,608,100,196,1,-1,-1,-1
155,19,1648,528,144,244,1,-1,-1,-1
155,24,876,582,92,181,1,-1,-1,-1
156,3,0,613,116,248,1,-1,-1,-1
156,15,1961,602,156,224,1,-1,-1,-1
156,18,1309,602,100,196,1,-1,-1,-1
156,19,1649,523,144,244,1,-1,-1,-1
156,24,869,563,92,181,1,-1,-1,-1
157,3,0,616,98,248,1,-1,-1,-1
157,15,1977,601,156,224,1,-1,-1,-1
157,18,1309,599,100,196,1,-1,-1,-1
157,19,1659,522,144,244,1,-1,-1,-1
157,24,857,508,92,181,1,-1,-1,-1
158,3,0,606,83,260,1,-1,-1,-1
158,15,1989,595,164,235,1,-1,-1,-1
158,18,1308,594,105,206,1,-1,-1,-1
158,19,1663,514,151,256,1,-1,-1,-1
159,3,0,605,67,260,1,-1,-1,-1
159,15,1997,589,172,247,1,-1,-1,-1
159,18,1309,591,105,206,1,-1,-1,-1
159,19,1671,510,151,256,1,-1,-1,-1
160,3,0,611,55,260,1,-1,-1,-1
160,15,2016,589,172,247,1,-1,-1,-1
160,18,1308,587,110,216,1,-1,-1,-1
160,19,1681,504,159,269,1,-1,-1,-1
161,3,0,611,55,260,1,-1,-1,-1
161,15,2020,584,184,264,1,-1,-1,-1
161,18,1296,584,124,236,1,-1,-1,-1
161,19,1688,492,160,272,1,-1,-1,-1
162,3,0,665,77,248,1,-1,-1,-1
162,15,2023,580,184,264,1,-1,-1,-1
162,18,1291,581,124,236,1,-1,-1,-1
162,19,1688,488,160,272,1,-1,-1,-1
163,3,0,696,71,248,1,-1,-1,-1
163,15,2025,577,184,264,1,-1,-1,-1
163,18,1287,578,124,236,1,-1,-1,-1
163,19,1687,484,160,272,1,-1,-1,-1
164,3,0,700,62,248,1,-1,-1,-1
164,15,2023,574,184,264,1,-1,-1,-1
164,18,1277,572,130,248,1,-1,-1,-1
164,19,1683,482,160,272,1,-1,-1,-1
165,15,2021,572,184,264,1,-1,-1,-1
165,18,1273,570,130,248,1,-1,-1,-1
165,19,1678,480,160,272,1,-1,-1,-1
166,15,2016,570,184,264,1,-1,-1,-1
166,18,1269,568,130,248,1,-1,-1,-1
166,19,1675,478,160,272,1,-1,-1,-1
167,15,2013,567,184,264,1,-1,-1,-1
167,18,1265,564,130,248,1,-1,-1,-1
167,19,1672,477,160,272,1,-1,-1,-1
168,15,2010,565,184,264,1,-1,-1,-1
168,18,1265,570,124,236,1,-1,-1,-1
168,19,1669,475,160,272,1,-1,-1,-1
169,15,2008,568,176,268,1,-1,-1,-1
169,18,1252,568,128,240,1,-1,-1,-1
169,19,1664,468,168,268,1,-1,-1,-1
169,25,792,320,140,312,1,-1,-1,-1
170,15,2007,568,176,268,1,-1,-1,-1
170,18,1249,567,128,240,1,-1,-1,-1
170,19,1663,466,168,268,1,-1,-1,-1
170,25,789,318,140,312,1,-1,-1,-1
171,15,2004,567,176,268,1,-1,-1,-1
171,18,1247,567,128,240,1,-1,-1,-1
171,19,1661,466,168,268,1,-1,-1,-1
171,25,788,320,140,312,1,-1,-1,-1
172,15,2002,566,176,268,1,-1,-1,-1
172,18,1245,566,128,240,1,-1,-1,-1
172,19,1659,466,168,268,1,-1,-1,-1
172,25,789,316,140,312,1,-1,-1,-1
173,15,2000,567,176,268,1,-1,-1,-1
173,18,1237,559,134,252,1,-1,-1,-1
173,19,1656,466,168,268,1,-1,-1,-1
173,25,789,315,140,312,1,-1,-1,-1
174,15,1996,566,176,268,1,-1,-1,-1
174,18,1234,560,134,252,1,-1,-1,-1
174,19,1651,459,176,281,1,-1,-1,-1
174,25,792,311,140,312,1,-1,-1,-1
175,15,1993,566,176,268,1,-1,-1,-1
175,18,1229,561,134,252,1,-1,-1,-1
175,19,1651,467,168,268,1,-1,-1,-1
175,25,790,309,140,312,1,-1,-1,-1
176,15,1990,567,176,268,1,-1,-1,-1
176,18,1226,561,134,252,1,-1,-1,-1
176,19,1647,467,168,268,1,-1,-1,-1
176,25,788,311,140,312,1,-1,-1,-1
177,15,1980,564,188,268,1,-1,-1,-1
177,18,1216,552,144,252,1,-1,-1,-1
177,19,1640,468,184,264,1,-1,-1,-1
177,25,788,311,140,312,1,-1,-1,-1
178,15,1977,565,188,268,1,-1,-1,-1
178,18,1213,551,144,252,1,-1,-1,-1
178,19,1637,468,184,264,1,-1,-1,-1
178,25,780,324,140,312,1,-1,-1,-1
179,15,1974,566,188,268,1,-1,-1,-1
179,18,1209,552,144,252,1,-1,-1,-1
179,19,1632,470,184,264,1,-1,-1,-1
179,25,775,325,140,312,1,-1,-1,-1
180,15,1968,566,188,268,1,-1,-1,-1
180,18,1203,551,144,252,1,-1,-1,-1
180,19,1628,471,184,264,1,-1,-1,-1
180,25,769,329,140,312,1,-1,-1,-1
181,15,1954,563,197,281,1,-1,-1,-1
181,18,1192,552,144,252,1,-1,-1,-1
181,19,1616,472,184,264,1,-1,-1,-1
182,15,1943,566,197,281,1,-1,-1,-1
182,18,1180,553,144,252,1,-1,-1,-1
182,19,1606,474,184,264,1,-1,-1,-1
183,15,1933,566,197,281,1,-1,-1,-1
183,18,1168,554,144,252,1,-1,-1,-1
183,19,1596,477,184,264,1,-1,-1,-1
184,15,1919,568,197,281,1,-1,-1,-1
184,18,1156,553,144,252,1,-1,-1,-1
184,19,1583,478,184,264,1,-1,-1,-1
185,15,1916,576,180,268,1,-1,-1,-1
185,18,1144,560,136,252,1,-1,-1,-1
185,19,1576,472,172,292,1,-1,-1,-1
185,26,624,336,64,204,1,-1,-1,-1
186,15,1903,571,189,281,1,-1,-1,-1
186,18,1138,565,130,240,1,-1,-1,-1
186,19,1563,468,181,307,1,-1,-1,-1
186,26,620,339,64,204,1,-1,-1,-1
187,15,1893,573,189,281,1,-1,-1,-1
187,18,1128,568,130,240,1,-1,-1,-1
187,19,1555,471,181,307,1,-1,-1,-1
187,26,611,332,67,214,1,-1,-1,-1
188,15,1886,573,189,281,1,-1,-1,-1
188,18,1118,568,130,240,1,-1,-1,-1
188,19,1544,471,181,307,1,-1,-1,-1
188,26,600,333,71,225,1,-1,-1,-1
189,15,1877,575,189,281,1,-1,-1,-1
189,18,1110,568,130,240,1,-1,-1,-1
189,19,1536,471,181,307,1,-1,-1,-1
189,26,587,326,71,225,1,-1,-1,-1
190,15,1870,575,189,281,1,-1,-1,-1
190,18,1101,569,130,240,1,-1,-1,-1
190,19,1529,469,181,307,1,-1,-1,-1
190,26,584,333,67,214,1,-1,-1,-1
191,15,1863,576,189,281,1,-1,-1,-1
191,18,1092,570,130,240,1,-1,-1,-1
191,19,1523,469,181,307,1,-1,-1,-1
191,26,587,340,67,214,1,-1,-1,-1
192,15,1856,576,189,281,1,-1,-1,-1
192,18,1084,569,130,240,1,-1,-1,-1
192,19,1515,471,181,307,1,-1,-1,-1
192,26,586,342,67,214,1,-1,-1,-1
193,15,1852,580,180,280,1,-1,-1,-1
193,18,1072,580,136,232,1,-1,-1,-1
193,19,1512,484,168,296,1,-1,-1,-1
193,26,586,342,67,214,1,-1,-1,-1
193,27,664,356,132,256,1,-1,-1,-1
193,28,520,344,80,196,1,-1,-1,-1
194,15,1848,580,180,280,1,-1,-1,-1
194,18,1068,580,136,232,1,-1,-1,-1
194,19,1507,485,168,296,1,-1,-1,-1
194,26,587,353,71,225,1,-1,-1,-1
194,27,659,356,132,256,1,-1,-1,-1
194,28,515,349,80,196,1,-1,-1,-1
195,15,1843,580,180,280,1,-1,-1,-1
195,18,1061,581,136,232,1,-1,-1,-1
195,19,1502,485,168,296,1,-1,-1,-1
195,26,583,347,74,236,1,-1,-1,-1
195,27,653,362,132,256,1,-1,-1,-1
195,28,499,345,84,206,1,-1,-1,-1
196,15,1838,581,180,280,1,-1,-1,-1
196,18,1053,581,136,232,1,-1,-1,-1
196,19,1497,486,168,296,1,-1,-1,-1
196,27,650,364,132,256,1,-1,-1,-1
196,28,493,344,84,206,1,-1,-1,-1
197,15,1831,583,180,280,1,-1,-1,-1
197,18,1044,583,136,232,1,-1,-1,-1
197,19,1492,488,168,296,1,-1,-1,-1
197,27,639,367,132,256,1,-1,-1,-1
197,28,482,345,84,206,1,-1,-1,-1
198,15,1825,582,180,280,1,-1,-1,-1
198,18,1037,584,136,232,1,-1,-1,-1
198,19,1483,478,176,311,1,-1,-1,-1
198,27,634,363,132,256,1,-1,-1,-1
198,28,478,343,84,206,1,-1,-1,-1
199,15,1819,582,180,280,1,-1,-1,-1
199,18,1033,585,136,232,1,-1,-1,-1
199,19,1477,478,176,311,1,-1,-1,-1
199,27,626,364,132,256,1,-1,-1,-1
199,28,474,337,84,206,1,-1,-1,-1
200,15,1812,583,180,280,1,-1,-1,-1
200,18,1029,593,130,221,1,-1,-1,-1
200,19,1470,478,176,311,1,-1,-1,-1
200,27,618,365,132,256,1,-1,-1,-1
200,28,475,345,80,196,1,-1,-1,-1
201,15,1804,584,184,276,1,-1,-1,-1
201,18,1024,576,112,244,1,-1,-1,-1
201,19,1460,492,164,284,1,-1,-1,-1
201,27,618,365,132,256,1,-1,-1,-1
201,28,475,345,80,196,1,-1,-1,-1
201,29,428,348,80,176,1,-1,-1,-1
201,30,608,368,48,188,1,-1,-1,-1
202,15,1799,584,184,276,1,-1,-1,-1
202,18,1018,576,112,244,1,-1,-1,-1
202,19,1455,492,164,284,1,-1,-1,-1
202,27,599,364,132,256,1,-1,-1,-1
202,28,474,352,84,206,1,-1,-1,-1
202,29,422,350,80,176,1,-1,-1,-1
202,30,602,361,50,197,1,-1,-1,-1
203,15,1789,576,193,290,1,-1,-1,-1
203,18,1012,576,112,244,1,-1,-1,-1
203,19,1449,493,164,284,1,-1,-1,-1
203,27,593,364,132,256,1,-1,-1,-1
203,28,463,351,84,206,1,-1,-1,-1
203,29,417,348,80,176,1,-1,-1,-1
203,30,592,359,53,207,1,-1,-1,-1
204,15,1782,578,193,290,1,-1,-1,-1
204,18,1005,577,112,244,1,-1,-1,-1
204,19,1442,493,164,284,1,-1,-1,-1
204,27,584,359,132,256,1,-1,-1,-1
204,29,411,348,80,176,1,-1,-1,-1
204,30,588,365,50,197,1,-1,-1,-1
205,15,1775,578,193,290,1,-1,-1,-1
205,18,995,571,118,256,1,-1,-1,-1
205,19,1436,492,164,284,1,-1,-1,-1
205,29,405,353,80,176,1,-1,-1,-1
205,30,575,367,50,197,1,-1,-1,-1
206,15,1768,578,193,290,1,-1,-1,-1
206,18,987,571,118,256,1,-1,-1,-1
206,19,1430,491,164,284,1,-1,-1,-1
206,29,404,358,76,168,1,-1,-1,-1
206,30,571,374,48,188,1,-1,-1,-1
207,15,1767,585,184,276,1,-1,-1,-1
207,18,980,569,118,256,1,-1,-1,-1
207,19,1424,491,164,284,1,-1,-1,-1
207,29,402,361,73,160,1,-1,-1,-1
207,30,564,372,48,188,1,-1,-1,-1
208,15,1763,584,184,276,1,-1,-1,-1
208,18,976,567,118,256,1,-1,-1,-1
208,19,1417,491,164,284,1,-1,-1,-1
208,29,401,400,73,160,1,-1,-1,-1
208,30,556,351,48,188,1,-1,-1,-1
209,15,1752,584,180,280,1,-1,-1,-1
209,18,972,560,100,252,1,-1,-1,-1
209,19,1412,488,160,288,1,-1,-1,-1
209,29,401,400,73,160,1,-1,-1,-1
209,30,556,351,48,188,1,-1,-1,-1
209,31,360,336,108,180,1,-1,-1,-1
210,15,1749,583,180,280,1,-1,-1,-1
210,18,969,559,100,252,1,-1,-1,-1
210,19,1408,486,160,288,1,-1,-1,-1
210,29,389,400,73,160,1,-1,-1,-1
210,30,557,371,48,188,1,-1,-1,-1
210,31,355,336,108,180,1,-1,-1,-1
211,15,1746,583,180,280,1,-1,-1,-1
211,18,965,557,100,252,1,-1,-1,-1
211,19,1404,486,160,288,1,-1,-1,-1
211,29,385,400,73,160,1,-1,-1,-1
211,30,558,403,48,188,1,-1,-1,-1
211,31,346,334,108,180,1,-1,-1,-1
212,15,1745,589,171,267,1,-1,-1,-1
212,18,961,556,100,252,1,-1,-1,-1
212,19,1399,484,160,288,1,-1,-1,-1
212,29,382,406,73,160,1,-1,-1,-1
212,31,338,337,103,171,1,-1,-1,-1
213,15,1736,579,180,280,1,-1,-1,-1
213,18,957,553,100,252,1,-1,-1,-1
213,19,1395,484,160,288,1,-1,-1,-1
213,31,333,333,108,180,1,-1,-1,-1
214,15,1733,578,180,280,1,-1,-1,-1
214,18,952,549,100,252,1,-1,-1,-1
214,19,1389,473,168,302,1,-1,-1,-1
214,31,332,329,108,180,1,-1,-1,-1
215,15,1727,575,180,280,1,-1,-1,-1
215,18,947,546,100,252,1,-1,-1,-1
215,19,1387,474,168,302,1,-1,-1,-1
215,31,329,324,108,180,1,-1,-1,-1
216,15,1722,572,180,280,1,-1,-1,-1
216,18,943,542,100,252,1,-1,-1,-1
216,19,1384,473,168,302,1,-1,-1,-1
216,31,327,321,108,180,1,-1,-1,-1
217,15,1716,560,184,272,1,-1,-1,-1
217,18,932,536,108,256,1,-1,-1,-1
217,19,1372,468,176,276,1,-1,-1,-1
217,31,327,321,108,180,1,-1,-1,-1
217,32,260,320,112,156,1,-1,-1,-1
217,33,540,340,88,220,1,-1,-1,-1
217,34,472,320,64,200,1,-1,-1,-1
218,15,1717,564,175,259,1,-1,-1,-1
218,18,930,533,108,256,1,-1,-1,-1
218,19,1374,472,168,263,1,-1,-1,-1
218,31,324,315,108,180,1,-1,-1,-1
218,32,256,318,112,156,1,-1,-1,-1
218,33,534,338,92,231,1,-1,-1,-1
218,34,470,319,64,200,1,-1,-1,-1
219,15,1715,560,175,259,1,-1,-1,-1
219,18,925,527,108,256,1,-1,-1,-1
219,19,1370,470,168,263,1,-1,-1,-1
219,31,318,314,108,180,1,-1,-1,-1
219,32,250,317,112,156,1,-1,-1,-1
219,33,530,338,92,231,1,-1,-1,-1
219,34,468,309,64,200,1,-1,-1,-1
220,15,1710,557,175,259,1,-1,-1,-1
220,18,921,524,108,256,1,-1,-1,-1
220,19,1366,467,168,263,1,-1,-1,-1
220,31,316,308,108,180,1,-1,-1,-1
220,32,238,310,112,156,1,-1,-1,-1
220,33,527,333,97,243,1,-1,-1,-1
220,34,465,309,64,200,1,-1,-1,-1
221,15,1708,554,175,259,1,-1,-1,-1
221,18,917,521,108,256,1,-1,-1,-1
221,19,1362,463,168,263,1,-1,-1,-1
221,31,319,304,108,180,1,-1,-1,-1
221,32,230,306,118,164,1,-1,-1,-1
221,33,527,328,97,243,1,-1,-1,-1
221,34,465,321,64,200,1,-1,-1,-1
222,15,1705,550,175,259,1,-1,-1,-1
222,18,913,518,108,256,1,-1,-1,-1
222,19,1360,461,168,263,1,-1,-1,-1
222,32,215,302,123,172,1,-1,-1,-1
222,33,526,324,92,231,1,-1,-1,-1
222,34,462,326,61,190,1,-1,-1,-1
223,15,1701,546,175,259,1,-1,-1,-1
223,18,910,516,108,256,1,-1,-1,-1
223,19,1357,457,168,263,1,-1,-1,-1
223,32,209,299,123,172,1,-1,-1,-1
223,33,522,317,92,231,1,-1,-1,-1
223,34,459,347,61,190,1,-1,-1,-1
224,15,1705,541,175,259,1,-1,-1,-1
224,18,911,513,108,256,1,-1,-1,-1
224,19,1359,451,168,263,1,-1,-1,-1
224,32,204,298,118,164,1,-1,-1,-1
224,33,519,296,97,243,1,-1,-1,-1
224,34,453,360,61,190,1,-1,-1,-1
225,15,1700,536,184,264,1,-1,-1,-1
225,18,920,500,88,264,1,-1,-1,-1
225,19,1356,440,168,268,1,-1,-1,-1
225,32,184,288,184,172,1,-1,-1,-1
225,33,524,320,100,220,1,-1,-1,-1
225,34,453,360,61,190,1,-1,-1,-1
226,15,1699,534,184,264,1,-1,-1,-1
226,18,918,499,88,264,1,-1,-1,-1
226,19,1358,446,160,255,1,-1,-1,-1
226,32,180,285,184,172,1,-1,-1,-1
226,33,522,317,100,220,1,-1,-1,-1
226,34,452,306,61,190,1,-1,-1,-1
227,15,1696,532,184,264,1,-1,-1,-1
227,18,916,498,88,264,1,-1,-1,-1
227,19,1356,443,160,255,1,-1,-1,-1
227,32,176,281,184,172,1,-1,-1,-1
227,33,519,313,100,220,1,-1,-1,-1
227,34,449,279,64,200,1,-1,-1,-1
228,15,1694,530,184,264,1,-1,-1,-1
228,18,913,497,88,264,1,-1,-1,-1
228,19,1353,441,160,255,1,-1,-1,-1
228,32,173,277,184,172,1,-1,-1,-1
228,33,515,307,100,220,1,-1,-1,-1
228,34,444,279,64,200,1,-1,-1,-1
229,15,1693,528,184,264,1,-1,-1,-1
229,18,911,495,88,264,1,-1,-1,-1
229,19,1351,440,160,255,1,-1,-1,-1
229,32,169,274,184,172,1,-1,-1,-1
229,33,512,305,100,220,1,-1,-1,-1
230,15,1691,526,184,264,1,-1,-1,-1
230,18,909,494,88,264,1,-1,-1,-1
230,19,1347,432,168,268,1,-1,-1,-1
230,32,165,271,184,172,1,-1,-1,-1
230,33,509,307,100,220,1,-1,-1,-1
231,15,1690,524,184,264,1,-1,-1,-1
231,18,906,492,88,264,1,-1,-1,-1
231,19,1346,429,168,268,1,-1,-1,-1
231,32,162,270,184,172,1,-1,-1,-1
231,33,508,309,100,220,1,-1,-1,-1
232,15,1688,524,184,264,1,-1,-1,-1
232,18,905,490,88,264,1,-1,-1,-1
232,19,1346,428,168,268,1,-1,-1,-1
232,32,163,270,184,172,1,-1,-1,-1
232,33,507,311,100,220,1,-1,-1,-1
233,15,1688,524,188,264,1,-1,-1,-1
233,18,896,488,96,268,1,-1,-1,-1
233,19,1352,424,160,280,1,-1,-1,-1
233,32,132,268,204,184,1,-1,-1,-1
233,33,460,308,148,208,1,-1,-1,-1
233,35,384,304,88,164,1,-1,-1,-1
234,15,1688,523,188,264,1,-1,-1,-1
234,18,896,487,96,268,1,-1,-1,-1
234,19,1352,422,160,280,1,-1,-1,-1
234,32,131,267,204,184,1,-1,-1,-1
234,33,458,306,148,208,1,-1,-1,-1
234,35,382,301,88,164,1,-1,-1,-1
235,15,1686,523,188,264,1,-1,-1,-1
235,18,895,487,96,268,1,-1,-1,-1
235,19,1352,422,160,280,1,-1,-1,-1
235,32,130,266,204,184,1,-1,-1,-1
235,33,456,303,148,208,1,-1,-1,-1
235,35,381,297,88,164,1,-1,-1,-1
236,15,1684,522,188,264,1,-1,-1,-1
236,18,895,487,96,268,1,-1,-1,-1
236,19,1353,421,160,280,1,-1,-1,-1
236,32,130,263,204,184,1,-1,-1,-1
236,33,454,301,148,208,1,-1,-1,-1
236,35,378,291,88,164,1,-1,-1,-1
237,15,1687,520,188,264,1,-1,-1,-1
237,18,897,486,96,268,1,-1,-1,-1
237,19,1359,425,152,267,1,-1,-1,-1
237,32,133,262,204,184,1,-1,-1,-1
237,33,453,298,148,208,1,-1,-1,-1
237,35,377,288,88,164,1,-1,-1,-1
238,15,1693,519,188,264,1,-1,-1,-1
238,18,904,483,96,268,1,-1,-1,-1
238,19,1364,424,152,267,1,-1,-1,-1
238,32,140,261,204,184,1,-1,-1,-1
238,33,457,295,148,208,1,-1,-1,-1
238,35,381,286,88,164,1,-1,-1,-1
239,15,1702,518,188,264,1,-1,-1,-1
239,18,910,484,96,268,1,-1,-1,-1
239,19,1373,423,152,267,1,-1,-1,-1
239,32,148,259,204,184,1,-1,-1,-1
239,33,462,292,148,208,1,-1,-1,-1
239,35,384,286,88,164,1,-1,-1,-1
240,15,1710,517,188,264,1,-1,-1,-1
240,18,921,484,96,268,1,-1,-1,-1
240,19,1384,423,152,267,1,-1,-1,-1
240,32,158,258,204,184,1,-1,-1,-1
240,33,468,290,148,208,1,-1,-1,-1
240,35,391,285,88,164,1,-1,-1,-1
241,15,1712,512,208,256,1,-1,-1,-1
241,18,928,500,108,248,1,-1,-1,-1
241,19,1388,408,168,272,1,-1,-1,-1
241,32,188,248,180,188,1,-1,-1,-1
241,33,484,276,140,232,1,-1,-1,-1
241,35,391,285,88,164,1,-1,-1,-1
242,15,1721,511,208,256,1,-1,-1,-1
242,18,937,499,108,248,1,-1,-1,-1
242,19,1400,414,160,259,1,-1,-1,-1
242,32,198,247,180,188,1,-1,-1,-1
242,33,490,275,140,232,1,-1,-1,-1
242,35,410,288,88,164,1,-1,-1,-1
243,15,1731,511,208,256,1,-1,-1,-1
243,18,949,499,108,248,1,-1,-1,-1
243,19,1413,412,160,259,1,-1,-1,-1
243,32,209,245,180,188,1,-1,-1,-1
243,33,502,281,133,221,1,-1,-1,-1
243,35,424,287,88,164,1,-1,-1,-1
244,15,1741,511,208,256,1,-1,-1,-1
244,18,961,499,108,248,1,-1,-1,-1
244,19,1422,413,160,259,1,-1,-1,-1
244,32,219,245,180,188,1,-1,-1,-1
244,33,511,281,133,221,1,-1,-1,-1
244,35,431,285,88,164,1,-1,-1,-1
245,15,1754,517,198,244,1,-1,-1,-1
245,18,970,497,108,248,1,-1,-1,-1
245,19,1433,413,160,259,1,-1,-1,-1
245,32,230,245,180,188,1,-1,-1,-1
245,33,520,280,133,221,1,-1,-1,-1
245,35,437,284,88,164,1,-1,-1,-1
246,15,1769,522,189,232,1,-1,-1,-1
246,18,982,497,108,248,1,-1,-1,-1
246,19,1446,411,160,259,1,-1,-1,-1
246,32,242,244,180,188,1,-1,-1,-1
246,33,531,281,133,221,1,-1,-1,-1
246,35,450,281,88,164,1,-1,-1,-1
247,15,1780,523,189,232,1,-1,-1,-1
247,18,990,493,108,248,1,-1,-1,-1
247,19,1455,410,160,259,1,-1,-1,-1
247,32,252,242,180,188,1,-1,-1,-1
247,33,541,279,133,221,1,-1,-1,-1
247,35,457,277,88,164,1,-1,-1,-1
248,15,1791,522,189,232,1,-1,-1,-1
248,18,997,488,113,260,1,-1,-1,-1
248,19,1465,411,160,259,1,-1,-1,-1
248,32,262,242,180,188,1,-1,-1,-1
248,33,556,278,133,221,1,-1,-1,-1
248,35,467,277,88,164,1,-1,-1,-1
249,15,1784,512,204,252,1,-1,-1,-1
249,18,997,488,113,260,1,-1,-1,-1
249,19,1480,400,168,276,1,-1,-1,-1
249,32,272,240,184,192,1,-1,-1,-1
249,33,556,278,133,221,1,-1,-1,-1
249,35,467,277,88,164,1,-1,-1,-1
250,15,1802,511,204,252,1,-1,-1,-1
250,18,1019,484,113,260,1,-1,-1,-1
250,19,1493,399,168,276,1,-1,-1,-1
250,32,275,232,184,192,1,-1,-1,-1
250,33,569,270,133,221,1,-1,-1,-1
250,35,481,267,88,164,1,-1,-1,-1
251,15,1821,508,204,252,1,-1,-1,-1
251,18,1027,479,113,260,1,-1,-1,-1
251,19,1511,393,168,276,1,-1,-1,-1
251,32,279,230,184,192,1,-1,-1,-1
251,33,575,266,133,221,1,-1,-1,-1
252,15,1839,508,204,252,1,-1,-1,-1
252,18,1035,473,119,273,1,-1,-1,-1
252,19,1518,385,176,290,1,-1,-1,-1
252,32,281,224,184,192,1,-1,-1,-1
252,33,575,254,140,232,1,-1,-1,-1
253,15,1860,507,204,252,1,-1,-1,-1
253,18,1045,472,119,273,1,-1,-1,-1
253,19,1541,382,176,290,1,-1,-1,-1
253,32,283,217,184,192,1,-1,-1,-1
253,33,581,249,140,232,1,-1,-1,-1
254,15,1884,508,204,252,1,-1,-1,-1
254,18,1061,465,119,273,1,-1,-1,-1
254,19,1564,386,168,276,1,-1,-1,-1
254,32,287,213,184,192,1,-1,-1,-1
254,33,582,245,140,232,1,-1,-1,-1
255,15,1913,506,204,252,1,-1,-1,-1
255,18,1074,464,119,273,1,-1,-1,-1
255,19,1588,383,168,276,1,-1,-1,-1
255,32,287,206,184,192,1,-1,-1,-1
255,33,581,232,147,244,1,-1,-1,-1
256,15,1938,505,204,252,1,-1,-1,-1
256,18,1083,467,119,273,1,-1,-1,-1
256,19,1607,382,168,276,1,-1,-1,-1
256,32,282,202,184,192,1,-1,-1,-1
257,15,1964,500,216,260,1,-1,-1,-1
257,18,1084,456,144,276,1,-1,-1,-1
257,19,1616,368,208,304,1,-1,-1,-1
257,32,268,180,200,220,1,-1,-1,-1
257,36,484,228,264,244,1,-1,-1,-1
258,15,1987,502,216,260,1,-1,-1,-1
258,18,1090,458,144,276,1,-1,-1,-1
258,19,1638,367,208,304,1,-1,-1,-1
258,32,264,176,200,220,1,-1,-1,-1
258,36,484,225,264,244,1,-1,-1,-1
259,15,2006,495,227,273,1,-1,-1,-1
259,18,1098,458,144,276,1,-1,-1,-1
259,19,1656,364,208,304,1,-1,-1,-1
259,32,258,171,200,220,1,-1,-1,-1
259,36,481,223,264,244,1,-1,-1,-1
260,15,2032,494,227,273,1,-1,-1,-1
260,18,1107,458,144,276,1,-1,-1,-1
260,19,1676,365,208,304,1,-1,-1,-1
260,32,254,164,200,220,1,-1,-1,-1
260,36,479,220,264,244,1,-1,-1,-1
261,15,2057,496,227,273,1,-1,-1,-1
261,18,1115,459,144,276,1,-1,-1,-1
261,19,1693,365,208,304,1,-1,-1,-1
261,32,246,158,200,220,1,-1,-1,-1
261,36,473,212,264,244,1,-1,-1,-1
262,15,2077,494,227,273,1,-1,-1,-1
262,18,1121,457,144,276,1,-1,-1,-1
262,19,1706,356,218,319,1,-1,-1,-1
262,32,235,147,200,220,1,-1,-1,-1
262,36,469,207,264,244,1,-1,-1,-1
263,15,2093,487,238,287,1,-1,-1,-1
263,18,1125,456,144,276,1,-1,-1,-1
263,19,1723,353,218,319,1,-1,-1,-1
263,32,227,138,200,220,1,-1,-1,-1
263,36,457,191,277,256,1,-1,-1,-1
264,15,2116,489,238,287,1,-1,-1,-1
264,18,1129,456,144,276,1,-1,-1,-1
264,19,1742,362,208,304,1,-1,-1,-1
264,32,214,133,200,220,1,-1,-1,-1
264,36,451,184,277,256,1,-1,-1,-1
265,15,2116,489,238,287,1,-1,-1,-1
265,18,1128,436,168,320,1,-1,-1,-1
265,19,1756,328,248,352,1,-1,-1,-1
265,32,196,120,220,224,1,-1,-1,-1
265,36,451,184,277,256,1,-1,-1,-1
266,15,2158,488,238,287,1,-1,-1,-1
266,18,1130,437,168,320,1,-1,-1,-1
266,19,1772,326,248,352,1,-1,-1,-1
266,32,187,116,220,224,1,-1,-1,-1
266,36,434,167,291,269,1,-1,-1,-1
267,15,2180,484,250,301,1,-1,-1,-1
267,18,1130,427,176,336,1,-1,-1,-1
267,19,1786,317,260,370,1,-1,-1,-1
267,32,176,107,220,224,1,-1,-1,-1
267,36,428,160,291,269,1,-1,-1,-1
268,15,2203,489,250,301,1,-1,-1,-1
268,18,1132,430,176,336,1,-1,-1,-1
268,19,1800,316,260,370,1,-1,-1,-1
268,32,162,101,220,224,1,-1,-1,-1
268,36,420,154,291,269,1,-1,-1,-1
269,15,2227,490,250,301,1,-1,-1,-1
269,18,1136,431,176,336,1,-1,-1,-1
269,19,1823,316,260,370,1,-1,-1,-1
269,32,149,97,220,224,1,-1,-1,-1
269,36,418,151,291,269,1,-1,-1,-1
