1,0,396,135,600,153,1,-1,-1,-1
1,1,1263,438,327,270,1,-1,-1,-1
1,2,879,459,204,135,1,-1,-1,-1
1,3,174,921,459,126,1,-1,-1,-1
1,4,1749,324,168,72,1,-1,-1,-1
1,5,1098,3,768,282,1,-1,-1,-1
2,0,387,135,600,153,1,-1,-1,-1
2,1,1245,449,327,270,1,-1,-1,-1
2,2,873,463,204,135,1,-1,-1,-1
2,3,175,919,459,126,1,-1,-1,-1
2,4,1719,327,168,72,1,-1,-1,-1
2,5,1082,1,768,282,1,-1,-1,-1
3,0,361,140,571,146,1,-1,-1,-1
3,1,1227,460,327,270,1,-1,-1,-1
3,2,865,469,204,135,1,-1,-1,-1
3,3,172,916,459,126,1,-1,-1,-1
3,4,1693,329,168,72,1,-1,-1,-1
3,5,1061,2,768,282,1,-1,-1,-1
4,0,331,138,600,153,1,-1,-1,-1
4,1,1211,472,327,270,1,-1,-1,-1
4,2,856,476,204,135,1,-1,-1,-1
4,3,170,912,459,126,1,-1,-1,-1
4,4,1671,335,160,69,1,-1,-1,-1
4,5,1042,4,768,282,1,-1,-1,-1
5,0,289,135,630,161,1,-1,-1,-1
5,1,1191,484,327,270,1,-1,-1,-1
5,2,850,479,204,135,1,-1,-1,-1
5,3,170,907,459,126,1,-1,-1,-1
5,4,1642,339,160,69,1,-1,-1,-1
5,5,1028,5,768,282,1,-1,-1,-1
6,0,261,135,630,161,1,-1,-1,-1
6,1,1179,494,327,270,1,-1,-1,-1
6,2,843,483,204,135,1,-1,-1,-1
6,3,174,905,459,126,1,-1,-1,-1
6,4,1620,342,160,69,1,-1,-1,-1
6,5,1020,1,768,282,1,-1,-1,-1
7,0,234,134,662,169,1,-1,-1,-1
7,1,1159,507,327,270,1,-1,-1,-1
7,2,837,487,204,135,1,-1,-1,-1
7,3,174,901,459,126,1,-1,-1,-1
7,4,1603,347,152,65,1,-1,-1,-1
7,5,1023,3,731,269,1,-1,-1,-1
8,0,203,136,630,161,1,-1,-1,-1
8,1,1145,515,327,270,1,-1,-1,-1
8,2,830,491,204,135,1,-1,-1,-1
8,3,173,898,459,126,1,-1,-1,-1
8,4,1576,351,152,65,1,-1,-1,-1
8,5,1008,3,731,269,1,-1,-1,-1
9,0,177,138,633,156,1,-1,-1,-1
9,1,1095,531,360,270,1,-1,-1,-1
9,2,825,495,189,135,1,-1,-1,-1
9,3,114,891,534,132,1,-1,-1,-1
9,4,1576,351,152,65,1,-1,-1,-1
9,5,1008,3,731,269,1,-1,-1,-1
9,6,951,162,573,171,1,-1,-1,-1
9,7,1572,177,348,264,1,-1,-1,-1
9,8,1515,66,405,216,1,-1,-1,-1
10,0,164,139,633,156,1,-1,-1,-1
10,1,1084,538,360,270,1,-1,-1,-1
10,2,820,498,189,135,1,-1,-1,-1
10,3,117,890,534,132,1,-1,-1,-1
10,4,1533,359,152,65,1,-1,-1,-1
10,5,982,3,731,269,1,-1,-1,-1
10,6,930,163,573,171,1,-1,-1,-1
10,7,1553,176,348,264,1,-1,-1,-1
10,8,1497,64,405,216,1,-1,-1,-1
11,0,137,141,633,156,1,-1,-1,-1
11,1,1066,549,360,270,1,-1,-1,-1
11,2,814,501,189,135,1,-1,-1,-1
11,3,133,891,509,126,1,-1,-1,-1
11,4,1519,364,145,62,1,-1,-1,-1
11,5,986,0,731,267,1,-1,-1,-1
11,6,909,167,573,171,1,-1,-1,-1
11,7,1532,175,348,264,1,-1,-1,-1
11,8,1474,57,405,216,1,-1,-1,-1
12,0,100,139,665,164,1,-1,-1,-1
12,1,1048,561,360,270,1,-1,-1,-1
12,2,804,500,198,142,1,-1,-1,-1
12,3,134,886,509,126,1,-1,-1,-1
12,4,1497,369,145,62,1,-1,-1,-1
12,5,998,3,697,256,1,-1,-1,-1
12,6,890,172,573,171,1,-1,-1,-1
12,7,1510,175,348,264,1,-1,-1,-1
12,8,1448,50,405,216,1,-1,-1,-1
13,0,73,141,665,164,1,-1,-1,-1
13,1,1032,573,360,270,1,-1,-1,-1
13,2,796,504,198,142,1,-1,-1,-1
13,3,122,878,534,132,1,-1,-1,-1
13,5,1042,7,663,244,1,-1,-1,-1
13,6,826,163,602,180,1,-1,-1,-1
13,7,1487,175,348,264,1,-1,-1,-1
13,8,1424,42,405,216,1,-1,-1,-1
14,0,48,143,665,164,1,-1,-1,-1
14,1,1016,583,360,270,1,-1,-1,-1
14,2,790,507,198,142,1,-1,-1,-1
14,3,123,874,534,132,1,-1,-1,-1
14,5,1002,0,663,243,1,-1,-1,-1
14,6,815,163,602,180,1,-1,-1,-1
14,7,1461,167,348,264,1,-1,-1,-1
14,8,1398,35,405,216,1,-1,-1,-1
15,0,30,145,665,164,1,-1,-1,-1
15,1,998,593,360,270,1,-1,-1,-1
15,2,780,511,198,142,1,-1,-1,-1
15,3,129,868,534,132,1,-1,-1,-1
15,6,794,166,602,180,1,-1,-1,-1
15,7,1446,174,348,264,1,-1,-1,-1
15,8,1385,34,386,206,1,-1,-1,-1
16,0,5,145,665,164,1,-1,-1,-1
16,1,981,604,360,270,1,-1,-1,-1
16,2,775,515,198,142,1,-1,-1,-1
16,3,115,861,561,139,1,-1,-1,-1
16,6,781,176,573,171,1,-1,-1,-1
16,7,1426,164,348,264,1,-1,-1,-1
16,8,1359,26,386,206,1,-1,-1,-1
17,0,0,150,627,159,1,-1,-1,-1
17,1,924,609,417,291,1,-1,-1,-1
17,2,792,522,168,135,1,-1,-1,-1
17,3,115,861,561,139,1,-1,-1,-1
17,6,828,141,462,228,1,-1,-1,-1
17,7,1426,164,348,264,1,-1,-1,-1
17,8,1359,26,386,206,1,-1,-1,-1
17,9,1338,15,558,300,1,-1,-1,-1
18,0,0,149,611,159,1,-1,-1,-1
18,1,911,614,417,291,1,-1,-1,-1
18,2,788,523,168,135,1,-1,-1,-1
18,3,111,860,561,139,1,-1,-1,-1
18,6,813,142,462,228,1,-1,-1,-1
18,7,1389,183,348,264,1,-1,-1,-1
18,8,1322,12,386,206,1,-1,-1,-1
18,9,1325,16,558,300,1,-1,-1,-1
19,0,0,155,604,159,1,-1,-1,-1
19,1,891,621,417,291,1,-1,-1,-1
19,2,778,521,176,142,1,-1,-1,-1
19,3,126,861,534,132,1,-1,-1,-1
19,6,794,138,462,228,1,-1,-1,-1
19,7,1364,194,348,264,1,-1,-1,-1
19,8,1291,5,386,206,1,-1,-1,-1
19,9,1308,13,558,300,1,-1,-1,-1
20,0,0,157,555,159,1,-1,-1,-1
20,1,875,629,417,291,1,-1,-1,-1
20,2,766,519,185,149,1,-1,-1,-1
20,3,113,861,561,139,1,-1,-1,-1
20,6,769,129,462,228,1,-1,-1,-1
20,7,1341,199,348,264,1,-1,-1,-1
20,8,1268,0,386,205,1,-1,-1,-1
20,9,1284,9,558,300,1,-1,-1,-1
21,0,0,155,565,167,1,-1,-1,-1
21,1,856,639,417,291,1,-1,-1,-1
21,2,765,527,176,142,1,-1,-1,-1
21,3,107,861,561,139,1,-1,-1,-1
21,6,740,126,462,228,1,-1,-1,-1
21,7,1325,199,348,264,1,-1,-1,-1
21,8,1246,0,386,199,1,-1,-1,-1
21,9,1259,7,558,300,1,-1,-1,-1
22,0,0,154,525,175,1,-1,-1,-1
22,1,836,648,417,291,1,-1,-1,-1
22,2,758,530,176,142,1,-1,-1,-1
22,6,727,126,462,228,1,-1,-1,-1
22,7,1304,197,348,264,1,-1,-1,-1
22,8,1237,0,367,192,1,-1,-1,-1
22,9,1242,4,558,300,1,-1,-1,-1
23,0,0,157,496,175,1,-1,-1,-1
23,1,808,648,438,306,1,-1,-1,-1
23,2,752,533,176,142,1,-1,-1,-1
23,6,718,128,440,217,1,-1,-1,-1
23,7,1300,190,348,264,1,-1,-1,-1
23,8,1220,0,350,180,1,-1,-1,-1
23,9,1227,6,558,300,1,-1,-1,-1
24,0,0,157,480,175,1,-1,-1,-1
24,1,787,655,438,306,1,-1,-1,-1
24,2,747,535,176,142,1,-1,-1,-1
24,6,696,124,440,217,1,-1,-1,-1
24,7,1291,205,331,251,1,-1,-1,-1
24,8,1204,0,350,182,1,-1,-1,-1
24,9,1213,4,558,300,1,-1,-1,-1
25,0,0,177,447,171,1,-1,-1,-1
25,1,780,657,447,336,1,-1,-1,-1
25,2,726,540,192,147,1,-1,-1,-1
25,6,669,99,423,204,1,-1,-1,-1
25,7,1291,205,331,251,1,-1,-1,-1
25,8,1204,0,350,182,1,-1,-1,-1
25,9,1158,3,540,222,1,-1,-1,-1
25,10,1293,369,372,126,1,-1,-1,-1
25,11,345,756,339,186,1,-1,-1,-1
26,0,0,178,430,171,1,-1,-1,-1
26,1,773,656,447,336,1,-1,-1,-1
26,2,720,541,192,147,1,-1,-1,-1
26,6,656,97,423,204,1,-1,-1,-1
26,8,1162,0,367,182,1,-1,-1,-1
26,9,1164,11,514,211,1,-1,-1,-1
26,10,1283,369,372,126,1,-1,-1,-1
26,11,351,753,339,186,1,-1,-1,-1
27,0,0,183,391,163,1,-1,-1,-1
27,1,765,656,447,336,1,-1,-1,-1
27,2,716,543,192,147,1,-1,-1,-1
27,6,633,90,423,204,1,-1,-1,-1
27,9,1142,9,514,211,1,-1,-1,-1
27,10,1262,371,354,120,1,-1,-1,-1
27,11,369,751,339,186,1,-1,-1,-1
28,0,0,185,394,163,1,-1,-1,-1
28,1,758,656,447,336,1,-1,-1,-1
28,2,709,543,192,147,1,-1,-1,-1
28,6,625,89,423,204,1,-1,-1,-1
28,9,1128,8,514,211,1,-1,-1,-1
28,10,1242,367,372,126,1,-1,-1,-1
28,11,379,747,339,186,1,-1,-1,-1
29,0,0,188,354,163,1,-1,-1,-1
29,1,761,656,447,336,1,-1,-1,-1
29,2,708,549,183,140,1,-1,-1,-1
29,6,595,82,423,204,1,-1,-1,-1
29,9,1113,8,514,211,1,-1,-1,-1
29,10,1217,363,372,126,1,-1,-1,-1
29,11,381,740,356,195,1,-1,-1,-1
30,0,0,193,321,163,1,-1,-1,-1
30,1,770,670,426,320,1,-1,-1,-1
30,2,704,552,174,133,1,-1,-1,-1
30,6,566,67,423,204,1,-1,-1,-1
30,9,1102,5,514,211,1,-1,-1,-1
30,10,1213,362,372,126,1,-1,-1,-1
30,11,397,737,356,195,1,-1,-1,-1
31,0,0,200,294,163,1,-1,-1,-1
31,1,763,674,426,320,1,-1,-1,-1
31,2,698,559,174,133,1,-1,-1,-1
31,6,541,62,423,204,1,-1,-1,-1
31,9,1083,2,514,211,1,-1,-1,-1
31,10,1192,361,354,120,1,-1,-1,-1
31,11,408,737,356,195,1,-1,-1,-1
32,0,0,206,290,163,1,-1,-1,-1
32,1,778,686,405,305,1,-1,-1,-1
32,2,692,562,174,133,1,-1,-1,-1
32,6,517,57,423,204,1,-1,-1,-1
32,9,1047,0,514,199,1,-1,-1,-1
32,10,1165,356,354,120,1,-1,-1,-1
32,11,411,734,374,205,1,-1,-1,-1
33,0,0,210,240,141,1,-1,-1,-1
33,1,768,594,330,360,1,-1,-1,-1
33,2,692,562,174,133,1,-1,-1,-1
33,6,471,66,444,156,1,-1,-1,-1
33,9,993,9,537,135,1,-1,-1,-1
33,10,1146,348,342,141,1,-1,-1,-1
33,11,411,734,374,205,1,-1,-1,-1
33,12,330,705,480,366,1,-1,-1,-1
33,13,1755,567,165,159,1,-1,-1,-1
34,0,0,214,221,141,1,-1,-1,-1
34,1,766,587,330,360,1,-1,-1,-1
34,2,678,559,174,133,1,-1,-1,-1
34,6,442,63,444,156,1,-1,-1,-1
34,9,976,9,537,135,1,-1,-1,-1
34,10,1137,348,342,141,1,-1,-1,-1
34,11,433,729,392,215,1,-1,-1,-1
34,12,336,705,480,366,1,-1,-1,-1
34,13,1734,563,165,159,1,-1,-1,-1
35,0,0,218,201,141,1,-1,-1,-1
35,1,763,570,330,360,1,-1,-1,-1
35,2,673,560,174,133,1,-1,-1,-1
35,6,434,63,444,156,1,-1,-1,-1
35,9,969,7,537,135,1,-1,-1,-1
35,10,1109,343,342,141,1,-1,-1,-1
35,11,436,734,392,215,1,-1,-1,-1
35,12,333,697,504,383,1,-1,-1,-1
35,13,1704,558,165,159,1,-1,-1,-1
36,0,0,234,158,141,1,-1,-1,-1
36,1,758,561,330,360,1,-1,-1,-1
36,2,663,561,174,133,1,-1,-1,-1
36,6,412,67,423,149,1,-1,-1,-1
36,9,928,9,537,135,1,-1,-1,-1
36,10,1091,337,342,141,1,-1,-1,-1
36,11,445,731,392,215,1,-1,-1,-1
36,12,340,696,504,384,1,-1,-1,-1
36,13,1679,552,165,159,1,-1,-1,-1
37,0,0,238,130,141,1,-1,-1,-1
37,1,755,554,346,378,1,-1,-1,-1
37,2,664,582,166,127,1,-1,-1,-1
37,6,386,61,423,149,1,-1,-1,-1
37,9,917,11,537,135,1,-1,-1,-1
37,10,1072,332,342,141,1,-1,-1,-1
37,11,461,740,374,205,1,-1,-1,-1
37,12,347,696,504,384,1,-1,-1,-1
37,13,1657,552,157,151,1,-1,-1,-1
38,0,0,243,111,141,1,-1,-1,-1
38,1,758,552,346,378,1,-1,-1,-1
38,2,662,585,166,127,1,-1,-1,-1
38,6,366,56,423,149,1,-1,-1,-1
38,9,895,7,564,142,1,-1,-1,-1
38,10,1061,330,342,141,1,-1,-1,-1
38,11,487,729,374,205,1,-1,-1,-1
38,12,350,695,504,384,1,-1,-1,-1
38,13,1635,543,157,151,1,-1,-1,-1
39,0,0,252,99,134,1,-1,-1,-1
39,1,772,565,346,378,1,-1,-1,-1
39,2,651,590,166,127,1,-1,-1,-1
39,6,339,52,423,149,1,-1,-1,-1
39,10,1043,325,326,134,1,-1,-1,-1
39,11,475,717,392,215,1,-1,-1,-1
39,12,353,692,504,384,1,-1,-1,-1
39,13,1612,532,157,151,1,-1,-1,-1
40,0,0,251,119,134,1,-1,-1,-1
40,1,773,584,364,397,1,-1,-1,-1
40,6,324,54,423,149,1,-1,-1,-1
40,10,1039,323,326,134,1,-1,-1,-1
40,11,467,723,412,226,1,-1,-1,-1
40,12,366,690,504,384,1,-1,-1,-1
40,13,1589,527,157,151,1,-1,-1,-1
41,0,0,251,119,134,1,-1,-1,-1
41,1,773,584,364,397,1,-1,-1,-1
41,6,324,54,423,149,1,-1,-1,-1
41,10,1014,300,309,144,1,-1,-1,-1
41,11,467,723,412,226,1,-1,-1,-1
41,12,351,705,516,351,1,-1,-1,-1
41,13,1589,527,157,151,1,-1,-1,-1
41,14,831,3,498,165,1,-1,-1,-1
41,15,1572,564,345,138,1,-1,-1,-1
41,16,747,372,219,537,1,-1,-1,-1
41,17,1572,93,348,138,1,-1,-1,-1
41,18,1497,0,345,84,1,-1,-1,-1
42,0,0,223,112,134,1,-1,-1,-1
42,1,786,584,364,397,1,-1,-1,-1
42,6,250,42,444,156,1,-1,-1,-1
42,10,999,298,309,144,1,-1,-1,-1
42,11,453,767,412,226,1,-1,-1,-1
42,12,356,702,516,351,1,-1,-1,-1
42,13,1550,508,157,151,1,-1,-1,-1
42,14,816,3,498,165,1,-1,-1,-1
42,15,1547,559,362,145,1,-1,-1,-1
42,16,746,358,219,537,1,-1,-1,-1
42,17,1537,91,348,138,1,-1,-1,-1
42,18,1477,0,345,84,1,-1,-1,-1
43,0,0,218,122,134,1,-1,-1,-1
43,1,765,575,382,417,1,-1,-1,-1
43,6,227,43,423,149,1,-1,-1,-1
43,10,986,295,309,144,1,-1,-1,-1
43,12,367,700,516,351,1,-1,-1,-1
43,13,1531,495,157,151,1,-1,-1,-1
43,14,795,3,498,165,1,-1,-1,-1
43,15,1535,553,362,145,1,-1,-1,-1
43,16,744,327,219,537,1,-1,-1,-1
43,17,1505,86,348,138,1,-1,-1,-1
43,18,1465,0,345,81,1,-1,-1,-1
44,0,0,187,112,141,1,-1,-1,-1
44,1,760,590,382,417,1,-1,-1,-1
44,6,200,38,444,156,1,-1,-1,-1
44,10,968,288,309,144,1,-1,-1,-1
44,12,384,698,516,351,1,-1,-1,-1
44,13,1499,479,165,159,1,-1,-1,-1
44,14,782,3,498,165,1,-1,-1,-1
44,15,1504,540,362,145,1,-1,-1,-1
44,16,736,302,230,564,1,-1,-1,-1
44,17,1478,84,331,131,1,-1,-1,-1
44,18,1438,0,345,79,1,-1,-1,-1
45,1,750,604,382,417,1,-1,-1,-1
45,6,168,39,444,156,1,-1,-1,-1
45,10,950,280,309,144,1,-1,-1,-1
45,12,399,700,516,351,1,-1,-1,-1
45,13,1483,473,165,159,1,-1,-1,-1
45,14,757,8,498,165,1,-1,-1,-1
45,15,1480,534,362,145,1,-1,-1,-1
45,16,730,271,241,592,1,-1,-1,-1
45,17,1455,84,316,125,1,-1,-1,-1
45,18,1404,0,362,81,1,-1,-1,-1
46,6,146,38,466,164,1,-1,-1,-1
46,10,936,279,309,144,1,-1,-1,-1
46,12,404,692,542,369,1,-1,-1,-1
46,13,1463,473,157,151,1,-1,-1,-1
46,14,751,12,498,165,1,-1,-1,-1
46,15,1468,532,362,145,1,-1,-1,-1
46,16,741,240,230,564,1,-1,-1,-1
46,17,1420,81,316,125,1,-1,-1,-1
46,18,1396,0,362,77,1,-1,-1,-1
47,10,918,273,309,144,1,-1,-1,-1
47,12,414,700,542,369,1,-1,-1,-1
47,13,1446,467,157,151,1,-1,-1,-1
47,14,723,13,523,173,1,-1,-1,-1
47,15,1443,521,362,145,1,-1,-1,-1
47,16,743,230,230,564,1,-1,-1,-1
47,17,1389,78,316,125,1,-1,-1,-1
47,18,1376,0,345,73,1,-1,-1,-1
48,10,907,271,309,144,1,-1,-1,-1
48,12,441,717,516,351,1,-1,-1,-1
48,13,1434,465,150,144,1,-1,-1,-1
48,14,709,29,498,165,1,-1,-1,-1
48,15,1425,517,345,138,1,-1,-1,-1
48,16,738,198,241,592,1,-1,-1,-1
48,17,1361,74,316,125,1,-1,-1,-1
48,18,1375,0,345,73,1,-1,-1,-1
49,10,907,271,309,144,1,-1,-1,-1
49,12,489,639,591,429,1,-1,-1,-1
49,13,1434,465,150,144,1,-1,-1,-1
49,14,709,29,498,165,1,-1,-1,-1
49,15,1404,534,375,159,1,-1,-1,-1
49,16,738,198,241,592,1,-1,-1,-1
49,17,1361,74,316,125,1,-1,-1,-1
49,18,1375,0,345,73,1,-1,-1,-1
49,19,1332,60,588,282,1,-1,-1,-1
49,20,42,48,561,168,1,-1,-1,-1
50,10,874,266,309,144,1,-1,-1,-1
50,12,500,640,591,429,1,-1,-1,-1
50,13,1450,462,150,144,1,-1,-1,-1
50,14,663,37,474,157,1,-1,-1,-1
50,15,1397,533,375,159,1,-1,-1,-1
50,16,743,167,230,564,1,-1,-1,-1
50,17,1301,71,316,125,1,-1,-1,-1
50,18,1346,0,345,72,1,-1,-1,-1
50,19,1311,59,588,282,1,-1,-1,-1
50,20,32,48,561,168,1,-1,-1,-1
51,10,873,267,294,137,1,-1,-1,-1
51,12,511,645,591,429,1,-1,-1,-1
51,14,653,42,474,157,1,-1,-1,-1
51,15,1374,526,375,159,1,-1,-1,-1
51,16,743,143,241,592,1,-1,-1,-1
51,17,1280,73,301,119,1,-1,-1,-1
51,18,1335,0,329,70,1,-1,-1,-1
51,19,1277,58,588,282,1,-1,-1,-1
51,20,21,54,561,168,1,-1,-1,-1
52,10,869,267,280,131,1,-1,-1,-1
52,12,526,648,591,429,1,-1,-1,-1
52,14,618,41,498,165,1,-1,-1,-1
52,15,1352,520,375,159,1,-1,-1,-1
52,16,745,124,241,592,1,-1,-1,-1
52,17,1252,71,301,119,1,-1,-1,-1
52,19,1253,57,588,282,1,-1,-1,-1
52,20,0,58,539,168,1,-1,-1,-1
53,10,853,263,280,131,1,-1,-1,-1
53,12,537,651,591,429,1,-1,-1,-1
53,14,613,46,498,165,1,-1,-1,-1
53,15,1347,521,357,151,1,-1,-1,-1
53,17,1230,73,286,114,1,-1,-1,-1
53,19,1221,57,588,282,1,-1,-1,-1
53,20,0,63,540,168,1,-1,-1,-1
54,10,851,258,280,131,1,-1,-1,-1
54,12,551,652,591,428,1,-1,-1,-1
54,14,581,66,498,165,1,-1,-1,-1
54,15,1335,517,357,151,1,-1,-1,-1
54,17,1201,72,286,114,1,-1,-1,-1
54,19,1186,56,588,282,1,-1,-1,-1
54,20,0,65,508,168,1,-1,-1,-1
55,10,853,251,280,131,1,-1,-1,-1
55,12,567,655,591,425,1,-1,-1,-1
55,15,1312,507,357,151,1,-1,-1,-1
55,17,1175,73,286,114,1,-1,-1,-1
55,19,1162,52,588,282,1,-1,-1,-1
55,20,0,74,500,160,1,-1,-1,-1
56,10,848,244,280,131,1,-1,-1,-1
56,12,581,658,591,422,1,-1,-1,-1
56,15,1299,505,357,151,1,-1,-1,-1
56,17,1148,73,286,114,1,-1,-1,-1
56,19,1134,46,617,296,1,-1,-1,-1
56,20,0,74,496,160,1,-1,-1,-1
57,10,848,244,280,131,1,-1,-1,-1
57,12,597,621,642,423,1,-1,-1,-1
57,15,1281,486,342,150,1,-1,-1,-1
57,17,1148,73,286,114,1,-1,-1,-1
57,19,1119,54,678,189,1,-1,-1,-1
57,20,0,74,496,160,1,-1,-1,-1
57,21,531,108,537,501,1,-1,-1,-1
58,10,864,239,280,131,1,-1,-1,-1
58,12,609,621,642,423,1,-1,-1,-1
58,15,1272,484,342,150,1,-1,-1,-1
58,17,1101,73,286,114,1,-1,-1,-1
58,19,1106,51,678,189,1,-1,-1,-1
58,20,0,76,491,160,1,-1,-1,-1
58,21,533,102,537,501,1,-1,-1,-1
59,10,877,233,280,131,1,-1,-1,-1
59,12,625,624,642,423,1,-1,-1,-1
59,15,1259,481,342,150,1,-1,-1,-1
59,17,1075,75,286,114,1,-1,-1,-1
59,19,1083,50,678,189,1,-1,-1,-1
59,20,0,78,473,152,1,-1,-1,-1
59,21,535,92,537,501,1,-1,-1,-1
60,10,870,209,280,131,1,-1,-1,-1
60,12,643,624,642,423,1,-1,-1,-1
60,15,1243,477,342,150,1,-1,-1,-1
60,17,1058,77,273,108,1,-1,-1,-1
60,19,1051,45,712,198,1,-1,-1,-1
60,20,0,83,430,152,1,-1,-1,-1
60,21,541,81,537,501,1,-1,-1,-1
61,12,660,625,642,423,1,-1,-1,-1
61,15,1220,469,359,158,1,-1,-1,-1
61,17,1035,78,273,108,1,-1,-1,-1
61,19,1024,47,678,189,1,-1,-1,-1
61,20,0,81,438,152,1,-1,-1,-1
61,21,542,70,537,501,1,-1,-1,-1
62,12,683,629,642,423,1,-1,-1,-1
62,15,1213,464,359,158,1,-1,-1,-1
62,17,1015,80,273,108,1,-1,-1,-1
62,19,1015,45,678,189,1,-1,-1,-1
62,21,537,72,537,501,1,-1,-1,-1
63,12,706,629,642,423,1,-1,-1,-1
63,15,1191,449,359,158,1,-1,-1,-1
63,17,992,80,273,108,1,-1,-1,-1
63,19,995,46,678,189,1,-1,-1,-1
63,21,531,90,537,501,1,-1,-1,-1
64,12,739,632,642,423,1,-1,-1,-1
64,15,1178,449,359,158,1,-1,-1,-1
64,17,970,80,273,108,1,-1,-1,-1
64,19,979,47,678,189,1,-1,-1,-1
64,21,549,88,537,501,1,-1,-1,-1
65,12,720,642,732,426,1,-1,-1,-1
65,15,1167,444,345,144,1,-1,-1,-1
65,17,970,80,273,108,1,-1,-1,-1
65,19,963,48,648,180,1,-1,-1,-1
65,21,549,88,537,501,1,-1,-1,-1
65,22,384,33,669,306,1,-1,-1,-1
65,23,1785,252,135,123,1,-1,-1,-1
66,12,734,639,732,426,1,-1,-1,-1
66,15,1162,441,345,144,1,-1,-1,-1
66,17,916,80,286,114,1,-1,-1,-1
66,19,954,48,648,180,1,-1,-1,-1
66,21,587,82,537,501,1,-1,-1,-1
66,22,376,29,669,306,1,-1,-1,-1
66,23,1786,255,134,123,1,-1,-1,-1
67,12,751,638,732,426,1,-1,-1,-1
67,15,1153,440,345,144,1,-1,-1,-1
67,17,913,89,273,108,1,-1,-1,-1
67,19,935,47,648,180,1,-1,-1,-1
67,21,631,84,537,501,1,-1,-1,-1
67,22,383,33,637,291,1,-1,-1,-1
67,23,1790,256,130,123,1,-1,-1,-1
68,12,788,651,697,406,1,-1,-1,-1
68,15,1142,438,345,144,1,-1,-1,-1
68,17,892,90,273,108,1,-1,-1,-1
68,19,907,47,648,180,1,-1,-1,-1
68,21,641,87,537,501,1,-1,-1,-1
68,22,382,36,607,278,1,-1,-1,-1
68,23,1793,260,127,123,1,-1,-1,-1
69,12,804,649,697,406,1,-1,-1,-1
69,15,1124,432,362,151,1,-1,-1,-1
69,17,859,91,273,108,1,-1,-1,-1
69,19,908,52,617,171,1,-1,-1,-1
69,21,645,89,537,501,1,-1,-1,-1
69,22,361,34,637,291,1,-1,-1,-1
69,23,1793,258,127,129,1,-1,-1,-1
70,12,823,653,697,406,1,-1,-1,-1
70,15,1105,427,362,151,1,-1,-1,-1
70,17,841,92,273,108,1,-1,-1,-1
70,19,899,52,617,171,1,-1,-1,-1
70,21,664,61,537,501,1,-1,-1,-1
70,22,363,38,637,291,1,-1,-1,-1
70,23,1792,264,128,129,1,-1,-1,-1
71,12,839,644,732,426,1,-1,-1,-1
71,15,1100,423,362,151,1,-1,-1,-1
71,17,825,96,260,103,1,-1,-1,-1
71,19,861,52,617,171,1,-1,-1,-1
71,22,335,37,637,291,1,-1,-1,-1
71,23,1794,265,126,129,1,-1,-1,-1
72,12,841,634,769,446,1,-1,-1,-1
72,15,1098,418,362,151,1,-1,-1,-1
72,19,852,55,617,171,1,-1,-1,-1
72,22,308,35,669,306,1,-1,-1,-1
72,23,1796,271,124,123,1,-1,-1,-1
73,12,879,678,753,396,1,-1,-1,-1
73,15,1101,417,321,129,1,-1,-1,-1
73,19,825,51,615,186,1,-1,-1,-1
73,22,6,21,906,345,1,-1,-1,-1
73,23,1796,271,124,123,1,-1,-1,-1
73,24,1584,21,336,186,1,-1,-1,-1
74,12,900,678,753,396,1,-1,-1,-1
74,15,1097,416,321,129,1,-1,-1,-1
74,19,819,50,615,186,1,-1,-1,-1
74,22,0,20,904,345,1,-1,-1,-1
74,23,1795,271,125,123,1,-1,-1,-1
74,24,1575,21,336,186,1,-1,-1,-1
75,12,925,681,753,396,1,-1,-1,-1
75,15,1086,415,321,129,1,-1,-1,-1
75,19,798,49,615,186,1,-1,-1,-1
75,22,11,27,863,329,1,-1,-1,-1
75,23,1799,270,121,123,1,-1,-1,-1
75,24,1571,19,336,186,1,-1,-1,-1
76,12,954,684,753,396,1,-1,-1,-1
76,15,1085,415,306,123,1,-1,-1,-1
76,19,783,50,615,186,1,-1,-1,-1
76,22,10,36,822,313,1,-1,-1,-1
76,23,1793,271,127,123,1,-1,-1,-1
76,24,1559,22,336,186,1,-1,-1,-1
77,12,977,690,753,390,1,-1,-1,-1
77,15,1071,413,306,123,1,-1,-1,-1
77,19,773,54,615,186,1,-1,-1,-1
77,22,0,36,815,313,1,-1,-1,-1
77,23,1775,284,135,123,1,-1,-1,-1
77,24,1545,23,336,186,1,-1,-1,-1
78,12,984,687,791,393,1,-1,-1,-1
78,15,1056,407,321,129,1,-1,-1,-1
78,19,756,56,615,186,1,-1,-1,-1
78,22,0,29,834,329,1,-1,-1,-1
78,24,1540,25,336,186,1,-1,-1,-1
79,12,1013,690,791,390,1,-1,-1,-1
79,15,1046,403,321,129,1,-1,-1,-1
79,19,728,61,615,186,1,-1,-1,-1
79,22,0,29,831,329,1,-1,-1,-1
79,24,1517,22,353,195,1,-1,-1,-1
80,12,1039,698,791,382,1,-1,-1,-1
80,15,1046,404,306,123,1,-1,-1,-1
80,19,722,64,615,186,1,-1,-1,-1
80,22,0,36,813,329,1,-1,-1,-1
80,24,1507,22,353,195,1,-1,-1,-1
81,12,1089,651,708,423,1,-1,-1,-1
81,15,1020,393,330,135,1,-1,-1,-1
81,19,717,63,558,261,1,-1,-1,-1
81,22,24,0,747,366,1,-1,-1,-1
81,24,1509,9,411,213,1,-1,-1,-1
82,12,1100,653,708,423,1,-1,-1,-1
82,15,1014,392,330,135,1,-1,-1,-1
82,19,711,66,558,261,1,-1,-1,-1
82,22,11,1,747,366,1,-1,-1,-1
82,24,1502,10,411,213,1,-1,-1,-1
83,12,1118,654,708,423,1,-1,-1,-1
83,15,1005,392,330,135,1,-1,-1,-1
83,19,701,70,558,261,1,-1,-1,-1
83,22,2,7,747,366,1,-1,-1,-1
83,24,1497,10,411,213,1,-1,-1,-1
84,12,1132,656,708,423,1,-1,-1,-1
84,15,998,391,330,135,1,-1,-1,-1
84,19,683,75,558,261,1,-1,-1,-1
84,22,13,21,711,349,1,-1,-1,-1
84,24,1490,12,411,213,1,-1,-1,-1
85,12,1145,661,708,419,1,-1,-1,-1
85,15,993,391,330,135,1,-1,-1,-1
85,19,671,80,558,261,1,-1,-1,-1
85,22,6,30,711,349,1,-1,-1,-1
85,24,1477,17,411,213,1,-1,-1,-1
86,12,1173,679,674,401,1,-1,-1,-1
86,15,967,386,330,135,1,-1,-1,-1
86,19,653,82,586,274,1,-1,-1,-1
86,22,0,22,701,366,1,-1,-1,-1
86,24,1465,14,432,224,1,-1,-1,-1
87,12,1197,682,674,398,1,-1,-1,-1
87,15,965,386,330,135,1,-1,-1,-1
87,19,631,80,615,288,1,-1,-1,-1
87,22,0,32,709,366,1,-1,-1,-1
87,24,1463,21,432,224,1,-1,-1,-1
88,12,1214,685,674,395,1,-1,-1,-1
88,15,954,384,330,135,1,-1,-1,-1
88,19,614,78,615,288,1,-1,-1,-1
88,22,0,32,717,366,1,-1,-1,-1
88,24,1439,23,432,224,1,-1,-1,-1
89,12,1214,685,674,395,1,-1,-1,-1
89,15,957,384,303,123,1,-1,-1,-1
89,19,612,102,507,297,1,-1,-1,-1
89,22,6,15,714,474,1,-1,-1,-1
89,24,1439,23,432,224,1,-1,-1,-1
89,25,1434,66,432,93,1,-1,-1,-1
89,26,1512,345,276,96,1,-1,-1,-1
90,12,1279,689,641,391,1,-1,-1,-1
90,15,951,384,303,123,1,-1,-1,-1
90,19,603,106,507,297,1,-1,-1,-1
90,22,0,18,709,474,1,-1,-1,-1
90,24,1434,24,432,224,1,-1,-1,-1
90,25,1429,66,432,93,1,-1,-1,-1
90,26,1510,346,276,96,1,-1,-1,-1
91,12,1339,700,581,380,1,-1,-1,-1
91,15,942,384,303,123,1,-1,-1,-1
91,19,593,106,507,297,1,-1,-1,-1
91,22,0,19,699,474,1,-1,-1,-1
91,24,1410,27,432,224,1,-1,-1,-1
91,25,1411,65,454,98,1,-1,-1,-1
91,26,1495,342,276,96,1,-1,-1,-1
92,12,1365,703,555,377,1,-1,-1,-1
92,15,932,380,303,123,1,-1,-1,-1
92,19,574,109,507,297,1,-1,-1,-1
92,22,0,24,690,474,1,-1,-1,-1
92,24,1408,27,432,224,1,-1,-1,-1
92,25,1405,65,454,98,1,-1,-1,-1
92,26,1482,339,276,96,1,-1,-1,-1
93,12,1395,708,525,372,1,-1,-1,-1
93,15,923,378,303,123,1,-1,-1,-1
93,19,564,113,507,297,1,-1,-1,-1
93,22,0,30,680,474,1,-1,-1,-1
93,24,1393,23,453,235,1,-1,-1,-1
93,25,1390,64,454,98,1,-1,-1,-1
93,26,1478,337,276,96,1,-1,-1,-1
94,12,1412,703,508,377,1,-1,-1,-1
94,15,909,375,303,123,1,-1,-1,-1
94,19,539,109,532,312,1,-1,-1,-1
94,22,0,42,655,451,1,-1,-1,-1
94,24,1382,19,453,235,1,-1,-1,-1
94,25,1376,64,454,98,1,-1,-1,-1
94,26,1460,334,276,96,1,-1,-1,-1
95,12,1427,705,493,375,1,-1,-1,-1
95,15,910,375,303,123,1,-1,-1,-1
95,19,527,110,532,312,1,-1,-1,-1
95,22,0,46,641,451,1,-1,-1,-1
95,25,1376,67,432,93,1,-1,-1,-1
95,26,1455,332,276,96,1,-1,-1,-1
96,12,1456,714,464,365,1,-1,-1,-1
96,15,892,373,289,117,1,-1,-1,-1
96,19,513,113,532,312,1,-1,-1,-1
96,22,0,33,648,474,1,-1,-1,-1
96,25,1377,69,432,93,1,-1,-1,-1
96,26,1443,331,276,96,1,-1,-1,-1
97,12,1456,714,464,365,1,-1,-1,-1
97,15,897,372,279,102,1,-1,-1,-1
97,19,438,114,567,318,1,-1,-1,-1
97,22,0,33,648,474,1,-1,-1,-1
97,25,1347,57,414,105,1,-1,-1,-1
97,26,1446,336,252,84,1,-1,-1,-1
97,27,1713,171,207,108,1,-1,-1,-1
97,28,0,123,408,405,1,-1,-1,-1
98,12,1518,731,402,349,1,-1,-1,-1
98,15,893,371,279,102,1,-1,-1,-1
98,19,435,117,567,318,1,-1,-1,-1
98,22,0,30,630,474,1,-1,-1,-1
98,25,1344,57,414,105,1,-1,-1,-1
98,26,1440,336,252,84,1,-1,-1,-1
98,27,1694,168,207,108,1,-1,-1,-1
98,28,0,126,401,405,1,-1,-1,-1
99,15,878,370,279,102,1,-1,-1,-1
99,19,416,117,567,318,1,-1,-1,-1
99,22,0,31,623,474,1,-1,-1,-1
99,25,1334,58,414,105,1,-1,-1,-1
99,26,1428,336,252,84,1,-1,-1,-1
99,27,1664,165,207,108,1,-1,-1,-1
99,28,0,132,392,405,1,-1,-1,-1
100,15,871,370,279,102,1,-1,-1,-1
100,19,408,117,567,318,1,-1,-1,-1
100,22,0,34,614,474,1,-1,-1,-1
100,25,1326,56,414,105,1,-1,-1,-1
100,26,1417,337,252,84,1,-1,-1,-1
100,27,1640,162,207,108,1,-1,-1,-1
100,28,0,137,379,405,1,-1,-1,-1
101,15,856,368,293,107,1,-1,-1,-1
101,19,384,108,595,334,1,-1,-1,-1
101,22,0,32,618,474,1,-1,-1,-1
101,25,1307,55,414,105,1,-1,-1,-1
101,26,1409,337,252,84,1,-1,-1,-1
101,27,1613,159,207,108,1,-1,-1,-1
101,28,0,142,366,405,1,-1,-1,-1
102,15,848,370,293,107,1,-1,-1,-1
102,19,371,107,595,334,1,-1,-1,-1
102,22,0,21,613,474,1,-1,-1,-1
102,25,1312,56,394,100,1,-1,-1,-1
102,26,1402,340,252,84,1,-1,-1,-1
102,27,1588,158,207,108,1,-1,-1,-1
102,28,0,139,365,405,1,-1,-1,-1
103,15,835,368,293,107,1,-1,-1,-1
103,19,349,109,595,334,1,-1,-1,-1
103,22,0,13,618,474,1,-1,-1,-1
103,25,1302,58,394,100,1,-1,-1,-1
103,26,1391,341,252,84,1,-1,-1,-1
103,27,1563,156,207,108,1,-1,-1,-1
103,28,0,164,305,405,1,-1,-1,-1
104,15,830,368,293,107,1,-1,-1,-1
104,19,341,114,595,334,1,-1,-1,-1
104,22,0,5,634,474,1,-1,-1,-1
104,25,1297,60,394,100,1,-1,-1,-1
104,26,1375,342,265,88,1,-1,-1,-1
104,27,1545,156,197,103,1,-1,-1,-1
104,28,0,207,265,386,1,-1,-1,-1
105,15,813,378,285,69,1,-1,-1,-1
105,19,315,240,534,201,1,-1,-1,-1
105,22,0,5,634,474,1,-1,-1,-1
105,25,1284,60,363,165,1,-1,-1,-1
105,26,1375,342,265,88,1,-1,-1,-1
105,27,1545,156,197,103,1,-1,-1,-1
105,28,0,207,265,386,1,-1,-1,-1
105,29,1518,141,402,171,1,-1,-1,-1
105,30,573,3,429,72,1,-1,-1,-1
105,31,321,63,294,114,1,-1,-1,-1
106,15,799,376,299,72,1,-1,-1,-1
106,19,302,239,534,201,1,-1,-1,-1
106,25,1275,59,363,165,1,-1,-1,-1
106,26,1359,345,252,84,1,-1,-1,-1
106,27,1500,151,197,103,1,-1,-1,-1
106,28,0,252,217,367,1,-1,-1,-1
106,29,1502,140,402,171,1,-1,-1,-1
106,30,565,3,429,72,1,-1,-1,-1
106,31,315,61,294,114,1,-1,-1,-1
107,15,787,375,299,72,1,-1,-1,-1
107,19,280,247,509,191,1,-1,-1,-1
107,25,1255,56,363,165,1,-1,-1,-1
107,26,1348,347,252,84,1,-1,-1,-1
107,27,1470,147,197,103,1,-1,-1,-1
107,28,0,260,198,367,1,-1,-1,-1
107,29,1465,131,422,180,1,-1,-1,-1
107,30,566,4,429,72,1,-1,-1,-1
107,31,303,58,294,114,1,-1,-1,-1
108,15,777,375,299,72,1,-1,-1,-1
108,19,258,245,534,201,1,-1,-1,-1
108,25,1262,62,346,157,1,-1,-1,-1
108,26,1344,349,252,84,1,-1,-1,-1
108,27,1445,142,197,103,1,-1,-1,-1
108,28,0,264,194,367,1,-1,-1,-1
108,29,1442,127,422,180,1,-1,-1,-1
108,30,526,0,450,76,1,-1,-1,-1
108,31,297,53,294,114,1,-1,-1,-1
109,15,767,377,285,69,1,-1,-1,-1
109,19,233,247,534,201,1,-1,-1,-1
109,25,1247,64,346,157,1,-1,-1,-1
109,26,1332,351,240,80,1,-1,-1,-1
109,27,1424,138,197,103,1,-1,-1,-1
109,28,0,269,192,350,1,-1,-1,-1
109,29,1412,119,422,180,1,-1,-1,-1
109,30,510,0,450,75,1,-1,-1,-1
109,31,272,42,309,120,1,-1,-1,-1
110,15,753,377,299,72,1,-1,-1,-1
110,19,212,248,534,201,1,-1,-1,-1
110,25,1248,63,346,157,1,-1,-1,-1
110,26,1320,348,252,84,1,-1,-1,-1
110,27,1400,135,197,103,1,-1,-1,-1
110,28,0,189,239,350,1,-1,-1,-1
110,29,1388,117,422,180,1,-1,-1,-1
110,30,498,0,450,76,1,-1,-1,-1
110,31,263,39,309,120,1,-1,-1,-1
111,15,748,377,285,69,1,-1,-1,-1
111,19,175,244,561,211,1,-1,-1,-1
111,25,1238,64,346,157,1,-1,-1,-1
111,26,1319,349,240,80,1,-1,-1,-1
111,27,1372,131,197,103,1,-1,-1,-1
111,29,1363,111,422,180,1,-1,-1,-1
111,30,496,0,450,75,1,-1,-1,-1
111,31,246,30,294,114,1,-1,-1,-1
112,15,728,378,285,69,1,-1,-1,-1
112,19,152,248,561,211,1,-1,-1,-1
112,25,1191,55,363,165,1,-1,-1,-1
112,26,1304,346,252,84,1,-1,-1,-1
112,27,1350,129,197,103,1,-1,-1,-1
112,29,1344,112,402,171,1,-1,-1,-1
112,30,464,0,450,72,1,-1,-1,-1
112,31,245,25,294,114,1,-1,-1,-1
113,15,726,378,288,75,1,-1,-1,-1
113,19,135,273,549,219,1,-1,-1,-1
113,25,1191,55,363,165,1,-1,-1,-1
113,26,1304,346,252,84,1,-1,-1,-1
113,27,1350,129,197,103,1,-1,-1,-1
113,29,1344,112,402,171,1,-1,-1,-1
113,30,507,3,363,63,1,-1,-1,-1
113,31,245,25,294,114,1,-1,-1,-1
113,32,1191,33,726,240,1,-1,-1,-1
114,15,711,376,302,79,1,-1,-1,-1
114,19,120,273,549,219,1,-1,-1,-1
114,25,1193,53,346,157,1,-1,-1,-1
114,26,1279,349,252,84,1,-1,-1,-1
114,27,1308,126,197,103,1,-1,-1,-1
114,29,1297,108,402,171,1,-1,-1,-1
114,30,494,5,363,63,1,-1,-1,-1
114,31,215,18,294,114,1,-1,-1,-1
114,32,1188,32,726,240,1,-1,-1,-1
115,15,702,376,302,79,1,-1,-1,-1
115,19,94,274,549,219,1,-1,-1,-1
115,25,1176,45,346,157,1,-1,-1,-1
115,26,1265,352,240,80,1,-1,-1,-1
115,27,1291,126,188,98,1,-1,-1,-1
115,29,1274,103,402,171,1,-1,-1,-1
115,30,479,5,363,63,1,-1,-1,-1
115,31,184,11,309,120,1,-1,-1,-1
115,32,1175,32,726,240,1,-1,-1,-1
116,15,687,380,288,75,1,-1,-1,-1
116,19,82,275,549,219,1,-1,-1,-1
116,25,1157,42,346,157,1,-1,-1,-1
116,26,1268,357,229,76,1,-1,-1,-1
116,27,1275,126,179,93,1,-1,-1,-1
116,29,1256,105,383,163,1,-1,-1,-1
116,30,470,7,363,63,1,-1,-1,-1
116,31,174,7,309,120,1,-1,-1,-1
116,32,1152,28,726,240,1,-1,-1,-1
117,15,690,383,274,71,1,-1,-1,-1
117,19,47,277,549,219,1,-1,-1,-1
117,26,1258,359,218,73,1,-1,-1,-1
117,27,1256,128,170,89,1,-1,-1,-1
117,29,1235,105,402,171,1,-1,-1,-1
117,30,447,7,363,63,1,-1,-1,-1
117,32,1152,28,726,240,1,-1,-1,-1
118,15,682,385,274,71,1,-1,-1,-1
118,19,24,277,576,230,1,-1,-1,-1
118,26,1241,363,218,73,1,-1,-1,-1
118,27,1236,128,170,89,1,-1,-1,-1
118,32,1097,28,726,240,1,-1,-1,-1
119,15,664,388,274,71,1,-1,-1,-1
119,19,0,277,564,230,1,-1,-1,-1
119,26,1238,365,218,73,1,-1,-1,-1
119,27,1214,127,170,89,1,-1,-1,-1
119,32,1094,22,762,252,1,-1,-1,-1
120,15,656,391,274,71,1,-1,-1,-1
120,19,0,279,553,230,1,-1,-1,-1
120,26,1235,366,218,73,1,-1,-1,-1
120,27,1192,127,170,89,1,-1,-1,-1
120,32,1089,27,762,252,1,-1,-1,-1
121,15,651,384,267,81,1,-1,-1,-1
121,19,3,294,519,201,1,-1,-1,-1
121,26,1215,366,246,63,1,-1,-1,-1
121,27,1192,127,170,89,1,-1,-1,-1
121,32,1134,24,783,237,1,-1,-1,-1
122,15,651,384,267,81,1,-1,-1,-1
122,19,0,295,507,201,1,-1,-1,-1
122,26,1209,366,246,63,1,-1,-1,-1
122,27,1150,127,170,89,1,-1,-1,-1
122,32,1127,23,783,237,1,-1,-1,-1
123,15,638,386,254,77,1,-1,-1,-1
123,19,0,302,479,191,1,-1,-1,-1
123,26,1198,370,246,63,1,-1,-1,-1
123,27,1130,129,170,89,1,-1,-1,-1
123,32,1110,23,783,237,1,-1,-1,-1
124,15,641,391,242,73,1,-1,-1,-1
124,19,0,303,452,191,1,-1,-1,-1
124,26,1187,373,246,63,1,-1,-1,-1
124,27,1109,130,170,89,1,-1,-1,-1
124,32,1083,17,822,249,1,-1,-1,-1
125,15,625,390,242,73,1,-1,-1,-1
125,19,0,309,437,191,1,-1,-1,-1
125,26,1182,375,246,63,1,-1,-1,-1
125,27,1089,131,170,89,1,-1,-1,-1
125,32,1079,20,822,249,1,-1,-1,-1
126,15,614,390,254,77,1,-1,-1,-1
126,19,0,310,424,191,1,-1,-1,-1
126,26,1180,381,246,63,1,-1,-1,-1
126,27,1069,135,170,89,1,-1,-1,-1
126,32,1050,30,783,237,1,-1,-1,-1
127,15,599,391,254,77,1,-1,-1,-1
127,19,0,319,396,182,1,-1,-1,-1
127,26,1164,387,234,60,1,-1,-1,-1
127,27,1050,138,170,89,1,-1,-1,-1
127,32,1036,35,783,237,1,-1,-1,-1
128,15,599,392,254,77,1,-1,-1,-1
128,19,0,324,380,182,1,-1,-1,-1
128,26,1157,389,246,63,1,-1,-1,-1
128,27,1038,143,162,85,1,-1,-1,-1
128,32,991,42,783,237,1,-1,-1,-1
129,15,576,399,255,84,1,-1,-1,-1
129,19,0,318,378,201,1,-1,-1,-1
129,26,1157,389,246,63,1,-1,-1,-1
129,27,1038,143,162,85,1,-1,-1,-1
129,32,1020,51,618,210,1,-1,-1,-1
129,33,522,903,438,174,1,-1,-1,-1
129,34,1629,171,291,129,1,-1,-1,-1
130,15,567,399,255,84,1,-1,-1,-1
130,19,0,321,368,201,1,-1,-1,-1
130,26,1140,405,234,60,1,-1,-1,-1
130,27,1003,151,162,85,1,-1,-1,-1
130,32,1007,49,618,210,1,-1,-1,-1
130,33,522,901,438,174,1,-1,-1,-1
130,34,1617,171,291,129,1,-1,-1,-1
131,15,552,397,268,88,1,-1,-1,-1
131,19,0,323,353,201,1,-1,-1,-1
131,26,1138,408,234,60,1,-1,-1,-1
131,27,985,155,162,85,1,-1,-1,-1
131,32,995,50,618,210,1,-1,-1,-1
131,33,527,897,438,174,1,-1,-1,-1
131,34,1604,172,291,129,1,-1,-1,-1
132,15,546,399,255,84,1,-1,-1,-1
132,19,0,327,330,191,1,-1,-1,-1
132,26,1141,413,223,57,1,-1,-1,-1
132,27,968,159,162,85,1,-1,-1,-1
132,32,973,56,618,210,1,-1,-1,-1
132,33,520,890,460,183,1,-1,-1,-1
132,34,1593,172,291,129,1,-1,-1,-1
133,15,544,399,255,84,1,-1,-1,-1
133,19,0,329,313,191,1,-1,-1,-1
133,27,955,163,162,85,1,-1,-1,-1
133,32,970,64,618,210,1,-1,-1,-1
133,33,526,885,460,183,1,-1,-1,-1
133,34,1578,169,306,135,1,-1,-1,-1
134,15,531,396,268,88,1,-1,-1,-1
134,19,0,333,306,191,1,-1,-1,-1
134,27,939,165,162,85,1,-1,-1,-1
134,32,935,64,618,210,1,-1,-1,-1
134,33,536,882,460,183,1,-1,-1,-1
134,34,1570,169,306,135,1,-1,-1,-1
135,15,515,393,281,93,1,-1,-1,-1
135,19,0,334,295,191,1,-1,-1,-1
135,27,926,167,162,85,1,-1,-1,-1
135,32,929,65,618,210,1,-1,-1,-1
135,33,558,881,460,183,1,-1,-1,-1
135,34,1553,169,306,135,1,-1,-1,-1
136,15,511,392,281,93,1,-1,-1,-1
136,19,0,338,281,182,1,-1,-1,-1
136,27,917,170,154,81,1,-1,-1,-1
136,32,925,68,618,210,1,-1,-1,-1
136,33,563,872,460,183,1,-1,-1,-1
136,34,1548,167,306,135,1,-1,-1,-1
137,15,507,387,255,96,1,-1,-1,-1
137,19,0,312,273,141,1,-1,-1,-1
137,27,917,170,154,81,1,-1,-1,-1
137,32,912,36,570,246,1,-1,-1,-1
137,33,563,872,460,183,1,-1,-1,-1
137,34,1515,171,405,96,1,-1,-1,-1
138,15,507,387,255,96,1,-1,-1,-1
138,19,0,312,271,141,1,-1,-1,-1
138,27,897,175,154,81,1,-1,-1,-1
138,32,910,38,570,246,1,-1,-1,-1
138,33,594,871,460,183,1,-1,-1,-1
138,34,1514,172,405,96,1,-1,-1,-1
139,15,507,388,255,96,1,-1,-1,-1
139,19,2,314,260,134,1,-1,-1,-1
139,27,887,176,154,81,1,-1,-1,-1
139,32,900,42,570,246,1,-1,-1,-1
139,33,581,866,483,192,1,-1,-1,-1
139,34,1503,172,417,101,1,-1,-1,-1
140,15,498,385,268,101,1,-1,-1,-1
140,19,0,314,254,134,1,-1,-1,-1
140,27,880,179,154,81,1,-1,-1,-1
140,32,892,46,570,246,1,-1,-1,-1
140,33,607,864,483,192,1,-1,-1,-1
140,34,1499,173,421,101,1,-1,-1,-1
141,15,489,380,281,106,1,-1,-1,-1
141,19,0,313,247,134,1,-1,-1,-1
141,27,868,177,154,81,1,-1,-1,-1
141,32,892,51,570,246,1,-1,-1,-1
141,33,610,859,483,192,1,-1,-1,-1
141,34,1485,175,425,101,1,-1,-1,-1
142,15,482,377,281,106,1,-1,-1,-1
142,19,0,316,238,128,1,-1,-1,-1
142,27,859,175,154,81,1,-1,-1,-1
142,32,878,54,570,246,1,-1,-1,-1
142,33,617,848,483,192,1,-1,-1,-1
142,34,1480,179,425,101,1,-1,-1,-1
143,15,481,377,281,106,1,-1,-1,-1
143,19,0,319,227,122,1,-1,-1,-1
143,27,858,175,147,77,1,-1,-1,-1
143,32,862,47,598,258,1,-1,-1,-1
143,33,606,839,507,201,1,-1,-1,-1
143,34,1474,181,425,101,1,-1,-1,-1
144,15,478,375,281,106,1,-1,-1,-1
144,19,0,318,222,122,1,-1,-1,-1
144,27,843,168,154,81,1,-1,-1,-1
144,32,873,56,570,246,1,-1,-1,-1
144,34,1482,187,405,96,1,-1,-1,-1
145,15,510,378,228,117,1,-1,-1,-1
145,19,0,324,222,96,1,-1,-1,-1
145,27,843,168,154,81,1,-1,-1,-1
145,32,873,56,570,246,1,-1,-1,-1
145,34,1479,198,399,147,1,-1,-1,-1
145,35,792,888,357,189,1,-1,-1,-1
145,36,852,156,534,165,1,-1,-1,-1
145,37,924,51,345,99,1,-1,-1,-1
146,15,511,378,228,117,1,-1,-1,-1
146,19,1,324,222,96,1,-1,-1,-1
146,27,826,159,154,81,1,-1,-1,-1
146,32,871,66,543,234,1,-1,-1,-1
146,34,1474,201,399,147,1,-1,-1,-1
146,35,802,888,357,189,1,-1,-1,-1
146,36,847,157,534,165,1,-1,-1,-1
146,37,924,52,345,99,1,-1,-1,-1
147,15,509,376,228,117,1,-1,-1,-1
147,19,7,326,222,96,1,-1,-1,-1
147,27,820,155,154,81,1,-1,-1,-1
147,32,850,66,543,234,1,-1,-1,-1
147,34,1470,203,399,147,1,-1,-1,-1
147,35,814,888,357,189,1,-1,-1,-1
147,36,849,159,534,165,1,-1,-1,-1
147,37,923,52,345,99,1,-1,-1,-1
148,15,507,374,228,117,1,-1,-1,-1
148,19,0,327,210,96,1,-1,-1,-1
148,27,807,145,154,81,1,-1,-1,-1
148,32,859,76,517,223,1,-1,-1,-1
148,34,1465,206,399,147,1,-1,-1,-1
148,35,814,885,375,195,1,-1,-1,-1
148,36,833,157,534,165,1,-1,-1,-1
148,37,929,54,329,94,1,-1,-1,-1
149,15,511,373,217,111,1,-1,-1,-1
149,19,0,329,206,91,1,-1,-1,-1
149,27,810,139,147,77,1,-1,-1,-1
149,32,869,78,517,223,1,-1,-1,-1
149,34,1469,212,380,140,1,-1,-1,-1
149,35,815,880,394,200,1,-1,-1,-1
149,36,843,159,509,157,1,-1,-1,-1
149,37,928,54,329,94,1,-1,-1,-1
150,15,510,371,217,111,1,-1,-1,-1
150,19,0,326,192,91,1,-1,-1,-1
150,27,806,139,147,77,1,-1,-1,-1
150,32,841,82,492,213,1,-1,-1,-1
150,34,1466,215,380,140,1,-1,-1,-1
150,35,812,876,413,204,1,-1,-1,-1
150,36,842,156,509,157,1,-1,-1,-1
150,37,928,54,329,94,1,-1,-1,-1
151,15,509,368,217,111,1,-1,-1,-1
151,19,0,322,192,96,1,-1,-1,-1
151,27,808,136,140,73,1,-1,-1,-1
151,32,862,90,469,202,1,-1,-1,-1
151,34,1463,217,380,140,1,-1,-1,-1
151,35,822,873,413,207,1,-1,-1,-1
151,36,825,152,509,157,1,-1,-1,-1
151,37,926,54,329,94,1,-1,-1,-1
152,15,508,364,217,111,1,-1,-1,-1
152,19,0,321,198,96,1,-1,-1,-1
152,34,1460,221,380,140,1,-1,-1,-1
152,35,834,882,413,198,1,-1,-1,-1
152,36,825,147,509,157,1,-1,-1,-1
152,37,923,55,329,94,1,-1,-1,-1
153,15,516,357,204,120,1,-1,-1,-1
153,19,0,321,198,96,1,-1,-1,-1
153,34,1449,216,378,117,1,-1,-1,-1
153,35,891,870,372,204,1,-1,-1,-1
153,36,798,72,498,234,1,-1,-1,-1
153,37,923,55,329,94,1,-1,-1,-1
154,15,517,354,204,120,1,-1,-1,-1
154,19,0,318,188,96,1,-1,-1,-1
154,34,1449,217,378,117,1,-1,-1,-1
154,35,899,871,372,204,1,-1,-1,-1
154,36,798,70,498,234,1,-1,-1,-1
154,37,905,52,345,99,1,-1,-1,-1
155,15,518,352,204,120,1,-1,-1,-1
155,19,0,319,169,96,1,-1,-1,-1
155,34,1452,219,378,117,1,-1,-1,-1
155,35,908,872,372,204,1,-1,-1,-1
155,36,797,66,498,234,1,-1,-1,-1
155,37,900,51,345,99,1,-1,-1,-1
156,15,519,350,204,120,1,-1,-1,-1
156,19,0,320,168,96,1,-1,-1,-1
156,34,1450,222,378,117,1,-1,-1,-1
156,35,905,870,391,210,1,-1,-1,-1
156,36,803,62,498,234,1,-1,-1,-1
156,37,894,51,345,99,1,-1,-1,-1
157,15,520,346,204,120,1,-1,-1,-1
157,34,1459,228,360,111,1,-1,-1,-1
157,35,907,868,410,212,1,-1,-1,-1
157,36,793,51,523,246,1,-1,-1,-1
157,37,889,52,345,99,1,-1,-1,-1
158,15,521,342,204,120,1,-1,-1,-1
158,34,1464,233,360,111,1,-1,-1,-1
158,35,905,871,431,209,1,-1,-1,-1
158,36,793,44,523,246,1,-1,-1,-1
158,37,879,52,362,104,1,-1,-1,-1
159,15,522,340,204,120,1,-1,-1,-1
159,34,1465,237,360,111,1,-1,-1,-1
159,35,914,876,431,204,1,-1,-1,-1
159,36,803,40,498,234,1,-1,-1,-1
159,37,891,53,362,104,1,-1,-1,-1
160,15,523,337,204,120,1,-1,-1,-1
160,34,1462,242,378,117,1,-1,-1,-1
160,35,926,877,431,203,1,-1,-1,-1
160,36,793,38,498,234,1,-1,-1,-1
160,37,883,51,362,104,1,-1,-1,-1
161,15,528,333,192,102,1,-1,-1,-1
161,34,1452,237,378,138,1,-1,-1,-1
161,35,926,877,431,203,1,-1,-1,-1
161,36,793,38,498,234,1,-1,-1,-1
161,37,883,51,362,104,1,-1,-1,-1
161,38,1008,459,402,126,1,-1,-1,-1
161,39,990,738,408,336,1,-1,-1,-1
162,15,532,332,192,102,1,-1,-1,-1
162,34,1451,240,378,138,1,-1,-1,-1
162,35,943,864,452,216,1,-1,-1,-1
162,36,798,13,523,246,1,-1,-1,-1
162,38,1007,458,402,126,1,-1,-1,-1
162,39,997,739,408,336,1,-1,-1,-1
163,15,540,332,183,97,1,-1,-1,-1
163,34,1456,247,378,138,1,-1,-1,-1
163,35,941,862,475,218,1,-1,-1,-1
163,36,797,12,549,258,1,-1,-1,-1
163,38,1013,460,383,120,1,-1,-1,-1
163,39,1006,741,408,336,1,-1,-1,-1
164,15,542,329,183,97,1,-1,-1,-1
164,34,1467,256,360,131,1,-1,-1,-1
164,35,935,854,499,226,1,-1,-1,-1
164,36,826,15,576,271,1,-1,-1,-1
164,38,1019,461,383,120,1,-1,-1,-1
164,39,1017,744,408,336,1,-1,-1,-1
165,15,545,325,183,97,1,-1,-1,-1
165,34,1467,263,360,131,1,-1,-1,-1
165,35,928,851,523,229,1,-1,-1,-1
165,36,861,20,605,284,1,-1,-1,-1
165,38,1016,456,402,126,1,-1,-1,-1
165,39,1029,744,408,336,1,-1,-1,-1
166,15,549,321,183,97,1,-1,-1,-1
166,34,1466,270,360,131,1,-1,-1,-1
166,35,946,854,523,226,1,-1,-1,-1
166,36,865,17,605,284,1,-1,-1,-1
166,38,1010,456,402,126,1,-1,-1,-1
166,39,1040,747,408,333,1,-1,-1,-1
167,15,552,317,183,97,1,-1,-1,-1
167,34,1466,276,360,131,1,-1,-1,-1
167,35,950,853,550,227,1,-1,-1,-1
167,38,1009,457,402,126,1,-1,-1,-1
167,39,1050,750,408,330,1,-1,-1,-1
168,15,556,313,183,97,1,-1,-1,-1
168,34,1468,282,360,131,1,-1,-1,-1
168,38,998,453,422,132,1,-1,-1,-1
168,39,1072,760,389,320,1,-1,-1,-1
169,15,556,313,183,97,1,-1,-1,-1
169,34,1468,282,360,131,1,-1,-1,-1
169,38,998,453,422,132,1,-1,-1,-1
169,39,1072,760,389,320,1,-1,-1,-1
169,40,960,642,561,432,1,-1,-1,-1
169,41,993,414,288,120,1,-1,-1,-1
169,42,294,27,315,96,1,-1,-1,-1
170,15,573,302,174,93,1,-1,-1,-1
170,34,1490,282,360,131,1,-1,-1,-1
170,38,1004,456,422,132,1,-1,-1,-1
170,39,1087,752,408,328,1,-1,-1,-1
170,40,966,645,561,432,1,-1,-1,-1
170,41,995,414,288,120,1,-1,-1,-1
170,42,310,29,300,91,1,-1,-1,-1
171,15,577,298,174,93,1,-1,-1,-1
171,34,1488,282,378,138,1,-1,-1,-1
171,38,998,455,422,132,1,-1,-1,-1
171,39,1089,763,408,317,1,-1,-1,-1
171,40,972,648,561,432,1,-1,-1,-1
171,41,996,414,288,120,1,-1,-1,-1
171,42,317,26,300,91,1,-1,-1,-1
172,15,578,294,183,97,1,-1,-1,-1
172,34,1505,293,378,138,1,-1,-1,-1
172,38,1006,456,402,126,1,-1,-1,-1
172,39,1087,751,428,329,1,-1,-1,-1
172,40,977,651,561,429,1,-1,-1,-1
172,41,997,413,288,120,1,-1,-1,-1
172,42,318,24,315,96,1,-1,-1,-1
173,15,589,295,174,93,1,-1,-1,-1
173,34,1501,293,397,145,1,-1,-1,-1
173,39,1086,747,450,333,1,-1,-1,-1
173,40,966,638,589,442,1,-1,-1,-1
173,41,995,412,288,120,1,-1,-1,-1
173,42,329,20,331,101,1,-1,-1,-1
174,15,594,287,174,93,1,-1,-1,-1
174,34,1527,292,393,145,1,-1,-1,-1
174,39,1089,733,472,347,1,-1,-1,-1
174,40,968,642,589,438,1,-1,-1,-1
174,41,997,412,288,120,1,-1,-1,-1
174,42,320,24,347,106,1,-1,-1,-1
175,15,602,280,166,88,1,-1,-1,-1
175,34,1528,294,392,145,1,-1,-1,-1
175,39,1086,751,450,329,1,-1,-1,-1
175,40,970,646,589,434,1,-1,-1,-1
175,41,997,409,288,120,1,-1,-1,-1
175,42,314,29,347,106,1,-1,-1,-1
176,15,613,278,166,88,1,-1,-1,-1
176,34,1542,294,378,145,1,-1,-1,-1
176,39,1088,750,450,330,1,-1,-1,-1
176,40,951,634,619,446,1,-1,-1,-1
176,41,1000,408,288,120,1,-1,-1,-1
176,42,329,28,365,111,1,-1,-1,-1
177,15,613,278,166,88,1,-1,-1,-1
177,34,1509,288,390,243,1,-1,-1,-1
177,39,1088,750,450,330,1,-1,-1,-1
177,40,951,634,619,446,1,-1,-1,-1
177,41,1000,408,288,120,1,-1,-1,-1
177,42,329,28,365,111,1,-1,-1,-1
177,43,612,582,693,489,1,-1,-1,-1
178,34,1513,291,390,243,1,-1,-1,-1
178,39,1052,769,428,311,1,-1,-1,-1
178,40,934,657,589,423,1,-1,-1,-1
178,41,1004,405,274,114,1,-1,-1,-1
178,42,355,52,365,111,1,-1,-1,-1
178,43,612,576,693,489,1,-1,-1,-1
179,34,1514,300,390,243,1,-1,-1,-1
179,40,923,652,589,428,1,-1,-1,-1
179,41,998,403,274,114,1,-1,-1,-1
179,42,363,58,347,106,1,-1,-1,-1
179,43,617,576,693,489,1,-1,-1,-1
180,34,1519,307,390,243,1,-1,-1,-1
180,40,920,654,589,426,1,-1,-1,-1
180,41,988,397,288,120,1,-1,-1,-1
180,42,365,68,331,101,1,-1,-1,-1
180,43,609,572,693,489,1,-1,-1,-1
181,34,1523,316,390,243,1,-1,-1,-1
181,40,909,643,589,437,1,-1,-1,-1
181,41,987,394,288,120,1,-1,-1,-1
181,43,596,571,693,489,1,-1,-1,-1
182,34,1525,322,390,243,1,-1,-1,-1
182,40,909,657,561,423,1,-1,-1,-1
182,41,983,391,288,120,1,-1,-1,-1
182,43,576,564,693,489,1,-1,-1,-1
183,34,1525,330,390,243,1,-1,-1,-1
183,40,890,658,561,422,1,-1,-1,-1
183,41,983,388,288,120,1,-1,-1,-1
183,43,573,562,693,489,1,-1,-1,-1
184,34,1523,339,390,243,1,-1,-1,-1
184,40,881,662,561,418,1,-1,-1,-1
184,41,978,386,288,120,1,-1,-1,-1
184,43,561,563,693,489,1,-1,-1,-1
185,34,1494,342,411,246,1,-1,-1,-1
185,40,881,662,561,418,1,-1,-1,-1
185,41,978,386,288,120,1,-1,-1,-1
185,43,453,645,795,429,1,-1,-1,-1
185,44,798,3,411,60,1,-1,-1,-1
186,34,1495,344,411,246,1,-1,-1,-1
186,40,842,668,561,412,1,-1,-1,-1
186,43,448,639,795,429,1,-1,-1,-1
186,44,284,0,411,20,1,-1,-1,-1
187,34,1495,346,411,246,1,-1,-1,-1
187,40,841,669,561,411,1,-1,-1,-1
187,43,434,634,795,429,1,-1,-1,-1
187,44,0,0,182,2,1,-1,-1,-1
188,34,1497,346,411,246,1,-1,-1,-1
188,43,429,624,795,429,1,-1,-1,-1
188,44,0,0,2,2,1,-1,-1,-1
189,34,1491,340,429,258,1,-1,-1,-1
189,43,420,611,795,429,1,-1,-1,-1
189,44,0,0,2,2,1,-1,-1,-1
190,34,1489,338,431,258,1,-1,-1,-1
190,43,410,597,795,429,1,-1,-1,-1
190,44,0,0,2,2,1,-1,-1,-1
191,34,1496,343,424,258,1,-1,-1,-1
191,43,398,585,795,429,1,-1,-1,-1
191,44,0,0,2,2,1,-1,-1,-1
192,34,1455,375,432,258,1,-1,-1,-1
192,43,383,571,795,429,1,-1,-1,-1
192,44,0,0,2,2,1,-1,-1,-1
193,34,1440,420,441,219,1,-1,-1,-1
193,43,383,571,795,429,1,-1,-1,-1
193,44,0,0,2,2,1,-1,-1,-1
193,45,300,732,933,339,1,-1,-1,-1
194,34,1438,421,441,219,1,-1,-1,-1
194,43,313,492,795,429,1,-1,-1,-1
194,44,0,0,2,2,1,-1,-1,-1
194,45,293,724,933,339,1,-1,-1,-1
195,34,1435,424,441,219,1,-1,-1,-1
195,43,266,422,835,450,1,-1,-1,-1
195,44,0,0,2,2,1,-1,-1,-1
195,45,277,714,933,339,1,-1,-1,-1
196,34,1429,427,441,219,1,-1,-1,-1
196,43,283,404,835,450,1,-1,-1,-1
196,45,260,690,933,339,1,-1,-1,-1
197,34,1413,425,463,230,1,-1,-1,-1
197,43,279,382,835,450,1,-1,-1,-1
197,45,247,657,933,339,1,-1,-1,-1
198,34,1404,427,463,230,1,-1,-1,-1
198,43,219,341,795,429,1,-1,-1,-1
198,45,241,630,933,339,1,-1,-1,-1
199,34,1399,431,463,230,1,-1,-1,-1
199,43,220,320,795,429,1,-1,-1,-1
199,45,213,595,980,356,1,-1,-1,-1
200,34,1379,427,486,241,1,-1,-1,-1
200,43,156,246,795,429,1,-1,-1,-1
200,45,192,565,1029,374,1,-1,-1,-1
201,34,1383,462,471,222,1,-1,-1,-1
201,43,156,246,795,429,1,-1,-1,-1
201,45,114,471,1098,597,1,-1,-1,-1
202,34,1383,463,471,222,1,-1,-1,-1
202,45,110,451,1098,597,1,-1,-1,-1
203,34,1376,467,471,222,1,-1,-1,-1
203,45,74,419,1153,627,1,-1,-1,-1
204,34,1369,471,471,222,1,-1,-1,-1
204,45,60,396,1153,627,1,-1,-1,-1
205,34,1364,475,471,222,1,-1,-1,-1
205,45,56,366,1153,627,1,-1,-1,-1
206,34,1358,479,471,222,1,-1,-1,-1
206,45,43,345,1153,627,1,-1,-1,-1
207,34,1353,482,471,222,1,-1,-1,-1
207,45,27,312,1153,627,1,-1,-1,-1
208,34,1341,487,471,222,1,-1,-1,-1
208,45,9,279,1153,627,1,-1,-1,-1
209,34,1335,492,471,204,1,-1,-1,-1
209,45,3,144,1203,921,1,-1,-1,-1
210,34,1333,495,471,204,1,-1,-1,-1
210,45,0,122,1189,921,1,-1,-1,-1
211,34,1308,498,495,214,1,-1,-1,-1
211,45,0,100,1175,921,1,-1,-1,-1
212,34,1302,502,495,214,1,-1,-1,-1
212,45,0,74,1155,921,1,-1,-1,-1
213,34,1296,505,495,214,1,-1,-1,-1
213,45,0,39,1140,921,1,-1,-1,-1
214,34,1281,510,495,214,1,-1,-1,-1
214,45,0,14,1127,921,1,-1,-1,-1
215,34,1263,513,519,225,1,-1,-1,-1
215,45,0,0,1122,909,1,-1,-1,-1
216,34,1248,519,519,225,1,-1,-1,-1
216,45,0,0,1117,898,1,-1,-1,-1
217,34,1248,519,519,225,1,-1,-1,-1
217,45,51,6,1014,894,1,-1,-1,-1
218,34,1227,527,519,225,1,-1,-1,-1
218,45,48,0,1014,884,1,-1,-1,-1
219,34,1209,525,545,236,1,-1,-1,-1
219,45,39,0,1014,861,1,-1,-1,-1
220,34,1201,534,545,236,1,-1,-1,-1
220,45,33,0,1014,833,1,-1,-1,-1
221,34,1198,545,519,225,1,-1,-1,-1
221,45,29,0,1014,811,1,-1,-1,-1
222,34,1183,553,519,225,1,-1,-1,-1
222,45,24,0,1014,779,1,-1,-1,-1
223,34,1154,559,519,225,1,-1,-1,-1
223,45,17,0,1014,763,1,-1,-1,-1
224,34,1122,565,519,225,1,-1,-1,-1
224,45,19,0,966,683,1,-1,-1,-1
225,34,1122,565,519,225,1,-1,-1,-1
225,45,0,3,969,576,1,-1,-1,-1
225,46,1155,612,474,123,1,-1,-1,-1
226,34,1113,575,495,214,1,-1,-1,-1
226,45,0,0,966,559,1,-1,-1,-1
226,46,1146,613,474,123,1,-1,-1,-1
227,34,1090,576,519,225,1,-1,-1,-1
227,45,0,0,968,534,1,-1,-1,-1
227,46,1128,614,474,123,1,-1,-1,-1
228,34,1080,575,519,225,1,-1,-1,-1
228,45,0,0,965,510,1,-1,-1,-1
228,46,1125,614,474,123,1,-1,-1,-1
229,34,1053,575,519,225,1,-1,-1,-1
229,45,0,0,969,487,1,-1,-1,-1
229,46,1110,614,474,123,1,-1,-1,-1
230,45,3,0,969,456,1,-1,-1,-1
230,46,1090,614,498,129,1,-1,-1,-1
231,45,0,0,960,419,1,-1,-1,-1
231,46,1066,610,523,136,1,-1,-1,-1
232,45,7,0,923,408,1,-1,-1,-1
232,46,1056,608,549,142,1,-1,-1,-1
233,45,7,0,923,408,1,-1,-1,-1
233,46,1047,642,459,102,1,-1,-1,-1
234,45,4,0,923,333,1,-1,-1,-1
234,46,1042,642,459,102,1,-1,-1,-1
235,45,87,0,923,441,1,-1,-1,-1
235,46,1033,642,459,102,1,-1,-1,-1
236,45,103,0,923,519,1,-1,-1,-1
236,46,1039,646,437,97,1,-1,-1,-1
237,45,100,0,969,530,1,-1,-1,-1
237,46,1030,645,437,97,1,-1,-1,-1
238,45,86,0,969,543,1,-1,-1,-1
238,46,1014,646,459,102,1,-1,-1,-1
239,45,113,0,923,507,1,-1,-1,-1
239,46,993,648,482,107,1,-1,-1,-1
240,46,991,652,482,107,1,-1,-1,-1
241,46,991,652,482,107,1,-1,-1,-1
241,47,1005,684,444,222,1,-1,-1,-1
242,46,987,667,482,107,1,-1,-1,-1
242,47,1002,691,444,222,1,-1,-1,-1
243,46,978,672,506,112,1,-1,-1,-1
243,47,1001,698,444,222,1,-1,-1,-1
244,46,958,676,531,118,1,-1,-1,-1
244,47,994,706,444,222,1,-1,-1,-1
245,46,955,683,531,118,1,-1,-1,-1
245,47,994,714,444,222,1,-1,-1,-1
246,46,968,691,531,118,1,-1,-1,-1
246,47,988,722,444,222,1,-1,-1,-1
247,46,949,695,558,124,1,-1,-1,-1
247,47,987,732,444,222,1,-1,-1,-1
248,46,953,699,586,130,1,-1,-1,-1
248,47,982,740,444,222,1,-1,-1,-1
249,46,953,699,586,130,1,-1,-1,-1
249,47,993,738,441,234,1,-1,-1,-1
249,48,0,3,900,243,1,-1,-1,-1
249,49,831,0,312,69,1,-1,-1,-1
250,46,960,702,615,137,1,-1,-1,-1
250,47,992,741,441,234,1,-1,-1,-1
250,48,0,0,922,253,1,-1,-1,-1
250,49,840,0,312,69,1,-1,-1,-1
251,46,966,705,615,137,1,-1,-1,-1
251,47,988,747,441,234,1,-1,-1,-1
251,48,0,5,922,255,1,-1,-1,-1
251,49,845,1,312,69,1,-1,-1,-1
252,47,983,756,441,234,1,-1,-1,-1
252,48,10,16,900,243,1,-1,-1,-1
252,49,866,1,312,69,1,-1,-1,-1
253,47,979,766,441,234,1,-1,-1,-1
253,48,44,31,857,231,1,-1,-1,-1
253,49,865,4,297,66,1,-1,-1,-1
254,47,976,773,441,234,1,-1,-1,-1
254,48,61,41,857,231,1,-1,-1,-1
254,49,858,2,297,66,1,-1,-1,-1
255,47,972,780,441,234,1,-1,-1,-1
255,48,66,42,900,243,1,-1,-1,-1
255,49,794,6,297,66,1,-1,-1,-1
256,47,969,787,441,234,1,-1,-1,-1
256,48,65,44,900,243,1,-1,-1,-1
256,49,893,7,283,63,1,-1,-1,-1
257,47,966,774,444,270,1,-1,-1,-1
257,48,6,3,1035,312,1,-1,-1,-1
257,49,893,7,283,63,1,-1,-1,-1
257,50,516,111,414,207,1,-1,-1,-1
258,47,963,778,444,270,1,-1,-1,-1
258,48,15,5,1035,312,1,-1,-1,-1
258,49,909,8,297,66,1,-1,-1,-1
258,50,518,114,414,207,1,-1,-1,-1
259,47,968,787,423,257,1,-1,-1,-1
259,48,28,7,1035,312,1,-1,-1,-1
259,49,934,4,297,66,1,-1,-1,-1
259,50,533,124,394,197,1,-1,-1,-1
260,47,964,792,423,257,1,-1,-1,-1
260,48,38,7,1035,312,1,-1,-1,-1
260,50,536,126,394,197,1,-1,-1,-1
261,47,961,798,423,257,1,-1,-1,-1
261,48,39,9,1035,312,1,-1,-1,-1
261,50,542,128,394,197,1,-1,-1,-1
262,47,958,803,423,257,1,-1,-1,-1
262,48,37,12,1035,312,1,-1,-1,-1
262,50,543,130,394,197,1,-1,-1,-1
263,47,952,807,423,257,1,-1,-1,-1
263,48,29,12,1035,312,1,-1,-1,-1
263,50,551,135,394,197,1,-1,-1,-1
264,47,948,807,423,257,1,-1,-1,-1
264,48,0,2,1080,328,1,-1,-1,-1
264,50,545,144,394,197,1,-1,-1,-1
265,47,933,741,426,300,1,-1,-1,-1
265,48,0,0,1215,303,1,-1,-1,-1
265,50,545,144,394,197,1,-1,-1,-1
266,47,932,740,426,300,1,-1,-1,-1
266,48,12,0,1215,303,1,-1,-1,-1
266,50,545,153,394,197,1,-1,-1,-1
267,47,919,734,447,315,1,-1,-1,-1
267,48,30,5,1215,303,1,-1,-1,-1
267,50,542,163,394,197,1,-1,-1,-1
268,47,911,737,447,315,1,-1,-1,-1
268,48,46,5,1215,303,1,-1,-1,-1
268,50,552,170,394,197,1,-1,-1,-1
269,47,910,733,447,315,1,-1,-1,-1
269,48,71,9,1215,303,1,-1,-1,-1
269,50,606,174,376,188,1,-1,-1,-1
270,47,907,735,447,315,1,-1,-1,-1
270,48,88,14,1215,303,1,-1,-1,-1
270,50,639,172,376,188,1,-1,-1,-1
271,47,904,732,447,315,1,-1,-1,-1
271,48,77,12,1276,318,1,-1,-1,-1
272,47,898,728,447,315,1,-1,-1,-1
272,48,67,9,1340,334,1,-1,-1,-1
273,47,903,792,411,261,1,-1,-1,-1
273,48,67,9,1340,334,1,-1,-1,-1
273,51,720,396,324,81,1,-1,-1,-1
274,47,901,789,411,261,1,-1,-1,-1
274,48,84,6,1340,334,1,-1,-1,-1
274,51,724,396,324,81,1,-1,-1,-1
275,47,898,784,411,261,1,-1,-1,-1
275,48,92,1,1340,334,1,-1,-1,-1
275,51,730,397,309,77,1,-1,-1,-1
276,47,882,772,432,274,1,-1,-1,-1
276,48,101,0,1276,318,1,-1,-1,-1
276,51,722,395,324,81,1,-1,-1,-1
277,47,877,766,432,274,1,-1,-1,-1
277,48,66,0,1340,327,1,-1,-1,-1
277,51,732,396,309,77,1,-1,-1,-1
278,47,872,756,432,274,1,-1,-1,-1
278,48,111,0,1276,316,1,-1,-1,-1
278,51,731,396,309,77,1,-1,-1,-1
279,47,868,751,432,274,1,-1,-1,-1
279,51,714,393,324,81,1,-1,-1,-1
280,47,865,744,432,274,1,-1,-1,-1
280,51,711,393,324,81,1,-1,-1,-1
281,47,870,732,396,243,1,-1,-1,-1
281,51,711,393,324,81,1,-1,-1,-1
282,47,869,730,396,243,1,-1,-1,-1
282,51,878,391,324,81,1,-1,-1,-1
283,47,866,722,396,243,1,-1,-1,-1
283,51,916,395,309,77,1,-1,-1,-1
284,47,865,719,396,243,1,-1,-1,-1
284,51,868,393,294,73,1,-1,-1,-1
285,47,862,713,396,243,1,-1,-1,-1
286,47,858,706,396,243,1,-1,-1,-1
287,47,850,699,396,243,1,-1,-1,-1
288,47,846,693,396,243,1,-1,-1,-1
289,47,846,693,396,243,1,-1,-1,-1
289,52,708,6,825,1032,1,-1,-1,-1
290,47,833,677,396,243,1,-1,-1,-1
290,52,721,13,825,1032,1,-1,-1,-1
291,47,823,666,396,243,1,-1,-1,-1
291,52,731,29,825,1032,1,-1,-1,-1
292,47,835,670,377,231,1,-1,-1,-1
292,52,743,41,825,1032,1,-1,-1,-1
293,47,852,676,359,220,1,-1,-1,-1
293,52,763,69,825,1011,1,-1,-1,-1
294,47,776,686,359,220,1,-1,-1,-1
294,52,770,117,825,963,1,-1,-1,-1
295,47,770,724,359,220,1,-1,-1,-1
295,52,787,136,825,944,1,-1,-1,-1
296,47,779,750,377,231,1,-1,-1,-1
296,52,788,132,825,948,1,-1,-1,-1
297,47,779,750,377,231,1,-1,-1,-1
297,52,788,132,825,948,1,-1,-1,-1
297,53,78,18,654,153,1,-1,-1,-1
297,54,426,0,1440,1062,1,-1,-1,-1
298,47,810,802,396,243,1,-1,-1,-1
298,52,767,106,866,974,1,-1,-1,-1
298,53,68,19,654,153,1,-1,-1,-1
298,54,440,18,1440,1062,1,-1,-1,-1
299,47,848,845,377,231,1,-1,-1,-1
299,52,748,67,910,1013,1,-1,-1,-1
299,53,74,23,623,146,1,-1,-1,-1
299,54,448,64,1440,1016,1,-1,-1,-1
300,52,771,55,910,1025,1,-1,-1,-1
300,53,39,24,623,146,1,-1,-1,-1
300,54,425,57,1495,1023,1,-1,-1,-1
301,52,772,38,910,1042,1,-1,-1,-1
301,53,12,20,654,153,1,-1,-1,-1
301,54,428,84,1492,996,1,-1,-1,-1
302,52,778,51,910,1029,1,-1,-1,-1
302,53,0,22,649,153,1,-1,-1,-1
302,54,436,94,1484,986,1,-1,-1,-1
303,52,774,52,910,1028,1,-1,-1,-1
303,53,0,25,611,153,1,-1,-1,-1
303,54,408,66,1512,1014,1,-1,-1,-1
304,52,811,16,910,1064,1,-1,-1,-1
304,53,0,23,613,161,1,-1,-1,-1
304,54,434,99,1486,981,1,-1,-1,-1
305,52,579,57,1128,1011,1,-1,-1,-1
305,53,3,27,600,183,1,-1,-1,-1
305,54,434,99,1486,981,1,-1,-1,-1
306,52,585,64,1128,1011,1,-1,-1,-1
306,53,0,26,588,183,1,-1,-1,-1
306,54,448,99,1472,981,1,-1,-1,-1
307,52,583,69,1128,1011,1,-1,-1,-1
307,53,0,29,575,183,1,-1,-1,-1
307,54,447,120,1473,960,1,-1,-1,-1
308,52,583,73,1128,1007,1,-1,-1,-1
308,53,0,27,540,183,1,-1,-1,-1
308,54,444,140,1476,940,1,-1,-1,-1
309,52,583,75,1128,1005,1,-1,-1,-1
309,53,0,30,512,183,1,-1,-1,-1
309,54,412,98,1508,982,1,-1,-1,-1
310,52,570,84,1128,996,1,-1,-1,-1
310,53,0,29,500,183,1,-1,-1,-1
310,54,414,79,1506,1001,1,-1,-1,-1
311,52,580,100,1074,963,1,-1,-1,-1
311,53,0,30,467,183,1,-1,-1,-1
311,54,409,88,1511,992,1,-1,-1,-1
312,52,585,111,1074,963,1,-1,-1,-1
312,53,0,31,464,183,1,-1,-1,-1
312,54,407,86,1513,994,1,-1,-1,-1
313,52,585,111,1074,963,1,-1,-1,-1
313,53,0,66,423,183,1,-1,-1,-1
313,54,407,86,1513,994,1,-1,-1,-1
314,52,581,114,1074,963,1,-1,-1,-1
314,53,0,66,404,183,1,-1,-1,-1
314,54,387,73,1533,1007,1,-1,-1,-1
315,52,575,124,1074,956,1,-1,-1,-1
315,53,0,70,372,183,1,-1,-1,-1
315,54,406,58,1514,1022,1,-1,-1,-1
316,52,579,104,1074,963,1,-1,-1,-1
316,53,0,69,354,192,1,-1,-1,-1
317,52,580,113,1074,963,1,-1,-1,-1
317,53,0,71,333,192,1,-1,-1,-1
318,52,594,112,1074,963,1,-1,-1,-1
318,53,0,70,300,192,1,-1,-1,-1
319,52,585,84,1128,996,1,-1,-1,-1
319,53,0,67,267,202,1,-1,-1,-1
320,52,621,100,1074,963,1,-1,-1,-1
320,53,0,67,235,192,1,-1,-1,-1
321,52,621,100,1074,963,1,-1,-1,-1
321,53,0,67,235,192,1,-1,-1,-1
321,55,1569,633,348,282,1,-1,-1,-1
321,56,1008,612,483,459,1,-1,-1,-1
321,57,351,462,480,369,1,-1,-1,-1
322,52,593,77,1128,1003,1,-1,-1,-1
322,53,0,62,182,192,1,-1,-1,-1
322,55,1555,632,348,282,1,-1,-1,-1
322,56,1016,618,483,459,1,-1,-1,-1
322,57,346,463,480,369,1,-1,-1,-1
