1,0,1004,644,280,400,1,-1,-1,-1
1,1,1940,568,228,392,1,-1,-1,-1
1,2,1520,612,196,336,1,-1,-1,-1
1,3,1656,596,212,356,1,-1,-1,-1
1,4,1392,624,200,324,1,-1,-1,-1
1,5,1820,592,124,308,1,-1,-1,-1
2,0,1004,640,280,400,1,-1,-1,-1
2,1,1946,568,228,392,1,-1,-1,-1
2,2,1523,615,196,336,1,-1,-1,-1
2,3,1662,601,212,356,1,-1,-1,-1
2,4,1394,625,200,324,1,-1,-1,-1
2,5,1828,594,124,308,1,-1,-1,-1
3,0,1005,640,280,400,1,-1,-1,-1
3,1,1961,566,228,392,1,-1,-1,-1
3,2,1526,621,196,336,1,-1,-1,-1
3,3,1689,615,202,339,1,-1,-1,-1
3,4,1394,628,200,324,1,-1,-1,-1
3,5,1847,605,124,308,1,-1,-1,-1
4,0,994,640,280,400,1,-1,-1,-1
4,1,1974,564,228,392,1,-1,-1,-1
4,2,1528,628,196,336,1,-1,-1,-1
4,3,1696,623,202,339,1,-1,-1,-1
4,4,1391,633,200,324,1,-1,-1,-1
4,5,1862,623,124,308,1,-1,-1,-1
5,0,989,640,280,400,1,-1,-1,-1
5,1,1987,569,217,373,1,-1,-1,-1
5,2,1529,639,196,336,1,-1,-1,-1
5,3,1694,617,212,356,1,-1,-1,-1
5,4,1396,636,200,324,1,-1,-1,-1
5,5,1875,626,124,308,1,-1,-1,-1
6,0,985,649,280,400,1,-1,-1,-1
6,1,1997,577,207,356,1,-1,-1,-1
6,2,1520,634,206,353,1,-1,-1,-1
6,3,1689,616,212,356,1,-1,-1,-1
6,4,1391,635,200,324,1,-1,-1,-1
6,5,1888,645,118,293,1,-1,-1,-1
7,0,983,659,280,400,1,-1,-1,-1
7,1,2003,567,217,373,1,-1,-1,-1
7,2,1523,631,206,353,1,-1,-1,-1
7,3,1685,616,212,356,1,-1,-1,-1
7,4,1391,633,200,324,1,-1,-1,-1
7,5,1904,648,118,293,1,-1,-1,-1
8,0,981,665,280,400,1,-1,-1,-1
8,1,2011,569,217,373,1,-1,-1,-1
8,2,1519,631,206,353,1,-1,-1,-1
8,3,1684,616,212,356,1,-1,-1,-1
8,4,1397,632,200,324,1,-1,-1,-1
8,5,1909,652,118,293,1,-1,-1,-1
9,0,960,688,280,364,1,-1,-1,-1
9,1,2040,636,172,328,1,-1,-1,-1
9,2,1528,672,248,320,1,-1,-1,-1
9,3,1652,604,228,304,1,-1,-1,-1
9,4,1388,616,172,300,1,-1,-1,-1
9,5,1912,664,156,300,1,-1,-1,-1
9,6,1212,644,320,356,1,-1,-1,-1
10,0,956,687,280,364,1,-1,-1,-1
10,1,2044,644,172,328,1,-1,-1,-1
10,2,1525,667,248,320,1,-1,-1,-1
10,3,1646,594,239,319,1,-1,-1,-1
10,4,1387,615,172,300,1,-1,-1,-1
10,5,1916,661,156,300,1,-1,-1,-1
10,6,1208,649,320,356,1,-1,-1,-1
11,0,948,685,280,364,1,-1,-1,-1
11,1,2050,652,172,328,1,-1,-1,-1
11,2,1525,666,248,320,1,-1,-1,-1
11,3,1648,596,239,319,1,-1,-1,-1
11,4,1386,615,172,300,1,-1,-1,-1
11,5,1924,666,149,286,1,-1,-1,-1
11,6,1206,647,320,356,1,-1,-1,-1
12,0,937,671,294,382,1,-1,-1,-1
12,1,2053,660,172,328,1,-1,-1,-1
12,2,1517,671,248,320,1,-1,-1,-1
12,3,1647,597,239,319,1,-1,-1,-1
12,4,1380,617,172,300,1,-1,-1,-1
12,5,1924,668,149,286,1,-1,-1,-1
12,6,1200,649,320,356,1,-1,-1,-1
13,0,933,663,294,382,1,-1,-1,-1
13,1,2050,677,172,328,1,-1,-1,-1
13,2,1517,681,236,305,1,-1,-1,-1
13,3,1638,607,239,319,1,-1,-1,-1
13,4,1373,622,172,300,1,-1,-1,-1
13,5,1920,677,149,286,1,-1,-1,-1
13,6,1191,653,320,356,1,-1,-1,-1
14,0,941,672,280,364,1,-1,-1,-1
14,1,2044,685,172,328,1,-1,-1,-1
14,2,1517,686,236,305,1,-1,-1,-1
14,3,1631,612,239,319,1,-1,-1,-1
14,4,1370,626,172,300,1,-1,-1,-1
14,5,1913,679,149,286,1,-1,-1,-1
14,6,1191,653,320,356,1,-1,-1,-1
15,0,940,670,280,364,1,-1,-1,-1
15,1,2038,696,164,312,1,-1,-1,-1
15,2,1504,693,236,305,1,-1,-1,-1
15,3,1620,622,239,319,1,-1,-1,-1
15,4,1366,643,172,300,1,-1,-1,-1
15,5,1904,680,156,300,1,-1,-1,-1
15,6,1191,655,320,356,1,-1,-1,-1
16,0,939,677,280,364,1,-1,-1,-1
16,1,2027,694,164,312,1,-1,-1,-1
16,2,1489,701,236,305,1,-1,-1,-1
16,3,1612,633,239,319,1,-1,-1,-1
16,4,1366,649,172,300,1,-1,-1,-1
16,5,1897,688,156,300,1,-1,-1,-1
16,6,1188,650,320,356,1,-1,-1,-1
17,0,944,680,320,364,1,-1,-1,-1
17,1,2012,708,228,292,1,-1,-1,-1
17,2,1484,672,172,328,1,-1,-1,-1
17,3,1596,664,332,324,1,-1,-1,-1
17,4,1368,668,164,300,1,-1,-1,-1
17,5,1876,680,168,288,1,-1,-1,-1
17,6,1192,676,256,308,1,-1,-1,-1
18,0,950,682,320,364,1,-1,-1,-1
18,1,2005,705,228,292,1,-1,-1,-1
18,2,1479,676,172,328,1,-1,-1,-1
18,3,1593,665,332,324,1,-1,-1,-1
18,4,1366,667,164,300,1,-1,-1,-1
18,5,1871,682,168,288,1,-1,-1,-1
18,6,1190,675,256,308,1,-1,-1,-1
19,0,947,682,320,364,1,-1,-1,-1
19,1,1994,697,228,292,1,-1,-1,-1
19,2,1468,680,172,328,1,-1,-1,-1
19,3,1578,665,332,324,1,-1,-1,-1
19,4,1362,669,164,300,1,-1,-1,-1
19,5,1851,679,176,302,1,-1,-1,-1
19,6,1182,679,256,308,1,-1,-1,-1
20,0,953,687,305,347,1,-1,-1,-1
20,1,1989,696,228,292,1,-1,-1,-1
20,2,1464,688,164,312,1,-1,-1,-1
20,3,1569,665,332,324,1,-1,-1,-1
20,4,1358,670,164,300,1,-1,-1,-1
20,5,1847,680,176,302,1,-1,-1,-1
20,6,1182,682,256,308,1,-1,-1,-1
21,0,951,683,305,347,1,-1,-1,-1
21,1,1975,687,239,307,1,-1,-1,-1
21,2,1456,687,164,312,1,-1,-1,-1
21,3,1559,663,332,324,1,-1,-1,-1
21,4,1356,673,164,300,1,-1,-1,-1
21,5,1844,688,168,288,1,-1,-1,-1
21,6,1181,686,256,308,1,-1,-1,-1
22,0,952,677,305,347,1,-1,-1,-1
22,1,1964,690,239,307,1,-1,-1,-1
22,2,1448,687,164,312,1,-1,-1,-1
22,3,1534,649,349,340,1,-1,-1,-1
22,4,1349,669,164,300,1,-1,-1,-1
22,5,1833,687,168,288,1,-1,-1,-1
22,6,1185,689,256,308,1,-1,-1,-1
23,0,958,676,305,347,1,-1,-1,-1
23,1,1960,692,239,307,1,-1,-1,-1
23,2,1447,684,164,312,1,-1,-1,-1
23,3,1532,657,332,324,1,-1,-1,-1
23,4,1346,673,164,300,1,-1,-1,-1
23,5,1829,684,168,288,1,-1,-1,-1
23,6,1186,692,256,308,1,-1,-1,-1
24,0,960,675,305,347,1,-1,-1,-1
24,1,1949,695,239,307,1,-1,-1,-1
24,2,1446,675,164,312,1,-1,-1,-1
24,3,1523,649,332,324,1,-1,-1,-1
24,4,1347,676,164,300,1,-1,-1,-1
24,5,1822,685,160,274,1,-1,-1,-1
24,6,1188,699,256,308,1,-1,-1,-1
25,0,960,664,256,340,1,-1,-1,-1
25,1,1932,700,232,316,1,-1,-1,-1
25,2,1446,675,164,312,1,-1,-1,-1
25,3,1504,644,244,300,1,-1,-1,-1
25,4,1360,664,232,288,1,-1,-1,-1
25,5,1812,704,160,216,1,-1,-1,-1
25,6,1192,660,292,328,1,-1,-1,-1
26,0,970,675,244,324,1,-1,-1,-1
26,1,1930,702,232,316,1,-1,-1,-1
26,2,1438,660,164,312,1,-1,-1,-1
26,3,1501,645,244,300,1,-1,-1,-1
26,4,1359,663,232,288,1,-1,-1,-1
26,5,1808,703,160,216,1,-1,-1,-1
26,6,1192,660,292,328,1,-1,-1,-1
27,0,979,679,244,324,1,-1,-1,-1
27,1,1930,712,221,301,1,-1,-1,-1
27,2,1438,656,164,312,1,-1,-1,-1
27,3,1501,650,232,286,1,-1,-1,-1
27,4,1359,661,232,288,1,-1,-1,-1
27,5,1792,702,168,227,1,-1,-1,-1
27,6,1194,656,292,328,1,-1,-1,-1
28,0,984,681,244,324,1,-1,-1,-1
28,1,1912,711,221,301,1,-1,-1,-1
28,2,1440,661,156,298,1,-1,-1,-1
28,3,1498,650,232,286,1,-1,-1,-1
28,4,1359,662,221,274,1,-1,-1,-1
28,5,1784,705,168,227,1,-1,-1,-1
28,6,1194,656,292,328,1,-1,-1,-1
29,0,983,678,244,324,1,-1,-1,-1
29,1,1905,714,221,301,1,-1,-1,-1
29,2,1437,659,156,298,1,-1,-1,-1
29,3,1485,645,244,300,1,-1,-1,-1
29,4,1357,660,221,274,1,-1,-1,-1
29,5,1780,707,168,227,1,-1,-1,-1
29,6,1197,654,292,328,1,-1,-1,-1
30,0,982,674,244,324,1,-1,-1,-1
30,1,1902,716,210,287,1,-1,-1,-1
30,2,1432,668,149,283,1,-1,-1,-1
30,3,1481,645,244,300,1,-1,-1,-1
30,4,1355,660,221,274,1,-1,-1,-1
30,5,1772,710,168,227,1,-1,-1,-1
30,6,1203,647,292,328,1,-1,-1,-1
31,0,986,677,232,308,1,-1,-1,-1
31,1,1885,709,210,287,1,-1,-1,-1
31,2,1431,667,149,283,1,-1,-1,-1
31,3,1473,650,244,300,1,-1,-1,-1
31,4,1355,668,210,261,1,-1,-1,-1
31,5,1761,714,168,227,1,-1,-1,-1
31,6,1208,647,278,312,1,-1,-1,-1
32,0,986,674,232,308,1,-1,-1,-1
32,1,1880,706,210,287,1,-1,-1,-1
32,2,1430,678,142,270,1,-1,-1,-1
32,3,1476,652,244,300,1,-1,-1,-1
32,4,1352,664,210,261,1,-1,-1,-1
32,5,1758,715,168,227,1,-1,-1,-1
32,6,1211,646,278,312,1,-1,-1,-1
33,0,992,696,304,276,1,-1,-1,-1
33,1,1852,692,200,260,1,-1,-1,-1
33,2,1430,678,142,270,1,-1,-1,-1
33,3,1476,652,244,300,1,-1,-1,-1
33,4,1352,664,210,261,1,-1,-1,-1
33,5,1752,736,152,204,1,-1,-1,-1
33,6,1240,708,212,220,1,-1,-1,-1
34,0,1006,694,304,276,1,-1,-1,-1
34,1,1840,682,210,273,1,-1,-1,-1
34,2,1422,690,135,257,1,-1,-1,-1
34,3,1477,643,244,300,1,-1,-1,-1
34,4,1337,654,221,274,1,-1,-1,-1
34,5,1746,735,152,204,1,-1,-1,-1
34,6,1243,708,212,220,1,-1,-1,-1
35,0,1009,696,304,276,1,-1,-1,-1
35,1,1835,680,210,273,1,-1,-1,-1
35,2,1418,690,135,257,1,-1,-1,-1
35,3,1475,640,244,300,1,-1,-1,-1
35,4,1350,663,210,261,1,-1,-1,-1
35,5,1740,733,152,204,1,-1,-1,-1
35,6,1244,708,212,220,1,-1,-1,-1
36,0,1013,700,290,263,1,-1,-1,-1
36,1,1827,679,210,273,1,-1,-1,-1
36,2,1421,691,135,257,1,-1,-1,-1
36,3,1468,637,244,300,1,-1,-1,-1
36,4,1359,664,210,261,1,-1,-1,-1
36,5,1731,729,152,204,1,-1,-1,-1
36,6,1246,710,212,220,1,-1,-1,-1
37,0,1013,706,290,263,1,-1,-1,-1
37,1,1815,678,210,273,1,-1,-1,-1
37,2,1417,691,135,257,1,-1,-1,-1
37,3,1453,635,244,300,1,-1,-1,-1
37,4,1368,665,210,261,1,-1,-1,-1
37,5,1723,719,160,214,1,-1,-1,-1
37,6,1251,715,212,220,1,-1,-1,-1
38,0,1010,710,290,263,1,-1,-1,-1
38,1,1810,682,210,273,1,-1,-1,-1
38,2,1417,687,135,257,1,-1,-1,-1
38,3,1460,641,232,286,1,-1,-1,-1
38,4,1371,672,200,249,1,-1,-1,-1
38,5,1714,713,160,214,1,-1,-1,-1
38,6,1255,719,212,220,1,-1,-1,-1
39,0,1010,707,290,263,1,-1,-1,-1
39,1,1813,680,210,273,1,-1,-1,-1
39,2,1413,688,135,257,1,-1,-1,-1
39,3,1455,636,232,286,1,-1,-1,-1
39,4,1375,672,200,249,1,-1,-1,-1
39,5,1712,713,152,204,1,-1,-1,-1
39,6,1266,731,202,210,1,-1,-1,-1
40,0,1016,711,290,263,1,-1,-1,-1
40,1,1808,684,210,273,1,-1,-1,-1
40,2,1403,683,135,257,1,-1,-1,-1
40,3,1450,630,232,286,1,-1,-1,-1
40,4,1383,678,191,237,1,-1,-1,-1
40,5,1699,713,152,204,1,-1,-1,-1
40,6,1271,735,202,210,1,-1,-1,-1
41,0,1020,732,268,240,1,-1,-1,-1
41,1,1800,712,236,240,1,-1,-1,-1
41,2,1403,683,135,257,1,-1,-1,-1
41,3,1460,684,208,224,1,-1,-1,-1
41,4,1383,678,191,237,1,-1,-1,-1
41,5,1700,712,136,200,1,-1,-1,-1
41,6,1280,728,216,216,1,-1,-1,-1
42,0,1025,731,268,240,1,-1,-1,-1
42,1,1801,717,225,229,1,-1,-1,-1
42,2,1395,674,142,270,1,-1,-1,-1
42,3,1459,686,208,224,1,-1,-1,-1
42,4,1367,685,182,226,1,-1,-1,-1
42,5,1689,712,136,200,1,-1,-1,-1
42,6,1287,728,216,216,1,-1,-1,-1
43,0,1020,734,268,240,1,-1,-1,-1
43,1,1785,715,225,229,1,-1,-1,-1
43,2,1407,678,135,257,1,-1,-1,-1
43,3,1455,688,208,224,1,-1,-1,-1
43,4,1364,686,182,226,1,-1,-1,-1
43,5,1680,720,130,190,1,-1,-1,-1
43,6,1276,729,216,216,1,-1,-1,-1
44,0,1019,736,268,240,1,-1,-1,-1
44,1,1779,713,225,229,1,-1,-1,-1
44,2,1407,680,135,257,1,-1,-1,-1
44,3,1455,691,208,224,1,-1,-1,-1
44,4,1355,686,182,226,1,-1,-1,-1
44,5,1677,721,130,190,1,-1,-1,-1
44,6,1273,728,216,216,1,-1,-1,-1
45,0,1024,741,268,240,1,-1,-1,-1
45,1,1769,713,225,229,1,-1,-1,-1
45,2,1402,679,135,257,1,-1,-1,-1
45,3,1457,698,198,213,1,-1,-1,-1
45,4,1355,687,182,226,1,-1,-1,-1
45,5,1675,729,123,181,1,-1,-1,-1
45,6,1277,724,216,216,1,-1,-1,-1
46,0,1020,747,268,240,1,-1,-1,-1
46,1,1764,719,214,218,1,-1,-1,-1
46,2,1405,680,135,257,1,-1,-1,-1
46,3,1457,704,198,213,1,-1,-1,-1
46,4,1345,689,182,226,1,-1,-1,-1
46,5,1663,735,123,181,1,-1,-1,-1
46,6,1277,722,216,216,1,-1,-1,-1
47,0,1025,757,255,229,1,-1,-1,-1
47,1,1757,716,214,218,1,-1,-1,-1
47,2,1407,686,135,257,1,-1,-1,-1
47,3,1461,712,189,203,1,-1,-1,-1
47,4,1341,695,182,226,1,-1,-1,-1
47,5,1657,735,123,181,1,-1,-1,-1
47,6,1274,725,216,216,1,-1,-1,-1
48,0,1033,760,243,218,1,-1,-1,-1
48,1,1747,711,214,218,1,-1,-1,-1
48,2,1404,691,135,257,1,-1,-1,-1
48,3,1462,716,189,203,1,-1,-1,-1
48,4,1340,696,182,226,1,-1,-1,-1
48,5,1653,739,123,181,1,-1,-1,-1
48,6,1276,732,206,206,1,-1,-1,-1
49,0,1024,744,272,228,1,-1,-1,-1
49,1,1732,724,184,196,1,-1,-1,-1
49,2,1404,691,135,257,1,-1,-1,-1
49,3,1462,716,189,203,1,-1,-1,-1
49,4,1340,696,182,226,1,-1,-1,-1
49,5,1653,739,123,181,1,-1,-1,-1
49,6,1276,740,168,184,1,-1,-1,-1
50,0,1029,743,272,228,1,-1,-1,-1
50,1,1735,724,184,196,1,-1,-1,-1
50,2,1410,702,128,245,1,-1,-1,-1
50,3,1465,716,189,203,1,-1,-1,-1
50,4,1363,701,173,215,1,-1,-1,-1
50,5,1651,736,123,181,1,-1,-1,-1
50,6,1278,741,168,184,1,-1,-1,-1
51,0,1031,740,272,228,1,-1,-1,-1
51,1,1731,722,193,206,1,-1,-1,-1
51,2,1421,706,128,245,1,-1,-1,-1
51,3,1469,717,189,203,1,-1,-1,-1
51,4,1383,709,165,205,1,-1,-1,-1
51,5,1654,736,123,181,1,-1,-1,-1
51,6,1282,746,168,184,1,-1,-1,-1
52,0,1018,735,286,239,1,-1,-1,-1
52,1,1730,724,193,206,1,-1,-1,-1
52,2,1425,707,128,245,1,-1,-1,-1
52,3,1473,716,189,203,1,-1,-1,-1
52,4,1392,712,165,205,1,-1,-1,-1
52,5,1677,735,117,173,1,-1,-1,-1
52,6,1286,751,160,175,1,-1,-1,-1
53,0,1010,742,286,239,1,-1,-1,-1
53,1,1729,727,193,206,1,-1,-1,-1
53,2,1430,714,122,233,1,-1,-1,-1
53,3,1475,717,189,203,1,-1,-1,-1
53,4,1400,715,165,205,1,-1,-1,-1
53,5,1679,733,117,173,1,-1,-1,-1
53,6,1287,753,160,175,1,-1,-1,-1
54,0,1005,750,286,239,1,-1,-1,-1
54,1,1732,734,184,196,1,-1,-1,-1
54,2,1428,711,122,233,1,-1,-1,-1
54,3,1474,714,189,203,1,-1,-1,-1
54,4,1396,715,165,205,1,-1,-1,-1
54,5,1678,736,117,173,1,-1,-1,-1
54,6,1277,756,160,175,1,-1,-1,-1
55,0,1005,754,286,239,1,-1,-1,-1
55,1,1733,739,184,196,1,-1,-1,-1
55,2,1421,718,116,222,1,-1,-1,-1
55,3,1470,709,198,213,1,-1,-1,-1
55,4,1385,719,165,205,1,-1,-1,-1
55,5,1678,738,117,173,1,-1,-1,-1
55,6,1278,764,160,175,1,-1,-1,-1
56,0,1004,754,286,239,1,-1,-1,-1
56,1,1735,740,184,196,1,-1,-1,-1
56,2,1427,717,116,222,1,-1,-1,-1
56,3,1472,710,198,213,1,-1,-1,-1
56,4,1376,721,165,205,1,-1,-1,-1
56,5,1676,739,117,173,1,-1,-1,-1
56,6,1285,770,152,167,1,-1,-1,-1
57,0,1004,754,286,239,1,-1,-1,-1
57,1,1735,740,184,196,1,-1,-1,-1
57,2,1427,717,116,222,1,-1,-1,-1
57,3,1456,720,224,184,1,-1,-1,-1
57,4,1376,721,165,205,1,-1,-1,-1
57,5,1676,739,117,173,1,-1,-1,-1
57,6,1285,770,152,167,1,-1,-1,-1
58,0,993,762,286,239,1,-1,-1,-1
58,1,1729,751,175,187,1,-1,-1,-1
58,2,1426,713,122,233,1,-1,-1,-1
58,3,1458,724,224,184,1,-1,-1,-1
58,4,1368,723,165,205,1,-1,-1,-1
58,6,1286,770,152,167,1,-1,-1,-1
59,0,986,757,300,251,1,-1,-1,-1
59,1,1728,748,184,196,1,-1,-1,-1
59,2,1421,713,122,233,1,-1,-1,-1
59,3,1457,726,224,184,1,-1,-1,-1
59,4,1366,727,165,205,1,-1,-1,-1
59,6,1288,770,152,167,1,-1,-1,-1
60,0,987,765,286,239,1,-1,-1,-1
60,1,1732,749,175,187,1,-1,-1,-1
60,2,1416,712,128,245,1,-1,-1,-1
60,3,1457,729,224,184,1,-1,-1,-1
60,4,1357,718,173,215,1,-1,-1,-1
60,6,1280,770,152,167,1,-1,-1,-1
61,0,978,760,286,239,1,-1,-1,-1
61,1,1728,743,184,196,1,-1,-1,-1
61,2,1410,711,135,257,1,-1,-1,-1
61,3,1455,732,224,184,1,-1,-1,-1
61,4,1347,714,182,226,1,-1,-1,-1
61,6,1280,768,160,175,1,-1,-1,-1
62,0,975,757,286,239,1,-1,-1,-1
62,1,1729,743,184,196,1,-1,-1,-1
62,2,1410,715,135,257,1,-1,-1,-1
62,3,1455,735,224,184,1,-1,-1,-1
62,4,1336,711,191,237,1,-1,-1,-1
62,6,1275,767,160,175,1,-1,-1,-1
63,0,973,760,286,239,1,-1,-1,-1
63,1,1722,742,184,196,1,-1,-1,-1
63,2,1408,725,128,245,1,-1,-1,-1
63,3,1449,737,224,184,1,-1,-1,-1
63,4,1330,708,200,249,1,-1,-1,-1
63,6,1280,773,152,167,1,-1,-1,-1
64,0,970,762,286,239,1,-1,-1,-1
64,1,1700,743,193,206,1,-1,-1,-1
64,2,1403,728,128,245,1,-1,-1,-1
64,3,1437,736,224,184,1,-1,-1,-1
64,4,1337,713,200,249,1,-1,-1,-1
64,6,1266,777,152,167,1,-1,-1,-1
65,0,948,772,236,244,1,-1,-1,-1
65,1,1648,748,256,204,1,-1,-1,-1
65,2,1403,728,128,245,1,-1,-1,-1
65,3,1437,736,224,184,1,-1,-1,-1
65,4,1337,713,200,249,1,-1,-1,-1
65,6,1266,777,152,167,1,-1,-1,-1
66,0,951,771,236,244,1,-1,-1,-1
66,1,1647,749,256,204,1,-1,-1,-1
66,2,1397,731,128,245,1,-1,-1,-1
66,3,1432,736,224,184,1,-1,-1,-1
66,4,1349,716,200,249,1,-1,-1,-1
66,6,1258,786,152,167,1,-1,-1,-1
67,0,939,778,225,232,1,-1,-1,-1
67,1,1640,743,269,214,1,-1,-1,-1
67,2,1400,733,128,245,1,-1,-1,-1
67,3,1427,739,224,184,1,-1,-1,-1
67,4,1355,723,200,249,1,-1,-1,-1
67,6,1253,789,152,167,1,-1,-1,-1
68,0,946,785,214,221,1,-1,-1,-1
68,1,1635,746,269,214,1,-1,-1,-1
68,2,1396,740,128,245,1,-1,-1,-1
68,3,1424,741,224,184,1,-1,-1,-1
68,4,1359,724,200,249,1,-1,-1,-1
68,6,1243,795,152,167,1,-1,-1,-1
69,0,943,787,214,221,1,-1,-1,-1
69,1,1638,759,269,214,1,-1,-1,-1
69,2,1391,735,128,245,1,-1,-1,-1
69,3,1419,745,224,184,1,-1,-1,-1
69,4,1342,730,191,237,1,-1,-1,-1
69,6,1235,792,160,175,1,-1,-1,-1
70,0,944,791,214,221,1,-1,-1,-1
70,1,1648,763,256,204,1,-1,-1,-1
70,2,1379,730,135,257,1,-1,-1,-1
70,3,1417,744,235,193,1,-1,-1,-1
70,4,1319,731,191,237,1,-1,-1,-1
70,6,1239,796,160,175,1,-1,-1,-1
71,0,943,792,214,221,1,-1,-1,-1
71,1,1655,770,244,194,1,-1,-1,-1
71,2,1367,731,135,257,1,-1,-1,-1
71,3,1414,749,235,193,1,-1,-1,-1
71,4,1314,733,191,237,1,-1,-1,-1
71,6,1238,800,160,175,1,-1,-1,-1
72,0,938,805,204,211,1,-1,-1,-1
72,1,1639,770,244,194,1,-1,-1,-1
72,2,1361,734,135,257,1,-1,-1,-1
72,3,1415,750,235,193,1,-1,-1,-1
72,4,1303,731,191,237,1,-1,-1,-1
72,6,1225,801,160,175,1,-1,-1,-1
73,0,938,805,204,211,1,-1,-1,-1
73,1,1639,770,244,194,1,-1,-1,-1
73,2,1361,734,135,257,1,-1,-1,-1
73,3,1415,750,235,193,1,-1,-1,-1
73,4,1303,731,191,237,1,-1,-1,-1
73,6,1225,801,160,175,1,-1,-1,-1
73,7,1256,808,352,180,1,-1,-1,-1
74,0,930,805,204,211,1,-1,-1,-1
74,1,1620,773,244,194,1,-1,-1,-1
74,2,1356,734,142,270,1,-1,-1,-1
74,3,1423,751,235,193,1,-1,-1,-1
74,4,1299,727,200,249,1,-1,-1,-1
74,6,1230,799,160,175,1,-1,-1,-1
74,7,1262,809,352,180,1,-1,-1,-1
75,0,928,801,204,211,1,-1,-1,-1
75,1,1623,773,244,194,1,-1,-1,-1
75,2,1355,732,142,270,1,-1,-1,-1
75,3,1428,749,235,193,1,-1,-1,-1
75,4,1306,735,191,237,1,-1,-1,-1
75,6,1247,808,152,167,1,-1,-1,-1
75,7,1269,808,352,180,1,-1,-1,-1
76,0,930,802,204,211,1,-1,-1,-1
76,1,1633,771,256,204,1,-1,-1,-1
76,2,1355,736,142,270,1,-1,-1,-1
76,3,1423,751,235,193,1,-1,-1,-1
76,4,1290,734,200,249,1,-1,-1,-1
76,6,1238,817,145,159,1,-1,-1,-1
76,7,1260,809,352,180,1,-1,-1,-1
77,0,934,804,204,211,1,-1,-1,-1
77,1,1634,774,256,204,1,-1,-1,-1
77,2,1357,731,142,270,1,-1,-1,-1
77,3,1415,752,235,193,1,-1,-1,-1
77,4,1293,730,200,249,1,-1,-1,-1
77,6,1238,822,145,159,1,-1,-1,-1
77,7,1248,809,370,189,1,-1,-1,-1
78,0,925,818,204,211,1,-1,-1,-1
78,1,1634,780,244,194,1,-1,-1,-1
78,2,1354,727,142,270,1,-1,-1,-1
78,3,1396,753,235,193,1,-1,-1,-1
78,4,1281,732,200,249,1,-1,-1,-1
78,6,1238,817,145,159,1,-1,-1,-1
78,7,1236,806,370,189,1,-1,-1,-1
79,0,923,818,204,211,1,-1,-1,-1
79,1,1626,779,244,194,1,-1,-1,-1
79,2,1352,733,142,270,1,-1,-1,-1
79,3,1402,757,224,184,1,-1,-1,-1
79,4,1278,723,210,261,1,-1,-1,-1
79,6,1228,813,145,159,1,-1,-1,-1
79,7,1230,807,370,189,1,-1,-1,-1
80,0,922,822,204,211,1,-1,-1,-1
80,1,1629,777,244,194,1,-1,-1,-1
80,2,1352,727,142,270,1,-1,-1,-1
80,3,1407,762,213,175,1,-1,-1,-1
80,6,1233,815,145,159,1,-1,-1,-1
80,7,1242,808,352,180,1,-1,-1,-1
81,0,922,822,204,211,1,-1,-1,-1
81,1,1612,796,260,164,1,-1,-1,-1
81,2,1352,727,142,270,1,-1,-1,-1
81,3,1407,762,213,175,1,-1,-1,-1
81,6,1233,815,145,159,1,-1,-1,-1
81,7,1242,808,352,180,1,-1,-1,-1
81,8,936,868,212,120,1,-1,-1,-1
81,9,1284,824,256,116,1,-1,-1,-1
81,10,1512,804,116,136,1,-1,-1,-1
82,0,915,826,204,211,1,-1,-1,-1
82,1,1609,795,273,172,1,-1,-1,-1
82,2,1350,726,142,270,1,-1,-1,-1
82,3,1383,754,224,184,1,-1,-1,-1
82,6,1219,834,138,151,1,-1,-1,-1
82,8,946,867,212,120,1,-1,-1,-1
82,9,1281,827,256,116,1,-1,-1,-1
82,10,1509,806,116,136,1,-1,-1,-1
83,0,910,828,204,211,1,-1,-1,-1
83,1,1601,796,273,172,1,-1,-1,-1
83,3,1370,750,235,193,1,-1,-1,-1
83,6,1216,841,138,151,1,-1,-1,-1
83,8,936,866,212,120,1,-1,-1,-1
83,9,1280,829,256,116,1,-1,-1,-1
83,10,1506,807,116,136,1,-1,-1,-1
84,0,906,837,194,201,1,-1,-1,-1
84,1,1605,802,260,164,1,-1,-1,-1
84,3,1357,751,247,203,1,-1,-1,-1
84,6,1207,851,138,151,1,-1,-1,-1
84,8,921,870,212,120,1,-1,-1,-1
84,9,1262,830,269,122,1,-1,-1,-1
84,10,1497,809,116,136,1,-1,-1,-1
85,0,890,849,194,201,1,-1,-1,-1
85,1,1599,803,260,164,1,-1,-1,-1
85,3,1337,752,247,203,1,-1,-1,-1
85,6,1212,854,138,151,1,-1,-1,-1
85,8,925,874,212,120,1,-1,-1,-1
85,9,1253,831,269,122,1,-1,-1,-1
85,10,1495,796,122,143,1,-1,-1,-1
86,0,890,855,185,191,1,-1,-1,-1
86,1,1592,798,260,164,1,-1,-1,-1
86,3,1339,756,247,203,1,-1,-1,-1
86,6,1196,851,138,151,1,-1,-1,-1
86,8,903,878,223,126,1,-1,-1,-1
86,9,1251,836,269,122,1,-1,-1,-1
86,10,1499,799,116,136,1,-1,-1,-1
87,0,891,861,185,191,1,-1,-1,-1
87,1,1582,777,273,172,1,-1,-1,-1
87,3,1344,762,235,193,1,-1,-1,-1
87,6,1180,848,138,151,1,-1,-1,-1
87,8,900,887,223,126,1,-1,-1,-1
87,9,1246,840,269,122,1,-1,-1,-1
87,10,1492,793,116,136,1,-1,-1,-1
88,0,883,865,185,191,1,-1,-1,-1
88,1,1566,781,273,172,1,-1,-1,-1
88,3,1358,767,235,193,1,-1,-1,-1
88,6,1183,842,138,151,1,-1,-1,-1
88,8,893,891,223,126,1,-1,-1,-1
88,9,1240,845,269,122,1,-1,-1,-1
88,10,1486,794,116,136,1,-1,-1,-1
89,0,883,865,185,191,1,-1,-1,-1
89,1,1566,781,273,172,1,-1,-1,-1
89,3,1358,767,235,193,1,-1,-1,-1
89,6,1183,842,138,151,1,-1,-1,-1
89,8,893,891,223,126,1,-1,-1,-1
89,9,1240,845,269,122,1,-1,-1,-1
89,10,1486,794,116,136,1,-1,-1,-1
90,1,1562,776,273,172,1,-1,-1,-1
90,3,1341,765,235,193,1,-1,-1,-1
90,9,1249,847,256,116,1,-1,-1,-1
90,10,1484,794,116,136,1,-1,-1,-1
91,1,1562,765,273,172,1,-1,-1,-1
91,3,1343,770,224,184,1,-1,-1,-1
91,9,1256,849,244,110,1,-1,-1,-1
92,1,1577,763,273,172,1,-1,-1,-1
92,3,1355,763,224,184,1,-1,-1,-1
92,9,1267,847,244,110,1,-1,-1,-1
93,1,1601,761,273,172,1,-1,-1,-1
93,3,1374,765,213,175,1,-1,-1,-1
93,9,1289,841,244,110,1,-1,-1,-1
94,1,1609,763,273,172,1,-1,-1,-1
94,9,1310,838,244,110,1,-1,-1,-1
95,1,1615,761,273,172,1,-1,-1,-1
95,9,1321,838,244,110,1,-1,-1,-1
96,1,1642,757,273,172,1,-1,-1,-1
96,9,1333,835,244,110,1,-1,-1,-1
97,1,1672,764,260,156,1,-1,-1,-1
97,9,1284,812,312,160,1,-1,-1,-1
97,11,984,952,264,132,1,-1,-1,-1
98,1,1688,762,260,156,1,-1,-1,-1
98,9,1298,813,312,160,1,-1,-1,-1
98,11,1000,948,264,132,1,-1,-1,-1
99,1,1691,755,273,164,1,-1,-1,-1
99,9,1309,809,312,160,1,-1,-1,-1
99,11,1023,941,264,132,1,-1,-1,-1
100,1,1699,751,273,164,1,-1,-1,-1
100,9,1330,802,312,160,1,-1,-1,-1
100,11,1052,930,264,132,1,-1,-1,-1
101,1,1711,752,260,156,1,-1,-1,-1
101,9,1339,796,312,160,1,-1,-1,-1
101,11,1067,919,277,139,1,-1,-1,-1
102,1,1715,743,260,156,1,-1,-1,-1
102,9,1366,785,312,160,1,-1,-1,-1
102,11,1086,911,277,139,1,-1,-1,-1
103,1,1742,724,248,149,1,-1,-1,-1
103,9,1364,772,312,160,1,-1,-1,-1
103,11,1092,906,291,146,1,-1,-1,-1
104,1,1740,717,236,141,1,-1,-1,-1
104,9,1371,766,297,152,1,-1,-1,-1
104,11,1099,907,291,146,1,-1,-1,-1
105,1,1740,717,236,141,1,-1,-1,-1
105,9,1371,766,297,152,1,-1,-1,-1
105,11,1099,907,291,146,1,-1,-1,-1
106,1,1736,696,236,141,1,-1,-1,-1
106,9,1378,738,297,152,1,-1,-1,-1
107,1,1712,690,236,141,1,-1,-1,-1
107,9,1369,725,312,160,1,-1,-1,-1
108,1,1712,685,236,141,1,-1,-1,-1
108,9,1350,708,297,152,1,-1,-1,-1
109,1,1719,669,236,141,1,-1,-1,-1
109,9,1352,688,297,152,1,-1,-1,-1
110,1,1705,662,236,141,1,-1,-1,-1
110,9,1360,685,297,152,1,-1,-1,-1
111,1,1693,658,236,141,1,-1,-1,-1
112,1,1672,665,225,135,1,-1,-1,-1
113,1,1672,665,225,135,1,-1,-1,-1
114,1,1629,664,225,135,1,-1,-1,-1
115,1,1612,669,214,128,1,-1,-1,-1
116,1,1611,673,204,122,1,-1,-1,-1
117,1,1578,672,204,122,1,-1,-1,-1
118,1,1558,675,204,122,1,-1,-1,-1
119,1,1542,679,204,122,1,-1,-1,-1
120,1,1532,689,194,116,1,-1,-1,-1
121,1,1532,689,194,116,1,-1,-1,-1
121,12,1080,660,248,152,1,-1,-1,-1
122,12,1067,663,248,152,1,-1,-1,-1
123,12,1040,671,248,152,1,-1,-1,-1
124,12,1007,680,248,152,1,-1,-1,-1
125,12,977,683,260,160,1,-1,-1,-1
126,12,950,692,260,160,1,-1,-1,-1
127,12,919,707,260,160,1,-1,-1,-1
128,12,895,712,260,160,1,-1,-1,-1
129,12,895,712,260,160,1,-1,-1,-1
129,13,852,752,304,200,1,-1,-1,-1
129,14,2060,548,184,156,1,-1,-1,-1
129,15,1216,732,312,236,1,-1,-1,-1
129,16,1540,612,284,256,1,-1,-1,-1
129,17,1644,568,180,136,1,-1,-1,-1
129,18,16,44,2492,1200,1,-1,-1,-1
130,12,837,716,273,168,1,-1,-1,-1
130,13,831,762,304,200,1,-1,-1,-1
130,14,2093,542,184,156,1,-1,-1,-1
130,15,1202,735,312,236,1,-1,-1,-1
130,16,1554,613,284,256,1,-1,-1,-1
130,17,1646,576,180,136,1,-1,-1,-1
130,18,42,27,2492,1200,1,-1,-1,-1
131,12,817,724,273,168,1,-1,-1,-1
131,13,810,768,304,200,1,-1,-1,-1
131,14,2108,538,184,156,1,-1,-1,-1
131,15,1196,737,312,236,1,-1,-1,-1
131,16,1549,607,298,269,1,-1,-1,-1
131,17,1645,581,180,136,1,-1,-1,-1
131,18,50,21,2492,1200,1,-1,-1,-1
132,12,791,740,273,168,1,-1,-1,-1
132,13,783,782,304,200,1,-1,-1,-1
132,14,2139,531,184,156,1,-1,-1,-1
132,15,1174,748,312,236,1,-1,-1,-1
132,16,1548,613,298,269,1,-1,-1,-1
132,17,1644,588,180,136,1,-1,-1,-1
132,18,63,20,2492,1200,1,-1,-1,-1
133,12,766,749,273,168,1,-1,-1,-1
133,13,760,797,304,200,1,-1,-1,-1
133,14,2170,524,184,156,1,-1,-1,-1
133,15,1117,750,312,236,1,-1,-1,-1
133,16,1543,616,313,282,1,-1,-1,-1
133,17,1642,604,180,136,1,-1,-1,-1
133,18,136,11,2492,1200,1,-1,-1,-1
134,12,756,756,273,168,1,-1,-1,-1
134,13,744,798,319,210,1,-1,-1,-1
134,14,2197,523,175,149,1,-1,-1,-1
134,15,1091,772,312,236,1,-1,-1,-1
134,16,1540,631,298,269,1,-1,-1,-1
134,17,1638,603,189,143,1,-1,-1,-1
134,18,127,13,2492,1200,1,-1,-1,-1
135,12,714,756,273,168,1,-1,-1,-1
135,13,715,802,319,210,1,-1,-1,-1
135,14,2232,521,175,149,1,-1,-1,-1
135,15,1069,786,312,236,1,-1,-1,-1
135,16,1530,634,298,269,1,-1,-1,-1
135,17,1636,615,189,143,1,-1,-1,-1
135,18,216,36,2373,1143,1,-1,-1,-1
136,12,678,753,287,176,1,-1,-1,-1
136,13,670,802,319,210,1,-1,-1,-1
136,14,2269,514,175,149,1,-1,-1,-1
136,15,1033,790,328,248,1,-1,-1,-1
136,16,1519,644,298,269,1,-1,-1,-1
136,17,1630,611,189,143,1,-1,-1,-1
136,18,285,51,2373,1143,1,-1,-1,-1
137,12,678,753,287,176,1,-1,-1,-1
137,13,664,760,296,244,1,-1,-1,-1
137,14,2268,504,180,136,1,-1,-1,-1
137,15,972,812,360,196,1,-1,-1,-1
137,16,1519,644,298,269,1,-1,-1,-1
137,17,1630,611,189,143,1,-1,-1,-1
137,18,285,51,2373,1143,1,-1,-1,-1
137,19,320,880,68,64,1,-1,-1,-1
138,12,647,774,287,176,1,-1,-1,-1
138,13,657,769,296,244,1,-1,-1,-1
138,14,2311,502,180,136,1,-1,-1,-1
138,15,959,823,343,187,1,-1,-1,-1
138,16,1502,644,298,269,1,-1,-1,-1
138,17,1612,610,189,143,1,-1,-1,-1
138,18,390,25,2373,1143,1,-1,-1,-1
139,12,630,776,287,176,1,-1,-1,-1
139,13,623,783,296,244,1,-1,-1,-1
139,14,2355,500,180,136,1,-1,-1,-1
139,15,924,846,343,187,1,-1,-1,-1
139,16,1511,651,284,256,1,-1,-1,-1
139,17,1604,618,189,143,1,-1,-1,-1
139,18,409,30,2373,1143,1,-1,-1,-1
140,12,614,777,301,185,1,-1,-1,-1
140,13,612,790,296,244,1,-1,-1,-1
140,14,2377,499,180,136,1,-1,-1,-1
140,15,916,847,343,187,1,-1,-1,-1
140,16,1519,664,270,244,1,-1,-1,-1
140,17,1601,621,189,143,1,-1,-1,-1
140,18,450,27,2373,1143,1,-1,-1,-1
141,12,591,801,287,176,1,-1,-1,-1
141,13,598,799,296,244,1,-1,-1,-1
141,14,2411,505,180,136,1,-1,-1,-1
141,15,886,862,327,178,1,-1,-1,-1
141,16,1508,688,258,232,1,-1,-1,-1
141,17,1591,635,189,143,1,-1,-1,-1
141,18,531,53,2260,1088,1,-1,-1,-1
142,12,564,800,301,185,1,-1,-1,-1
142,13,569,806,296,244,1,-1,-1,-1
142,14,2449,514,171,130,1,-1,-1,-1
142,15,849,874,327,178,1,-1,-1,-1
142,16,1503,711,258,232,1,-1,-1,-1
142,17,1591,650,189,143,1,-1,-1,-1
142,18,504,11,2373,1143,1,-1,-1,-1
143,12,552,804,301,185,1,-1,-1,-1
143,13,544,809,296,244,1,-1,-1,-1
143,15,830,871,343,187,1,-1,-1,-1
143,16,1503,717,258,232,1,-1,-1,-1
143,17,1596,664,180,136,1,-1,-1,-1
143,18,657,27,2373,1143,1,-1,-1,-1
144,12,513,804,317,194,1,-1,-1,-1
144,13,517,811,296,244,1,-1,-1,-1
144,15,801,862,343,187,1,-1,-1,-1
144,16,1500,722,258,232,1,-1,-1,-1
144,17,1595,672,180,136,1,-1,-1,-1
144,18,668,38,2260,1088,1,-1,-1,-1
145,12,513,804,317,194,1,-1,-1,-1
145,13,517,811,296,244,1,-1,-1,-1
145,15,801,862,343,187,1,-1,-1,-1
145,16,1500,722,258,232,1,-1,-1,-1
145,17,1595,672,180,136,1,-1,-1,-1
145,18,668,38,2260,1088,1,-1,-1,-1
146,12,495,806,317,194,1,-1,-1,-1
146,13,499,817,296,244,1,-1,-1,-1
146,15,778,879,343,187,1,-1,-1,-1
146,16,1493,727,258,232,1,-1,-1,-1
146,17,1594,679,180,136,1,-1,-1,-1
146,18,834,25,2260,1088,1,-1,-1,-1
147,12,510,813,301,185,1,-1,-1,-1
147,13,516,820,296,244,1,-1,-1,-1
147,15,773,884,343,187,1,-1,-1,-1
147,16,1490,732,258,232,1,-1,-1,-1
147,17,1602,689,171,130,1,-1,-1,-1
147,18,492,114,2153,1037,1,-1,-1,-1
148,12,524,811,301,185,1,-1,-1,-1
148,13,519,815,296,244,1,-1,-1,-1
148,15,776,885,343,187,1,-1,-1,-1
148,16,1495,734,258,232,1,-1,-1,-1
148,17,1605,696,171,130,1,-1,-1,-1
148,18,337,129,2153,1037,1,-1,-1,-1
149,12,542,807,301,185,1,-1,-1,-1
149,13,546,813,296,244,1,-1,-1,-1
149,15,776,888,343,187,1,-1,-1,-1
149,16,1496,741,258,232,1,-1,-1,-1
149,17,1607,700,171,130,1,-1,-1,-1
149,18,388,125,2153,1037,1,-1,-1,-1
150,12,592,810,287,176,1,-1,-1,-1
150,13,585,809,282,232,1,-1,-1,-1
150,15,809,890,327,178,1,-1,-1,-1
150,16,1510,752,245,221,1,-1,-1,-1
150,17,1610,708,171,130,1,-1,-1,-1
150,18,346,104,2260,1088,1,-1,-1,-1
151,12,608,810,287,176,1,-1,-1,-1
151,13,593,801,282,232,1,-1,-1,-1
151,15,799,879,343,187,1,-1,-1,-1
151,17,1608,714,171,130,1,-1,-1,-1
151,18,358,172,2153,1037,1,-1,-1,-1
152,12,621,805,301,185,1,-1,-1,-1
152,13,612,799,282,232,1,-1,-1,-1
152,15,812,873,343,187,1,-1,-1,-1
152,17,1602,719,171,130,1,-1,-1,-1
152,18,425,177,2153,1037,1,-1,-1,-1
153,12,621,805,301,185,1,-1,-1,-1
153,13,612,799,282,232,1,-1,-1,-1
153,15,812,873,343,187,1,-1,-1,-1
153,17,1602,719,171,130,1,-1,-1,-1
153,18,425,177,2153,1037,1,-1,-1,-1
154,12,661,760,287,176,1,-1,-1,-1
154,13,651,756,282,232,1,-1,-1,-1
154,17,1573,683,171,130,1,-1,-1,-1
154,18,297,112,2260,1088,1,-1,-1,-1
155,13,647,702,282,232,1,-1,-1,-1
155,17,1557,637,171,130,1,-1,-1,-1
155,18,287,88,2260,1088,1,-1,-1,-1
156,13,674,679,282,232,1,-1,-1,-1
156,18,476,65,2260,1088,1,-1,-1,-1
157,13,681,652,282,232,1,-1,-1,-1
157,18,466,45,2260,1088,1,-1,-1,-1
158,18,414,36,2260,1088,1,-1,-1,-1
159,18,498,42,2153,1037,1,-1,-1,-1
160,18,385,-10,2260,1088,1,-1,-1,-1
161,18,385,-10,2260,1088,1,-1,-1,-1
162,18,416,-10,2260,1088,1,-1,-1,-1
163,18,487,4,2260,1088,1,-1,-1,-1
164,18,394,-35,2373,1143,1,-1,-1,-1
165,18,190,0,2373,1143,1,-1,-1,-1
166,18,350,47,2373,1143,1,-1,-1,-1
167,18,127,42,2373,1143,1,-1,-1,-1
168,18,138,46,2373,1143,1,-1,-1,-1
169,18,138,46,2373,1143,1,-1,-1,-1
169,20,2356,388,136,88,1,-1,-1,-1
169,21,920,1036,128,124,1,-1,-1,-1
169,22,1924,376,48,36,1,-1,-1,-1
170,18,41,-15,2492,1200,1,-1,-1,-1
170,20,2358,393,136,88,1,-1,-1,-1
170,21,971,1047,128,124,1,-1,-1,-1
171,18,86,-1,2492,1200,1,-1,-1,-1
171,20,2359,403,136,88,1,-1,-1,-1
171,21,1020,1059,128,124,1,-1,-1,-1
172,18,1,12,2617,1260,1,-1,-1,-1
172,20,2355,407,143,92,1,-1,-1,-1
172,21,1045,1067,128,124,1,-1,-1,-1
173,18,-62,-3,2617,1260,1,-1,-1,-1
173,20,2360,416,143,92,1,-1,-1,-1
173,21,1098,1080,128,124,1,-1,-1,-1
174,18,-52,3,2617,1260,1,-1,-1,-1
174,20,2344,431,150,97,1,-1,-1,-1
174,21,1147,1098,128,124,1,-1,-1,-1
175,18,46,21,2492,1200,1,-1,-1,-1
175,20,2342,444,150,97,1,-1,-1,-1
175,21,1170,1109,128,124,1,-1,-1,-1
176,18,-1,47,2492,1200,1,-1,-1,-1
176,20,2328,458,157,102,1,-1,-1,-1
176,21,1214,1126,128,124,1,-1,-1,-1
177,18,-1,47,2492,1200,1,-1,-1,-1
177,20,2328,458,157,102,1,-1,-1,-1
177,21,1214,1126,128,124,1,-1,-1,-1
178,18,28,36,2492,1200,1,-1,-1,-1
178,20,2309,489,165,107,1,-1,-1,-1
178,21,1282,1153,128,124,1,-1,-1,-1
179,18,42,36,2492,1200,1,-1,-1,-1
179,20,2293,514,165,107,1,-1,-1,-1
179,21,1330,1174,122,118,1,-1,-1,-1
180,18,19,68,2492,1200,1,-1,-1,-1
180,20,2278,536,165,107,1,-1,-1,-1
180,21,1372,1188,122,118,1,-1,-1,-1
181,18,30,87,2492,1200,1,-1,-1,-1
181,20,2278,554,157,102,1,-1,-1,-1
181,21,1397,1203,116,112,1,-1,-1,-1
182,18,34,87,2492,1200,1,-1,-1,-1
182,20,2262,572,157,102,1,-1,-1,-1
183,18,48,78,2492,1200,1,-1,-1,-1
183,20,2252,592,157,102,1,-1,-1,-1
184,18,65,66,2492,1200,1,-1,-1,-1
184,20,2245,607,150,97,1,-1,-1,-1
185,18,65,66,2492,1200,1,-1,-1,-1
185,20,2245,607,150,97,1,-1,-1,-1
185,23,264,292,72,44,1,-1,-1,-1
186,18,78,100,2492,1200,1,-1,-1,-1
186,23,301,301,76,46,1,-1,-1,-1
187,18,85,74,2492,1200,1,-1,-1,-1
187,23,323,308,76,46,1,-1,-1,-1
188,18,118,106,2492,1200,1,-1,-1,-1
188,23,363,321,76,46,1,-1,-1,-1
189,18,24,146,2492,1200,1,-1,-1,-1
189,23,402,335,76,46,1,-1,-1,-1
190,18,-9,128,2617,1260,1,-1,-1,-1
190,23,424,342,76,46,1,-1,-1,-1
191,18,116,114,2617,1260,1,-1,-1,-1
191,23,462,350,76,46,1,-1,-1,-1
192,18,58,127,2617,1260,1,-1,-1,-1
192,23,500,360,76,46,1,-1,-1,-1
193,18,58,127,2617,1260,1,-1,-1,-1
193,23,500,360,76,46,1,-1,-1,-1
193,24,1164,736,140,140,1,-1,-1,-1
193,25,868,788,232,144,1,-1,-1,-1
193,26,2188,776,104,84,1,-1,-1,-1
193,27,1484,652,192,112,1,-1,-1,-1
193,28,1332,776,164,108,1,-1,-1,-1
193,29,788,680,128,112,1,-1,-1,-1
194,18,-81,84,2617,1260,1,-1,-1,-1
194,24,1166,736,140,140,1,-1,-1,-1
194,25,869,791,232,144,1,-1,-1,-1
194,26,2174,781,109,88,1,-1,-1,-1
194,27,1485,659,192,112,1,-1,-1,-1
194,28,1330,783,164,108,1,-1,-1,-1
194,29,792,680,128,112,1,-1,-1,-1
195,18,0,60,2617,1260,1,-1,-1,-1
195,24,1168,743,140,140,1,-1,-1,-1
195,25,865,799,232,144,1,-1,-1,-1
195,26,2158,794,109,88,1,-1,-1,-1
195,27,1478,675,192,112,1,-1,-1,-1
195,28,1329,794,164,108,1,-1,-1,-1
195,29,793,676,128,112,1,-1,-1,-1
196,18,-69,53,2617,1260,1,-1,-1,-1
196,24,1170,748,140,140,1,-1,-1,-1
196,25,867,800,232,144,1,-1,-1,-1
196,26,2167,796,115,93,1,-1,-1,-1
196,27,1478,680,192,112,1,-1,-1,-1
196,28,1327,797,164,108,1,-1,-1,-1
196,29,793,674,128,112,1,-1,-1,-1
197,18,57,76,2492,1200,1,-1,-1,-1
197,24,1172,751,140,140,1,-1,-1,-1
197,25,862,805,232,144,1,-1,-1,-1
197,27,1474,683,192,112,1,-1,-1,-1
197,28,1327,806,164,108,1,-1,-1,-1
197,29,799,659,134,118,1,-1,-1,-1
198,18,62,95,2492,1200,1,-1,-1,-1
198,24,1176,756,140,140,1,-1,-1,-1
198,25,865,812,232,144,1,-1,-1,-1
198,27,1469,683,192,112,1,-1,-1,-1
198,28,1324,813,164,108,1,-1,-1,-1
198,29,809,646,141,123,1,-1,-1,-1
199,18,65,109,2492,1200,1,-1,-1,-1
199,24,1177,758,140,140,1,-1,-1,-1
199,25,863,810,244,151,1,-1,-1,-1
199,27,1470,683,192,112,1,-1,-1,-1
199,28,1323,815,164,108,1,-1,-1,-1
199,29,809,643,141,123,1,-1,-1,-1
200,18,62,120,2492,1200,1,-1,-1,-1
200,24,1177,764,140,140,1,-1,-1,-1
200,25,841,811,244,151,1,-1,-1,-1
200,27,1469,678,192,112,1,-1,-1,-1
200,28,1319,819,164,108,1,-1,-1,-1
200,29,817,641,141,123,1,-1,-1,-1
201,18,62,120,2492,1200,1,-1,-1,-1
201,24,1172,780,160,128,1,-1,-1,-1
201,25,852,816,172,148,1,-1,-1,-1
201,27,1472,680,168,160,1,-1,-1,-1
201,28,1319,819,164,108,1,-1,-1,-1
201,29,796,632,164,148,1,-1,-1,-1
201,30,2092,804,140,120,1,-1,-1,-1
201,31,1384,772,184,164,1,-1,-1,-1
201,32,560,328,160,88,1,-1,-1,-1
202,18,160,144,2373,1143,1,-1,-1,-1
202,24,1177,781,160,128,1,-1,-1,-1
202,25,854,816,172,148,1,-1,-1,-1
202,27,1472,679,168,160,1,-1,-1,-1
202,28,1317,824,156,103,1,-1,-1,-1
202,29,800,629,164,148,1,-1,-1,-1
202,30,2091,805,140,120,1,-1,-1,-1
202,31,1384,774,184,164,1,-1,-1,-1
202,32,578,329,160,88,1,-1,-1,-1
203,18,265,193,2260,1088,1,-1,-1,-1
203,24,1177,783,160,128,1,-1,-1,-1
203,25,854,819,172,148,1,-1,-1,-1
203,27,1473,678,168,160,1,-1,-1,-1
203,28,1316,824,156,103,1,-1,-1,-1
203,29,813,624,164,148,1,-1,-1,-1
203,30,2086,810,140,120,1,-1,-1,-1
203,31,1385,777,184,164,1,-1,-1,-1
203,32,619,331,160,88,1,-1,-1,-1
204,18,184,175,2260,1088,1,-1,-1,-1
204,24,1183,784,160,128,1,-1,-1,-1
204,25,859,823,172,148,1,-1,-1,-1
204,27,1475,679,168,160,1,-1,-1,-1
204,28,1316,825,156,103,1,-1,-1,-1
204,29,817,611,164,148,1,-1,-1,-1
204,30,2077,817,140,120,1,-1,-1,-1
204,31,1387,781,184,164,1,-1,-1,-1
204,32,662,333,160,88,1,-1,-1,-1
205,18,168,156,2373,1143,1,-1,-1,-1
205,24,1188,785,160,128,1,-1,-1,-1
205,25,862,819,172,148,1,-1,-1,-1
205,27,1479,679,168,160,1,-1,-1,-1
205,28,1320,828,149,98,1,-1,-1,-1
205,29,826,611,164,148,1,-1,-1,-1
205,30,2075,821,140,120,1,-1,-1,-1
205,31,1388,783,184,164,1,-1,-1,-1
205,32,682,334,160,88,1,-1,-1,-1
206,18,141,163,2373,1143,1,-1,-1,-1
206,24,1194,786,152,122,1,-1,-1,-1
206,25,861,807,181,155,1,-1,-1,-1
206,27,1484,682,168,160,1,-1,-1,-1
206,28,1320,829,149,98,1,-1,-1,-1
206,29,834,600,164,148,1,-1,-1,-1
206,30,2078,831,140,120,1,-1,-1,-1
206,31,1391,783,184,164,1,-1,-1,-1
206,32,726,336,160,88,1,-1,-1,-1
207,18,165,166,2373,1143,1,-1,-1,-1
207,24,1197,783,152,122,1,-1,-1,-1
207,25,865,800,181,155,1,-1,-1,-1
207,27,1484,681,168,160,1,-1,-1,-1
207,28,1322,832,149,98,1,-1,-1,-1
207,29,848,599,164,148,1,-1,-1,-1
207,30,2082,834,133,114,1,-1,-1,-1
207,31,1389,782,184,164,1,-1,-1,-1
207,32,772,339,152,84,1,-1,-1,-1
208,18,193,158,2373,1143,1,-1,-1,-1
208,24,1196,782,152,122,1,-1,-1,-1
208,25,866,798,181,155,1,-1,-1,-1
208,28,1323,836,149,98,1,-1,-1,-1
208,29,847,592,156,141,1,-1,-1,-1
208,30,2079,834,133,114,1,-1,-1,-1
208,31,1393,785,175,156,1,-1,-1,-1
208,32,787,339,160,88,1,-1,-1,-1
209,18,193,158,2373,1143,1,-1,-1,-1
209,24,1220,756,144,136,1,-1,-1,-1
209,25,876,776,196,156,1,-1,-1,-1
209,28,1323,836,149,98,1,-1,-1,-1
209,29,888,564,116,148,1,-1,-1,-1
209,30,2079,834,133,114,1,-1,-1,-1
209,31,1393,785,175,156,1,-1,-1,-1
209,32,787,339,160,88,1,-1,-1,-1
209,33,1500,660,128,120,1,-1,-1,-1
209,34,836,344,160,88,1,-1,-1,-1
210,18,255,163,2373,1143,1,-1,-1,-1
210,24,1228,754,144,136,1,-1,-1,-1
210,25,887,779,187,149,1,-1,-1,-1
210,28,1328,841,149,98,1,-1,-1,-1
210,29,902,555,116,148,1,-1,-1,-1
210,30,2076,843,133,114,1,-1,-1,-1
210,31,1398,786,175,156,1,-1,-1,-1
210,32,872,341,160,88,1,-1,-1,-1
210,33,1502,652,128,120,1,-1,-1,-1
210,34,879,345,160,88,1,-1,-1,-1
211,18,225,153,2373,1143,1,-1,-1,-1
211,24,1230,754,144,136,1,-1,-1,-1
211,25,890,778,187,149,1,-1,-1,-1
211,28,1332,844,149,98,1,-1,-1,-1
211,29,908,550,116,148,1,-1,-1,-1
211,30,2079,845,127,109,1,-1,-1,-1
211,31,1400,787,175,156,1,-1,-1,-1
211,32,896,343,160,88,1,-1,-1,-1
211,33,1504,650,128,120,1,-1,-1,-1
211,34,900,346,160,88,1,-1,-1,-1
212,18,352,161,2373,1143,1,-1,-1,-1
212,24,1242,755,144,136,1,-1,-1,-1
212,25,896,776,187,149,1,-1,-1,-1
212,28,1338,857,142,93,1,-1,-1,-1
212,29,924,549,110,141,1,-1,-1,-1
212,30,2075,847,127,109,1,-1,-1,-1
212,31,1406,795,175,156,1,-1,-1,-1
212,32,938,346,160,88,1,-1,-1,-1
212,33,1504,638,128,120,1,-1,-1,-1
212,34,942,349,160,88,1,-1,-1,-1
213,18,313,162,2373,1143,1,-1,-1,-1
213,24,1251,758,144,136,1,-1,-1,-1
213,25,901,771,187,149,1,-1,-1,-1
213,28,1339,857,142,93,1,-1,-1,-1
213,29,937,547,110,141,1,-1,-1,-1
213,30,2076,853,121,104,1,-1,-1,-1
213,31,1410,802,175,156,1,-1,-1,-1
213,32,979,349,160,88,1,-1,-1,-1
213,33,1512,635,128,120,1,-1,-1,-1
213,34,984,353,160,88,1,-1,-1,-1
214,18,330,155,2373,1143,1,-1,-1,-1
214,24,1254,760,144,136,1,-1,-1,-1
214,25,906,765,187,149,1,-1,-1,-1
214,28,1339,853,142,93,1,-1,-1,-1
214,29,947,544,110,141,1,-1,-1,-1
214,30,2073,854,121,104,1,-1,-1,-1
214,31,1413,802,175,156,1,-1,-1,-1
214,32,999,350,160,88,1,-1,-1,-1
214,33,1507,623,134,126,1,-1,-1,-1
214,34,1003,355,160,88,1,-1,-1,-1
215,18,344,150,2373,1143,1,-1,-1,-1
215,24,1254,752,144,136,1,-1,-1,-1
215,25,918,762,187,149,1,-1,-1,-1
215,28,1342,851,142,93,1,-1,-1,-1
215,29,958,538,116,148,1,-1,-1,-1
215,30,2068,858,115,99,1,-1,-1,-1
215,31,1406,803,184,164,1,-1,-1,-1
215,32,1046,355,152,84,1,-1,-1,-1
215,33,1496,607,134,126,1,-1,-1,-1
215,34,1045,358,160,88,1,-1,-1,-1
216,18,345,145,2373,1143,1,-1,-1,-1
216,24,1256,741,144,136,1,-1,-1,-1
216,25,916,745,187,149,1,-1,-1,-1
216,28,1346,846,142,93,1,-1,-1,-1
216,29,971,532,122,155,1,-1,-1,-1
216,30,2071,865,115,99,1,-1,-1,-1
216,31,1411,805,184,164,1,-1,-1,-1
216,32,1081,356,160,88,1,-1,-1,-1
216,33,1507,602,141,132,1,-1,-1,-1
216,34,1084,361,160,88,1,-1,-1,-1
217,18,345,145,2373,1143,1,-1,-1,-1
217,24,1256,740,124,124,1,-1,-1,-1
217,25,920,740,160,156,1,-1,-1,-1
217,28,1340,844,136,128,1,-1,-1,-1
217,29,960,520,144,156,1,-1,-1,-1
217,30,2044,844,136,108,1,-1,-1,-1
217,31,1444,820,160,152,1,-1,-1,-1
217,32,1081,356,160,88,1,-1,-1,-1
217,33,1496,604,184,132,1,-1,-1,-1
217,34,1084,361,160,88,1,-1,-1,-1
218,18,304,128,2373,1143,1,-1,-1,-1
218,24,1256,731,124,124,1,-1,-1,-1
218,25,921,730,160,156,1,-1,-1,-1
218,28,1347,842,136,128,1,-1,-1,-1
218,29,979,525,137,149,1,-1,-1,-1
218,30,2041,850,136,108,1,-1,-1,-1
218,31,1451,820,160,152,1,-1,-1,-1
218,32,1140,364,160,88,1,-1,-1,-1
218,33,1508,603,175,126,1,-1,-1,-1
218,34,1145,368,160,88,1,-1,-1,-1
219,18,323,148,2373,1143,1,-1,-1,-1
219,24,1261,723,124,124,1,-1,-1,-1
219,25,932,726,160,156,1,-1,-1,-1
219,28,1351,836,136,128,1,-1,-1,-1
219,29,992,522,137,149,1,-1,-1,-1
219,30,2038,859,136,108,1,-1,-1,-1
219,31,1457,814,160,152,1,-1,-1,-1
219,32,1177,366,168,92,1,-1,-1,-1
219,33,1507,599,175,126,1,-1,-1,-1
219,34,1185,371,160,88,1,-1,-1,-1
220,18,310,102,2492,1200,1,-1,-1,-1
220,24,1264,721,124,124,1,-1,-1,-1
220,25,936,724,160,156,1,-1,-1,-1
220,28,1349,832,143,134,1,-1,-1,-1
220,29,1001,523,137,149,1,-1,-1,-1
220,30,2037,862,136,108,1,-1,-1,-1
220,31,1458,812,160,152,1,-1,-1,-1
220,32,1196,369,168,92,1,-1,-1,-1
220,33,1511,596,175,126,1,-1,-1,-1
220,34,1203,375,160,88,1,-1,-1,-1
221,18,237,130,2492,1200,1,-1,-1,-1
221,24,1269,716,130,130,1,-1,-1,-1
221,25,949,723,160,156,1,-1,-1,-1
221,28,1353,834,143,134,1,-1,-1,-1
221,29,1015,519,137,149,1,-1,-1,-1
221,30,2031,864,143,113,1,-1,-1,-1
221,31,1467,807,152,145,1,-1,-1,-1
221,32,1231,372,176,97,1,-1,-1,-1
221,33,1515,592,175,126,1,-1,-1,-1
221,34,1246,380,160,88,1,-1,-1,-1
222,18,208,115,2492,1200,1,-1,-1,-1
222,24,1277,712,130,130,1,-1,-1,-1
222,25,959,720,160,156,1,-1,-1,-1
222,28,1359,838,143,134,1,-1,-1,-1
222,29,1026,518,137,149,1,-1,-1,-1
222,30,2030,870,143,113,1,-1,-1,-1
222,31,1473,804,152,145,1,-1,-1,-1
222,32,1273,376,176,97,1,-1,-1,-1
222,33,1527,588,175,126,1,-1,-1,-1
222,34,1285,386,160,88,1,-1,-1,-1
223,18,147,88,2617,1260,1,-1,-1,-1
223,24,1278,705,137,137,1,-1,-1,-1
223,25,963,718,160,156,1,-1,-1,-1
223,28,1357,835,150,141,1,-1,-1,-1
223,29,1033,513,137,149,1,-1,-1,-1
223,30,2029,872,143,113,1,-1,-1,-1
223,31,1474,803,152,145,1,-1,-1,-1
223,32,1297,382,168,92,1,-1,-1,-1
223,33,1529,585,175,126,1,-1,-1,-1
223,34,1304,389,160,88,1,-1,-1,-1
224,18,128,79,2617,1260,1,-1,-1,-1
224,24,1286,702,137,137,1,-1,-1,-1
224,25,974,719,160,156,1,-1,-1,-1
224,28,1359,825,150,141,1,-1,-1,-1
224,29,1047,505,144,156,1,-1,-1,-1
224,30,2031,876,136,108,1,-1,-1,-1
224,31,1475,799,152,145,1,-1,-1,-1
224,32,1332,383,176,97,1,-1,-1,-1
224,33,1534,585,167,120,1,-1,-1,-1
224,34,1345,392,160,88,1,-1,-1,-1
225,18,128,79,2617,1260,1,-1,-1,-1
225,24,1300,704,132,124,1,-1,-1,-1
225,25,980,684,156,172,1,-1,-1,-1
225,28,1359,825,150,141,1,-1,-1,-1
225,29,1080,508,116,136,1,-1,-1,-1
225,30,2032,872,136,136,1,-1,-1,-1
225,31,1492,784,168,204,1,-1,-1,-1
225,32,1332,383,176,97,1,-1,-1,-1
225,33,1544,556,140,156,1,-1,-1,-1
225,34,1384,396,160,88,1,-1,-1,-1
226,18,148,113,2492,1200,1,-1,-1,-1
226,24,1303,703,132,124,1,-1,-1,-1
226,25,986,681,156,172,1,-1,-1,-1
226,28,1372,818,150,141,1,-1,-1,-1
226,29,1088,508,116,136,1,-1,-1,-1
226,30,2033,874,136,136,1,-1,-1,-1
226,31,1498,785,168,204,1,-1,-1,-1
226,32,1395,390,176,97,1,-1,-1,-1
226,33,1550,557,140,156,1,-1,-1,-1
226,34,1403,398,160,88,1,-1,-1,-1
227,18,207,91,2492,1200,1,-1,-1,-1
227,24,1310,697,132,124,1,-1,-1,-1
227,25,995,674,156,172,1,-1,-1,-1
227,28,1379,812,143,134,1,-1,-1,-1
227,29,1102,509,116,136,1,-1,-1,-1
227,30,2029,879,136,136,1,-1,-1,-1
227,31,1509,785,168,204,1,-1,-1,-1
227,32,1435,396,176,97,1,-1,-1,-1
227,33,1552,554,140,156,1,-1,-1,-1
227,34,1442,404,160,88,1,-1,-1,-1
228,18,155,101,2492,1200,1,-1,-1,-1
228,24,1315,696,132,124,1,-1,-1,-1
228,25,1000,669,156,172,1,-1,-1,-1
228,28,1386,805,143,134,1,-1,-1,-1
228,29,1116,511,116,136,1,-1,-1,-1
228,30,2029,885,136,136,1,-1,-1,-1
228,31,1522,781,168,204,1,-1,-1,-1
228,32,1473,400,176,97,1,-1,-1,-1
228,33,1556,559,133,149,1,-1,-1,-1
228,34,1479,409,160,88,1,-1,-1,-1
229,18,77,102,2492,1200,1,-1,-1,-1
229,24,1318,693,132,124,1,-1,-1,-1
229,25,1005,667,156,172,1,-1,-1,-1
229,28,1388,805,143,134,1,-1,-1,-1
229,29,1125,513,116,136,1,-1,-1,-1
229,30,2028,888,136,136,1,-1,-1,-1
229,31,1526,776,168,204,1,-1,-1,-1
229,32,1492,404,176,97,1,-1,-1,-1
229,33,1560,561,133,149,1,-1,-1,-1
229,34,1499,412,160,88,1,-1,-1,-1
230,18,160,103,2492,1200,1,-1,-1,-1
230,24,1324,689,132,124,1,-1,-1,-1
230,25,1013,661,156,172,1,-1,-1,-1
230,28,1392,796,143,134,1,-1,-1,-1
230,29,1135,513,116,136,1,-1,-1,-1
230,30,2024,893,136,136,1,-1,-1,-1
230,31,1526,759,168,204,1,-1,-1,-1
230,32,1528,408,176,97,1,-1,-1,-1
230,33,1561,556,133,149,1,-1,-1,-1
230,34,1535,416,160,88,1,-1,-1,-1
231,18,152,151,2373,1143,1,-1,-1,-1
231,24,1333,687,132,124,1,-1,-1,-1
231,25,1023,659,156,172,1,-1,-1,-1
231,28,1399,791,143,134,1,-1,-1,-1
231,29,1151,508,116,136,1,-1,-1,-1
231,30,2024,897,136,136,1,-1,-1,-1
231,31,1542,753,168,204,1,-1,-1,-1
231,32,1567,411,176,97,1,-1,-1,-1
231,33,1570,556,133,149,1,-1,-1,-1
231,34,1574,420,160,88,1,-1,-1,-1
232,18,145,152,2373,1143,1,-1,-1,-1
232,24,1338,688,126,118,1,-1,-1,-1
232,25,1027,658,156,172,1,-1,-1,-1
232,28,1402,793,143,134,1,-1,-1,-1
232,29,1156,506,116,136,1,-1,-1,-1
232,30,2023,903,136,136,1,-1,-1,-1
232,31,1543,747,168,204,1,-1,-1,-1
232,32,1585,416,176,97,1,-1,-1,-1
232,33,1568,554,133,149,1,-1,-1,-1
232,34,1592,424,160,88,1,-1,-1,-1
233,18,145,152,2373,1143,1,-1,-1,-1
233,24,1344,680,148,120,1,-1,-1,-1
233,25,1036,676,188,172,1,-1,-1,-1
233,28,1404,796,160,116,1,-1,-1,-1
233,29,1164,508,148,148,1,-1,-1,-1
233,30,2024,924,136,128,1,-1,-1,-1
233,31,1552,748,128,144,1,-1,-1,-1
233,32,1585,416,176,97,1,-1,-1,-1
233,33,1580,564,132,128,1,-1,-1,-1
233,34,1592,424,160,88,1,-1,-1,-1
233,35,1636,432,160,96,1,-1,-1,-1
234,18,235,134,2373,1143,1,-1,-1,-1
234,24,1353,679,148,120,1,-1,-1,-1
234,25,1047,678,188,172,1,-1,-1,-1
234,28,1412,796,160,116,1,-1,-1,-1
234,29,1179,508,148,148,1,-1,-1,-1
234,30,2021,926,136,128,1,-1,-1,-1
234,31,1559,744,128,144,1,-1,-1,-1
234,32,1658,429,176,97,1,-1,-1,-1
234,33,1583,560,132,128,1,-1,-1,-1
234,34,1664,436,160,88,1,-1,-1,-1
234,35,1667,433,168,101,1,-1,-1,-1
235,18,249,123,2373,1143,1,-1,-1,-1
235,24,1352,676,148,120,1,-1,-1,-1
235,25,1050,674,188,172,1,-1,-1,-1
235,28,1406,787,168,122,1,-1,-1,-1
235,29,1186,507,148,148,1,-1,-1,-1
235,30,2022,927,136,128,1,-1,-1,-1
235,31,1563,743,128,144,1,-1,-1,-1
235,32,1676,431,176,97,1,-1,-1,-1
235,33,1585,558,132,128,1,-1,-1,-1
235,34,1683,439,160,88,1,-1,-1,-1
235,35,1685,437,168,101,1,-1,-1,-1
236,18,249,114,2373,1143,1,-1,-1,-1
236,24,1360,673,148,120,1,-1,-1,-1
236,25,1059,671,188,172,1,-1,-1,-1
236,28,1403,778,168,122,1,-1,-1,-1
236,29,1199,504,148,148,1,-1,-1,-1
236,30,2020,930,136,128,1,-1,-1,-1
236,31,1571,740,128,144,1,-1,-1,-1
236,32,1712,435,176,97,1,-1,-1,-1
236,33,1592,557,132,128,1,-1,-1,-1
236,34,1718,443,160,88,1,-1,-1,-1
236,35,1722,443,168,101,1,-1,-1,-1
237,18,232,133,2373,1143,1,-1,-1,-1
237,24,1369,664,141,114,1,-1,-1,-1
237,25,1080,675,179,164,1,-1,-1,-1
237,28,1412,771,168,122,1,-1,-1,-1
237,29,1213,502,148,148,1,-1,-1,-1
237,30,2022,925,136,128,1,-1,-1,-1
237,31,1581,735,128,144,1,-1,-1,-1
237,32,1750,440,176,97,1,-1,-1,-1
237,33,1595,553,132,128,1,-1,-1,-1
237,34,1757,448,160,88,1,-1,-1,-1
237,35,1759,446,168,101,1,-1,-1,-1
238,18,264,161,2260,1088,1,-1,-1,-1
238,24,1374,662,141,114,1,-1,-1,-1
238,25,1079,668,188,172,1,-1,-1,-1
238,28,1420,769,168,122,1,-1,-1,-1
238,29,1218,501,148,148,1,-1,-1,-1
238,30,2026,924,136,128,1,-1,-1,-1
238,31,1583,733,128,144,1,-1,-1,-1
238,32,1772,445,168,92,1,-1,-1,-1
238,33,1597,551,132,128,1,-1,-1,-1
238,34,1776,451,160,88,1,-1,-1,-1
238,35,1777,450,168,101,1,-1,-1,-1
239,18,258,137,2373,1143,1,-1,-1,-1
239,24,1389,662,134,109,1,-1,-1,-1
239,25,1084,660,188,172,1,-1,-1,-1
239,28,1424,762,168,122,1,-1,-1,-1
239,29,1231,505,148,148,1,-1,-1,-1
239,31,1591,732,128,144,1,-1,-1,-1
239,32,1804,448,176,97,1,-1,-1,-1
239,33,1604,550,132,128,1,-1,-1,-1
239,34,1810,456,160,88,1,-1,-1,-1
239,35,1809,452,176,106,1,-1,-1,-1
240,18,261,133,2373,1143,1,-1,-1,-1
240,24,1397,659,134,109,1,-1,-1,-1
240,25,1096,660,179,164,1,-1,-1,-1
240,28,1420,759,176,128,1,-1,-1,-1
240,29,1244,509,141,141,1,-1,-1,-1
240,31,1598,729,128,144,1,-1,-1,-1
240,32,1840,453,176,97,1,-1,-1,-1
240,33,1610,550,132,128,1,-1,-1,-1
240,34,1845,463,160,88,1,-1,-1,-1
240,35,1845,460,176,106,1,-1,-1,-1
241,18,261,133,2373,1143,1,-1,-1,-1
241,24,1408,652,104,104,1,-1,-1,-1
241,25,1100,652,144,152,1,-1,-1,-1
241,28,1424,740,164,144,1,-1,-1,-1
241,29,1252,512,116,144,1,-1,-1,-1
241,31,1596,732,140,164,1,-1,-1,-1
241,32,1840,453,176,97,1,-1,-1,-1
241,33,1608,552,156,136,1,-1,-1,-1
241,34,1845,463,160,88,1,-1,-1,-1
241,35,1868,468,160,104,1,-1,-1,-1
241,36,2004,892,148,176,1,-1,-1,-1
242,18,219,133,2373,1143,1,-1,-1,-1
242,24,1411,650,104,104,1,-1,-1,-1
242,25,1103,650,144,152,1,-1,-1,-1
242,28,1430,737,164,144,1,-1,-1,-1
242,29,1260,517,116,144,1,-1,-1,-1
242,31,1607,733,140,164,1,-1,-1,-1
242,32,1892,467,168,92,1,-1,-1,-1
242,33,1609,552,156,136,1,-1,-1,-1
242,34,1893,473,160,88,1,-1,-1,-1
242,35,1898,473,160,104,1,-1,-1,-1
242,36,2010,895,148,176,1,-1,-1,-1
243,18,236,126,2373,1143,1,-1,-1,-1
243,24,1413,647,104,104,1,-1,-1,-1
243,25,1108,653,137,145,1,-1,-1,-1
243,28,1433,734,164,144,1,-1,-1,-1
243,29,1266,518,116,144,1,-1,-1,-1
243,31,1606,727,133,156,1,-1,-1,-1
243,32,1921,471,168,92,1,-1,-1,-1
243,33,1607,552,156,136,1,-1,-1,-1
243,34,1924,477,160,88,1,-1,-1,-1
243,35,1925,475,168,109,1,-1,-1,-1
243,36,1998,891,148,176,1,-1,-1,-1
244,18,292,147,2260,1088,1,-1,-1,-1
244,24,1412,647,104,104,1,-1,-1,-1
244,25,1109,654,137,145,1,-1,-1,-1
244,28,1432,733,164,144,1,-1,-1,-1
244,29,1270,522,110,137,1,-1,-1,-1
244,31,1609,726,133,156,1,-1,-1,-1
244,32,1935,474,168,92,1,-1,-1,-1
244,33,1608,552,156,136,1,-1,-1,-1
244,34,1938,480,160,88,1,-1,-1,-1
244,35,1939,477,168,109,1,-1,-1,-1
244,36,1994,884,155,185,1,-1,-1,-1
245,18,278,156,2260,1088,1,-1,-1,-1
245,24,1409,645,104,104,1,-1,-1,-1
245,25,1109,653,137,145,1,-1,-1,-1
245,28,1436,734,156,137,1,-1,-1,-1
245,29,1273,521,110,137,1,-1,-1,-1
245,31,1616,723,127,149,1,-1,-1,-1
245,32,1952,475,176,97,1,-1,-1,-1
245,33,1605,553,156,136,1,-1,-1,-1
245,34,1961,484,160,88,1,-1,-1,-1
245,35,1961,482,168,109,1,-1,-1,-1
245,36,1997,880,155,185,1,-1,-1,-1
246,18,285,172,2260,1088,1,-1,-1,-1
246,24,1408,644,104,104,1,-1,-1,-1
246,25,1107,655,137,145,1,-1,-1,-1
246,28,1434,732,156,137,1,-1,-1,-1
246,29,1274,521,110,137,1,-1,-1,-1
246,31,1614,717,127,149,1,-1,-1,-1
246,32,1978,480,176,97,1,-1,-1,-1
246,33,1595,548,164,143,1,-1,-1,-1
246,34,1984,489,160,88,1,-1,-1,-1
246,35,1984,487,168,109,1,-1,-1,-1
246,36,1982,866,148,176,1,-1,-1,-1
247,18,343,176,2260,1088,1,-1,-1,-1
247,24,1407,645,104,104,1,-1,-1,-1
247,25,1106,656,137,145,1,-1,-1,-1
247,28,1430,729,156,137,1,-1,-1,-1
247,29,1274,520,110,137,1,-1,-1,-1
247,31,1615,712,127,149,1,-1,-1,-1
247,32,1995,485,168,92,1,-1,-1,-1
247,33,1591,547,164,143,1,-1,-1,-1
247,34,1998,491,160,88,1,-1,-1,-1
247,35,2001,491,160,104,1,-1,-1,-1
247,36,1981,856,155,185,1,-1,-1,-1
248,18,307,170,2260,1088,1,-1,-1,-1
248,24,1403,641,104,104,1,-1,-1,-1
248,25,1106,657,137,145,1,-1,-1,-1
248,28,1414,714,156,137,1,-1,-1,-1
248,29,1277,517,110,137,1,-1,-1,-1
248,31,1614,708,127,149,1,-1,-1,-1
248,32,2015,490,168,92,1,-1,-1,-1
248,33,1583,541,164,143,1,-1,-1,-1
248,34,2018,495,160,88,1,-1,-1,-1
248,35,2021,497,160,104,1,-1,-1,-1
248,36,1956,843,155,185,1,-1,-1,-1
249,24,1403,641,104,104,1,-1,-1,-1
249,25,1108,664,164,148,1,-1,-1,-1
249,28,1414,714,156,137,1,-1,-1,-1
249,29,1276,508,116,136,1,-1,-1,-1
249,31,1620,692,108,140,1,-1,-1,-1
249,32,2015,490,168,92,1,-1,-1,-1
249,33,1584,548,128,120,1,-1,-1,-1
249,34,2018,495,160,88,1,-1,-1,-1
249,35,2040,500,164,104,1,-1,-1,-1
249,36,1968,848,112,144,1,-1,-1,-1
249,37,1404,648,136,180,1,-1,-1,-1
250,24,1396,635,104,104,1,-1,-1,-1
250,25,1109,665,164,148,1,-1,-1,-1
250,28,1397,700,156,137,1,-1,-1,-1
250,29,1275,508,116,136,1,-1,-1,-1
250,31,1620,691,108,140,1,-1,-1,-1
250,32,2046,494,168,92,1,-1,-1,-1
250,33,1579,547,128,120,1,-1,-1,-1
250,34,2049,500,160,88,1,-1,-1,-1
250,35,2049,501,164,104,1,-1,-1,-1
250,36,1966,847,112,144,1,-1,-1,-1
250,37,1405,651,130,171,1,-1,-1,-1
251,24,1395,634,104,104,1,-1,-1,-1
251,25,1103,665,164,148,1,-1,-1,-1
251,28,1386,696,156,137,1,-1,-1,-1
251,29,1270,505,116,136,1,-1,-1,-1
251,31,1611,686,113,147,1,-1,-1,-1
251,32,2063,499,168,92,1,-1,-1,-1
251,33,1571,550,122,114,1,-1,-1,-1
251,34,2061,502,168,92,1,-1,-1,-1
251,35,2065,504,164,104,1,-1,-1,-1
251,36,1952,836,112,144,1,-1,-1,-1
251,37,1400,653,123,163,1,-1,-1,-1
252,24,1386,628,104,104,1,-1,-1,-1
252,25,1097,663,164,148,1,-1,-1,-1
252,28,1380,698,149,131,1,-1,-1,-1
252,29,1268,503,116,136,1,-1,-1,-1
252,31,1606,683,113,147,1,-1,-1,-1
252,32,2081,503,168,92,1,-1,-1,-1
252,33,1562,552,122,114,1,-1,-1,-1
252,34,2081,505,168,92,1,-1,-1,-1
252,35,2085,508,164,104,1,-1,-1,-1
252,36,1945,831,107,137,1,-1,-1,-1
252,37,1394,650,123,163,1,-1,-1,-1
253,24,1386,627,104,104,1,-1,-1,-1
253,25,1093,660,164,148,1,-1,-1,-1
253,28,1382,701,142,124,1,-1,-1,-1
253,29,1266,503,116,136,1,-1,-1,-1
253,31,1605,680,113,147,1,-1,-1,-1
253,32,2094,504,168,92,1,-1,-1,-1
253,33,1559,553,122,114,1,-1,-1,-1
253,34,2093,507,168,92,1,-1,-1,-1
253,35,2098,509,164,104,1,-1,-1,-1
253,36,1939,826,107,137,1,-1,-1,-1
253,37,1392,649,123,163,1,-1,-1,-1
254,24,1383,625,104,104,1,-1,-1,-1
254,25,1088,657,172,155,1,-1,-1,-1
254,28,1372,699,142,124,1,-1,-1,-1
254,29,1264,504,116,136,1,-1,-1,-1
254,31,1601,677,113,147,1,-1,-1,-1
254,32,2112,507,168,92,1,-1,-1,-1
254,33,1550,554,122,114,1,-1,-1,-1
254,34,2111,511,168,92,1,-1,-1,-1
254,35,2115,512,164,104,1,-1,-1,-1
254,36,1930,819,102,131,1,-1,-1,-1
254,37,1387,648,123,163,1,-1,-1,-1
255,24,1379,624,104,104,1,-1,-1,-1
255,25,1086,653,172,155,1,-1,-1,-1
255,28,1370,698,142,124,1,-1,-1,-1
255,29,1263,507,116,136,1,-1,-1,-1
255,31,1598,676,113,147,1,-1,-1,-1
255,32,2130,510,168,92,1,-1,-1,-1
255,33,1542,556,122,114,1,-1,-1,-1
255,34,2133,516,160,88,1,-1,-1,-1
255,35,2133,515,164,104,1,-1,-1,-1
255,36,1926,809,102,131,1,-1,-1,-1
255,37,1383,647,123,163,1,-1,-1,-1
256,24,1377,624,104,104,1,-1,-1,-1
256,25,1084,651,172,155,1,-1,-1,-1
256,28,1366,696,142,124,1,-1,-1,-1
256,29,1263,508,116,136,1,-1,-1,-1
256,31,1595,675,113,147,1,-1,-1,-1
256,32,2141,512,168,92,1,-1,-1,-1
256,33,1537,557,122,114,1,-1,-1,-1
256,34,2148,521,152,84,1,-1,-1,-1
256,35,2143,518,164,104,1,-1,-1,-1
256,36,1920,808,102,131,1,-1,-1,-1
256,37,1380,645,123,163,1,-1,-1,-1
257,24,1377,624,104,104,1,-1,-1,-1
257,25,1076,648,128,140,1,-1,-1,-1
257,28,1366,696,142,124,1,-1,-1,-1
257,29,1252,508,120,136,1,-1,-1,-1
257,31,1592,680,132,140,1,-1,-1,-1
257,32,2141,512,168,92,1,-1,-1,-1
257,33,1528,548,144,136,1,-1,-1,-1
257,34,2148,521,152,84,1,-1,-1,-1
257,35,2143,518,164,104,1,-1,-1,-1
257,36,1916,812,108,120,1,-1,-1,-1
257,37,1368,628,128,188,1,-1,-1,-1
258,24,1369,623,104,104,1,-1,-1,-1
258,25,1074,650,128,140,1,-1,-1,-1
258,28,1364,692,149,131,1,-1,-1,-1
258,29,1255,508,120,136,1,-1,-1,-1
258,31,1592,678,132,140,1,-1,-1,-1
258,32,2178,523,168,92,1,-1,-1,-1
258,33,1526,548,144,136,1,-1,-1,-1
258,34,2181,525,160,88,1,-1,-1,-1
258,35,2180,528,164,104,1,-1,-1,-1
258,36,1915,809,108,120,1,-1,-1,-1
258,37,1366,627,128,188,1,-1,-1,-1
259,24,1368,624,104,104,1,-1,-1,-1
259,25,1072,652,128,140,1,-1,-1,-1
259,28,1356,688,149,131,1,-1,-1,-1
259,29,1256,509,120,136,1,-1,-1,-1
259,31,1591,676,132,140,1,-1,-1,-1
259,32,2192,524,168,92,1,-1,-1,-1
259,33,1525,548,144,136,1,-1,-1,-1
259,34,2195,528,160,88,1,-1,-1,-1
259,35,2194,530,164,104,1,-1,-1,-1
259,36,1908,805,108,120,1,-1,-1,-1
259,37,1364,626,128,188,1,-1,-1,-1
260,24,1369,623,104,104,1,-1,-1,-1
260,25,1067,653,128,140,1,-1,-1,-1
260,28,1353,689,149,131,1,-1,-1,-1
260,29,1258,507,120,136,1,-1,-1,-1
260,31,1591,670,132,140,1,-1,-1,-1
260,32,2212,528,168,92,1,-1,-1,-1
260,33,1521,542,144,136,1,-1,-1,-1
260,34,2215,533,160,88,1,-1,-1,-1
260,35,2214,534,164,104,1,-1,-1,-1
260,36,1902,799,103,114,1,-1,-1,-1
260,37,1365,626,128,188,1,-1,-1,-1
261,24,1369,621,104,104,1,-1,-1,-1
261,25,1066,659,128,140,1,-1,-1,-1
261,28,1350,686,149,131,1,-1,-1,-1
261,29,1261,502,120,136,1,-1,-1,-1
261,31,1592,663,132,140,1,-1,-1,-1
261,32,2234,532,168,92,1,-1,-1,-1
261,33,1518,538,144,136,1,-1,-1,-1
261,34,2233,536,168,92,1,-1,-1,-1
261,35,2237,537,164,104,1,-1,-1,-1
261,36,1902,797,103,114,1,-1,-1,-1
261,37,1365,627,128,188,1,-1,-1,-1
262,24,1371,621,104,104,1,-1,-1,-1
262,25,1068,661,128,140,1,-1,-1,-1
262,28,1336,672,149,131,1,-1,-1,-1
262,29,1262,499,120,136,1,-1,-1,-1
262,31,1593,664,132,140,1,-1,-1,-1
262,32,2247,534,168,92,1,-1,-1,-1
262,33,1514,536,144,136,1,-1,-1,-1
262,34,2247,537,168,92,1,-1,-1,-1
262,35,2250,540,164,104,1,-1,-1,-1
262,36,1899,797,103,114,1,-1,-1,-1
262,37,1367,628,122,179,1,-1,-1,-1
263,24,1373,620,99,99,1,-1,-1,-1
263,25,1064,664,128,140,1,-1,-1,-1
263,28,1335,671,149,131,1,-1,-1,-1
263,29,1264,498,120,136,1,-1,-1,-1
263,31,1592,663,132,140,1,-1,-1,-1
263,32,2266,538,168,92,1,-1,-1,-1
263,33,1510,534,144,136,1,-1,-1,-1
263,34,2266,542,168,92,1,-1,-1,-1
263,35,2269,544,164,104,1,-1,-1,-1
263,36,1893,794,103,114,1,-1,-1,-1
263,37,1365,630,116,171,1,-1,-1,-1
264,24,1372,620,99,99,1,-1,-1,-1
264,25,1062,667,128,140,1,-1,-1,-1
264,28,1335,675,142,124,1,-1,-1,-1
264,29,1265,499,120,136,1,-1,-1,-1
264,31,1588,666,132,140,1,-1,-1,-1
264,32,2287,544,168,92,1,-1,-1,-1
264,33,1503,537,144,136,1,-1,-1,-1
264,34,2280,545,176,97,1,-1,-1,-1
264,35,2289,551,164,104,1,-1,-1,-1
264,36,1891,792,103,114,1,-1,-1,-1
264,37,1363,628,116,171,1,-1,-1,-1
265,24,1372,620,99,99,1,-1,-1,-1
265,25,1060,636,164,172,1,-1,-1,-1
265,28,1335,675,142,124,1,-1,-1,-1
265,29,1280,500,92,132,1,-1,-1,-1
265,31,1596,668,104,144,1,-1,-1,-1
265,32,2287,544,168,92,1,-1,-1,-1
265,33,1504,544,112,120,1,-1,-1,-1
265,34,2280,545,176,97,1,-1,-1,-1
265,35,2300,556,168,92,1,-1,-1,-1
265,36,1876,764,108,144,1,-1,-1,-1
265,37,1363,628,116,171,1,-1,-1,-1
266,24,1365,618,99,99,1,-1,-1,-1
266,25,1062,637,164,172,1,-1,-1,-1
266,28,1331,681,142,124,1,-1,-1,-1
266,29,1280,502,92,132,1,-1,-1,-1
266,31,1595,669,104,144,1,-1,-1,-1
266,32,2314,550,168,92,1,-1,-1,-1
266,33,1500,545,112,120,1,-1,-1,-1
266,34,2315,554,168,92,1,-1,-1,-1
266,35,2318,559,168,92,1,-1,-1,-1
266,36,1875,763,108,144,1,-1,-1,-1
266,37,1354,623,122,179,1,-1,-1,-1
267,24,1362,620,99,99,1,-1,-1,-1
267,25,1053,634,164,172,1,-1,-1,-1
267,28,1326,681,142,124,1,-1,-1,-1
267,29,1280,505,92,132,1,-1,-1,-1
267,31,1593,671,104,144,1,-1,-1,-1
267,32,2327,553,176,97,1,-1,-1,-1
267,33,1493,548,112,120,1,-1,-1,-1
267,34,2332,560,168,92,1,-1,-1,-1
267,35,2336,566,168,92,1,-1,-1,-1
267,36,1860,750,113,151,1,-1,-1,-1
267,37,1348,623,122,179,1,-1,-1,-1
268,24,1360,619,99,99,1,-1,-1,-1
268,25,1051,634,164,172,1,-1,-1,-1
268,28,1326,681,142,124,1,-1,-1,-1
268,29,1277,503,97,139,1,-1,-1,-1
268,31,1592,670,104,144,1,-1,-1,-1
268,32,2336,555,176,97,1,-1,-1,-1
268,33,1491,550,112,120,1,-1,-1,-1
268,34,2340,563,168,92,1,-1,-1,-1
268,35,2346,567,168,92,1,-1,-1,-1
268,36,1856,746,119,159,1,-1,-1,-1
268,37,1346,624,122,179,1,-1,-1,-1
269,24,1359,620,99,99,1,-1,-1,-1
269,25,1049,635,164,172,1,-1,-1,-1
269,28,1328,686,142,124,1,-1,-1,-1
269,29,1277,506,97,139,1,-1,-1,-1
269,31,1592,672,99,137,1,-1,-1,-1
269,32,2355,560,176,97,1,-1,-1,-1
269,33,1487,556,112,120,1,-1,-1,-1
269,34,2359,567,168,92,1,-1,-1,-1
269,35,2361,570,176,97,1,-1,-1,-1
269,36,1852,744,119,159,1,-1,-1,-1
269,37,1350,630,116,171,1,-1,-1,-1
270,24,1357,624,99,99,1,-1,-1,-1
270,25,1047,637,164,172,1,-1,-1,-1
270,28,1327,687,142,124,1,-1,-1,-1
270,29,1277,508,97,139,1,-1,-1,-1
270,31,1591,672,99,137,1,-1,-1,-1
270,32,2377,564,176,97,1,-1,-1,-1
270,33,1484,558,112,120,1,-1,-1,-1
270,34,2379,571,168,92,1,-1,-1,-1
270,35,2380,574,176,97,1,-1,-1,-1
270,36,1851,742,119,159,1,-1,-1,-1
270,37,1351,632,116,171,1,-1,-1,-1
271,24,1358,624,99,99,1,-1,-1,-1
271,25,1047,639,164,172,1,-1,-1,-1
271,28,1331,685,142,124,1,-1,-1,-1
271,29,1281,508,97,139,1,-1,-1,-1
271,31,1591,669,99,137,1,-1,-1,-1
271,32,2389,567,176,97,1,-1,-1,-1
271,33,1485,559,112,120,1,-1,-1,-1
271,34,2393,574,168,92,1,-1,-1,-1
271,35,2398,580,168,92,1,-1,-1,-1
271,36,1850,745,119,159,1,-1,-1,-1
271,37,1352,633,116,171,1,-1,-1,-1
272,24,1358,624,99,99,1,-1,-1,-1
272,25,1042,639,164,172,1,-1,-1,-1
272,28,1333,685,142,124,1,-1,-1,-1
272,29,1283,507,97,139,1,-1,-1,-1
272,31,1589,667,99,137,1,-1,-1,-1
272,32,2409,572,176,97,1,-1,-1,-1
272,33,1482,562,112,120,1,-1,-1,-1
272,34,2414,578,168,92,1,-1,-1,-1
272,35,2417,583,168,92,1,-1,-1,-1
272,36,1848,739,119,159,1,-1,-1,-1
272,37,1356,635,116,171,1,-1,-1,-1
273,24,1358,624,99,99,1,-1,-1,-1
273,25,1040,668,124,144,1,-1,-1,-1
273,28,1333,685,142,124,1,-1,-1,-1
273,29,1284,508,104,124,1,-1,-1,-1
273,31,1572,652,124,136,1,-1,-1,-1
273,32,2409,572,176,97,1,-1,-1,-1
273,33,1480,540,112,132,1,-1,-1,-1
273,34,2414,578,168,92,1,-1,-1,-1
273,35,2417,583,168,92,1,-1,-1,-1
273,36,1848,748,100,124,1,-1,-1,-1
273,37,1348,652,128,144,1,-1,-1,-1
274,24,1352,622,99,99,1,-1,-1,-1
274,25,1038,670,124,144,1,-1,-1,-1
274,28,1333,679,135,118,1,-1,-1,-1
274,29,1284,507,104,124,1,-1,-1,-1
274,31,1570,651,124,136,1,-1,-1,-1
274,32,2444,575,176,97,1,-1,-1,-1
274,33,1478,539,112,132,1,-1,-1,-1
274,34,2446,581,168,92,1,-1,-1,-1
274,35,2450,586,168,92,1,-1,-1,-1
274,36,1845,747,100,124,1,-1,-1,-1
274,37,1346,651,128,144,1,-1,-1,-1
275,24,1349,618,99,99,1,-1,-1,-1
275,25,1030,674,124,144,1,-1,-1,-1
275,28,1332,675,135,118,1,-1,-1,-1
275,29,1285,503,104,124,1,-1,-1,-1
275,31,1569,648,124,136,1,-1,-1,-1
275,32,2464,578,176,97,1,-1,-1,-1
275,33,1477,536,112,132,1,-1,-1,-1
275,34,2469,584,160,88,1,-1,-1,-1
275,35,2473,590,160,88,1,-1,-1,-1
275,36,1840,747,95,118,1,-1,-1,-1
275,37,1344,649,128,144,1,-1,-1,-1
276,24,1344,617,99,99,1,-1,-1,-1
276,25,1018,678,124,144,1,-1,-1,-1
276,28,1327,670,128,113,1,-1,-1,-1
276,29,1282,498,104,124,1,-1,-1,-1
276,31,1565,646,124,136,1,-1,-1,-1
276,32,2499,580,176,97,1,-1,-1,-1
276,33,1468,532,112,132,1,-1,-1,-1
276,34,2501,588,160,88,1,-1,-1,-1
276,35,2504,593,160,88,1,-1,-1,-1
276,36,1840,746,95,118,1,-1,-1,-1
276,37,1339,645,128,144,1,-1,-1,-1
277,24,1342,615,99,99,1,-1,-1,-1
277,25,1013,682,124,144,1,-1,-1,-1
277,28,1328,669,128,113,1,-1,-1,-1
277,29,1280,497,104,124,1,-1,-1,-1
277,31,1563,646,124,136,1,-1,-1,-1
277,33,1465,530,112,132,1,-1,-1,-1
277,36,1840,746,95,118,1,-1,-1,-1
277,37,1337,643,128,144,1,-1,-1,-1
278,24,1337,612,99,99,1,-1,-1,-1
278,25,1001,684,124,144,1,-1,-1,-1
278,28,1326,671,128,113,1,-1,-1,-1
278,29,1278,496,104,124,1,-1,-1,-1
278,31,1560,647,124,136,1,-1,-1,-1
278,33,1461,530,112,132,1,-1,-1,-1
278,36,1842,746,95,118,1,-1,-1,-1
278,37,1335,641,128,144,1,-1,-1,-1
279,24,1334,612,99,99,1,-1,-1,-1
279,25,991,684,130,151,1,-1,-1,-1
279,28,1328,675,122,107,1,-1,-1,-1
279,29,1277,495,104,124,1,-1,-1,-1
279,31,1560,647,124,136,1,-1,-1,-1
279,33,1456,531,112,132,1,-1,-1,-1
279,36,1840,744,100,124,1,-1,-1,-1
279,37,1335,642,122,137,1,-1,-1,-1
280,24,1332,612,99,99,1,-1,-1,-1
280,25,985,682,130,151,1,-1,-1,-1
280,28,1328,676,122,107,1,-1,-1,-1
280,29,1276,495,104,124,1,-1,-1,-1
280,31,1559,648,124,136,1,-1,-1,-1
280,33,1450,527,118,139,1,-1,-1,-1
280,36,1839,746,100,124,1,-1,-1,-1
280,37,1333,644,122,137,1,-1,-1,-1
281,24,1332,612,99,99,1,-1,-1,-1
281,25,972,688,140,148,1,-1,-1,-1
281,28,1328,676,122,107,1,-1,-1,-1
281,29,1272,496,96,128,1,-1,-1,-1
281,31,1560,648,140,160,1,-1,-1,-1
281,33,1444,540,112,120,1,-1,-1,-1
281,36,1836,744,136,140,1,-1,-1,-1
281,37,1333,644,122,137,1,-1,-1,-1
282,24,1321,614,99,99,1,-1,-1,-1
282,25,960,689,140,148,1,-1,-1,-1
282,28,1326,685,122,107,1,-1,-1,-1
282,29,1268,497,96,128,1,-1,-1,-1
282,31,1559,650,140,160,1,-1,-1,-1
282,33,1439,543,112,120,1,-1,-1,-1
282,36,1834,745,136,140,1,-1,-1,-1
282,37,1325,645,122,137,1,-1,-1,-1
283,24,1319,614,99,99,1,-1,-1,-1
283,25,951,687,140,148,1,-1,-1,-1
283,28,1326,685,122,107,1,-1,-1,-1
283,29,1267,498,96,128,1,-1,-1,-1
283,31,1559,649,140,160,1,-1,-1,-1
283,33,1437,543,112,120,1,-1,-1,-1
283,36,1834,745,136,140,1,-1,-1,-1
283,37,1324,645,122,137,1,-1,-1,-1
284,24,1312,616,99,99,1,-1,-1,-1
284,25,939,690,140,148,1,-1,-1,-1
284,28,1326,683,122,107,1,-1,-1,-1
284,29,1265,497,96,128,1,-1,-1,-1
284,31,1554,644,147,168,1,-1,-1,-1
284,33,1432,540,112,120,1,-1,-1,-1
284,36,1836,743,136,140,1,-1,-1,-1
284,37,1321,645,128,144,1,-1,-1,-1
285,24,1314,618,99,99,1,-1,-1,-1
285,25,931,692,140,148,1,-1,-1,-1
285,28,1329,681,122,107,1,-1,-1,-1
285,29,1266,493,96,128,1,-1,-1,-1
285,31,1560,645,147,168,1,-1,-1,-1
285,33,1433,537,112,120,1,-1,-1,-1
285,36,1840,742,136,140,1,-1,-1,-1
285,37,1325,645,128,144,1,-1,-1,-1
286,24,1314,617,99,99,1,-1,-1,-1
286,25,928,694,140,148,1,-1,-1,-1
286,28,1327,676,128,113,1,-1,-1,-1
286,29,1267,491,96,128,1,-1,-1,-1
286,31,1558,638,154,176,1,-1,-1,-1
286,33,1434,535,112,120,1,-1,-1,-1
286,36,1843,741,136,140,1,-1,-1,-1
286,37,1333,648,122,137,1,-1,-1,-1
287,24,1314,619,99,99,1,-1,-1,-1
287,25,922,694,147,155,1,-1,-1,-1
287,28,1337,678,128,113,1,-1,-1,-1
287,29,1271,487,96,128,1,-1,-1,-1
287,31,1564,637,147,168,1,-1,-1,-1
287,33,1438,531,112,120,1,-1,-1,-1
287,36,1852,741,136,140,1,-1,-1,-1
287,37,1341,651,122,137,1,-1,-1,-1
288,24,1316,616,104,104,1,-1,-1,-1
288,25,914,697,147,155,1,-1,-1,-1
288,28,1337,666,128,113,1,-1,-1,-1
288,29,1275,478,101,134,1,-1,-1,-1
288,31,1568,631,147,168,1,-1,-1,-1
288,33,1440,522,112,120,1,-1,-1,-1
288,36,1860,738,136,140,1,-1,-1,-1
288,37,1343,642,122,137,1,-1,-1,-1
289,24,1316,616,104,104,1,-1,-1,-1
289,25,914,697,147,155,1,-1,-1,-1
289,28,1337,666,128,113,1,-1,-1,-1
289,29,1275,478,101,134,1,-1,-1,-1
289,31,1568,631,147,168,1,-1,-1,-1
289,33,1436,508,136,156,1,-1,-1,-1
289,36,1864,724,112,136,1,-1,-1,-1
289,37,1343,642,122,137,1,-1,-1,-1
290,24,1326,612,104,104,1,-1,-1,-1
290,25,909,706,147,155,1,-1,-1,-1
290,28,1348,660,128,113,1,-1,-1,-1
290,29,1281,471,101,134,1,-1,-1,-1
290,31,1574,626,147,168,1,-1,-1,-1
290,33,1439,505,136,156,1,-1,-1,-1
290,36,1869,725,112,136,1,-1,-1,-1
290,37,1355,635,122,137,1,-1,-1,-1
291,24,1330,609,104,104,1,-1,-1,-1
291,25,906,710,140,148,1,-1,-1,-1
291,28,1351,657,128,113,1,-1,-1,-1
291,29,1284,469,101,134,1,-1,-1,-1
291,31,1576,624,147,168,1,-1,-1,-1
291,33,1443,502,136,156,1,-1,-1,-1
291,36,1875,726,112,136,1,-1,-1,-1
291,37,1356,632,122,137,1,-1,-1,-1
292,24,1332,606,104,104,1,-1,-1,-1
292,25,907,712,140,148,1,-1,-1,-1
292,28,1355,657,128,113,1,-1,-1,-1
292,29,1289,468,101,134,1,-1,-1,-1
292,31,1581,627,140,160,1,-1,-1,-1
292,33,1446,499,136,156,1,-1,-1,-1
292,36,1877,725,112,136,1,-1,-1,-1
292,37,1354,628,128,144,1,-1,-1,-1
293,24,1338,606,104,104,1,-1,-1,-1
293,25,914,715,133,141,1,-1,-1,-1
293,28,1361,658,128,113,1,-1,-1,-1
293,29,1292,464,106,141,1,-1,-1,-1
293,31,1587,626,140,160,1,-1,-1,-1
293,33,1450,498,136,156,1,-1,-1,-1
293,36,1882,724,112,136,1,-1,-1,-1
293,37,1360,629,128,144,1,-1,-1,-1
294,24,1339,601,104,104,1,-1,-1,-1
294,25,915,715,133,141,1,-1,-1,-1
294,28,1362,657,135,118,1,-1,-1,-1
294,29,1294,465,106,141,1,-1,-1,-1
294,31,1590,627,140,160,1,-1,-1,-1
294,33,1450,496,143,164,1,-1,-1,-1
294,36,1888,726,112,136,1,-1,-1,-1
294,37,1366,632,128,144,1,-1,-1,-1
295,24,1341,600,104,104,1,-1,-1,-1
295,25,916,714,127,134,1,-1,-1,-1
295,28,1364,658,135,118,1,-1,-1,-1
295,29,1297,465,106,141,1,-1,-1,-1
295,31,1592,629,140,160,1,-1,-1,-1
295,33,1452,498,143,164,1,-1,-1,-1
295,36,1888,724,118,143,1,-1,-1,-1
295,37,1369,631,128,144,1,-1,-1,-1
296,24,1344,599,104,104,1,-1,-1,-1
296,25,897,706,133,141,1,-1,-1,-1
296,28,1372,664,135,118,1,-1,-1,-1
296,29,1298,465,106,141,1,-1,-1,-1
296,31,1599,631,140,160,1,-1,-1,-1
296,33,1454,499,143,164,1,-1,-1,-1
296,36,1894,726,112,136,1,-1,-1,-1
296,37,1385,641,128,144,1,-1,-1,-1
297,24,1344,599,104,104,1,-1,-1,-1
297,25,897,706,133,141,1,-1,-1,-1
297,28,1372,664,135,118,1,-1,-1,-1
297,29,1284,472,156,156,1,-1,-1,-1
297,31,1588,620,176,188,1,-1,-1,-1
297,33,1464,496,136,168,1,-1,-1,-1
297,36,1896,728,152,164,1,-1,-1,-1
297,37,1396,644,128,152,1,-1,-1,-1
298,24,1347,596,104,104,1,-1,-1,-1
298,25,891,703,140,148,1,-1,-1,-1
298,28,1379,663,135,118,1,-1,-1,-1
298,29,1285,472,156,156,1,-1,-1,-1
298,31,1593,621,176,188,1,-1,-1,-1
298,33,1467,496,136,168,1,-1,-1,-1
298,36,1905,731,145,156,1,-1,-1,-1
298,37,1400,646,128,152,1,-1,-1,-1
299,24,1350,598,104,104,1,-1,-1,-1
299,28,1388,665,135,118,1,-1,-1,-1
299,29,1288,469,156,156,1,-1,-1,-1
299,31,1599,620,176,188,1,-1,-1,-1
299,33,1471,494,136,168,1,-1,-1,-1
299,36,1909,729,145,156,1,-1,-1,-1
299,37,1407,646,128,152,1,-1,-1,-1
300,24,1353,599,104,104,1,-1,-1,-1
300,28,1398,664,135,118,1,-1,-1,-1
300,29,1289,466,156,156,1,-1,-1,-1
300,31,1607,624,168,179,1,-1,-1,-1
300,33,1473,491,136,168,1,-1,-1,-1
300,36,1914,725,145,156,1,-1,-1,-1
300,37,1413,639,128,152,1,-1,-1,-1
301,24,1354,598,104,104,1,-1,-1,-1
301,28,1397,658,142,124,1,-1,-1,-1
301,29,1285,461,164,164,1,-1,-1,-1
301,31,1608,621,168,179,1,-1,-1,-1
301,33,1475,489,136,168,1,-1,-1,-1
301,36,1917,723,145,156,1,-1,-1,-1
301,37,1414,638,128,152,1,-1,-1,-1
302,24,1357,596,104,104,1,-1,-1,-1
302,28,1396,654,142,124,1,-1,-1,-1
302,29,1284,456,164,164,1,-1,-1,-1
302,31,1611,617,168,179,1,-1,-1,-1
302,33,1479,482,136,168,1,-1,-1,-1
302,36,1923,723,145,156,1,-1,-1,-1
302,37,1417,635,128,152,1,-1,-1,-1
303,24,1361,594,104,104,1,-1,-1,-1
303,28,1394,646,149,131,1,-1,-1,-1
303,29,1285,449,164,164,1,-1,-1,-1
303,31,1614,611,168,179,1,-1,-1,-1
303,33,1481,474,136,168,1,-1,-1,-1
303,36,1927,720,145,156,1,-1,-1,-1
303,37,1419,630,128,152,1,-1,-1,-1
304,24,1363,592,104,104,1,-1,-1,-1
304,28,1393,644,149,131,1,-1,-1,-1
304,29,1282,447,164,164,1,-1,-1,-1
304,31,1615,611,168,179,1,-1,-1,-1
304,33,1481,473,136,168,1,-1,-1,-1
304,36,1930,723,145,156,1,-1,-1,-1
304,37,1420,630,128,152,1,-1,-1,-1
305,24,1363,592,104,104,1,-1,-1,-1
305,28,1393,644,149,131,1,-1,-1,-1
305,29,1282,447,164,164,1,-1,-1,-1
305,31,1615,611,168,179,1,-1,-1,-1
305,33,1481,473,136,168,1,-1,-1,-1
305,36,1930,723,145,156,1,-1,-1,-1
305,37,1420,630,128,152,1,-1,-1,-1
306,24,1366,583,104,104,1,-1,-1,-1
306,28,1396,644,149,131,1,-1,-1,-1
306,29,1277,440,172,172,1,-1,-1,-1
306,31,1621,613,168,179,1,-1,-1,-1
306,33,1480,469,143,176,1,-1,-1,-1
306,36,1930,719,145,156,1,-1,-1,-1
306,37,1421,631,128,152,1,-1,-1,-1
307,24,1367,582,104,104,1,-1,-1,-1
307,28,1396,645,149,131,1,-1,-1,-1
307,29,1274,440,172,172,1,-1,-1,-1
307,31,1620,615,168,179,1,-1,-1,-1
307,33,1478,470,143,176,1,-1,-1,-1
307,36,1928,718,152,164,1,-1,-1,-1
307,37,1416,630,134,160,1,-1,-1,-1
308,24,1362,581,104,104,1,-1,-1,-1
308,28,1393,650,149,131,1,-1,-1,-1
308,29,1264,443,172,172,1,-1,-1,-1
308,31,1616,619,168,179,1,-1,-1,-1
308,33,1470,470,150,185,1,-1,-1,-1
308,36,1928,722,152,164,1,-1,-1,-1
308,37,1413,633,134,160,1,-1,-1,-1
309,24,1357,579,109,109,1,-1,-1,-1
309,28,1390,655,149,131,1,-1,-1,-1
309,29,1255,447,172,172,1,-1,-1,-1
309,31,1610,618,176,188,1,-1,-1,-1
309,33,1461,473,150,185,1,-1,-1,-1
309,36,1918,721,152,164,1,-1,-1,-1
309,37,1413,638,134,160,1,-1,-1,-1
310,24,1352,577,115,115,1,-1,-1,-1
310,28,1390,658,149,131,1,-1,-1,-1
310,29,1248,449,172,172,1,-1,-1,-1
310,31,1600,617,185,197,1,-1,-1,-1
310,33,1455,475,150,185,1,-1,-1,-1
310,36,1913,721,152,164,1,-1,-1,-1
310,37,1410,641,134,160,1,-1,-1,-1
311,24,1339,578,115,115,1,-1,-1,-1
311,28,1378,661,149,131,1,-1,-1,-1
311,29,1234,452,172,172,1,-1,-1,-1
311,31,1591,621,185,197,1,-1,-1,-1
311,33,1448,480,150,185,1,-1,-1,-1
311,36,1897,722,152,164,1,-1,-1,-1
311,37,1402,646,134,160,1,-1,-1,-1
312,24,1326,583,115,115,1,-1,-1,-1
312,28,1373,667,149,131,1,-1,-1,-1
312,29,1224,456,172,172,1,-1,-1,-1
312,31,1578,619,194,207,1,-1,-1,-1
312,33,1436,482,150,185,1,-1,-1,-1
312,36,1886,722,152,164,1,-1,-1,-1
312,37,1398,650,134,160,1,-1,-1,-1
313,24,1326,583,115,115,1,-1,-1,-1
313,28,1373,667,149,131,1,-1,-1,-1
313,29,1212,444,168,192,1,-1,-1,-1
313,31,1568,604,196,220,1,-1,-1,-1
313,33,1436,482,150,185,1,-1,-1,-1
313,36,1876,724,148,164,1,-1,-1,-1
313,37,1398,650,134,160,1,-1,-1,-1
313,38,800,660,140,212,1,-1,-1,-1
314,24,1313,588,115,115,1,-1,-1,-1
314,28,1370,668,149,131,1,-1,-1,-1
314,29,1206,448,168,192,1,-1,-1,-1
314,31,1562,607,196,220,1,-1,-1,-1
314,33,1418,483,150,185,1,-1,-1,-1
314,36,1864,722,148,164,1,-1,-1,-1
314,37,1390,650,134,160,1,-1,-1,-1
314,38,798,665,140,212,1,-1,-1,-1
315,24,1306,589,115,115,1,-1,-1,-1
315,28,1364,667,149,131,1,-1,-1,-1
315,29,1194,449,168,192,1,-1,-1,-1
315,31,1555,607,196,220,1,-1,-1,-1
315,33,1408,485,150,185,1,-1,-1,-1
315,36,1851,720,148,164,1,-1,-1,-1
315,37,1385,648,134,160,1,-1,-1,-1
315,38,800,674,133,202,1,-1,-1,-1
316,24,1300,591,115,115,1,-1,-1,-1
316,28,1355,662,149,131,1,-1,-1,-1
316,29,1189,449,168,192,1,-1,-1,-1
316,31,1546,607,187,210,1,-1,-1,-1
316,33,1403,487,150,185,1,-1,-1,-1
316,36,1844,723,141,156,1,-1,-1,-1
316,37,1376,643,141,168,1,-1,-1,-1
316,38,797,676,133,202,1,-1,-1,-1
317,24,1289,588,115,115,1,-1,-1,-1
317,28,1343,657,149,131,1,-1,-1,-1
317,29,1173,446,168,192,1,-1,-1,-1
317,31,1529,601,187,210,1,-1,-1,-1
317,33,1388,484,150,185,1,-1,-1,-1
317,36,1823,722,141,156,1,-1,-1,-1
317,37,1362,640,141,168,1,-1,-1,-1
317,38,790,674,133,202,1,-1,-1,-1
318,24,1279,585,115,115,1,-1,-1,-1
318,28,1332,654,149,131,1,-1,-1,-1
318,29,1161,443,168,192,1,-1,-1,-1
318,31,1515,596,187,210,1,-1,-1,-1
318,33,1374,483,150,185,1,-1,-1,-1
318,36,1814,732,134,149,1,-1,-1,-1
318,37,1350,633,141,168,1,-1,-1,-1
318,38,786,668,133,202,1,-1,-1,-1
319,24,1274,583,115,115,1,-1,-1,-1
319,28,1327,654,149,131,1,-1,-1,-1
319,29,1156,443,168,192,1,-1,-1,-1
319,31,1513,600,178,200,1,-1,-1,-1
319,33,1366,482,150,185,1,-1,-1,-1
319,36,1809,732,134,149,1,-1,-1,-1
319,37,1345,631,141,168,1,-1,-1,-1
319,38,783,666,133,202,1,-1,-1,-1
320,24,1265,580,115,115,1,-1,-1,-1
320,28,1317,658,149,131,1,-1,-1,-1
320,29,1145,446,168,192,1,-1,-1,-1
320,31,1500,606,178,200,1,-1,-1,-1
320,33,1351,487,150,185,1,-1,-1,-1
320,36,1799,743,134,149,1,-1,-1,-1
320,37,1333,634,141,168,1,-1,-1,-1
320,38,781,662,133,202,1,-1,-1,-1
321,24,1265,580,115,115,1,-1,-1,-1
321,28,1317,658,149,131,1,-1,-1,-1
321,29,1145,446,168,192,1,-1,-1,-1
321,31,1496,620,156,216,1,-1,-1,-1
321,33,1351,487,150,185,1,-1,-1,-1
321,36,1780,712,144,204,1,-1,-1,-1
321,37,1333,634,141,168,1,-1,-1,-1
321,38,788,664,128,224,1,-1,-1,-1
322,24,1249,584,115,115,1,-1,-1,-1
322,28,1304,664,149,131,1,-1,-1,-1
322,29,1126,455,168,192,1,-1,-1,-1
322,31,1492,622,156,216,1,-1,-1,-1
322,33,1333,499,150,185,1,-1,-1,-1
322,36,1776,712,144,204,1,-1,-1,-1
322,37,1323,642,141,168,1,-1,-1,-1
322,38,788,664,128,224,1,-1,-1,-1
323,24,1237,584,115,115,1,-1,-1,-1
323,28,1294,667,149,131,1,-1,-1,-1
323,29,1111,460,168,192,1,-1,-1,-1
323,31,1481,626,156,216,1,-1,-1,-1
323,33,1318,501,150,185,1,-1,-1,-1
323,36,1760,709,144,204,1,-1,-1,-1
323,37,1310,644,141,168,1,-1,-1,-1
323,38,784,658,134,235,1,-1,-1,-1
324,24,1222,587,115,115,1,-1,-1,-1
324,28,1282,670,149,131,1,-1,-1,-1
324,29,1096,467,168,192,1,-1,-1,-1
324,31,1466,627,156,216,1,-1,-1,-1
324,33,1301,508,150,185,1,-1,-1,-1
324,36,1747,713,137,194,1,-1,-1,-1
324,37,1302,649,141,168,1,-1,-1,-1
324,38,782,659,134,235,1,-1,-1,-1
325,24,1213,587,115,115,1,-1,-1,-1
325,28,1279,673,149,131,1,-1,-1,-1
325,29,1089,468,168,192,1,-1,-1,-1
325,31,1459,628,156,216,1,-1,-1,-1
325,33,1296,508,150,185,1,-1,-1,-1
325,36,1746,719,131,185,1,-1,-1,-1
325,37,1299,650,141,168,1,-1,-1,-1
325,38,781,659,134,235,1,-1,-1,-1
326,24,1201,593,115,115,1,-1,-1,-1
326,28,1272,672,149,131,1,-1,-1,-1
326,29,1073,467,168,192,1,-1,-1,-1
326,31,1446,625,156,216,1,-1,-1,-1
326,33,1282,511,150,185,1,-1,-1,-1
326,36,1727,716,131,185,1,-1,-1,-1
326,37,1289,645,141,168,1,-1,-1,-1
326,38,773,650,141,247,1,-1,-1,-1
327,24,1189,596,115,115,1,-1,-1,-1
327,28,1256,665,149,131,1,-1,-1,-1
327,29,1064,474,160,183,1,-1,-1,-1
327,31,1438,631,156,216,1,-1,-1,-1
327,33,1265,512,150,185,1,-1,-1,-1
327,36,1708,714,131,185,1,-1,-1,-1
327,37,1277,643,141,168,1,-1,-1,-1
327,38,768,650,141,247,1,-1,-1,-1
328,24,1183,597,115,115,1,-1,-1,-1
328,28,1251,664,149,131,1,-1,-1,-1
328,29,1063,476,160,183,1,-1,-1,-1
328,31,1430,629,156,216,1,-1,-1,-1
328,33,1258,513,150,185,1,-1,-1,-1
328,36,1699,715,131,185,1,-1,-1,-1
328,37,1272,644,141,168,1,-1,-1,-1
328,38,765,650,141,247,1,-1,-1,-1
329,24,1183,597,115,115,1,-1,-1,-1
329,28,1251,664,149,131,1,-1,-1,-1
329,29,1063,476,160,183,1,-1,-1,-1
329,31,1430,629,156,216,1,-1,-1,-1
329,33,1258,513,150,185,1,-1,-1,-1
329,36,1699,715,131,185,1,-1,-1,-1
329,37,1272,644,141,168,1,-1,-1,-1
329,38,765,650,141,247,1,-1,-1,-1
