1,0,1628,412,280,232,1,-1,-1,-1
1,1,1000,588,264,224,1,-1,-1,-1
2,0,1628,413,280,232,1,-1,-1,-1
2,1,999,588,264,224,1,-1,-1,-1
3,0,1637,418,267,221,1,-1,-1,-1
3,1,1001,590,264,224,1,-1,-1,-1
4,0,1638,417,267,221,1,-1,-1,-1
4,1,1003,589,264,224,1,-1,-1,-1
5,0,1638,417,267,221,1,-1,-1,-1
5,1,1003,589,264,224,1,-1,-1,-1
6,0,1638,417,267,221,1,-1,-1,-1
6,1,1004,590,264,224,1,-1,-1,-1
7,0,1638,418,267,221,1,-1,-1,-1
7,1,1005,590,264,224,1,-1,-1,-1
8,0,1638,417,267,221,1,-1,-1,-1
8,1,1005,590,264,224,1,-1,-1,-1
9,0,1644,396,260,248,1,-1,-1,-1
9,1,1008,592,260,228,1,-1,-1,-1
9,2,1104,628,248,244,1,-1,-1,-1
9,3,1792,444,188,236,1,-1,-1,-1
9,4,2408,304,152,296,1,-1,-1,-1
10,0,1644,396,260,248,1,-1,-1,-1
10,1,1008,592,260,228,1,-1,-1,-1
10,2,1104,628,248,244,1,-1,-1,-1
10,3,1792,444,188,236,1,-1,-1,-1
10,4,2408,304,152,296,1,-1,-1,-1
11,0,1644,398,260,248,1,-1,-1,-1
11,1,1009,592,260,228,1,-1,-1,-1
11,2,1104,629,248,244,1,-1,-1,-1
11,3,1792,445,188,236,1,-1,-1,-1
11,4,2401,306,152,296,1,-1,-1,-1
12,0,1643,397,260,248,1,-1,-1,-1
12,1,1008,591,260,228,1,-1,-1,-1
12,2,1101,628,248,244,1,-1,-1,-1
12,3,1791,444,188,236,1,-1,-1,-1
12,4,2389,304,152,296,1,-1,-1,-1
13,0,1642,398,260,248,1,-1,-1,-1
13,1,1012,598,248,217,1,-1,-1,-1
13,2,1098,628,248,244,1,-1,-1,-1
13,3,1788,445,188,236,1,-1,-1,-1
13,4,2380,305,152,296,1,-1,-1,-1
14,0,1646,403,248,236,1,-1,-1,-1
14,1,1003,591,260,228,1,-1,-1,-1
14,2,1096,627,248,244,1,-1,-1,-1
14,3,1786,446,188,236,1,-1,-1,-1
14,4,2366,311,152,296,1,-1,-1,-1
15,0,1645,403,248,236,1,-1,-1,-1
15,1,1003,591,260,228,1,-1,-1,-1
15,2,1095,627,248,244,1,-1,-1,-1
15,3,1784,445,188,236,1,-1,-1,-1
15,4,2363,312,152,296,1,-1,-1,-1
16,0,1644,402,248,236,1,-1,-1,-1
16,1,1004,590,260,228,1,-1,-1,-1
16,2,1095,627,248,244,1,-1,-1,-1
16,3,1784,445,188,236,1,-1,-1,-1
16,4,2350,314,152,296,1,-1,-1,-1
17,0,1652,392,228,248,1,-1,-1,-1
17,1,1000,596,260,220,1,-1,-1,-1
17,2,1096,624,244,244,1,-1,-1,-1
17,3,1780,444,188,260,1,-1,-1,-1
17,4,2332,368,228,240,1,-1,-1,-1
17,5,2040,324,212,224,1,-1,-1,-1
18,0,1651,393,228,248,1,-1,-1,-1
18,1,999,596,260,220,1,-1,-1,-1
18,2,1095,624,244,244,1,-1,-1,-1
18,3,1779,444,188,260,1,-1,-1,-1
18,4,2321,368,228,240,1,-1,-1,-1
18,5,2040,321,212,224,1,-1,-1,-1
19,0,1649,393,228,248,1,-1,-1,-1
19,1,998,596,260,220,1,-1,-1,-1
19,2,1092,624,244,244,1,-1,-1,-1
19,3,1779,445,188,260,1,-1,-1,-1
19,4,2307,370,228,240,1,-1,-1,-1
19,5,2043,318,212,224,1,-1,-1,-1
20,0,1649,392,228,248,1,-1,-1,-1
20,1,998,595,260,220,1,-1,-1,-1
20,2,1094,624,244,244,1,-1,-1,-1
20,3,1778,445,188,260,1,-1,-1,-1
20,4,2305,371,228,240,1,-1,-1,-1
20,5,2042,317,212,224,1,-1,-1,-1
21,0,1647,391,228,248,1,-1,-1,-1
21,1,996,595,260,220,1,-1,-1,-1
21,2,1091,624,244,244,1,-1,-1,-1
21,3,1775,445,188,260,1,-1,-1,-1
21,4,2299,369,228,240,1,-1,-1,-1
21,5,2037,310,223,235,1,-1,-1,-1
22,0,1644,392,228,248,1,-1,-1,-1
22,1,995,594,260,220,1,-1,-1,-1
22,2,1089,624,244,244,1,-1,-1,-1
22,3,1778,451,179,248,1,-1,-1,-1
22,4,2292,369,228,240,1,-1,-1,-1
22,5,2038,309,223,235,1,-1,-1,-1
23,0,1642,392,228,248,1,-1,-1,-1
23,1,993,592,260,220,1,-1,-1,-1
23,2,1087,623,244,244,1,-1,-1,-1
23,3,1774,450,179,248,1,-1,-1,-1
23,4,2286,368,228,240,1,-1,-1,-1
23,5,2038,308,223,235,1,-1,-1,-1
24,0,1640,392,228,248,1,-1,-1,-1
24,1,989,593,260,220,1,-1,-1,-1
24,2,1085,623,244,244,1,-1,-1,-1
24,3,1771,450,179,248,1,-1,-1,-1
24,4,2281,373,228,240,1,-1,-1,-1
24,5,2036,308,223,235,1,-1,-1,-1
25,0,1640,392,228,248,1,-1,-1,-1
25,1,989,593,260,220,1,-1,-1,-1
25,2,1085,623,244,244,1,-1,-1,-1
25,3,1771,450,179,248,1,-1,-1,-1
25,4,2281,373,228,240,1,-1,-1,-1
25,5,2036,308,223,235,1,-1,-1,-1
26,0,1637,392,228,248,1,-1,-1,-1
26,1,984,592,260,220,1,-1,-1,-1
26,2,1083,622,244,244,1,-1,-1,-1
26,3,1766,451,179,248,1,-1,-1,-1
26,4,2256,368,239,252,1,-1,-1,-1
26,5,2008,316,223,235,1,-1,-1,-1
27,0,1633,392,228,248,1,-1,-1,-1
27,1,983,592,260,220,1,-1,-1,-1
27,2,1079,622,244,244,1,-1,-1,-1
27,3,1765,449,179,248,1,-1,-1,-1
27,4,2231,372,239,252,1,-1,-1,-1
27,5,1988,318,223,235,1,-1,-1,-1
28,0,1631,392,228,248,1,-1,-1,-1
28,1,981,590,260,220,1,-1,-1,-1
28,2,1077,621,244,244,1,-1,-1,-1
28,3,1762,448,179,248,1,-1,-1,-1
28,4,2200,376,239,252,1,-1,-1,-1
28,5,1988,318,223,235,1,-1,-1,-1
29,0,1627,391,228,248,1,-1,-1,-1
29,1,980,587,260,220,1,-1,-1,-1
29,2,1076,616,244,244,1,-1,-1,-1
29,3,1761,449,179,248,1,-1,-1,-1
29,4,2185,382,228,240,1,-1,-1,-1
29,5,1985,321,223,235,1,-1,-1,-1
30,0,1627,391,228,248,1,-1,-1,-1
30,1,980,586,260,220,1,-1,-1,-1
30,2,1075,617,244,244,1,-1,-1,-1
30,3,1761,448,179,248,1,-1,-1,-1
30,4,2189,386,217,229,1,-1,-1,-1
30,5,1982,322,223,235,1,-1,-1,-1
31,0,1627,389,228,248,1,-1,-1,-1
31,1,978,582,260,220,1,-1,-1,-1
31,2,1076,614,244,244,1,-1,-1,-1
31,3,1763,448,179,248,1,-1,-1,-1
31,4,2172,382,217,229,1,-1,-1,-1
31,5,1981,323,223,235,1,-1,-1,-1
32,0,1629,384,228,248,1,-1,-1,-1
32,1,977,577,260,220,1,-1,-1,-1
32,2,1075,608,244,244,1,-1,-1,-1
32,3,1766,441,179,248,1,-1,-1,-1
32,4,2155,381,217,229,1,-1,-1,-1
32,5,1974,315,223,235,1,-1,-1,-1
33,0,1636,400,224,220,1,-1,-1,-1
33,1,977,577,260,220,1,-1,-1,-1
33,2,1075,608,244,244,1,-1,-1,-1
33,3,1766,441,179,248,1,-1,-1,-1
33,4,2155,381,217,229,1,-1,-1,-1
33,5,1974,315,223,235,1,-1,-1,-1
34,0,1635,396,224,220,1,-1,-1,-1
34,1,978,565,260,220,1,-1,-1,-1
34,2,1078,594,244,244,1,-1,-1,-1
34,3,1776,439,171,236,1,-1,-1,-1
34,4,2161,372,217,229,1,-1,-1,-1
34,5,1964,299,234,247,1,-1,-1,-1
35,0,1635,395,224,220,1,-1,-1,-1
35,1,980,564,260,220,1,-1,-1,-1
35,2,1078,594,244,244,1,-1,-1,-1
35,3,1776,436,171,236,1,-1,-1,-1
35,4,2156,370,217,229,1,-1,-1,-1
36,0,1631,390,224,220,1,-1,-1,-1
36,1,980,561,260,220,1,-1,-1,-1
36,2,1070,585,256,256,1,-1,-1,-1
36,3,1775,434,171,236,1,-1,-1,-1
36,4,2147,366,217,229,1,-1,-1,-1
37,0,1620,382,235,231,1,-1,-1,-1
37,1,979,556,260,220,1,-1,-1,-1
37,2,1077,587,244,244,1,-1,-1,-1
37,3,1775,433,171,236,1,-1,-1,-1
37,4,2134,360,217,229,1,-1,-1,-1
38,0,1610,379,235,231,1,-1,-1,-1
38,1,977,556,260,220,1,-1,-1,-1
38,2,1076,586,244,244,1,-1,-1,-1
38,3,1773,427,171,236,1,-1,-1,-1
38,4,2120,366,207,218,1,-1,-1,-1
39,0,1607,374,235,231,1,-1,-1,-1
39,1,975,554,260,220,1,-1,-1,-1
39,2,1070,583,244,244,1,-1,-1,-1
39,3,1768,406,171,236,1,-1,-1,-1
39,4,2094,370,207,218,1,-1,-1,-1
40,0,1610,379,224,220,1,-1,-1,-1
40,1,976,553,260,220,1,-1,-1,-1
40,2,1071,583,244,244,1,-1,-1,-1
40,3,1764,407,171,236,1,-1,-1,-1
40,4,2091,371,207,218,1,-1,-1,-1
41,0,1610,379,224,220,1,-1,-1,-1
41,1,976,553,260,220,1,-1,-1,-1
41,2,1071,583,244,244,1,-1,-1,-1
41,3,1764,407,171,236,1,-1,-1,-1
41,4,2091,371,207,218,1,-1,-1,-1
42,0,1597,366,224,220,1,-1,-1,-1
42,1,969,551,260,220,1,-1,-1,-1
42,2,1066,581,244,244,1,-1,-1,-1
42,3,1758,408,171,236,1,-1,-1,-1
42,4,2028,379,207,218,1,-1,-1,-1
43,0,1593,366,224,220,1,-1,-1,-1
43,1,968,549,260,220,1,-1,-1,-1
43,2,1064,580,244,244,1,-1,-1,-1
43,3,1756,409,162,225,1,-1,-1,-1
43,4,2005,378,207,218,1,-1,-1,-1
44,0,1586,368,224,220,1,-1,-1,-1
44,1,964,548,260,220,1,-1,-1,-1
44,2,1056,572,256,256,1,-1,-1,-1
44,3,1752,416,162,225,1,-1,-1,-1
44,4,1986,377,207,218,1,-1,-1,-1
45,0,1586,367,224,220,1,-1,-1,-1
45,1,965,549,260,220,1,-1,-1,-1
45,2,1055,572,256,256,1,-1,-1,-1
45,3,1743,418,171,236,1,-1,-1,-1
45,4,1985,376,207,218,1,-1,-1,-1
46,0,1584,370,224,220,1,-1,-1,-1
46,1,964,549,260,220,1,-1,-1,-1
46,2,1054,572,256,256,1,-1,-1,-1
46,4,1974,372,207,218,1,-1,-1,-1
47,0,1585,373,224,220,1,-1,-1,-1
47,1,963,549,260,220,1,-1,-1,-1
47,2,1059,579,244,244,1,-1,-1,-1
47,4,1969,372,207,218,1,-1,-1,-1
48,0,1601,369,235,231,1,-1,-1,-1
48,1,961,545,260,220,1,-1,-1,-1
48,2,1059,577,244,244,1,-1,-1,-1
48,4,1959,373,207,218,1,-1,-1,-1
49,0,1601,369,235,231,1,-1,-1,-1
49,1,961,545,260,220,1,-1,-1,-1
49,2,1059,577,244,244,1,-1,-1,-1
49,4,1959,373,207,218,1,-1,-1,-1
50,0,1583,367,235,231,1,-1,-1,-1
50,1,965,542,260,220,1,-1,-1,-1
50,2,1059,575,244,244,1,-1,-1,-1
50,4,1954,373,207,218,1,-1,-1,-1
51,0,1598,364,235,231,1,-1,-1,-1
51,1,966,536,260,220,1,-1,-1,-1
51,2,1061,571,244,244,1,-1,-1,-1
51,4,1950,377,207,218,1,-1,-1,-1
52,0,1623,357,235,231,1,-1,-1,-1
52,1,961,530,273,231,1,-1,-1,-1
52,2,1060,573,244,244,1,-1,-1,-1
52,4,1930,379,207,218,1,-1,-1,-1
53,0,1633,358,224,220,1,-1,-1,-1
53,1,961,530,273,231,1,-1,-1,-1
53,2,1054,559,256,256,1,-1,-1,-1
53,4,1906,380,207,218,1,-1,-1,-1
54,1,958,527,273,231,1,-1,-1,-1
54,2,1056,561,256,256,1,-1,-1,-1
54,4,1881,383,207,218,1,-1,-1,-1
55,1,962,531,260,220,1,-1,-1,-1
55,2,1049,555,269,269,1,-1,-1,-1
55,4,1874,379,217,229,1,-1,-1,-1
56,1,952,524,273,231,1,-1,-1,-1
56,2,1048,552,269,269,1,-1,-1,-1
56,4,1861,383,207,218,1,-1,-1,-1
57,1,952,524,273,231,1,-1,-1,-1
57,2,1048,552,269,269,1,-1,-1,-1
57,4,1861,383,207,218,1,-1,-1,-1
57,6,2216,176,236,204,1,-1,-1,-1
58,1,955,532,260,220,1,-1,-1,-1
58,2,1054,559,256,256,1,-1,-1,-1
58,4,1843,386,207,218,1,-1,-1,-1
58,6,2218,176,236,204,1,-1,-1,-1
59,1,951,528,273,231,1,-1,-1,-1
59,2,1055,557,256,256,1,-1,-1,-1
59,4,1838,384,207,218,1,-1,-1,-1
59,6,2220,175,236,204,1,-1,-1,-1
60,1,953,529,273,231,1,-1,-1,-1
60,2,1055,556,256,256,1,-1,-1,-1
60,4,1837,385,207,218,1,-1,-1,-1
60,6,2219,175,236,204,1,-1,-1,-1
61,2,1058,555,256,256,1,-1,-1,-1
61,4,1833,385,207,218,1,-1,-1,-1
61,6,2230,178,225,194,1,-1,-1,-1
62,2,1055,554,256,256,1,-1,-1,-1
62,4,1830,384,207,218,1,-1,-1,-1
62,6,2234,177,225,194,1,-1,-1,-1
63,2,1053,554,256,256,1,-1,-1,-1
63,4,1823,384,207,218,1,-1,-1,-1
63,6,2236,176,225,194,1,-1,-1,-1
64,2,1056,552,256,256,1,-1,-1,-1
64,4,1814,382,217,229,1,-1,-1,-1
64,6,2241,175,225,194,1,-1,-1,-1
65,2,1056,552,256,256,1,-1,-1,-1
65,4,1814,382,217,229,1,-1,-1,-1
65,6,2241,175,225,194,1,-1,-1,-1
65,7,1748,432,220,280,1,-1,-1,-1
66,2,1053,552,256,256,1,-1,-1,-1
66,4,1809,385,217,229,1,-1,-1,-1
66,6,2250,175,225,194,1,-1,-1,-1
66,7,1747,431,220,280,1,-1,-1,-1
67,2,1054,550,256,256,1,-1,-1,-1
67,4,1804,384,217,229,1,-1,-1,-1
67,6,2256,173,225,194,1,-1,-1,-1
67,7,1746,429,220,280,1,-1,-1,-1
68,2,1056,548,256,256,1,-1,-1,-1
68,4,1796,387,217,229,1,-1,-1,-1
68,6,2265,179,214,185,1,-1,-1,-1
68,7,1744,430,220,280,1,-1,-1,-1
69,2,1054,551,256,256,1,-1,-1,-1
69,4,1789,389,217,229,1,-1,-1,-1
69,6,2270,180,214,185,1,-1,-1,-1
69,7,1744,431,220,280,1,-1,-1,-1
70,2,1061,556,244,244,1,-1,-1,-1
70,4,1789,390,217,229,1,-1,-1,-1
70,6,2270,180,214,185,1,-1,-1,-1
70,7,1744,431,220,280,1,-1,-1,-1
71,2,1061,557,244,244,1,-1,-1,-1
71,4,1786,389,217,229,1,-1,-1,-1
71,6,2273,179,214,185,1,-1,-1,-1
71,7,1742,432,220,280,1,-1,-1,-1
72,2,1055,549,256,256,1,-1,-1,-1
72,4,1789,390,207,218,1,-1,-1,-1
72,6,2279,180,214,185,1,-1,-1,-1
72,7,1739,431,220,280,1,-1,-1,-1
73,2,1055,549,256,256,1,-1,-1,-1
73,4,1789,390,207,218,1,-1,-1,-1
73,6,2280,168,236,196,1,-1,-1,-1
73,7,1739,431,220,280,1,-1,-1,-1
74,2,1054,546,256,256,1,-1,-1,-1
74,4,1766,392,207,218,1,-1,-1,-1
74,6,2282,168,236,196,1,-1,-1,-1
74,7,1739,429,220,280,1,-1,-1,-1
75,2,1056,547,256,256,1,-1,-1,-1
75,4,1761,392,207,218,1,-1,-1,-1
75,6,2283,168,236,196,1,-1,-1,-1
75,7,1742,428,220,280,1,-1,-1,-1
76,2,1055,545,256,256,1,-1,-1,-1
76,4,1754,393,207,218,1,-1,-1,-1
76,6,2287,169,236,196,1,-1,-1,-1
76,7,1738,416,231,294,1,-1,-1,-1
77,2,1053,545,256,256,1,-1,-1,-1
77,4,1749,393,207,218,1,-1,-1,-1
77,6,2289,169,236,196,1,-1,-1,-1
77,7,1740,414,231,294,1,-1,-1,-1
78,2,1054,545,256,256,1,-1,-1,-1
78,6,2294,170,236,196,1,-1,-1,-1
78,7,1740,417,231,294,1,-1,-1,-1
79,2,1055,545,256,256,1,-1,-1,-1
79,6,2297,170,236,196,1,-1,-1,-1
79,7,1739,415,231,294,1,-1,-1,-1
80,2,1055,545,256,256,1,-1,-1,-1
80,6,2291,165,248,206,1,-1,-1,-1
80,7,1739,413,231,294,1,-1,-1,-1
81,2,1055,545,256,256,1,-1,-1,-1
81,6,2320,152,216,208,1,-1,-1,-1
81,7,1739,413,231,294,1,-1,-1,-1
81,8,1360,208,184,320,1,-1,-1,-1
81,9,1920,152,276,252,1,-1,-1,-1
81,10,1704,376,336,204,1,-1,-1,-1
82,2,1054,542,256,256,1,-1,-1,-1
82,6,2325,153,216,208,1,-1,-1,-1
82,7,1735,414,231,294,1,-1,-1,-1
82,8,1361,205,184,320,1,-1,-1,-1
82,9,1927,150,276,252,1,-1,-1,-1
82,10,1705,376,336,204,1,-1,-1,-1
83,2,1052,544,256,256,1,-1,-1,-1
83,6,2329,152,216,208,1,-1,-1,-1
83,7,1736,414,231,294,1,-1,-1,-1
83,8,1363,201,184,320,1,-1,-1,-1
83,9,1938,148,276,252,1,-1,-1,-1
83,10,1703,375,336,204,1,-1,-1,-1
84,2,1052,542,256,256,1,-1,-1,-1
84,6,2334,152,216,208,1,-1,-1,-1
84,7,1738,415,231,294,1,-1,-1,-1
84,8,1370,199,184,320,1,-1,-1,-1
84,9,1966,151,263,240,1,-1,-1,-1
84,10,1702,375,336,204,1,-1,-1,-1
85,2,1052,542,256,256,1,-1,-1,-1
85,6,2336,153,216,208,1,-1,-1,-1
85,7,1737,414,231,294,1,-1,-1,-1
85,8,1366,187,193,336,1,-1,-1,-1
85,9,1964,150,263,240,1,-1,-1,-1
85,10,1701,374,336,204,1,-1,-1,-1
86,2,1050,542,256,256,1,-1,-1,-1
86,6,2339,151,216,208,1,-1,-1,-1
86,7,1736,415,231,294,1,-1,-1,-1
86,8,1370,185,193,336,1,-1,-1,-1
86,9,1978,143,263,240,1,-1,-1,-1
86,10,1699,375,336,204,1,-1,-1,-1
87,2,1050,544,256,256,1,-1,-1,-1
87,6,2342,152,216,208,1,-1,-1,-1
87,7,1738,423,220,280,1,-1,-1,-1
87,8,1378,180,193,336,1,-1,-1,-1
87,9,1983,137,276,252,1,-1,-1,-1
87,10,1698,377,336,204,1,-1,-1,-1
88,2,1049,543,256,256,1,-1,-1,-1
88,6,2348,151,216,208,1,-1,-1,-1
88,7,1738,425,220,280,1,-1,-1,-1
88,8,1390,182,184,320,1,-1,-1,-1
88,9,2004,123,276,252,1,-1,-1,-1
88,10,1698,376,336,204,1,-1,-1,-1
89,2,1048,556,264,256,1,-1,-1,-1
89,6,2348,151,216,208,1,-1,-1,-1
89,7,1738,425,220,280,1,-1,-1,-1
89,8,1416,216,212,276,1,-1,-1,-1
89,9,2032,128,256,248,1,-1,-1,-1
89,10,1698,376,336,204,1,-1,-1,-1
90,2,1048,556,264,256,1,-1,-1,-1
90,6,2355,151,216,208,1,-1,-1,-1
90,7,1738,420,220,280,1,-1,-1,-1
90,8,1416,216,212,276,1,-1,-1,-1
90,9,2032,128,256,248,1,-1,-1,-1
90,10,1696,377,336,204,1,-1,-1,-1
91,2,1048,556,264,256,1,-1,-1,-1
91,6,2364,151,216,208,1,-1,-1,-1
91,7,1744,427,210,267,1,-1,-1,-1
91,8,1419,215,212,276,1,-1,-1,-1
91,9,2036,127,256,248,1,-1,-1,-1
91,10,1703,381,320,194,1,-1,-1,-1
92,2,1048,555,264,256,1,-1,-1,-1
92,6,2374,148,216,208,1,-1,-1,-1
92,7,1742,427,210,267,1,-1,-1,-1
92,8,1425,213,212,276,1,-1,-1,-1
92,9,2048,125,256,248,1,-1,-1,-1
92,10,1701,380,320,194,1,-1,-1,-1
93,2,1046,555,264,256,1,-1,-1,-1
93,6,2380,145,216,208,1,-1,-1,-1
93,7,1744,428,210,267,1,-1,-1,-1
93,8,1429,213,212,276,1,-1,-1,-1
93,9,2059,123,256,248,1,-1,-1,-1
93,10,1700,379,320,194,1,-1,-1,-1
94,2,1042,550,277,269,1,-1,-1,-1
94,6,2388,152,206,198,1,-1,-1,-1
94,7,1743,427,210,267,1,-1,-1,-1
94,8,1434,212,212,276,1,-1,-1,-1
94,9,2063,115,269,260,1,-1,-1,-1
94,10,1700,379,320,194,1,-1,-1,-1
95,2,1043,550,277,269,1,-1,-1,-1
95,6,2390,151,206,198,1,-1,-1,-1
95,7,1744,427,210,267,1,-1,-1,-1
95,8,1434,211,212,276,1,-1,-1,-1
95,9,2068,112,269,260,1,-1,-1,-1
95,10,1700,380,320,194,1,-1,-1,-1
96,2,1041,549,277,269,1,-1,-1,-1
96,6,2395,150,206,198,1,-1,-1,-1
96,7,1744,426,210,267,1,-1,-1,-1
96,8,1439,207,212,276,1,-1,-1,-1
96,9,2077,109,269,260,1,-1,-1,-1
96,10,1697,380,320,194,1,-1,-1,-1
97,2,1040,560,404,272,1,-1,-1,-1
97,6,2420,176,140,184,1,-1,-1,-1
97,7,1744,426,210,267,1,-1,-1,-1
97,8,1439,207,212,276,1,-1,-1,-1
97,9,2100,108,256,276,1,-1,-1,-1
97,10,1697,380,320,194,1,-1,-1,-1
98,2,1041,559,404,272,1,-1,-1,-1
98,6,2423,177,140,184,1,-1,-1,-1
98,7,1745,426,210,267,1,-1,-1,-1
98,8,1441,205,212,276,1,-1,-1,-1
98,9,2105,107,256,276,1,-1,-1,-1
98,10,1696,377,320,194,1,-1,-1,-1
99,2,1042,559,404,272,1,-1,-1,-1
99,6,2426,177,140,184,1,-1,-1,-1
99,7,1744,423,210,267,1,-1,-1,-1
99,8,1441,203,212,276,1,-1,-1,-1
99,9,2111,105,256,276,1,-1,-1,-1
99,10,1697,376,320,194,1,-1,-1,-1
100,2,1041,558,404,272,1,-1,-1,-1
100,6,2427,177,140,184,1,-1,-1,-1
100,7,1745,422,210,267,1,-1,-1,-1
100,8,1445,203,212,276,1,-1,-1,-1
100,9,2112,104,256,276,1,-1,-1,-1
100,10,1698,376,320,194,1,-1,-1,-1
101,2,1041,559,404,272,1,-1,-1,-1
101,6,2430,177,140,184,1,-1,-1,-1
101,7,1749,423,210,267,1,-1,-1,-1
101,8,1447,202,212,276,1,-1,-1,-1
101,9,2117,103,256,276,1,-1,-1,-1
101,10,1706,381,305,185,1,-1,-1,-1
102,2,1041,559,404,272,1,-1,-1,-1
102,6,2432,178,140,184,1,-1,-1,-1
102,7,1740,419,220,280,1,-1,-1,-1
102,8,1449,203,212,276,1,-1,-1,-1
102,9,2121,102,256,276,1,-1,-1,-1
102,10,1701,381,305,185,1,-1,-1,-1
103,2,1040,559,404,272,1,-1,-1,-1
103,6,2434,179,140,184,1,-1,-1,-1
103,7,1745,427,210,267,1,-1,-1,-1
103,8,1447,201,212,276,1,-1,-1,-1
103,9,2126,103,256,276,1,-1,-1,-1
103,10,1698,382,305,185,1,-1,-1,-1
104,2,1039,562,404,272,1,-1,-1,-1
104,6,2437,179,140,184,1,-1,-1,-1
104,7,1747,429,210,267,1,-1,-1,-1
104,8,1447,193,223,290,1,-1,-1,-1
104,9,2130,104,256,276,1,-1,-1,-1
104,10,1700,381,305,185,1,-1,-1,-1
105,2,1032,556,416,276,1,-1,-1,-1
105,6,2444,184,116,176,1,-1,-1,-1
105,7,1747,429,210,267,1,-1,-1,-1
105,8,1447,193,223,290,1,-1,-1,-1
105,9,2152,92,220,260,1,-1,-1,-1
105,10,1700,381,305,185,1,-1,-1,-1
106,2,1032,556,416,276,1,-1,-1,-1
106,6,2445,184,116,176,1,-1,-1,-1
106,7,1749,427,210,267,1,-1,-1,-1
106,8,1448,198,212,276,1,-1,-1,-1
106,9,2156,91,220,260,1,-1,-1,-1
106,10,1695,380,305,185,1,-1,-1,-1
107,2,1031,556,416,276,1,-1,-1,-1
107,6,2449,184,116,176,1,-1,-1,-1
107,7,1742,420,220,280,1,-1,-1,-1
107,8,1460,205,202,263,1,-1,-1,-1
107,9,2161,91,220,260,1,-1,-1,-1
107,10,1690,380,305,185,1,-1,-1,-1
108,2,1032,556,416,276,1,-1,-1,-1
108,6,2450,179,122,185,1,-1,-1,-1
108,7,1743,419,220,280,1,-1,-1,-1
108,8,1459,197,212,276,1,-1,-1,-1
108,9,2166,90,220,260,1,-1,-1,-1
108,10,1688,381,305,185,1,-1,-1,-1
109,2,1031,555,416,276,1,-1,-1,-1
109,6,2454,183,116,176,1,-1,-1,-1
109,7,1742,417,220,280,1,-1,-1,-1
109,8,1460,194,212,276,1,-1,-1,-1
109,9,2170,90,220,260,1,-1,-1,-1
109,10,1697,378,305,185,1,-1,-1,-1
110,2,1031,552,416,276,1,-1,-1,-1
110,6,2454,183,116,176,1,-1,-1,-1
110,7,1742,418,220,280,1,-1,-1,-1
110,9,2172,89,220,260,1,-1,-1,-1
110,10,1689,378,305,185,1,-1,-1,-1
111,2,1035,555,416,276,1,-1,-1,-1
111,6,2453,184,116,176,1,-1,-1,-1
111,7,1744,417,220,280,1,-1,-1,-1
111,9,2177,87,220,260,1,-1,-1,-1
111,10,1687,377,305,185,1,-1,-1,-1
112,2,1038,554,416,276,1,-1,-1,-1
112,6,2454,182,116,176,1,-1,-1,-1
112,7,1743,415,220,280,1,-1,-1,-1
112,9,2180,86,220,260,1,-1,-1,-1
112,10,1699,379,290,176,1,-1,-1,-1
113,2,1038,554,416,276,1,-1,-1,-1
113,6,2454,182,116,176,1,-1,-1,-1
113,7,1743,415,220,280,1,-1,-1,-1
113,9,2180,86,220,260,1,-1,-1,-1
113,10,1699,379,290,176,1,-1,-1,-1
114,2,1036,553,416,276,1,-1,-1,-1
114,6,2460,182,116,176,1,-1,-1,-1
114,7,1744,415,220,280,1,-1,-1,-1
114,9,2195,84,220,260,1,-1,-1,-1
114,10,1699,379,305,185,1,-1,-1,-1
115,2,1037,551,416,276,1,-1,-1,-1
115,6,2462,182,116,176,1,-1,-1,-1
115,7,1743,413,220,280,1,-1,-1,-1
115,9,2197,84,220,260,1,-1,-1,-1
116,2,1027,546,437,290,1,-1,-1,-1
116,6,2463,179,122,185,1,-1,-1,-1
116,7,1743,413,220,280,1,-1,-1,-1
116,9,2202,82,220,260,1,-1,-1,-1
117,2,1024,546,437,290,1,-1,-1,-1
117,6,2466,179,122,185,1,-1,-1,-1
117,7,1745,413,220,280,1,-1,-1,-1
117,9,2205,81,220,260,1,-1,-1,-1
118,2,1036,552,416,276,1,-1,-1,-1
118,6,2469,177,122,185,1,-1,-1,-1
118,7,1742,413,220,280,1,-1,-1,-1
118,9,2208,80,220,260,1,-1,-1,-1
119,2,1051,559,396,263,1,-1,-1,-1
119,6,2474,178,122,185,1,-1,-1,-1
119,7,1744,414,220,280,1,-1,-1,-1
119,9,2212,80,220,260,1,-1,-1,-1
120,2,1051,557,396,263,1,-1,-1,-1
120,6,2474,178,122,185,1,-1,-1,-1
120,7,1742,412,220,280,1,-1,-1,-1
120,9,2214,79,220,260,1,-1,-1,-1
121,2,1051,557,396,263,1,-1,-1,-1
121,6,2474,178,122,185,1,-1,-1,-1
121,7,1742,412,220,280,1,-1,-1,-1
121,9,2214,79,220,260,1,-1,-1,-1
122,2,1052,560,396,263,1,-1,-1,-1
122,6,2479,177,122,185,1,-1,-1,-1
122,7,1746,410,220,280,1,-1,-1,-1
122,9,2227,78,220,260,1,-1,-1,-1
123,2,1043,553,416,276,1,-1,-1,-1
123,6,2482,177,122,185,1,-1,-1,-1
123,7,1747,411,220,280,1,-1,-1,-1
123,9,2239,83,210,248,1,-1,-1,-1
124,2,1050,560,396,263,1,-1,-1,-1
124,6,2485,175,122,185,1,-1,-1,-1
124,7,1748,411,220,280,1,-1,-1,-1
124,9,2245,82,210,248,1,-1,-1,-1
125,2,1050,562,396,263,1,-1,-1,-1
125,6,2484,174,122,185,1,-1,-1,-1
125,7,1749,411,220,280,1,-1,-1,-1
125,9,2246,83,210,248,1,-1,-1,-1
126,2,1048,567,396,263,1,-1,-1,-1
126,6,2486,173,122,185,1,-1,-1,-1
126,7,1748,410,220,280,1,-1,-1,-1
126,9,2252,83,210,248,1,-1,-1,-1
127,2,1043,554,416,276,1,-1,-1,-1
127,6,2489,173,122,185,1,-1,-1,-1
127,7,1750,408,220,280,1,-1,-1,-1
127,9,2256,85,210,248,1,-1,-1,-1
128,2,1042,547,416,276,1,-1,-1,-1
128,6,2490,171,122,185,1,-1,-1,-1
128,7,1752,409,220,280,1,-1,-1,-1
128,9,2261,86,210,248,1,-1,-1,-1
129,2,1042,547,416,276,1,-1,-1,-1
129,6,2484,164,76,184,1,-1,-1,-1
129,7,1752,409,220,280,1,-1,-1,-1
129,9,2268,92,192,244,1,-1,-1,-1
129,11,1484,140,248,316,1,-1,-1,-1
129,12,1204,544,216,256,1,-1,-1,-1
130,2,1038,539,437,290,1,-1,-1,-1
130,6,2484,164,76,184,1,-1,-1,-1
130,7,1754,410,220,280,1,-1,-1,-1
130,9,2268,92,192,244,1,-1,-1,-1
130,11,1484,140,248,316,1,-1,-1,-1
130,12,1204,544,216,256,1,-1,-1,-1
131,2,1057,545,416,276,1,-1,-1,-1
131,6,2484,164,76,184,1,-1,-1,-1
131,7,1755,409,220,280,1,-1,-1,-1
131,9,2270,92,192,244,1,-1,-1,-1
131,11,1485,140,248,316,1,-1,-1,-1
131,12,1210,539,216,256,1,-1,-1,-1
132,2,1066,547,396,263,1,-1,-1,-1
132,6,2484,164,76,184,1,-1,-1,-1
132,7,1756,410,220,280,1,-1,-1,-1
132,9,2271,93,192,244,1,-1,-1,-1
132,11,1483,139,248,316,1,-1,-1,-1
132,12,1214,538,216,256,1,-1,-1,-1
133,2,1061,540,416,276,1,-1,-1,-1
133,6,2483,164,76,184,1,-1,-1,-1
133,7,1751,401,231,294,1,-1,-1,-1
133,9,2273,93,192,244,1,-1,-1,-1
133,11,1481,139,248,316,1,-1,-1,-1
133,12,1220,537,216,256,1,-1,-1,-1
134,2,1075,548,396,263,1,-1,-1,-1
134,6,2483,164,76,184,1,-1,-1,-1
134,7,1753,398,231,294,1,-1,-1,-1
134,9,2275,94,192,244,1,-1,-1,-1
134,11,1480,140,248,316,1,-1,-1,-1
134,12,1234,536,216,256,1,-1,-1,-1
135,2,1080,552,396,263,1,-1,-1,-1
135,6,2483,164,76,184,1,-1,-1,-1
135,7,1751,397,231,294,1,-1,-1,-1
135,9,2274,93,192,244,1,-1,-1,-1
135,11,1480,140,248,316,1,-1,-1,-1
135,12,1236,537,216,256,1,-1,-1,-1
136,6,2482,164,76,184,1,-1,-1,-1
136,7,1751,398,231,294,1,-1,-1,-1
136,9,2276,92,192,244,1,-1,-1,-1
136,11,1478,140,248,316,1,-1,-1,-1
136,12,1260,532,216,256,1,-1,-1,-1
137,6,2482,164,76,184,1,-1,-1,-1
137,7,1751,398,231,294,1,-1,-1,-1
137,9,2276,92,192,244,1,-1,-1,-1
137,11,1478,140,248,316,1,-1,-1,-1
137,12,1280,540,244,244,1,-1,-1,-1
138,6,2482,164,76,184,1,-1,-1,-1
138,7,1756,398,231,294,1,-1,-1,-1
138,9,2288,94,192,244,1,-1,-1,-1
138,11,1477,139,248,316,1,-1,-1,-1
138,12,1285,540,244,244,1,-1,-1,-1
139,6,2481,163,76,184,1,-1,-1,-1
139,7,1757,398,231,294,1,-1,-1,-1
139,9,2291,92,192,244,1,-1,-1,-1
139,11,1476,137,248,316,1,-1,-1,-1
139,12,1291,542,244,244,1,-1,-1,-1
140,6,2481,163,76,184,1,-1,-1,-1
140,7,1757,395,231,294,1,-1,-1,-1
140,9,2291,93,192,244,1,-1,-1,-1
140,11,1477,137,248,316,1,-1,-1,-1
140,12,1293,544,244,244,1,-1,-1,-1
141,6,2481,163,76,184,1,-1,-1,-1
141,7,1761,394,231,294,1,-1,-1,-1
141,9,2293,94,192,244,1,-1,-1,-1
141,11,1476,138,248,316,1,-1,-1,-1
141,12,1298,544,244,244,1,-1,-1,-1
142,6,2481,163,76,184,1,-1,-1,-1
142,7,1763,399,220,280,1,-1,-1,-1
142,9,2301,95,192,244,1,-1,-1,-1
142,11,1477,138,248,316,1,-1,-1,-1
142,12,1304,552,232,232,1,-1,-1,-1
143,6,2482,162,76,184,1,-1,-1,-1
143,7,1762,404,220,280,1,-1,-1,-1
143,9,2304,93,192,244,1,-1,-1,-1
143,11,1475,138,248,316,1,-1,-1,-1
143,12,1306,560,221,221,1,-1,-1,-1
144,6,2481,162,76,184,1,-1,-1,-1
144,7,1768,403,220,280,1,-1,-1,-1
144,9,2316,91,192,244,1,-1,-1,-1
144,11,1476,137,248,316,1,-1,-1,-1
144,12,1309,568,211,211,1,-1,-1,-1
145,6,2481,162,76,184,1,-1,-1,-1
145,7,1768,403,220,280,1,-1,-1,-1
145,9,2296,80,260,260,1,-1,-1,-1
145,11,1480,140,236,316,1,-1,-1,-1
145,12,1309,568,211,211,1,-1,-1,-1
145,13,1940,372,200,220,1,-1,-1,-1
146,6,2482,162,76,184,1,-1,-1,-1
146,7,1774,403,220,280,1,-1,-1,-1
146,9,2299,79,260,260,1,-1,-1,-1
146,11,1480,140,236,316,1,-1,-1,-1
146,12,1310,559,221,221,1,-1,-1,-1
146,13,1946,372,200,220,1,-1,-1,-1
147,6,2483,162,76,184,1,-1,-1,-1
147,9,2302,78,260,260,1,-1,-1,-1
147,11,1480,140,236,316,1,-1,-1,-1
147,12,1316,546,232,232,1,-1,-1,-1
147,13,1953,373,200,220,1,-1,-1,-1
148,6,2485,166,72,175,1,-1,-1,-1
148,9,2306,78,260,260,1,-1,-1,-1
148,11,1483,140,236,316,1,-1,-1,-1
148,12,1318,554,232,232,1,-1,-1,-1
148,13,1959,373,200,220,1,-1,-1,-1
149,6,2486,167,72,175,1,-1,-1,-1
149,9,2310,80,260,260,1,-1,-1,-1
149,11,1482,139,236,316,1,-1,-1,-1
149,12,1321,550,232,232,1,-1,-1,-1
149,13,1969,378,190,210,1,-1,-1,-1
150,6,2486,166,72,175,1,-1,-1,-1
150,9,2311,80,260,260,1,-1,-1,-1
150,11,1483,138,236,316,1,-1,-1,-1
150,12,1319,542,244,244,1,-1,-1,-1
150,13,1971,378,190,210,1,-1,-1,-1
151,6,2485,163,76,184,1,-1,-1,-1
151,9,2314,81,260,260,1,-1,-1,-1
151,11,1489,148,225,301,1,-1,-1,-1
151,12,1313,553,244,244,1,-1,-1,-1
151,13,1974,378,190,210,1,-1,-1,-1
152,6,2486,164,76,184,1,-1,-1,-1
152,9,2318,81,260,260,1,-1,-1,-1
152,11,1484,140,236,316,1,-1,-1,-1
152,12,1309,553,244,244,1,-1,-1,-1
152,13,1975,378,190,210,1,-1,-1,-1
153,6,2486,164,76,184,1,-1,-1,-1
153,9,2318,81,260,260,1,-1,-1,-1
153,11,1484,140,236,316,1,-1,-1,-1
153,12,1309,553,244,244,1,-1,-1,-1
153,13,1980,356,236,232,1,-1,-1,-1
153,14,1652,388,244,232,1,-1,-1,-1
153,15,1480,520,236,216,1,-1,-1,-1
154,6,2485,165,76,184,1,-1,-1,-1
154,9,2326,77,260,260,1,-1,-1,-1
154,11,1483,141,236,316,1,-1,-1,-1
154,12,1315,550,244,244,1,-1,-1,-1
154,13,1986,356,236,232,1,-1,-1,-1
154,14,1657,388,244,232,1,-1,-1,-1
154,15,1485,519,236,216,1,-1,-1,-1
155,6,2485,165,76,184,1,-1,-1,-1
155,9,2323,78,260,260,1,-1,-1,-1
155,11,1480,143,236,316,1,-1,-1,-1
155,13,1987,356,236,232,1,-1,-1,-1
155,14,1658,389,244,232,1,-1,-1,-1
155,15,1486,520,236,216,1,-1,-1,-1
156,6,2485,165,76,184,1,-1,-1,-1
156,9,2333,75,260,260,1,-1,-1,-1
156,11,1481,144,236,316,1,-1,-1,-1
156,13,1993,356,236,232,1,-1,-1,-1
156,14,1666,386,244,232,1,-1,-1,-1
156,15,1494,518,236,216,1,-1,-1,-1
157,6,2485,165,76,184,1,-1,-1,-1
157,9,2319,69,273,273,1,-1,-1,-1
157,11,1480,144,236,316,1,-1,-1,-1
157,13,2000,355,236,232,1,-1,-1,-1
157,14,1672,384,244,232,1,-1,-1,-1
157,15,1509,518,236,216,1,-1,-1,-1
158,6,2485,165,76,184,1,-1,-1,-1
158,9,2320,71,273,273,1,-1,-1,-1
158,11,1484,151,225,301,1,-1,-1,-1
158,13,2013,351,236,232,1,-1,-1,-1
158,14,1671,385,244,232,1,-1,-1,-1
158,15,1510,520,236,216,1,-1,-1,-1
159,6,2484,164,76,184,1,-1,-1,-1
159,9,2324,73,273,273,1,-1,-1,-1
159,11,1483,151,225,301,1,-1,-1,-1
159,13,2022,351,236,232,1,-1,-1,-1
159,14,1674,385,244,232,1,-1,-1,-1
159,15,1533,525,225,206,1,-1,-1,-1
160,6,2483,163,76,184,1,-1,-1,-1
160,9,2320,80,260,260,1,-1,-1,-1
160,11,1487,159,214,287,1,-1,-1,-1
160,13,2024,351,236,232,1,-1,-1,-1
160,14,1673,385,244,232,1,-1,-1,-1
160,15,1532,527,225,206,1,-1,-1,-1
161,6,2483,163,76,184,1,-1,-1,-1
161,9,2320,80,260,260,1,-1,-1,-1
161,11,1476,172,196,280,1,-1,-1,-1
161,13,2028,340,244,236,1,-1,-1,-1
161,14,1692,384,204,232,1,-1,-1,-1
161,15,1556,492,228,224,1,-1,-1,-1
161,16,2452,348,108,252,1,-1,-1,-1
161,17,1472,552,148,200,1,-1,-1,-1
161,18,1828,416,272,244,1,-1,-1,-1
162,6,2482,163,76,184,1,-1,-1,-1
162,9,2323,81,260,260,1,-1,-1,-1
162,11,1475,172,196,280,1,-1,-1,-1
162,13,2033,340,244,236,1,-1,-1,-1
162,14,1694,383,204,232,1,-1,-1,-1
162,15,1563,493,228,224,1,-1,-1,-1
162,16,2451,347,108,252,1,-1,-1,-1
162,17,1473,552,148,200,1,-1,-1,-1
162,18,1830,416,272,244,1,-1,-1,-1
163,6,2481,163,76,184,1,-1,-1,-1
163,9,2321,84,248,248,1,-1,-1,-1
163,11,1474,171,196,280,1,-1,-1,-1
163,13,2037,340,244,236,1,-1,-1,-1
163,14,1698,382,204,232,1,-1,-1,-1
163,15,1569,493,228,224,1,-1,-1,-1
163,16,2448,347,108,252,1,-1,-1,-1
163,17,1474,552,148,200,1,-1,-1,-1
163,18,1835,415,272,244,1,-1,-1,-1
164,6,2480,163,76,184,1,-1,-1,-1
164,9,2317,88,248,248,1,-1,-1,-1
164,11,1473,171,196,280,1,-1,-1,-1
164,13,2044,340,244,236,1,-1,-1,-1
164,14,1700,382,204,232,1,-1,-1,-1
164,15,1574,493,228,224,1,-1,-1,-1
164,16,2444,349,108,252,1,-1,-1,-1
164,17,1477,554,148,200,1,-1,-1,-1
164,18,1837,414,272,244,1,-1,-1,-1
165,6,2480,163,76,184,1,-1,-1,-1
165,9,2316,82,248,248,1,-1,-1,-1
165,11,1472,172,196,280,1,-1,-1,-1
165,13,2044,338,244,236,1,-1,-1,-1
165,14,1702,383,204,232,1,-1,-1,-1
165,15,1575,493,228,224,1,-1,-1,-1
165,16,2441,349,108,252,1,-1,-1,-1
165,17,1478,553,148,200,1,-1,-1,-1
165,18,1839,414,272,244,1,-1,-1,-1
166,6,2479,163,76,184,1,-1,-1,-1
166,9,2312,82,248,248,1,-1,-1,-1
166,11,1471,171,196,280,1,-1,-1,-1
166,13,2049,337,244,236,1,-1,-1,-1
166,14,1705,383,204,232,1,-1,-1,-1
166,15,1578,494,228,224,1,-1,-1,-1
166,16,2438,349,108,252,1,-1,-1,-1
166,17,1473,547,155,210,1,-1,-1,-1
166,18,1840,412,272,244,1,-1,-1,-1
167,6,2477,164,76,184,1,-1,-1,-1
167,9,2311,84,248,248,1,-1,-1,-1
167,11,1470,171,196,280,1,-1,-1,-1
167,13,2053,336,244,236,1,-1,-1,-1
167,14,1705,381,204,232,1,-1,-1,-1
167,15,1584,494,228,224,1,-1,-1,-1
167,16,2433,353,108,252,1,-1,-1,-1
167,17,1475,551,148,200,1,-1,-1,-1
167,18,1845,420,259,232,1,-1,-1,-1
168,6,2474,164,76,184,1,-1,-1,-1
168,9,2296,94,248,248,1,-1,-1,-1
168,11,1468,171,196,280,1,-1,-1,-1
168,13,2060,335,244,236,1,-1,-1,-1
168,14,1703,381,204,232,1,-1,-1,-1
168,15,1590,494,228,224,1,-1,-1,-1
168,16,2424,353,108,252,1,-1,-1,-1
168,17,1474,552,148,200,1,-1,-1,-1
168,18,1848,420,259,232,1,-1,-1,-1
169,6,2474,164,76,184,1,-1,-1,-1
169,9,2296,94,248,248,1,-1,-1,-1
169,11,1468,171,196,280,1,-1,-1,-1
169,13,2064,328,244,240,1,-1,-1,-1
169,14,1703,381,204,232,1,-1,-1,-1
169,15,1590,494,228,224,1,-1,-1,-1
169,16,2424,353,108,252,1,-1,-1,-1
169,17,1474,552,148,200,1,-1,-1,-1
169,18,1848,420,259,232,1,-1,-1,-1
170,6,2469,165,76,184,1,-1,-1,-1
170,11,1465,171,196,280,1,-1,-1,-1
170,13,2064,328,244,240,1,-1,-1,-1
170,14,1700,379,204,232,1,-1,-1,-1
170,15,1590,496,228,224,1,-1,-1,-1
170,16,2415,353,108,252,1,-1,-1,-1
170,17,1470,552,148,200,1,-1,-1,-1
170,18,1849,420,259,232,1,-1,-1,-1
171,6,2467,165,76,184,1,-1,-1,-1
171,11,1462,172,196,280,1,-1,-1,-1
171,13,2070,330,244,240,1,-1,-1,-1
171,14,1699,381,204,232,1,-1,-1,-1
171,15,1602,499,228,224,1,-1,-1,-1
171,16,2402,355,108,252,1,-1,-1,-1
171,17,1466,553,148,200,1,-1,-1,-1
171,18,1849,426,259,232,1,-1,-1,-1
172,6,2464,166,76,184,1,-1,-1,-1
172,11,1464,180,187,267,1,-1,-1,-1
172,13,2075,333,244,240,1,-1,-1,-1
172,14,1686,384,204,232,1,-1,-1,-1
172,15,1616,506,217,213,1,-1,-1,-1
172,16,2393,357,108,252,1,-1,-1,-1
172,17,1462,557,148,200,1,-1,-1,-1
172,18,1847,427,259,232,1,-1,-1,-1
173,6,2460,166,76,184,1,-1,-1,-1
173,11,1461,181,187,267,1,-1,-1,-1
173,13,2075,328,256,252,1,-1,-1,-1
173,14,1689,391,194,221,1,-1,-1,-1
173,15,1629,513,217,213,1,-1,-1,-1
173,16,2388,364,103,240,1,-1,-1,-1
173,17,1458,558,148,200,1,-1,-1,-1
173,18,1844,429,259,232,1,-1,-1,-1
174,6,2456,167,76,184,1,-1,-1,-1
174,11,1457,183,187,267,1,-1,-1,-1
174,13,2087,328,256,252,1,-1,-1,-1
174,14,1675,394,194,221,1,-1,-1,-1
174,15,1643,520,207,203,1,-1,-1,-1
174,16,2377,369,98,229,1,-1,-1,-1
174,17,1454,559,148,200,1,-1,-1,-1
174,18,1844,430,259,232,1,-1,-1,-1
175,6,2453,167,76,184,1,-1,-1,-1
175,11,1457,184,187,267,1,-1,-1,-1
175,13,2085,328,256,252,1,-1,-1,-1
175,14,1670,390,204,232,1,-1,-1,-1
175,15,1642,523,207,203,1,-1,-1,-1
175,16,2376,368,98,229,1,-1,-1,-1
175,17,1453,557,148,200,1,-1,-1,-1
175,18,1841,431,259,232,1,-1,-1,-1
176,6,2451,168,76,184,1,-1,-1,-1
176,11,1454,184,187,267,1,-1,-1,-1
176,13,2108,328,244,240,1,-1,-1,-1
176,14,1663,390,204,232,1,-1,-1,-1
176,15,1647,520,207,203,1,-1,-1,-1
176,16,2370,367,98,229,1,-1,-1,-1
176,17,1451,558,148,200,1,-1,-1,-1
176,18,1838,431,259,232,1,-1,-1,-1
177,6,2451,168,76,184,1,-1,-1,-1
177,11,1454,184,187,267,1,-1,-1,-1
177,13,2104,340,256,236,1,-1,-1,-1
177,14,1663,390,204,232,1,-1,-1,-1
177,15,1647,520,207,203,1,-1,-1,-1
177,16,2370,367,98,229,1,-1,-1,-1
177,17,1451,558,148,200,1,-1,-1,-1
177,18,1838,431,259,232,1,-1,-1,-1
178,6,2447,170,76,184,1,-1,-1,-1
178,11,1449,184,187,267,1,-1,-1,-1
178,13,2108,341,256,236,1,-1,-1,-1
178,14,1666,404,194,221,1,-1,-1,-1
178,15,1663,521,207,203,1,-1,-1,-1
178,16,2351,357,103,240,1,-1,-1,-1
178,17,1449,564,141,190,1,-1,-1,-1
178,18,1826,433,259,232,1,-1,-1,-1
179,6,2445,169,76,184,1,-1,-1,-1
179,11,1446,185,187,267,1,-1,-1,-1
179,13,2120,343,256,236,1,-1,-1,-1
179,14,1671,406,185,210,1,-1,-1,-1
179,15,1672,530,197,193,1,-1,-1,-1
179,16,2345,357,103,240,1,-1,-1,-1
179,17,1444,568,141,190,1,-1,-1,-1
179,18,1825,442,247,221,1,-1,-1,-1
180,6,2444,168,76,184,1,-1,-1,-1
180,11,1444,186,187,267,1,-1,-1,-1
180,13,2120,342,256,236,1,-1,-1,-1
180,14,1666,405,185,210,1,-1,-1,-1
180,15,1674,532,197,193,1,-1,-1,-1
180,16,2343,357,103,240,1,-1,-1,-1
180,17,1444,568,141,190,1,-1,-1,-1
180,18,1824,445,247,221,1,-1,-1,-1
181,6,2442,170,76,184,1,-1,-1,-1
181,11,1444,186,187,267,1,-1,-1,-1
181,13,2133,342,256,236,1,-1,-1,-1
181,14,1667,404,185,210,1,-1,-1,-1
181,16,2338,357,103,240,1,-1,-1,-1
181,17,1441,569,141,190,1,-1,-1,-1
181,18,1804,439,259,232,1,-1,-1,-1
182,6,2441,172,76,184,1,-1,-1,-1
182,11,1438,180,196,280,1,-1,-1,-1
182,13,2148,337,256,236,1,-1,-1,-1
182,14,1662,400,194,221,1,-1,-1,-1
182,16,2330,360,103,240,1,-1,-1,-1
182,17,1437,571,141,190,1,-1,-1,-1
182,18,1802,445,259,232,1,-1,-1,-1
183,6,2439,174,76,184,1,-1,-1,-1
183,11,1436,180,196,280,1,-1,-1,-1
183,13,2162,342,244,225,1,-1,-1,-1
183,16,2322,360,103,240,1,-1,-1,-1
183,17,1436,571,141,190,1,-1,-1,-1
183,18,1801,454,247,221,1,-1,-1,-1
184,6,2439,175,76,184,1,-1,-1,-1
184,11,1432,182,196,280,1,-1,-1,-1
184,13,2175,330,244,225,1,-1,-1,-1
184,16,2322,366,103,240,1,-1,-1,-1
184,17,1432,573,141,190,1,-1,-1,-1
184,18,1794,453,247,221,1,-1,-1,-1
185,6,2439,175,76,184,1,-1,-1,-1
185,11,1428,164,236,300,1,-1,-1,-1
185,13,2175,330,244,225,1,-1,-1,-1
185,16,2322,366,103,240,1,-1,-1,-1
185,17,1432,573,141,190,1,-1,-1,-1
185,18,1794,453,247,221,1,-1,-1,-1
186,6,2436,173,80,193,1,-1,-1,-1
186,11,1427,166,236,300,1,-1,-1,-1
186,13,2188,326,244,225,1,-1,-1,-1
186,16,2320,370,103,240,1,-1,-1,-1
186,17,1428,575,141,190,1,-1,-1,-1
186,18,1796,463,235,211,1,-1,-1,-1
187,6,2436,174,80,193,1,-1,-1,-1
187,11,1424,166,236,300,1,-1,-1,-1
187,13,2193,324,244,225,1,-1,-1,-1
187,16,2317,376,103,240,1,-1,-1,-1
187,17,1424,575,141,190,1,-1,-1,-1
187,18,1792,459,247,221,1,-1,-1,-1
188,6,2437,176,80,193,1,-1,-1,-1
188,11,1422,166,236,300,1,-1,-1,-1
188,13,2207,321,244,225,1,-1,-1,-1
188,16,2313,370,103,240,1,-1,-1,-1
188,17,1423,575,141,190,1,-1,-1,-1
188,18,1794,461,247,221,1,-1,-1,-1
189,6,2438,180,80,193,1,-1,-1,-1
189,11,1421,167,236,300,1,-1,-1,-1
189,13,2211,319,244,225,1,-1,-1,-1
189,16,2302,360,108,252,1,-1,-1,-1
189,17,1419,577,141,190,1,-1,-1,-1
189,18,1792,461,247,221,1,-1,-1,-1
190,6,2438,179,80,193,1,-1,-1,-1
190,11,1419,170,236,300,1,-1,-1,-1
190,13,2214,319,244,225,1,-1,-1,-1
190,16,2297,358,108,252,1,-1,-1,-1
190,17,1417,577,141,190,1,-1,-1,-1
190,18,1781,456,259,232,1,-1,-1,-1
191,6,2440,179,80,193,1,-1,-1,-1
191,11,1423,176,225,286,1,-1,-1,-1
191,13,2237,323,232,214,1,-1,-1,-1
191,16,2292,357,113,265,1,-1,-1,-1
191,17,1420,584,134,181,1,-1,-1,-1
191,18,1784,464,259,232,1,-1,-1,-1
192,6,2443,177,80,193,1,-1,-1,-1
192,11,1420,178,225,286,1,-1,-1,-1
192,13,2257,325,221,204,1,-1,-1,-1
192,16,2288,363,113,265,1,-1,-1,-1
192,17,1418,586,134,181,1,-1,-1,-1
192,18,1820,451,247,221,1,-1,-1,-1
193,6,2443,177,80,193,1,-1,-1,-1
193,11,1420,178,225,286,1,-1,-1,-1
193,13,2257,325,221,204,1,-1,-1,-1
193,16,2288,363,113,265,1,-1,-1,-1
193,17,1418,586,134,181,1,-1,-1,-1
193,18,1820,451,247,221,1,-1,-1,-1
194,6,2454,191,80,193,1,-1,-1,-1
194,11,1419,178,225,286,1,-1,-1,-1
194,13,2276,319,221,204,1,-1,-1,-1
194,17,1413,581,141,190,1,-1,-1,-1
195,6,2456,181,84,203,1,-1,-1,-1
195,11,1420,180,225,286,1,-1,-1,-1
195,17,1412,581,141,190,1,-1,-1,-1
196,6,2459,181,84,203,1,-1,-1,-1
196,11,1417,180,225,286,1,-1,-1,-1
196,17,1408,576,148,200,1,-1,-1,-1
197,6,2468,179,84,203,1,-1,-1,-1
197,11,1416,181,225,286,1,-1,-1,-1
197,17,1408,576,148,200,1,-1,-1,-1
198,6,2476,186,80,193,1,-1,-1,-1
198,11,1413,183,225,286,1,-1,-1,-1
198,17,1404,571,155,210,1,-1,-1,-1
199,6,2482,181,80,193,1,-1,-1,-1
199,11,1410,184,225,286,1,-1,-1,-1
199,17,1402,572,155,210,1,-1,-1,-1
200,6,2485,182,80,193,1,-1,-1,-1
200,11,1411,184,225,286,1,-1,-1,-1
200,17,1401,572,155,210,1,-1,-1,-1
201,6,2485,182,80,193,1,-1,-1,-1
201,11,1400,164,236,328,1,-1,-1,-1
201,17,1404,556,148,220,1,-1,-1,-1
201,19,1792,496,232,284,1,-1,-1,-1
201,20,1700,292,284,320,1,-1,-1,-1
201,21,2248,324,304,308,1,-1,-1,-1
202,6,2487,182,76,184,1,-1,-1,-1
202,11,1397,164,236,328,1,-1,-1,-1
202,17,1406,557,148,220,1,-1,-1,-1
202,19,1796,497,232,284,1,-1,-1,-1
202,20,1707,292,284,320,1,-1,-1,-1
202,21,2247,324,304,308,1,-1,-1,-1
203,6,2492,183,72,175,1,-1,-1,-1
203,11,1396,166,236,328,1,-1,-1,-1
203,17,1406,558,148,220,1,-1,-1,-1
203,19,1799,501,232,284,1,-1,-1,-1
203,20,1717,292,284,320,1,-1,-1,-1
203,21,2247,324,304,308,1,-1,-1,-1
204,11,1393,166,236,328,1,-1,-1,-1
204,17,1407,559,148,220,1,-1,-1,-1
204,19,1809,506,232,284,1,-1,-1,-1
204,20,1725,293,284,320,1,-1,-1,-1
204,21,2246,324,304,308,1,-1,-1,-1
205,11,1392,167,236,328,1,-1,-1,-1
205,17,1406,559,148,220,1,-1,-1,-1
205,19,1808,504,232,284,1,-1,-1,-1
205,20,1720,282,298,336,1,-1,-1,-1
205,21,2246,325,304,308,1,-1,-1,-1
206,11,1392,167,236,328,1,-1,-1,-1
206,17,1403,552,155,231,1,-1,-1,-1
206,19,1814,505,232,284,1,-1,-1,-1
206,20,1735,281,298,336,1,-1,-1,-1
206,21,2244,325,304,308,1,-1,-1,-1
207,11,1391,166,236,328,1,-1,-1,-1
207,17,1410,558,148,220,1,-1,-1,-1
207,19,1821,513,221,270,1,-1,-1,-1
207,20,1737,279,298,336,1,-1,-1,-1
207,21,2240,326,304,308,1,-1,-1,-1
208,11,1388,166,236,328,1,-1,-1,-1
208,17,1412,558,148,220,1,-1,-1,-1
208,19,1830,521,210,258,1,-1,-1,-1
208,20,1760,264,298,336,1,-1,-1,-1
208,21,2239,325,304,308,1,-1,-1,-1
209,11,1384,172,228,316,1,-1,-1,-1
209,17,1388,540,200,240,1,-1,-1,-1
209,19,1836,556,236,236,1,-1,-1,-1
209,20,1804,312,336,260,1,-1,-1,-1
209,21,2240,292,304,340,1,-1,-1,-1
210,11,1384,172,228,316,1,-1,-1,-1
210,17,1388,540,200,240,1,-1,-1,-1
210,19,1836,556,236,236,1,-1,-1,-1
210,20,1804,312,336,260,1,-1,-1,-1
210,21,2240,292,304,340,1,-1,-1,-1
211,11,1383,172,228,316,1,-1,-1,-1
211,17,1388,541,200,240,1,-1,-1,-1
211,19,1840,557,236,236,1,-1,-1,-1
211,20,1817,312,336,260,1,-1,-1,-1
211,21,2239,292,304,340,1,-1,-1,-1
212,11,1378,173,228,316,1,-1,-1,-1
212,17,1385,541,200,240,1,-1,-1,-1
212,19,1839,558,236,236,1,-1,-1,-1
212,20,1839,312,320,248,1,-1,-1,-1
212,21,2234,293,304,340,1,-1,-1,-1
213,11,1372,174,228,316,1,-1,-1,-1
213,17,1382,541,200,240,1,-1,-1,-1
213,19,1836,559,236,236,1,-1,-1,-1
213,20,1843,302,336,260,1,-1,-1,-1
213,21,2228,293,304,340,1,-1,-1,-1
214,11,1362,174,228,316,1,-1,-1,-1
214,17,1376,540,200,240,1,-1,-1,-1
214,19,1831,561,236,236,1,-1,-1,-1
214,20,1845,291,336,260,1,-1,-1,-1
214,21,2220,294,304,340,1,-1,-1,-1
215,11,1359,174,228,316,1,-1,-1,-1
215,17,1375,540,200,240,1,-1,-1,-1
215,19,1832,559,236,236,1,-1,-1,-1
215,20,1856,289,336,260,1,-1,-1,-1
215,21,2219,292,304,340,1,-1,-1,-1
216,11,1356,175,228,316,1,-1,-1,-1
216,17,1371,541,200,240,1,-1,-1,-1
216,19,1828,559,236,236,1,-1,-1,-1
216,20,1902,285,320,248,1,-1,-1,-1
216,21,2213,294,304,340,1,-1,-1,-1
217,11,1344,172,232,316,1,-1,-1,-1
217,17,1352,532,224,252,1,-1,-1,-1
217,19,1812,532,272,260,1,-1,-1,-1
217,20,1940,252,264,292,1,-1,-1,-1
217,21,2200,328,300,312,1,-1,-1,-1
218,11,1338,172,232,316,1,-1,-1,-1
218,17,1348,532,224,252,1,-1,-1,-1
218,19,1811,532,272,260,1,-1,-1,-1
218,20,1947,249,264,292,1,-1,-1,-1
218,21,2195,328,300,312,1,-1,-1,-1
219,11,1332,172,232,316,1,-1,-1,-1
219,17,1341,532,224,252,1,-1,-1,-1
219,19,1808,535,272,260,1,-1,-1,-1
219,20,1948,242,264,292,1,-1,-1,-1
219,21,2189,329,300,312,1,-1,-1,-1
220,11,1331,173,232,316,1,-1,-1,-1
220,17,1339,532,224,252,1,-1,-1,-1
220,19,1808,536,272,260,1,-1,-1,-1
220,20,1944,235,277,307,1,-1,-1,-1
220,21,2190,329,300,312,1,-1,-1,-1
221,11,1321,171,232,316,1,-1,-1,-1
221,17,1333,532,224,252,1,-1,-1,-1
221,19,1805,537,272,260,1,-1,-1,-1
221,20,1938,219,291,322,1,-1,-1,-1
221,21,2179,329,300,312,1,-1,-1,-1
222,11,1303,172,232,316,1,-1,-1,-1
222,17,1320,532,224,252,1,-1,-1,-1
222,19,1801,544,259,248,1,-1,-1,-1
222,20,1936,212,291,322,1,-1,-1,-1
222,21,2166,331,300,312,1,-1,-1,-1
223,11,1286,172,232,316,1,-1,-1,-1
223,17,1308,532,224,252,1,-1,-1,-1
223,19,1799,542,259,248,1,-1,-1,-1
223,20,1965,188,291,322,1,-1,-1,-1
223,21,2151,330,300,312,1,-1,-1,-1
224,11,1276,171,232,316,1,-1,-1,-1
224,17,1298,532,224,252,1,-1,-1,-1
224,19,1790,540,259,248,1,-1,-1,-1
224,20,1957,172,306,338,1,-1,-1,-1
224,21,2146,340,286,297,1,-1,-1,-1
225,11,1276,172,228,316,1,-1,-1,-1
225,17,1280,532,244,252,1,-1,-1,-1
225,19,1852,584,212,220,1,-1,-1,-1
225,20,1992,220,316,296,1,-1,-1,-1
225,21,2140,332,348,308,1,-1,-1,-1
225,22,2420,348,140,196,1,-1,-1,-1
225,23,1744,528,212,268,1,-1,-1,-1
226,11,1268,172,228,316,1,-1,-1,-1
226,17,1273,532,244,252,1,-1,-1,-1
226,19,1850,586,212,220,1,-1,-1,-1
226,20,1990,216,316,296,1,-1,-1,-1
226,21,2136,332,348,308,1,-1,-1,-1
226,22,2417,347,140,196,1,-1,-1,-1
226,23,1741,529,212,268,1,-1,-1,-1
227,11,1260,169,228,316,1,-1,-1,-1
227,17,1268,530,244,252,1,-1,-1,-1
227,19,1849,588,212,220,1,-1,-1,-1
227,20,1999,224,301,282,1,-1,-1,-1
227,21,2131,334,348,308,1,-1,-1,-1
227,22,2415,349,140,196,1,-1,-1,-1
227,23,1739,527,212,268,1,-1,-1,-1
228,11,1253,170,228,316,1,-1,-1,-1
228,17,1263,530,244,252,1,-1,-1,-1
228,19,1854,590,202,210,1,-1,-1,-1
228,20,1984,222,301,282,1,-1,-1,-1
228,21,2118,332,348,308,1,-1,-1,-1
228,22,2416,349,140,196,1,-1,-1,-1
228,23,1737,528,212,268,1,-1,-1,-1
229,11,1245,171,228,316,1,-1,-1,-1
229,17,1255,531,244,252,1,-1,-1,-1
229,19,1853,589,202,210,1,-1,-1,-1
229,20,1971,225,301,282,1,-1,-1,-1
229,21,2114,336,348,308,1,-1,-1,-1
229,22,2422,346,140,196,1,-1,-1,-1
229,23,1734,528,212,268,1,-1,-1,-1
230,11,1242,170,228,316,1,-1,-1,-1
230,17,1253,531,244,252,1,-1,-1,-1
230,19,1853,589,202,210,1,-1,-1,-1
230,20,1952,219,316,296,1,-1,-1,-1
230,21,2112,333,348,308,1,-1,-1,-1
230,22,2426,349,133,187,1,-1,-1,-1
230,23,1733,528,212,268,1,-1,-1,-1
231,11,1233,169,228,316,1,-1,-1,-1
231,17,1249,529,244,252,1,-1,-1,-1
231,19,1850,589,202,210,1,-1,-1,-1
231,20,1945,215,316,296,1,-1,-1,-1
231,21,2107,333,348,308,1,-1,-1,-1
231,22,2431,348,133,187,1,-1,-1,-1
231,23,1724,523,223,281,1,-1,-1,-1
232,11,1225,170,228,316,1,-1,-1,-1
232,17,1241,529,244,252,1,-1,-1,-1
232,19,1851,589,202,210,1,-1,-1,-1
232,20,1951,217,301,282,1,-1,-1,-1
232,21,2097,332,348,308,1,-1,-1,-1
232,22,2432,345,133,187,1,-1,-1,-1
232,23,1726,523,223,281,1,-1,-1,-1
233,11,1208,188,220,300,1,-1,-1,-1
233,17,1220,512,232,260,1,-1,-1,-1
233,19,1851,589,202,210,1,-1,-1,-1
233,20,1951,217,301,282,1,-1,-1,-1
233,21,2084,344,284,288,1,-1,-1,-1
233,22,2432,345,133,187,1,-1,-1,-1
233,23,1768,516,304,288,1,-1,-1,-1
233,24,2112,204,288,220,1,-1,-1,-1
234,11,1199,189,220,300,1,-1,-1,-1
234,17,1213,511,232,260,1,-1,-1,-1
234,19,1853,588,202,210,1,-1,-1,-1
234,20,1932,202,316,296,1,-1,-1,-1
234,21,2080,344,284,288,1,-1,-1,-1
234,22,2434,342,133,187,1,-1,-1,-1
234,23,1766,518,304,288,1,-1,-1,-1
234,24,2117,203,288,220,1,-1,-1,-1
235,11,1199,188,220,300,1,-1,-1,-1
235,17,1213,512,232,260,1,-1,-1,-1
235,19,1849,584,212,220,1,-1,-1,-1
235,20,1932,201,316,296,1,-1,-1,-1
235,21,2080,343,284,288,1,-1,-1,-1
235,22,2435,341,133,187,1,-1,-1,-1
235,23,1765,516,304,288,1,-1,-1,-1
235,24,2119,201,288,220,1,-1,-1,-1
236,11,1181,181,231,315,1,-1,-1,-1
236,17,1203,510,232,260,1,-1,-1,-1
236,19,1849,583,212,220,1,-1,-1,-1
236,20,1926,201,316,296,1,-1,-1,-1
236,21,2081,349,270,274,1,-1,-1,-1
236,22,2432,340,133,187,1,-1,-1,-1
236,23,1762,515,304,288,1,-1,-1,-1
236,24,2125,198,288,220,1,-1,-1,-1
237,11,1170,180,231,315,1,-1,-1,-1
237,17,1197,508,232,260,1,-1,-1,-1
237,19,1847,583,212,220,1,-1,-1,-1
237,20,1913,200,316,296,1,-1,-1,-1
237,21,2069,344,270,274,1,-1,-1,-1
237,22,2428,337,133,187,1,-1,-1,-1
237,23,1760,517,304,288,1,-1,-1,-1
237,24,2128,191,288,220,1,-1,-1,-1
238,11,1167,187,220,300,1,-1,-1,-1
238,17,1191,506,232,260,1,-1,-1,-1
238,19,1851,587,202,210,1,-1,-1,-1
238,20,1906,201,316,296,1,-1,-1,-1
238,21,2061,344,270,274,1,-1,-1,-1
238,22,2427,335,133,187,1,-1,-1,-1
238,23,1758,515,304,288,1,-1,-1,-1
238,24,2145,176,288,220,1,-1,-1,-1
239,11,1159,185,220,300,1,-1,-1,-1
239,17,1177,497,244,273,1,-1,-1,-1
239,19,1849,588,202,210,1,-1,-1,-1
239,20,1892,199,316,296,1,-1,-1,-1
239,21,2050,342,270,274,1,-1,-1,-1
239,22,2424,329,140,196,1,-1,-1,-1
239,23,1756,514,304,288,1,-1,-1,-1
239,24,2155,172,288,220,1,-1,-1,-1
240,11,1158,185,220,300,1,-1,-1,-1
240,17,1175,496,244,273,1,-1,-1,-1
240,19,1849,587,202,210,1,-1,-1,-1
240,21,2044,336,284,288,1,-1,-1,-1
240,22,2425,327,140,196,1,-1,-1,-1
240,23,1755,513,304,288,1,-1,-1,-1
240,24,2163,173,274,210,1,-1,-1,-1
241,11,1152,204,224,272,1,-1,-1,-1
241,17,1172,492,224,264,1,-1,-1,-1
241,19,1832,580,224,208,1,-1,-1,-1
241,21,2028,264,288,352,1,-1,-1,-1
241,22,2420,324,140,196,1,-1,-1,-1
241,23,1755,513,304,288,1,-1,-1,-1
241,24,2160,136,292,264,1,-1,-1,-1
241,25,1720,488,144,236,1,-1,-1,-1
242,11,1145,203,224,272,1,-1,-1,-1
242,17,1164,490,224,264,1,-1,-1,-1
242,19,1832,579,224,208,1,-1,-1,-1
242,21,2022,262,288,352,1,-1,-1,-1
242,22,2420,321,140,196,1,-1,-1,-1
242,23,1747,512,304,288,1,-1,-1,-1
242,24,2162,136,292,264,1,-1,-1,-1
242,25,1717,486,144,236,1,-1,-1,-1
243,11,1139,200,224,272,1,-1,-1,-1
243,17,1159,490,224,264,1,-1,-1,-1
243,19,1833,578,224,208,1,-1,-1,-1
243,21,2026,270,274,335,1,-1,-1,-1
243,22,2422,319,140,196,1,-1,-1,-1
243,23,1745,516,304,288,1,-1,-1,-1
243,24,2167,137,292,264,1,-1,-1,-1
243,25,1711,486,144,236,1,-1,-1,-1
244,11,1130,200,224,272,1,-1,-1,-1
244,17,1153,489,224,264,1,-1,-1,-1
244,19,1832,578,224,208,1,-1,-1,-1
244,21,2028,279,261,319,1,-1,-1,-1
244,22,2426,315,140,196,1,-1,-1,-1
244,23,1752,520,290,274,1,-1,-1,-1
244,24,2164,127,307,277,1,-1,-1,-1
244,25,1707,484,144,236,1,-1,-1,-1
245,11,1129,200,224,272,1,-1,-1,-1
245,17,1151,489,224,264,1,-1,-1,-1
245,19,1829,574,235,218,1,-1,-1,-1
245,21,2023,269,274,335,1,-1,-1,-1
245,22,2426,315,140,196,1,-1,-1,-1
245,23,1753,519,290,274,1,-1,-1,-1
245,24,2166,126,307,277,1,-1,-1,-1
245,25,1705,485,144,236,1,-1,-1,-1
246,11,1128,207,213,259,1,-1,-1,-1
246,17,1145,488,224,264,1,-1,-1,-1
246,19,1831,572,235,218,1,-1,-1,-1
246,21,2017,268,274,335,1,-1,-1,-1
246,22,2424,310,147,206,1,-1,-1,-1
246,23,1750,512,304,288,1,-1,-1,-1
246,24,2169,122,307,277,1,-1,-1,-1
246,25,1702,485,144,236,1,-1,-1,-1
247,11,1121,206,213,259,1,-1,-1,-1
247,17,1140,488,224,264,1,-1,-1,-1
247,19,1836,571,235,218,1,-1,-1,-1
247,21,2013,265,274,335,1,-1,-1,-1
247,22,2430,309,147,206,1,-1,-1,-1
247,23,1763,511,304,288,1,-1,-1,-1
247,24,2179,117,307,277,1,-1,-1,-1
247,25,1699,484,144,236,1,-1,-1,-1
248,11,1119,205,213,259,1,-1,-1,-1
248,17,1136,486,224,264,1,-1,-1,-1
248,19,1837,571,235,218,1,-1,-1,-1
248,21,2005,262,274,335,1,-1,-1,-1
248,22,2429,308,147,206,1,-1,-1,-1
248,23,1763,502,319,302,1,-1,-1,-1
248,24,2183,112,307,277,1,-1,-1,-1
248,25,1695,484,144,236,1,-1,-1,-1
249,11,1116,208,192,260,1,-1,-1,-1
249,17,1128,480,212,272,1,-1,-1,-1
249,19,1816,572,272,220,1,-1,-1,-1
249,21,1992,268,284,340,1,-1,-1,-1
249,22,2428,296,128,204,1,-1,-1,-1
249,23,1763,502,319,302,1,-1,-1,-1
249,24,2204,148,292,232,1,-1,-1,-1
249,25,1688,476,144,260,1,-1,-1,-1
250,11,1116,208,192,260,1,-1,-1,-1
250,17,1128,480,212,272,1,-1,-1,-1
250,19,1816,572,272,220,1,-1,-1,-1
250,21,1992,268,284,340,1,-1,-1,-1
250,22,2428,296,128,204,1,-1,-1,-1
250,23,1760,499,319,302,1,-1,-1,-1
250,24,2204,148,292,232,1,-1,-1,-1
250,25,1688,476,144,260,1,-1,-1,-1
251,11,1118,215,183,248,1,-1,-1,-1
251,17,1124,480,212,272,1,-1,-1,-1
251,19,1819,572,272,220,1,-1,-1,-1
251,21,1990,266,284,340,1,-1,-1,-1
251,22,2428,295,128,204,1,-1,-1,-1
251,23,1767,501,319,302,1,-1,-1,-1
251,24,2210,147,292,232,1,-1,-1,-1
251,25,1687,476,144,260,1,-1,-1,-1
252,11,1112,216,183,248,1,-1,-1,-1
252,17,1127,484,202,259,1,-1,-1,-1
252,19,1820,573,272,220,1,-1,-1,-1
252,21,1986,265,284,340,1,-1,-1,-1
252,22,2428,294,128,204,1,-1,-1,-1
252,23,1765,487,335,318,1,-1,-1,-1
252,24,2222,151,278,221,1,-1,-1,-1
252,25,1685,476,144,260,1,-1,-1,-1
253,11,1108,218,183,248,1,-1,-1,-1
253,17,1121,486,202,259,1,-1,-1,-1
253,19,1821,575,272,220,1,-1,-1,-1
253,21,1986,266,284,340,1,-1,-1,-1
253,22,2428,294,128,204,1,-1,-1,-1
253,23,1765,480,352,333,1,-1,-1,-1
253,24,2226,152,278,221,1,-1,-1,-1
253,25,1683,477,144,260,1,-1,-1,-1
254,11,1104,219,183,248,1,-1,-1,-1
254,17,1118,486,202,259,1,-1,-1,-1
254,19,1826,575,272,220,1,-1,-1,-1
254,21,1984,266,284,340,1,-1,-1,-1
254,22,2429,295,128,204,1,-1,-1,-1
254,23,1767,477,352,333,1,-1,-1,-1
254,24,2232,151,278,221,1,-1,-1,-1
254,25,1681,478,144,260,1,-1,-1,-1
255,11,1103,218,183,248,1,-1,-1,-1
255,17,1117,487,202,259,1,-1,-1,-1
255,19,1824,575,272,220,1,-1,-1,-1
255,21,1982,267,284,340,1,-1,-1,-1
255,22,2429,295,128,204,1,-1,-1,-1
255,24,2234,150,278,221,1,-1,-1,-1
255,25,1681,479,144,260,1,-1,-1,-1
256,11,1101,221,183,248,1,-1,-1,-1
256,17,1113,487,202,259,1,-1,-1,-1
256,19,1830,572,272,220,1,-1,-1,-1
256,21,1979,266,284,340,1,-1,-1,-1
256,22,2431,293,128,204,1,-1,-1,-1
256,24,2245,149,278,221,1,-1,-1,-1
256,25,1679,479,144,260,1,-1,-1,-1
257,11,1116,192,152,276,1,-1,-1,-1
257,17,1108,484,208,260,1,-1,-1,-1
257,19,1896,572,204,220,1,-1,-1,-1
257,21,1968,260,284,364,1,-1,-1,-1
257,22,2431,293,128,204,1,-1,-1,-1
257,24,2208,144,328,228,1,-1,-1,-1
257,25,1676,496,136,248,1,-1,-1,-1
258,11,1115,192,152,276,1,-1,-1,-1
258,17,1106,484,208,260,1,-1,-1,-1
258,19,1899,572,204,220,1,-1,-1,-1
258,21,1966,260,284,364,1,-1,-1,-1
258,22,2436,292,128,204,1,-1,-1,-1
258,24,2212,143,328,228,1,-1,-1,-1
258,25,1676,496,136,248,1,-1,-1,-1
259,11,1113,192,152,276,1,-1,-1,-1
259,17,1102,484,208,260,1,-1,-1,-1
259,19,1904,571,204,220,1,-1,-1,-1
259,21,1965,260,284,364,1,-1,-1,-1
259,22,2435,292,128,204,1,-1,-1,-1
259,24,2218,141,328,228,1,-1,-1,-1
259,25,1674,496,136,248,1,-1,-1,-1
260,11,1112,191,152,276,1,-1,-1,-1
260,17,1102,485,208,260,1,-1,-1,-1
260,19,1904,570,204,220,1,-1,-1,-1
260,21,1964,260,284,364,1,-1,-1,-1
260,22,2434,292,128,204,1,-1,-1,-1
260,24,2219,141,328,228,1,-1,-1,-1
260,25,1674,496,136,248,1,-1,-1,-1
261,11,1114,196,145,263,1,-1,-1,-1
261,17,1102,485,208,260,1,-1,-1,-1
261,19,1908,571,204,220,1,-1,-1,-1
261,21,1964,261,284,364,1,-1,-1,-1
261,22,2431,291,128,204,1,-1,-1,-1
261,24,2222,142,328,228,1,-1,-1,-1
261,25,1674,497,136,248,1,-1,-1,-1
262,11,1111,189,152,276,1,-1,-1,-1
262,17,1099,485,208,260,1,-1,-1,-1
262,19,1910,572,204,220,1,-1,-1,-1
262,21,1963,261,284,364,1,-1,-1,-1
262,22,2437,293,128,204,1,-1,-1,-1
262,24,2226,141,328,228,1,-1,-1,-1
262,25,1674,499,136,248,1,-1,-1,-1
263,11,1110,190,152,276,1,-1,-1,-1
263,17,1096,484,208,260,1,-1,-1,-1
263,19,1918,573,204,220,1,-1,-1,-1
263,21,1966,272,270,347,1,-1,-1,-1
263,22,2440,294,128,204,1,-1,-1,-1
263,24,2228,144,328,228,1,-1,-1,-1
263,25,1674,500,136,248,1,-1,-1,-1
264,11,1112,198,145,263,1,-1,-1,-1
264,17,1096,483,208,260,1,-1,-1,-1
264,19,1928,580,194,210,1,-1,-1,-1
264,21,1965,271,270,347,1,-1,-1,-1
264,22,2447,296,128,204,1,-1,-1,-1
264,24,2233,144,328,228,1,-1,-1,-1
264,25,1673,502,136,248,1,-1,-1,-1
265,11,1116,208,136,264,1,-1,-1,-1
265,17,1096,488,216,256,1,-1,-1,-1
265,19,1904,580,236,228,1,-1,-1,-1
265,21,1965,271,270,347,1,-1,-1,-1
265,22,2447,296,128,204,1,-1,-1,-1
265,24,2288,156,252,220,1,-1,-1,-1
265,25,1676,480,132,264,1,-1,-1,-1
266,11,1115,208,136,264,1,-1,-1,-1
266,17,1093,488,216,256,1,-1,-1,-1
266,19,1906,581,236,228,1,-1,-1,-1
266,21,1964,271,270,347,1,-1,-1,-1
266,22,2453,299,122,194,1,-1,-1,-1
266,24,2293,157,252,220,1,-1,-1,-1
266,25,1676,480,132,264,1,-1,-1,-1
267,11,1113,209,136,264,1,-1,-1,-1
267,17,1091,491,216,256,1,-1,-1,-1
267,19,1909,584,236,228,1,-1,-1,-1
267,21,1962,271,270,347,1,-1,-1,-1
267,22,2455,299,122,194,1,-1,-1,-1
267,24,2300,158,252,220,1,-1,-1,-1
267,25,1678,482,132,264,1,-1,-1,-1
268,11,1107,211,136,264,1,-1,-1,-1
268,17,1088,493,216,256,1,-1,-1,-1
268,19,1913,584,236,228,1,-1,-1,-1
268,21,1960,273,270,347,1,-1,-1,-1
268,22,2469,304,116,185,1,-1,-1,-1
268,24,2306,155,252,220,1,-1,-1,-1
268,25,1679,481,132,264,1,-1,-1,-1
269,11,1109,218,136,264,1,-1,-1,-1
269,17,1089,492,216,256,1,-1,-1,-1
269,19,1916,585,236,228,1,-1,-1,-1
269,21,1960,273,270,347,1,-1,-1,-1
269,22,2479,302,116,185,1,-1,-1,-1
269,24,2315,158,252,220,1,-1,-1,-1
269,25,1681,481,132,264,1,-1,-1,-1
270,11,1110,217,136,264,1,-1,-1,-1
270,17,1089,492,216,256,1,-1,-1,-1
270,19,1910,578,248,239,1,-1,-1,-1
270,21,1961,273,270,347,1,-1,-1,-1
270,24,2314,157,252,220,1,-1,-1,-1
270,25,1682,481,132,264,1,-1,-1,-1
271,11,1104,207,143,277,1,-1,-1,-1
271,17,1089,493,216,256,1,-1,-1,-1
271,19,1917,578,248,239,1,-1,-1,-1
271,21,1960,270,270,347,1,-1,-1,-1
271,24,2318,159,252,220,1,-1,-1,-1
271,25,1683,482,132,264,1,-1,-1,-1
272,11,1106,209,136,264,1,-1,-1,-1
272,17,1089,494,216,256,1,-1,-1,-1
272,19,1927,577,248,239,1,-1,-1,-1
272,21,1960,271,270,347,1,-1,-1,-1
272,24,2318,159,252,220,1,-1,-1,-1
272,25,1683,482,132,264,1,-1,-1,-1
273,11,1106,209,136,264,1,-1,-1,-1
273,17,1088,496,244,252,1,-1,-1,-1
273,19,1927,577,248,239,1,-1,-1,-1
273,21,1960,271,270,347,1,-1,-1,-1
273,24,2318,159,252,220,1,-1,-1,-1
273,25,1684,500,180,248,1,-1,-1,-1
274,11,1104,212,136,264,1,-1,-1,-1
274,17,1089,497,244,252,1,-1,-1,-1
274,19,1933,579,248,239,1,-1,-1,-1
274,21,1961,271,270,347,1,-1,-1,-1
274,24,2341,160,252,220,1,-1,-1,-1
274,25,1686,501,180,248,1,-1,-1,-1
275,11,1103,213,136,264,1,-1,-1,-1
275,17,1090,498,244,252,1,-1,-1,-1
275,19,1941,586,236,228,1,-1,-1,-1
275,21,1962,271,270,347,1,-1,-1,-1
275,24,2361,162,240,210,1,-1,-1,-1
275,25,1687,502,180,248,1,-1,-1,-1
276,11,1099,215,136,264,1,-1,-1,-1
276,17,1093,499,244,252,1,-1,-1,-1
276,19,1963,586,225,217,1,-1,-1,-1
276,21,1963,271,270,347,1,-1,-1,-1
276,24,2367,163,240,210,1,-1,-1,-1
276,25,1690,502,180,248,1,-1,-1,-1
277,11,1101,214,136,264,1,-1,-1,-1
277,17,1094,501,244,252,1,-1,-1,-1
277,19,1979,586,225,217,1,-1,-1,-1
277,21,1963,271,270,347,1,-1,-1,-1
277,24,2385,169,229,200,1,-1,-1,-1
277,25,1693,502,180,248,1,-1,-1,-1
278,11,1102,217,136,264,1,-1,-1,-1
278,17,1096,502,244,252,1,-1,-1,-1
278,19,1999,587,214,207,1,-1,-1,-1
278,21,1964,270,270,347,1,-1,-1,-1
278,24,2390,169,229,200,1,-1,-1,-1
278,25,1696,503,180,248,1,-1,-1,-1
279,11,1101,223,136,264,1,-1,-1,-1
279,17,1097,503,244,252,1,-1,-1,-1
279,19,2006,589,214,207,1,-1,-1,-1
279,21,1964,271,270,347,1,-1,-1,-1
279,24,2395,170,229,200,1,-1,-1,-1
279,25,1700,510,171,236,1,-1,-1,-1
280,11,1093,218,136,264,1,-1,-1,-1
280,17,1097,503,244,252,1,-1,-1,-1
280,19,2006,588,214,207,1,-1,-1,-1
280,21,1964,271,270,347,1,-1,-1,-1
280,24,2396,170,229,200,1,-1,-1,-1
280,25,1697,504,180,248,1,-1,-1,-1
281,11,1093,218,136,264,1,-1,-1,-1
281,17,1104,516,264,236,1,-1,-1,-1
281,19,1992,580,196,224,1,-1,-1,-1
281,21,1960,260,280,328,1,-1,-1,-1
281,24,2412,160,148,212,1,-1,-1,-1
281,25,1724,504,184,264,1,-1,-1,-1
281,26,1044,276,156,232,1,-1,-1,-1
282,11,1099,228,136,264,1,-1,-1,-1
282,17,1105,516,264,236,1,-1,-1,-1
282,19,1997,580,196,224,1,-1,-1,-1
282,21,1961,259,280,328,1,-1,-1,-1
282,24,2421,159,148,212,1,-1,-1,-1
282,25,1728,504,184,264,1,-1,-1,-1
282,26,1043,277,156,232,1,-1,-1,-1
283,11,1102,227,136,264,1,-1,-1,-1
283,17,1110,515,264,236,1,-1,-1,-1
283,19,2003,581,196,224,1,-1,-1,-1
283,21,1962,258,280,328,1,-1,-1,-1
283,24,2435,158,148,212,1,-1,-1,-1
283,25,1736,504,184,264,1,-1,-1,-1
283,26,1043,279,156,232,1,-1,-1,-1
284,11,1101,219,143,277,1,-1,-1,-1
284,17,1112,516,264,236,1,-1,-1,-1
284,19,2009,580,196,224,1,-1,-1,-1
284,21,1963,259,280,328,1,-1,-1,-1
284,24,2441,160,148,212,1,-1,-1,-1
284,25,1744,505,184,264,1,-1,-1,-1
284,26,1042,280,156,232,1,-1,-1,-1
285,17,1114,516,264,236,1,-1,-1,-1
285,19,2011,581,196,224,1,-1,-1,-1
285,21,1965,260,280,328,1,-1,-1,-1
285,24,2442,160,148,212,1,-1,-1,-1
285,25,1746,507,184,264,1,-1,-1,-1
285,26,1043,282,156,232,1,-1,-1,-1
286,17,1116,517,264,236,1,-1,-1,-1
286,19,2016,582,196,224,1,-1,-1,-1
286,21,1965,259,280,328,1,-1,-1,-1
286,24,2449,162,148,212,1,-1,-1,-1
286,25,1744,502,193,277,1,-1,-1,-1
286,26,1041,283,156,232,1,-1,-1,-1
287,17,1117,519,264,236,1,-1,-1,-1
287,19,2015,577,206,235,1,-1,-1,-1
287,21,1967,260,280,328,1,-1,-1,-1
287,24,2456,164,148,212,1,-1,-1,-1
287,25,1745,504,193,277,1,-1,-1,-1
287,26,1040,285,156,232,1,-1,-1,-1
288,17,1127,525,251,225,1,-1,-1,-1
288,19,2020,577,206,235,1,-1,-1,-1
288,21,1968,260,280,328,1,-1,-1,-1
288,24,2461,164,148,212,1,-1,-1,-1
288,25,1748,503,193,277,1,-1,-1,-1
288,26,1039,288,156,232,1,-1,-1,-1
289,17,1160,528,224,216,1,-1,-1,-1
289,19,2088,576,184,232,1,-1,-1,-1
289,21,1968,264,276,340,1,-1,-1,-1
289,24,2452,176,108,208,1,-1,-1,-1
289,25,1748,503,193,277,1,-1,-1,-1
289,26,1032,284,196,272,1,-1,-1,-1
290,17,1160,528,224,216,1,-1,-1,-1
290,19,2088,576,184,232,1,-1,-1,-1
290,21,1968,263,276,340,1,-1,-1,-1
290,24,2452,176,108,208,1,-1,-1,-1
290,25,1749,496,203,291,1,-1,-1,-1
290,26,1032,284,196,272,1,-1,-1,-1
291,17,1167,534,213,206,1,-1,-1,-1
291,19,2092,576,184,232,1,-1,-1,-1
291,21,1968,263,276,340,1,-1,-1,-1
291,24,2454,176,108,208,1,-1,-1,-1
291,25,1753,492,203,291,1,-1,-1,-1
291,26,1030,285,196,272,1,-1,-1,-1
292,17,1168,534,213,206,1,-1,-1,-1
292,19,2091,572,193,244,1,-1,-1,-1
292,21,1968,263,276,340,1,-1,-1,-1
292,24,2460,178,108,208,1,-1,-1,-1
292,25,1760,493,203,291,1,-1,-1,-1
292,26,1027,289,196,272,1,-1,-1,-1
293,17,1168,534,213,206,1,-1,-1,-1
293,19,2094,570,193,244,1,-1,-1,-1
293,21,1967,262,276,340,1,-1,-1,-1
293,24,2465,178,108,208,1,-1,-1,-1
293,25,1765,495,203,291,1,-1,-1,-1
293,26,1030,297,187,259,1,-1,-1,-1
294,17,1170,535,213,206,1,-1,-1,-1
294,19,2099,571,193,244,1,-1,-1,-1
294,21,1965,264,276,340,1,-1,-1,-1
294,24,2467,180,108,208,1,-1,-1,-1
294,25,1772,497,203,291,1,-1,-1,-1
294,26,1024,294,196,272,1,-1,-1,-1
295,17,1168,534,213,206,1,-1,-1,-1
295,19,2100,573,193,244,1,-1,-1,-1
295,21,1966,264,276,340,1,-1,-1,-1
295,24,2467,181,108,208,1,-1,-1,-1
295,25,1768,493,213,306,1,-1,-1,-1
295,26,1024,293,196,272,1,-1,-1,-1
296,17,1170,534,213,206,1,-1,-1,-1
296,19,2100,572,193,244,1,-1,-1,-1
296,21,1966,264,276,340,1,-1,-1,-1
296,24,2469,180,108,208,1,-1,-1,-1
296,25,1776,494,213,306,1,-1,-1,-1
296,26,1023,296,196,272,1,-1,-1,-1
297,17,1180,536,176,216,1,-1,-1,-1
297,19,2116,584,216,236,1,-1,-1,-1
297,21,1968,264,276,344,1,-1,-1,-1
297,24,2469,180,108,208,1,-1,-1,-1
297,25,1776,494,213,306,1,-1,-1,-1
297,26,1023,296,196,272,1,-1,-1,-1
298,17,1180,537,176,216,1,-1,-1,-1
298,19,2119,583,216,236,1,-1,-1,-1
298,21,1969,264,276,344,1,-1,-1,-1
298,24,2472,186,108,208,1,-1,-1,-1
298,25,1784,494,213,306,1,-1,-1,-1
298,26,1023,296,196,272,1,-1,-1,-1
299,17,1181,538,176,216,1,-1,-1,-1
299,19,2122,583,216,236,1,-1,-1,-1
299,21,1971,264,276,344,1,-1,-1,-1
299,24,2478,198,103,198,1,-1,-1,-1
299,25,1797,494,213,306,1,-1,-1,-1
299,26,1015,291,206,286,1,-1,-1,-1
300,17,1180,538,176,216,1,-1,-1,-1
300,19,2122,584,216,236,1,-1,-1,-1
300,21,1971,263,276,344,1,-1,-1,-1
300,24,2478,208,103,198,1,-1,-1,-1
300,25,1806,503,203,291,1,-1,-1,-1
300,26,1014,291,206,286,1,-1,-1,-1
301,17,1181,536,176,216,1,-1,-1,-1
301,19,2127,584,216,236,1,-1,-1,-1
301,21,1972,263,276,344,1,-1,-1,-1
301,24,2479,210,103,198,1,-1,-1,-1
301,25,1811,505,203,291,1,-1,-1,-1
301,26,1012,291,206,286,1,-1,-1,-1
302,17,1183,535,176,216,1,-1,-1,-1
302,19,2131,585,216,236,1,-1,-1,-1
302,21,1974,263,276,344,1,-1,-1,-1
302,24,2479,204,103,198,1,-1,-1,-1
302,25,1818,504,203,291,1,-1,-1,-1
302,26,1013,292,206,286,1,-1,-1,-1
303,17,1183,536,176,216,1,-1,-1,-1
303,19,2142,592,206,225,1,-1,-1,-1
303,21,1976,264,276,344,1,-1,-1,-1
303,24,2472,181,103,198,1,-1,-1,-1
303,25,1821,505,203,291,1,-1,-1,-1
303,26,1012,297,206,286,1,-1,-1,-1
304,17,1186,535,176,216,1,-1,-1,-1
304,19,2140,586,216,236,1,-1,-1,-1
304,21,1977,262,276,344,1,-1,-1,-1
304,24,2466,175,103,198,1,-1,-1,-1
304,25,1832,514,193,277,1,-1,-1,-1
304,26,1009,295,206,286,1,-1,-1,-1
305,17,1188,544,160,204,1,-1,-1,-1
305,19,2140,586,216,236,1,-1,-1,-1
305,21,1977,262,276,344,1,-1,-1,-1
305,24,2466,175,103,198,1,-1,-1,-1
305,25,1832,514,193,277,1,-1,-1,-1
305,26,1012,312,192,276,1,-1,-1,-1
306,17,1190,543,160,204,1,-1,-1,-1
306,19,2142,587,216,236,1,-1,-1,-1
306,21,1978,262,276,344,1,-1,-1,-1
306,24,2463,159,108,208,1,-1,-1,-1
306,25,1851,512,193,277,1,-1,-1,-1
306,26,1011,314,192,276,1,-1,-1,-1
307,17,1192,542,160,204,1,-1,-1,-1
307,19,2146,589,216,236,1,-1,-1,-1
307,21,1979,262,276,344,1,-1,-1,-1
307,24,2465,174,108,208,1,-1,-1,-1
307,25,1865,512,193,277,1,-1,-1,-1
307,26,1013,315,192,276,1,-1,-1,-1
308,17,1200,548,152,194,1,-1,-1,-1
308,19,2161,594,206,225,1,-1,-1,-1
308,21,1980,262,276,344,1,-1,-1,-1
308,24,2469,178,103,198,1,-1,-1,-1
308,25,1874,511,193,277,1,-1,-1,-1
308,26,1007,310,202,290,1,-1,-1,-1
309,17,1205,547,152,194,1,-1,-1,-1
309,19,2169,595,206,225,1,-1,-1,-1
309,21,1990,270,263,328,1,-1,-1,-1
309,25,1884,511,193,277,1,-1,-1,-1
309,26,1008,310,202,290,1,-1,-1,-1
310,17,1204,548,152,194,1,-1,-1,-1
310,19,2168,594,206,225,1,-1,-1,-1
310,21,1994,270,263,328,1,-1,-1,-1
310,25,1885,511,193,277,1,-1,-1,-1
310,26,1009,310,202,290,1,-1,-1,-1
311,17,1209,547,152,194,1,-1,-1,-1
311,19,2182,596,206,225,1,-1,-1,-1
311,21,1996,270,263,328,1,-1,-1,-1
311,25,1906,519,184,264,1,-1,-1,-1
311,26,1010,313,202,290,1,-1,-1,-1
312,17,1216,546,152,194,1,-1,-1,-1
312,19,2187,596,206,225,1,-1,-1,-1
312,21,2000,269,263,328,1,-1,-1,-1
312,25,1909,513,193,277,1,-1,-1,-1
312,26,1016,323,192,276,1,-1,-1,-1
313,17,1216,546,152,194,1,-1,-1,-1
313,19,2187,596,206,225,1,-1,-1,-1
313,21,2000,269,263,328,1,-1,-1,-1
313,25,1909,513,193,277,1,-1,-1,-1
313,26,988,336,216,264,1,-1,-1,-1
313,27,1296,548,424,360,1,-1,-1,-1
314,17,1231,546,152,194,1,-1,-1,-1
314,19,2214,603,196,214,1,-1,-1,-1
314,21,2008,269,263,328,1,-1,-1,-1
314,25,1934,523,184,264,1,-1,-1,-1
314,26,986,338,216,264,1,-1,-1,-1
314,27,1299,547,424,360,1,-1,-1,-1
315,17,1231,545,152,194,1,-1,-1,-1
315,19,2220,600,196,214,1,-1,-1,-1
315,21,2011,269,263,328,1,-1,-1,-1
315,25,1934,523,184,264,1,-1,-1,-1
315,26,993,345,206,251,1,-1,-1,-1
315,27,1299,546,424,360,1,-1,-1,-1
316,17,1236,546,152,194,1,-1,-1,-1
316,19,2221,593,206,225,1,-1,-1,-1
316,21,2013,270,263,328,1,-1,-1,-1
316,25,1942,523,184,264,1,-1,-1,-1
316,26,994,345,206,251,1,-1,-1,-1
316,27,1301,544,424,360,1,-1,-1,-1
317,17,1246,547,152,194,1,-1,-1,-1
317,19,2231,596,206,225,1,-1,-1,-1
317,21,2014,270,263,328,1,-1,-1,-1
317,25,1953,521,184,264,1,-1,-1,-1
317,26,993,345,206,251,1,-1,-1,-1
317,27,1302,544,424,360,1,-1,-1,-1
318,17,1253,545,152,194,1,-1,-1,-1
318,19,2241,597,206,225,1,-1,-1,-1
318,21,2016,268,263,328,1,-1,-1,-1
318,25,1960,521,184,264,1,-1,-1,-1
318,26,992,348,206,251,1,-1,-1,-1
318,27,1304,544,424,360,1,-1,-1,-1
319,17,1268,546,152,194,1,-1,-1,-1
319,21,2020,266,263,328,1,-1,-1,-1
319,25,1968,520,184,264,1,-1,-1,-1
319,26,994,346,206,251,1,-1,-1,-1
319,27,1305,544,424,360,1,-1,-1,-1
320,17,1268,544,152,194,1,-1,-1,-1
320,21,2025,265,263,328,1,-1,-1,-1
320,25,1966,513,193,277,1,-1,-1,-1
320,26,996,345,206,251,1,-1,-1,-1
320,27,1305,544,424,360,1,-1,-1,-1
321,17,1268,544,152,194,1,-1,-1,-1
321,21,2025,265,263,328,1,-1,-1,-1
321,25,1966,513,193,277,1,-1,-1,-1
321,26,996,345,206,251,1,-1,-1,-1
321,27,1296,548,428,360,1,-1,-1,-1
