1,0,2276,512,280,196,1,-1,-1,-1
1,1,1756,612,240,132,1,-1,-1,-1
1,2,1136,620,296,140,1,-1,-1,-1
1,3,900,624,236,136,1,-1,-1,-1
1,4,240,616,188,156,1,-1,-1,-1
2,0,2265,512,280,196,1,-1,-1,-1
2,1,1751,613,240,132,1,-1,-1,-1
2,2,1137,620,296,140,1,-1,-1,-1
2,3,903,625,236,136,1,-1,-1,-1
2,4,256,615,188,156,1,-1,-1,-1
3,0,2253,515,280,196,1,-1,-1,-1
3,1,1745,614,240,132,1,-1,-1,-1
3,2,1144,621,296,140,1,-1,-1,-1
3,3,918,626,236,136,1,-1,-1,-1
3,4,275,615,188,156,1,-1,-1,-1
4,0,2232,520,267,187,1,-1,-1,-1
4,1,1728,616,240,132,1,-1,-1,-1
4,2,1145,623,296,140,1,-1,-1,-1
4,3,928,626,236,136,1,-1,-1,-1
4,4,310,618,188,156,1,-1,-1,-1
5,0,2223,525,254,178,1,-1,-1,-1
5,1,1728,620,229,126,1,-1,-1,-1
5,2,1146,626,296,140,1,-1,-1,-1
5,3,926,627,236,136,1,-1,-1,-1
5,4,322,617,188,156,1,-1,-1,-1
6,0,2210,525,254,178,1,-1,-1,-1
6,1,1721,621,229,126,1,-1,-1,-1
6,2,1146,626,296,140,1,-1,-1,-1
6,3,935,625,236,136,1,-1,-1,-1
6,4,339,616,188,156,1,-1,-1,-1
7,0,2206,527,254,178,1,-1,-1,-1
7,1,1715,624,229,126,1,-1,-1,-1
7,2,1149,627,296,140,1,-1,-1,-1
7,3,939,628,236,136,1,-1,-1,-1
7,4,355,618,188,156,1,-1,-1,-1
8,0,2204,525,254,178,1,-1,-1,-1
8,1,1711,624,229,126,1,-1,-1,-1
8,2,1166,629,282,133,1,-1,-1,-1
8,3,947,633,225,130,1,-1,-1,-1
8,4,363,619,188,156,1,-1,-1,-1
9,0,2208,528,280,184,1,-1,-1,-1
9,1,1716,628,224,120,1,-1,-1,-1
9,2,1224,624,224,124,1,-1,-1,-1
9,3,948,616,256,136,1,-1,-1,-1
9,4,352,624,172,132,1,-1,-1,-1
9,5,608,632,216,112,1,-1,-1,-1
9,6,208,628,172,116,1,-1,-1,-1
10,0,2212,526,280,184,1,-1,-1,-1
10,1,1716,628,224,120,1,-1,-1,-1
10,2,1226,624,224,124,1,-1,-1,-1
10,3,949,616,256,136,1,-1,-1,-1
10,4,353,624,172,132,1,-1,-1,-1
10,5,610,632,216,112,1,-1,-1,-1
10,6,211,628,172,116,1,-1,-1,-1
11,0,2217,527,280,184,1,-1,-1,-1
11,1,1719,628,224,120,1,-1,-1,-1
11,2,1229,624,224,124,1,-1,-1,-1
11,3,951,617,256,136,1,-1,-1,-1
11,4,357,625,172,132,1,-1,-1,-1
11,5,614,632,216,112,1,-1,-1,-1
11,6,213,629,172,116,1,-1,-1,-1
12,0,2228,526,280,184,1,-1,-1,-1
12,1,1725,627,224,120,1,-1,-1,-1
12,2,1234,625,224,124,1,-1,-1,-1
12,3,945,613,269,143,1,-1,-1,-1
12,4,356,625,172,132,1,-1,-1,-1
12,5,615,633,216,112,1,-1,-1,-1
12,6,215,629,172,116,1,-1,-1,-1
13,0,2240,530,267,175,1,-1,-1,-1
13,1,1730,628,224,120,1,-1,-1,-1
13,2,1237,626,224,124,1,-1,-1,-1
13,3,945,613,269,143,1,-1,-1,-1
13,4,358,626,172,132,1,-1,-1,-1
13,5,615,634,216,112,1,-1,-1,-1
13,6,214,627,181,122,1,-1,-1,-1
14,0,2247,530,267,175,1,-1,-1,-1
14,1,1733,628,224,120,1,-1,-1,-1
14,2,1239,627,224,124,1,-1,-1,-1
14,3,950,614,269,143,1,-1,-1,-1
14,4,361,626,172,132,1,-1,-1,-1
14,5,617,635,216,112,1,-1,-1,-1
14,6,216,627,181,122,1,-1,-1,-1
15,0,2251,529,267,175,1,-1,-1,-1
15,1,1736,629,224,120,1,-1,-1,-1
15,2,1242,629,224,124,1,-1,-1,-1
15,3,948,612,269,143,1,-1,-1,-1
15,4,361,626,172,132,1,-1,-1,-1
15,5,617,636,216,112,1,-1,-1,-1
15,6,218,628,181,122,1,-1,-1,-1
16,0,2253,526,267,175,1,-1,-1,-1
16,1,1736,628,235,126,1,-1,-1,-1
16,2,1247,631,224,124,1,-1,-1,-1
16,3,956,612,269,143,1,-1,-1,-1
16,4,362,626,172,132,1,-1,-1,-1
16,5,624,636,216,112,1,-1,-1,-1
16,6,227,633,172,116,1,-1,-1,-1
17,0,2276,532,272,152,1,-1,-1,-1
17,1,1736,632,240,112,1,-1,-1,-1
17,2,1200,624,288,136,1,-1,-1,-1
17,3,1044,636,228,104,1,-1,-1,-1
17,4,392,632,164,116,1,-1,-1,-1
17,5,596,644,260,144,1,-1,-1,-1
17,6,260,644,164,104,1,-1,-1,-1
17,7,4,624,220,168,1,-1,-1,-1
18,0,2284,532,272,152,1,-1,-1,-1
18,1,1735,630,252,118,1,-1,-1,-1
18,2,1206,627,288,136,1,-1,-1,-1
18,3,1051,639,228,104,1,-1,-1,-1
18,4,398,633,164,116,1,-1,-1,-1
18,5,599,644,260,144,1,-1,-1,-1
18,6,268,647,164,104,1,-1,-1,-1
18,7,9,625,220,168,1,-1,-1,-1
19,0,2289,533,271,152,1,-1,-1,-1
19,1,1738,632,252,118,1,-1,-1,-1
19,2,1209,630,288,136,1,-1,-1,-1
19,3,1051,639,228,104,1,-1,-1,-1
19,4,401,633,164,116,1,-1,-1,-1
19,5,603,647,260,144,1,-1,-1,-1
19,6,271,647,164,104,1,-1,-1,-1
19,7,10,626,220,168,1,-1,-1,-1
20,0,2291,534,269,152,1,-1,-1,-1
20,1,1740,633,252,118,1,-1,-1,-1
20,2,1213,633,288,136,1,-1,-1,-1
20,3,1062,643,217,99,1,-1,-1,-1
20,4,400,633,164,116,1,-1,-1,-1
20,5,600,647,260,144,1,-1,-1,-1
20,6,271,647,164,104,1,-1,-1,-1
20,7,12,626,220,168,1,-1,-1,-1
21,0,2310,533,250,152,1,-1,-1,-1
21,1,1765,637,240,112,1,-1,-1,-1
21,2,1236,633,288,136,1,-1,-1,-1
21,3,1075,643,217,99,1,-1,-1,-1
21,4,415,633,164,116,1,-1,-1,-1
21,5,615,648,260,144,1,-1,-1,-1
21,6,287,648,164,104,1,-1,-1,-1
21,7,26,627,220,168,1,-1,-1,-1
22,0,2318,542,242,145,1,-1,-1,-1
22,1,1767,630,252,118,1,-1,-1,-1
22,2,1245,633,288,136,1,-1,-1,-1
22,3,1084,642,228,104,1,-1,-1,-1
22,4,434,637,156,110,1,-1,-1,-1
22,5,628,650,260,144,1,-1,-1,-1
22,6,303,651,164,104,1,-1,-1,-1
22,7,40,630,220,168,1,-1,-1,-1
23,0,2322,545,238,145,1,-1,-1,-1
23,1,1776,629,252,118,1,-1,-1,-1
23,2,1259,635,274,130,1,-1,-1,-1
23,3,1090,643,228,104,1,-1,-1,-1
23,4,444,641,156,110,1,-1,-1,-1
23,5,635,651,260,144,1,-1,-1,-1
23,6,321,654,164,104,1,-1,-1,-1
23,7,54,629,220,168,1,-1,-1,-1
24,0,2329,544,231,145,1,-1,-1,-1
24,1,1797,630,240,112,1,-1,-1,-1
24,2,1287,640,261,123,1,-1,-1,-1
24,3,1099,642,239,109,1,-1,-1,-1
24,4,454,642,156,110,1,-1,-1,-1
24,5,646,652,260,144,1,-1,-1,-1
24,6,335,656,164,104,1,-1,-1,-1
24,7,74,637,210,160,1,-1,-1,-1
25,0,2392,560,164,112,1,-1,-1,-1
25,1,1816,604,220,152,1,-1,-1,-1
25,2,1320,628,244,136,1,-1,-1,-1
25,3,1099,642,239,109,1,-1,-1,-1
25,4,356,632,268,128,1,-1,-1,-1
25,5,646,652,260,144,1,-1,-1,-1
25,6,335,656,164,104,1,-1,-1,-1
25,7,74,637,210,160,1,-1,-1,-1
26,0,2422,560,138,112,1,-1,-1,-1
26,1,1843,604,220,152,1,-1,-1,-1
26,2,1351,630,244,136,1,-1,-1,-1
26,3,1126,647,239,109,1,-1,-1,-1
26,4,387,633,268,128,1,-1,-1,-1
26,5,694,651,260,144,1,-1,-1,-1
26,6,389,657,164,104,1,-1,-1,-1
26,7,114,640,210,160,1,-1,-1,-1
27,0,2437,561,123,112,1,-1,-1,-1
27,1,1860,608,220,152,1,-1,-1,-1
27,2,1371,632,244,136,1,-1,-1,-1
27,3,1141,650,228,104,1,-1,-1,-1
27,4,410,635,268,128,1,-1,-1,-1
27,5,708,649,260,144,1,-1,-1,-1
27,6,408,658,164,104,1,-1,-1,-1
27,7,135,639,210,160,1,-1,-1,-1
28,0,2451,560,109,112,1,-1,-1,-1
28,1,1873,608,220,152,1,-1,-1,-1
28,2,1382,634,244,136,1,-1,-1,-1
28,3,1155,646,239,109,1,-1,-1,-1
28,4,422,635,268,128,1,-1,-1,-1
28,5,730,652,248,137,1,-1,-1,-1
28,6,428,658,164,104,1,-1,-1,-1
28,7,150,639,210,160,1,-1,-1,-1
29,0,2466,558,94,112,1,-1,-1,-1
29,1,1889,609,220,152,1,-1,-1,-1
29,2,1397,634,244,136,1,-1,-1,-1
29,3,1174,645,251,115,1,-1,-1,-1
29,4,441,634,268,128,1,-1,-1,-1
29,5,743,655,248,137,1,-1,-1,-1
29,6,447,660,156,99,1,-1,-1,-1
29,7,163,639,210,160,1,-1,-1,-1
30,0,2485,556,75,112,1,-1,-1,-1
30,1,1912,611,220,152,1,-1,-1,-1
30,2,1421,633,244,136,1,-1,-1,-1
30,4,467,633,268,128,1,-1,-1,-1
30,5,768,657,248,137,1,-1,-1,-1
30,6,478,658,156,99,1,-1,-1,-1
30,7,182,638,210,160,1,-1,-1,-1
31,0,2495,555,65,112,1,-1,-1,-1
31,1,1920,610,231,160,1,-1,-1,-1
31,2,1430,634,244,136,1,-1,-1,-1
31,4,477,632,268,128,1,-1,-1,-1
31,5,787,658,248,137,1,-1,-1,-1
31,6,496,657,149,94,1,-1,-1,-1
31,7,201,640,200,152,1,-1,-1,-1
32,0,2502,559,58,107,1,-1,-1,-1
32,1,1928,611,231,160,1,-1,-1,-1
32,2,1432,629,256,143,1,-1,-1,-1
32,4,491,634,255,122,1,-1,-1,-1
32,5,806,653,248,137,1,-1,-1,-1
32,6,505,655,149,94,1,-1,-1,-1
32,7,206,637,210,160,1,-1,-1,-1
33,0,2502,559,58,107,1,-1,-1,-1
33,1,1936,632,244,128,1,-1,-1,-1
33,2,1432,629,256,143,1,-1,-1,-1
33,4,524,636,220,112,1,-1,-1,-1
33,5,876,648,184,124,1,-1,-1,-1
33,6,505,655,149,94,1,-1,-1,-1
33,7,206,637,210,160,1,-1,-1,-1
33,8,1312,644,268,120,1,-1,-1,-1
34,0,2513,561,47,112,1,-1,-1,-1
34,1,1953,632,244,128,1,-1,-1,-1
34,2,1455,628,256,143,1,-1,-1,-1
34,4,540,636,220,112,1,-1,-1,-1
34,5,892,648,184,124,1,-1,-1,-1
34,6,525,651,156,99,1,-1,-1,-1
34,7,223,634,210,160,1,-1,-1,-1
34,8,1329,644,268,120,1,-1,-1,-1
35,0,2521,560,39,118,1,-1,-1,-1
35,1,1958,632,244,128,1,-1,-1,-1
35,2,1464,630,256,143,1,-1,-1,-1
35,4,549,637,220,112,1,-1,-1,-1
35,5,901,648,184,124,1,-1,-1,-1
35,6,541,648,149,94,1,-1,-1,-1
35,7,238,632,210,160,1,-1,-1,-1
35,8,1334,644,268,120,1,-1,-1,-1
36,0,2524,563,36,112,1,-1,-1,-1
36,1,1965,631,244,128,1,-1,-1,-1
36,2,1477,630,256,143,1,-1,-1,-1
36,4,557,639,210,107,1,-1,-1,-1
36,5,908,647,184,124,1,-1,-1,-1
36,6,543,650,149,94,1,-1,-1,-1
36,7,239,633,210,160,1,-1,-1,-1
36,8,1340,644,268,120,1,-1,-1,-1
37,0,2529,563,31,112,1,-1,-1,-1
37,1,1972,631,244,128,1,-1,-1,-1
37,2,1475,626,269,150,1,-1,-1,-1
37,4,558,638,220,112,1,-1,-1,-1
37,5,912,649,184,124,1,-1,-1,-1
37,6,556,651,149,94,1,-1,-1,-1
37,7,248,632,210,160,1,-1,-1,-1
37,8,1344,643,268,120,1,-1,-1,-1
38,0,2539,561,21,118,1,-1,-1,-1
38,1,1986,630,244,128,1,-1,-1,-1
38,2,1495,627,269,150,1,-1,-1,-1
38,4,571,636,220,112,1,-1,-1,-1
38,5,927,646,184,124,1,-1,-1,-1
38,7,261,631,210,160,1,-1,-1,-1
38,8,1356,643,268,120,1,-1,-1,-1
39,0,2540,560,20,118,1,-1,-1,-1
39,1,1991,628,244,128,1,-1,-1,-1
39,2,1503,627,269,150,1,-1,-1,-1
39,4,572,637,220,112,1,-1,-1,-1
39,5,930,643,193,130,1,-1,-1,-1
39,7,251,627,220,168,1,-1,-1,-1
39,8,1359,643,268,120,1,-1,-1,-1
40,1,1995,627,244,128,1,-1,-1,-1
40,2,1515,629,256,143,1,-1,-1,-1
40,4,579,638,220,112,1,-1,-1,-1
40,5,940,642,193,130,1,-1,-1,-1
40,7,259,628,220,168,1,-1,-1,-1
40,8,1363,644,268,120,1,-1,-1,-1
41,1,2004,624,244,132,1,-1,-1,-1
41,2,1548,656,248,112,1,-1,-1,-1
41,4,579,638,220,112,1,-1,-1,-1
41,5,968,636,228,140,1,-1,-1,-1
41,7,364,624,156,168,1,-1,-1,-1
41,8,1396,640,168,120,1,-1,-1,-1
41,9,88,656,204,140,1,-1,-1,-1
41,10,704,628,172,128,1,-1,-1,-1
42,1,2005,619,256,139,1,-1,-1,-1
42,2,1553,655,248,112,1,-1,-1,-1
42,4,592,636,231,118,1,-1,-1,-1
42,5,980,635,228,140,1,-1,-1,-1
42,7,370,624,156,168,1,-1,-1,-1
42,8,1403,640,168,120,1,-1,-1,-1
42,9,93,655,204,140,1,-1,-1,-1
42,10,710,627,172,128,1,-1,-1,-1
43,1,2011,617,256,139,1,-1,-1,-1
43,2,1556,654,248,112,1,-1,-1,-1
43,4,594,636,231,118,1,-1,-1,-1
43,5,983,633,228,140,1,-1,-1,-1
43,7,375,625,156,168,1,-1,-1,-1
43,8,1406,639,168,120,1,-1,-1,-1
43,9,98,654,204,140,1,-1,-1,-1
43,10,715,627,172,128,1,-1,-1,-1
44,1,2017,615,256,139,1,-1,-1,-1
44,2,1557,651,260,118,1,-1,-1,-1
44,4,598,635,231,118,1,-1,-1,-1
44,5,995,635,217,133,1,-1,-1,-1
44,7,378,627,156,168,1,-1,-1,-1
44,8,1407,639,168,120,1,-1,-1,-1
44,9,102,656,204,140,1,-1,-1,-1
44,10,721,627,172,128,1,-1,-1,-1
45,1,2021,614,256,139,1,-1,-1,-1
45,2,1560,651,260,118,1,-1,-1,-1
45,4,602,635,231,118,1,-1,-1,-1
45,5,1000,633,217,133,1,-1,-1,-1
45,7,382,628,156,168,1,-1,-1,-1
45,8,1411,638,168,120,1,-1,-1,-1
45,9,106,658,204,140,1,-1,-1,-1
45,10,723,628,172,128,1,-1,-1,-1
46,1,2034,612,256,139,1,-1,-1,-1
46,2,1564,647,273,123,1,-1,-1,-1
46,4,616,631,231,118,1,-1,-1,-1
46,5,1008,633,217,133,1,-1,-1,-1
46,7,392,628,156,168,1,-1,-1,-1
46,8,1418,639,168,120,1,-1,-1,-1
46,9,112,661,204,140,1,-1,-1,-1
46,10,732,626,172,128,1,-1,-1,-1
47,1,2037,611,256,139,1,-1,-1,-1
47,2,1568,645,273,123,1,-1,-1,-1
47,4,615,632,231,118,1,-1,-1,-1
47,5,1007,627,217,133,1,-1,-1,-1
47,7,396,627,156,168,1,-1,-1,-1
47,8,1423,639,168,120,1,-1,-1,-1
47,9,116,664,204,140,1,-1,-1,-1
47,10,734,626,172,128,1,-1,-1,-1
48,1,2042,609,256,139,1,-1,-1,-1
48,2,1579,646,260,118,1,-1,-1,-1
48,4,619,629,231,118,1,-1,-1,-1
48,5,1014,631,207,127,1,-1,-1,-1
48,7,400,629,156,168,1,-1,-1,-1
48,8,1427,640,168,120,1,-1,-1,-1
48,9,126,671,194,133,1,-1,-1,-1
48,10,732,623,181,134,1,-1,-1,-1
49,1,2064,608,244,148,1,-1,-1,-1
49,2,1444,640,404,140,1,-1,-1,-1
49,4,619,629,231,118,1,-1,-1,-1
49,5,1048,620,204,144,1,-1,-1,-1
49,7,400,629,156,168,1,-1,-1,-1
49,8,1427,640,168,120,1,-1,-1,-1
49,9,108,668,212,132,1,-1,-1,-1
49,10,676,624,232,164,1,-1,-1,-1
50,1,2070,609,244,148,1,-1,-1,-1
50,2,1446,643,404,140,1,-1,-1,-1
50,4,641,630,220,112,1,-1,-1,-1
50,5,1052,621,204,144,1,-1,-1,-1
50,7,413,631,156,168,1,-1,-1,-1
50,8,1436,642,168,120,1,-1,-1,-1
50,9,111,668,212,132,1,-1,-1,-1
50,10,679,623,232,164,1,-1,-1,-1
51,1,2074,609,244,148,1,-1,-1,-1
51,2,1449,645,404,140,1,-1,-1,-1
51,4,652,632,210,107,1,-1,-1,-1
51,5,1056,622,204,144,1,-1,-1,-1
51,7,419,630,156,168,1,-1,-1,-1
51,8,1444,641,168,120,1,-1,-1,-1
51,9,114,667,212,132,1,-1,-1,-1
51,10,684,622,232,164,1,-1,-1,-1
52,1,2078,610,244,148,1,-1,-1,-1
52,2,1440,643,424,147,1,-1,-1,-1
52,4,653,633,210,107,1,-1,-1,-1
52,5,1056,622,204,144,1,-1,-1,-1
52,7,434,640,156,168,1,-1,-1,-1
52,8,1459,640,160,114,1,-1,-1,-1
52,9,116,668,212,132,1,-1,-1,-1
52,10,686,622,232,164,1,-1,-1,-1
53,1,2084,610,244,148,1,-1,-1,-1
53,2,1443,641,424,147,1,-1,-1,-1
53,4,659,636,200,102,1,-1,-1,-1
53,5,1058,621,204,144,1,-1,-1,-1
53,7,438,644,156,168,1,-1,-1,-1
53,8,1464,639,160,114,1,-1,-1,-1
53,9,117,668,212,132,1,-1,-1,-1
53,10,691,622,232,164,1,-1,-1,-1
54,1,2091,607,244,148,1,-1,-1,-1
54,2,1449,638,424,147,1,-1,-1,-1
54,4,667,632,210,107,1,-1,-1,-1
54,5,1058,620,204,144,1,-1,-1,-1
54,7,432,640,164,176,1,-1,-1,-1
54,8,1471,640,160,114,1,-1,-1,-1
54,9,120,669,212,132,1,-1,-1,-1
54,10,695,623,232,164,1,-1,-1,-1
55,1,2094,605,244,148,1,-1,-1,-1
55,2,1461,642,404,140,1,-1,-1,-1
55,5,1054,617,214,151,1,-1,-1,-1
55,7,434,642,164,176,1,-1,-1,-1
55,8,1476,641,160,114,1,-1,-1,-1
55,9,123,670,212,132,1,-1,-1,-1
55,10,696,625,232,164,1,-1,-1,-1
56,1,2099,603,244,148,1,-1,-1,-1
56,2,1460,641,404,140,1,-1,-1,-1
56,5,1058,617,214,151,1,-1,-1,-1
56,7,433,641,164,176,1,-1,-1,-1
56,8,1476,641,160,114,1,-1,-1,-1
56,9,126,670,212,132,1,-1,-1,-1
56,10,696,625,232,164,1,-1,-1,-1
57,1,2108,588,236,168,1,-1,-1,-1
57,2,1596,624,288,152,1,-1,-1,-1
57,5,1092,624,172,140,1,-1,-1,-1
57,7,433,641,164,176,1,-1,-1,-1
57,8,1480,656,172,108,1,-1,-1,-1
57,9,156,672,196,124,1,-1,-1,-1
57,10,728,656,200,140,1,-1,-1,-1
57,11,0,676,108,124,1,-1,-1,-1
58,1,2114,587,236,168,1,-1,-1,-1
58,2,1599,624,288,152,1,-1,-1,-1
58,5,1094,625,172,140,1,-1,-1,-1
58,7,441,645,164,176,1,-1,-1,-1
58,8,1483,657,172,108,1,-1,-1,-1
58,9,162,671,196,124,1,-1,-1,-1
58,10,728,656,200,140,1,-1,-1,-1
58,11,2,675,108,124,1,-1,-1,-1
59,1,2119,586,236,168,1,-1,-1,-1
59,2,1605,625,288,152,1,-1,-1,-1
59,5,1094,628,172,140,1,-1,-1,-1
59,7,440,641,164,176,1,-1,-1,-1
59,8,1485,658,172,108,1,-1,-1,-1
59,9,163,672,196,124,1,-1,-1,-1
59,10,729,658,200,140,1,-1,-1,-1
59,11,3,674,108,124,1,-1,-1,-1
60,1,2122,587,236,168,1,-1,-1,-1
60,2,1607,624,288,152,1,-1,-1,-1
60,5,1096,629,172,140,1,-1,-1,-1
60,7,448,647,164,176,1,-1,-1,-1
60,8,1488,660,172,108,1,-1,-1,-1
60,9,165,672,196,124,1,-1,-1,-1
60,10,732,658,200,140,1,-1,-1,-1
60,11,3,673,108,124,1,-1,-1,-1
61,1,2126,587,236,168,1,-1,-1,-1
61,2,1610,623,288,152,1,-1,-1,-1
61,5,1095,629,172,140,1,-1,-1,-1
61,7,450,652,164,176,1,-1,-1,-1
61,8,1489,661,172,108,1,-1,-1,-1
61,9,171,674,187,118,1,-1,-1,-1
61,10,732,658,200,140,1,-1,-1,-1
61,11,4,673,108,124,1,-1,-1,-1
62,1,2135,588,236,168,1,-1,-1,-1
62,2,1615,624,288,152,1,-1,-1,-1
62,5,1097,629,172,140,1,-1,-1,-1
62,8,1489,662,172,108,1,-1,-1,-1
62,9,177,675,187,118,1,-1,-1,-1
62,10,735,659,200,140,1,-1,-1,-1
62,11,7,675,108,124,1,-1,-1,-1
63,1,2136,585,248,176,1,-1,-1,-1
63,2,1619,625,288,152,1,-1,-1,-1
63,5,1100,629,172,140,1,-1,-1,-1
63,8,1489,662,181,113,1,-1,-1,-1
63,9,179,675,187,118,1,-1,-1,-1
63,10,735,659,200,140,1,-1,-1,-1
63,11,8,675,108,124,1,-1,-1,-1
64,1,2141,586,248,176,1,-1,-1,-1
64,2,1611,622,302,160,1,-1,-1,-1
64,5,1099,628,172,140,1,-1,-1,-1
64,8,1486,659,181,113,1,-1,-1,-1
64,9,174,672,196,124,1,-1,-1,-1
64,10,734,660,200,140,1,-1,-1,-1
64,11,7,675,108,124,1,-1,-1,-1
65,1,2140,596,268,156,1,-1,-1,-1
65,2,1656,636,260,140,1,-1,-1,-1
65,5,1084,628,204,136,1,-1,-1,-1
65,8,1486,659,181,113,1,-1,-1,-1
65,9,208,692,184,100,1,-1,-1,-1
65,10,776,652,168,128,1,-1,-1,-1
65,11,0,676,120,116,1,-1,-1,-1
66,1,2145,598,268,156,1,-1,-1,-1
66,2,1664,637,260,140,1,-1,-1,-1
66,5,1086,629,204,136,1,-1,-1,-1
66,8,1488,661,181,113,1,-1,-1,-1
66,9,217,694,175,95,1,-1,-1,-1
66,10,778,654,168,128,1,-1,-1,-1
66,11,2,676,120,116,1,-1,-1,-1
67,1,2149,600,268,156,1,-1,-1,-1
67,2,1671,642,248,133,1,-1,-1,-1
67,5,1088,630,204,136,1,-1,-1,-1
67,8,1490,661,181,113,1,-1,-1,-1
67,9,219,697,175,95,1,-1,-1,-1
67,10,779,655,168,128,1,-1,-1,-1
67,11,2,677,120,116,1,-1,-1,-1
68,1,2151,600,268,156,1,-1,-1,-1
68,2,1664,644,248,133,1,-1,-1,-1
68,5,1089,631,204,136,1,-1,-1,-1
68,8,1492,662,181,113,1,-1,-1,-1
68,9,223,697,175,95,1,-1,-1,-1
68,10,781,657,168,128,1,-1,-1,-1
68,11,3,678,120,116,1,-1,-1,-1
69,1,2147,595,281,164,1,-1,-1,-1
69,2,1669,646,248,133,1,-1,-1,-1
69,5,1088,631,204,136,1,-1,-1,-1
69,8,1493,661,181,113,1,-1,-1,-1
69,9,223,698,175,95,1,-1,-1,-1
69,10,781,659,168,128,1,-1,-1,-1
69,11,5,681,120,116,1,-1,-1,-1
70,1,2153,596,281,164,1,-1,-1,-1
70,2,1685,646,248,133,1,-1,-1,-1
70,5,1084,634,204,136,1,-1,-1,-1
70,8,1496,663,181,113,1,-1,-1,-1
70,9,219,697,184,100,1,-1,-1,-1
70,10,787,663,160,122,1,-1,-1,-1
70,11,4,684,120,116,1,-1,-1,-1
71,1,2158,595,281,164,1,-1,-1,-1
71,2,1693,650,236,127,1,-1,-1,-1
71,5,1079,634,214,143,1,-1,-1,-1
71,8,1501,663,181,113,1,-1,-1,-1
71,9,222,695,184,100,1,-1,-1,-1
71,10,788,664,160,122,1,-1,-1,-1
71,11,7,684,120,116,1,-1,-1,-1
72,1,2161,597,281,164,1,-1,-1,-1
72,2,1697,657,225,121,1,-1,-1,-1
72,5,1073,636,214,143,1,-1,-1,-1
72,8,1502,665,181,113,1,-1,-1,-1
72,9,223,696,184,100,1,-1,-1,-1
72,10,790,664,160,122,1,-1,-1,-1
72,11,6,682,126,122,1,-1,-1,-1
73,1,2176,600,260,160,1,-1,-1,-1
73,2,1696,680,184,96,1,-1,-1,-1
73,5,1096,652,220,128,1,-1,-1,-1
73,8,1502,665,181,113,1,-1,-1,-1
73,9,223,696,184,100,1,-1,-1,-1
73,10,820,664,152,144,1,-1,-1,-1
73,11,0,684,148,136,1,-1,-1,-1
73,12,628,664,184,128,1,-1,-1,-1
73,13,504,652,156,132,1,-1,-1,-1
73,14,1692,628,276,156,1,-1,-1,-1
73,15,332,680,192,128,1,-1,-1,-1
74,1,2174,599,273,168,1,-1,-1,-1
74,2,1701,681,184,96,1,-1,-1,-1
74,5,1098,654,220,128,1,-1,-1,-1
74,8,1504,666,181,113,1,-1,-1,-1
74,9,223,687,193,105,1,-1,-1,-1
74,10,823,665,152,144,1,-1,-1,-1
74,11,4,684,148,136,1,-1,-1,-1
74,12,631,665,184,128,1,-1,-1,-1
74,13,506,652,156,132,1,-1,-1,-1
74,14,1697,629,276,156,1,-1,-1,-1
74,15,336,681,192,128,1,-1,-1,-1
75,1,2177,601,273,168,1,-1,-1,-1
75,2,1705,681,184,96,1,-1,-1,-1
75,5,1100,656,220,128,1,-1,-1,-1
75,8,1506,669,181,113,1,-1,-1,-1
75,9,223,683,203,110,1,-1,-1,-1
75,10,824,667,152,144,1,-1,-1,-1
75,11,3,685,148,136,1,-1,-1,-1
75,12,634,667,184,128,1,-1,-1,-1
75,13,510,655,156,132,1,-1,-1,-1
75,14,1696,628,276,156,1,-1,-1,-1
75,15,339,682,192,128,1,-1,-1,-1
76,1,2187,606,260,160,1,-1,-1,-1
76,2,1710,681,184,96,1,-1,-1,-1
76,5,1101,658,220,128,1,-1,-1,-1
76,8,1513,670,172,108,1,-1,-1,-1
76,9,224,679,213,116,1,-1,-1,-1
76,10,825,667,152,144,1,-1,-1,-1
76,11,5,686,148,136,1,-1,-1,-1
76,12,634,669,184,128,1,-1,-1,-1
76,13,512,656,156,132,1,-1,-1,-1
76,14,1699,629,276,156,1,-1,-1,-1
76,15,341,683,192,128,1,-1,-1,-1
77,1,2192,606,260,160,1,-1,-1,-1
77,2,1719,687,175,91,1,-1,-1,-1
77,5,1103,659,220,128,1,-1,-1,-1
77,8,1518,668,172,108,1,-1,-1,-1
77,9,221,677,213,116,1,-1,-1,-1
77,10,825,668,152,144,1,-1,-1,-1
77,11,5,686,148,136,1,-1,-1,-1
77,12,634,671,184,128,1,-1,-1,-1
77,13,513,657,156,132,1,-1,-1,-1
77,14,1705,632,276,156,1,-1,-1,-1
77,15,345,684,192,128,1,-1,-1,-1
78,1,2199,605,260,160,1,-1,-1,-1
78,2,1723,689,175,91,1,-1,-1,-1
78,5,1104,660,220,128,1,-1,-1,-1
78,8,1529,671,172,108,1,-1,-1,-1
78,9,223,677,213,116,1,-1,-1,-1
78,10,825,669,152,144,1,-1,-1,-1
78,11,1,684,155,143,1,-1,-1,-1
78,12,640,673,184,128,1,-1,-1,-1
78,13,517,657,156,132,1,-1,-1,-1
78,14,1703,632,276,156,1,-1,-1,-1
78,15,340,682,202,134,1,-1,-1,-1
79,1,2202,606,260,160,1,-1,-1,-1
79,2,1727,690,175,91,1,-1,-1,-1
79,5,1105,660,220,128,1,-1,-1,-1
79,8,1526,671,181,113,1,-1,-1,-1
79,9,224,678,213,116,1,-1,-1,-1
79,10,825,670,152,144,1,-1,-1,-1
79,11,2,684,155,143,1,-1,-1,-1
79,12,641,672,184,128,1,-1,-1,-1
79,13,520,658,156,132,1,-1,-1,-1
79,14,1704,636,276,156,1,-1,-1,-1
79,15,338,682,202,134,1,-1,-1,-1
80,1,2203,604,260,160,1,-1,-1,-1
80,2,1736,690,175,91,1,-1,-1,-1
80,5,1107,660,220,128,1,-1,-1,-1
80,8,1528,669,181,113,1,-1,-1,-1
80,9,232,678,213,116,1,-1,-1,-1
80,10,823,671,152,144,1,-1,-1,-1
80,11,6,683,155,143,1,-1,-1,-1
80,12,637,668,193,134,1,-1,-1,-1
80,13,524,660,156,132,1,-1,-1,-1
80,14,1695,634,290,164,1,-1,-1,-1
80,15,344,684,192,128,1,-1,-1,-1
81,1,2216,616,264,152,1,-1,-1,-1
81,2,1732,700,128,80,1,-1,-1,-1
81,5,1124,656,216,128,1,-1,-1,-1
81,8,1528,669,181,113,1,-1,-1,-1
81,9,212,668,184,120,1,-1,-1,-1
81,10,823,671,152,144,1,-1,-1,-1
81,11,6,683,155,143,1,-1,-1,-1
81,12,664,656,220,144,1,-1,-1,-1
81,13,488,664,208,156,1,-1,-1,-1
81,14,1695,634,290,164,1,-1,-1,-1
81,15,344,684,192,128,1,-1,-1,-1
82,1,2220,613,264,152,1,-1,-1,-1
82,2,1741,699,128,80,1,-1,-1,-1
82,5,1125,656,216,128,1,-1,-1,-1
82,8,1535,670,181,113,1,-1,-1,-1
82,9,214,669,184,120,1,-1,-1,-1
82,10,814,670,152,144,1,-1,-1,-1
82,11,14,685,155,143,1,-1,-1,-1
82,12,667,657,220,144,1,-1,-1,-1
82,13,491,664,208,156,1,-1,-1,-1
82,14,1701,631,290,164,1,-1,-1,-1
82,15,353,683,192,128,1,-1,-1,-1
83,1,2223,614,264,152,1,-1,-1,-1
83,2,1744,696,128,80,1,-1,-1,-1
83,5,1126,658,216,128,1,-1,-1,-1
83,8,1537,670,181,113,1,-1,-1,-1
83,9,215,670,184,120,1,-1,-1,-1
83,10,816,673,152,144,1,-1,-1,-1
83,11,16,684,155,143,1,-1,-1,-1
83,12,663,653,231,151,1,-1,-1,-1
83,13,494,665,208,156,1,-1,-1,-1
83,14,1705,632,290,164,1,-1,-1,-1
83,15,357,683,192,128,1,-1,-1,-1
84,1,2224,614,264,152,1,-1,-1,-1
84,2,1752,694,128,80,1,-1,-1,-1
84,5,1130,659,216,128,1,-1,-1,-1
84,8,1541,671,181,113,1,-1,-1,-1
84,9,215,670,184,120,1,-1,-1,-1
84,10,814,669,160,151,1,-1,-1,-1
84,11,20,682,155,143,1,-1,-1,-1
84,12,668,654,231,151,1,-1,-1,-1
84,13,496,666,208,156,1,-1,-1,-1
84,14,1704,632,290,164,1,-1,-1,-1
84,15,346,683,192,128,1,-1,-1,-1
85,1,2228,615,264,152,1,-1,-1,-1
85,2,1761,689,128,80,1,-1,-1,-1
85,5,1125,656,227,134,1,-1,-1,-1
85,8,1553,671,172,108,1,-1,-1,-1
85,9,216,671,184,120,1,-1,-1,-1
85,10,813,667,160,151,1,-1,-1,-1
85,11,24,692,148,136,1,-1,-1,-1
85,12,675,657,220,144,1,-1,-1,-1
85,13,497,666,208,156,1,-1,-1,-1
85,14,1704,630,290,164,1,-1,-1,-1
85,15,352,685,192,128,1,-1,-1,-1
86,1,2235,616,264,152,1,-1,-1,-1
86,2,1775,684,128,80,1,-1,-1,-1
86,5,1128,656,227,134,1,-1,-1,-1
86,8,1565,670,172,108,1,-1,-1,-1
86,9,219,671,184,120,1,-1,-1,-1
86,10,814,669,160,151,1,-1,-1,-1
86,11,30,692,148,136,1,-1,-1,-1
86,12,680,659,220,144,1,-1,-1,-1
86,13,501,668,208,156,1,-1,-1,-1
86,14,1748,630,304,172,1,-1,-1,-1
86,15,369,683,192,128,1,-1,-1,-1
87,1,2237,615,264,152,1,-1,-1,-1
87,2,1786,683,128,80,1,-1,-1,-1
87,5,1131,655,227,134,1,-1,-1,-1
87,8,1570,670,172,108,1,-1,-1,-1
87,9,219,674,184,120,1,-1,-1,-1
87,10,813,668,160,151,1,-1,-1,-1
87,11,23,686,155,143,1,-1,-1,-1
87,12,682,657,220,144,1,-1,-1,-1
87,13,502,668,208,156,1,-1,-1,-1
87,14,1749,632,304,172,1,-1,-1,-1
87,15,380,683,192,128,1,-1,-1,-1
88,1,2240,614,264,152,1,-1,-1,-1
88,2,1794,683,128,80,1,-1,-1,-1
88,5,1137,657,216,128,1,-1,-1,-1
88,8,1576,671,172,108,1,-1,-1,-1
88,9,219,675,184,120,1,-1,-1,-1
88,10,811,668,160,151,1,-1,-1,-1
88,11,17,686,155,143,1,-1,-1,-1
88,12,692,657,210,137,1,-1,-1,-1
88,13,498,662,218,164,1,-1,-1,-1
88,14,1772,643,290,164,1,-1,-1,-1
88,15,378,683,192,128,1,-1,-1,-1
89,1,2264,604,228,148,1,-1,-1,-1
89,2,1794,683,128,80,1,-1,-1,-1
89,5,1160,660,224,132,1,-1,-1,-1
89,8,1572,664,200,124,1,-1,-1,-1
89,9,219,675,184,120,1,-1,-1,-1
89,10,836,656,184,152,1,-1,-1,-1
89,11,17,686,155,143,1,-1,-1,-1
89,12,692,657,210,137,1,-1,-1,-1
89,13,498,662,218,164,1,-1,-1,-1
89,14,1808,672,260,108,1,-1,-1,-1
89,15,378,683,192,128,1,-1,-1,-1
90,1,2346,596,214,148,1,-1,-1,-1
90,2,1806,696,128,80,1,-1,-1,-1
90,5,1160,657,235,139,1,-1,-1,-1
90,8,1610,658,200,124,1,-1,-1,-1
90,9,159,666,184,120,1,-1,-1,-1
90,10,818,652,193,160,1,-1,-1,-1
90,11,0,663,119,143,1,-1,-1,-1
90,12,655,651,200,131,1,-1,-1,-1
90,13,470,643,229,172,1,-1,-1,-1
90,14,1861,663,273,113,1,-1,-1,-1
90,15,334,675,202,134,1,-1,-1,-1
91,1,2386,592,174,148,1,-1,-1,-1
91,2,1873,697,122,76,1,-1,-1,-1
91,5,1158,655,247,146,1,-1,-1,-1
91,8,1622,655,210,130,1,-1,-1,-1
91,9,139,667,184,120,1,-1,-1,-1
91,10,797,650,193,160,1,-1,-1,-1
91,11,1,681,148,136,1,-1,-1,-1
91,12,641,651,200,131,1,-1,-1,-1
91,13,437,653,229,172,1,-1,-1,-1
91,14,1895,660,273,113,1,-1,-1,-1
91,15,304,674,212,141,1,-1,-1,-1
92,1,2425,590,135,148,1,-1,-1,-1
92,2,1901,685,122,76,1,-1,-1,-1
92,5,1158,648,259,153,1,-1,-1,-1
92,8,1638,654,210,130,1,-1,-1,-1
92,9,103,667,193,126,1,-1,-1,-1
92,10,793,648,193,160,1,-1,-1,-1
92,11,0,677,142,136,1,-1,-1,-1
92,12,658,653,200,131,1,-1,-1,-1
92,13,425,654,229,172,1,-1,-1,-1
92,14,1918,655,287,119,1,-1,-1,-1
92,15,285,670,212,141,1,-1,-1,-1
93,1,2454,589,106,148,1,-1,-1,-1
93,2,1927,667,122,76,1,-1,-1,-1
93,5,1163,646,259,153,1,-1,-1,-1
93,8,1655,653,210,130,1,-1,-1,-1
93,9,88,669,184,120,1,-1,-1,-1
93,10,782,645,203,168,1,-1,-1,-1
93,11,20,664,148,136,1,-1,-1,-1
93,12,640,651,210,137,1,-1,-1,-1
93,13,417,654,229,172,1,-1,-1,-1
93,14,1933,653,301,125,1,-1,-1,-1
93,15,275,668,212,141,1,-1,-1,-1
94,1,2496,575,64,148,1,-1,-1,-1
94,2,1955,663,128,80,1,-1,-1,-1
94,5,1176,644,259,153,1,-1,-1,-1
94,8,1688,645,220,137,1,-1,-1,-1
94,9,56,665,193,126,1,-1,-1,-1
94,10,772,636,213,176,1,-1,-1,-1
94,11,2,656,148,136,1,-1,-1,-1
94,12,631,647,220,144,1,-1,-1,-1
94,13,403,653,229,172,1,-1,-1,-1
94,14,1964,648,301,125,1,-1,-1,-1
94,15,258,664,212,141,1,-1,-1,-1
95,1,2496,504,64,148,1,-1,-1,-1
95,2,1972,658,134,84,1,-1,-1,-1
95,5,1177,642,259,153,1,-1,-1,-1
95,8,1708,642,220,137,1,-1,-1,-1
95,9,35,669,193,126,1,-1,-1,-1
95,10,760,630,224,185,1,-1,-1,-1
95,11,0,660,136,136,1,-1,-1,-1
95,12,620,644,231,151,1,-1,-1,-1
95,13,395,646,241,181,1,-1,-1,-1
95,14,1987,647,301,125,1,-1,-1,-1
95,15,248,664,212,141,1,-1,-1,-1
96,1,2405,458,155,148,1,-1,-1,-1
96,2,1995,653,141,88,1,-1,-1,-1
96,5,1169,635,272,160,1,-1,-1,-1
96,8,1726,627,232,144,1,-1,-1,-1
96,9,8,668,203,132,1,-1,-1,-1
96,10,754,628,224,185,1,-1,-1,-1
96,11,0,668,119,136,1,-1,-1,-1
96,12,625,642,231,151,1,-1,-1,-1
96,13,386,643,241,181,1,-1,-1,-1
96,14,2005,640,316,131,1,-1,-1,-1
96,15,232,658,222,148,1,-1,-1,-1
97,1,2405,458,155,148,1,-1,-1,-1
97,2,1995,653,141,88,1,-1,-1,-1
97,5,1124,632,336,132,1,-1,-1,-1
97,8,1736,620,260,176,1,-1,-1,-1
97,9,8,668,188,140,1,-1,-1,-1
97,10,776,596,224,224,1,-1,-1,-1
97,11,0,668,119,136,1,-1,-1,-1
97,12,625,642,231,151,1,-1,-1,-1
97,13,428,628,220,180,1,-1,-1,-1
97,14,2020,624,316,160,1,-1,-1,-1
97,15,216,640,228,152,1,-1,-1,-1
98,1,2311,448,228,148,1,-1,-1,-1
98,2,2052,655,141,88,1,-1,-1,-1
98,5,1129,629,336,132,1,-1,-1,-1
98,8,1771,619,260,176,1,-1,-1,-1
98,9,0,664,170,147,1,-1,-1,-1
98,10,775,594,224,224,1,-1,-1,-1
98,11,0,671,155,143,1,-1,-1,-1
98,12,620,641,231,151,1,-1,-1,-1
98,13,411,627,220,180,1,-1,-1,-1
98,14,2062,623,316,160,1,-1,-1,-1
98,15,192,637,228,152,1,-1,-1,-1
99,1,2315,449,239,155,1,-1,-1,-1
99,2,2075,650,148,93,1,-1,-1,-1
99,5,1135,628,336,132,1,-1,-1,-1
99,8,1796,619,260,176,1,-1,-1,-1
99,9,0,665,148,147,1,-1,-1,-1
99,10,768,593,224,224,1,-1,-1,-1
99,11,0,667,143,150,1,-1,-1,-1
99,12,621,644,220,144,1,-1,-1,-1
99,13,401,626,220,180,1,-1,-1,-1
99,14,2084,617,332,168,1,-1,-1,-1
99,15,172,637,228,152,1,-1,-1,-1
100,2,2099,649,148,93,1,-1,-1,-1
100,5,1151,628,336,132,1,-1,-1,-1
100,8,1827,623,248,168,1,-1,-1,-1
100,9,0,663,130,147,1,-1,-1,-1
100,10,763,594,224,224,1,-1,-1,-1
100,13,393,626,220,180,1,-1,-1,-1
100,14,2115,615,332,168,1,-1,-1,-1
100,15,152,634,239,160,1,-1,-1,-1
101,2,2123,646,148,93,1,-1,-1,-1
101,5,1142,627,353,139,1,-1,-1,-1
101,8,1845,619,260,176,1,-1,-1,-1
101,9,0,662,108,147,1,-1,-1,-1
101,10,753,592,224,224,1,-1,-1,-1
101,13,382,625,220,180,1,-1,-1,-1
101,14,2142,614,332,168,1,-1,-1,-1
101,15,136,633,239,160,1,-1,-1,-1
102,2,2171,646,148,93,1,-1,-1,-1
102,5,1169,629,336,132,1,-1,-1,-1
102,8,1896,622,260,176,1,-1,-1,-1
102,9,0,659,66,147,1,-1,-1,-1
102,10,742,589,224,224,1,-1,-1,-1
102,13,353,618,231,189,1,-1,-1,-1
102,14,2200,612,332,168,1,-1,-1,-1
102,15,98,628,251,168,1,-1,-1,-1
103,2,2197,645,148,93,1,-1,-1,-1
103,5,1174,627,336,132,1,-1,-1,-1
103,8,1923,623,260,176,1,-1,-1,-1
103,9,0,658,51,147,1,-1,-1,-1
103,10,739,589,224,224,1,-1,-1,-1
103,13,338,613,243,198,1,-1,-1,-1
103,14,2216,602,344,176,1,-1,-1,-1
103,15,81,626,264,176,1,-1,-1,-1
104,2,2202,648,148,93,1,-1,-1,-1
104,5,1164,626,353,139,1,-1,-1,-1
104,8,1940,624,260,176,1,-1,-1,-1
104,9,0,654,51,147,1,-1,-1,-1
104,10,732,583,235,235,1,-1,-1,-1
104,13,338,614,243,198,1,-1,-1,-1
104,14,2209,598,351,185,1,-1,-1,-1
104,15,87,632,251,168,1,-1,-1,-1
105,2,2202,648,148,93,1,-1,-1,-1
105,5,1224,636,324,168,1,-1,-1,-1
105,8,1924,612,292,180,1,-1,-1,-1
105,9,0,654,51,147,1,-1,-1,-1
105,10,740,588,280,220,1,-1,-1,-1
105,13,336,608,260,216,1,-1,-1,-1
105,14,2204,592,352,208,1,-1,-1,-1
105,15,104,624,240,176,1,-1,-1,-1
105,16,624,612,164,200,1,-1,-1,-1
105,17,1076,620,148,176,1,-1,-1,-1
105,18,1928,676,140,108,1,-1,-1,-1
105,19,1844,828,152,220,1,-1,-1,-1
106,2,2216,644,148,93,1,-1,-1,-1
106,5,1221,631,340,176,1,-1,-1,-1
106,8,1924,610,307,189,1,-1,-1,-1
106,9,0,650,57,147,1,-1,-1,-1
106,10,743,588,280,220,1,-1,-1,-1
106,13,342,608,260,216,1,-1,-1,-1
106,14,2208,591,352,208,1,-1,-1,-1
106,15,109,626,240,176,1,-1,-1,-1
106,16,628,611,164,200,1,-1,-1,-1
106,17,1080,621,148,176,1,-1,-1,-1
106,18,1941,677,147,113,1,-1,-1,-1
106,19,1845,827,152,220,1,-1,-1,-1
107,2,2222,644,148,93,1,-1,-1,-1
107,5,1235,632,324,168,1,-1,-1,-1
107,8,1937,618,292,180,1,-1,-1,-1
107,9,0,645,66,154,1,-1,-1,-1
107,10,746,586,280,220,1,-1,-1,-1
107,13,346,607,260,216,1,-1,-1,-1
107,14,2209,592,351,208,1,-1,-1,-1
107,15,117,629,229,168,1,-1,-1,-1
107,16,632,610,164,200,1,-1,-1,-1
107,17,1084,620,148,176,1,-1,-1,-1
107,18,1942,683,147,113,1,-1,-1,-1
107,19,1846,826,152,220,1,-1,-1,-1
108,2,2227,637,156,97,1,-1,-1,-1
108,5,1230,625,340,176,1,-1,-1,-1
108,8,1933,617,292,180,1,-1,-1,-1
108,9,0,643,68,154,1,-1,-1,-1
108,10,748,586,280,220,1,-1,-1,-1
108,13,349,605,260,216,1,-1,-1,-1
108,14,2216,589,344,208,1,-1,-1,-1
108,15,121,628,229,168,1,-1,-1,-1
108,16,632,611,164,200,1,-1,-1,-1
108,17,1086,621,148,176,1,-1,-1,-1
108,18,1944,687,154,119,1,-1,-1,-1
108,19,1846,826,152,220,1,-1,-1,-1
109,2,2233,637,156,97,1,-1,-1,-1
109,5,1233,626,340,176,1,-1,-1,-1
109,8,1936,617,292,180,1,-1,-1,-1
109,9,0,639,72,154,1,-1,-1,-1
109,10,750,585,280,220,1,-1,-1,-1
109,13,354,605,260,216,1,-1,-1,-1
109,14,2215,589,345,208,1,-1,-1,-1
109,15,126,629,229,168,1,-1,-1,-1
109,16,633,611,164,200,1,-1,-1,-1
109,17,1089,621,148,176,1,-1,-1,-1
109,18,1960,683,154,119,1,-1,-1,-1
109,19,1846,826,152,220,1,-1,-1,-1
110,2,2247,634,156,97,1,-1,-1,-1
110,5,1237,626,340,176,1,-1,-1,-1
110,8,1943,621,278,171,1,-1,-1,-1
110,9,0,632,85,162,1,-1,-1,-1
110,10,766,589,267,210,1,-1,-1,-1
110,13,363,604,260,216,1,-1,-1,-1
110,14,2209,580,351,218,1,-1,-1,-1
110,15,135,628,229,168,1,-1,-1,-1
110,16,636,610,164,200,1,-1,-1,-1
110,17,1095,622,148,176,1,-1,-1,-1
110,18,1976,687,154,119,1,-1,-1,-1
110,19,1847,826,152,220,1,-1,-1,-1
111,2,2252,634,156,97,1,-1,-1,-1
111,5,1252,628,324,168,1,-1,-1,-1
111,8,1934,618,292,180,1,-1,-1,-1
111,10,770,589,267,210,1,-1,-1,-1
111,13,370,602,260,216,1,-1,-1,-1
111,14,2217,577,343,218,1,-1,-1,-1
111,15,140,627,229,168,1,-1,-1,-1
111,16,639,610,164,200,1,-1,-1,-1
111,17,1097,624,148,176,1,-1,-1,-1
111,18,1980,687,154,119,1,-1,-1,-1
111,19,1846,827,152,220,1,-1,-1,-1
112,2,2261,634,156,97,1,-1,-1,-1
112,5,1244,623,340,176,1,-1,-1,-1
112,8,1940,615,292,180,1,-1,-1,-1
112,10,772,587,267,210,1,-1,-1,-1
112,13,366,597,273,227,1,-1,-1,-1
112,14,2229,583,331,208,1,-1,-1,-1
112,15,146,627,229,168,1,-1,-1,-1
112,16,640,610,164,200,1,-1,-1,-1
112,17,1102,627,141,168,1,-1,-1,-1
112,18,1976,683,154,119,1,-1,-1,-1
112,19,1846,826,152,220,1,-1,-1,-1
113,2,2261,634,156,97,1,-1,-1,-1
113,5,1248,624,340,172,1,-1,-1,-1
113,8,1940,615,292,180,1,-1,-1,-1
113,10,792,584,288,228,1,-1,-1,-1
113,13,388,584,276,232,1,-1,-1,-1
113,14,2248,568,308,216,1,-1,-1,-1
113,15,168,644,220,176,1,-1,-1,-1
113,16,648,596,156,216,1,-1,-1,-1
113,17,1120,628,136,160,1,-1,-1,-1
113,18,1976,683,154,119,1,-1,-1,-1
113,19,1860,824,136,228,1,-1,-1,-1
113,20,0,640,104,180,1,-1,-1,-1
114,2,2289,637,156,97,1,-1,-1,-1
114,5,1251,622,340,172,1,-1,-1,-1
114,8,1939,612,292,180,1,-1,-1,-1
114,10,793,582,288,228,1,-1,-1,-1
114,13,397,589,263,221,1,-1,-1,-1
114,14,2261,571,299,216,1,-1,-1,-1
114,15,174,644,220,176,1,-1,-1,-1
114,16,651,595,156,216,1,-1,-1,-1
114,17,1124,627,136,160,1,-1,-1,-1
114,18,1983,684,147,113,1,-1,-1,-1
114,19,1861,825,136,228,1,-1,-1,-1
114,20,2,640,104,180,1,-1,-1,-1
115,2,2295,640,156,97,1,-1,-1,-1
115,5,1252,621,340,172,1,-1,-1,-1
115,8,1942,611,292,180,1,-1,-1,-1
115,10,790,576,302,239,1,-1,-1,-1
115,13,396,583,276,232,1,-1,-1,-1
115,14,2266,569,294,216,1,-1,-1,-1
115,15,176,643,220,176,1,-1,-1,-1
115,16,657,602,149,206,1,-1,-1,-1
115,17,1128,627,136,160,1,-1,-1,-1
115,18,2002,678,140,108,1,-1,-1,-1
115,19,1862,824,136,228,1,-1,-1,-1
115,20,3,637,104,180,1,-1,-1,-1
116,2,2302,643,156,97,1,-1,-1,-1
116,5,1254,620,340,172,1,-1,-1,-1
116,8,1948,611,292,180,1,-1,-1,-1
116,10,790,578,302,239,1,-1,-1,-1
116,13,399,583,276,232,1,-1,-1,-1
116,14,2270,569,290,216,1,-1,-1,-1
116,15,177,641,220,176,1,-1,-1,-1
116,16,656,598,156,216,1,-1,-1,-1
116,17,1128,626,136,160,1,-1,-1,-1
116,18,2003,679,140,108,1,-1,-1,-1
116,19,1862,825,136,228,1,-1,-1,-1
116,20,5,636,104,180,1,-1,-1,-1
117,2,2302,642,163,102,1,-1,-1,-1
117,5,1261,618,340,172,1,-1,-1,-1
117,8,1951,610,292,180,1,-1,-1,-1
117,10,791,576,302,239,1,-1,-1,-1
117,13,401,581,276,232,1,-1,-1,-1
117,14,2271,569,289,216,1,-1,-1,-1
117,15,179,641,220,176,1,-1,-1,-1
117,16,653,592,164,227,1,-1,-1,-1
117,17,1132,625,136,160,1,-1,-1,-1
117,18,2009,681,140,108,1,-1,-1,-1
117,19,1862,824,136,228,1,-1,-1,-1
117,20,7,632,104,180,1,-1,-1,-1
118,2,2310,637,172,107,1,-1,-1,-1
118,5,1258,617,357,181,1,-1,-1,-1
118,8,1950,608,292,180,1,-1,-1,-1
118,10,798,576,302,239,1,-1,-1,-1
118,13,406,580,276,232,1,-1,-1,-1
118,14,2283,569,277,216,1,-1,-1,-1
118,15,176,632,231,185,1,-1,-1,-1
118,16,653,591,164,227,1,-1,-1,-1
118,17,1137,630,130,152,1,-1,-1,-1
118,18,2020,672,140,108,1,-1,-1,-1
118,19,1863,824,136,228,1,-1,-1,-1
118,20,11,628,104,180,1,-1,-1,-1
119,2,2314,636,172,107,1,-1,-1,-1
119,5,1257,619,357,181,1,-1,-1,-1
119,8,1943,605,292,180,1,-1,-1,-1
119,10,795,577,302,239,1,-1,-1,-1
119,13,409,580,276,232,1,-1,-1,-1
119,14,2283,565,277,216,1,-1,-1,-1
119,15,177,635,231,185,1,-1,-1,-1
119,16,654,591,164,227,1,-1,-1,-1
119,17,1139,631,130,152,1,-1,-1,-1
119,18,2023,670,140,108,1,-1,-1,-1
119,19,1863,823,136,228,1,-1,-1,-1
119,20,14,626,104,180,1,-1,-1,-1
120,2,2319,634,172,107,1,-1,-1,-1
120,5,1259,618,357,181,1,-1,-1,-1
120,10,790,576,302,239,1,-1,-1,-1
120,13,412,577,276,232,1,-1,-1,-1
120,14,2287,566,273,216,1,-1,-1,-1
120,15,178,631,231,185,1,-1,-1,-1
120,16,654,589,164,227,1,-1,-1,-1
120,17,1141,630,130,152,1,-1,-1,-1
120,18,2028,672,140,108,1,-1,-1,-1
120,19,1863,822,136,228,1,-1,-1,-1
120,20,16,620,109,189,1,-1,-1,-1
121,2,2319,634,172,107,1,-1,-1,-1
121,5,1268,604,368,192,1,-1,-1,-1
121,10,832,580,296,216,1,-1,-1,-1
121,13,456,540,236,272,1,-1,-1,-1
121,14,2324,624,236,152,1,-1,-1,-1
121,15,228,600,164,208,1,-1,-1,-1
121,16,612,600,236,228,1,-1,-1,-1
121,17,1141,630,130,152,1,-1,-1,-1
121,18,2068,608,272,196,1,-1,-1,-1
121,19,1836,820,164,224,1,-1,-1,-1
121,20,0,612,144,220,1,-1,-1,-1
122,2,2335,629,172,107,1,-1,-1,-1
122,5,1269,603,368,192,1,-1,-1,-1
122,10,835,582,296,216,1,-1,-1,-1
122,13,461,538,236,272,1,-1,-1,-1
122,14,2333,621,227,152,1,-1,-1,-1
122,15,232,603,164,208,1,-1,-1,-1
122,16,616,599,236,228,1,-1,-1,-1
122,17,1140,632,130,152,1,-1,-1,-1
122,18,2077,606,272,196,1,-1,-1,-1
122,19,1836,818,164,224,1,-1,-1,-1
122,20,5,611,144,220,1,-1,-1,-1
123,2,2341,627,172,107,1,-1,-1,-1
123,5,1264,600,386,202,1,-1,-1,-1
123,10,838,581,296,216,1,-1,-1,-1
123,13,464,539,236,272,1,-1,-1,-1
123,14,2341,620,219,152,1,-1,-1,-1
123,15,236,606,164,208,1,-1,-1,-1
123,16,619,598,236,228,1,-1,-1,-1
123,17,1135,636,123,145,1,-1,-1,-1
123,18,2082,608,272,196,1,-1,-1,-1
123,19,1837,818,164,224,1,-1,-1,-1
123,20,9,613,144,220,1,-1,-1,-1
124,2,2348,625,172,107,1,-1,-1,-1
124,5,1267,605,386,202,1,-1,-1,-1
124,10,840,580,296,216,1,-1,-1,-1
124,13,469,538,236,272,1,-1,-1,-1
124,14,2347,619,213,152,1,-1,-1,-1
124,15,239,605,164,208,1,-1,-1,-1
124,16,619,596,236,228,1,-1,-1,-1
124,17,1129,631,130,152,1,-1,-1,-1
124,18,2082,603,286,206,1,-1,-1,-1
124,19,1838,818,164,224,1,-1,-1,-1
124,20,13,612,144,220,1,-1,-1,-1
125,2,2355,625,172,107,1,-1,-1,-1
125,5,1278,612,368,192,1,-1,-1,-1
125,10,841,580,296,216,1,-1,-1,-1
125,13,471,537,236,272,1,-1,-1,-1
125,14,2353,616,207,152,1,-1,-1,-1
125,15,240,603,164,208,1,-1,-1,-1
125,16,622,596,236,228,1,-1,-1,-1
125,17,1131,625,136,160,1,-1,-1,-1
125,18,2086,603,286,206,1,-1,-1,-1
125,19,1839,818,164,224,1,-1,-1,-1
125,20,15,611,144,220,1,-1,-1,-1
126,2,2371,621,172,107,1,-1,-1,-1
126,5,1285,614,368,192,1,-1,-1,-1
126,10,845,579,296,216,1,-1,-1,-1
126,13,480,538,236,272,1,-1,-1,-1
126,14,2370,612,190,152,1,-1,-1,-1
126,15,245,603,164,208,1,-1,-1,-1
126,16,637,602,225,217,1,-1,-1,-1
126,17,1131,624,136,160,1,-1,-1,-1
126,18,2103,600,286,206,1,-1,-1,-1
126,19,1840,817,164,224,1,-1,-1,-1
126,20,20,611,144,220,1,-1,-1,-1
127,2,2379,619,172,107,1,-1,-1,-1
127,5,1292,619,368,192,1,-1,-1,-1
127,10,848,580,296,216,1,-1,-1,-1
127,13,485,539,236,272,1,-1,-1,-1
127,14,2377,610,183,152,1,-1,-1,-1
127,15,248,603,164,208,1,-1,-1,-1
127,16,638,605,225,217,1,-1,-1,-1
127,17,1130,622,136,160,1,-1,-1,-1
127,18,2109,602,286,206,1,-1,-1,-1
127,19,1841,817,164,224,1,-1,-1,-1
127,20,21,614,144,220,1,-1,-1,-1
128,2,2388,620,172,107,1,-1,-1,-1
128,5,1312,625,350,183,1,-1,-1,-1
128,10,854,579,296,216,1,-1,-1,-1
128,13,486,540,236,272,1,-1,-1,-1
128,14,2384,607,176,152,1,-1,-1,-1
128,15,250,604,164,208,1,-1,-1,-1
128,16,639,604,225,217,1,-1,-1,-1
128,17,1132,624,130,152,1,-1,-1,-1
128,18,2112,602,286,206,1,-1,-1,-1
128,19,1841,816,164,224,1,-1,-1,-1
128,20,22,614,144,220,1,-1,-1,-1
129,2,2388,620,172,107,1,-1,-1,-1
129,5,1332,620,372,176,1,-1,-1,-1
129,10,840,576,320,216,1,-1,-1,-1
129,13,516,564,196,244,1,-1,-1,-1
129,14,2396,612,164,164,1,-1,-1,-1
129,15,264,624,148,184,1,-1,-1,-1
129,16,660,564,228,240,1,-1,-1,-1
129,17,1132,624,130,152,1,-1,-1,-1
129,18,2124,628,284,160,1,-1,-1,-1
129,19,1840,816,168,228,1,-1,-1,-1
129,20,0,620,204,216,1,-1,-1,-1
130,2,2411,621,149,107,1,-1,-1,-1
130,5,1346,621,372,176,1,-1,-1,-1
130,10,847,576,320,216,1,-1,-1,-1
130,13,520,563,196,244,1,-1,-1,-1
130,14,2409,610,151,164,1,-1,-1,-1
130,15,269,625,148,184,1,-1,-1,-1
130,16,667,562,228,240,1,-1,-1,-1
130,17,1141,625,130,152,1,-1,-1,-1
130,18,2125,622,298,168,1,-1,-1,-1
130,19,1841,816,168,228,1,-1,-1,-1
130,20,4,619,204,216,1,-1,-1,-1
131,2,2418,617,142,113,1,-1,-1,-1
131,5,1351,620,372,176,1,-1,-1,-1
131,10,851,577,320,216,1,-1,-1,-1
131,13,529,568,187,232,1,-1,-1,-1
131,14,2417,610,143,164,1,-1,-1,-1
131,15,277,629,141,175,1,-1,-1,-1
131,16,670,563,228,240,1,-1,-1,-1
131,17,1142,622,130,152,1,-1,-1,-1
131,18,2133,620,298,168,1,-1,-1,-1
131,19,1842,816,168,228,1,-1,-1,-1
131,20,5,619,204,216,1,-1,-1,-1
132,2,2426,619,134,113,1,-1,-1,-1
132,5,1348,612,391,185,1,-1,-1,-1
132,10,852,578,320,216,1,-1,-1,-1
132,13,536,567,187,232,1,-1,-1,-1
132,14,2427,607,133,164,1,-1,-1,-1
132,15,279,628,141,175,1,-1,-1,-1
132,16,671,564,228,240,1,-1,-1,-1
132,17,1142,619,136,160,1,-1,-1,-1
132,18,2137,618,298,168,1,-1,-1,-1
132,19,1843,816,168,228,1,-1,-1,-1
132,20,7,619,204,216,1,-1,-1,-1
133,2,2431,620,129,113,1,-1,-1,-1
133,5,1352,608,391,185,1,-1,-1,-1
133,10,852,580,320,216,1,-1,-1,-1
133,13,533,569,187,232,1,-1,-1,-1
133,14,2436,604,124,164,1,-1,-1,-1
133,15,282,628,141,175,1,-1,-1,-1
133,16,662,559,239,252,1,-1,-1,-1
133,18,2140,616,298,168,1,-1,-1,-1
133,19,1843,816,168,228,1,-1,-1,-1
133,20,8,620,204,216,1,-1,-1,-1
134,2,2442,617,118,113,1,-1,-1,-1
134,5,1364,605,391,185,1,-1,-1,-1
134,10,852,581,320,216,1,-1,-1,-1
134,13,528,563,196,244,1,-1,-1,-1
134,14,2447,603,113,164,1,-1,-1,-1
134,15,283,625,148,184,1,-1,-1,-1
134,16,660,558,239,252,1,-1,-1,-1
134,18,2156,617,284,160,1,-1,-1,-1
134,19,1842,814,168,228,1,-1,-1,-1
134,20,11,619,204,216,1,-1,-1,-1
135,2,2447,621,113,113,1,-1,-1,-1
135,5,1378,608,372,176,1,-1,-1,-1
135,10,843,577,336,227,1,-1,-1,-1
135,13,531,558,196,244,1,-1,-1,-1
135,14,2454,605,106,164,1,-1,-1,-1
135,15,288,624,148,184,1,-1,-1,-1
135,16,660,557,239,252,1,-1,-1,-1
135,18,2152,611,298,168,1,-1,-1,-1
135,19,1843,815,168,228,1,-1,-1,-1
135,20,13,620,204,216,1,-1,-1,-1
136,2,2455,622,105,113,1,-1,-1,-1
136,5,1392,609,372,176,1,-1,-1,-1
136,10,848,577,336,227,1,-1,-1,-1
136,13,535,557,196,244,1,-1,-1,-1
136,14,2461,603,99,164,1,-1,-1,-1
136,15,287,620,155,193,1,-1,-1,-1
136,16,658,557,239,252,1,-1,-1,-1
136,18,2155,609,298,168,1,-1,-1,-1
136,19,1843,815,168,228,1,-1,-1,-1
136,20,17,620,204,216,1,-1,-1,-1
137,2,2455,622,105,113,1,-1,-1,-1
137,5,1408,600,384,184,1,-1,-1,-1
137,10,880,576,300,232,1,-1,-1,-1
137,13,556,600,200,208,1,-1,-1,-1
137,14,2472,604,88,164,1,-1,-1,-1
137,15,296,616,168,172,1,-1,-1,-1
137,16,672,560,300,248,1,-1,-1,-1
137,18,2152,608,324,176,1,-1,-1,-1
137,19,1868,808,140,232,1,-1,-1,-1
137,20,0,628,244,212,1,-1,-1,-1
138,2,2360,604,180,113,1,-1,-1,-1
138,5,1416,597,384,184,1,-1,-1,-1
138,10,883,577,300,232,1,-1,-1,-1
138,13,561,601,200,208,1,-1,-1,-1
138,14,2488,603,72,164,1,-1,-1,-1
138,15,302,616,168,172,1,-1,-1,-1
138,16,672,559,300,248,1,-1,-1,-1
138,18,2159,609,324,176,1,-1,-1,-1
138,19,1867,808,140,232,1,-1,-1,-1
138,20,4,629,244,212,1,-1,-1,-1
139,2,2358,596,180,113,1,-1,-1,-1
139,5,1420,596,384,184,1,-1,-1,-1
139,10,885,579,300,232,1,-1,-1,-1
139,13,563,602,200,208,1,-1,-1,-1
139,14,2493,605,67,164,1,-1,-1,-1
139,15,305,615,168,172,1,-1,-1,-1
139,16,677,563,300,248,1,-1,-1,-1
139,18,2164,608,324,176,1,-1,-1,-1
139,19,1866,809,140,232,1,-1,-1,-1
139,20,9,629,244,212,1,-1,-1,-1
140,2,2372,595,180,113,1,-1,-1,-1
140,5,1425,594,384,184,1,-1,-1,-1
140,10,886,581,300,232,1,-1,-1,-1
140,13,565,602,200,208,1,-1,-1,-1
140,14,2503,599,57,172,1,-1,-1,-1
140,15,304,610,176,181,1,-1,-1,-1
140,16,665,557,315,260,1,-1,-1,-1
140,18,2170,608,324,176,1,-1,-1,-1
140,19,1865,809,140,232,1,-1,-1,-1
140,20,11,629,244,212,1,-1,-1,-1
141,2,2373,595,187,118,1,-1,-1,-1
141,5,1415,589,403,193,1,-1,-1,-1
141,10,884,582,300,232,1,-1,-1,-1
141,13,566,603,200,208,1,-1,-1,-1
141,14,2508,598,52,172,1,-1,-1,-1
141,15,309,608,176,181,1,-1,-1,-1
141,16,671,557,315,260,1,-1,-1,-1
141,18,2171,608,324,176,1,-1,-1,-1
141,19,1865,809,140,232,1,-1,-1,-1
141,20,12,628,244,212,1,-1,-1,-1
142,2,2392,598,168,113,1,-1,-1,-1
142,5,1416,588,403,193,1,-1,-1,-1
142,10,880,579,300,232,1,-1,-1,-1
142,13,570,602,200,208,1,-1,-1,-1
142,14,2520,597,40,181,1,-1,-1,-1
142,15,314,609,176,181,1,-1,-1,-1
142,16,674,566,300,248,1,-1,-1,-1
142,18,2173,604,340,185,1,-1,-1,-1
142,19,1864,807,140,232,1,-1,-1,-1
142,20,18,628,244,212,1,-1,-1,-1
143,5,1415,587,403,193,1,-1,-1,-1
143,10,882,579,300,232,1,-1,-1,-1
143,13,571,601,200,208,1,-1,-1,-1
143,14,2523,588,37,181,1,-1,-1,-1
143,15,318,610,176,181,1,-1,-1,-1
143,16,671,555,315,260,1,-1,-1,-1
143,18,2178,603,340,185,1,-1,-1,-1
143,19,1862,806,140,232,1,-1,-1,-1
143,20,17,629,244,212,1,-1,-1,-1
144,5,1418,587,403,193,1,-1,-1,-1
144,10,884,579,300,232,1,-1,-1,-1
144,13,572,601,200,208,1,-1,-1,-1
144,14,2526,591,34,172,1,-1,-1,-1
144,15,319,605,185,190,1,-1,-1,-1
144,16,670,556,315,260,1,-1,-1,-1
144,18,2172,598,357,194,1,-1,-1,-1
144,19,1860,807,140,232,1,-1,-1,-1
144,20,8,622,256,223,1,-1,-1,-1
145,5,1464,592,360,200,1,-1,-1,-1
145,10,908,596,292,212,1,-1,-1,-1
145,13,576,556,196,260,1,-1,-1,-1
145,14,2526,591,34,172,1,-1,-1,-1
145,15,312,604,220,212,1,-1,-1,-1
145,16,720,528,288,292,1,-1,-1,-1
145,18,2180,608,368,184,1,-1,-1,-1
145,19,1848,812,156,220,1,-1,-1,-1
145,20,48,604,244,216,1,-1,-1,-1
146,5,1467,592,360,200,1,-1,-1,-1
146,10,911,595,292,212,1,-1,-1,-1
146,13,582,560,187,248,1,-1,-1,-1
146,14,2527,587,33,172,1,-1,-1,-1
146,15,317,603,220,212,1,-1,-1,-1
146,16,722,529,288,292,1,-1,-1,-1
146,18,2182,609,368,184,1,-1,-1,-1
146,19,1848,811,156,220,1,-1,-1,-1
146,20,54,607,244,216,1,-1,-1,-1
147,5,1460,588,378,210,1,-1,-1,-1
147,10,914,595,292,212,1,-1,-1,-1
147,13,585,559,187,248,1,-1,-1,-1
147,14,2536,590,24,172,1,-1,-1,-1
147,15,322,603,220,212,1,-1,-1,-1
147,16,726,528,288,292,1,-1,-1,-1
147,18,2187,609,368,184,1,-1,-1,-1
147,19,1849,810,156,220,1,-1,-1,-1
147,20,62,609,244,216,1,-1,-1,-1
