1,0,148,472,852,624,1,-1,-1,-1
1,1,1704,600,712,576,1,-1,-1,-1
1,2,1148,396,468,460,1,-1,-1,-1
1,3,764,452,512,508,1,-1,-1,-1
1,4,1952,568,456,148,1,-1,-1,-1
1,5,2468,728,92,316,1,-1,-1,-1
1,6,668,444,220,184,1,-1,-1,-1
2,0,143,470,852,624,1,-1,-1,-1
2,1,1700,600,712,576,1,-1,-1,-1
2,2,1148,399,468,460,1,-1,-1,-1
2,3,759,449,512,508,1,-1,-1,-1
2,4,1952,568,456,148,1,-1,-1,-1
2,5,2468,728,92,316,1,-1,-1,-1
2,6,658,444,220,184,1,-1,-1,-1
3,0,140,475,852,624,1,-1,-1,-1
3,1,1689,603,712,576,1,-1,-1,-1
3,2,1143,399,468,460,1,-1,-1,-1
3,3,754,459,512,508,1,-1,-1,-1
3,4,1951,568,456,148,1,-1,-1,-1
3,5,2468,727,92,316,1,-1,-1,-1
3,6,649,445,220,184,1,-1,-1,-1
4,0,145,477,852,624,1,-1,-1,-1
4,1,1677,604,712,576,1,-1,-1,-1
4,2,1139,400,468,460,1,-1,-1,-1
4,3,751,456,512,508,1,-1,-1,-1
4,4,1951,566,456,148,1,-1,-1,-1
4,5,2468,728,92,316,1,-1,-1,-1
4,6,636,448,220,184,1,-1,-1,-1
5,0,138,473,852,624,1,-1,-1,-1
5,1,1682,604,712,576,1,-1,-1,-1
5,2,1138,400,468,460,1,-1,-1,-1
5,3,742,457,512,508,1,-1,-1,-1
5,4,1950,565,456,148,1,-1,-1,-1
5,5,2468,727,92,316,1,-1,-1,-1
5,6,634,448,220,184,1,-1,-1,-1
6,0,140,476,852,624,1,-1,-1,-1
6,1,1677,601,712,576,1,-1,-1,-1
6,2,1140,399,468,460,1,-1,-1,-1
6,3,732,445,538,533,1,-1,-1,-1
6,4,1950,564,456,148,1,-1,-1,-1
6,5,2467,728,92,316,1,-1,-1,-1
6,6,631,456,210,175,1,-1,-1,-1
7,0,163,491,811,594,1,-1,-1,-1
7,1,1661,603,712,576,1,-1,-1,-1
7,2,1134,399,468,460,1,-1,-1,-1
7,3,727,445,538,533,1,-1,-1,-1
7,4,1941,565,456,148,1,-1,-1,-1
7,5,2468,727,92,316,1,-1,-1,-1
7,6,614,457,210,175,1,-1,-1,-1
8,0,161,489,811,594,1,-1,-1,-1
8,1,1655,598,712,576,1,-1,-1,-1
8,2,1144,410,446,438,1,-1,-1,-1
8,3,721,446,538,533,1,-1,-1,-1
8,4,1951,566,456,148,1,-1,-1,-1
8,5,2469,728,91,316,1,-1,-1,-1
8,6,602,456,200,167,1,-1,-1,-1
9,0,148,468,808,624,1,-1,-1,-1
9,1,1632,596,776,576,1,-1,-1,-1
9,2,1164,400,444,456,1,-1,-1,-1
9,3,1072,488,228,448,1,-1,-1,-1
9,4,1944,568,472,288,1,-1,-1,-1
9,5,2460,728,100,316,1,-1,-1,-1
9,6,660,476,536,480,1,-1,-1,-1
10,0,149,470,808,624,1,-1,-1,-1
10,1,1632,593,776,576,1,-1,-1,-1
10,2,1162,398,444,456,1,-1,-1,-1
10,3,1068,489,228,448,1,-1,-1,-1
10,4,1942,568,472,288,1,-1,-1,-1
10,5,2459,728,100,316,1,-1,-1,-1
10,6,658,474,536,480,1,-1,-1,-1
11,0,150,470,808,624,1,-1,-1,-1
11,1,1624,594,776,576,1,-1,-1,-1
11,2,1161,402,444,456,1,-1,-1,-1
11,3,1068,490,228,448,1,-1,-1,-1
11,4,1937,569,472,288,1,-1,-1,-1
11,5,2459,728,100,316,1,-1,-1,-1
11,6,656,474,536,480,1,-1,-1,-1
12,0,152,466,808,624,1,-1,-1,-1
12,1,1628,594,776,576,1,-1,-1,-1
12,2,1158,400,444,456,1,-1,-1,-1
12,3,1067,489,228,448,1,-1,-1,-1
12,4,1939,568,472,288,1,-1,-1,-1
12,5,2459,730,100,316,1,-1,-1,-1
12,6,654,475,536,480,1,-1,-1,-1
13,0,150,467,808,624,1,-1,-1,-1
13,1,1622,595,776,576,1,-1,-1,-1
13,2,1156,399,444,456,1,-1,-1,-1
13,3,1062,489,228,448,1,-1,-1,-1
13,4,1934,570,472,288,1,-1,-1,-1
13,5,2459,728,100,316,1,-1,-1,-1
13,6,646,480,536,480,1,-1,-1,-1
14,0,146,471,808,624,1,-1,-1,-1
14,1,1613,602,776,576,1,-1,-1,-1
14,2,1158,397,444,456,1,-1,-1,-1
14,3,1054,492,228,448,1,-1,-1,-1
14,4,1928,571,472,288,1,-1,-1,-1
14,5,2459,727,100,316,1,-1,-1,-1
14,6,657,487,510,457,1,-1,-1,-1
15,0,149,471,808,624,1,-1,-1,-1
15,1,1605,600,776,576,1,-1,-1,-1
15,2,1151,400,444,456,1,-1,-1,-1
15,3,1046,485,239,470,1,-1,-1,-1
15,4,1921,568,472,288,1,-1,-1,-1
15,5,2455,720,105,332,1,-1,-1,-1
15,6,648,476,536,480,1,-1,-1,-1
16,0,126,448,848,655,1,-1,-1,-1
16,1,1596,605,776,576,1,-1,-1,-1
16,2,1152,399,444,456,1,-1,-1,-1
16,3,1051,504,228,448,1,-1,-1,-1
16,4,1914,568,472,288,1,-1,-1,-1
16,5,2457,729,100,316,1,-1,-1,-1
16,6,650,478,536,480,1,-1,-1,-1
17,0,148,468,772,620,1,-1,-1,-1
17,1,1556,592,852,576,1,-1,-1,-1
17,2,1168,408,420,452,1,-1,-1,-1
17,3,984,488,308,428,1,-1,-1,-1
17,4,1932,572,488,256,1,-1,-1,-1
17,5,2460,720,100,324,1,-1,-1,-1
17,6,896,584,256,384,1,-1,-1,-1
18,0,143,469,772,620,1,-1,-1,-1
18,1,1552,593,852,576,1,-1,-1,-1
18,2,1172,407,420,452,1,-1,-1,-1
18,3,981,491,308,428,1,-1,-1,-1
18,4,1930,571,488,256,1,-1,-1,-1
18,5,2461,719,99,324,1,-1,-1,-1
18,6,891,582,256,384,1,-1,-1,-1
19,0,144,468,772,620,1,-1,-1,-1
19,1,1549,593,852,576,1,-1,-1,-1
19,2,1166,407,420,452,1,-1,-1,-1
19,3,976,494,308,428,1,-1,-1,-1
19,4,1921,570,488,256,1,-1,-1,-1
19,5,2461,719,99,324,1,-1,-1,-1
19,6,885,585,256,384,1,-1,-1,-1
20,0,146,467,772,620,1,-1,-1,-1
20,1,1541,596,852,576,1,-1,-1,-1
20,2,1167,406,420,452,1,-1,-1,-1
20,3,970,490,308,428,1,-1,-1,-1
20,4,1918,569,488,256,1,-1,-1,-1
20,5,2461,722,99,324,1,-1,-1,-1
20,6,880,587,256,384,1,-1,-1,-1
21,0,149,467,772,620,1,-1,-1,-1
21,1,1529,595,852,576,1,-1,-1,-1
21,2,1165,407,420,452,1,-1,-1,-1
21,3,966,497,308,428,1,-1,-1,-1
21,4,1913,568,488,256,1,-1,-1,-1
21,5,2462,723,98,324,1,-1,-1,-1
21,6,876,587,256,384,1,-1,-1,-1
22,0,143,464,772,620,1,-1,-1,-1
22,1,1520,604,852,576,1,-1,-1,-1
22,2,1167,408,420,452,1,-1,-1,-1
22,3,954,494,308,428,1,-1,-1,-1
22,4,1904,570,488,256,1,-1,-1,-1
22,5,2462,722,98,324,1,-1,-1,-1
22,6,868,589,256,384,1,-1,-1,-1
23,0,134,467,772,620,1,-1,-1,-1
23,1,1528,595,852,576,1,-1,-1,-1
23,2,1163,408,420,452,1,-1,-1,-1
23,3,952,495,308,428,1,-1,-1,-1
23,4,1895,560,512,269,1,-1,-1,-1
23,5,2462,721,98,324,1,-1,-1,-1
23,6,872,599,244,366,1,-1,-1,-1
24,0,131,466,772,620,1,-1,-1,-1
24,1,1517,604,852,576,1,-1,-1,-1
24,2,1166,410,420,452,1,-1,-1,-1
24,3,944,501,308,428,1,-1,-1,-1
24,4,1893,561,512,269,1,-1,-1,-1
24,5,2462,720,98,324,1,-1,-1,-1
24,6,868,602,244,366,1,-1,-1,-1
25,0,152,464,796,624,1,-1,-1,-1
25,1,1460,588,860,580,1,-1,-1,-1
25,2,1176,444,392,396,1,-1,-1,-1
25,3,888,532,400,388,1,-1,-1,-1
25,4,1928,568,488,260,1,-1,-1,-1
25,5,2464,716,96,324,1,-1,-1,-1
25,6,872,600,188,372,1,-1,-1,-1
25,7,520,484,536,496,1,-1,-1,-1
25,8,560,496,280,132,1,-1,-1,-1
25,9,472,452,204,168,1,-1,-1,-1
26,0,152,463,796,624,1,-1,-1,-1
26,1,1454,590,860,580,1,-1,-1,-1
26,2,1175,443,392,396,1,-1,-1,-1
26,3,884,533,400,388,1,-1,-1,-1
26,4,1928,569,488,260,1,-1,-1,-1
26,5,2464,716,96,324,1,-1,-1,-1
26,6,870,602,188,372,1,-1,-1,-1
26,7,519,484,536,496,1,-1,-1,-1
26,8,554,496,280,132,1,-1,-1,-1
26,9,460,452,204,168,1,-1,-1,-1
27,0,154,458,796,624,1,-1,-1,-1
27,1,1435,586,860,580,1,-1,-1,-1
27,2,1170,443,392,396,1,-1,-1,-1
27,3,880,531,400,388,1,-1,-1,-1
27,4,1926,569,488,260,1,-1,-1,-1
27,5,2464,716,96,324,1,-1,-1,-1
27,6,871,603,188,372,1,-1,-1,-1
27,7,519,483,536,496,1,-1,-1,-1
27,8,545,497,280,132,1,-1,-1,-1
27,9,446,449,204,168,1,-1,-1,-1
28,0,158,453,796,624,1,-1,-1,-1
28,1,1430,585,860,580,1,-1,-1,-1
28,2,1169,443,392,396,1,-1,-1,-1
28,3,880,533,400,388,1,-1,-1,-1
28,4,1918,569,488,260,1,-1,-1,-1
28,5,2464,718,96,324,1,-1,-1,-1
28,6,871,599,188,372,1,-1,-1,-1
28,7,515,481,536,496,1,-1,-1,-1
28,8,529,499,280,132,1,-1,-1,-1
28,9,430,448,204,168,1,-1,-1,-1
29,0,137,446,836,655,1,-1,-1,-1
29,1,1430,587,860,580,1,-1,-1,-1
29,2,1168,442,392,396,1,-1,-1,-1
29,3,878,536,400,388,1,-1,-1,-1
29,4,1918,563,488,260,1,-1,-1,-1
29,5,2467,722,91,309,1,-1,-1,-1
29,6,864,600,188,372,1,-1,-1,-1
29,7,524,499,510,472,1,-1,-1,-1
29,8,525,495,294,139,1,-1,-1,-1
29,9,435,452,194,160,1,-1,-1,-1
30,0,131,436,836,655,1,-1,-1,-1
30,1,1426,591,860,580,1,-1,-1,-1
30,2,1164,442,392,396,1,-1,-1,-1
30,3,866,529,420,407,1,-1,-1,-1
30,4,1911,565,488,260,1,-1,-1,-1
30,5,2464,714,96,324,1,-1,-1,-1
30,6,865,600,188,372,1,-1,-1,-1
30,7,526,501,510,472,1,-1,-1,-1
30,8,514,496,294,139,1,-1,-1,-1
30,9,424,452,194,160,1,-1,-1,-1
31,0,140,445,836,655,1,-1,-1,-1
31,1,1428,589,860,580,1,-1,-1,-1
31,2,1161,441,392,396,1,-1,-1,-1
31,3,856,530,420,407,1,-1,-1,-1
31,4,1896,559,512,273,1,-1,-1,-1
31,5,2463,714,96,324,1,-1,-1,-1
31,6,866,595,188,372,1,-1,-1,-1
31,7,516,487,536,496,1,-1,-1,-1
31,8,508,495,294,139,1,-1,-1,-1
31,9,423,455,194,160,1,-1,-1,-1
32,0,136,440,836,655,1,-1,-1,-1
32,1,1426,590,860,580,1,-1,-1,-1
32,2,1154,441,392,396,1,-1,-1,-1
32,3,846,531,420,407,1,-1,-1,-1
32,4,1907,566,488,260,1,-1,-1,-1
32,5,2463,715,96,324,1,-1,-1,-1
32,6,868,603,179,354,1,-1,-1,-1
32,7,507,480,536,496,1,-1,-1,-1
32,8,498,497,294,139,1,-1,-1,-1
32,9,422,456,194,160,1,-1,-1,-1
33,0,344,440,244,128,1,-1,-1,-1
33,1,1352,592,892,576,1,-1,-1,-1
33,2,1180,404,396,452,1,-1,-1,-1
33,3,808,480,420,448,1,-1,-1,-1
33,4,1936,568,484,304,1,-1,-1,-1
33,5,2460,716,96,328,1,-1,-1,-1
33,6,868,603,179,354,1,-1,-1,-1
33,7,156,472,828,616,1,-1,-1,-1
33,8,484,504,316,120,1,-1,-1,-1
33,9,422,456,194,160,1,-1,-1,-1
34,0,336,441,244,128,1,-1,-1,-1
34,1,1346,593,892,576,1,-1,-1,-1
34,2,1178,405,396,452,1,-1,-1,-1
34,3,806,481,420,448,1,-1,-1,-1
34,4,1932,568,484,304,1,-1,-1,-1
34,5,2460,717,96,328,1,-1,-1,-1
34,6,871,597,179,354,1,-1,-1,-1
34,7,159,473,828,616,1,-1,-1,-1
34,8,475,504,316,120,1,-1,-1,-1
34,9,392,456,194,160,1,-1,-1,-1
35,0,336,441,244,128,1,-1,-1,-1
35,1,1371,611,850,549,1,-1,-1,-1
35,2,1174,403,396,452,1,-1,-1,-1
35,3,801,483,420,448,1,-1,-1,-1
35,4,1933,568,484,304,1,-1,-1,-1
35,5,2457,709,101,344,1,-1,-1,-1
35,6,875,593,179,354,1,-1,-1,-1
35,7,155,472,828,616,1,-1,-1,-1
35,8,474,504,316,120,1,-1,-1,-1
35,9,389,454,194,160,1,-1,-1,-1
36,0,328,441,244,128,1,-1,-1,-1
36,1,1338,591,892,576,1,-1,-1,-1
36,2,1166,404,396,452,1,-1,-1,-1
36,3,797,480,420,448,1,-1,-1,-1
36,4,1932,571,484,304,1,-1,-1,-1
36,5,2460,717,96,328,1,-1,-1,-1
36,6,869,591,188,372,1,-1,-1,-1
36,7,164,479,828,616,1,-1,-1,-1
36,8,460,502,332,126,1,-1,-1,-1
36,9,383,458,185,152,1,-1,-1,-1
37,0,318,442,244,128,1,-1,-1,-1
37,1,1320,590,892,576,1,-1,-1,-1
37,2,1162,405,396,452,1,-1,-1,-1
37,3,786,485,420,448,1,-1,-1,-1
37,4,1918,562,508,319,1,-1,-1,-1
37,5,2461,717,96,328,1,-1,-1,-1
37,6,863,597,188,372,1,-1,-1,-1
37,7,166,475,828,616,1,-1,-1,-1
37,8,463,506,316,120,1,-1,-1,-1
37,9,380,461,176,145,1,-1,-1,-1
38,0,313,446,232,122,1,-1,-1,-1
38,1,1312,595,892,576,1,-1,-1,-1
38,2,1150,405,396,452,1,-1,-1,-1
38,3,791,498,400,427,1,-1,-1,-1
38,4,1933,573,484,304,1,-1,-1,-1
38,5,2461,718,96,328,1,-1,-1,-1
38,6,858,595,188,372,1,-1,-1,-1
38,7,162,476,828,616,1,-1,-1,-1
38,8,442,504,316,120,1,-1,-1,-1
38,9,372,462,176,145,1,-1,-1,-1
39,0,312,449,221,116,1,-1,-1,-1
39,1,1290,596,892,576,1,-1,-1,-1
39,2,1148,406,396,452,1,-1,-1,-1
39,3,778,500,400,427,1,-1,-1,-1
39,4,1911,564,508,319,1,-1,-1,-1
39,5,2461,718,96,328,1,-1,-1,-1
39,6,863,599,188,372,1,-1,-1,-1
39,7,147,461,869,647,1,-1,-1,-1
39,8,439,505,316,120,1,-1,-1,-1
39,9,364,466,176,145,1,-1,-1,-1
40,0,303,450,211,111,1,-1,-1,-1
40,1,1291,602,892,576,1,-1,-1,-1
40,2,1141,413,396,452,1,-1,-1,-1
40,3,769,499,400,427,1,-1,-1,-1
40,4,1907,564,508,319,1,-1,-1,-1
40,5,2459,708,101,344,1,-1,-1,-1
40,6,869,598,188,372,1,-1,-1,-1
40,7,146,453,869,647,1,-1,-1,-1
40,8,422,505,316,120,1,-1,-1,-1
40,9,334,465,185,152,1,-1,-1,-1
41,0,303,450,211,111,1,-1,-1,-1
41,1,1272,576,860,588,1,-1,-1,-1
41,2,1184,412,404,444,1,-1,-1,-1
41,3,732,488,448,472,1,-1,-1,-1
41,4,1940,568,484,284,1,-1,-1,-1
41,5,2464,716,96,328,1,-1,-1,-1
41,6,869,598,188,372,1,-1,-1,-1
41,7,156,484,804,604,1,-1,-1,-1
41,8,422,505,316,120,1,-1,-1,-1
41,9,334,465,185,152,1,-1,-1,-1
42,0,279,448,221,116,1,-1,-1,-1
42,1,1256,576,860,588,1,-1,-1,-1
42,2,1179,412,404,444,1,-1,-1,-1
42,3,730,489,448,472,1,-1,-1,-1
42,4,1937,567,484,284,1,-1,-1,-1
42,5,2464,716,96,328,1,-1,-1,-1
42,6,869,599,188,372,1,-1,-1,-1
42,7,154,486,804,604,1,-1,-1,-1
42,8,421,513,301,114,1,-1,-1,-1
42,9,303,462,194,160,1,-1,-1,-1
43,0,259,449,221,116,1,-1,-1,-1
43,1,1235,577,860,588,1,-1,-1,-1
43,2,1172,415,404,444,1,-1,-1,-1
43,3,726,494,448,472,1,-1,-1,-1
43,4,1931,568,484,284,1,-1,-1,-1
43,5,2465,727,91,312,1,-1,-1,-1
43,6,870,603,188,372,1,-1,-1,-1
43,7,146,483,804,604,1,-1,-1,-1
43,8,398,514,301,114,1,-1,-1,-1
43,9,287,457,194,160,1,-1,-1,-1
44,0,254,451,211,111,1,-1,-1,-1
44,1,1221,580,860,588,1,-1,-1,-1
44,2,1170,419,404,444,1,-1,-1,-1
44,3,730,496,448,472,1,-1,-1,-1
44,4,1932,568,484,284,1,-1,-1,-1
44,5,2463,718,96,328,1,-1,-1,-1
44,6,869,590,197,391,1,-1,-1,-1
44,7,142,487,804,604,1,-1,-1,-1
44,8,380,517,316,120,1,-1,-1,-1
45,0,252,452,211,111,1,-1,-1,-1
45,1,1208,575,860,588,1,-1,-1,-1
45,2,1166,424,385,423,1,-1,-1,-1
45,3,729,495,448,472,1,-1,-1,-1
45,4,1930,563,484,284,1,-1,-1,-1
45,5,2462,717,96,328,1,-1,-1,-1
45,6,873,588,197,391,1,-1,-1,-1
45,7,133,490,804,604,1,-1,-1,-1
45,8,370,521,316,120,1,-1,-1,-1
46,0,227,453,221,116,1,-1,-1,-1
46,1,1217,593,819,560,1,-1,-1,-1
46,2,1154,421,404,444,1,-1,-1,-1
46,3,733,510,427,450,1,-1,-1,-1
46,4,1919,555,508,298,1,-1,-1,-1
46,5,2462,716,96,328,1,-1,-1,-1
46,6,875,588,197,391,1,-1,-1,-1
46,7,132,484,804,604,1,-1,-1,-1
46,8,355,525,316,120,1,-1,-1,-1
47,0,225,452,221,116,1,-1,-1,-1
47,1,1231,602,780,533,1,-1,-1,-1
47,2,1148,428,404,444,1,-1,-1,-1
47,3,731,510,427,450,1,-1,-1,-1
47,4,1916,557,508,298,1,-1,-1,-1
47,5,2462,717,96,328,1,-1,-1,-1
47,6,876,584,197,391,1,-1,-1,-1
47,7,127,485,804,604,1,-1,-1,-1
47,8,356,523,316,120,1,-1,-1,-1
48,0,201,453,232,122,1,-1,-1,-1
48,1,1219,600,780,533,1,-1,-1,-1
48,2,1143,429,404,444,1,-1,-1,-1
48,3,719,503,448,472,1,-1,-1,-1
48,4,1911,560,508,298,1,-1,-1,-1
48,5,2459,710,101,344,1,-1,-1,-1
48,6,878,585,197,391,1,-1,-1,-1
48,7,136,483,804,604,1,-1,-1,-1
48,8,348,526,316,120,1,-1,-1,-1
49,0,201,453,232,122,1,-1,-1,-1
49,1,1164,592,876,580,1,-1,-1,-1
49,2,1184,400,404,268,1,-1,-1,-1
49,3,480,484,668,460,1,-1,-1,-1
49,4,1924,568,500,292,1,-1,-1,-1
49,5,2468,720,92,328,1,-1,-1,-1
49,6,878,585,197,391,1,-1,-1,-1
49,7,148,476,768,612,1,-1,-1,-1
49,8,348,526,316,120,1,-1,-1,-1
50,0,181,454,232,122,1,-1,-1,-1
50,1,1162,594,876,580,1,-1,-1,-1
50,2,1183,400,404,268,1,-1,-1,-1
50,3,482,485,668,460,1,-1,-1,-1
50,4,1922,568,500,292,1,-1,-1,-1
50,5,2468,720,92,328,1,-1,-1,-1
50,6,870,573,207,410,1,-1,-1,-1
50,7,146,480,768,612,1,-1,-1,-1
50,8,330,518,316,120,1,-1,-1,-1
51,0,159,449,244,128,1,-1,-1,-1
51,1,1178,612,834,552,1,-1,-1,-1
51,2,1184,400,404,268,1,-1,-1,-1
51,3,474,490,668,460,1,-1,-1,-1
51,4,1922,565,500,292,1,-1,-1,-1
51,5,2469,721,91,328,1,-1,-1,-1
51,6,867,571,207,410,1,-1,-1,-1
51,7,138,476,768,612,1,-1,-1,-1
51,8,312,516,332,126,1,-1,-1,-1
52,1,1165,615,834,552,1,-1,-1,-1
52,2,1183,401,404,268,1,-1,-1,-1
52,3,474,489,668,460,1,-1,-1,-1
52,4,1905,557,525,307,1,-1,-1,-1
52,5,2469,722,91,328,1,-1,-1,-1
52,6,865,572,207,410,1,-1,-1,-1
52,7,143,474,768,612,1,-1,-1,-1
52,8,308,514,332,126,1,-1,-1,-1
53,1,1164,615,834,552,1,-1,-1,-1
53,2,1184,403,404,268,1,-1,-1,-1
53,3,470,488,668,460,1,-1,-1,-1
53,4,1905,558,525,307,1,-1,-1,-1
53,5,2469,725,91,328,1,-1,-1,-1
53,6,871,586,197,391,1,-1,-1,-1
53,7,140,475,768,612,1,-1,-1,-1
53,8,304,511,332,126,1,-1,-1,-1
54,1,1177,628,795,526,1,-1,-1,-1
54,2,1187,411,385,255,1,-1,-1,-1
54,3,480,498,636,438,1,-1,-1,-1
54,4,1904,558,525,307,1,-1,-1,-1
54,5,2469,722,91,328,1,-1,-1,-1
54,6,870,583,197,391,1,-1,-1,-1
54,7,138,475,768,612,1,-1,-1,-1
54,8,289,509,332,126,1,-1,-1,-1
55,1,1185,640,757,501,1,-1,-1,-1
55,2,1188,412,385,255,1,-1,-1,-1
55,3,479,497,636,438,1,-1,-1,-1
55,4,1903,560,525,307,1,-1,-1,-1
55,5,2469,723,91,328,1,-1,-1,-1
55,6,870,581,197,391,1,-1,-1,-1
55,7,135,480,768,612,1,-1,-1,-1
55,8,289,508,332,126,1,-1,-1,-1
56,1,1151,629,795,526,1,-1,-1,-1
56,2,1181,407,404,268,1,-1,-1,-1
56,3,475,498,636,438,1,-1,-1,-1
56,4,1898,561,525,307,1,-1,-1,-1
56,5,2467,710,93,344,1,-1,-1,-1
56,6,869,580,197,391,1,-1,-1,-1
56,7,138,479,768,612,1,-1,-1,-1
56,8,265,507,332,126,1,-1,-1,-1
57,1,1060,568,868,584,1,-1,-1,-1
57,2,1184,400,404,284,1,-1,-1,-1
57,3,588,500,496,436,1,-1,-1,-1
57,4,1912,568,516,308,1,-1,-1,-1
57,5,2472,716,88,324,1,-1,-1,-1
57,6,844,576,248,344,1,-1,-1,-1
57,7,140,484,836,604,1,-1,-1,-1
57,8,60,456,660,452,1,-1,-1,-1
58,1,1053,569,868,584,1,-1,-1,-1
58,2,1182,398,404,284,1,-1,-1,-1
58,3,587,502,496,436,1,-1,-1,-1
58,4,1913,569,516,308,1,-1,-1,-1
58,5,2472,715,88,324,1,-1,-1,-1
58,6,841,575,248,344,1,-1,-1,-1
58,7,139,484,836,604,1,-1,-1,-1
58,8,58,458,660,452,1,-1,-1,-1
59,1,1057,565,868,584,1,-1,-1,-1
59,2,1191,408,385,270,1,-1,-1,-1
59,3,583,503,496,436,1,-1,-1,-1
59,4,1913,570,516,308,1,-1,-1,-1
59,5,2473,713,87,324,1,-1,-1,-1
59,6,841,574,248,344,1,-1,-1,-1
59,7,139,483,836,604,1,-1,-1,-1
59,8,58,458,660,452,1,-1,-1,-1
60,1,1047,565,868,584,1,-1,-1,-1
60,2,1183,402,404,284,1,-1,-1,-1
60,3,597,513,472,415,1,-1,-1,-1
60,4,1912,570,516,308,1,-1,-1,-1
60,5,2471,702,89,340,1,-1,-1,-1
60,6,845,584,236,328,1,-1,-1,-1
60,7,133,484,836,604,1,-1,-1,-1
60,8,56,455,660,452,1,-1,-1,-1
61,1,1044,585,827,556,1,-1,-1,-1
61,2,1181,400,404,284,1,-1,-1,-1
61,3,575,499,496,436,1,-1,-1,-1
61,4,1913,571,516,308,1,-1,-1,-1
61,5,2469,703,91,340,1,-1,-1,-1
61,6,840,583,236,328,1,-1,-1,-1
61,7,151,493,796,575,1,-1,-1,-1
61,8,51,455,660,452,1,-1,-1,-1
62,1,1047,584,827,556,1,-1,-1,-1
62,2,1178,399,404,284,1,-1,-1,-1
62,3,581,504,496,436,1,-1,-1,-1
62,4,1923,577,491,293,1,-1,-1,-1
62,5,2469,703,91,340,1,-1,-1,-1
62,6,843,582,236,328,1,-1,-1,-1
62,7,151,496,796,575,1,-1,-1,-1
62,8,57,450,660,452,1,-1,-1,-1
63,1,1042,581,827,556,1,-1,-1,-1
63,2,1178,396,404,284,1,-1,-1,-1
63,3,572,503,496,436,1,-1,-1,-1
63,4,1912,568,516,308,1,-1,-1,-1
63,5,2470,704,90,340,1,-1,-1,-1
63,6,842,582,236,328,1,-1,-1,-1
63,7,148,499,796,575,1,-1,-1,-1
63,8,51,453,660,452,1,-1,-1,-1
64,1,1043,594,787,530,1,-1,-1,-1
64,2,1184,396,404,284,1,-1,-1,-1
64,3,571,503,496,436,1,-1,-1,-1
64,4,1914,570,516,308,1,-1,-1,-1
64,5,2470,706,90,340,1,-1,-1,-1
64,6,842,581,236,328,1,-1,-1,-1
64,7,150,497,796,575,1,-1,-1,-1
64,8,65,465,629,430,1,-1,-1,-1
65,1,960,576,860,580,1,-1,-1,-1
65,2,1180,400,408,280,1,-1,-1,-1
65,3,571,503,496,436,1,-1,-1,-1
65,4,1912,568,516,288,1,-1,-1,-1
65,5,2468,716,92,328,1,-1,-1,-1
65,6,842,581,236,328,1,-1,-1,-1
65,7,136,488,844,624,1,-1,-1,-1
65,8,0,440,700,472,1,-1,-1,-1
66,1,948,577,860,580,1,-1,-1,-1
66,2,1179,399,408,280,1,-1,-1,-1
66,3,572,505,496,436,1,-1,-1,-1
66,4,1912,568,516,288,1,-1,-1,-1
66,5,2468,715,92,328,1,-1,-1,-1
66,6,840,583,236,328,1,-1,-1,-1
66,7,133,484,844,624,1,-1,-1,-1
66,8,1,437,700,472,1,-1,-1,-1
67,1,945,577,860,580,1,-1,-1,-1
67,2,1176,401,408,280,1,-1,-1,-1
67,3,575,506,496,436,1,-1,-1,-1
67,4,1910,566,516,288,1,-1,-1,-1
67,5,2468,709,92,328,1,-1,-1,-1
67,6,838,586,236,328,1,-1,-1,-1
67,7,138,495,844,624,1,-1,-1,-1
67,8,0,436,697,472,1,-1,-1,-1
68,1,929,577,860,580,1,-1,-1,-1
68,2,1174,401,408,280,1,-1,-1,-1
68,3,579,503,496,436,1,-1,-1,-1
68,4,1908,565,516,288,1,-1,-1,-1
68,5,2468,704,92,328,1,-1,-1,-1
68,6,841,594,236,328,1,-1,-1,-1
68,7,110,468,886,655,1,-1,-1,-1
68,8,0,446,689,472,1,-1,-1,-1
69,1,915,578,860,580,1,-1,-1,-1
69,2,1165,398,428,294,1,-1,-1,-1
69,3,579,506,496,436,1,-1,-1,-1
69,4,1907,567,516,288,1,-1,-1,-1
69,5,2469,702,91,328,1,-1,-1,-1
69,6,846,589,248,344,1,-1,-1,-1
69,7,120,488,844,624,1,-1,-1,-1
69,8,6,456,667,450,1,-1,-1,-1
70,1,908,584,860,580,1,-1,-1,-1
70,2,1166,399,428,294,1,-1,-1,-1
70,3,575,507,496,436,1,-1,-1,-1
70,4,1910,568,516,288,1,-1,-1,-1
70,5,2468,707,92,328,1,-1,-1,-1
70,6,846,584,248,344,1,-1,-1,-1
70,7,92,472,886,655,1,-1,-1,-1
70,8,6,458,667,450,1,-1,-1,-1
71,1,922,597,819,552,1,-1,-1,-1
71,2,1165,401,428,294,1,-1,-1,-1
71,3,580,505,496,436,1,-1,-1,-1
71,4,1909,568,516,288,1,-1,-1,-1
71,5,2468,711,92,328,1,-1,-1,-1
71,6,846,587,248,344,1,-1,-1,-1
71,7,85,461,886,655,1,-1,-1,-1
71,8,6,457,667,450,1,-1,-1,-1
72,1,930,596,819,552,1,-1,-1,-1
72,2,1163,399,428,294,1,-1,-1,-1
72,3,591,515,472,415,1,-1,-1,-1
72,4,1909,569,516,288,1,-1,-1,-1
72,5,2470,716,88,312,1,-1,-1,-1
72,6,845,581,248,344,1,-1,-1,-1
72,7,101,465,886,655,1,-1,-1,-1
72,8,0,453,661,450,1,-1,-1,-1
73,1,848,568,880,580,1,-1,-1,-1
73,2,1180,396,416,272,1,-1,-1,-1
73,3,591,515,472,415,1,-1,-1,-1
73,4,1912,568,520,288,1,-1,-1,-1
73,5,2504,708,52,332,1,-1,-1,-1
73,6,845,581,248,344,1,-1,-1,-1
73,7,140,472,752,608,1,-1,-1,-1
73,8,0,432,636,520,1,-1,-1,-1
74,1,832,571,880,580,1,-1,-1,-1
74,2,1181,396,416,272,1,-1,-1,-1
74,3,591,512,472,415,1,-1,-1,-1
74,4,1913,570,520,288,1,-1,-1,-1
74,5,2469,293,52,332,1,-1,-1,-1
74,6,838,578,248,344,1,-1,-1,-1
74,7,139,468,752,608,1,-1,-1,-1
74,8,0,430,635,520,1,-1,-1,-1
75,1,820,573,880,580,1,-1,-1,-1
75,2,1180,396,416,272,1,-1,-1,-1
75,3,585,515,472,415,1,-1,-1,-1
75,4,1913,571,520,288,1,-1,-1,-1
75,5,2435,0,52,210,1,-1,-1,-1
75,6,841,589,236,328,1,-1,-1,-1
75,7,141,459,752,608,1,-1,-1,-1
75,8,0,431,633,520,1,-1,-1,-1
76,1,808,574,880,580,1,-1,-1,-1
76,2,1181,396,416,272,1,-1,-1,-1
76,3,580,515,472,415,1,-1,-1,-1
76,4,1917,569,520,288,1,-1,-1,-1
76,5,2400,0,52,2,1,-1,-1,-1
76,6,839,591,236,328,1,-1,-1,-1
76,7,137,463,752,608,1,-1,-1,-1
76,8,0,430,624,520,1,-1,-1,-1
77,1,804,570,880,580,1,-1,-1,-1
77,2,1178,396,416,272,1,-1,-1,-1
77,3,578,515,472,415,1,-1,-1,-1
77,4,1915,573,520,288,1,-1,-1,-1
77,5,2366,0,52,2,1,-1,-1,-1
77,6,842,591,236,328,1,-1,-1,-1
77,7,153,481,716,579,1,-1,-1,-1
77,8,0,432,627,520,1,-1,-1,-1
78,1,789,574,880,580,1,-1,-1,-1
78,2,1179,395,416,272,1,-1,-1,-1
78,3,580,518,472,415,1,-1,-1,-1
78,4,1919,572,520,288,1,-1,-1,-1
78,5,2331,0,52,2,1,-1,-1,-1
78,6,835,596,236,328,1,-1,-1,-1
78,7,128,472,752,608,1,-1,-1,-1
78,8,0,437,630,520,1,-1,-1,-1
79,1,796,579,880,580,1,-1,-1,-1
79,2,1177,397,416,272,1,-1,-1,-1
79,3,581,524,472,415,1,-1,-1,-1
79,4,1920,575,520,288,1,-1,-1,-1
79,5,2297,0,52,2,1,-1,-1,-1
79,6,842,617,225,312,1,-1,-1,-1
79,7,139,471,752,608,1,-1,-1,-1
79,8,0,435,629,520,1,-1,-1,-1
80,1,767,572,880,580,1,-1,-1,-1
80,2,1177,398,416,272,1,-1,-1,-1
80,3,583,532,450,395,1,-1,-1,-1
80,4,1922,576,520,288,1,-1,-1,-1
80,5,2262,0,52,2,1,-1,-1,-1
80,6,841,628,225,312,1,-1,-1,-1
80,7,130,475,752,608,1,-1,-1,-1
80,8,0,430,619,520,1,-1,-1,-1
81,1,724,588,860,560,1,-1,-1,-1
81,2,1180,400,432,400,1,-1,-1,-1
81,3,152,472,740,612,1,-1,-1,-1
81,4,1912,568,520,288,1,-1,-1,-1
81,5,2262,0,52,2,1,-1,-1,-1
81,6,841,628,225,312,1,-1,-1,-1
81,7,36,592,404,404,1,-1,-1,-1
81,8,0,468,240,332,1,-1,-1,-1
81,10,2480,716,80,328,1,-1,-1,-1
82,1,719,586,860,560,1,-1,-1,-1
82,2,1175,400,432,400,1,-1,-1,-1
82,3,148,471,740,612,1,-1,-1,-1
82,4,1912,569,520,288,1,-1,-1,-1
82,5,2227,0,52,2,1,-1,-1,-1
82,6,832,639,225,312,1,-1,-1,-1
82,7,29,592,404,404,1,-1,-1,-1
82,8,0,477,228,316,1,-1,-1,-1
82,10,2480,718,80,328,1,-1,-1,-1
83,1,743,603,819,533,1,-1,-1,-1
83,2,1173,400,432,400,1,-1,-1,-1
83,3,146,471,740,612,1,-1,-1,-1
83,4,1913,570,520,288,1,-1,-1,-1
83,6,824,637,236,328,1,-1,-1,-1
83,7,28,594,404,404,1,-1,-1,-1
83,8,0,476,226,316,1,-1,-1,-1
83,10,2481,719,79,328,1,-1,-1,-1
84,1,708,584,860,560,1,-1,-1,-1
84,2,1171,402,432,400,1,-1,-1,-1
84,3,142,465,740,612,1,-1,-1,-1
84,4,1914,571,520,288,1,-1,-1,-1
84,6,812,639,236,328,1,-1,-1,-1
84,7,23,593,404,404,1,-1,-1,-1
84,8,0,480,218,316,1,-1,-1,-1
84,10,2482,726,76,312,1,-1,-1,-1
85,1,719,596,819,533,1,-1,-1,-1
85,2,1164,404,432,400,1,-1,-1,-1
85,3,110,450,777,643,1,-1,-1,-1
85,4,1916,572,520,288,1,-1,-1,-1
85,6,779,665,248,344,1,-1,-1,-1
85,7,7,585,424,424,1,-1,-1,-1
85,8,0,482,208,316,1,-1,-1,-1
85,10,2479,715,80,328,1,-1,-1,-1
86,1,713,600,819,533,1,-1,-1,-1
86,2,1158,406,432,400,1,-1,-1,-1
86,3,130,467,740,612,1,-1,-1,-1
86,4,1912,571,520,288,1,-1,-1,-1
86,6,754,656,260,361,1,-1,-1,-1
86,7,0,580,422,424,1,-1,-1,-1
86,8,0,479,203,316,1,-1,-1,-1
86,10,2477,713,80,328,1,-1,-1,-1
87,1,726,618,780,508,1,-1,-1,-1
87,2,1153,403,432,400,1,-1,-1,-1
87,3,129,469,740,612,1,-1,-1,-1
87,4,1917,570,520,288,1,-1,-1,-1
87,6,747,663,260,361,1,-1,-1,-1
87,7,0,585,424,424,1,-1,-1,-1
87,8,0,482,192,316,1,-1,-1,-1
87,10,2476,713,80,328,1,-1,-1,-1
88,1,702,609,819,533,1,-1,-1,-1
88,2,1146,394,454,420,1,-1,-1,-1
88,3,131,473,740,612,1,-1,-1,-1
88,4,1928,579,495,274,1,-1,-1,-1
88,6,711,670,273,379,1,-1,-1,-1
88,7,0,585,418,424,1,-1,-1,-1
88,8,0,483,184,316,1,-1,-1,-1
88,10,2476,712,80,328,1,-1,-1,-1
89,1,616,584,868,556,1,-1,-1,-1
89,2,1180,400,432,452,1,-1,-1,-1
89,3,160,472,632,612,1,-1,-1,-1
89,4,1916,568,512,288,1,-1,-1,-1
89,6,711,670,273,379,1,-1,-1,-1
89,7,0,588,424,412,1,-1,-1,-1
89,8,0,492,236,152,1,-1,-1,-1
89,10,2508,720,52,316,1,-1,-1,-1
90,1,601,593,868,556,1,-1,-1,-1
90,2,1177,396,432,452,1,-1,-1,-1
90,3,161,472,632,612,1,-1,-1,-1
90,4,1914,567,512,288,1,-1,-1,-1
90,6,708,678,260,361,1,-1,-1,-1
90,7,0,582,417,412,1,-1,-1,-1
90,8,0,490,230,152,1,-1,-1,-1
90,10,2475,325,52,316,1,-1,-1,-1
91,1,616,603,827,530,1,-1,-1,-1
91,2,1167,401,432,452,1,-1,-1,-1
91,3,146,469,632,612,1,-1,-1,-1
91,4,1916,568,512,288,1,-1,-1,-1
91,6,693,678,260,361,1,-1,-1,-1
91,7,0,581,416,412,1,-1,-1,-1
91,8,0,490,224,152,1,-1,-1,-1
91,10,2442,0,52,246,1,-1,-1,-1
92,1,584,594,868,556,1,-1,-1,-1
92,2,1163,406,432,452,1,-1,-1,-1
92,3,149,472,632,612,1,-1,-1,-1
92,4,1915,565,512,288,1,-1,-1,-1
92,7,0,584,417,412,1,-1,-1,-1
92,8,0,491,212,152,1,-1,-1,-1
92,10,2409,0,52,2,1,-1,-1,-1
93,1,565,592,868,556,1,-1,-1,-1
93,2,1154,406,432,452,1,-1,-1,-1
93,3,139,468,632,612,1,-1,-1,-1
93,4,1917,567,512,288,1,-1,-1,-1
93,7,0,583,414,412,1,-1,-1,-1
93,8,0,491,196,152,1,-1,-1,-1
93,10,2376,0,52,2,1,-1,-1,-1
94,1,549,591,868,556,1,-1,-1,-1
94,2,1161,415,411,430,1,-1,-1,-1
94,3,156,483,602,583,1,-1,-1,-1
94,4,1919,566,512,288,1,-1,-1,-1
94,7,0,580,411,412,1,-1,-1,-1
94,8,0,493,173,145,1,-1,-1,-1
94,10,2343,0,52,2,1,-1,-1,-1
95,1,556,603,868,556,1,-1,-1,-1
95,2,1169,415,411,430,1,-1,-1,-1
95,3,161,480,602,583,1,-1,-1,-1
95,4,1918,566,512,288,1,-1,-1,-1
95,7,0,583,410,412,1,-1,-1,-1
95,8,0,493,174,145,1,-1,-1,-1
95,10,2310,0,52,2,1,-1,-1,-1
96,1,560,615,827,530,1,-1,-1,-1
96,2,1171,417,411,430,1,-1,-1,-1
96,3,163,482,602,583,1,-1,-1,-1
96,4,1916,564,512,288,1,-1,-1,-1
96,7,0,579,408,412,1,-1,-1,-1
96,8,0,493,157,145,1,-1,-1,-1
96,10,2278,0,52,2,1,-1,-1,-1
97,1,496,572,852,560,1,-1,-1,-1
97,2,1176,400,432,460,1,-1,-1,-1
97,3,160,472,428,616,1,-1,-1,-1
97,4,1912,568,516,296,1,-1,-1,-1
97,7,0,580,424,420,1,-1,-1,-1
97,8,0,508,236,108,1,-1,-1,-1
97,10,2278,0,52,2,1,-1,-1,-1
97,11,2432,720,128,324,1,-1,-1,-1
98,1,501,569,852,560,1,-1,-1,-1
98,2,1172,400,432,460,1,-1,-1,-1
98,3,158,473,428,616,1,-1,-1,-1
98,4,1910,567,516,296,1,-1,-1,-1
98,7,0,583,419,420,1,-1,-1,-1
98,8,0,508,232,108,1,-1,-1,-1
98,11,2434,729,126,324,1,-1,-1,-1
99,1,495,580,852,560,1,-1,-1,-1
99,2,1177,411,411,438,1,-1,-1,-1
99,3,146,460,449,647,1,-1,-1,-1
99,4,1909,568,516,296,1,-1,-1,-1
99,7,0,583,407,420,1,-1,-1,-1
99,8,0,509,221,108,1,-1,-1,-1
99,11,2436,733,124,324,1,-1,-1,-1
100,1,499,582,811,533,1,-1,-1,-1
100,2,1170,407,411,438,1,-1,-1,-1
100,3,156,464,428,616,1,-1,-1,-1
100,4,1908,566,516,296,1,-1,-1,-1
100,7,0,584,402,420,1,-1,-1,-1
100,8,0,505,217,113,1,-1,-1,-1
100,11,2431,734,128,324,1,-1,-1,-1
101,1,496,585,811,533,1,-1,-1,-1
101,2,1168,410,411,438,1,-1,-1,-1
101,3,148,464,428,616,1,-1,-1,-1
101,4,1910,569,516,296,1,-1,-1,-1
101,7,0,585,404,420,1,-1,-1,-1
101,8,0,502,221,119,1,-1,-1,-1
101,11,2428,732,128,324,1,-1,-1,-1
102,1,477,585,811,533,1,-1,-1,-1
102,2,1163,410,411,438,1,-1,-1,-1
102,3,144,470,428,616,1,-1,-1,-1
102,4,1911,571,516,296,1,-1,-1,-1
102,7,0,594,391,400,1,-1,-1,-1
102,8,0,505,214,119,1,-1,-1,-1
102,11,2428,726,128,324,1,-1,-1,-1
103,1,441,581,852,560,1,-1,-1,-1
103,2,1158,395,432,460,1,-1,-1,-1
103,3,143,472,428,616,1,-1,-1,-1
103,4,1913,574,516,296,1,-1,-1,-1
103,7,0,585,400,420,1,-1,-1,-1
103,8,0,508,219,119,1,-1,-1,-1
103,11,2427,722,128,324,1,-1,-1,-1
104,1,456,592,811,533,1,-1,-1,-1
104,2,1159,394,432,460,1,-1,-1,-1
104,3,141,470,428,616,1,-1,-1,-1
104,4,1909,571,516,296,1,-1,-1,-1
104,7,0,586,390,420,1,-1,-1,-1
104,8,0,509,226,119,1,-1,-1,-1
104,11,2427,716,128,324,1,-1,-1,-1
105,1,380,516,876,620,1,-1,-1,-1
105,2,1180,392,432,476,1,-1,-1,-1
105,3,164,468,736,616,1,-1,-1,-1
105,4,1916,568,516,300,1,-1,-1,-1
105,7,0,580,432,492,1,-1,-1,-1
105,8,0,496,188,116,1,-1,-1,-1
105,11,2512,720,48,324,1,-1,-1,-1
106,1,374,521,876,620,1,-1,-1,-1
106,2,1180,391,432,476,1,-1,-1,-1
106,3,155,465,736,616,1,-1,-1,-1
106,4,1915,569,516,300,1,-1,-1,-1
106,7,0,579,425,492,1,-1,-1,-1
106,8,0,497,178,116,1,-1,-1,-1
106,11,2478,315,48,324,1,-1,-1,-1
107,1,369,521,876,620,1,-1,-1,-1
107,2,1180,390,432,476,1,-1,-1,-1
107,3,160,466,736,616,1,-1,-1,-1
107,4,1915,567,516,300,1,-1,-1,-1
107,7,0,577,425,492,1,-1,-1,-1
107,8,0,498,178,116,1,-1,-1,-1
107,11,2444,0,48,234,1,-1,-1,-1
108,1,349,515,876,620,1,-1,-1,-1
108,2,1179,391,432,476,1,-1,-1,-1
108,3,160,471,736,616,1,-1,-1,-1
108,4,1914,567,516,300,1,-1,-1,-1
108,7,0,576,426,492,1,-1,-1,-1
108,8,0,499,165,116,1,-1,-1,-1
108,11,2411,0,48,2,1,-1,-1,-1
109,1,345,509,876,620,1,-1,-1,-1
109,2,1180,393,432,476,1,-1,-1,-1
109,3,149,473,736,616,1,-1,-1,-1
109,4,1916,569,516,300,1,-1,-1,-1
109,7,0,563,435,517,1,-1,-1,-1
109,8,0,501,151,116,1,-1,-1,-1
109,11,2377,0,48,2,1,-1,-1,-1
110,1,357,519,834,590,1,-1,-1,-1
110,2,1182,391,432,476,1,-1,-1,-1
110,3,147,471,736,616,1,-1,-1,-1
110,4,1922,567,516,300,1,-1,-1,-1
110,7,0,566,437,517,1,-1,-1,-1
110,8,0,505,136,116,1,-1,-1,-1
111,1,339,510,834,590,1,-1,-1,-1
111,2,1181,390,432,476,1,-1,-1,-1
111,3,155,483,701,587,1,-1,-1,-1
111,4,1918,568,516,300,1,-1,-1,-1
111,7,0,551,440,542,1,-1,-1,-1
111,8,0,506,118,116,1,-1,-1,-1
112,1,309,516,834,590,1,-1,-1,-1
112,2,1182,390,432,476,1,-1,-1,-1
112,3,134,479,701,587,1,-1,-1,-1
112,4,1922,567,516,300,1,-1,-1,-1
112,7,0,562,428,517,1,-1,-1,-1
112,8,0,505,106,116,1,-1,-1,-1
113,1,264,580,904,552,1,-1,-1,-1
113,2,1128,400,488,456,1,-1,-1,-1
113,3,156,472,380,548,1,-1,-1,-1
113,4,1916,568,520,288,1,-1,-1,-1
113,7,0,596,400,408,1,-1,-1,-1
113,8,0,516,108,100,1,-1,-1,-1
113,12,2512,720,48,332,1,-1,-1,-1
114,1,268,576,904,552,1,-1,-1,-1
114,2,1128,402,488,456,1,-1,-1,-1
114,3,152,471,380,548,1,-1,-1,-1
114,4,1917,569,520,288,1,-1,-1,-1
114,7,0,597,395,408,1,-1,-1,-1
114,8,0,514,97,100,1,-1,-1,-1
114,12,2477,305,48,332,1,-1,-1,-1
115,1,268,589,861,526,1,-1,-1,-1
115,2,1129,402,488,456,1,-1,-1,-1
115,3,141,458,399,575,1,-1,-1,-1
115,4,1919,570,520,288,1,-1,-1,-1
115,7,0,597,387,408,1,-1,-1,-1
115,8,0,512,83,100,1,-1,-1,-1
115,12,2443,0,48,222,1,-1,-1,-1
116,1,257,588,861,526,1,-1,-1,-1
116,2,1130,400,488,456,1,-1,-1,-1
116,3,146,477,380,548,1,-1,-1,-1
116,4,1921,568,520,288,1,-1,-1,-1
116,7,0,597,385,408,1,-1,-1,-1
116,8,0,503,64,100,1,-1,-1,-1
116,12,2408,0,48,2,1,-1,-1,-1
117,1,263,607,820,501,1,-1,-1,-1
117,2,1133,402,488,456,1,-1,-1,-1
117,3,140,474,380,548,1,-1,-1,-1
117,4,1919,569,520,288,1,-1,-1,-1
117,7,0,599,374,408,1,-1,-1,-1
117,8,0,499,51,100,1,-1,-1,-1
117,12,2374,0,48,2,1,-1,-1,-1
118,1,228,595,861,526,1,-1,-1,-1
118,2,1132,403,488,456,1,-1,-1,-1
118,3,125,471,380,548,1,-1,-1,-1
118,4,1923,567,520,288,1,-1,-1,-1
118,7,0,607,353,389,1,-1,-1,-1
118,8,0,496,40,100,1,-1,-1,-1
118,12,2339,0,48,2,1,-1,-1,-1
119,1,213,590,861,526,1,-1,-1,-1
119,2,1133,399,488,456,1,-1,-1,-1
119,3,123,468,380,548,1,-1,-1,-1
119,4,1923,567,520,288,1,-1,-1,-1
119,7,0,605,353,389,1,-1,-1,-1
119,8,0,495,38,100,1,-1,-1,-1
119,12,2305,0,48,2,1,-1,-1,-1
120,1,222,594,861,526,1,-1,-1,-1
120,2,1134,395,488,456,1,-1,-1,-1
120,3,121,469,380,548,1,-1,-1,-1
120,4,1924,566,520,288,1,-1,-1,-1
120,7,0,618,338,370,1,-1,-1,-1
120,8,0,495,30,100,1,-1,-1,-1
120,12,2270,0,48,2,1,-1,-1,-1
121,1,168,592,904,540,1,-1,-1,-1
121,2,1072,416,572,440,1,-1,-1,-1
121,3,192,468,328,528,1,-1,-1,-1
121,4,1940,564,520,276,1,-1,-1,-1
121,7,0,596,200,396,1,-1,-1,-1
121,8,0,495,30,100,1,-1,-1,-1
121,12,2270,0,48,2,1,-1,-1,-1
121,13,0,540,44,80,1,-1,-1,-1
122,1,165,587,904,540,1,-1,-1,-1
122,2,1087,416,572,440,1,-1,-1,-1
122,3,205,471,328,528,1,-1,-1,-1
122,4,1956,565,520,276,1,-1,-1,-1
122,7,9,595,200,396,1,-1,-1,-1
122,8,0,497,31,100,1,-1,-1,-1
122,12,2235,0,48,2,1,-1,-1,-1
122,13,4,540,44,80,1,-1,-1,-1
123,1,191,592,904,540,1,-1,-1,-1
123,2,1110,418,572,440,1,-1,-1,-1
123,3,218,472,328,528,1,-1,-1,-1
123,4,1986,566,520,276,1,-1,-1,-1
123,7,23,595,200,396,1,-1,-1,-1
123,8,0,498,38,95,1,-1,-1,-1
123,12,2201,0,48,2,1,-1,-1,-1
123,13,12,542,42,76,1,-1,-1,-1
124,1,189,577,949,567,1,-1,-1,-1
124,2,1154,417,572,440,1,-1,-1,-1
124,3,235,460,344,554,1,-1,-1,-1
124,4,2026,566,520,276,1,-1,-1,-1
124,7,57,607,190,377,1,-1,-1,-1
124,8,0,498,52,100,1,-1,-1,-1
124,13,30,547,42,76,1,-1,-1,-1
125,1,188,573,949,567,1,-1,-1,-1
125,2,1151,416,572,440,1,-1,-1,-1
125,3,243,459,344,554,1,-1,-1,-1
125,4,2025,566,520,276,1,-1,-1,-1
125,7,59,606,190,377,1,-1,-1,-1
125,8,0,498,55,105,1,-1,-1,-1
125,13,32,545,42,76,1,-1,-1,-1
126,1,212,568,949,567,1,-1,-1,-1
126,2,1187,415,572,440,1,-1,-1,-1
126,3,288,475,328,528,1,-1,-1,-1
126,4,2063,564,497,276,1,-1,-1,-1
126,7,84,605,190,377,1,-1,-1,-1
126,8,0,502,80,105,1,-1,-1,-1
126,13,37,530,42,76,1,-1,-1,-1
127,1,189,555,997,595,1,-1,-1,-1
127,2,1224,416,572,440,1,-1,-1,-1
127,3,317,476,328,528,1,-1,-1,-1
127,4,2099,566,461,276,1,-1,-1,-1
127,7,111,617,181,359,1,-1,-1,-1
127,8,0,505,105,105,1,-1,-1,-1
127,13,47,517,40,73,1,-1,-1,-1
128,1,210,555,997,595,1,-1,-1,-1
128,2,1247,415,572,440,1,-1,-1,-1
128,3,331,480,328,528,1,-1,-1,-1
128,4,2135,565,425,276,1,-1,-1,-1
128,7,127,623,181,359,1,-1,-1,-1
128,8,2,509,113,105,1,-1,-1,-1
128,13,55,521,38,69,1,-1,-1,-1
129,1,948,596,260,412,1,-1,-1,-1
129,2,1248,436,604,428,1,-1,-1,-1
129,3,232,580,868,544,1,-1,-1,-1
129,4,2144,564,416,300,1,-1,-1,-1
129,7,0,592,300,416,1,-1,-1,-1
129,8,0,516,128,124,1,-1,-1,-1
129,13,55,521,38,69,1,-1,-1,-1
130,1,950,596,260,412,1,-1,-1,-1
130,2,1256,435,604,428,1,-1,-1,-1
130,3,244,586,827,518,1,-1,-1,-1
130,4,2152,562,408,300,1,-1,-1,-1
130,7,0,591,297,416,1,-1,-1,-1
130,8,0,515,126,124,1,-1,-1,-1
130,13,58,521,36,66,1,-1,-1,-1
131,1,950,595,260,412,1,-1,-1,-1
131,2,1255,434,604,428,1,-1,-1,-1
131,3,244,586,827,518,1,-1,-1,-1
131,4,2155,563,405,300,1,-1,-1,-1
131,7,0,590,296,416,1,-1,-1,-1
131,8,0,515,126,124,1,-1,-1,-1
131,13,61,521,36,66,1,-1,-1,-1
132,1,956,599,260,412,1,-1,-1,-1
132,2,1264,433,604,428,1,-1,-1,-1
132,3,263,582,827,518,1,-1,-1,-1
132,4,2171,564,389,300,1,-1,-1,-1
132,7,0,591,298,416,1,-1,-1,-1
132,8,0,515,128,124,1,-1,-1,-1
132,13,62,521,34,63,1,-1,-1,-1
133,1,960,591,273,433,1,-1,-1,-1
133,2,1286,432,604,428,1,-1,-1,-1
133,3,272,585,827,518,1,-1,-1,-1
133,4,2187,566,373,300,1,-1,-1,-1
133,7,2,591,300,416,1,-1,-1,-1
133,8,1,514,128,124,1,-1,-1,-1
133,13,66,519,34,63,1,-1,-1,-1
134,1,982,581,287,454,1,-1,-1,-1
134,2,1317,434,604,428,1,-1,-1,-1
134,3,271,577,827,518,1,-1,-1,-1
134,4,2219,565,341,300,1,-1,-1,-1
134,7,14,592,300,416,1,-1,-1,-1
134,8,11,513,128,124,1,-1,-1,-1
134,13,73,516,34,63,1,-1,-1,-1
135,1,1008,578,287,454,1,-1,-1,-1
135,2,1353,436,604,428,1,-1,-1,-1
135,3,300,577,868,544,1,-1,-1,-1
135,4,2248,565,312,300,1,-1,-1,-1
135,7,46,595,286,396,1,-1,-1,-1
135,8,20,508,134,130,1,-1,-1,-1
135,13,81,516,34,63,1,-1,-1,-1
136,1,1043,577,287,454,1,-1,-1,-1
136,2,1370,436,604,428,1,-1,-1,-1
136,3,319,583,868,544,1,-1,-1,-1
136,4,2278,565,282,300,1,-1,-1,-1
136,7,73,588,286,396,1,-1,-1,-1
136,8,23,504,141,137,1,-1,-1,-1
137,1,972,592,364,492,1,-1,-1,-1
137,2,1384,444,604,412,1,-1,-1,-1
137,3,276,592,884,528,1,-1,-1,-1
137,4,2284,560,276,276,1,-1,-1,-1
137,7,0,576,560,468,1,-1,-1,-1
137,8,0,476,164,200,1,-1,-1,-1
138,1,985,593,364,492,1,-1,-1,-1
138,2,1402,445,604,412,1,-1,-1,-1
138,3,279,590,884,528,1,-1,-1,-1
138,4,2306,560,254,276,1,-1,-1,-1
138,7,6,577,560,468,1,-1,-1,-1
138,8,4,474,164,200,1,-1,-1,-1
139,1,1003,593,364,492,1,-1,-1,-1
139,2,1427,445,604,412,1,-1,-1,-1
139,3,293,596,884,528,1,-1,-1,-1
139,4,2329,560,231,276,1,-1,-1,-1
139,7,20,574,560,468,1,-1,-1,-1
139,8,10,474,164,200,1,-1,-1,-1
140,1,1019,595,364,492,1,-1,-1,-1
140,2,1452,454,575,392,1,-1,-1,-1
140,3,323,610,842,503,1,-1,-1,-1
140,4,2347,559,213,276,1,-1,-1,-1
140,7,26,575,560,468,1,-1,-1,-1
140,8,13,472,164,200,1,-1,-1,-1
141,1,1027,593,364,492,1,-1,-1,-1
141,2,1461,455,575,392,1,-1,-1,-1
141,3,300,597,884,528,1,-1,-1,-1
141,4,2362,559,198,276,1,-1,-1,-1
141,7,22,582,560,468,1,-1,-1,-1
141,8,11,470,164,200,1,-1,-1,-1
142,1,1025,579,382,517,1,-1,-1,-1
142,2,1468,446,604,412,1,-1,-1,-1
142,3,314,608,842,503,1,-1,-1,-1
142,4,2377,558,183,276,1,-1,-1,-1
142,7,28,577,560,468,1,-1,-1,-1
142,8,7,462,164,200,1,-1,-1,-1
143,1,1027,582,382,517,1,-1,-1,-1
143,2,1467,446,604,412,1,-1,-1,-1
143,3,332,606,842,503,1,-1,-1,-1
143,4,2375,560,185,276,1,-1,-1,-1
143,7,31,579,560,468,1,-1,-1,-1
143,8,9,463,164,200,1,-1,-1,-1
144,1,1048,581,382,517,1,-1,-1,-1
144,2,1496,457,575,392,1,-1,-1,-1
144,3,338,606,842,503,1,-1,-1,-1
144,4,2399,560,161,276,1,-1,-1,-1
144,7,29,583,560,468,1,-1,-1,-1
144,8,8,472,164,200,1,-1,-1,-1
145,1,1068,588,388,496,1,-1,-1,-1
145,2,1500,448,612,404,1,-1,-1,-1
145,3,300,592,884,532,1,-1,-1,-1
145,4,2420,564,136,296,1,-1,-1,-1
145,7,0,576,644,472,1,-1,-1,-1
145,8,0,512,180,176,1,-1,-1,-1
145,14,0,464,236,132,1,-1,-1,-1
145,15,620,540,836,548,1,-1,-1,-1
146,1,1078,587,388,496,1,-1,-1,-1
146,2,1513,449,612,404,1,-1,-1,-1
146,3,294,596,884,532,1,-1,-1,-1
146,4,2433,564,127,296,1,-1,-1,-1
146,7,2,574,644,472,1,-1,-1,-1
146,8,3,510,180,176,1,-1,-1,-1
146,14,9,465,236,132,1,-1,-1,-1
146,15,629,539,836,548,1,-1,-1,-1
147,1,1090,589,388,496,1,-1,-1,-1
147,2,1523,449,612,404,1,-1,-1,-1
147,3,316,598,884,532,1,-1,-1,-1
147,4,2455,565,105,296,1,-1,-1,-1
147,7,5,577,644,472,1,-1,-1,-1
147,8,9,508,180,176,1,-1,-1,-1
147,14,20,464,236,132,1,-1,-1,-1
147,15,636,542,836,548,1,-1,-1,-1
148,1,1106,588,388,496,1,-1,-1,-1
148,2,1552,445,612,404,1,-1,-1,-1
148,3,339,609,842,507,1,-1,-1,-1
148,4,2476,565,84,296,1,-1,-1,-1
148,7,33,592,613,450,1,-1,-1,-1
148,8,17,506,180,176,1,-1,-1,-1
148,14,22,458,248,139,1,-1,-1,-1
148,15,646,548,836,548,1,-1,-1,-1
149,1,1109,589,388,496,1,-1,-1,-1
149,2,1552,449,612,404,1,-1,-1,-1
149,3,364,618,802,483,1,-1,-1,-1
149,4,2474,567,86,296,1,-1,-1,-1
149,7,31,593,613,450,1,-1,-1,-1
149,8,18,507,180,176,1,-1,-1,-1
149,14,21,458,260,146,1,-1,-1,-1
149,15,646,540,836,548,1,-1,-1,-1
150,1,1119,589,388,496,1,-1,-1,-1
150,2,1559,448,612,404,1,-1,-1,-1
150,3,360,626,802,483,1,-1,-1,-1
150,4,2493,562,67,296,1,-1,-1,-1
150,7,30,601,613,450,1,-1,-1,-1
150,8,17,502,189,185,1,-1,-1,-1
150,14,29,457,260,146,1,-1,-1,-1
150,15,653,548,836,548,1,-1,-1,-1
151,1,1130,587,388,496,1,-1,-1,-1
151,2,1569,451,612,404,1,-1,-1,-1
151,3,358,617,802,483,1,-1,-1,-1
151,4,2501,571,59,282,1,-1,-1,-1
151,7,33,599,613,450,1,-1,-1,-1
151,8,15,503,189,185,1,-1,-1,-1
151,14,26,459,273,153,1,-1,-1,-1
151,15,636,530,878,575,1,-1,-1,-1
152,1,1131,584,407,521,1,-1,-1,-1
152,2,1584,452,612,404,1,-1,-1,-1
152,3,363,621,802,483,1,-1,-1,-1
152,4,2512,585,48,268,1,-1,-1,-1
152,7,34,599,613,450,1,-1,-1,-1
152,8,18,501,189,185,1,-1,-1,-1
152,14,20,453,287,160,1,-1,-1,-1
152,15,636,542,878,575,1,-1,-1,-1
153,1,1131,584,407,521,1,-1,-1,-1
153,2,1592,444,632,408,1,-1,-1,-1
153,3,288,600,896,524,1,-1,-1,-1
153,4,2512,585,48,268,1,-1,-1,-1
153,7,36,580,632,280,1,-1,-1,-1
153,8,0,484,188,356,1,-1,-1,-1
153,14,12,460,352,140,1,-1,-1,-1
153,15,752,548,804,536,1,-1,-1,-1
154,1,1153,580,407,521,1,-1,-1,-1
154,2,1599,442,632,408,1,-1,-1,-1
154,3,284,606,896,524,1,-1,-1,-1
154,4,2462,546,98,268,1,-1,-1,-1
154,7,27,576,664,294,1,-1,-1,-1
154,8,2,487,188,356,1,-1,-1,-1
154,14,21,461,352,140,1,-1,-1,-1
154,15,756,553,804,536,1,-1,-1,-1
155,1,1161,582,407,521,1,-1,-1,-1
155,2,1598,443,632,408,1,-1,-1,-1
155,3,280,603,896,524,1,-1,-1,-1
155,4,2445,557,115,256,1,-1,-1,-1
155,7,43,581,632,280,1,-1,-1,-1
155,8,3,485,188,356,1,-1,-1,-1
155,14,22,462,352,140,1,-1,-1,-1
155,15,764,548,804,536,1,-1,-1,-1
156,1,1171,582,407,521,1,-1,-1,-1
156,2,1608,444,632,408,1,-1,-1,-1
156,3,283,606,896,524,1,-1,-1,-1
156,4,2444,564,112,244,1,-1,-1,-1
156,7,42,580,632,280,1,-1,-1,-1
156,8,6,488,188,356,1,-1,-1,-1
156,14,19,458,370,147,1,-1,-1,-1
156,15,764,552,804,536,1,-1,-1,-1
157,1,1178,580,407,521,1,-1,-1,-1
157,2,1611,448,632,408,1,-1,-1,-1
157,3,269,593,941,550,1,-1,-1,-1
157,4,2436,557,112,244,1,-1,-1,-1
157,7,43,577,632,280,1,-1,-1,-1
157,8,8,490,188,356,1,-1,-1,-1
157,14,26,458,370,147,1,-1,-1,-1
157,15,775,553,804,536,1,-1,-1,-1
158,1,1180,582,407,521,1,-1,-1,-1
158,2,1623,450,632,408,1,-1,-1,-1
158,3,303,615,896,524,1,-1,-1,-1
158,4,2436,559,107,232,1,-1,-1,-1
158,7,46,578,632,280,1,-1,-1,-1
158,8,5,489,188,356,1,-1,-1,-1
158,14,28,462,370,147,1,-1,-1,-1
158,15,760,560,804,536,1,-1,-1,-1
159,1,1196,597,388,496,1,-1,-1,-1
159,2,1643,462,602,389,1,-1,-1,-1
159,3,309,615,896,524,1,-1,-1,-1
159,4,2450,543,107,232,1,-1,-1,-1
159,7,34,585,632,280,1,-1,-1,-1
159,8,6,490,188,356,1,-1,-1,-1
159,14,22,459,388,154,1,-1,-1,-1
159,15,736,539,844,563,1,-1,-1,-1
160,1,1197,597,388,496,1,-1,-1,-1
160,2,1640,449,632,408,1,-1,-1,-1
160,3,328,630,853,499,1,-1,-1,-1
160,7,41,580,632,280,1,-1,-1,-1
160,8,5,486,188,356,1,-1,-1,-1
160,14,32,460,388,154,1,-1,-1,-1
160,15,741,545,844,563,1,-1,-1,-1
161,1,1197,597,388,496,1,-1,-1,-1
161,2,1640,448,612,400,1,-1,-1,-1
161,3,248,596,908,524,1,-1,-1,-1
161,7,48,580,700,392,1,-1,-1,-1
161,8,0,500,168,220,1,-1,-1,-1
161,14,0,400,452,204,1,-1,-1,-1
161,15,756,532,856,560,1,-1,-1,-1
161,16,0,404,72,108,1,-1,-1,-1
162,1,1202,600,388,496,1,-1,-1,-1
162,2,1642,448,612,400,1,-1,-1,-1
162,3,251,602,908,524,1,-1,-1,-1
162,7,40,580,700,392,1,-1,-1,-1
162,8,0,497,168,220,1,-1,-1,-1
162,14,5,399,452,204,1,-1,-1,-1
162,15,755,535,856,560,1,-1,-1,-1
162,16,9,403,72,108,1,-1,-1,-1
163,1,1197,596,407,521,1,-1,-1,-1
163,2,1634,442,643,420,1,-1,-1,-1
163,3,242,598,908,524,1,-1,-1,-1
163,7,43,580,700,392,1,-1,-1,-1
163,8,0,494,166,220,1,-1,-1,-1
163,14,2,395,475,214,1,-1,-1,-1
163,15,752,533,856,560,1,-1,-1,-1
163,16,19,404,72,108,1,-1,-1,-1
164,1,1234,596,407,521,1,-1,-1,-1
164,2,1653,434,643,420,1,-1,-1,-1
164,3,202,587,953,550,1,-1,-1,-1
164,7,45,580,700,392,1,-1,-1,-1
164,8,0,491,164,220,1,-1,-1,-1
164,14,23,398,452,204,1,-1,-1,-1
164,15,749,537,856,560,1,-1,-1,-1
164,16,33,403,72,108,1,-1,-1,-1
165,1,1227,581,428,547,1,-1,-1,-1
165,2,1666,434,643,420,1,-1,-1,-1
165,3,187,585,953,550,1,-1,-1,-1
165,7,47,584,700,392,1,-1,-1,-1
165,8,0,488,165,220,1,-1,-1,-1
165,14,48,400,452,204,1,-1,-1,-1
165,15,756,537,856,560,1,-1,-1,-1
165,16,51,403,72,108,1,-1,-1,-1
166,1,1238,594,428,547,1,-1,-1,-1
166,2,1687,435,643,420,1,-1,-1,-1
166,3,280,604,908,524,1,-1,-1,-1
166,7,63,586,700,392,1,-1,-1,-1
166,8,3,488,168,220,1,-1,-1,-1
166,14,52,393,475,214,1,-1,-1,-1
166,15,769,538,856,560,1,-1,-1,-1
166,16,74,404,72,108,1,-1,-1,-1
167,1,1235,589,428,547,1,-1,-1,-1
167,2,1689,437,643,420,1,-1,-1,-1
167,3,275,604,908,524,1,-1,-1,-1
167,7,40,595,735,412,1,-1,-1,-1
167,8,3,486,168,220,1,-1,-1,-1
167,14,54,393,475,214,1,-1,-1,-1
167,15,771,541,856,560,1,-1,-1,-1
167,16,83,407,69,103,1,-1,-1,-1
168,1,1250,588,428,547,1,-1,-1,-1
168,2,1703,431,643,420,1,-1,-1,-1
168,3,311,616,865,499,1,-1,-1,-1
168,7,54,588,735,412,1,-1,-1,-1
168,8,4,484,168,220,1,-1,-1,-1
168,14,67,393,475,214,1,-1,-1,-1
168,15,784,538,856,560,1,-1,-1,-1
168,16,101,408,69,103,1,-1,-1,-1
169,1,1250,588,428,547,1,-1,-1,-1
169,2,1728,428,588,420,1,-1,-1,-1
169,3,232,596,880,524,1,-1,-1,-1
169,7,54,588,735,412,1,-1,-1,-1
169,8,0,480,196,324,1,-1,-1,-1
169,14,4,372,568,244,1,-1,-1,-1
169,15,672,548,972,544,1,-1,-1,-1
169,16,101,408,69,103,1,-1,-1,-1
170,1,1242,587,428,547,1,-1,-1,-1
170,2,1737,429,588,420,1,-1,-1,-1
170,3,229,592,880,524,1,-1,-1,-1
170,7,5,590,735,412,1,-1,-1,-1
170,8,0,479,195,324,1,-1,-1,-1
170,14,7,374,568,244,1,-1,-1,-1
170,15,675,552,972,544,1,-1,-1,-1
170,16,123,405,72,108,1,-1,-1,-1
171,1,1236,590,428,547,1,-1,-1,-1
171,2,1752,428,588,420,1,-1,-1,-1
171,3,213,596,880,524,1,-1,-1,-1
171,7,10,587,735,412,1,-1,-1,-1
171,8,1,482,196,324,1,-1,-1,-1
171,14,26,374,568,244,1,-1,-1,-1
171,15,677,559,972,544,1,-1,-1,-1
171,16,143,407,72,108,1,-1,-1,-1
172,1,1238,584,428,547,1,-1,-1,-1
172,2,1763,426,588,420,1,-1,-1,-1
172,3,212,591,880,524,1,-1,-1,-1
172,7,11,591,735,412,1,-1,-1,-1
172,8,1,472,206,340,1,-1,-1,-1
172,14,35,376,568,244,1,-1,-1,-1
172,15,692,557,972,544,1,-1,-1,-1
172,16,164,407,72,108,1,-1,-1,-1
173,1,1229,586,428,547,1,-1,-1,-1
173,2,1767,426,588,420,1,-1,-1,-1
173,3,212,611,880,524,1,-1,-1,-1
173,7,13,591,735,412,1,-1,-1,-1
173,8,2,475,206,340,1,-1,-1,-1
173,14,25,365,596,256,1,-1,-1,-1
173,15,649,548,1021,571,1,-1,-1,-1
173,16,166,407,72,108,1,-1,-1,-1
174,1,1240,589,407,521,1,-1,-1,-1
174,2,1781,423,588,420,1,-1,-1,-1
174,3,240,613,880,524,1,-1,-1,-1
174,7,0,583,768,432,1,-1,-1,-1
174,8,0,471,215,357,1,-1,-1,-1
174,14,28,365,596,256,1,-1,-1,-1
174,15,651,530,1021,571,1,-1,-1,-1
174,16,185,408,72,108,1,-1,-1,-1
175,1,1248,591,407,521,1,-1,-1,-1
175,2,1799,425,588,420,1,-1,-1,-1
175,3,221,602,880,524,1,-1,-1,-1
175,7,0,585,762,432,1,-1,-1,-1
175,8,2,477,216,357,1,-1,-1,-1
175,14,42,368,596,256,1,-1,-1,-1
175,15,665,554,1021,571,1,-1,-1,-1
175,16,202,408,72,108,1,-1,-1,-1
176,1,1255,595,388,496,1,-1,-1,-1
176,2,1800,419,588,420,1,-1,-1,-1
176,3,203,602,880,524,1,-1,-1,-1
176,8,7,487,206,340,1,-1,-1,-1
176,14,56,368,596,256,1,-1,-1,-1
176,15,636,542,1021,571,1,-1,-1,-1
176,16,216,407,72,108,1,-1,-1,-1
177,1,1255,595,388,496,1,-1,-1,-1
177,2,1832,420,572,416,1,-1,-1,-1
177,3,208,596,904,524,1,-1,-1,-1
177,8,0,492,212,396,1,-1,-1,-1
177,14,76,372,616,268,1,-1,-1,-1
177,15,752,544,904,536,1,-1,-1,-1
177,16,216,407,72,108,1,-1,-1,-1
178,1,1256,593,388,496,1,-1,-1,-1
178,2,1838,418,572,416,1,-1,-1,-1
178,3,210,586,904,524,1,-1,-1,-1
178,8,3,490,212,396,1,-1,-1,-1
178,14,85,369,616,268,1,-1,-1,-1
178,15,766,546,904,536,1,-1,-1,-1
178,16,247,407,72,108,1,-1,-1,-1
179,1,1262,593,388,496,1,-1,-1,-1
179,2,1853,425,545,396,1,-1,-1,-1
179,3,209,579,904,524,1,-1,-1,-1
179,8,2,489,212,396,1,-1,-1,-1
179,14,89,372,616,268,1,-1,-1,-1
179,15,767,549,904,536,1,-1,-1,-1
179,16,254,409,72,108,1,-1,-1,-1
180,1,1258,592,388,496,1,-1,-1,-1
180,2,1850,411,572,416,1,-1,-1,-1
180,3,183,557,949,550,1,-1,-1,-1
180,8,0,478,221,416,1,-1,-1,-1
180,14,98,368,616,268,1,-1,-1,-1
180,15,790,554,861,510,1,-1,-1,-1
180,16,264,405,76,113,1,-1,-1,-1
181,1,1256,585,388,496,1,-1,-1,-1
181,2,1852,417,572,416,1,-1,-1,-1
181,3,208,584,904,524,1,-1,-1,-1
181,8,0,480,223,416,1,-1,-1,-1
181,14,120,377,587,255,1,-1,-1,-1
181,15,786,548,861,510,1,-1,-1,-1
181,16,277,406,76,113,1,-1,-1,-1
182,1,1264,590,388,496,1,-1,-1,-1
182,2,1878,429,545,396,1,-1,-1,-1
182,3,218,568,904,524,1,-1,-1,-1
182,8,4,478,223,416,1,-1,-1,-1
182,14,136,376,587,255,1,-1,-1,-1
182,15,833,559,820,486,1,-1,-1,-1
182,16,295,407,76,113,1,-1,-1,-1
183,1,1273,591,388,496,1,-1,-1,-1
183,2,1887,433,545,396,1,-1,-1,-1
183,3,233,590,904,524,1,-1,-1,-1
183,8,7,475,223,416,1,-1,-1,-1
183,14,149,378,587,255,1,-1,-1,-1
183,15,830,571,820,486,1,-1,-1,-1
183,16,309,406,76,113,1,-1,-1,-1
184,1,1281,596,388,496,1,-1,-1,-1
184,2,1890,430,545,396,1,-1,-1,-1
184,3,245,594,904,524,1,-1,-1,-1
184,8,7,475,223,416,1,-1,-1,-1
184,14,166,377,587,255,1,-1,-1,-1
184,15,829,576,820,486,1,-1,-1,-1
184,16,322,406,76,113,1,-1,-1,-1
185,1,1281,596,388,496,1,-1,-1,-1
185,2,1896,436,564,408,1,-1,-1,-1
185,3,184,588,932,528,1,-1,-1,-1
185,8,0,484,216,400,1,-1,-1,-1
185,14,168,380,628,632,1,-1,-1,-1
185,15,796,532,888,548,1,-1,-1,-1
185,16,322,406,76,113,1,-1,-1,-1
186,1,1286,605,388,496,1,-1,-1,-1
186,2,1902,433,564,408,1,-1,-1,-1
186,3,176,588,932,528,1,-1,-1,-1
186,8,0,484,212,400,1,-1,-1,-1
186,14,167,373,628,632,1,-1,-1,-1
186,15,795,534,888,548,1,-1,-1,-1
186,16,334,407,76,113,1,-1,-1,-1
187,1,1295,619,370,472,1,-1,-1,-1
187,2,1911,438,564,408,1,-1,-1,-1
187,3,185,590,932,528,1,-1,-1,-1
187,8,0,485,213,400,1,-1,-1,-1
187,14,170,377,628,632,1,-1,-1,-1
187,15,786,543,888,548,1,-1,-1,-1
187,16,346,405,79,119,1,-1,-1,-1
188,1,1295,614,370,472,1,-1,-1,-1
188,2,1928,437,564,408,1,-1,-1,-1
188,3,179,607,932,528,1,-1,-1,-1
188,8,2,486,216,400,1,-1,-1,-1
188,14,172,384,628,632,1,-1,-1,-1
188,15,797,543,888,548,1,-1,-1,-1
188,16,359,405,79,119,1,-1,-1,-1
189,1,1288,610,370,472,1,-1,-1,-1
189,2,1934,434,564,408,1,-1,-1,-1
189,3,188,613,932,528,1,-1,-1,-1
189,8,12,495,206,381,1,-1,-1,-1
189,14,193,397,598,602,1,-1,-1,-1
189,15,782,534,932,575,1,-1,-1,-1
189,16,371,404,79,119,1,-1,-1,-1
190,1,1287,606,370,472,1,-1,-1,-1
190,2,1945,433,564,408,1,-1,-1,-1
190,3,181,612,932,528,1,-1,-1,-1
190,8,9,498,206,381,1,-1,-1,-1
190,14,206,394,598,602,1,-1,-1,-1
190,15,775,538,932,575,1,-1,-1,-1
190,16,383,406,79,119,1,-1,-1,-1
191,1,1288,607,370,472,1,-1,-1,-1
191,2,1946,436,564,408,1,-1,-1,-1
191,3,182,607,932,528,1,-1,-1,-1
191,8,13,500,206,381,1,-1,-1,-1
191,14,212,389,598,602,1,-1,-1,-1
191,15,766,535,932,575,1,-1,-1,-1
191,16,387,406,79,119,1,-1,-1,-1
192,1,1288,602,370,472,1,-1,-1,-1
192,2,1954,435,564,408,1,-1,-1,-1
192,3,206,608,888,503,1,-1,-1,-1
192,8,21,497,206,381,1,-1,-1,-1
192,14,223,397,598,602,1,-1,-1,-1
192,15,754,537,932,575,1,-1,-1,-1
192,16,401,406,79,119,1,-1,-1,-1
193,1,1288,602,370,472,1,-1,-1,-1
193,2,1964,436,560,408,1,-1,-1,-1
193,3,180,580,896,532,1,-1,-1,-1
193,8,0,488,232,400,1,-1,-1,-1
193,14,223,397,598,602,1,-1,-1,-1
193,15,864,560,812,524,1,-1,-1,-1
193,16,276,392,608,224,1,-1,-1,-1
194,1,1294,602,370,472,1,-1,-1,-1
194,2,1974,438,560,408,1,-1,-1,-1
194,3,179,591,896,532,1,-1,-1,-1
194,8,5,486,232,400,1,-1,-1,-1
194,14,238,393,598,602,1,-1,-1,-1
194,15,873,562,812,524,1,-1,-1,-1
194,16,282,394,608,224,1,-1,-1,-1
195,1,1300,599,370,472,1,-1,-1,-1
195,2,1987,433,560,408,1,-1,-1,-1
195,3,176,579,941,559,1,-1,-1,-1
195,8,12,486,232,400,1,-1,-1,-1
195,14,252,388,598,602,1,-1,-1,-1
195,15,874,567,812,524,1,-1,-1,-1
195,16,296,395,608,224,1,-1,-1,-1
196,1,1301,598,370,472,1,-1,-1,-1
196,2,2003,429,557,408,1,-1,-1,-1
196,3,156,577,941,559,1,-1,-1,-1
196,8,19,483,232,400,1,-1,-1,-1
196,14,227,381,628,632,1,-1,-1,-1
196,15,872,565,812,524,1,-1,-1,-1
196,16,325,398,608,224,1,-1,-1,-1
197,1,1299,596,370,472,1,-1,-1,-1
197,2,2018,443,533,389,1,-1,-1,-1
197,3,163,583,941,559,1,-1,-1,-1
197,8,20,484,232,400,1,-1,-1,-1
197,14,216,375,628,632,1,-1,-1,-1
197,15,872,567,812,524,1,-1,-1,-1
197,16,323,397,608,224,1,-1,-1,-1
198,1,1291,599,370,472,1,-1,-1,-1
198,2,2005,433,555,408,1,-1,-1,-1
198,3,184,586,941,559,1,-1,-1,-1
198,8,20,485,232,400,1,-1,-1,-1
198,14,226,371,628,632,1,-1,-1,-1
198,15,871,571,812,524,1,-1,-1,-1
198,16,332,396,608,224,1,-1,-1,-1
199,1,1287,600,370,472,1,-1,-1,-1
199,2,2010,433,550,408,1,-1,-1,-1
199,3,165,558,988,587,1,-1,-1,-1
199,8,18,486,232,400,1,-1,-1,-1
199,14,196,387,628,632,1,-1,-1,-1
199,15,876,573,812,524,1,-1,-1,-1
199,16,340,397,608,224,1,-1,-1,-1
200,1,1279,604,370,472,1,-1,-1,-1
200,2,2028,440,532,389,1,-1,-1,-1
200,3,168,588,988,587,1,-1,-1,-1
200,8,9,482,232,400,1,-1,-1,-1
200,14,204,375,628,632,1,-1,-1,-1
200,15,867,574,812,524,1,-1,-1,-1
200,16,350,403,579,213,1,-1,-1,-1
201,1,1279,604,370,472,1,-1,-1,-1
201,2,2004,432,536,408,1,-1,-1,-1
201,3,112,588,944,520,1,-1,-1,-1
201,8,0,480,236,312,1,-1,-1,-1
201,14,204,375,628,632,1,-1,-1,-1
201,15,804,556,852,524,1,-1,-1,-1
201,16,352,420,596,196,1,-1,-1,-1
202,1,1281,608,370,472,1,-1,-1,-1
202,2,2007,432,536,408,1,-1,-1,-1
202,3,103,593,944,520,1,-1,-1,-1
202,8,0,479,229,312,1,-1,-1,-1
202,14,145,369,628,632,1,-1,-1,-1
202,15,798,553,852,524,1,-1,-1,-1
202,16,366,427,568,187,1,-1,-1,-1
203,1,1283,611,370,472,1,-1,-1,-1
203,2,2010,435,536,408,1,-1,-1,-1
203,3,101,594,944,520,1,-1,-1,-1
203,8,0,479,228,312,1,-1,-1,-1
203,14,148,367,628,632,1,-1,-1,-1
203,15,801,556,852,524,1,-1,-1,-1
203,16,364,428,568,187,1,-1,-1,-1
204,1,1286,612,370,472,1,-1,-1,-1
204,2,2017,436,536,408,1,-1,-1,-1
204,3,101,594,944,520,1,-1,-1,-1
204,8,0,479,229,312,1,-1,-1,-1
204,14,141,371,628,632,1,-1,-1,-1
204,15,804,559,852,524,1,-1,-1,-1
204,16,370,429,568,187,1,-1,-1,-1
205,1,1284,608,370,472,1,-1,-1,-1
205,2,2039,434,521,408,1,-1,-1,-1
205,3,86,592,944,520,1,-1,-1,-1
205,8,0,478,235,312,1,-1,-1,-1
205,14,122,367,628,632,1,-1,-1,-1
205,15,807,560,852,524,1,-1,-1,-1
205,16,393,431,541,178,1,-1,-1,-1
206,1,1291,604,370,472,1,-1,-1,-1
206,2,2050,436,510,408,1,-1,-1,-1
206,3,116,591,944,520,1,-1,-1,-1
206,8,7,480,236,312,1,-1,-1,-1
206,14,123,373,628,632,1,-1,-1,-1
206,15,815,565,852,524,1,-1,-1,-1
206,16,427,432,541,178,1,-1,-1,-1
207,1,1289,606,370,472,1,-1,-1,-1
207,2,2055,439,505,408,1,-1,-1,-1
207,3,99,594,944,520,1,-1,-1,-1
207,8,12,481,236,312,1,-1,-1,-1
207,14,136,392,598,602,1,-1,-1,-1
207,15,824,560,852,524,1,-1,-1,-1
207,16,435,435,541,178,1,-1,-1,-1
208,1,1271,606,370,472,1,-1,-1,-1
208,2,2056,439,504,408,1,-1,-1,-1
208,3,106,587,944,520,1,-1,-1,-1
208,8,1,483,236,312,1,-1,-1,-1
208,14,131,396,598,602,1,-1,-1,-1
208,15,822,555,852,524,1,-1,-1,-1
208,16,435,436,541,178,1,-1,-1,-1
209,1,1271,606,370,472,1,-1,-1,-1
209,2,2072,444,488,400,1,-1,-1,-1
209,3,120,592,912,520,1,-1,-1,-1
209,8,0,488,252,400,1,-1,-1,-1
209,14,131,396,598,602,1,-1,-1,-1
209,15,800,564,872,512,1,-1,-1,-1
209,16,428,416,592,196,1,-1,-1,-1
210,1,1258,591,388,496,1,-1,-1,-1
210,2,2075,445,485,400,1,-1,-1,-1
210,3,113,595,912,520,1,-1,-1,-1
210,8,1,487,252,400,1,-1,-1,-1
210,14,138,397,598,602,1,-1,-1,-1
210,15,800,565,872,512,1,-1,-1,-1
210,16,442,423,564,187,1,-1,-1,-1
211,1,1259,587,388,496,1,-1,-1,-1
211,2,2087,445,473,400,1,-1,-1,-1
211,3,115,593,912,520,1,-1,-1,-1
211,8,5,488,252,400,1,-1,-1,-1
211,14,130,411,598,602,1,-1,-1,-1
211,15,799,562,872,512,1,-1,-1,-1
211,16,449,424,564,187,1,-1,-1,-1
212,1,1268,591,388,496,1,-1,-1,-1
212,2,2114,447,446,400,1,-1,-1,-1
212,3,123,598,912,520,1,-1,-1,-1
212,8,8,477,265,420,1,-1,-1,-1
212,14,132,416,598,602,1,-1,-1,-1
212,15,798,568,872,512,1,-1,-1,-1
212,16,478,429,537,178,1,-1,-1,-1
213,1,1269,587,388,496,1,-1,-1,-1
213,2,2126,445,434,400,1,-1,-1,-1
213,3,140,596,912,520,1,-1,-1,-1
213,8,10,477,265,420,1,-1,-1,-1
213,14,143,414,598,602,1,-1,-1,-1
213,15,812,575,872,512,1,-1,-1,-1
213,16,488,428,537,178,1,-1,-1,-1
214,1,1257,584,388,496,1,-1,-1,-1
214,2,2130,442,430,400,1,-1,-1,-1
214,3,126,617,912,520,1,-1,-1,-1
214,8,9,476,265,420,1,-1,-1,-1
214,14,130,410,598,602,1,-1,-1,-1
214,15,812,575,872,512,1,-1,-1,-1
214,16,500,430,511,169,1,-1,-1,-1
215,1,1259,584,388,496,1,-1,-1,-1
215,2,2136,439,424,400,1,-1,-1,-1
215,3,148,597,912,520,1,-1,-1,-1
215,8,7,476,265,420,1,-1,-1,-1
215,14,131,407,598,602,1,-1,-1,-1
215,15,794,553,916,538,1,-1,-1,-1
215,16,500,429,511,169,1,-1,-1,-1
216,1,1251,583,388,496,1,-1,-1,-1
216,2,2145,449,415,381,1,-1,-1,-1
216,3,157,610,869,495,1,-1,-1,-1
216,8,3,474,265,420,1,-1,-1,-1
216,14,137,425,570,573,1,-1,-1,-1
216,15,783,551,916,538,1,-1,-1,-1
216,16,498,429,511,169,1,-1,-1,-1
217,1,1096,560,624,404,1,-1,-1,-1
217,2,2148,440,412,408,1,-1,-1,-1
217,3,104,588,872,524,1,-1,-1,-1
217,8,0,480,284,228,1,-1,-1,-1
217,14,137,425,570,573,1,-1,-1,-1
217,15,780,556,812,528,1,-1,-1,-1
217,16,484,424,596,192,1,-1,-1,-1
218,1,1091,558,624,404,1,-1,-1,-1
218,2,2157,440,403,408,1,-1,-1,-1
218,3,107,580,872,524,1,-1,-1,-1
218,8,3,480,284,228,1,-1,-1,-1
218,14,147,426,570,573,1,-1,-1,-1
218,15,779,555,812,528,1,-1,-1,-1
218,16,502,425,568,183,1,-1,-1,-1
219,1,1100,555,624,404,1,-1,-1,-1
219,2,2179,440,381,408,1,-1,-1,-1
219,3,102,582,872,524,1,-1,-1,-1
219,8,7,479,284,228,1,-1,-1,-1
219,14,156,437,570,573,1,-1,-1,-1
219,15,778,566,812,528,1,-1,-1,-1
219,16,510,428,568,183,1,-1,-1,-1
220,1,1092,557,624,404,1,-1,-1,-1
220,2,2184,439,376,408,1,-1,-1,-1
220,3,79,571,916,550,1,-1,-1,-1
220,8,4,479,284,228,1,-1,-1,-1
220,14,126,432,570,573,1,-1,-1,-1
220,15,779,564,812,528,1,-1,-1,-1
220,16,515,429,568,183,1,-1,-1,-1
221,1,1086,554,624,404,1,-1,-1,-1
221,2,2188,437,372,408,1,-1,-1,-1
221,3,72,574,916,550,1,-1,-1,-1
221,8,3,480,284,228,1,-1,-1,-1
221,14,120,417,598,602,1,-1,-1,-1
221,15,794,569,773,503,1,-1,-1,-1
221,16,519,430,568,183,1,-1,-1,-1
222,1,1079,557,624,404,1,-1,-1,-1
222,2,2189,436,371,408,1,-1,-1,-1
222,3,119,593,872,524,1,-1,-1,-1
222,8,0,479,281,228,1,-1,-1,-1
222,14,110,414,598,602,1,-1,-1,-1
222,15,806,574,773,503,1,-1,-1,-1
222,16,532,436,541,174,1,-1,-1,-1
223,1,1060,551,655,424,1,-1,-1,-1
223,2,2194,435,366,408,1,-1,-1,-1
223,3,112,591,830,499,1,-1,-1,-1
223,8,0,480,274,228,1,-1,-1,-1
223,14,93,403,598,602,1,-1,-1,-1
223,15,820,581,737,479,1,-1,-1,-1
223,16,508,434,568,183,1,-1,-1,-1
224,1,1068,551,655,424,1,-1,-1,-1
224,2,2207,444,353,389,1,-1,-1,-1
224,3,120,603,830,499,1,-1,-1,-1
224,8,0,481,269,228,1,-1,-1,-1
224,14,82,410,598,602,1,-1,-1,-1
224,15,774,568,773,503,1,-1,-1,-1
224,16,504,435,568,183,1,-1,-1,-1
225,1,1160,556,524,416,1,-1,-1,-1
225,2,2200,428,360,416,1,-1,-1,-1
225,3,32,588,896,516,1,-1,-1,-1
225,8,0,488,272,212,1,-1,-1,-1
225,14,82,410,598,602,1,-1,-1,-1
225,15,748,560,872,528,1,-1,-1,-1
225,16,508,436,632,180,1,-1,-1,-1
226,1,1159,551,524,416,1,-1,-1,-1
226,2,2206,433,354,416,1,-1,-1,-1
226,3,33,585,896,516,1,-1,-1,-1
226,8,0,488,272,212,1,-1,-1,-1
226,14,92,415,570,573,1,-1,-1,-1
226,15,740,551,872,528,1,-1,-1,-1
226,16,530,439,602,171,1,-1,-1,-1
227,1,1158,549,524,416,1,-1,-1,-1
227,2,2217,444,343,396,1,-1,-1,-1
227,3,0,573,940,542,1,-1,-1,-1
227,8,0,489,272,212,1,-1,-1,-1
227,14,85,416,570,573,1,-1,-1,-1
227,15,755,565,830,503,1,-1,-1,-1
227,16,518,434,632,180,1,-1,-1,-1
228,1,1141,539,550,437,1,-1,-1,-1
228,2,2215,431,345,416,1,-1,-1,-1
228,3,0,562,931,542,1,-1,-1,-1
228,8,0,487,269,212,1,-1,-1,-1
228,14,87,418,570,573,1,-1,-1,-1
228,15,724,555,872,528,1,-1,-1,-1
228,16,543,439,602,171,1,-1,-1,-1
229,1,1137,536,550,437,1,-1,-1,-1
229,2,2213,431,347,416,1,-1,-1,-1
229,3,5,573,941,542,1,-1,-1,-1
229,8,0,486,263,212,1,-1,-1,-1
229,14,76,422,570,573,1,-1,-1,-1
229,15,734,551,872,528,1,-1,-1,-1
229,16,555,440,602,171,1,-1,-1,-1
230,1,1124,540,550,437,1,-1,-1,-1
230,2,2210,433,350,416,1,-1,-1,-1
230,3,0,567,937,542,1,-1,-1,-1
230,8,0,487,256,212,1,-1,-1,-1
230,14,82,437,542,546,1,-1,-1,-1
230,15,707,552,872,528,1,-1,-1,-1
230,16,574,444,573,163,1,-1,-1,-1
231,1,1107,538,550,437,1,-1,-1,-1
231,2,2212,433,348,416,1,-1,-1,-1
231,3,0,581,922,542,1,-1,-1,-1
231,8,0,486,249,212,1,-1,-1,-1
231,14,62,433,570,573,1,-1,-1,-1
231,15,725,566,830,503,1,-1,-1,-1
231,16,571,444,573,163,1,-1,-1,-1
232,1,1118,552,524,416,1,-1,-1,-1
232,2,2215,432,345,416,1,-1,-1,-1
232,3,0,575,918,542,1,-1,-1,-1
232,8,0,484,242,212,1,-1,-1,-1
232,14,43,428,570,573,1,-1,-1,-1
232,15,704,558,830,503,1,-1,-1,-1
232,16,577,445,573,163,1,-1,-1,-1
233,1,1118,552,524,416,1,-1,-1,-1
233,2,2224,436,332,408,1,-1,-1,-1
233,3,0,592,864,508,1,-1,-1,-1
233,8,0,484,242,212,1,-1,-1,-1
233,14,0,480,260,408,1,-1,-1,-1
233,15,588,548,928,528,1,-1,-1,-1
233,16,528,420,608,196,1,-1,-1,-1
234,1,1111,552,524,416,1,-1,-1,-1
234,2,2225,439,332,408,1,-1,-1,-1
234,3,0,587,864,508,1,-1,-1,-1
234,8,0,484,233,212,1,-1,-1,-1
234,14,0,479,255,408,1,-1,-1,-1
234,15,581,549,928,528,1,-1,-1,-1
234,16,530,419,608,196,1,-1,-1,-1
235,1,1117,555,524,416,1,-1,-1,-1
235,2,2230,439,330,408,1,-1,-1,-1
235,3,0,588,853,508,1,-1,-1,-1
235,8,0,484,232,212,1,-1,-1,-1
235,14,0,480,249,408,1,-1,-1,-1
235,15,612,569,884,503,1,-1,-1,-1
235,16,526,418,608,196,1,-1,-1,-1
236,1,1112,563,524,416,1,-1,-1,-1
236,2,2231,440,329,408,1,-1,-1,-1
236,3,5,595,864,508,1,-1,-1,-1
236,8,0,484,232,212,1,-1,-1,-1
236,14,0,490,240,389,1,-1,-1,-1
236,15,590,560,928,528,1,-1,-1,-1
236,16,542,424,579,187,1,-1,-1,-1
237,1,1106,561,524,416,1,-1,-1,-1
237,2,2238,440,322,408,1,-1,-1,-1
237,3,7,610,823,484,1,-1,-1,-1
237,8,0,483,224,212,1,-1,-1,-1
237,14,0,489,227,389,1,-1,-1,-1
237,15,578,551,928,528,1,-1,-1,-1
237,16,549,426,551,178,1,-1,-1,-1
238,1,1085,557,550,437,1,-1,-1,-1
238,2,2245,441,315,408,1,-1,-1,-1
238,3,1,607,823,484,1,-1,-1,-1
238,8,0,482,225,212,1,-1,-1,-1
238,14,0,485,221,389,1,-1,-1,-1
238,15,580,540,928,528,1,-1,-1,-1
238,16,539,426,579,187,1,-1,-1,-1
239,1,1091,551,550,437,1,-1,-1,-1
239,2,2244,443,316,408,1,-1,-1,-1
239,3,0,596,848,508,1,-1,-1,-1
239,8,0,482,225,212,1,-1,-1,-1
239,14,0,487,217,389,1,-1,-1,-1
239,15,586,546,928,528,1,-1,-1,-1
239,16,543,429,579,187,1,-1,-1,-1
240,1,1091,557,550,437,1,-1,-1,-1
240,2,2252,438,308,408,1,-1,-1,-1
240,3,0,596,844,508,1,-1,-1,-1
240,8,0,483,227,212,1,-1,-1,-1
240,14,0,476,224,408,1,-1,-1,-1
240,15,532,538,974,554,1,-1,-1,-1
240,16,548,429,579,187,1,-1,-1,-1
241,1,1332,588,376,388,1,-1,-1,-1
241,2,2244,428,316,420,1,-1,-1,-1
241,3,0,588,848,524,1,-1,-1,-1
241,8,0,488,240,128,1,-1,-1,-1
241,14,0,476,236,480,1,-1,-1,-1
241,15,552,564,960,512,1,-1,-1,-1
241,16,532,440,636,180,1,-1,-1,-1
242,1,1339,587,376,388,1,-1,-1,-1
242,2,2254,429,306,420,1,-1,-1,-1
242,3,3,585,848,524,1,-1,-1,-1
242,8,1,489,240,128,1,-1,-1,-1
242,14,1,479,236,480,1,-1,-1,-1
242,15,560,565,960,512,1,-1,-1,-1
242,16,535,445,636,180,1,-1,-1,-1
243,1,1345,585,376,388,1,-1,-1,-1
243,2,2268,430,292,420,1,-1,-1,-1
243,3,0,566,879,550,1,-1,-1,-1
243,8,4,490,240,128,1,-1,-1,-1
243,14,0,482,234,480,1,-1,-1,-1
243,15,567,571,960,512,1,-1,-1,-1
243,16,520,440,668,189,1,-1,-1,-1
244,1,1349,583,376,388,1,-1,-1,-1
244,2,2272,430,288,420,1,-1,-1,-1
244,3,4,586,848,524,1,-1,-1,-1
244,8,2,492,240,128,1,-1,-1,-1
244,14,4,496,225,457,1,-1,-1,-1
244,15,559,571,960,512,1,-1,-1,-1
244,16,536,445,636,180,1,-1,-1,-1
245,1,1349,582,376,388,1,-1,-1,-1
245,2,2274,432,286,420,1,-1,-1,-1
245,3,0,586,842,524,1,-1,-1,-1
245,8,3,493,240,128,1,-1,-1,-1
245,14,5,495,225,457,1,-1,-1,-1
245,15,614,587,914,488,1,-1,-1,-1
245,16,528,439,668,189,1,-1,-1,-1
246,1,1350,583,376,388,1,-1,-1,-1
246,2,2261,422,299,441,1,-1,-1,-1
246,3,10,600,808,499,1,-1,-1,-1
246,8,0,492,238,128,1,-1,-1,-1
246,14,0,486,233,480,1,-1,-1,-1
246,15,654,593,871,464,1,-1,-1,-1
246,16,543,446,636,180,1,-1,-1,-1
247,1,1343,581,376,388,1,-1,-1,-1
247,2,2258,420,302,441,1,-1,-1,-1
247,3,0,606,801,499,1,-1,-1,-1
247,8,0,491,228,128,1,-1,-1,-1
247,14,0,477,232,504,1,-1,-1,-1
247,15,640,578,871,464,1,-1,-1,-1
247,16,541,449,636,180,1,-1,-1,-1
248,1,1345,577,376,388,1,-1,-1,-1
248,2,2256,424,304,441,1,-1,-1,-1
248,3,0,599,804,499,1,-1,-1,-1
248,8,0,493,216,122,1,-1,-1,-1
248,14,0,484,218,480,1,-1,-1,-1
248,15,606,571,914,488,1,-1,-1,-1
248,16,536,451,636,180,1,-1,-1,-1
249,1,1292,580,452,400,1,-1,-1,-1
249,2,2268,424,288,424,1,-1,-1,-1
249,3,0,584,732,528,1,-1,-1,-1
249,8,0,493,216,122,1,-1,-1,-1
249,14,0,488,212,416,1,-1,-1,-1
249,15,536,552,840,524,1,-1,-1,-1
249,16,532,444,624,172,1,-1,-1,-1
250,1,1290,579,452,400,1,-1,-1,-1
250,2,2272,426,288,424,1,-1,-1,-1
250,3,0,584,727,528,1,-1,-1,-1
250,8,0,491,201,122,1,-1,-1,-1
250,14,0,490,211,416,1,-1,-1,-1
250,15,524,562,840,524,1,-1,-1,-1
250,16,534,442,624,172,1,-1,-1,-1
251,1,1291,579,452,400,1,-1,-1,-1
251,2,2269,425,288,424,1,-1,-1,-1
251,3,0,583,724,528,1,-1,-1,-1
251,8,0,491,201,122,1,-1,-1,-1
251,14,0,490,208,416,1,-1,-1,-1
251,15,523,553,840,524,1,-1,-1,-1
251,16,538,443,624,172,1,-1,-1,-1
252,1,1295,578,452,400,1,-1,-1,-1
252,2,2263,414,297,445,1,-1,-1,-1
252,3,0,585,730,528,1,-1,-1,-1
252,8,0,492,203,122,1,-1,-1,-1
252,14,0,482,217,437,1,-1,-1,-1
252,15,523,558,840,524,1,-1,-1,-1
252,16,541,443,624,172,1,-1,-1,-1
253,1,1314,579,452,400,1,-1,-1,-1
253,2,2283,413,277,445,1,-1,-1,-1
253,3,0,586,731,528,1,-1,-1,-1
253,8,0,487,216,128,1,-1,-1,-1
253,14,4,491,212,416,1,-1,-1,-1
253,15,505,547,882,550,1,-1,-1,-1
253,16,558,445,594,164,1,-1,-1,-1
254,1,1335,578,452,400,1,-1,-1,-1
254,2,2296,409,264,445,1,-1,-1,-1
254,3,17,591,732,528,1,-1,-1,-1
254,8,0,488,228,128,1,-1,-1,-1
254,14,6,493,212,416,1,-1,-1,-1
254,15,533,555,882,550,1,-1,-1,-1
254,16,573,443,594,164,1,-1,-1,-1
255,1,1354,581,452,400,1,-1,-1,-1
255,2,2298,410,262,445,1,-1,-1,-1
255,3,21,584,732,528,1,-1,-1,-1
255,8,0,489,235,128,1,-1,-1,-1
255,14,9,497,212,416,1,-1,-1,-1
255,15,515,545,882,550,1,-1,-1,-1
255,16,582,443,594,164,1,-1,-1,-1
256,1,1364,586,452,400,1,-1,-1,-1
256,2,2300,409,260,445,1,-1,-1,-1
256,3,5,584,732,528,1,-1,-1,-1
256,8,0,492,237,128,1,-1,-1,-1
256,14,10,508,202,396,1,-1,-1,-1
256,15,525,546,882,550,1,-1,-1,-1
256,16,582,446,594,164,1,-1,-1,-1
257,1,1276,580,528,412,1,-1,-1,-1
257,2,2348,432,212,400,1,-1,-1,-1
257,3,4,600,764,516,1,-1,-1,-1
257,8,0,492,252,152,1,-1,-1,-1
257,14,0,480,252,552,1,-1,-1,-1
257,15,288,544,1128,536,1,-1,-1,-1
257,16,592,452,604,168,1,-1,-1,-1
258,1,1285,580,528,412,1,-1,-1,-1
258,2,2352,437,208,400,1,-1,-1,-1
258,3,3,599,764,516,1,-1,-1,-1
258,8,2,492,252,152,1,-1,-1,-1
258,14,1,482,252,552,1,-1,-1,-1
258,15,291,538,1128,536,1,-1,-1,-1
258,16,595,450,604,168,1,-1,-1,-1
259,1,1303,581,528,412,1,-1,-1,-1
259,2,2366,434,194,400,1,-1,-1,-1
259,3,18,600,764,516,1,-1,-1,-1
259,8,13,495,252,152,1,-1,-1,-1
259,14,0,477,264,580,1,-1,-1,-1
259,15,284,530,1128,536,1,-1,-1,-1
259,16,617,451,575,160,1,-1,-1,-1
260,1,1308,582,528,412,1,-1,-1,-1
260,2,2382,441,178,381,1,-1,-1,-1
260,3,23,601,764,516,1,-1,-1,-1
260,8,20,499,252,152,1,-1,-1,-1
260,14,3,483,265,580,1,-1,-1,-1
260,15,291,517,1184,563,1,-1,-1,-1
260,16,624,450,575,160,1,-1,-1,-1
261,1,1322,577,528,412,1,-1,-1,-1
261,2,2393,435,167,381,1,-1,-1,-1
261,3,21,602,764,516,1,-1,-1,-1
261,8,27,500,252,152,1,-1,-1,-1
261,14,15,483,265,580,1,-1,-1,-1
261,15,279,523,1184,563,1,-1,-1,-1
261,16,622,447,604,168,1,-1,-1,-1
262,1,1312,568,554,433,1,-1,-1,-1
262,2,2391,430,169,400,1,-1,-1,-1
262,3,23,606,764,516,1,-1,-1,-1
262,8,29,500,252,152,1,-1,-1,-1
262,14,21,500,252,552,1,-1,-1,-1
262,15,262,504,1244,591,1,-1,-1,-1
262,16,643,451,575,160,1,-1,-1,-1
263,1,1334,577,528,412,1,-1,-1,-1
263,2,2392,432,168,400,1,-1,-1,-1
263,3,22,612,764,516,1,-1,-1,-1
263,8,22,498,265,160,1,-1,-1,-1
263,14,25,501,252,552,1,-1,-1,-1
263,15,302,508,1184,563,1,-1,-1,-1
263,16,647,450,575,160,1,-1,-1,-1
264,1,1336,579,528,412,1,-1,-1,-1
264,2,2390,429,170,400,1,-1,-1,-1
264,3,15,613,764,516,1,-1,-1,-1
264,8,24,497,265,160,1,-1,-1,-1
264,14,22,490,265,580,1,-1,-1,-1
264,15,306,534,1128,536,1,-1,-1,-1
264,16,639,445,604,168,1,-1,-1,-1
265,1,1268,576,580,420,1,-1,-1,-1
265,2,2416,424,144,212,1,-1,-1,-1
265,3,0,604,728,516,1,-1,-1,-1
265,8,24,497,265,160,1,-1,-1,-1
265,14,0,500,288,568,1,-1,-1,-1
265,15,348,524,996,560,1,-1,-1,-1
265,16,644,472,620,132,1,-1,-1,-1
266,1,1277,574,580,420,1,-1,-1,-1
266,2,2424,424,136,212,1,-1,-1,-1
266,3,0,598,726,516,1,-1,-1,-1
266,8,30,496,265,160,1,-1,-1,-1
266,14,6,502,288,568,1,-1,-1,-1
266,15,345,523,996,560,1,-1,-1,-1
266,16,666,473,590,126,1,-1,-1,-1
267,1,1288,569,580,420,1,-1,-1,-1
267,2,2434,425,126,212,1,-1,-1,-1
267,3,0,607,728,516,1,-1,-1,-1
267,8,35,496,265,160,1,-1,-1,-1
267,14,12,503,288,568,1,-1,-1,-1
267,15,354,529,996,560,1,-1,-1,-1
267,16,658,470,620,132,1,-1,-1,-1
268,1,1307,589,552,400,1,-1,-1,-1
268,2,2441,432,119,202,1,-1,-1,-1
268,3,0,594,747,542,1,-1,-1,-1
268,8,37,496,265,160,1,-1,-1,-1
268,14,7,500,288,568,1,-1,-1,-1
268,15,326,510,1046,588,1,-1,-1,-1
268,16,680,473,590,126,1,-1,-1,-1
269,1,1306,585,552,400,1,-1,-1,-1
269,2,2444,432,116,202,1,-1,-1,-1
269,3,0,581,759,569,1,-1,-1,-1
269,8,38,496,265,160,1,-1,-1,-1
269,14,5,502,288,568,1,-1,-1,-1
269,15,354,486,1046,588,1,-1,-1,-1
269,16,693,475,562,120,1,-1,-1,-1
270,1,1294,577,580,420,1,-1,-1,-1
270,2,2441,434,119,202,1,-1,-1,-1
270,3,0,587,758,569,1,-1,-1,-1
270,8,28,491,278,168,1,-1,-1,-1
270,14,0,505,281,568,1,-1,-1,-1
270,15,389,509,996,560,1,-1,-1,-1
270,16,706,475,562,120,1,-1,-1,-1
271,1,1299,573,580,420,1,-1,-1,-1
271,2,2440,436,120,202,1,-1,-1,-1
271,3,0,601,728,542,1,-1,-1,-1
271,8,24,492,278,168,1,-1,-1,-1
271,14,0,513,275,568,1,-1,-1,-1
271,15,353,521,996,560,1,-1,-1,-1
271,16,693,471,590,126,1,-1,-1,-1
272,1,1305,575,580,420,1,-1,-1,-1
272,2,2440,435,120,202,1,-1,-1,-1
272,3,0,599,731,542,1,-1,-1,-1
272,8,22,494,278,168,1,-1,-1,-1
272,14,0,508,271,568,1,-1,-1,-1
272,15,334,530,996,560,1,-1,-1,-1
272,16,691,467,590,126,1,-1,-1,-1
273,1,1168,556,692,448,1,-1,-1,-1
273,2,2444,432,112,220,1,-1,-1,-1
273,3,0,624,740,500,1,-1,-1,-1
273,8,0,496,296,164,1,-1,-1,-1
273,14,0,496,304,432,1,-1,-1,-1
273,15,420,508,976,572,1,-1,-1,-1
273,16,680,444,592,160,1,-1,-1,-1
274,1,1167,554,692,448,1,-1,-1,-1
274,2,2443,432,112,220,1,-1,-1,-1
274,3,0,626,730,500,1,-1,-1,-1
274,8,0,497,295,164,1,-1,-1,-1
274,14,0,500,298,432,1,-1,-1,-1
274,15,416,510,976,572,1,-1,-1,-1
274,16,671,442,592,160,1,-1,-1,-1
275,1,1159,554,692,448,1,-1,-1,-1
275,2,2443,432,112,220,1,-1,-1,-1
275,3,0,631,737,500,1,-1,-1,-1
275,8,0,498,295,164,1,-1,-1,-1
275,14,0,500,299,432,1,-1,-1,-1
275,15,413,513,976,572,1,-1,-1,-1
275,16,677,443,592,160,1,-1,-1,-1
276,1,1154,551,692,448,1,-1,-1,-1
276,2,2436,429,112,220,1,-1,-1,-1
276,3,0,623,719,500,1,-1,-1,-1
276,8,0,501,284,164,1,-1,-1,-1
276,14,0,505,290,432,1,-1,-1,-1
276,15,401,494,976,572,1,-1,-1,-1
276,16,655,441,622,168,1,-1,-1,-1
277,1,1135,550,692,448,1,-1,-1,-1
277,2,2426,425,118,231,1,-1,-1,-1
277,3,0,625,714,500,1,-1,-1,-1
277,8,0,502,272,164,1,-1,-1,-1
277,14,0,510,279,432,1,-1,-1,-1
277,15,400,507,976,572,1,-1,-1,-1
277,16,661,444,622,168,1,-1,-1,-1
278,1,1127,537,727,470,1,-1,-1,-1
278,2,2416,422,118,231,1,-1,-1,-1
278,3,0,626,709,500,1,-1,-1,-1
278,8,0,504,262,164,1,-1,-1,-1
278,14,0,508,268,432,1,-1,-1,-1
278,15,381,508,976,572,1,-1,-1,-1
278,16,660,447,622,168,1,-1,-1,-1
279,1,1110,541,727,470,1,-1,-1,-1
279,2,2412,414,118,231,1,-1,-1,-1
279,3,0,646,677,476,1,-1,-1,-1
279,8,0,502,258,164,1,-1,-1,-1
279,14,0,519,255,411,1,-1,-1,-1
279,15,393,521,976,572,1,-1,-1,-1
279,16,639,447,622,168,1,-1,-1,-1
280,1,1100,532,727,470,1,-1,-1,-1
280,2,2407,413,118,231,1,-1,-1,-1
280,3,0,639,658,476,1,-1,-1,-1
280,8,0,498,256,164,1,-1,-1,-1
280,14,0,503,258,432,1,-1,-1,-1
280,15,396,518,930,545,1,-1,-1,-1
280,16,646,451,592,160,1,-1,-1,-1
281,1,1088,532,732,484,1,-1,-1,-1
281,2,2384,416,172,436,1,-1,-1,-1
281,3,0,616,632,512,1,-1,-1,-1
281,8,0,500,288,156,1,-1,-1,-1
281,14,0,500,292,580,1,-1,-1,-1
281,15,404,532,872,540,1,-1,-1,-1
281,16,656,464,560,132,1,-1,-1,-1
282,1,1086,540,732,484,1,-1,-1,-1
282,2,2385,415,172,436,1,-1,-1,-1
282,3,0,617,619,512,1,-1,-1,-1
282,8,0,500,288,156,1,-1,-1,-1
282,14,0,499,285,580,1,-1,-1,-1
282,15,406,550,830,514,1,-1,-1,-1
282,16,656,464,560,132,1,-1,-1,-1
283,1,1103,552,697,461,1,-1,-1,-1
283,2,2384,414,172,436,1,-1,-1,-1
283,3,0,615,619,512,1,-1,-1,-1
283,8,0,499,282,156,1,-1,-1,-1
283,14,0,500,277,580,1,-1,-1,-1
283,15,408,557,830,514,1,-1,-1,-1
283,16,661,466,533,126,1,-1,-1,-1
284,1,1102,556,697,461,1,-1,-1,-1
284,2,2381,412,172,436,1,-1,-1,-1
284,3,0,599,626,538,1,-1,-1,-1
284,8,0,498,279,156,1,-1,-1,-1
284,14,0,498,270,580,1,-1,-1,-1
284,15,396,554,830,514,1,-1,-1,-1
284,16,660,467,533,126,1,-1,-1,-1
285,1,1090,564,697,461,1,-1,-1,-1
285,2,2371,412,172,436,1,-1,-1,-1
285,3,0,588,641,564,1,-1,-1,-1
285,8,0,497,273,156,1,-1,-1,-1
285,14,0,500,267,580,1,-1,-1,-1
285,15,393,559,830,514,1,-1,-1,-1
285,16,647,465,560,132,1,-1,-1,-1
286,1,1108,565,664,439,1,-1,-1,-1
286,2,2366,411,172,436,1,-1,-1,-1
286,3,0,587,645,564,1,-1,-1,-1
286,8,0,496,262,156,1,-1,-1,-1
286,14,0,501,257,580,1,-1,-1,-1
286,15,368,569,830,514,1,-1,-1,-1
286,16,644,465,560,132,1,-1,-1,-1
287,1,1089,557,697,461,1,-1,-1,-1
287,2,2361,409,172,436,1,-1,-1,-1
287,3,0,588,648,564,1,-1,-1,-1
287,8,0,497,253,149,1,-1,-1,-1
287,14,0,499,254,580,1,-1,-1,-1
287,15,367,559,872,540,1,-1,-1,-1
287,16,642,464,560,132,1,-1,-1,-1
288,1,1060,549,732,484,1,-1,-1,-1
288,2,2354,412,172,436,1,-1,-1,-1
288,3,0,583,627,564,1,-1,-1,-1
288,8,0,495,239,149,1,-1,-1,-1
288,14,0,503,247,580,1,-1,-1,-1
288,15,362,553,872,540,1,-1,-1,-1
288,16,639,464,560,132,1,-1,-1,-1
289,1,1044,540,748,472,1,-1,-1,-1
289,2,2324,412,236,276,1,-1,-1,-1
289,3,0,632,508,496,1,-1,-1,-1
289,8,0,496,220,176,1,-1,-1,-1
289,14,112,504,204,136,1,-1,-1,-1
289,15,260,564,952,516,1,-1,-1,-1
289,16,616,440,560,164,1,-1,-1,-1
290,1,1042,538,748,472,1,-1,-1,-1
290,2,2315,413,236,276,1,-1,-1,-1
290,3,0,632,495,496,1,-1,-1,-1
290,8,0,498,213,176,1,-1,-1,-1
290,14,105,505,204,136,1,-1,-1,-1
290,15,250,566,952,516,1,-1,-1,-1
290,16,617,440,560,164,1,-1,-1,-1
291,1,1023,536,748,472,1,-1,-1,-1
291,2,2300,409,236,276,1,-1,-1,-1
291,3,0,638,474,496,1,-1,-1,-1
291,8,0,497,203,176,1,-1,-1,-1
291,14,99,504,204,136,1,-1,-1,-1
291,15,241,560,952,516,1,-1,-1,-1
291,16,613,439,560,164,1,-1,-1,-1
292,1,1019,533,748,472,1,-1,-1,-1
292,2,2286,410,236,276,1,-1,-1,-1
292,3,0,641,447,472,1,-1,-1,-1
292,8,0,492,192,185,1,-1,-1,-1
292,14,86,500,204,136,1,-1,-1,-1
292,15,237,560,952,516,1,-1,-1,-1
292,16,597,438,560,164,1,-1,-1,-1
293,1,1018,535,748,472,1,-1,-1,-1
293,2,2285,407,236,276,1,-1,-1,-1
293,3,0,647,430,450,1,-1,-1,-1
293,8,0,494,191,185,1,-1,-1,-1
293,14,87,502,204,136,1,-1,-1,-1
293,15,229,560,952,516,1,-1,-1,-1
293,16,599,440,560,164,1,-1,-1,-1
294,1,1034,549,712,450,1,-1,-1,-1
294,2,2272,412,236,276,1,-1,-1,-1
294,3,0,648,421,450,1,-1,-1,-1
294,8,0,494,185,185,1,-1,-1,-1
294,14,68,493,214,143,1,-1,-1,-1
294,15,207,565,952,516,1,-1,-1,-1
294,16,590,442,560,164,1,-1,-1,-1
295,1,1008,536,748,472,1,-1,-1,-1
295,2,2257,404,236,276,1,-1,-1,-1
295,3,0,651,395,450,1,-1,-1,-1
295,8,0,489,174,194,1,-1,-1,-1
295,14,51,487,225,150,1,-1,-1,-1
295,15,182,569,952,516,1,-1,-1,-1
295,16,592,445,533,156,1,-1,-1,-1
296,1,994,535,748,472,1,-1,-1,-1
296,2,2242,395,236,276,1,-1,-1,-1
296,3,0,657,400,450,1,-1,-1,-1
296,8,0,487,161,194,1,-1,-1,-1
296,14,35,489,236,157,1,-1,-1,-1
296,15,192,567,952,516,1,-1,-1,-1
296,16,562,441,560,164,1,-1,-1,-1
297,1,980,528,784,492,1,-1,-1,-1
297,2,2224,388,336,456,1,-1,-1,-1
297,3,0,628,312,488,1,-1,-1,-1
297,8,0,500,124,168,1,-1,-1,-1
297,14,64,504,952,568,1,-1,-1,-1
297,15,548,448,644,468,1,-1,-1,-1
297,16,548,456,520,140,1,-1,-1,-1
298,1,973,529,784,492,1,-1,-1,-1
298,2,2220,386,336,456,1,-1,-1,-1
298,3,0,627,299,488,1,-1,-1,-1
298,8,0,500,119,168,1,-1,-1,-1
298,14,53,506,952,568,1,-1,-1,-1
298,15,545,451,644,468,1,-1,-1,-1
298,16,541,457,520,140,1,-1,-1,-1
299,1,978,526,784,492,1,-1,-1,-1
299,2,2215,386,336,456,1,-1,-1,-1
299,3,0,629,297,488,1,-1,-1,-1
299,8,0,501,118,168,1,-1,-1,-1
299,14,51,504,952,568,1,-1,-1,-1
299,15,540,447,644,468,1,-1,-1,-1
299,16,541,456,520,140,1,-1,-1,-1
300,1,970,531,784,492,1,-1,-1,-1
300,2,2209,384,336,456,1,-1,-1,-1
300,3,0,632,283,488,1,-1,-1,-1
300,8,0,502,112,168,1,-1,-1,-1
300,14,41,505,952,568,1,-1,-1,-1
300,15,525,448,644,468,1,-1,-1,-1
300,16,528,456,520,140,1,-1,-1,-1
301,1,963,532,784,492,1,-1,-1,-1
301,2,2195,383,336,456,1,-1,-1,-1
301,3,0,635,268,488,1,-1,-1,-1
301,8,0,502,101,168,1,-1,-1,-1
301,14,40,514,952,568,1,-1,-1,-1
301,15,520,452,644,468,1,-1,-1,-1
301,16,519,456,520,140,1,-1,-1,-1
302,1,952,529,784,492,1,-1,-1,-1
302,2,2188,382,336,456,1,-1,-1,-1
302,3,0,642,248,465,1,-1,-1,-1
302,8,0,502,91,168,1,-1,-1,-1
302,14,8,499,1000,596,1,-1,-1,-1
302,15,520,452,644,468,1,-1,-1,-1
302,16,515,456,520,140,1,-1,-1,-1
303,1,946,529,784,492,1,-1,-1,-1
303,2,2166,376,353,479,1,-1,-1,-1
303,3,0,640,233,465,1,-1,-1,-1
303,8,0,505,88,168,1,-1,-1,-1
303,14,25,512,952,568,1,-1,-1,-1
303,15,504,453,644,468,1,-1,-1,-1
303,16,510,454,520,140,1,-1,-1,-1
304,1,934,533,784,492,1,-1,-1,-1
304,2,2151,373,353,479,1,-1,-1,-1
304,3,0,633,222,465,1,-1,-1,-1
304,8,0,509,87,168,1,-1,-1,-1
304,14,38,510,952,568,1,-1,-1,-1
304,15,493,455,644,468,1,-1,-1,-1
304,16,505,451,520,140,1,-1,-1,-1
305,1,892,520,856,504,1,-1,-1,-1
305,2,2144,392,416,452,1,-1,-1,-1
305,3,0,644,248,464,1,-1,-1,-1
305,8,0,496,324,152,1,-1,-1,-1
305,14,32,552,916,520,1,-1,-1,-1
305,15,480,460,552,576,1,-1,-1,-1
305,16,508,452,524,148,1,-1,-1,-1
306,1,890,523,856,504,1,-1,-1,-1
306,2,2139,393,416,452,1,-1,-1,-1
306,3,0,644,239,464,1,-1,-1,-1
306,8,0,495,323,152,1,-1,-1,-1
306,14,28,558,916,520,1,-1,-1,-1
306,15,478,458,552,576,1,-1,-1,-1
306,16,507,453,524,148,1,-1,-1,-1
307,1,888,520,856,504,1,-1,-1,-1
307,2,2146,392,414,452,1,-1,-1,-1
307,3,0,638,235,464,1,-1,-1,-1
307,8,0,494,324,152,1,-1,-1,-1
307,14,33,573,872,495,1,-1,-1,-1
307,15,487,462,552,576,1,-1,-1,-1
307,16,513,454,524,148,1,-1,-1,-1
308,1,872,504,899,529,1,-1,-1,-1
308,2,2152,393,408,452,1,-1,-1,-1
308,3,0,638,245,464,1,-1,-1,-1
308,8,10,493,324,152,1,-1,-1,-1
308,14,31,574,872,495,1,-1,-1,-1
308,15,497,460,552,576,1,-1,-1,-1
308,16,541,457,499,141,1,-1,-1,-1
309,1,887,509,899,529,1,-1,-1,-1
309,2,2156,395,404,452,1,-1,-1,-1
309,3,0,640,241,464,1,-1,-1,-1
309,8,12,493,324,152,1,-1,-1,-1
309,14,35,572,872,495,1,-1,-1,-1
309,15,507,463,552,576,1,-1,-1,-1
309,16,556,458,475,134,1,-1,-1,-1
310,1,913,518,856,504,1,-1,-1,-1
310,2,2138,379,422,475,1,-1,-1,-1
310,3,0,653,232,464,1,-1,-1,-1
310,8,0,497,305,145,1,-1,-1,-1
310,14,6,553,916,520,1,-1,-1,-1
310,15,495,453,580,605,1,-1,-1,-1
310,16,537,452,499,141,1,-1,-1,-1
311,1,941,532,815,480,1,-1,-1,-1
311,2,2153,393,407,452,1,-1,-1,-1
311,3,0,650,234,464,1,-1,-1,-1
311,8,1,496,309,145,1,-1,-1,-1
311,14,16,554,916,520,1,-1,-1,-1
311,15,494,449,580,605,1,-1,-1,-1
311,16,542,457,499,141,1,-1,-1,-1
312,1,925,515,856,504,1,-1,-1,-1
312,2,2129,378,431,475,1,-1,-1,-1
312,3,0,654,215,464,1,-1,-1,-1
312,8,0,496,294,145,1,-1,-1,-1
312,14,11,552,916,520,1,-1,-1,-1
312,15,500,451,580,605,1,-1,-1,-1
312,16,540,457,499,141,1,-1,-1,-1
313,1,944,516,764,496,1,-1,-1,-1
313,2,2120,388,440,452,1,-1,-1,-1
313,3,0,664,96,464,1,-1,-1,-1
313,8,0,552,864,524,1,-1,-1,-1
313,14,412,464,720,588,1,-1,-1,-1
313,15,788,572,344,484,1,-1,-1,-1
313,16,516,456,516,144,1,-1,-1,-1
314,1,952,522,764,496,1,-1,-1,-1
314,2,2118,392,440,452,1,-1,-1,-1
314,3,2,666,96,464,1,-1,-1,-1
314,8,5,561,864,524,1,-1,-1,-1
314,14,429,469,720,588,1,-1,-1,-1
314,15,792,570,344,484,1,-1,-1,-1
314,16,513,458,516,144,1,-1,-1,-1
315,1,979,535,728,472,1,-1,-1,-1
315,2,2121,393,439,452,1,-1,-1,-1
315,3,3,672,96,464,1,-1,-1,-1
315,8,0,565,858,524,1,-1,-1,-1
315,14,427,471,720,588,1,-1,-1,-1
315,15,809,587,328,461,1,-1,-1,-1
315,16,519,459,516,144,1,-1,-1,-1
316,1,983,535,728,472,1,-1,-1,-1
316,2,2122,390,438,452,1,-1,-1,-1
316,3,0,674,92,464,1,-1,-1,-1
316,8,0,564,848,524,1,-1,-1,-1
316,14,437,476,720,588,1,-1,-1,-1
316,15,818,587,328,461,1,-1,-1,-1
316,16,538,462,491,137,1,-1,-1,-1
317,1,984,532,728,472,1,-1,-1,-1
317,2,2122,391,438,452,1,-1,-1,-1
317,3,0,672,90,464,1,-1,-1,-1
317,8,0,557,843,524,1,-1,-1,-1
317,14,407,457,756,617,1,-1,-1,-1
317,15,820,581,328,461,1,-1,-1,-1
317,16,539,461,491,137,1,-1,-1,-1
318,1,994,536,728,472,1,-1,-1,-1
318,2,2122,392,438,452,1,-1,-1,-1
318,3,0,671,90,464,1,-1,-1,-1
318,8,0,570,856,524,1,-1,-1,-1
318,14,411,457,756,617,1,-1,-1,-1
318,15,828,585,328,461,1,-1,-1,-1
318,16,537,461,491,137,1,-1,-1,-1
319,1,1006,539,728,472,1,-1,-1,-1
319,2,2120,395,440,452,1,-1,-1,-1
319,3,0,664,93,464,1,-1,-1,-1
319,8,0,553,876,550,1,-1,-1,-1
319,14,425,465,756,617,1,-1,-1,-1
319,15,841,586,328,461,1,-1,-1,-1
319,16,562,459,468,131,1,-1,-1,-1
320,1,1015,538,728,472,1,-1,-1,-1
320,2,2120,390,440,452,1,-1,-1,-1
320,3,0,661,93,464,1,-1,-1,-1
320,8,0,561,884,550,1,-1,-1,-1
320,14,420,468,756,617,1,-1,-1,-1
320,15,861,581,328,461,1,-1,-1,-1
320,16,565,459,468,131,1,-1,-1,-1
321,1,964,508,780,516,1,-1,-1,-1
321,2,2120,408,436,436,1,-1,-1,-1
321,3,0,661,93,464,1,-1,-1,-1
321,8,4,572,856,504,1,-1,-1,-1
321,14,468,492,760,572,1,-1,-1,-1
321,15,861,581,328,461,1,-1,-1,-1
321,16,552,476,484,124,1,-1,-1,-1
321,17,96,492,408,124,1,-1,-1,-1
322,1,968,510,780,516,1,-1,-1,-1
322,2,2115,409,436,436,1,-1,-1,-1
322,3,0,669,89,464,1,-1,-1,-1
322,8,0,578,855,504,1,-1,-1,-1
322,14,463,492,760,572,1,-1,-1,-1
322,15,874,579,328,461,1,-1,-1,-1
322,16,555,477,484,124,1,-1,-1,-1
322,17,100,492,408,124,1,-1,-1,-1
323,1,968,511,780,516,1,-1,-1,-1
323,2,2113,410,436,436,1,-1,-1,-1
323,3,0,684,79,442,1,-1,-1,-1
323,8,0,574,843,504,1,-1,-1,-1
323,14,460,491,760,572,1,-1,-1,-1
323,15,875,582,328,461,1,-1,-1,-1
323,16,557,478,484,124,1,-1,-1,-1
323,17,101,493,408,124,1,-1,-1,-1
324,1,973,515,780,516,1,-1,-1,-1
324,2,2117,407,436,436,1,-1,-1,-1
324,3,0,764,81,421,1,-1,-1,-1
324,8,0,572,848,504,1,-1,-1,-1
324,14,466,491,760,572,1,-1,-1,-1
324,15,876,581,328,461,1,-1,-1,-1
324,16,567,478,484,124,1,-1,-1,-1
324,17,115,493,408,124,1,-1,-1,-1
325,1,999,519,743,491,1,-1,-1,-1
325,2,2122,408,436,436,1,-1,-1,-1
325,3,0,676,86,421,1,-1,-1,-1
325,8,0,566,847,504,1,-1,-1,-1
325,14,467,487,760,572,1,-1,-1,-1
325,15,898,592,312,439,1,-1,-1,-1
325,16,572,477,484,124,1,-1,-1,-1
325,17,111,491,428,130,1,-1,-1,-1
