1,0,1004,644,280,400,1,-1,-1,-1
1,1,1940,568,228,392,1,-1,-1,-1
1,2,1520,612,196,336,1,-1,-1,-1
1,3,1656,596,212,356,1,-1,-1,-1
1,4,1392,624,200,324,1,-1,-1,-1
1,5,1820,592,124,308,1,-1,-1,-1
2,0,1004,640,280,400,1,-1,-1,-1
2,1,1946,568,228,392,1,-1,-1,-1
2,2,1523,615,196,336,1,-1,-1,-1
2,3,1662,601,212,356,1,-1,-1,-1
2,4,1394,625,200,324,1,-1,-1,-1
2,5,1828,594,124,308,1,-1,-1,-1
3,0,1005,640,280,400,1,-1,-1,-1
3,1,1961,566,228,392,1,-1,-1,-1
3,2,1526,621,196,336,1,-1,-1,-1
3,3,1689,615,202,339,1,-1,-1,-1
3,4,1394,628,200,324,1,-1,-1,-1
3,5,1847,605,124,308,1,-1,-1,-1
4,0,994,640,280,400,1,-1,-1,-1
4,1,1974,564,228,392,1,-1,-1,-1
4,2,1528,628,196,336,1,-1,-1,-1
4,3,1696,623,202,339,1,-1,-1,-1
4,4,1391,633,200,324,1,-1,-1,-1
4,5,1862,623,124,308,1,-1,-1,-1
5,0,989,640,280,400,1,-1,-1,-1
5,1,1987,569,217,373,1,-1,-1,-1
5,2,1529,639,196,336,1,-1,-1,-1
5,3,1694,617,212,356,1,-1,-1,-1
5,4,1396,636,200,324,1,-1,-1,-1
5,5,1875,626,124,308,1,-1,-1,-1
6,0,985,649,280,400,1,-1,-1,-1
6,1,1997,577,207,356,1,-1,-1,-1
6,2,1520,634,206,353,1,-1,-1,-1
6,3,1689,616,212,356,1,-1,-1,-1
6,4,1391,635,200,324,1,-1,-1,-1
6,5,1888,645,118,293,1,-1,-1,-1
7,0,983,659,280,400,1,-1,-1,-1
7,1,2003,567,217,373,1,-1,-1,-1
7,2,1523,631,206,353,1,-1,-1,-1
7,3,1685,616,212,356,1,-1,-1,-1
7,4,1391,633,200,324,1,-1,-1,-1
7,5,1904,648,118,293,1,-1,-1,-1
8,0,981,665,280,400,1,-1,-1,-1
8,1,2011,569,217,373,1,-1,-1,-1
8,2,1519,631,206,353,1,-1,-1,-1
8,3,1684,616,212,356,1,-1,-1,-1
8,4,1397,632,200,324,1,-1,-1,-1
8,5,1909,652,118,293,1,-1,-1,-1
9,0,960,688,280,364,1,-1,-1,-1
9,1,2040,636,172,328,1,-1,-1,-1
9,2,1528,672,248,320,1,-1,-1,-1
9,3,1652,604,228,304,1,-1,-1,-1
9,4,1388,616,172,300,1,-1,-1,-1
9,5,1912,664,156,300,1,-1,-1,-1
9,6,1212,644,320,356,1,-1,-1,-1
10,0,956,687,280,364,1,-1,-1,-1
10,1,2044,644,172,328,1,-1,-1,-1
10,2,1525,667,248,320,1,-1,-1,-1
10,3,1646,594,239,319,1,-1,-1,-1
10,4,1387,615,172,300,1,-1,-1,-1
10,5,1916,661,156,300,1,-1,-1,-1
10,6,1208,649,320,356,1,-1,-1,-1
11,0,948,685,280,364,1,-1,-1,-1
11,1,2050,652,172,328,1,-1,-1,-1
11,2,1525,666,248,320,1,-1,-1,-1
11,3,1648,596,239,319,1,-1,-1,-1
11,4,1386,615,172,300,1,-1,-1,-1
11,5,1924,666,149,286,1,-1,-1,-1
11,6,1206,647,320,356,1,-1,-1,-1
12,0,937,671,294,382,1,-1,-1,-1
12,1,2053,660,172,328,1,-1,-1,-1
12,2,1517,671,248,320,1,-1,-1,-1
12,3,1647,597,239,319,1,-1,-1,-1
12,4,1380,617,172,300,1,-1,-1,-1
12,5,1924,668,149,286,1,-1,-1,-1
12,6,1200,649,320,356,1,-1,-1,-1
13,0,933,663,294,382,1,-1,-1,-1
13,1,2050,677,172,328,1,-1,-1,-1
13,2,1517,681,236,305,1,-1,-1,-1
13,3,1638,607,239,319,1,-1,-1,-1
13,4,1373,622,172,300,1,-1,-1,-1
13,5,1920,677,149,286,1,-1,-1,-1
13,6,1191,653,320,356,1,-1,-1,-1
14,0,941,672,280,364,1,-1,-1,-1
14,1,2044,685,172,328,1,-1,-1,-1
14,2,1517,686,236,305,1,-1,-1,-1
14,3,1631,612,239,319,1,-1,-1,-1
14,4,1370,626,172,300,1,-1,-1,-1
14,5,1913,679,149,286,1,-1,-1,-1
14,6,1191,653,320,356,1,-1,-1,-1
15,0,940,670,280,364,1,-1,-1,-1
15,1,2038,696,164,312,1,-1,-1,-1
15,2,1504,693,236,305,1,-1,-1,-1
15,3,1620,622,239,319,1,-1,-1,-1
15,4,1366,643,172,300,1,-1,-1,-1
15,5,1904,680,156,300,1,-1,-1,-1
15,6,1191,655,320,356,1,-1,-1,-1
16,0,939,677,280,364,1,-1,-1,-1
16,1,2027,694,164,312,1,-1,-1,-1
16,2,1489,701,236,305,1,-1,-1,-1
16,3,1612,633,239,319,1,-1,-1,-1
16,6,1188,650,320,356,1,-1,-1,-1
17,0,944,680,320,364,1,-1,-1,-1
17,1,2012,708,228,292,1,-1,-1,-1
17,2,1484,672,172,328,1,-1,-1,-1
17,3,1596,664,332,324,1,-1,-1,-1
17,6,1192,676,256,308,1,-1,-1,-1
17,7,1876,680,168,288,1,-1,-1,-1
17,8,1368,668,164,300,1,-1,-1,-1
18,0,950,682,320,364,1,-1,-1,-1
18,1,2005,705,228,292,1,-1,-1,-1
18,2,1479,676,172,328,1,-1,-1,-1
18,3,1593,665,332,324,1,-1,-1,-1
18,6,1190,675,256,308,1,-1,-1,-1
18,7,1871,682,168,288,1,-1,-1,-1
18,8,1366,667,164,300,1,-1,-1,-1
19,0,947,682,320,364,1,-1,-1,-1
19,1,1994,697,228,292,1,-1,-1,-1
19,2,1468,680,172,328,1,-1,-1,-1
19,3,1578,665,332,324,1,-1,-1,-1
19,6,1182,679,256,308,1,-1,-1,-1
19,7,1851,679,176,302,1,-1,-1,-1
19,8,1362,669,164,300,1,-1,-1,-1
20,0,953,687,305,347,1,-1,-1,-1
20,1,1989,696,228,292,1,-1,-1,-1
20,2,1464,688,164,312,1,-1,-1,-1
20,3,1569,665,332,324,1,-1,-1,-1
20,6,1182,682,256,308,1,-1,-1,-1
20,7,1847,680,176,302,1,-1,-1,-1
20,8,1358,670,164,300,1,-1,-1,-1
21,0,951,683,305,347,1,-1,-1,-1
21,1,1975,687,239,307,1,-1,-1,-1
21,2,1456,687,164,312,1,-1,-1,-1
21,3,1559,663,332,324,1,-1,-1,-1
21,6,1181,686,256,308,1,-1,-1,-1
21,7,1844,688,168,288,1,-1,-1,-1
21,8,1356,673,164,300,1,-1,-1,-1
22,0,952,677,305,347,1,-1,-1,-1
22,1,1964,690,239,307,1,-1,-1,-1
22,2,1448,687,164,312,1,-1,-1,-1
22,3,1534,649,349,340,1,-1,-1,-1
22,6,1185,689,256,308,1,-1,-1,-1
22,7,1833,687,168,288,1,-1,-1,-1
22,8,1349,669,164,300,1,-1,-1,-1
23,0,958,676,305,347,1,-1,-1,-1
23,1,1960,692,239,307,1,-1,-1,-1
23,2,1447,684,164,312,1,-1,-1,-1
23,3,1532,657,332,324,1,-1,-1,-1
23,6,1186,692,256,308,1,-1,-1,-1
23,7,1829,684,168,288,1,-1,-1,-1
24,0,960,675,305,347,1,-1,-1,-1
24,1,1949,695,239,307,1,-1,-1,-1
24,2,1446,675,164,312,1,-1,-1,-1
24,3,1523,649,332,324,1,-1,-1,-1
24,6,1188,699,256,308,1,-1,-1,-1
24,7,1822,685,160,274,1,-1,-1,-1
25,0,960,664,256,340,1,-1,-1,-1
25,1,1932,700,232,316,1,-1,-1,-1
25,2,1360,664,232,288,1,-1,-1,-1
25,3,1504,644,244,300,1,-1,-1,-1
25,6,1192,660,292,328,1,-1,-1,-1
25,7,1812,704,160,216,1,-1,-1,-1
26,0,970,675,244,324,1,-1,-1,-1
26,1,1930,702,232,316,1,-1,-1,-1
26,2,1359,663,232,288,1,-1,-1,-1
26,3,1501,645,244,300,1,-1,-1,-1
26,6,1192,660,292,328,1,-1,-1,-1
26,7,1808,703,160,216,1,-1,-1,-1
27,0,979,679,244,324,1,-1,-1,-1
27,1,1930,712,221,301,1,-1,-1,-1
27,2,1359,661,232,288,1,-1,-1,-1
27,3,1501,650,232,286,1,-1,-1,-1
27,6,1194,656,292,328,1,-1,-1,-1
27,7,1792,702,168,227,1,-1,-1,-1
28,0,984,681,244,324,1,-1,-1,-1
28,1,1912,711,221,301,1,-1,-1,-1
28,2,1359,662,221,274,1,-1,-1,-1
28,3,1498,650,232,286,1,-1,-1,-1
28,6,1194,656,292,328,1,-1,-1,-1
28,7,1784,705,168,227,1,-1,-1,-1
29,0,983,678,244,324,1,-1,-1,-1
29,1,1905,714,221,301,1,-1,-1,-1
29,2,1357,660,221,274,1,-1,-1,-1
29,3,1485,645,244,300,1,-1,-1,-1
29,6,1197,654,292,328,1,-1,-1,-1
29,7,1780,707,168,227,1,-1,-1,-1
30,0,982,674,244,324,1,-1,-1,-1
30,1,1902,716,210,287,1,-1,-1,-1
30,2,1355,660,221,274,1,-1,-1,-1
30,3,1481,645,244,300,1,-1,-1,-1
30,6,1203,647,292,328,1,-1,-1,-1
30,7,1772,710,168,227,1,-1,-1,-1
31,0,986,677,232,308,1,-1,-1,-1
31,1,1885,709,210,287,1,-1,-1,-1
31,2,1355,668,210,261,1,-1,-1,-1
31,3,1473,650,244,300,1,-1,-1,-1
31,6,1208,647,278,312,1,-1,-1,-1
31,7,1761,714,168,227,1,-1,-1,-1
32,0,986,674,232,308,1,-1,-1,-1
32,1,1880,706,210,287,1,-1,-1,-1
32,2,1352,664,210,261,1,-1,-1,-1
32,3,1476,652,244,300,1,-1,-1,-1
32,6,1211,646,278,312,1,-1,-1,-1
32,7,1758,715,168,227,1,-1,-1,-1
33,0,992,696,304,276,1,-1,-1,-1
33,1,1852,692,200,260,1,-1,-1,-1
33,2,1352,664,210,261,1,-1,-1,-1
33,3,1476,652,244,300,1,-1,-1,-1
33,6,1240,708,212,220,1,-1,-1,-1
33,7,1752,736,152,204,1,-1,-1,-1
34,0,1006,694,304,276,1,-1,-1,-1
34,1,1840,682,210,273,1,-1,-1,-1
34,3,1477,643,244,300,1,-1,-1,-1
34,6,1243,708,212,220,1,-1,-1,-1
34,7,1746,735,152,204,1,-1,-1,-1
35,0,1009,696,304,276,1,-1,-1,-1
35,1,1835,680,210,273,1,-1,-1,-1
35,3,1475,640,244,300,1,-1,-1,-1
35,6,1244,708,212,220,1,-1,-1,-1
35,7,1740,733,152,204,1,-1,-1,-1
36,0,1013,700,290,263,1,-1,-1,-1
36,1,1827,679,210,273,1,-1,-1,-1
36,3,1468,637,244,300,1,-1,-1,-1
36,6,1246,710,212,220,1,-1,-1,-1
36,7,1731,729,152,204,1,-1,-1,-1
37,0,1013,706,290,263,1,-1,-1,-1
37,1,1815,678,210,273,1,-1,-1,-1
37,3,1453,635,244,300,1,-1,-1,-1
37,6,1251,715,212,220,1,-1,-1,-1
37,7,1723,719,160,214,1,-1,-1,-1
38,0,1010,710,290,263,1,-1,-1,-1
38,1,1810,682,210,273,1,-1,-1,-1
38,3,1460,641,232,286,1,-1,-1,-1
38,6,1255,719,212,220,1,-1,-1,-1
38,7,1714,713,160,214,1,-1,-1,-1
39,0,1010,707,290,263,1,-1,-1,-1
39,1,1813,680,210,273,1,-1,-1,-1
39,3,1455,636,232,286,1,-1,-1,-1
39,6,1266,731,202,210,1,-1,-1,-1
39,7,1712,713,152,204,1,-1,-1,-1
40,0,1016,711,290,263,1,-1,-1,-1
40,1,1808,684,210,273,1,-1,-1,-1
40,3,1450,630,232,286,1,-1,-1,-1
40,7,1699,713,152,204,1,-1,-1,-1
41,0,1020,732,268,240,1,-1,-1,-1
41,1,1800,712,236,240,1,-1,-1,-1
41,3,1460,684,208,224,1,-1,-1,-1
41,7,1700,712,136,200,1,-1,-1,-1
41,9,1280,728,216,216,1,-1,-1,-1
42,0,1025,731,268,240,1,-1,-1,-1
42,1,1801,717,225,229,1,-1,-1,-1
42,3,1459,686,208,224,1,-1,-1,-1
42,7,1689,712,136,200,1,-1,-1,-1
42,9,1287,728,216,216,1,-1,-1,-1
43,0,1020,734,268,240,1,-1,-1,-1
43,1,1785,715,225,229,1,-1,-1,-1
43,3,1455,688,208,224,1,-1,-1,-1
43,7,1680,720,130,190,1,-1,-1,-1
43,9,1276,729,216,216,1,-1,-1,-1
44,0,1019,736,268,240,1,-1,-1,-1
44,1,1779,713,225,229,1,-1,-1,-1
44,3,1455,691,208,224,1,-1,-1,-1
44,7,1677,721,130,190,1,-1,-1,-1
44,9,1273,728,216,216,1,-1,-1,-1
45,0,1024,741,268,240,1,-1,-1,-1
45,1,1769,713,225,229,1,-1,-1,-1
45,3,1457,698,198,213,1,-1,-1,-1
45,7,1675,729,123,181,1,-1,-1,-1
45,9,1277,724,216,216,1,-1,-1,-1
46,0,1020,747,268,240,1,-1,-1,-1
46,1,1764,719,214,218,1,-1,-1,-1
46,3,1457,704,198,213,1,-1,-1,-1
46,7,1663,735,123,181,1,-1,-1,-1
47,0,1025,757,255,229,1,-1,-1,-1
47,3,1461,712,189,203,1,-1,-1,-1
47,7,1657,735,123,181,1,-1,-1,-1
48,0,1033,760,243,218,1,-1,-1,-1
48,3,1462,716,189,203,1,-1,-1,-1
48,7,1653,739,123,181,1,-1,-1,-1
49,0,1024,744,272,228,1,-1,-1,-1
49,3,1462,716,189,203,1,-1,-1,-1
49,7,1653,739,123,181,1,-1,-1,-1
49,10,1732,724,184,196,1,-1,-1,-1
49,11,1276,740,168,184,1,-1,-1,-1
50,0,1029,743,272,228,1,-1,-1,-1
50,3,1465,716,189,203,1,-1,-1,-1
50,7,1651,736,123,181,1,-1,-1,-1
50,10,1735,724,184,196,1,-1,-1,-1
50,11,1278,741,168,184,1,-1,-1,-1
51,0,1031,740,272,228,1,-1,-1,-1
51,7,1654,736,123,181,1,-1,-1,-1
51,10,1731,722,193,206,1,-1,-1,-1
51,11,1282,746,168,184,1,-1,-1,-1
52,0,1018,735,286,239,1,-1,-1,-1
52,10,1730,724,193,206,1,-1,-1,-1
52,11,1286,751,160,175,1,-1,-1,-1
53,0,1010,742,286,239,1,-1,-1,-1
53,10,1729,727,193,206,1,-1,-1,-1
53,11,1287,753,160,175,1,-1,-1,-1
54,0,1005,750,286,239,1,-1,-1,-1
54,10,1732,734,184,196,1,-1,-1,-1
54,11,1277,756,160,175,1,-1,-1,-1
55,0,1005,754,286,239,1,-1,-1,-1
55,10,1733,739,184,196,1,-1,-1,-1
55,11,1278,764,160,175,1,-1,-1,-1
56,0,1004,754,286,239,1,-1,-1,-1
56,10,1735,740,184,196,1,-1,-1,-1
56,11,1285,770,152,167,1,-1,-1,-1
57,0,1004,754,286,239,1,-1,-1,-1
57,10,1735,740,184,196,1,-1,-1,-1
57,11,1285,770,152,167,1,-1,-1,-1
57,12,1456,720,224,184,1,-1,-1,-1
58,11,1286,770,152,167,1,-1,-1,-1
58,12,1452,720,235,193,1,-1,-1,-1
59,11,1288,770,152,167,1,-1,-1,-1
59,12,1452,721,235,193,1,-1,-1,-1
60,12,1452,726,235,193,1,-1,-1,-1
61,12,1454,733,224,184,1,-1,-1,-1
62,12,1447,731,235,193,1,-1,-1,-1
63,12,1445,730,235,193,1,-1,-1,-1
64,12,1439,732,235,193,1,-1,-1,-1
65,12,1439,732,235,193,1,-1,-1,-1
65,13,1648,748,256,204,1,-1,-1,-1
65,14,948,772,236,244,1,-1,-1,-1
66,12,1430,736,235,193,1,-1,-1,-1
66,13,1647,749,256,204,1,-1,-1,-1
66,14,951,771,236,244,1,-1,-1,-1
67,12,1420,733,247,203,1,-1,-1,-1
67,13,1642,749,256,204,1,-1,-1,-1
67,14,939,778,225,232,1,-1,-1,-1
68,12,1417,733,247,203,1,-1,-1,-1
68,13,1643,750,256,204,1,-1,-1,-1
68,14,946,785,214,221,1,-1,-1,-1
69,12,1418,736,247,203,1,-1,-1,-1
69,13,1639,756,256,204,1,-1,-1,-1
69,14,943,787,214,221,1,-1,-1,-1
70,12,1415,742,247,203,1,-1,-1,-1
70,14,944,791,214,221,1,-1,-1,-1
71,12,1406,739,259,213,1,-1,-1,-1
71,14,943,792,214,221,1,-1,-1,-1
72,12,1399,741,259,213,1,-1,-1,-1
72,14,938,805,204,211,1,-1,-1,-1
73,12,1399,741,259,213,1,-1,-1,-1
73,14,938,805,204,211,1,-1,-1,-1
73,15,1256,808,352,180,1,-1,-1,-1
74,12,1412,741,259,213,1,-1,-1,-1
74,15,1262,809,352,180,1,-1,-1,-1
75,12,1418,737,259,213,1,-1,-1,-1
75,15,1269,808,352,180,1,-1,-1,-1
76,12,1412,741,259,213,1,-1,-1,-1
76,15,1260,809,352,180,1,-1,-1,-1
77,15,1248,809,370,189,1,-1,-1,-1
81,16,1612,796,260,164,1,-1,-1,-1
81,17,936,868,212,120,1,-1,-1,-1
81,18,1284,824,256,116,1,-1,-1,-1
81,19,1512,804,116,136,1,-1,-1,-1
82,16,1609,795,273,172,1,-1,-1,-1
82,17,946,867,212,120,1,-1,-1,-1
82,18,1281,827,256,116,1,-1,-1,-1
82,19,1509,806,116,136,1,-1,-1,-1
83,16,1601,796,273,172,1,-1,-1,-1
83,17,936,866,212,120,1,-1,-1,-1
83,18,1280,829,256,116,1,-1,-1,-1
83,19,1506,807,116,136,1,-1,-1,-1
84,16,1605,802,260,164,1,-1,-1,-1
84,18,1262,830,269,122,1,-1,-1,-1
84,19,1497,809,116,136,1,-1,-1,-1
85,18,1253,831,269,122,1,-1,-1,-1
85,19,1495,796,122,143,1,-1,-1,-1
86,18,1251,836,269,122,1,-1,-1,-1
97,20,984,952,264,132,1,-1,-1,-1
97,21,1672,764,260,156,1,-1,-1,-1
97,22,1284,812,312,160,1,-1,-1,-1
98,20,1000,948,264,132,1,-1,-1,-1
98,21,1688,762,260,156,1,-1,-1,-1
98,22,1298,813,312,160,1,-1,-1,-1
99,20,1023,941,264,132,1,-1,-1,-1
99,21,1691,755,273,164,1,-1,-1,-1
99,22,1309,809,312,160,1,-1,-1,-1
100,20,1052,930,264,132,1,-1,-1,-1
100,21,1699,751,273,164,1,-1,-1,-1
100,22,1330,802,312,160,1,-1,-1,-1
101,20,1067,919,277,139,1,-1,-1,-1
101,21,1711,752,260,156,1,-1,-1,-1
101,22,1339,796,312,160,1,-1,-1,-1
121,23,1080,660,248,152,1,-1,-1,-1
122,23,1067,663,248,152,1,-1,-1,-1
123,23,1040,671,248,152,1,-1,-1,-1
124,23,1007,680,248,152,1,-1,-1,-1
125,23,977,683,260,160,1,-1,-1,-1
126,23,950,692,260,160,1,-1,-1,-1
127,23,919,707,260,160,1,-1,-1,-1
128,23,895,712,260,160,1,-1,-1,-1
129,23,895,712,260,160,1,-1,-1,-1
129,24,852,752,304,200,1,-1,-1,-1
129,25,2060,548,184,156,1,-1,-1,-1
129,26,1216,732,312,236,1,-1,-1,-1
129,27,1540,612,284,256,1,-1,-1,-1
129,28,1644,568,180,136,1,-1,-1,-1
129,29,16,44,2492,1200,1,-1,-1,-1
130,23,837,716,273,168,1,-1,-1,-1
130,24,831,762,304,200,1,-1,-1,-1
130,25,2093,542,184,156,1,-1,-1,-1
130,26,1202,735,312,236,1,-1,-1,-1
130,27,1554,613,284,256,1,-1,-1,-1
130,28,1646,576,180,136,1,-1,-1,-1
130,29,42,27,2492,1200,1,-1,-1,-1
131,23,817,724,273,168,1,-1,-1,-1
131,24,810,768,304,200,1,-1,-1,-1
131,25,2108,538,184,156,1,-1,-1,-1
131,26,1196,737,312,236,1,-1,-1,-1
131,27,1549,607,298,269,1,-1,-1,-1
131,28,1645,581,180,136,1,-1,-1,-1
131,29,50,21,2492,1200,1,-1,-1,-1
132,23,791,740,273,168,1,-1,-1,-1
132,24,783,782,304,200,1,-1,-1,-1
132,25,2139,531,184,156,1,-1,-1,-1
132,26,1174,748,312,236,1,-1,-1,-1
132,27,1548,613,298,269,1,-1,-1,-1
132,28,1644,588,180,136,1,-1,-1,-1
132,29,63,20,2492,1200,1,-1,-1,-1
133,23,766,749,273,168,1,-1,-1,-1
133,25,2170,524,184,156,1,-1,-1,-1
133,29,136,11,2492,1200,1,-1,-1,-1
134,23,756,756,273,168,1,-1,-1,-1
134,25,2197,523,175,149,1,-1,-1,-1
134,29,127,13,2492,1200,1,-1,-1,-1
135,23,714,756,273,168,1,-1,-1,-1
135,25,2232,521,175,149,1,-1,-1,-1
135,29,216,36,2373,1143,1,-1,-1,-1
136,23,678,753,287,176,1,-1,-1,-1
136,25,2269,514,175,149,1,-1,-1,-1
136,29,285,51,2373,1143,1,-1,-1,-1
137,23,664,760,296,244,1,-1,-1,-1
137,25,2268,504,180,136,1,-1,-1,-1
137,29,285,51,2373,1143,1,-1,-1,-1
137,30,972,812,360,196,1,-1,-1,-1
137,31,320,880,68,64,1,-1,-1,-1
138,23,657,769,296,244,1,-1,-1,-1
138,25,2311,502,180,136,1,-1,-1,-1
138,29,390,25,2373,1143,1,-1,-1,-1
138,30,959,823,343,187,1,-1,-1,-1
139,23,623,783,296,244,1,-1,-1,-1
139,25,2355,500,180,136,1,-1,-1,-1
139,29,409,30,2373,1143,1,-1,-1,-1
139,30,924,846,343,187,1,-1,-1,-1
140,23,612,790,296,244,1,-1,-1,-1
140,25,2377,499,180,136,1,-1,-1,-1
140,29,450,27,2373,1143,1,-1,-1,-1
140,30,916,847,343,187,1,-1,-1,-1
141,23,598,799,296,244,1,-1,-1,-1
141,29,531,53,2260,1088,1,-1,-1,-1
142,23,569,806,296,244,1,-1,-1,-1
142,29,504,11,2373,1143,1,-1,-1,-1
143,23,544,809,296,244,1,-1,-1,-1
143,29,657,27,2373,1143,1,-1,-1,-1
144,23,517,811,296,244,1,-1,-1,-1
144,29,668,38,2260,1088,1,-1,-1,-1
145,23,517,811,296,244,1,-1,-1,-1
145,29,668,38,2260,1088,1,-1,-1,-1
146,23,499,817,296,244,1,-1,-1,-1
147,23,516,820,296,244,1,-1,-1,-1
148,23,519,815,296,244,1,-1,-1,-1
149,23,546,813,296,244,1,-1,-1,-1
169,32,2356,388,136,88,1,-1,-1,-1
169,33,920,1036,128,124,1,-1,-1,-1
169,34,1924,376,48,36,1,-1,-1,-1
170,32,2358,393,136,88,1,-1,-1,-1
170,33,971,1047,128,124,1,-1,-1,-1
171,32,2359,403,136,88,1,-1,-1,-1
171,33,1020,1059,128,124,1,-1,-1,-1
172,32,2355,407,143,92,1,-1,-1,-1
172,33,1045,1067,128,124,1,-1,-1,-1
173,32,2360,416,143,92,1,-1,-1,-1
173,33,1098,1080,128,124,1,-1,-1,-1
174,32,2344,431,150,97,1,-1,-1,-1
174,33,1147,1098,128,124,1,-1,-1,-1
175,32,2342,444,150,97,1,-1,-1,-1
175,33,1170,1109,128,124,1,-1,-1,-1
176,32,2328,458,157,102,1,-1,-1,-1
176,33,1214,1126,128,124,1,-1,-1,-1
177,32,2328,458,157,102,1,-1,-1,-1
177,33,1214,1126,128,124,1,-1,-1,-1
178,33,1282,1153,128,124,1,-1,-1,-1
179,33,1330,1174,122,118,1,-1,-1,-1
185,35,264,292,72,44,1,-1,-1,-1
186,35,301,301,76,46,1,-1,-1,-1
187,35,323,308,76,46,1,-1,-1,-1
188,35,363,321,76,46,1,-1,-1,-1
189,35,402,335,76,46,1,-1,-1,-1
190,35,424,342,76,46,1,-1,-1,-1
191,35,462,350,76,46,1,-1,-1,-1
192,35,500,360,76,46,1,-1,-1,-1
193,35,500,360,76,46,1,-1,-1,-1
193,36,1164,736,140,140,1,-1,-1,-1
193,37,868,788,232,144,1,-1,-1,-1
193,38,2188,776,104,84,1,-1,-1,-1
193,39,1484,652,192,112,1,-1,-1,-1
193,40,1332,776,164,108,1,-1,-1,-1
193,41,788,680,128,112,1,-1,-1,-1
194,36,1166,736,140,140,1,-1,-1,-1
194,37,869,791,232,144,1,-1,-1,-1
194,39,1485,659,192,112,1,-1,-1,-1
194,40,1330,783,164,108,1,-1,-1,-1
194,41,792,680,128,112,1,-1,-1,-1
195,36,1168,743,140,140,1,-1,-1,-1
195,37,865,799,232,144,1,-1,-1,-1
195,39,1478,675,192,112,1,-1,-1,-1
195,40,1329,794,164,108,1,-1,-1,-1
195,41,793,676,128,112,1,-1,-1,-1
196,36,1170,748,140,140,1,-1,-1,-1
196,37,867,800,232,144,1,-1,-1,-1
196,39,1478,680,192,112,1,-1,-1,-1
196,40,1327,797,164,108,1,-1,-1,-1
196,41,793,674,128,112,1,-1,-1,-1
197,36,1172,751,140,140,1,-1,-1,-1
197,37,862,805,232,144,1,-1,-1,-1
197,39,1474,683,192,112,1,-1,-1,-1
197,40,1327,806,164,108,1,-1,-1,-1
197,41,799,659,134,118,1,-1,-1,-1
198,36,1176,756,140,140,1,-1,-1,-1
198,37,865,812,232,144,1,-1,-1,-1
198,39,1469,683,192,112,1,-1,-1,-1
198,40,1324,813,164,108,1,-1,-1,-1
198,41,809,646,141,123,1,-1,-1,-1
199,36,1177,758,140,140,1,-1,-1,-1
199,37,863,810,244,151,1,-1,-1,-1
199,39,1470,683,192,112,1,-1,-1,-1
199,40,1323,815,164,108,1,-1,-1,-1
199,41,809,643,141,123,1,-1,-1,-1
200,36,1177,764,140,140,1,-1,-1,-1
200,39,1469,678,192,112,1,-1,-1,-1
200,40,1319,819,164,108,1,-1,-1,-1
201,36,1172,780,160,128,1,-1,-1,-1
201,39,1472,680,168,160,1,-1,-1,-1
201,40,1319,819,164,108,1,-1,-1,-1
201,42,796,632,164,148,1,-1,-1,-1
201,43,852,816,172,148,1,-1,-1,-1
201,44,2092,804,140,120,1,-1,-1,-1
201,45,1384,772,184,164,1,-1,-1,-1
201,46,560,328,160,88,1,-1,-1,-1
202,36,1177,781,160,128,1,-1,-1,-1
202,39,1472,679,168,160,1,-1,-1,-1
202,40,1317,824,156,103,1,-1,-1,-1
202,42,800,629,164,148,1,-1,-1,-1
202,43,854,816,172,148,1,-1,-1,-1
202,44,2091,805,140,120,1,-1,-1,-1
202,45,1384,774,184,164,1,-1,-1,-1
202,46,578,329,160,88,1,-1,-1,-1
203,36,1177,783,160,128,1,-1,-1,-1
203,39,1473,678,168,160,1,-1,-1,-1
203,40,1316,824,156,103,1,-1,-1,-1
203,42,813,624,164,148,1,-1,-1,-1
203,43,854,819,172,148,1,-1,-1,-1
203,44,2086,810,140,120,1,-1,-1,-1
203,45,1385,777,184,164,1,-1,-1,-1
203,46,619,331,160,88,1,-1,-1,-1
204,36,1183,784,160,128,1,-1,-1,-1
204,39,1475,679,168,160,1,-1,-1,-1
204,40,1316,825,156,103,1,-1,-1,-1
204,42,817,611,164,148,1,-1,-1,-1
204,43,859,823,172,148,1,-1,-1,-1
204,44,2077,817,140,120,1,-1,-1,-1
204,45,1387,781,184,164,1,-1,-1,-1
204,46,662,333,160,88,1,-1,-1,-1
205,36,1188,785,160,128,1,-1,-1,-1
205,39,1479,679,168,160,1,-1,-1,-1
205,40,1320,828,149,98,1,-1,-1,-1
205,42,826,611,164,148,1,-1,-1,-1
205,43,862,819,172,148,1,-1,-1,-1
205,44,2075,821,140,120,1,-1,-1,-1
205,45,1388,783,184,164,1,-1,-1,-1
205,46,682,334,160,88,1,-1,-1,-1
206,36,1194,786,152,122,1,-1,-1,-1
206,39,1484,682,168,160,1,-1,-1,-1
206,40,1320,829,149,98,1,-1,-1,-1
206,42,834,600,164,148,1,-1,-1,-1
206,43,861,807,181,155,1,-1,-1,-1
206,44,2078,831,140,120,1,-1,-1,-1
206,45,1391,783,184,164,1,-1,-1,-1
206,46,726,336,160,88,1,-1,-1,-1
207,36,1197,783,152,122,1,-1,-1,-1
207,40,1322,832,149,98,1,-1,-1,-1
207,42,848,599,164,148,1,-1,-1,-1
207,43,865,800,181,155,1,-1,-1,-1
207,44,2082,834,133,114,1,-1,-1,-1
207,45,1389,782,184,164,1,-1,-1,-1
207,46,772,339,152,84,1,-1,-1,-1
208,36,1196,782,152,122,1,-1,-1,-1
208,40,1323,836,149,98,1,-1,-1,-1
208,42,847,592,156,141,1,-1,-1,-1
208,43,866,798,181,155,1,-1,-1,-1
208,44,2079,834,133,114,1,-1,-1,-1
208,45,1393,785,175,156,1,-1,-1,-1
208,46,787,339,160,88,1,-1,-1,-1
209,36,1220,756,144,136,1,-1,-1,-1
209,40,1323,836,149,98,1,-1,-1,-1
209,42,888,564,116,148,1,-1,-1,-1
209,43,876,776,196,156,1,-1,-1,-1
209,44,2079,834,133,114,1,-1,-1,-1
209,45,1393,785,175,156,1,-1,-1,-1
209,46,787,339,160,88,1,-1,-1,-1
209,47,1500,660,128,120,1,-1,-1,-1
209,48,836,344,160,88,1,-1,-1,-1
210,36,1228,754,144,136,1,-1,-1,-1
210,40,1328,841,149,98,1,-1,-1,-1
210,42,902,555,116,148,1,-1,-1,-1
210,43,887,779,187,149,1,-1,-1,-1
210,44,2076,843,133,114,1,-1,-1,-1
210,45,1398,786,175,156,1,-1,-1,-1
210,46,872,341,160,88,1,-1,-1,-1
210,47,1502,652,128,120,1,-1,-1,-1
210,48,879,345,160,88,1,-1,-1,-1
211,36,1230,754,144,136,1,-1,-1,-1
211,40,1332,844,149,98,1,-1,-1,-1
211,42,908,550,116,148,1,-1,-1,-1
211,43,890,778,187,149,1,-1,-1,-1
211,44,2079,845,127,109,1,-1,-1,-1
211,45,1400,787,175,156,1,-1,-1,-1
211,46,896,343,160,88,1,-1,-1,-1
211,47,1504,650,128,120,1,-1,-1,-1
211,48,900,346,160,88,1,-1,-1,-1
212,36,1242,755,144,136,1,-1,-1,-1
212,40,1338,857,142,93,1,-1,-1,-1
212,42,924,549,110,141,1,-1,-1,-1
212,43,896,776,187,149,1,-1,-1,-1
212,44,2075,847,127,109,1,-1,-1,-1
212,45,1406,795,175,156,1,-1,-1,-1
212,46,938,346,160,88,1,-1,-1,-1
212,47,1504,638,128,120,1,-1,-1,-1
212,48,942,349,160,88,1,-1,-1,-1
213,36,1251,758,144,136,1,-1,-1,-1
213,40,1339,857,142,93,1,-1,-1,-1
213,42,937,547,110,141,1,-1,-1,-1
213,43,901,771,187,149,1,-1,-1,-1
213,44,2076,853,121,104,1,-1,-1,-1
213,45,1410,802,175,156,1,-1,-1,-1
213,46,979,349,160,88,1,-1,-1,-1
213,48,984,353,160,88,1,-1,-1,-1
214,36,1254,760,144,136,1,-1,-1,-1
214,40,1339,853,142,93,1,-1,-1,-1
214,42,947,544,110,141,1,-1,-1,-1
214,43,906,765,187,149,1,-1,-1,-1
214,44,2073,854,121,104,1,-1,-1,-1
214,45,1413,802,175,156,1,-1,-1,-1
214,46,999,350,160,88,1,-1,-1,-1
214,48,1003,355,160,88,1,-1,-1,-1
215,40,1342,851,142,93,1,-1,-1,-1
215,42,958,538,116,148,1,-1,-1,-1
215,43,918,762,187,149,1,-1,-1,-1
215,44,2068,858,115,99,1,-1,-1,-1
215,45,1406,803,184,164,1,-1,-1,-1
215,46,1046,355,152,84,1,-1,-1,-1
215,48,1045,358,160,88,1,-1,-1,-1
216,40,1346,846,142,93,1,-1,-1,-1
216,42,971,532,122,155,1,-1,-1,-1
216,43,916,745,187,149,1,-1,-1,-1
216,44,2071,865,115,99,1,-1,-1,-1
216,45,1411,805,184,164,1,-1,-1,-1
216,46,1081,356,160,88,1,-1,-1,-1
216,48,1084,361,160,88,1,-1,-1,-1
217,40,1340,844,136,128,1,-1,-1,-1
217,42,960,520,144,156,1,-1,-1,-1
217,43,920,740,160,156,1,-1,-1,-1
217,44,2044,844,136,108,1,-1,-1,-1
217,45,1444,820,160,152,1,-1,-1,-1
217,46,1081,356,160,88,1,-1,-1,-1
217,48,1084,361,160,88,1,-1,-1,-1
217,49,1496,604,184,132,1,-1,-1,-1
217,50,1256,740,124,124,1,-1,-1,-1
218,40,1347,842,136,128,1,-1,-1,-1
218,42,979,525,137,149,1,-1,-1,-1
218,43,921,730,160,156,1,-1,-1,-1
218,44,2041,850,136,108,1,-1,-1,-1
218,45,1451,820,160,152,1,-1,-1,-1
218,46,1140,364,160,88,1,-1,-1,-1
218,48,1145,368,160,88,1,-1,-1,-1
218,49,1508,603,175,126,1,-1,-1,-1
218,50,1256,731,124,124,1,-1,-1,-1
219,40,1351,836,136,128,1,-1,-1,-1
219,42,992,522,137,149,1,-1,-1,-1
219,43,932,726,160,156,1,-1,-1,-1
219,44,2038,859,136,108,1,-1,-1,-1
219,45,1457,814,160,152,1,-1,-1,-1
219,46,1177,366,168,92,1,-1,-1,-1
219,48,1185,371,160,88,1,-1,-1,-1
219,49,1507,599,175,126,1,-1,-1,-1
219,50,1261,723,124,124,1,-1,-1,-1
220,40,1349,832,143,134,1,-1,-1,-1
220,42,1001,523,137,149,1,-1,-1,-1
220,43,936,724,160,156,1,-1,-1,-1
220,44,2037,862,136,108,1,-1,-1,-1
220,45,1458,812,160,152,1,-1,-1,-1
220,46,1196,369,168,92,1,-1,-1,-1
220,48,1203,375,160,88,1,-1,-1,-1
220,49,1511,596,175,126,1,-1,-1,-1
220,50,1264,721,124,124,1,-1,-1,-1
221,40,1353,834,143,134,1,-1,-1,-1
221,42,1015,519,137,149,1,-1,-1,-1
221,43,949,723,160,156,1,-1,-1,-1
221,44,2031,864,143,113,1,-1,-1,-1
221,45,1467,807,152,145,1,-1,-1,-1
221,46,1231,372,176,97,1,-1,-1,-1
221,48,1246,380,160,88,1,-1,-1,-1
221,49,1515,592,175,126,1,-1,-1,-1
221,50,1269,716,130,130,1,-1,-1,-1
222,42,1026,518,137,149,1,-1,-1,-1
222,43,959,720,160,156,1,-1,-1,-1
222,44,2030,870,143,113,1,-1,-1,-1
222,45,1473,804,152,145,1,-1,-1,-1
222,46,1273,376,176,97,1,-1,-1,-1
222,48,1285,386,160,88,1,-1,-1,-1
222,49,1527,588,175,126,1,-1,-1,-1
222,50,1277,712,130,130,1,-1,-1,-1
223,42,1033,513,137,149,1,-1,-1,-1
223,43,963,718,160,156,1,-1,-1,-1
223,44,2029,872,143,113,1,-1,-1,-1
223,45,1474,803,152,145,1,-1,-1,-1
223,46,1297,382,168,92,1,-1,-1,-1
223,48,1304,389,160,88,1,-1,-1,-1
223,49,1529,585,175,126,1,-1,-1,-1
223,50,1278,705,137,137,1,-1,-1,-1
224,42,1047,505,144,156,1,-1,-1,-1
224,43,974,719,160,156,1,-1,-1,-1
224,44,2031,876,136,108,1,-1,-1,-1
224,45,1475,799,152,145,1,-1,-1,-1
224,46,1332,383,176,97,1,-1,-1,-1
224,48,1345,392,160,88,1,-1,-1,-1
224,49,1534,585,167,120,1,-1,-1,-1
224,50,1286,702,137,137,1,-1,-1,-1
225,42,1080,508,116,136,1,-1,-1,-1
225,43,980,684,156,172,1,-1,-1,-1
225,44,2032,872,136,136,1,-1,-1,-1
225,45,1492,784,168,204,1,-1,-1,-1
225,46,1332,383,176,97,1,-1,-1,-1
225,48,1384,396,160,88,1,-1,-1,-1
225,49,1544,556,140,156,1,-1,-1,-1
225,50,1300,704,132,124,1,-1,-1,-1
226,42,1088,508,116,136,1,-1,-1,-1
226,43,986,681,156,172,1,-1,-1,-1
226,44,2033,874,136,136,1,-1,-1,-1
226,45,1498,785,168,204,1,-1,-1,-1
226,46,1395,390,176,97,1,-1,-1,-1
226,48,1403,398,160,88,1,-1,-1,-1
226,49,1550,557,140,156,1,-1,-1,-1
226,50,1303,703,132,124,1,-1,-1,-1
227,42,1102,509,116,136,1,-1,-1,-1
227,43,995,674,156,172,1,-1,-1,-1
227,44,2029,879,136,136,1,-1,-1,-1
227,45,1509,785,168,204,1,-1,-1,-1
227,46,1435,396,176,97,1,-1,-1,-1
227,48,1442,404,160,88,1,-1,-1,-1
227,49,1552,554,140,156,1,-1,-1,-1
227,50,1310,697,132,124,1,-1,-1,-1
228,42,1116,511,116,136,1,-1,-1,-1
228,43,1000,669,156,172,1,-1,-1,-1
228,44,2029,885,136,136,1,-1,-1,-1
228,45,1522,781,168,204,1,-1,-1,-1
228,46,1473,400,176,97,1,-1,-1,-1
228,48,1479,409,160,88,1,-1,-1,-1
228,49,1556,559,133,149,1,-1,-1,-1
228,50,1315,696,132,124,1,-1,-1,-1
229,42,1125,513,116,136,1,-1,-1,-1
229,43,1005,667,156,172,1,-1,-1,-1
229,44,2028,888,136,136,1,-1,-1,-1
229,45,1526,776,168,204,1,-1,-1,-1
229,46,1492,404,176,97,1,-1,-1,-1
229,48,1499,412,160,88,1,-1,-1,-1
229,49,1560,561,133,149,1,-1,-1,-1
229,50,1318,693,132,124,1,-1,-1,-1
230,42,1135,513,116,136,1,-1,-1,-1
230,43,1013,661,156,172,1,-1,-1,-1
230,44,2024,893,136,136,1,-1,-1,-1
230,45,1526,759,168,204,1,-1,-1,-1
230,46,1528,408,176,97,1,-1,-1,-1
230,48,1535,416,160,88,1,-1,-1,-1
230,49,1561,556,133,149,1,-1,-1,-1
230,50,1324,689,132,124,1,-1,-1,-1
231,42,1151,508,116,136,1,-1,-1,-1
231,43,1023,659,156,172,1,-1,-1,-1
231,44,2024,897,136,136,1,-1,-1,-1
231,45,1542,753,168,204,1,-1,-1,-1
231,46,1567,411,176,97,1,-1,-1,-1
231,48,1574,420,160,88,1,-1,-1,-1
231,50,1333,687,132,124,1,-1,-1,-1
232,42,1156,506,116,136,1,-1,-1,-1
232,43,1027,658,156,172,1,-1,-1,-1
232,44,2023,903,136,136,1,-1,-1,-1
232,45,1543,747,168,204,1,-1,-1,-1
232,46,1585,416,176,97,1,-1,-1,-1
232,48,1592,424,160,88,1,-1,-1,-1
232,50,1338,688,126,118,1,-1,-1,-1
233,42,1164,508,148,148,1,-1,-1,-1
233,43,1036,676,188,172,1,-1,-1,-1
233,44,2024,924,136,128,1,-1,-1,-1
233,45,1552,748,128,144,1,-1,-1,-1
233,46,1585,416,176,97,1,-1,-1,-1
233,48,1592,424,160,88,1,-1,-1,-1
233,50,1344,680,148,120,1,-1,-1,-1
233,51,1580,564,132,128,1,-1,-1,-1
233,52,1636,432,160,96,1,-1,-1,-1
233,53,1404,796,160,116,1,-1,-1,-1
234,42,1179,508,148,148,1,-1,-1,-1
234,43,1047,678,188,172,1,-1,-1,-1
234,44,2021,926,136,128,1,-1,-1,-1
234,45,1559,744,128,144,1,-1,-1,-1
234,46,1658,429,176,97,1,-1,-1,-1
234,48,1664,436,160,88,1,-1,-1,-1
234,50,1353,679,148,120,1,-1,-1,-1
234,51,1583,560,132,128,1,-1,-1,-1
234,52,1667,433,168,101,1,-1,-1,-1
234,53,1412,796,160,116,1,-1,-1,-1
235,42,1186,507,148,148,1,-1,-1,-1
235,43,1050,674,188,172,1,-1,-1,-1
235,44,2022,927,136,128,1,-1,-1,-1
235,45,1563,743,128,144,1,-1,-1,-1
235,46,1676,431,176,97,1,-1,-1,-1
235,48,1683,439,160,88,1,-1,-1,-1
235,50,1352,676,148,120,1,-1,-1,-1
235,51,1585,558,132,128,1,-1,-1,-1
235,52,1685,437,168,101,1,-1,-1,-1
235,53,1406,787,168,122,1,-1,-1,-1
236,42,1199,504,148,148,1,-1,-1,-1
236,43,1059,671,188,172,1,-1,-1,-1
236,44,2020,930,136,128,1,-1,-1,-1
236,45,1571,740,128,144,1,-1,-1,-1
236,46,1712,435,176,97,1,-1,-1,-1
236,48,1718,443,160,88,1,-1,-1,-1
236,50,1360,673,148,120,1,-1,-1,-1
236,51,1592,557,132,128,1,-1,-1,-1
236,52,1722,443,168,101,1,-1,-1,-1
236,53,1403,778,168,122,1,-1,-1,-1
237,42,1213,502,148,148,1,-1,-1,-1
237,43,1080,675,179,164,1,-1,-1,-1
237,44,2022,925,136,128,1,-1,-1,-1
237,45,1581,735,128,144,1,-1,-1,-1
237,46,1750,440,176,97,1,-1,-1,-1
237,48,1757,448,160,88,1,-1,-1,-1
237,50,1369,664,141,114,1,-1,-1,-1
237,51,1595,553,132,128,1,-1,-1,-1
237,52,1759,446,168,101,1,-1,-1,-1
238,42,1218,501,148,148,1,-1,-1,-1
238,43,1079,668,188,172,1,-1,-1,-1
238,45,1583,733,128,144,1,-1,-1,-1
238,46,1772,445,168,92,1,-1,-1,-1
238,48,1776,451,160,88,1,-1,-1,-1
238,50,1374,662,141,114,1,-1,-1,-1
238,51,1597,551,132,128,1,-1,-1,-1
238,52,1777,450,168,101,1,-1,-1,-1
239,42,1231,505,148,148,1,-1,-1,-1
239,43,1084,660,188,172,1,-1,-1,-1
239,45,1591,732,128,144,1,-1,-1,-1
239,46,1804,448,176,97,1,-1,-1,-1
239,48,1810,456,160,88,1,-1,-1,-1
239,50,1389,662,134,109,1,-1,-1,-1
239,51,1604,550,132,128,1,-1,-1,-1
239,52,1809,452,176,106,1,-1,-1,-1
240,42,1244,509,141,141,1,-1,-1,-1
240,43,1096,660,179,164,1,-1,-1,-1
240,45,1598,729,128,144,1,-1,-1,-1
240,46,1840,453,176,97,1,-1,-1,-1
240,48,1845,463,160,88,1,-1,-1,-1
240,50,1397,659,134,109,1,-1,-1,-1
240,51,1610,550,132,128,1,-1,-1,-1
240,52,1845,460,176,106,1,-1,-1,-1
241,42,1252,512,116,144,1,-1,-1,-1
241,43,1100,652,144,152,1,-1,-1,-1
241,45,1596,732,140,164,1,-1,-1,-1
241,46,1840,453,176,97,1,-1,-1,-1
241,48,1845,463,160,88,1,-1,-1,-1
241,50,1408,652,104,104,1,-1,-1,-1
241,51,1608,552,156,136,1,-1,-1,-1
241,52,1868,468,160,104,1,-1,-1,-1
241,54,1424,740,164,144,1,-1,-1,-1
241,55,2004,892,148,176,1,-1,-1,-1
242,42,1260,517,116,144,1,-1,-1,-1
242,43,1103,650,144,152,1,-1,-1,-1
242,45,1607,733,140,164,1,-1,-1,-1
242,46,1892,467,168,92,1,-1,-1,-1
242,48,1893,473,160,88,1,-1,-1,-1
242,50,1411,650,104,104,1,-1,-1,-1
242,51,1609,552,156,136,1,-1,-1,-1
242,52,1898,473,160,104,1,-1,-1,-1
242,54,1430,737,164,144,1,-1,-1,-1
242,55,2010,895,148,176,1,-1,-1,-1
243,42,1266,518,116,144,1,-1,-1,-1
243,43,1108,653,137,145,1,-1,-1,-1
243,45,1606,727,133,156,1,-1,-1,-1
243,46,1921,471,168,92,1,-1,-1,-1
243,48,1924,477,160,88,1,-1,-1,-1
243,50,1413,647,104,104,1,-1,-1,-1
243,51,1607,552,156,136,1,-1,-1,-1
243,52,1925,475,168,109,1,-1,-1,-1
243,54,1433,734,164,144,1,-1,-1,-1
243,55,1998,891,148,176,1,-1,-1,-1
244,42,1270,522,110,137,1,-1,-1,-1
244,43,1109,654,137,145,1,-1,-1,-1
244,45,1609,726,133,156,1,-1,-1,-1
244,46,1935,474,168,92,1,-1,-1,-1
244,48,1938,480,160,88,1,-1,-1,-1
244,50,1412,647,104,104,1,-1,-1,-1
244,51,1608,552,156,136,1,-1,-1,-1
244,52,1939,477,168,109,1,-1,-1,-1
244,54,1432,733,164,144,1,-1,-1,-1
244,55,1994,884,155,185,1,-1,-1,-1
245,42,1273,521,110,137,1,-1,-1,-1
245,43,1109,653,137,145,1,-1,-1,-1
245,45,1616,723,127,149,1,-1,-1,-1
245,46,1952,475,176,97,1,-1,-1,-1
245,48,1961,484,160,88,1,-1,-1,-1
245,50,1409,645,104,104,1,-1,-1,-1
245,51,1605,553,156,136,1,-1,-1,-1
245,52,1961,482,168,109,1,-1,-1,-1
245,54,1436,734,156,137,1,-1,-1,-1
245,55,1997,880,155,185,1,-1,-1,-1
246,42,1274,521,110,137,1,-1,-1,-1
246,43,1107,655,137,145,1,-1,-1,-1
246,45,1614,717,127,149,1,-1,-1,-1
246,46,1978,480,176,97,1,-1,-1,-1
246,48,1984,489,160,88,1,-1,-1,-1
246,50,1408,644,104,104,1,-1,-1,-1
246,51,1595,548,164,143,1,-1,-1,-1
246,52,1984,487,168,109,1,-1,-1,-1
246,54,1434,732,156,137,1,-1,-1,-1
247,42,1274,520,110,137,1,-1,-1,-1
247,43,1106,656,137,145,1,-1,-1,-1
247,45,1615,712,127,149,1,-1,-1,-1
247,46,1995,485,168,92,1,-1,-1,-1
247,48,1998,491,160,88,1,-1,-1,-1
247,50,1407,645,104,104,1,-1,-1,-1
247,51,1591,547,164,143,1,-1,-1,-1
247,52,2001,491,160,104,1,-1,-1,-1
247,54,1430,729,156,137,1,-1,-1,-1
248,42,1277,517,110,137,1,-1,-1,-1
248,43,1106,657,137,145,1,-1,-1,-1
248,45,1614,708,127,149,1,-1,-1,-1
248,46,2015,490,168,92,1,-1,-1,-1
248,48,2018,495,160,88,1,-1,-1,-1
248,50,1403,641,104,104,1,-1,-1,-1
248,51,1583,541,164,143,1,-1,-1,-1
248,52,2021,497,160,104,1,-1,-1,-1
248,54,1414,714,156,137,1,-1,-1,-1
249,42,1276,508,116,136,1,-1,-1,-1
249,43,1108,664,164,148,1,-1,-1,-1
249,45,1620,692,108,140,1,-1,-1,-1
249,46,2015,490,168,92,1,-1,-1,-1
249,48,2018,495,160,88,1,-1,-1,-1
249,50,1403,641,104,104,1,-1,-1,-1
249,51,1584,548,128,120,1,-1,-1,-1
249,52,2040,500,164,104,1,-1,-1,-1
249,54,1414,714,156,137,1,-1,-1,-1
249,56,1968,848,112,144,1,-1,-1,-1
249,57,1404,648,136,180,1,-1,-1,-1
250,42,1275,508,116,136,1,-1,-1,-1
250,43,1109,665,164,148,1,-1,-1,-1
250,45,1620,691,108,140,1,-1,-1,-1
250,46,2046,494,168,92,1,-1,-1,-1
250,48,2049,500,160,88,1,-1,-1,-1
250,50,1396,635,104,104,1,-1,-1,-1
250,51,1579,547,128,120,1,-1,-1,-1
250,52,2049,501,164,104,1,-1,-1,-1
250,54,1397,700,156,137,1,-1,-1,-1
250,56,1966,847,112,144,1,-1,-1,-1
250,57,1405,651,130,171,1,-1,-1,-1
251,42,1270,505,116,136,1,-1,-1,-1
251,43,1103,665,164,148,1,-1,-1,-1
251,45,1611,686,113,147,1,-1,-1,-1
251,46,2063,499,168,92,1,-1,-1,-1
251,48,2061,502,168,92,1,-1,-1,-1
251,50,1395,634,104,104,1,-1,-1,-1
251,51,1571,550,122,114,1,-1,-1,-1
251,52,2065,504,164,104,1,-1,-1,-1
251,54,1386,696,156,137,1,-1,-1,-1
251,56,1952,836,112,144,1,-1,-1,-1
251,57,1400,653,123,163,1,-1,-1,-1
252,42,1268,503,116,136,1,-1,-1,-1
252,43,1097,663,164,148,1,-1,-1,-1
252,45,1606,683,113,147,1,-1,-1,-1
252,46,2081,503,168,92,1,-1,-1,-1
252,48,2081,505,168,92,1,-1,-1,-1
252,50,1386,628,104,104,1,-1,-1,-1
252,51,1562,552,122,114,1,-1,-1,-1
252,52,2085,508,164,104,1,-1,-1,-1
252,54,1380,698,149,131,1,-1,-1,-1
252,56,1945,831,107,137,1,-1,-1,-1
252,57,1394,650,123,163,1,-1,-1,-1
253,42,1266,503,116,136,1,-1,-1,-1
253,43,1093,660,164,148,1,-1,-1,-1
253,45,1605,680,113,147,1,-1,-1,-1
253,46,2094,504,168,92,1,-1,-1,-1
253,48,2093,507,168,92,1,-1,-1,-1
253,50,1386,627,104,104,1,-1,-1,-1
253,51,1559,553,122,114,1,-1,-1,-1
253,52,2098,509,164,104,1,-1,-1,-1
253,54,1382,701,142,124,1,-1,-1,-1
253,56,1939,826,107,137,1,-1,-1,-1
253,57,1392,649,123,163,1,-1,-1,-1
254,42,1264,504,116,136,1,-1,-1,-1
254,43,1088,657,172,155,1,-1,-1,-1
254,45,1601,677,113,147,1,-1,-1,-1
254,46,2112,507,168,92,1,-1,-1,-1
254,48,2111,511,168,92,1,-1,-1,-1
254,50,1383,625,104,104,1,-1,-1,-1
254,51,1550,554,122,114,1,-1,-1,-1
254,52,2115,512,164,104,1,-1,-1,-1
254,54,1372,699,142,124,1,-1,-1,-1
254,56,1930,819,102,131,1,-1,-1,-1
254,57,1387,648,123,163,1,-1,-1,-1
255,42,1263,507,116,136,1,-1,-1,-1
255,43,1086,653,172,155,1,-1,-1,-1
255,45,1598,676,113,147,1,-1,-1,-1
255,46,2130,510,168,92,1,-1,-1,-1
255,48,2133,516,160,88,1,-1,-1,-1
255,50,1379,624,104,104,1,-1,-1,-1
255,51,1542,556,122,114,1,-1,-1,-1
255,52,2133,515,164,104,1,-1,-1,-1
255,54,1370,698,142,124,1,-1,-1,-1
255,56,1926,809,102,131,1,-1,-1,-1
255,57,1383,647,123,163,1,-1,-1,-1
256,42,1263,508,116,136,1,-1,-1,-1
256,43,1084,651,172,155,1,-1,-1,-1
256,45,1595,675,113,147,1,-1,-1,-1
256,46,2141,512,168,92,1,-1,-1,-1
256,48,2148,521,152,84,1,-1,-1,-1
256,50,1377,624,104,104,1,-1,-1,-1
256,51,1537,557,122,114,1,-1,-1,-1
256,52,2143,518,164,104,1,-1,-1,-1
256,54,1366,696,142,124,1,-1,-1,-1
256,56,1920,808,102,131,1,-1,-1,-1
256,57,1380,645,123,163,1,-1,-1,-1
257,42,1252,508,120,136,1,-1,-1,-1
257,43,1076,648,128,140,1,-1,-1,-1
257,45,1592,680,132,140,1,-1,-1,-1
257,46,2141,512,168,92,1,-1,-1,-1
257,48,2148,521,152,84,1,-1,-1,-1
257,50,1377,624,104,104,1,-1,-1,-1
257,51,1528,548,144,136,1,-1,-1,-1
257,52,2143,518,164,104,1,-1,-1,-1
257,54,1366,696,142,124,1,-1,-1,-1
257,56,1916,812,108,120,1,-1,-1,-1
257,57,1368,628,128,188,1,-1,-1,-1
258,42,1255,508,120,136,1,-1,-1,-1
258,43,1074,650,128,140,1,-1,-1,-1
258,45,1592,678,132,140,1,-1,-1,-1
258,46,2178,523,168,92,1,-1,-1,-1
258,48,2181,525,160,88,1,-1,-1,-1
258,50,1369,623,104,104,1,-1,-1,-1
258,51,1526,548,144,136,1,-1,-1,-1
258,52,2180,528,164,104,1,-1,-1,-1
258,54,1364,692,149,131,1,-1,-1,-1
258,56,1915,809,108,120,1,-1,-1,-1
258,57,1366,627,128,188,1,-1,-1,-1
259,42,1256,509,120,136,1,-1,-1,-1
259,43,1072,652,128,140,1,-1,-1,-1
259,45,1591,676,132,140,1,-1,-1,-1
259,46,2192,524,168,92,1,-1,-1,-1
259,48,2195,528,160,88,1,-1,-1,-1
259,50,1368,624,104,104,1,-1,-1,-1
259,51,1525,548,144,136,1,-1,-1,-1
259,52,2194,530,164,104,1,-1,-1,-1
259,54,1356,688,149,131,1,-1,-1,-1
259,56,1908,805,108,120,1,-1,-1,-1
259,57,1364,626,128,188,1,-1,-1,-1
260,42,1258,507,120,136,1,-1,-1,-1
260,43,1067,653,128,140,1,-1,-1,-1
260,45,1591,670,132,140,1,-1,-1,-1
260,46,2212,528,168,92,1,-1,-1,-1
260,48,2215,533,160,88,1,-1,-1,-1
260,50,1369,623,104,104,1,-1,-1,-1
260,51,1521,542,144,136,1,-1,-1,-1
260,52,2214,534,164,104,1,-1,-1,-1
260,54,1353,689,149,131,1,-1,-1,-1
260,56,1902,799,103,114,1,-1,-1,-1
260,57,1365,626,128,188,1,-1,-1,-1
261,42,1261,502,120,136,1,-1,-1,-1
261,43,1066,659,128,140,1,-1,-1,-1
261,45,1592,663,132,140,1,-1,-1,-1
261,46,2234,532,168,92,1,-1,-1,-1
261,48,2233,536,168,92,1,-1,-1,-1
261,50,1369,621,104,104,1,-1,-1,-1
261,51,1518,538,144,136,1,-1,-1,-1
261,52,2237,537,164,104,1,-1,-1,-1
261,54,1350,686,149,131,1,-1,-1,-1
261,56,1902,797,103,114,1,-1,-1,-1
261,57,1365,627,128,188,1,-1,-1,-1
262,42,1262,499,120,136,1,-1,-1,-1
262,43,1068,661,128,140,1,-1,-1,-1
262,45,1593,664,132,140,1,-1,-1,-1
262,46,2247,534,168,92,1,-1,-1,-1
262,48,2247,537,168,92,1,-1,-1,-1
262,50,1371,621,104,104,1,-1,-1,-1
262,51,1514,536,144,136,1,-1,-1,-1
262,52,2250,540,164,104,1,-1,-1,-1
262,56,1899,797,103,114,1,-1,-1,-1
262,57,1367,628,122,179,1,-1,-1,-1
263,42,1264,498,120,136,1,-1,-1,-1
263,43,1064,664,128,140,1,-1,-1,-1
263,45,1592,663,132,140,1,-1,-1,-1
263,46,2266,538,168,92,1,-1,-1,-1
263,48,2266,542,168,92,1,-1,-1,-1
263,50,1373,620,99,99,1,-1,-1,-1
263,51,1510,534,144,136,1,-1,-1,-1
263,52,2269,544,164,104,1,-1,-1,-1
263,57,1365,630,116,171,1,-1,-1,-1
264,42,1265,499,120,136,1,-1,-1,-1
264,43,1062,667,128,140,1,-1,-1,-1
264,45,1588,666,132,140,1,-1,-1,-1
264,46,2287,544,168,92,1,-1,-1,-1
264,48,2280,545,176,97,1,-1,-1,-1
264,50,1372,620,99,99,1,-1,-1,-1
264,51,1503,537,144,136,1,-1,-1,-1
264,52,2289,551,164,104,1,-1,-1,-1
264,57,1363,628,116,171,1,-1,-1,-1
265,42,1280,500,92,132,1,-1,-1,-1
265,43,1060,636,164,172,1,-1,-1,-1
265,45,1596,668,104,144,1,-1,-1,-1
265,46,2287,544,168,92,1,-1,-1,-1
265,48,2280,545,176,97,1,-1,-1,-1
265,50,1372,620,99,99,1,-1,-1,-1
265,51,1504,544,112,120,1,-1,-1,-1
265,52,2300,556,168,92,1,-1,-1,-1
265,57,1363,628,116,171,1,-1,-1,-1
265,58,1876,764,108,144,1,-1,-1,-1
266,42,1280,502,92,132,1,-1,-1,-1
266,43,1062,637,164,172,1,-1,-1,-1
266,45,1595,669,104,144,1,-1,-1,-1
266,46,2314,550,168,92,1,-1,-1,-1
266,48,2315,554,168,92,1,-1,-1,-1
266,50,1365,618,99,99,1,-1,-1,-1
266,51,1500,545,112,120,1,-1,-1,-1
266,52,2318,559,168,92,1,-1,-1,-1
266,57,1354,623,122,179,1,-1,-1,-1
266,58,1876,763,108,144,1,-1,-1,-1
267,42,1280,505,92,132,1,-1,-1,-1
267,43,1053,634,164,172,1,-1,-1,-1
267,45,1593,671,104,144,1,-1,-1,-1
267,46,2327,553,176,97,1,-1,-1,-1
267,48,2332,560,168,92,1,-1,-1,-1
267,50,1362,620,99,99,1,-1,-1,-1
267,51,1493,548,112,120,1,-1,-1,-1
267,52,2336,566,168,92,1,-1,-1,-1
267,57,1348,623,122,179,1,-1,-1,-1
267,58,1864,753,108,144,1,-1,-1,-1
268,42,1277,503,97,139,1,-1,-1,-1
268,43,1051,634,164,172,1,-1,-1,-1
268,45,1592,670,104,144,1,-1,-1,-1
268,46,2336,555,176,97,1,-1,-1,-1
268,48,2340,563,168,92,1,-1,-1,-1
268,50,1360,619,99,99,1,-1,-1,-1
268,51,1491,550,112,120,1,-1,-1,-1
268,52,2346,567,168,92,1,-1,-1,-1
268,57,1346,624,122,179,1,-1,-1,-1
268,58,1860,753,108,144,1,-1,-1,-1
269,42,1277,506,97,139,1,-1,-1,-1
269,43,1049,635,164,172,1,-1,-1,-1
269,45,1592,672,99,137,1,-1,-1,-1
269,46,2355,560,176,97,1,-1,-1,-1
269,48,2359,567,168,92,1,-1,-1,-1
269,50,1359,620,99,99,1,-1,-1,-1
269,51,1487,556,112,120,1,-1,-1,-1
269,52,2361,570,176,97,1,-1,-1,-1
269,57,1350,630,116,171,1,-1,-1,-1
269,58,1854,745,113,151,1,-1,-1,-1
270,42,1277,508,97,139,1,-1,-1,-1
270,43,1047,637,164,172,1,-1,-1,-1
270,45,1591,672,99,137,1,-1,-1,-1
270,46,2377,564,176,97,1,-1,-1,-1
270,48,2379,571,168,92,1,-1,-1,-1
270,50,1357,624,99,99,1,-1,-1,-1
270,51,1484,558,112,120,1,-1,-1,-1
270,52,2380,574,176,97,1,-1,-1,-1
270,57,1351,632,116,171,1,-1,-1,-1
270,58,1852,744,113,151,1,-1,-1,-1
271,42,1281,508,97,139,1,-1,-1,-1
271,43,1047,639,164,172,1,-1,-1,-1
271,45,1591,669,99,137,1,-1,-1,-1
271,46,2389,567,176,97,1,-1,-1,-1
271,48,2393,574,168,92,1,-1,-1,-1
271,50,1358,624,99,99,1,-1,-1,-1
271,51,1485,559,112,120,1,-1,-1,-1
271,52,2398,580,168,92,1,-1,-1,-1
271,57,1352,633,116,171,1,-1,-1,-1
271,58,1852,747,113,151,1,-1,-1,-1
272,42,1283,507,97,139,1,-1,-1,-1
272,43,1042,639,164,172,1,-1,-1,-1
272,45,1589,667,99,137,1,-1,-1,-1
272,46,2409,572,176,97,1,-1,-1,-1
272,48,2414,578,168,92,1,-1,-1,-1
272,50,1358,624,99,99,1,-1,-1,-1
272,51,1482,562,112,120,1,-1,-1,-1
272,52,2417,583,168,92,1,-1,-1,-1
272,57,1356,635,116,171,1,-1,-1,-1
272,58,1852,746,108,144,1,-1,-1,-1
273,42,1284,508,104,124,1,-1,-1,-1
273,43,1040,668,124,144,1,-1,-1,-1
273,45,1572,652,124,136,1,-1,-1,-1
273,46,2409,572,176,97,1,-1,-1,-1
273,48,2414,578,168,92,1,-1,-1,-1
273,50,1358,624,99,99,1,-1,-1,-1
273,51,1480,540,112,132,1,-1,-1,-1
273,52,2417,583,168,92,1,-1,-1,-1
273,57,1348,652,128,144,1,-1,-1,-1
273,58,1848,748,100,124,1,-1,-1,-1
274,42,1284,507,104,124,1,-1,-1,-1
274,43,1038,670,124,144,1,-1,-1,-1
274,45,1570,651,124,136,1,-1,-1,-1
274,46,2444,575,176,97,1,-1,-1,-1
274,48,2446,581,168,92,1,-1,-1,-1
274,50,1352,622,99,99,1,-1,-1,-1
274,51,1478,539,112,132,1,-1,-1,-1
274,52,2450,586,168,92,1,-1,-1,-1
274,57,1346,651,128,144,1,-1,-1,-1
274,58,1845,747,100,124,1,-1,-1,-1
275,42,1285,503,104,124,1,-1,-1,-1
275,43,1030,674,124,144,1,-1,-1,-1
275,45,1569,648,124,136,1,-1,-1,-1
275,50,1349,618,99,99,1,-1,-1,-1
275,51,1477,536,112,132,1,-1,-1,-1
275,57,1344,649,128,144,1,-1,-1,-1
275,58,1840,747,95,118,1,-1,-1,-1
276,42,1282,498,104,124,1,-1,-1,-1
276,43,1018,678,124,144,1,-1,-1,-1
276,45,1565,646,124,136,1,-1,-1,-1
276,50,1344,617,99,99,1,-1,-1,-1
276,51,1468,532,112,132,1,-1,-1,-1
276,57,1339,645,128,144,1,-1,-1,-1
276,58,1840,746,95,118,1,-1,-1,-1
277,42,1280,497,104,124,1,-1,-1,-1
277,43,1013,682,124,144,1,-1,-1,-1
277,45,1563,646,124,136,1,-1,-1,-1
277,50,1342,615,99,99,1,-1,-1,-1
277,51,1465,530,112,132,1,-1,-1,-1
277,57,1337,643,128,144,1,-1,-1,-1
277,58,1840,746,95,118,1,-1,-1,-1
278,42,1278,496,104,124,1,-1,-1,-1
278,43,1001,684,124,144,1,-1,-1,-1
278,45,1560,647,124,136,1,-1,-1,-1
278,50,1337,612,99,99,1,-1,-1,-1
278,51,1461,530,112,132,1,-1,-1,-1
278,57,1335,641,128,144,1,-1,-1,-1
278,58,1842,746,95,118,1,-1,-1,-1
279,42,1277,495,104,124,1,-1,-1,-1
279,43,991,684,130,151,1,-1,-1,-1
279,45,1560,647,124,136,1,-1,-1,-1
279,50,1334,612,99,99,1,-1,-1,-1
279,51,1456,531,112,132,1,-1,-1,-1
279,57,1335,642,122,137,1,-1,-1,-1
279,58,1840,744,100,124,1,-1,-1,-1
280,42,1276,495,104,124,1,-1,-1,-1
280,43,985,682,130,151,1,-1,-1,-1
280,45,1559,648,124,136,1,-1,-1,-1
280,50,1332,612,99,99,1,-1,-1,-1
280,51,1450,527,118,139,1,-1,-1,-1
280,57,1333,644,122,137,1,-1,-1,-1
280,58,1839,746,100,124,1,-1,-1,-1
281,42,1272,496,96,128,1,-1,-1,-1
281,43,972,688,140,148,1,-1,-1,-1
281,45,1560,648,140,160,1,-1,-1,-1
281,50,1332,612,99,99,1,-1,-1,-1
281,51,1444,540,112,120,1,-1,-1,-1
281,57,1333,644,122,137,1,-1,-1,-1
281,58,1836,744,136,140,1,-1,-1,-1
282,42,1268,497,96,128,1,-1,-1,-1
282,43,960,689,140,148,1,-1,-1,-1
282,45,1559,650,140,160,1,-1,-1,-1
282,50,1321,614,99,99,1,-1,-1,-1
282,51,1439,543,112,120,1,-1,-1,-1
282,57,1325,645,122,137,1,-1,-1,-1
282,58,1834,745,136,140,1,-1,-1,-1
283,42,1267,498,96,128,1,-1,-1,-1
283,43,951,687,140,148,1,-1,-1,-1
283,45,1559,649,140,160,1,-1,-1,-1
283,50,1319,614,99,99,1,-1,-1,-1
283,51,1437,543,112,120,1,-1,-1,-1
283,57,1324,645,122,137,1,-1,-1,-1
283,58,1834,745,136,140,1,-1,-1,-1
284,42,1265,497,96,128,1,-1,-1,-1
284,43,939,690,140,148,1,-1,-1,-1
284,45,1554,644,147,168,1,-1,-1,-1
284,50,1312,616,99,99,1,-1,-1,-1
284,51,1432,540,112,120,1,-1,-1,-1
284,57,1321,645,128,144,1,-1,-1,-1
284,58,1836,743,136,140,1,-1,-1,-1
285,42,1266,493,96,128,1,-1,-1,-1
285,43,931,692,140,148,1,-1,-1,-1
285,45,1560,645,147,168,1,-1,-1,-1
285,50,1314,618,99,99,1,-1,-1,-1
285,51,1433,537,112,120,1,-1,-1,-1
285,57,1325,645,128,144,1,-1,-1,-1
285,58,1840,742,136,140,1,-1,-1,-1
286,42,1267,491,96,128,1,-1,-1,-1
286,43,928,694,140,148,1,-1,-1,-1
286,45,1558,638,154,176,1,-1,-1,-1
286,51,1434,535,112,120,1,-1,-1,-1
286,57,1333,648,122,137,1,-1,-1,-1
286,58,1843,741,136,140,1,-1,-1,-1
287,42,1271,487,96,128,1,-1,-1,-1
287,43,922,694,147,155,1,-1,-1,-1
287,45,1564,637,147,168,1,-1,-1,-1
287,51,1438,531,112,120,1,-1,-1,-1
287,57,1341,651,122,137,1,-1,-1,-1
287,58,1852,741,136,140,1,-1,-1,-1
288,42,1275,478,101,134,1,-1,-1,-1
288,43,914,697,147,155,1,-1,-1,-1
288,45,1568,631,147,168,1,-1,-1,-1
288,51,1440,522,112,120,1,-1,-1,-1
288,57,1343,642,122,137,1,-1,-1,-1
288,58,1860,738,136,140,1,-1,-1,-1
289,42,1275,478,101,134,1,-1,-1,-1
289,43,914,697,147,155,1,-1,-1,-1
289,45,1568,631,147,168,1,-1,-1,-1
289,51,1436,508,136,156,1,-1,-1,-1
289,57,1343,642,122,137,1,-1,-1,-1
289,58,1864,724,112,136,1,-1,-1,-1
290,42,1281,471,101,134,1,-1,-1,-1
290,43,909,706,147,155,1,-1,-1,-1
290,45,1574,626,147,168,1,-1,-1,-1
290,51,1439,505,136,156,1,-1,-1,-1
290,57,1355,635,122,137,1,-1,-1,-1
290,58,1869,725,112,136,1,-1,-1,-1
291,42,1284,469,101,134,1,-1,-1,-1
291,43,906,710,140,148,1,-1,-1,-1
291,45,1576,624,147,168,1,-1,-1,-1
291,51,1443,502,136,156,1,-1,-1,-1
291,57,1356,632,122,137,1,-1,-1,-1
291,58,1875,726,112,136,1,-1,-1,-1
292,42,1289,468,101,134,1,-1,-1,-1
292,43,907,712,140,148,1,-1,-1,-1
292,45,1581,627,140,160,1,-1,-1,-1
292,51,1446,499,136,156,1,-1,-1,-1
292,57,1354,628,128,144,1,-1,-1,-1
292,58,1877,725,112,136,1,-1,-1,-1
293,42,1292,464,106,141,1,-1,-1,-1
293,43,914,715,133,141,1,-1,-1,-1
293,45,1587,626,140,160,1,-1,-1,-1
293,51,1450,498,136,156,1,-1,-1,-1
293,57,1360,629,128,144,1,-1,-1,-1
293,58,1882,724,112,136,1,-1,-1,-1
294,42,1294,465,106,141,1,-1,-1,-1
294,45,1590,627,140,160,1,-1,-1,-1
294,51,1450,496,143,164,1,-1,-1,-1
294,58,1888,726,112,136,1,-1,-1,-1
295,42,1297,465,106,141,1,-1,-1,-1
295,45,1592,629,140,160,1,-1,-1,-1
295,51,1452,498,143,164,1,-1,-1,-1
295,58,1888,724,118,143,1,-1,-1,-1
296,42,1298,465,106,141,1,-1,-1,-1
296,45,1599,631,140,160,1,-1,-1,-1
296,51,1454,499,143,164,1,-1,-1,-1
296,58,1894,726,112,136,1,-1,-1,-1
297,42,1284,472,156,156,1,-1,-1,-1
297,45,1588,620,176,188,1,-1,-1,-1
297,51,1464,496,136,168,1,-1,-1,-1
297,58,1896,728,152,164,1,-1,-1,-1
297,59,1396,644,128,152,1,-1,-1,-1
298,42,1285,472,156,156,1,-1,-1,-1
298,45,1593,621,176,188,1,-1,-1,-1
298,51,1467,496,136,168,1,-1,-1,-1
298,58,1905,731,145,156,1,-1,-1,-1
298,59,1400,646,128,152,1,-1,-1,-1
299,42,1288,469,156,156,1,-1,-1,-1
299,45,1599,620,176,188,1,-1,-1,-1
299,51,1471,494,136,168,1,-1,-1,-1
299,58,1909,729,145,156,1,-1,-1,-1
299,59,1407,646,128,152,1,-1,-1,-1
300,42,1289,466,156,156,1,-1,-1,-1
300,45,1607,624,168,179,1,-1,-1,-1
300,51,1473,491,136,168,1,-1,-1,-1
300,58,1914,725,145,156,1,-1,-1,-1
300,59,1413,639,128,152,1,-1,-1,-1
301,42,1285,461,164,164,1,-1,-1,-1
301,45,1608,621,168,179,1,-1,-1,-1
301,51,1475,489,136,168,1,-1,-1,-1
301,58,1917,723,145,156,1,-1,-1,-1
301,59,1414,638,128,152,1,-1,-1,-1
302,42,1284,456,164,164,1,-1,-1,-1
302,45,1611,617,168,179,1,-1,-1,-1
302,51,1479,482,136,168,1,-1,-1,-1
302,58,1923,723,145,156,1,-1,-1,-1
302,59,1417,635,128,152,1,-1,-1,-1
303,42,1285,449,164,164,1,-1,-1,-1
303,45,1614,611,168,179,1,-1,-1,-1
303,51,1481,474,136,168,1,-1,-1,-1
303,58,1927,720,145,156,1,-1,-1,-1
303,59,1419,630,128,152,1,-1,-1,-1
304,42,1282,447,164,164,1,-1,-1,-1
304,45,1615,611,168,179,1,-1,-1,-1
304,51,1481,473,136,168,1,-1,-1,-1
304,58,1930,723,145,156,1,-1,-1,-1
304,59,1420,630,128,152,1,-1,-1,-1
305,42,1282,447,164,164,1,-1,-1,-1
305,45,1615,611,168,179,1,-1,-1,-1
305,51,1481,473,136,168,1,-1,-1,-1
305,58,1930,723,145,156,1,-1,-1,-1
305,59,1420,630,128,152,1,-1,-1,-1
306,42,1277,440,172,172,1,-1,-1,-1
306,45,1621,613,168,179,1,-1,-1,-1
306,51,1480,469,143,176,1,-1,-1,-1
306,58,1930,719,145,156,1,-1,-1,-1
306,59,1421,631,128,152,1,-1,-1,-1
307,42,1274,440,172,172,1,-1,-1,-1
307,45,1620,615,168,179,1,-1,-1,-1
307,51,1478,470,143,176,1,-1,-1,-1
307,58,1928,718,152,164,1,-1,-1,-1
307,59,1416,630,134,160,1,-1,-1,-1
308,42,1264,443,172,172,1,-1,-1,-1
308,45,1616,619,168,179,1,-1,-1,-1
308,51,1470,470,150,185,1,-1,-1,-1
308,58,1928,722,152,164,1,-1,-1,-1
308,59,1413,633,134,160,1,-1,-1,-1
309,42,1255,447,172,172,1,-1,-1,-1
309,45,1610,618,176,188,1,-1,-1,-1
309,51,1461,473,150,185,1,-1,-1,-1
309,58,1918,721,152,164,1,-1,-1,-1
309,59,1413,638,134,160,1,-1,-1,-1
310,42,1248,449,172,172,1,-1,-1,-1
310,45,1600,617,185,197,1,-1,-1,-1
310,51,1455,475,150,185,1,-1,-1,-1
310,58,1913,721,152,164,1,-1,-1,-1
310,59,1410,641,134,160,1,-1,-1,-1
311,42,1234,452,172,172,1,-1,-1,-1
311,45,1591,621,185,197,1,-1,-1,-1
311,51,1448,480,150,185,1,-1,-1,-1
311,58,1897,722,152,164,1,-1,-1,-1
311,59,1402,646,134,160,1,-1,-1,-1
312,42,1224,456,172,172,1,-1,-1,-1
312,45,1578,619,194,207,1,-1,-1,-1
312,51,1436,482,150,185,1,-1,-1,-1
312,58,1886,722,152,164,1,-1,-1,-1
312,59,1398,650,134,160,1,-1,-1,-1
313,42,1212,444,168,192,1,-1,-1,-1
313,45,1568,604,196,220,1,-1,-1,-1
313,51,1436,482,150,185,1,-1,-1,-1
313,58,1876,724,148,164,1,-1,-1,-1
313,59,1398,650,134,160,1,-1,-1,-1
313,60,800,660,140,212,1,-1,-1,-1
314,42,1206,448,168,192,1,-1,-1,-1
314,45,1562,607,196,220,1,-1,-1,-1
314,51,1418,483,150,185,1,-1,-1,-1
314,58,1864,722,148,164,1,-1,-1,-1
314,59,1390,650,134,160,1,-1,-1,-1
314,60,798,665,140,212,1,-1,-1,-1
315,42,1194,449,168,192,1,-1,-1,-1
315,45,1555,607,196,220,1,-1,-1,-1
315,51,1408,485,150,185,1,-1,-1,-1
315,58,1851,720,148,164,1,-1,-1,-1
315,59,1385,648,134,160,1,-1,-1,-1
315,60,800,674,133,202,1,-1,-1,-1
316,42,1189,449,168,192,1,-1,-1,-1
316,45,1546,607,187,210,1,-1,-1,-1
316,51,1403,487,150,185,1,-1,-1,-1
316,58,1844,723,141,156,1,-1,-1,-1
316,59,1376,643,141,168,1,-1,-1,-1
316,60,797,676,133,202,1,-1,-1,-1
317,42,1173,446,168,192,1,-1,-1,-1
317,45,1529,601,187,210,1,-1,-1,-1
317,51,1388,484,150,185,1,-1,-1,-1
317,58,1823,722,141,156,1,-1,-1,-1
317,59,1362,640,141,168,1,-1,-1,-1
317,60,790,674,133,202,1,-1,-1,-1
318,42,1161,443,168,192,1,-1,-1,-1
318,45,1515,596,187,210,1,-1,-1,-1
318,51,1374,483,150,185,1,-1,-1,-1
318,58,1814,732,134,149,1,-1,-1,-1
318,59,1350,633,141,168,1,-1,-1,-1
318,60,786,668,133,202,1,-1,-1,-1
319,42,1156,443,168,192,1,-1,-1,-1
319,45,1513,600,178,200,1,-1,-1,-1
319,51,1366,482,150,185,1,-1,-1,-1
319,58,1809,732,134,149,1,-1,-1,-1
319,59,1345,631,141,168,1,-1,-1,-1
319,60,783,666,133,202,1,-1,-1,-1
320,42,1145,446,168,192,1,-1,-1,-1
320,45,1500,606,178,200,1,-1,-1,-1
320,51,1351,487,150,185,1,-1,-1,-1
320,58,1799,743,134,149,1,-1,-1,-1
320,59,1333,634,141,168,1,-1,-1,-1
320,60,781,662,133,202,1,-1,-1,-1
321,42,1145,446,168,192,1,-1,-1,-1
321,45,1496,620,156,216,1,-1,-1,-1
321,51,1351,487,150,185,1,-1,-1,-1
321,58,1780,712,144,204,1,-1,-1,-1
321,59,1333,634,141,168,1,-1,-1,-1
321,60,788,664,128,224,1,-1,-1,-1
322,42,1126,455,168,192,1,-1,-1,-1
322,45,1492,622,156,216,1,-1,-1,-1
322,51,1333,499,150,185,1,-1,-1,-1
322,58,1776,712,144,204,1,-1,-1,-1
322,59,1323,642,141,168,1,-1,-1,-1
322,60,788,664,128,224,1,-1,-1,-1
323,42,1111,460,168,192,1,-1,-1,-1
323,45,1481,626,156,216,1,-1,-1,-1
323,51,1318,501,150,185,1,-1,-1,-1
323,58,1760,709,144,204,1,-1,-1,-1
323,59,1310,644,141,168,1,-1,-1,-1
323,60,784,658,134,235,1,-1,-1,-1
324,42,1096,467,168,192,1,-1,-1,-1
324,45,1466,627,156,216,1,-1,-1,-1
324,51,1301,508,150,185,1,-1,-1,-1
324,58,1747,713,137,194,1,-1,-1,-1
324,59,1302,649,141,168,1,-1,-1,-1
324,60,782,659,134,235,1,-1,-1,-1
325,42,1089,468,168,192,1,-1,-1,-1
325,45,1459,628,156,216,1,-1,-1,-1
325,51,1296,508,150,185,1,-1,-1,-1
325,58,1746,719,131,185,1,-1,-1,-1
325,59,1299,650,141,168,1,-1,-1,-1
325,60,781,659,134,235,1,-1,-1,-1
326,42,1073,467,168,192,1,-1,-1,-1
326,45,1446,625,156,216,1,-1,-1,-1
326,51,1282,511,150,185,1,-1,-1,-1
326,58,1727,716,131,185,1,-1,-1,-1
326,59,1289,645,141,168,1,-1,-1,-1
326,60,773,650,141,247,1,-1,-1,-1
327,42,1064,474,160,183,1,-1,-1,-1
327,45,1438,631,156,216,1,-1,-1,-1
327,51,1265,512,150,185,1,-1,-1,-1
327,58,1708,714,131,185,1,-1,-1,-1
327,59,1277,643,141,168,1,-1,-1,-1
327,60,768,650,141,247,1,-1,-1,-1
328,42,1063,476,160,183,1,-1,-1,-1
328,45,1430,629,156,216,1,-1,-1,-1
328,51,1258,513,150,185,1,-1,-1,-1
328,58,1699,715,131,185,1,-1,-1,-1
328,59,1272,644,141,168,1,-1,-1,-1
328,60,765,650,141,247,1,-1,-1,-1
329,42,1063,476,160,183,1,-1,-1,-1
329,45,1430,629,156,216,1,-1,-1,-1
329,51,1258,513,150,185,1,-1,-1,-1
329,58,1699,715,131,185,1,-1,-1,-1
329,59,1272,644,141,168,1,-1,-1,-1
329,60,765,650,141,247,1,-1,-1,-1
